client_timestamp,x,y,button,state,window
1573113451.855,2096,231,None,Move,development
1573113451.877,2099,237,None,Move,development
1573113451.883,2105,248,None,Move,development
1573113451.891,2113,259,None,Move,development
1573113451.8979998,2121,271,None,Move,development
1573113451.907,2131,282,None,Move,development
1573113451.913,2140,293,None,Move,development
1573113451.918,2150,304,None,Move,development
1573113451.923,2160,315,None,Move,development
1573113451.928,2171,325,None,Move,development
1573113451.934,2181,336,None,Move,development
1573113451.939,2191,348,None,Move,development
1573113451.9429998,2202,358,None,Move,development
1573113451.95,2212,370,None,Move,development
1573113451.958,2223,383,None,Move,development
1573113451.966,2233,395,None,Move,development
1573113451.974,2242,406,None,Move,development
1573113451.982,2249,416,None,Move,development
1573113451.99,2258,427,None,Move,development
1573113451.998,2267,437,None,Move,development
1573113452.004,2276,448,None,Move,development
1573113452.012,2283,458,None,Move,development
1573113452.02,2289,467,None,Move,development
1573113452.028,2296,474,None,Move,development
1573113452.036,2301,479,None,Move,development
1573113452.044,2304,482,None,Move,development
1573113452.052,2308,487,None,Move,development
1573113452.06,2311,490,None,Move,development
1573113452.0679998,2314,492,None,Move,development
1573113452.076,2315,495,None,Move,development
1573113452.084,2316,499,None,Move,development
1573113452.09,2318,503,None,Move,development
1573113452.0979998,2320,507,None,Move,development
1573113452.106,2320,510,None,Move,development
1573113452.1139998,2321,512,None,Move,development
1573113452.1220002,2321,514,None,Move,development
1573113452.13,2321,516,None,Move,development
1573113452.1379998,2322,517,None,Move,development
1573113452.146,2322,518,None,Move,development
1573113983.437,2320,518,None,Move,development
1573113983.467,2269,506,None,Move,development
1573113983.4910002,2259,501,None,Move,development
1573113983.5129998,2258,499,None,Move,development
1573113983.533,2256,499,None,Move,development
1573113983.552,2256,498,None,Move,development
1573113983.572,2254,497,None,Move,development
1573113983.59,2252,496,None,Move,development
1573113983.6079998,2250,493,None,Move,development
1573113983.6260002,2246,487,None,Move,development
1573113983.646,2241,479,None,Move,development
1573113983.665,2238,471,None,Move,development
1573113983.685,2236,463,None,Move,development
1573113983.705,2234,456,None,Move,development
1573113983.726,2232,449,None,Move,development
1573113983.744,2230,447,None,Move,development
1573113983.762,2230,444,None,Move,development
1573113983.805,2229,444,None,Move,development
1573113983.814,2228,444,None,Move,development
1573113983.821,2228,444,None,Move,development
1573113983.8279998,2226,444,None,Move,development
1573113983.835,2224,444,None,Move,development
1573113983.843,2222,444,None,Move,development
1573113983.851,2219,442,None,Move,development
1573113983.8579998,2214,440,None,Move,development
1573113983.865,2208,437,None,Move,development
1573113983.873,2203,434,None,Move,development
1573113983.88,2197,429,None,Move,development
1573113983.887,2190,422,None,Move,development
1573113983.895,2183,413,None,Move,development
1573113983.903,2177,407,None,Move,development
1573113983.9120002,2172,404,None,Move,development
1573113983.919,2169,402,None,Move,development
1573113983.926,2167,399,None,Move,development
1573113983.9329998,2164,396,None,Move,development
1573113983.941,2161,394,None,Move,development
1573113983.948,2159,391,None,Move,development
1573113983.955,2156,389,None,Move,development
1573113983.962,2154,386,None,Move,development
1573113983.969,2152,384,None,Move,development
1573113983.975,2149,381,None,Move,development
1573113983.982,2147,379,None,Move,development
1573113983.9889998,2145,378,None,Move,development
1573113983.996,2143,377,None,Move,development
1573113984.0029998,2141,377,None,Move,development
1573113984.01,2141,376,None,Move,development
1573113984.0170002,2140,376,None,Move,development
1573113984.024,2140,377,None,Move,development
1573113984.031,2139,378,None,Move,development
1573113984.038,2139,379,None,Move,development
1573113984.045,2139,382,None,Move,development
1573113984.052,2139,384,None,Move,development
1573113984.059,2139,386,None,Move,development
1573113984.0670002,2139,387,None,Move,development
1573113984.171,2139,387,Left,Pressed,development
1573113984.3,2139,387,Left,Released,development
1573113984.37,2139,387,Left,Pressed,development
1573113984.488,2139,387,Left,Released,development
1573113984.542,2143,393,None,Move,development
1573113984.55,2162,421,None,Move,development
1573113984.5570002,2180,447,None,Move,development
1573113984.566,2196,469,None,Move,development
1573113984.574,2210,487,None,Move,development
1573113984.582,2222,503,None,Move,development
1573113984.59,2234,517,None,Move,development
1573113984.597,2243,526,None,Move,development
1573113984.606,2249,530,None,Move,development
1573113984.613,2253,532,None,Move,development
1573113984.621,2256,533,None,Move,development
1573113984.629,2258,535,None,Move,development
1573113984.8779998,2259,534,None,Move,development
1573113984.906,2260,534,None,Move,development
1573113984.928,2262,534,None,Move,development
1573113984.947,2263,533,None,Move,development
1573113984.968,2265,533,None,Move,development
1573113984.985,2266,533,None,Move,development
1573113985.0029998,2268,533,None,Move,development
1573113985.021,2270,533,None,Move,development
1573113985.039,2272,533,None,Move,development
1573113985.0570002,2274,533,None,Move,development
1573113985.075,2275,533,None,Move,development
1573113994.7,2272,531,None,Move,development
1573113994.731,2265,526,None,Move,development
1573113994.756,2256,521,None,Move,development
1573113994.7770002,2254,521,None,Move,development
1573113994.7970002,2257,530,None,Move,development
1573113994.816,2267,553,None,Move,development
1573113994.835,2287,591,None,Move,development
1573113994.854,2311,643,None,Move,development
1573113994.873,2339,701,None,Move,development
1573113994.918,2373,765,None,Move,development
1573113994.927,2397,825,None,Move,development
1573113994.9320002,2413,881,None,Move,development
1573113994.937,2427,941,None,Move,development
1573113994.9420002,2447,1005,None,Move,development
1573113994.947,2463,1071,None,Move,development
1573113994.952,2477,1079,None,Move,development
1573113994.957,2493,1079,None,Move,development
1573113994.962,2509,1079,None,Move,development
1573113994.967,2525,1079,None,Move,development
1573113994.972,2541,1079,None,Move,development
1573113994.9770002,2551,1079,None,Move,development
1573113994.982,2565,1079,None,Move,development
1573113994.986,2583,1079,None,Move,development
1573113994.9910002,2597,1079,None,Move,development
1573113994.996,2617,1079,None,Move,development
1573113995.0010002,2643,1079,None,Move,development
1573113995.006,2675,1079,None,Move,development
1573113995.0110002,2701,1079,None,Move,development
1573113995.015,2731,1079,None,Move,development
1573113995.02,2767,1079,None,Move,development
1573113995.025,2803,1079,None,Move,development
1573113995.03,2837,1079,None,Move,development
1573113995.035,2869,1079,None,Move,development
1573113995.039,2893,1079,None,Move,development
1573113995.044,2913,1079,None,Move,development
1573113995.049,2937,1079,None,Move,development
1573113995.054,2961,1079,None,Move,development
1573113995.059,2979,1079,None,Move,development
1573113995.064,2995,1079,None,Move,development
1573113995.069,3011,1079,None,Move,development
1573113995.073,3023,1079,None,Move,development
1573113995.079,3035,1079,None,Move,development
1573113995.083,3045,1079,None,Move,development
1573113995.0879998,3057,1079,None,Move,development
1573113995.093,3069,1079,None,Move,development
1573113995.0979998,3081,1079,None,Move,development
1573113995.103,3091,1079,None,Move,development
1573113995.1079998,3101,1079,None,Move,development
1573113995.113,3109,1079,None,Move,development
1573113995.1179998,3115,1079,None,Move,development
1573113995.123,3121,1079,None,Move,development
1573113995.127,3125,1079,None,Move,development
1573113995.133,3129,1079,None,Move,development
1573113995.139,3135,1079,None,Move,development
1573113995.144,3139,1079,None,Move,development
1573113995.149,3143,1079,None,Move,development
1573113995.154,3147,1079,None,Move,development
1573113995.159,3149,1079,None,Move,development
1573113995.163,3151,1079,None,Move,development
1573113995.168,3151,1079,None,Move,development
1573113995.188,3150,1079,None,Move,development
1573113995.211,3147,1079,None,Move,development
1573113995.229,3141,1079,None,Move,development
1573113995.2489998,3132,1076,None,Move,development
1573113995.269,3121,1073,None,Move,development
1573113995.288,3103,1069,None,Move,development
1573113995.3070002,3082,1066,None,Move,development
1573113995.326,3056,1059,None,Move,development
1573113995.345,3023,1049,None,Move,development
1573113995.3639998,2983,1035,None,Move,development
1573113995.383,2943,1019,None,Move,development
1573113995.4329998,2901,995,None,Move,development
1573113995.441,2855,971,None,Move,development
1573113995.447,2803,943,None,Move,development
1573113995.4529998,2745,911,None,Move,development
1573113995.46,2683,879,None,Move,development
1573113995.465,2617,849,None,Move,development
1573113995.471,2551,815,None,Move,development
1573113995.478,2481,773,None,Move,development
1573113995.482,2411,731,None,Move,development
1573113995.4889998,2339,695,None,Move,development
1573113995.495,2271,671,None,Move,development
1573113995.5,2203,645,None,Move,development
1573113995.508,2139,609,None,Move,development
1573113995.5129998,2081,575,None,Move,development
1573113995.519,2025,547,None,Move,development
1573113995.524,1971,523,None,Move,development
1573113995.529,1925,499,None,Move,development
1573113995.534,1885,477,None,Move,development
1573113995.539,1855,461,None,Move,development
1573113995.544,1831,445,None,Move,development
1573113995.548,1811,431,None,Move,development
1573113995.553,1795,417,None,Move,development
1573113995.5579998,1783,407,None,Move,development
1573113995.563,1779,399,None,Move,development
1573113995.5679998,1777,395,None,Move,development
1573113995.573,1775,391,None,Move,development
1573113995.579,1774,390,None,Move,development
1573113995.583,1774,388,None,Move,development
1573113995.5879998,1774,386,None,Move,development
1573113995.593,1774,384,None,Move,development
1573113995.5979998,1772,383,None,Move,development
1573113995.603,1772,381,None,Move,development
1573113995.6079998,1772,380,None,Move,development
1573113995.613,1771,380,None,Move,development
1573113995.617,1770,379,None,Move,development
1573113995.6220002,1768,378,None,Move,development
1573113995.627,1766,378,None,Move,development
1573113995.6320002,1762,378,None,Move,development
1573113995.637,1757,378,None,Move,development
1573113995.6420002,1752,379,None,Move,development
1573113995.647,1746,381,None,Move,development
1573113995.6520002,1738,383,None,Move,development
1573113995.658,1730,387,None,Move,development
1573113995.6620002,1720,392,None,Move,development
1573113995.667,1710,399,None,Move,development
1573113995.6720002,1700,408,None,Move,development
1573113995.677,1686,418,None,Move,development
1573113995.6820002,1672,429,None,Move,development
1573113995.687,1659,438,None,Move,development
1573113995.6920002,1653,441,None,Move,development
1573113995.697,1651,444,None,Move,development
1573113995.702,1651,446,None,Move,development
1573113995.707,1651,448,None,Move,development
1573113995.711,1652,449,None,Move,development
1573113995.716,1653,451,None,Move,development
1573113995.721,1655,453,None,Move,development
1573113995.726,1656,454,None,Move,development
1573113995.731,1657,455,None,Move,development
1573113995.7429998,1657,456,None,Move,development
1573113995.83,1657,455,None,Move,development
1573113995.8579998,1656,454,None,Move,development
1573113995.881,1655,451,None,Move,development
1573113995.93,1654,446,None,Move,development
1573113995.937,1653,440,None,Move,development
1573113995.9420002,1652,433,None,Move,development
1573113995.947,1650,426,None,Move,development
1573113995.952,1649,417,None,Move,development
1573113995.957,1646,410,None,Move,development
1573113995.9629998,1644,402,None,Move,development
1573113995.967,1641,396,None,Move,development
1573113995.972,1638,388,None,Move,development
1573113995.9770002,1636,379,None,Move,development
1573113995.9829998,1633,371,None,Move,development
1573113995.9870002,1629,363,None,Move,development
1573113995.992,1624,355,None,Move,development
1573113995.998,1618,347,None,Move,development
1573113996.0029998,1613,338,None,Move,development
1573113996.008,1604,329,None,Move,development
1573113996.012,1596,320,None,Move,development
1573113996.018,1589,308,None,Move,development
1573113996.0229998,1582,299,None,Move,development
1573113996.028,1578,288,None,Move,development
1573113996.034,1573,278,None,Move,development
1573113996.04,1568,269,None,Move,development
1573113996.0470002,1562,258,None,Move,development
1573113996.052,1556,247,None,Move,development
1573113996.06,1548,236,None,Move,development
1573113996.065,1540,226,None,Move,development
1573113996.07,1530,216,None,Move,development
1573113996.0779998,1522,208,None,Move,development
1573113996.084,1513,198,None,Move,development
1573113996.091,1505,188,None,Move,development
1573113996.097,1500,180,None,Move,development
1573113996.1020002,1497,174,None,Move,development
1573113996.107,1494,167,None,Move,development
1573113996.115,1491,161,None,Move,development
1573113996.133,1488,157,None,Move,development
1573113996.154,1485,154,None,Move,development
1573113996.174,1482,151,None,Move,development
1573113996.194,1479,148,None,Move,development
1573113996.2129998,1476,147,None,Move,development
1573113996.2329998,1475,144,None,Move,development
1573113996.2529998,1474,142,None,Move,development
1573113996.2729998,1473,139,None,Move,development
1573113996.293,1471,138,None,Move,development
1573113996.312,1471,137,None,Move,development
1573113996.331,1470,136,None,Move,development
1573113996.35,1470,135,None,Move,development
1573113996.369,1469,134,None,Move,development
1573113996.3879998,1469,133,None,Move,development
1573113996.4320002,1468,132,None,Move,development
1573113996.438,1468,131,None,Move,development
1573113996.4429998,1468,130,None,Move,development
1573113996.449,1467,127,None,Move,development
1573113996.454,1467,124,None,Move,development
1573113996.458,1467,122,None,Move,development
1573113996.516,1465,119,None,Move,development
1573113996.5370002,1462,117,None,Move,development
1573113996.5570002,1460,115,None,Move,development
1573113996.5779998,1456,113,None,Move,development
1573113996.597,1453,111,None,Move,development
1573113996.6160002,1450,109,None,Move,development
1573113996.635,1447,107,None,Move,development
1573113996.651,1444,105,None,Move,development
1573113996.668,1441,102,None,Move,development
1573113996.684,1438,101,None,Move,development
1573113996.701,1435,99,None,Move,development
1573113996.72,1433,97,None,Move,development
1573113996.7370002,1431,95,None,Move,development
1573113996.7529998,1429,93,None,Move,development
1573113996.769,1427,91,None,Move,development
1573113996.788,1425,89,None,Move,development
1573113996.804,1423,87,None,Move,development
1573113996.821,1420,86,None,Move,development
1573113996.837,1418,84,None,Move,development
1573113996.853,1415,82,None,Move,development
1573113996.869,1413,80,None,Move,development
1573113996.885,1411,78,None,Move,development
1573113996.9,1409,76,None,Move,development
1573113996.94,1407,74,None,Move,development
1573113996.947,1405,72,None,Move,development
1573113996.9529998,1402,70,None,Move,development
1573113996.96,1399,68,None,Move,development
1573113996.968,1395,66,None,Move,development
1573113996.974,1392,63,None,Move,development
1573113996.9829998,1388,60,None,Move,development
1573113996.99,1384,57,None,Move,development
1573113996.9970002,1381,55,None,Move,development
1573113997.005,1379,53,None,Move,development
1573113997.0110002,1376,51,None,Move,development
1573113997.018,1375,50,None,Move,development
1573113997.025,1374,49,None,Move,development
1573113997.033,1373,47,None,Move,development
1573113997.042,1372,46,None,Move,development
1573113997.05,1371,45,None,Move,development
1573113997.0570002,1370,44,None,Move,development
1573113997.064,1369,42,None,Move,development
1573113997.07,1367,41,None,Move,development
1573113997.077,1366,40,None,Move,development
1573113997.084,1364,39,None,Move,development
1573113997.091,1363,37,None,Move,development
1573113997.0979998,1363,36,None,Move,development
1573113997.909,1366,39,None,Move,development
1573113997.9629998,1376,49,None,Move,development
1573113997.971,1398,65,None,Move,development
1573113997.9770002,1424,81,None,Move,development
1573113997.9829998,1456,103,None,Move,development
1573113997.988,1488,121,None,Move,development
1573113997.9929998,1520,137,None,Move,development
1573113997.998,1552,149,None,Move,development
1573113998.005,1584,161,None,Move,development
1573113998.0110002,1616,173,None,Move,development
1573113998.015,1652,185,None,Move,development
1573113998.02,1690,195,None,Move,development
1573113998.025,1728,205,None,Move,development
1573113998.03,1772,217,None,Move,development
1573113998.038,1816,231,None,Move,development
1573113998.044,1862,247,None,Move,development
1573113998.051,1912,265,None,Move,development
1573113998.061,1958,285,None,Move,development
1573113998.0679998,2002,305,None,Move,development
1573113998.076,2044,321,None,Move,development
1573113998.082,2080,331,None,Move,development
1573113998.087,2112,341,None,Move,development
1573113998.092,2144,351,None,Move,development
1573113998.097,2168,361,None,Move,development
1573113998.1020002,2190,369,None,Move,development
1573113998.107,2206,377,None,Move,development
1573113998.1120002,2220,381,None,Move,development
1573113998.1179998,2232,385,None,Move,development
1573113998.1260002,2242,389,None,Move,development
1573113998.1339998,2250,393,None,Move,development
1573113998.1420002,2254,399,None,Move,development
1573113998.15,2258,403,None,Move,development
1573113998.158,2260,407,None,Move,development
1573113998.21,2260,409,None,Move,development
1573113998.2329998,2262,409,None,Move,development
1573113998.2510002,2265,419,None,Move,development
1573113998.271,2269,427,None,Move,development
1573113998.29,2271,434,None,Move,development
1573113998.309,2274,440,None,Move,development
1573113998.329,2277,447,None,Move,development
1573113998.349,2279,453,None,Move,development
1573113998.369,2283,459,None,Move,development
1573113998.389,2288,465,None,Move,development
1573113998.408,2293,470,None,Move,development
1573113998.428,2298,476,None,Move,development
1573113998.466,2303,482,None,Move,development
1573113998.475,2310,488,None,Move,development
1573113998.481,2317,494,None,Move,development
1573113998.4870002,2324,500,None,Move,development
1573113998.4929998,2333,506,None,Move,development
1573113998.4989998,2343,511,None,Move,development
1573113998.505,2352,515,None,Move,development
1573113998.5110002,2361,518,None,Move,development
1573113998.5170002,2369,522,None,Move,development
1573113998.5229998,2373,525,None,Move,development
1573113998.529,2376,528,None,Move,development
1573113998.535,2379,530,None,Move,development
1573113998.541,2380,532,None,Move,development
1573113998.5470002,2380,533,None,Move,development
1573113998.553,2380,535,None,Move,development
1573113998.559,2378,541,None,Move,development
1573113998.565,2376,547,None,Move,development
1573113998.571,2373,555,None,Move,development
1573113998.577,2370,562,None,Move,development
1573113998.583,2368,569,None,Move,development
1573113998.589,2364,578,None,Move,development
1573113998.595,2361,587,None,Move,development
1573113998.601,2352,597,None,Move,development
1573113998.606,2342,609,None,Move,development
1573113998.613,2332,619,None,Move,development
1573113998.619,2322,627,None,Move,development
1573113998.625,2314,637,None,Move,development
1573113998.631,2309,647,None,Move,development
1573113998.637,2304,657,None,Move,development
1573113998.646,2299,669,None,Move,development
1573113998.6520002,2294,682,None,Move,development
1573113998.658,2286,695,None,Move,development
1573113998.664,2274,712,None,Move,development
1573113998.67,2261,731,None,Move,development
1573113998.677,2247,749,None,Move,development
1573113998.6829998,2234,768,None,Move,development
1573113998.689,2219,785,None,Move,development
1573113998.695,2206,800,None,Move,development
1573113998.701,2195,811,None,Move,development
1573113998.707,2183,823,None,Move,development
1573113998.7129998,2173,834,None,Move,development
1573113998.719,2168,844,None,Move,development
1573113998.725,2164,851,None,Move,development
1573113998.731,2160,857,None,Move,development
1573113998.7370002,2157,864,None,Move,development
1573113998.7429998,2153,871,None,Move,development
1573113998.7489998,2150,878,None,Move,development
1573113998.755,2146,885,None,Move,development
1573113998.7610002,2145,891,None,Move,development
1573113998.7670002,2143,897,None,Move,development
1573113998.772,2140,900,None,Move,development
1573113998.778,2138,903,None,Move,development
1573113998.784,2136,906,None,Move,development
1573113998.79,2135,908,None,Move,development
1573113998.796,2134,909,None,Move,development
1573113998.802,2133,911,None,Move,development
1573113998.8079998,2131,913,None,Move,development
1573113998.814,2129,916,None,Move,development
1573113998.82,2126,922,None,Move,development
1573113998.826,2122,927,None,Move,development
1573113998.832,2120,933,None,Move,development
1573113998.8379998,2116,941,None,Move,development
1573113998.844,2109,951,None,Move,development
1573113998.85,2101,958,None,Move,development
1573113998.856,2094,966,None,Move,development
1573113998.8620002,2086,973,None,Move,development
1573113998.869,2078,978,None,Move,development
1573113998.8739998,2071,982,None,Move,development
1573113998.8820002,2069,985,None,Move,development
1573113998.89,2066,988,None,Move,development
1573113998.8979998,2063,989,None,Move,development
1573113998.906,2062,991,None,Move,development
1573113998.914,2061,992,None,Move,development
1573113998.921,2059,993,None,Move,development
1573113998.9320002,2059,995,None,Move,development
1573113998.956,2057,996,None,Move,development
1573113998.964,2056,998,None,Move,development
1573113998.969,2053,1000,None,Move,development
1573113998.975,2051,1003,None,Move,development
1573113998.98,2049,1005,None,Move,development
1573113998.985,2046,1007,None,Move,development
1573113998.99,2044,1009,None,Move,development
1573113998.996,2041,1011,None,Move,development
1573113999.002,2038,1013,None,Move,development
1573113999.01,2034,1015,None,Move,development
1573113999.019,2028,1017,None,Move,development
1573113999.038,2023,1019,None,Move,development
1573113999.0570002,2018,1021,None,Move,development
1573113999.077,2014,1023,None,Move,development
1573113999.0979998,2011,1025,None,Move,development
1573113999.117,2009,1026,None,Move,development
1573113999.137,2007,1027,None,Move,development
1573113999.156,2005,1028,None,Move,development
1573113999.175,2002,1029,None,Move,development
1573113999.1929998,2001,1029,None,Move,development
1573113999.31,2001,1028,None,Move,development
1573113999.337,2001,1026,None,Move,development
1573113999.359,2002,1025,None,Move,development
1573113999.3779998,2002,1024,None,Move,development
1573113999.396,2003,1022,None,Move,development
1573113999.414,2003,1020,None,Move,development
1573113999.4329998,2004,1019,None,Move,development
1573113999.472,2005,1017,None,Move,development
1573113999.478,2006,1015,None,Move,development
1573113999.4829998,2008,1013,None,Move,development
1573113999.49,2009,1012,None,Move,development
1573113999.495,2010,1010,None,Move,development
1573113999.5010002,2011,1008,None,Move,development
1573113999.506,2012,1007,None,Move,development
1573113999.5110002,2013,1005,None,Move,development
1573113999.5170002,2014,1003,None,Move,development
1573113999.522,2015,1003,None,Move,development
1573113999.5270002,2016,1002,None,Move,development
1573113999.532,2017,1000,None,Move,development
1573113999.5370002,2018,999,None,Move,development
1573113999.6620002,2020,998,None,Move,development
1573113999.684,2021,997,None,Move,development
1573113999.702,2022,996,None,Move,development
1573113999.721,2024,996,None,Move,development
1573113999.74,2025,996,None,Move,development
1573113999.7589998,2026,996,None,Move,development
1573113999.778,2027,996,None,Move,development
1573113999.793,2028,995,None,Move,development
1573113999.802,2029,995,None,Move,development
1573113999.811,2030,995,None,Move,development
1573113999.82,2031,995,None,Move,development
1573113999.829,2033,995,None,Move,development
1573113999.8379998,2034,995,None,Move,development
1573113999.847,2035,995,None,Move,development
1573113999.856,2037,995,None,Move,development
1573113999.8639998,2039,995,None,Move,development
1573113999.873,2041,995,None,Move,development
1573113999.8820002,2043,995,None,Move,development
1573113999.89,2045,995,None,Move,development
1573113999.899,2047,995,None,Move,development
1573113999.908,2048,995,None,Move,development
1573113999.916,2050,995,None,Move,development
1573113999.925,2051,996,None,Move,development
1573113999.934,2052,996,None,Move,development
1573113999.9420002,2053,996,None,Move,development
1573114000.034,2054,997,None,Move,development
1573114000.06,2056,998,None,Move,development
1573114000.081,2057,998,None,Move,development
1573114000.101,2057,999,None,Move,development
1573114000.119,2058,999,None,Move,development
1573114000.3279998,2059,999,None,Move,development
1573114000.356,2059,1000,None,Move,development
1573114000.3779998,2060,1000,None,Move,development
1573114000.3979998,2061,1001,None,Move,development
1573114000.418,2061,1001,None,Move,development
1573114000.436,2062,1002,None,Move,development
1573114000.4889998,2064,1002,None,Move,development
1573114000.496,2065,1002,None,Move,development
1573114000.5,2067,1003,None,Move,development
1573114000.504,2069,1003,None,Move,development
1573114000.508,2070,1003,None,Move,development
1573114000.512,2072,1003,None,Move,development
1573114000.516,2074,1003,None,Move,development
1573114000.52,2076,1002,None,Move,development
1573114000.524,2079,1000,None,Move,development
1573114000.528,2084,998,None,Move,development
1573114000.532,2089,996,None,Move,development
1573114000.536,2095,992,None,Move,development
1573114000.54,2101,988,None,Move,development
1573114000.544,2108,983,None,Move,development
1573114000.5470002,2116,978,None,Move,development
1573114000.552,2123,974,None,Move,development
1573114000.556,2130,969,None,Move,development
1573114000.56,2136,965,None,Move,development
1573114000.564,2141,961,None,Move,development
1573114000.5679998,2146,958,None,Move,development
1573114000.572,2150,955,None,Move,development
1573114000.576,2154,952,None,Move,development
1573114000.58,2157,950,None,Move,development
1573114000.584,2161,947,None,Move,development
1573114000.5879998,2165,944,None,Move,development
1573114000.592,2168,941,None,Move,development
1573114000.596,2171,940,None,Move,development
1573114000.6,2173,938,None,Move,development
1573114000.604,2174,935,None,Move,development
1573114000.6079998,2177,933,None,Move,development
1573114000.6120002,2179,931,None,Move,development
1573114000.62,2181,929,None,Move,development
1573114000.6279998,2183,927,None,Move,development
1573114000.6360002,2185,925,None,Move,development
1573114000.6420002,2187,924,None,Move,development
1573114000.651,2189,922,None,Move,development
1573114000.658,2191,921,None,Move,development
1573114000.666,2192,920,None,Move,development
1573114000.674,2193,919,None,Move,development
1573114009.69,2196,910,None,Move,development
1573114009.714,2206,856,None,Move,development
1573114009.722,2208,792,None,Move,development
1573114009.732,2210,722,None,Move,development
1573114009.7410002,2210,658,None,Move,development
1573114009.75,2212,590,None,Move,development
1573114009.76,2218,526,None,Move,development
1573114009.769,2232,454,None,Move,development
1573114009.778,2246,384,None,Move,development
1573114009.794,2262,320,None,Move,development
1573114009.804,2278,264,None,Move,development
1573114009.813,2302,208,None,Move,development
1573114009.824,2334,146,None,Move,development
1573114009.833,2368,84,None,Move,development
1573114009.843,2396,28,None,Move,development
1573114009.8520002,2422,0,None,Move,development
1573114009.861,2446,0,None,Move,development
1573114009.87,2464,0,None,Move,development
1573114009.879,2484,0,None,Move,development
1573114009.8879998,2502,0,None,Move,development
1573114009.899,2514,0,None,Move,development
1573114009.908,2518,1,None,Move,development
1573114009.918,2520,3,None,Move,development
1573114009.924,2523,11,None,Move,development
1573114009.937,2529,28,None,Move,development
1573114009.9420002,2540,57,None,Move,development
1573114009.95,2556,91,None,Move,development
1573114009.955,2576,127,None,Move,development
1573114009.959,2600,159,None,Move,development
1573114009.965,2626,185,None,Move,development
1573114009.969,2654,207,None,Move,development
1573114009.974,2686,231,None,Move,development
1573114009.978,2728,249,None,Move,development
1573114009.982,2774,261,None,Move,development
1573114009.986,2826,275,None,Move,development
1573114009.99,2874,283,None,Move,development
1573114009.994,2918,285,None,Move,development
1573114009.998,2954,287,None,Move,development
1573114010.002,2982,285,None,Move,development
1573114010.006,2996,281,None,Move,development
1573114010.01,3002,281,None,Move,development
1573114010.014,3004,281,None,Move,development
1573114010.081,3002,281,None,Move,development
1573114010.107,2995,286,None,Move,development
1573114010.129,2985,295,None,Move,development
1573114010.149,2973,308,None,Move,development
1573114010.169,2962,323,None,Move,development
1573114010.189,2951,338,None,Move,development
1573114010.208,2939,349,None,Move,development
1573114010.2270002,2928,360,None,Move,development
1573114010.2470002,2917,371,None,Move,development
1573114010.265,2906,380,None,Move,development
1573114010.284,2895,387,None,Move,development
1573114010.302,2885,393,None,Move,development
1573114010.322,2874,398,None,Move,development
1573114010.341,2864,401,None,Move,development
1573114010.36,2852,405,None,Move,development
1573114010.379,2842,410,None,Move,development
1573114010.397,2832,413,None,Move,development
1573114010.415,2822,416,None,Move,development
1573114010.4329998,2818,418,None,Move,development
1573114010.452,2813,419,None,Move,development
1573114010.472,2810,419,None,Move,development
1573114010.4910002,2808,419,None,Move,development
1573114010.5110002,2805,421,None,Move,development
1573114010.559,2804,422,None,Move,development
1573114010.5670002,2801,423,None,Move,development
1573114010.573,2799,425,None,Move,development
1573114010.579,2797,427,None,Move,development
1573114010.585,2795,429,None,Move,development
1573114010.591,2793,431,None,Move,development
1573114010.597,2791,432,None,Move,development
1573114010.603,2789,434,None,Move,development
1573114010.609,2788,435,None,Move,development
1573114010.615,2787,435,None,Move,development
1573114010.621,2788,435,None,Move,development
1573114010.627,2790,434,None,Move,development
1573114010.633,2791,433,None,Move,development
1573114010.639,2791,432,None,Move,development
1573114010.645,2792,430,None,Move,development
1573114010.651,2792,428,None,Move,development
1573114010.657,2793,426,None,Move,development
1573114010.6620002,2794,424,None,Move,development
1573114010.669,2794,422,None,Move,development
1573114010.676,2794,420,None,Move,development
1573114010.6829998,2794,418,None,Move,development
1573114010.701,2795,416,None,Move,development
1573114010.708,2795,414,None,Move,development
1573114010.716,2795,413,None,Move,development
1573114010.722,2795,412,None,Move,development
1573114010.728,2795,411,None,Move,development
1573114010.7329998,2796,410,None,Move,development
1573114010.7389998,2796,408,None,Move,development
1573114010.745,2796,407,None,Move,development
1573114010.7510002,2796,406,None,Move,development
1573114010.7570002,2796,406,Left,Pressed,development
1573114010.7970002,2796,406,Left,Released,development
1573114010.8720002,2796,406,Left,Pressed,development
1573114011.018,2796,406,Left,Released,development
1573114011.587,2795,406,None,Move,development
1573114011.604,2791,408,None,Move,development
1573114011.613,2788,410,None,Move,development
1573114011.6179998,2783,412,None,Move,development
1573114011.623,2780,414,None,Move,development
1573114011.629,2777,417,None,Move,development
1573114011.635,2774,419,None,Move,development
1573114011.6420002,2772,420,None,Move,development
1573114011.65,2770,420,None,Move,development
1573114011.663,2769,420,None,Move,development
1573114011.706,2768,421,None,Move,development
1573114011.728,2766,422,None,Move,development
1573114011.75,2763,424,None,Move,development
1573114011.769,2758,425,None,Move,development
1573114011.789,2752,427,None,Move,development
1573114011.806,2745,428,None,Move,development
1573114011.8179998,2738,430,None,Move,development
1573114011.83,2729,430,None,Move,development
1573114011.843,2717,431,None,Move,development
1573114011.855,2702,431,None,Move,development
1573114011.867,2682,431,None,Move,development
1573114011.879,2655,429,None,Move,development
1573114011.8920002,2622,426,None,Move,development
1573114011.904,2586,426,None,Move,development
1573114011.916,2550,430,None,Move,development
1573114011.928,2512,434,None,Move,development
1573114011.941,2472,438,None,Move,development
1573114011.955,2430,442,None,Move,development
1573114011.969,2390,442,None,Move,development
1573114011.982,2342,440,None,Move,development
1573114011.995,2292,436,None,Move,development
1573114012.0070002,2240,434,None,Move,development
1573114012.02,2186,426,None,Move,development
1573114012.032,2132,416,None,Move,development
1573114012.044,2076,414,None,Move,development
1573114012.0779998,2022,414,None,Move,development
1573114012.085,1972,412,None,Move,development
1573114012.093,1920,410,None,Move,development
1573114012.101,1870,406,None,Move,development
1573114012.1079998,1824,402,None,Move,development
1573114012.1160002,1780,402,None,Move,development
1573114012.123,1736,400,None,Move,development
1573114012.133,1690,396,None,Move,development
1573114012.141,1650,396,None,Move,development
1573114012.151,1622,392,None,Move,development
1573114012.159,1604,388,None,Move,development
1573114012.169,1596,384,None,Move,development
1573114012.176,1592,384,None,Move,development
1573114012.186,1588,385,None,Move,development
1573114012.194,1587,387,None,Move,development
1573114012.202,1587,388,None,Move,development
1573114012.209,1585,390,None,Move,development
1573114012.217,1583,391,None,Move,development
1573114012.224,1581,391,None,Move,development
1573114012.232,1576,391,None,Move,development
1573114012.2389998,1569,389,None,Move,development
1573114012.2470002,1561,387,None,Move,development
1573114012.255,1550,384,None,Move,development
1573114012.2629998,1539,380,None,Move,development
1573114012.27,1528,376,None,Move,development
1573114012.2770002,1517,370,None,Move,development
1573114012.285,1505,364,None,Move,development
1573114012.292,1495,358,None,Move,development
1573114012.299,1485,350,None,Move,development
1573114012.3070002,1476,344,None,Move,development
1573114012.315,1467,338,None,Move,development
1573114012.322,1457,333,None,Move,development
1573114012.329,1447,328,None,Move,development
1573114012.337,1437,324,None,Move,development
1573114012.344,1423,327,None,Move,development
1573114012.3520002,1405,337,None,Move,development
1573114012.36,1377,345,None,Move,development
1573114012.367,1343,349,None,Move,development
1573114012.375,1301,345,None,Move,development
1573114012.383,1269,331,None,Move,development
1573114012.389,1241,315,None,Move,development
1573114012.397,1221,301,None,Move,development
1573114012.404,1207,285,None,Move,development
1573114012.4120002,1195,267,None,Move,development
1573114012.419,1183,253,None,Move,development
1573114012.426,1171,239,None,Move,development
1573114012.4329998,1157,227,None,Move,development
1573114012.441,1143,215,None,Move,development
1573114012.449,1131,203,None,Move,development
1573114012.456,1119,193,None,Move,development
1573114012.4629998,1107,181,None,Move,development
1573114012.47,1097,171,None,Move,development
1573114012.478,1085,159,None,Move,development
1573114012.485,1073,147,None,Move,development
1573114012.492,1061,135,None,Move,development
1573114012.4989998,1052,124,None,Move,development
1573114012.506,1041,113,None,Move,development
1573114012.514,1034,105,None,Move,development
1573114012.521,1029,98,None,Move,development
1573114012.529,1025,93,None,Move,development
1573114012.536,1022,88,None,Move,development
1573114012.543,1019,83,None,Move,development
1573114012.55,1016,79,None,Move,development
1573114012.57,1013,76,None,Move,development
1573114012.5779998,1010,71,None,Move,development
1573114012.585,1007,69,None,Move,development
1573114012.592,1005,65,None,Move,development
1573114012.599,1003,62,None,Move,development
1573114012.607,1001,57,None,Move,development
1573114012.6139998,999,54,None,Move,development
1573114012.621,996,48,None,Move,development
1573114012.6279998,993,42,None,Move,development
1573114012.635,988,35,None,Move,development
1573114012.6420002,983,29,None,Move,development
1573114012.65,977,22,None,Move,development
1573114012.657,971,14,None,Move,development
1573114012.664,968,9,None,Move,development
1573114012.671,966,6,None,Move,development
1573114012.678,963,3,None,Move,development
1573114012.685,961,1,None,Move,development
1573114012.6920002,958,0,None,Move,development
1573114012.699,957,0,None,Move,development
1573114012.706,956,0,None,Move,development
1573114012.7129998,956,0,None,Move,development
1573114012.72,955,0,None,Move,development
1573114012.7270002,954,0,None,Move,development
1573114012.7370002,953,0,None,Move,development
1573114012.745,951,0,None,Move,development
1573114012.752,949,0,None,Move,development
1573114012.76,947,0,None,Move,development
1573114012.766,944,0,None,Move,development
1573114012.7729998,939,0,None,Move,development
1573114012.781,936,0,None,Move,development
1573114012.788,933,0,None,Move,development
1573114012.796,930,0,None,Move,development
1573114012.803,928,0,None,Move,development
1573114012.81,927,0,None,Move,development
1573114013.186,928,0,None,Move,development
1573114013.209,929,0,None,Move,development
1573114013.23,930,0,None,Move,development
1573114013.2489998,931,0,None,Move,development
1573114013.495,931,0,Left,Pressed,development
1573114013.701,931,0,Left,Released,development
1573114015.143,931,0,Left,Pressed,development
1573114015.35,931,0,Left,Released,development
1573114015.508,932,0,None,Move,development
1573114015.536,963,10,None,Move,development
1573114015.559,1001,26,None,Move,development
1573114015.583,1041,40,None,Move,development
1573114015.611,1083,54,None,Move,development
1573114015.647,1129,66,None,Move,development
1573114015.656,1179,78,None,Move,development
1573114015.663,1237,92,None,Move,development
1573114015.668,1301,114,None,Move,development
1573114015.677,1369,140,None,Move,development
1573114015.6820002,1439,164,None,Move,development
1573114015.687,1509,178,None,Move,development
1573114015.6920002,1575,188,None,Move,development
1573114015.698,1643,202,None,Move,development
1573114015.702,1707,214,None,Move,development
1573114015.707,1773,228,None,Move,development
1573114015.712,1833,246,None,Move,development
1573114015.717,1889,262,None,Move,development
1573114015.722,1943,278,None,Move,development
1573114015.7270002,1995,296,None,Move,development
1573114015.732,2045,310,None,Move,development
1573114015.736,2083,318,None,Move,development
1573114015.7410002,2115,322,None,Move,development
1573114015.746,2143,326,None,Move,development
1573114015.7510002,2169,332,None,Move,development
1573114015.756,2191,340,None,Move,development
1573114015.76,2209,346,None,Move,development
1573114015.765,2225,350,None,Move,development
1573114015.769,2237,354,None,Move,development
1573114015.774,2243,356,None,Move,development
1573114015.779,2247,356,None,Move,development
1573114015.914,2248,355,None,Move,development
1573114015.941,2248,354,None,Move,development
1573114015.962,2254,353,None,Move,development
1573114015.98,2261,353,None,Move,development
1573114016.0,2270,351,None,Move,development
1573114016.018,2278,351,None,Move,development
1573114016.0370002,2286,351,None,Move,development
1573114016.0570002,2295,353,None,Move,development
1573114016.076,2305,356,None,Move,development
1573114016.095,2315,359,None,Move,development
1573114016.1139998,2326,362,None,Move,development
1573114016.1620002,2334,366,None,Move,development
1573114016.168,2343,369,None,Move,development
1573114016.1720002,2350,372,None,Move,development
1573114016.177,2358,378,None,Move,development
1573114016.185,2365,385,None,Move,development
1573114016.19,2372,392,None,Move,development
1573114016.195,2381,403,None,Move,development
1573114016.199,2390,415,None,Move,development
1573114016.204,2400,427,None,Move,development
1573114016.209,2408,442,None,Move,development
1573114016.214,2416,455,None,Move,development
1573114016.219,2422,467,None,Move,development
1573114016.224,2427,480,None,Move,development
1573114016.228,2430,492,None,Move,development
1573114016.2329998,2434,502,None,Move,development
1573114016.238,2435,511,None,Move,development
1573114016.242,2437,521,None,Move,development
1573114016.2470002,2437,529,None,Move,development
1573114016.252,2438,534,None,Move,development
1573114016.2570002,2438,542,None,Move,development
1573114016.2610002,2440,546,None,Move,development
1573114016.266,2440,549,None,Move,development
1573114016.271,2441,551,None,Move,development
1573114016.275,2441,552,None,Move,development
1573114016.28,2441,553,None,Move,development
1573114099.95,2443,552,None,Move,development
1573114099.988,2486,521,None,Move,development
1573114100.0010002,2540,483,None,Move,development
1573114100.012,2592,449,None,Move,development
1573114100.024,2646,413,None,Move,development
1573114100.035,2694,379,None,Move,development
1573114100.046,2734,351,None,Move,development
1573114100.0579998,2770,329,None,Move,development
1573114100.07,2802,311,None,Move,development
1573114100.082,2834,295,None,Move,development
1573114100.093,2866,279,None,Move,development
1573114100.106,2890,267,None,Move,development
1573114100.1179998,2914,257,None,Move,development
1573114100.13,2936,255,None,Move,development
1573114100.1420002,2952,255,None,Move,development
1573114100.154,2964,259,None,Move,development
1573114100.166,2974,263,None,Move,development
1573114100.178,2984,267,None,Move,development
1573114100.19,2994,271,None,Move,development
1573114100.202,3000,275,None,Move,development
1573114100.214,3004,278,None,Move,development
1573114100.226,3005,279,None,Move,development
1573114105.514,3004,283,None,Move,development
1573114105.53,2997,297,None,Move,development
1573114105.541,2985,321,None,Move,development
1573114105.554,2969,345,None,Move,development
1573114105.566,2953,375,None,Move,development
1573114105.576,2939,405,None,Move,development
1573114105.587,2923,433,None,Move,development
1573114105.6179998,2909,457,None,Move,development
1573114105.629,2897,481,None,Move,development
1573114105.6379998,2885,505,None,Move,development
1573114105.646,2875,527,None,Move,development
1573114105.655,2865,549,None,Move,development
1573114105.664,2853,575,None,Move,development
1573114105.673,2839,605,None,Move,development
1573114105.6820002,2823,635,None,Move,development
1573114105.69,2805,667,None,Move,development
1573114105.698,2789,695,None,Move,development
1573114105.707,2773,721,None,Move,development
1573114105.716,2761,745,None,Move,development
1573114105.726,2749,767,None,Move,development
1573114105.734,2743,791,None,Move,development
1573114105.7429998,2741,815,None,Move,development
1573114105.752,2739,841,None,Move,development
1573114105.7610002,2741,869,None,Move,development
1573114105.769,2745,899,None,Move,development
1573114105.7770002,2745,931,None,Move,development
1573114105.786,2745,963,None,Move,development
1573114105.794,2739,995,None,Move,development
1573114105.802,2735,1027,None,Move,development
1573114105.81,2729,1065,None,Move,development
1573114105.819,2721,1079,None,Move,development
1573114105.8279998,2709,1079,None,Move,development
1573114105.836,2701,1079,None,Move,development
1573114105.845,2697,1079,None,Move,development
1573114105.853,2691,1079,None,Move,development
1573114105.8620002,2683,1079,None,Move,development
1573114105.87,2671,1079,None,Move,development
1573114105.8779998,2657,1079,None,Move,development
1573114105.889,2645,1079,None,Move,development
1573114105.8979998,2629,1079,None,Move,development
1573114105.907,2613,1079,None,Move,development
1573114105.913,2597,1079,None,Move,development
1573114105.919,2577,1079,None,Move,development
1573114105.924,2555,1079,None,Move,development
1573114105.929,2525,1079,None,Move,development
1573114105.934,2493,1079,None,Move,development
1573114105.938,2463,1079,None,Move,development
1573114105.9420002,2437,1079,None,Move,development
1573114105.947,2407,1079,None,Move,development
1573114105.951,2381,1079,None,Move,development
1573114105.957,2357,1079,None,Move,development
1573114105.961,2337,1079,None,Move,development
1573114105.965,2319,1079,None,Move,development
1573114105.97,2303,1075,None,Move,development
1573114105.975,2289,1071,None,Move,development
1573114105.98,2277,1067,None,Move,development
1573114105.984,2265,1061,None,Move,development
1573114105.99,2255,1053,None,Move,development
1573114105.994,2248,1044,None,Move,development
1573114105.998,2244,1036,None,Move,development
1573114106.002,2239,1026,None,Move,development
1573114106.008,2236,1016,None,Move,development
1573114106.0129998,2232,1003,None,Move,development
1573114106.018,2227,991,None,Move,development
1573114106.022,2223,974,None,Move,development
1573114106.0270002,2220,957,None,Move,development
1573114106.031,2217,937,None,Move,development
1573114106.036,2213,915,None,Move,development
1573114106.044,2211,893,None,Move,development
1573114106.053,2211,869,None,Move,development
1573114106.072,2215,844,None,Move,development
1573114106.092,2219,820,None,Move,development
1573114106.137,2221,796,None,Move,development
1573114106.144,2225,774,None,Move,development
1573114106.151,2229,754,None,Move,development
1573114106.159,2233,736,None,Move,development
1573114106.165,2237,718,None,Move,development
1573114106.171,2243,702,None,Move,development
1573114106.177,2249,682,None,Move,development
1573114106.1829998,2255,666,None,Move,development
1573114106.189,2261,652,None,Move,development
1573114106.195,2267,640,None,Move,development
1573114106.201,2271,636,None,Move,development
1573114106.228,2273,634,None,Move,development
1573114106.248,2280,626,None,Move,development
1573114106.266,2291,620,None,Move,development
1573114106.285,2301,612,None,Move,development
1573114106.303,2311,606,None,Move,development
1573114106.321,2321,601,None,Move,development
1573114106.34,2329,596,None,Move,development
1573114106.36,2337,593,None,Move,development
1573114106.379,2346,591,None,Move,development
1573114106.397,2353,590,None,Move,development
1573114106.417,2361,591,None,Move,development
1573114106.435,2371,595,None,Move,development
1573114106.455,2380,598,None,Move,development
1573114106.475,2393,602,None,Move,development
1573114106.4929998,2405,609,None,Move,development
1573114106.512,2418,612,None,Move,development
1573114106.532,2432,616,None,Move,development
1573114106.55,2446,626,None,Move,development
1573114106.5679998,2459,635,None,Move,development
1573114106.585,2471,645,None,Move,development
1573114106.601,2483,655,None,Move,development
1573114106.6420002,2495,666,None,Move,development
1573114106.649,2508,676,None,Move,development
1573114106.656,2520,687,None,Move,development
1573114106.6620002,2533,698,None,Move,development
1573114106.669,2544,708,None,Move,development
1573114106.676,2554,719,None,Move,development
1573114106.6820002,2565,728,None,Move,development
1573114106.689,2576,737,None,Move,development
1573114106.696,2583,748,None,Move,development
1573114106.7029998,2591,753,None,Move,development
1573114106.71,2596,759,None,Move,development
1573114106.717,2599,762,None,Move,development
1573114106.725,2602,765,None,Move,development
1573114106.732,2604,769,None,Move,development
1573114106.74,2605,772,None,Move,development
1573114106.7470002,2607,772,None,Move,development
1573114106.754,2607,773,None,Move,development
1573114106.957,2608,769,None,Move,development
1573114106.981,2611,744,None,Move,development
1573114107.0,2615,708,None,Move,development
1573114107.02,2617,672,None,Move,development
1573114107.039,2617,636,None,Move,development
1573114107.056,2621,594,None,Move,development
1573114107.073,2625,548,None,Move,development
1573114107.093,2629,498,None,Move,development
1573114107.11,2643,442,None,Move,development
1573114107.1420002,2659,388,None,Move,development
1573114107.149,2669,334,None,Move,development
1573114107.156,2679,278,None,Move,development
1573114107.163,2695,220,None,Move,development
1573114107.1720002,2719,156,None,Move,development
1573114107.179,2745,98,None,Move,development
1573114107.186,2769,40,None,Move,development
1573114107.1929998,2787,0,None,Move,development
1573114107.201,2803,0,None,Move,development
1573114107.208,2815,0,None,Move,development
1573114107.217,2823,0,None,Move,development
1573114107.226,2835,0,None,Move,development
1573114107.2329998,2849,0,None,Move,development
1573114107.24,2859,0,None,Move,development
1573114107.248,2861,0,None,Move,development
1573114107.262,2861,0,None,Move,development
1573114107.2729998,2855,0,None,Move,development
1573114107.281,2847,0,None,Move,development
1573114107.29,2843,0,None,Move,development
1573114107.2970002,2840,0,None,Move,development
1573114107.304,2838,0,None,Move,development
1573114107.311,2835,2,None,Move,development
1573114107.319,2826,11,None,Move,development
1573114107.326,2815,26,None,Move,development
1573114107.333,2799,50,None,Move,development
1573114107.34,2783,76,None,Move,development
1573114107.347,2765,106,None,Move,development
1573114107.354,2741,138,None,Move,development
1573114107.361,2717,170,None,Move,development
1573114107.367,2693,200,None,Move,development
1573114107.3739998,2671,228,None,Move,development
1573114107.381,2651,252,None,Move,development
1573114107.387,2633,272,None,Move,development
1573114107.395,2621,290,None,Move,development
1573114107.401,2611,304,None,Move,development
1573114107.409,2601,316,None,Move,development
1573114107.416,2593,328,None,Move,development
1573114107.425,2587,334,None,Move,development
1573114107.4329998,2583,338,None,Move,development
1573114107.439,2579,342,None,Move,development
1573114107.445,2577,346,None,Move,development
1573114107.449,2574,350,None,Move,development
1573114107.454,2571,350,None,Move,development
1573114107.459,2571,352,None,Move,development
1573114107.4629998,2569,354,None,Move,development
1573114107.468,2567,356,None,Move,development
1573114107.472,2565,358,None,Move,development
1573114107.4770002,2563,360,None,Move,development
1573114107.481,2561,363,None,Move,development
1573114107.485,2559,366,None,Move,development
1573114107.49,2556,370,None,Move,development
1573114107.495,2552,375,None,Move,development
1573114107.5,2547,382,None,Move,development
1573114107.504,2539,389,None,Move,development
1573114107.508,2532,397,None,Move,development
1573114107.512,2524,404,None,Move,development
1573114107.516,2516,412,None,Move,development
1573114107.521,2507,421,None,Move,development
1573114107.525,2498,429,None,Move,development
1573114107.529,2489,439,None,Move,development
1573114107.533,2481,450,None,Move,development
1573114107.538,2471,462,None,Move,development
1573114107.543,2460,473,None,Move,development
1573114107.548,2448,481,None,Move,development
1573114107.552,2438,490,None,Move,development
1573114107.556,2428,500,None,Move,development
1573114107.56,2417,511,None,Move,development
1573114107.565,2405,522,None,Move,development
1573114107.569,2394,532,None,Move,development
1573114107.573,2383,543,None,Move,development
1573114107.577,2372,550,None,Move,development
1573114107.582,2363,558,None,Move,development
1573114107.59,2358,565,None,Move,development
1573114107.5979998,2351,570,None,Move,development
1573114107.606,2346,573,None,Move,development
1573114107.6520002,2343,576,None,Move,development
1573114107.659,2340,579,None,Move,development
1573114107.665,2337,581,None,Move,development
1573114107.6720002,2336,581,None,Move,development
1573114107.68,2336,582,None,Move,development
1573114108.1339998,2335,580,None,Move,development
1573114108.146,2334,576,None,Move,development
1573114108.153,2335,568,None,Move,development
1573114108.16,2338,558,None,Move,development
1573114108.167,2343,547,None,Move,development
1573114108.174,2353,532,None,Move,development
1573114108.1820002,2363,517,None,Move,development
1573114108.19,2371,502,None,Move,development
1573114108.198,2380,488,None,Move,development
1573114108.206,2388,474,None,Move,development
1573114108.212,2395,460,None,Move,development
1573114108.22,2404,449,None,Move,development
1573114108.228,2413,439,None,Move,development
1573114108.236,2420,428,None,Move,development
1573114108.244,2429,419,None,Move,development
1573114108.252,2438,409,None,Move,development
1573114108.26,2447,398,None,Move,development
1573114108.268,2455,387,None,Move,development
1573114108.276,2464,377,None,Move,development
1573114108.284,2473,366,None,Move,development
1573114108.292,2484,356,None,Move,development
1573114108.299,2492,345,None,Move,development
1573114108.306,2503,335,None,Move,development
1573114108.314,2513,325,None,Move,development
1573114108.322,2521,315,None,Move,development
1573114108.33,2530,305,None,Move,development
1573114108.3379998,2538,295,None,Move,development
1573114108.346,2544,285,None,Move,development
1573114108.363,2551,277,None,Move,development
1573114108.38,2558,268,None,Move,development
1573114108.397,2563,260,None,Move,development
1573114108.413,2567,257,None,Move,development
1573114108.429,2570,251,None,Move,development
1573114108.445,2574,248,None,Move,development
1573114108.461,2577,243,None,Move,development
1573114108.4770002,2579,240,None,Move,development
1573114108.502,2582,237,None,Move,development
1573114108.52,2585,235,None,Move,development
1573114108.5370002,2587,232,None,Move,development
1573114108.553,2590,230,None,Move,development
1573114108.569,2593,227,None,Move,development
1573114108.584,2598,225,None,Move,development
1573114108.601,2601,223,None,Move,development
1573114108.6160002,2605,221,None,Move,development
1573114108.66,2610,219,None,Move,development
1573114108.667,2613,216,None,Move,development
1573114108.673,2616,214,None,Move,development
1573114108.6820002,2620,212,None,Move,development
1573114108.689,2622,210,None,Move,development
1573114108.696,2624,209,None,Move,development
1573114108.7029998,2625,208,None,Move,development
1573114108.71,2626,207,None,Move,development
1573114108.718,2627,207,None,Move,development
1573114108.725,2627,206,None,Move,development
1573114108.738,2628,207,None,Move,development
1573114108.748,2629,208,None,Move,development
1573114108.923,2629,209,None,Move,development
1573114108.945,2629,209,None,Move,development
1573114108.965,2629,210,None,Move,development
1573114108.985,2629,211,None,Move,development
1573114109.004,2629,211,None,Move,development
1573114109.024,2629,212,None,Move,development
1573114109.044,2630,213,None,Move,development
1573114109.063,2630,214,None,Move,development
1573114109.082,2630,215,None,Move,development
1573114109.101,2630,216,None,Move,development
1573114109.12,2630,217,None,Move,development
1573114109.176,2630,218,None,Move,development
1573114109.1820002,2630,219,None,Move,development
1573114109.187,2630,220,None,Move,development
1573114109.383,2630,221,Left,Pressed,development
1573114109.383,2630,221,None,Drag,development
1573114109.407,2630,223,None,Drag,development
1573114109.445,2632,227,None,Drag,development
1573114109.466,2634,233,None,Drag,development
1573114109.4870002,2636,239,None,Drag,development
1573114109.528,2637,245,None,Drag,development
1573114109.569,2638,252,None,Drag,development
1573114109.606,2639,258,None,Drag,development
1573114109.6239998,2639,266,None,Drag,development
1573114109.64,2638,274,None,Drag,development
1573114109.66,2637,283,None,Drag,development
1573114109.689,2635,291,None,Drag,development
1573114109.701,2633,301,None,Drag,development
1573114109.717,2633,312,None,Drag,development
1573114109.758,2633,320,None,Drag,development
1573114109.7770002,2635,329,None,Drag,development
1573114109.7970002,2635,342,None,Drag,development
1573114109.814,2635,353,None,Drag,development
1573114109.822,2635,366,None,Drag,development
1573114109.827,2635,378,None,Drag,development
1573114109.833,2635,387,None,Drag,development
1573114109.839,2635,397,None,Drag,development
1573114109.844,2635,407,None,Drag,development
1573114109.8479998,2635,418,None,Drag,development
1573114109.853,2635,430,None,Drag,development
1573114109.857,2631,443,None,Drag,development
1573114109.8620002,2628,456,None,Drag,development
1573114109.8660002,2625,468,None,Drag,development
1573114109.871,2622,478,None,Drag,development
1573114109.875,2619,487,None,Drag,development
1573114109.88,2616,497,None,Drag,development
1573114109.8839998,2613,504,None,Drag,development
1573114109.8879998,2611,509,None,Drag,development
1573114109.893,2611,513,None,Drag,development
1573114109.897,2610,517,None,Drag,development
1573114109.9020002,2608,520,None,Drag,development
1573114109.907,2607,525,None,Drag,development
1573114109.911,2606,531,None,Drag,development
1573114109.915,2604,535,None,Drag,development
1573114109.919,2603,541,None,Drag,development
1573114109.924,2602,549,None,Drag,development
1573114109.928,2600,556,None,Drag,development
1573114109.9329998,2599,561,None,Drag,development
1573114109.937,2598,567,None,Drag,development
1573114109.9420002,2597,571,None,Drag,development
1573114109.947,2596,573,None,Drag,development
1573114109.951,2595,575,None,Drag,development
1573114109.956,2595,577,None,Drag,development
1573114109.96,2595,578,None,Drag,development
1573114109.96,2595,578,Left,Released,development
1573114110.205,2592,577,None,Move,development
1573114110.232,2587,573,None,Move,development
1573114110.258,2578,564,None,Move,development
1573114110.28,2568,554,None,Move,development
1573114110.299,2558,544,None,Move,development
1573114110.335,2548,530,None,Move,development
1573114110.341,2538,515,None,Move,development
1573114110.347,2527,499,None,Move,development
1573114110.353,2516,484,None,Move,development
1573114110.359,2509,470,None,Move,development
1573114110.365,2502,459,None,Move,development
1573114110.37,2496,448,None,Move,development
1573114110.375,2491,439,None,Move,development
1573114110.381,2488,432,None,Move,development
1573114110.3860002,2484,427,None,Move,development
1573114110.3920002,2483,424,None,Move,development
1573114110.397,2483,419,None,Move,development
1573114110.4020002,2483,415,None,Move,development
1573114110.408,2483,412,None,Move,development
1573114110.413,2483,409,None,Move,development
1573114110.419,2483,407,None,Move,development
1573114110.423,2483,404,None,Move,development
1573114110.428,2483,403,None,Move,development
1573114110.4329998,2483,401,None,Move,development
1573114110.439,2483,399,None,Move,development
1573114110.444,2483,398,None,Move,development
1573114110.972,2483,394,None,Move,development
1573114110.99,2483,388,None,Move,development
1573114111.008,2483,381,None,Move,development
1573114111.028,2484,374,None,Move,development
1573114111.045,2487,368,None,Move,development
1573114111.061,2488,359,None,Move,development
1573114111.079,2490,353,None,Move,development
1573114111.0979998,2491,347,None,Move,development
1573114111.117,2491,341,None,Move,development
1573114111.1360002,2492,335,None,Move,development
1573114111.154,2492,330,None,Move,development
1573114111.1720002,2492,324,None,Move,development
1573114111.1920002,2492,319,None,Move,development
1573114111.212,2492,314,None,Move,development
1573114111.232,2493,309,None,Move,development
1573114111.2510002,2494,304,None,Move,development
1573114111.27,2495,298,None,Move,development
1573114111.289,2497,291,None,Move,development
1573114111.31,2499,286,None,Move,development
1573114111.346,2502,279,None,Move,development
1573114111.355,2505,274,None,Move,development
1573114111.3620002,2507,269,None,Move,development
1573114111.37,2510,265,None,Move,development
1573114111.377,2512,262,None,Move,development
1573114111.383,2515,257,None,Move,development
1573114111.389,2517,253,None,Move,development
1573114111.395,2519,251,None,Move,development
1573114111.403,2522,248,None,Move,development
1573114111.409,2524,246,None,Move,development
1573114111.416,2526,244,None,Move,development
1573114111.423,2527,242,None,Move,development
1573114111.429,2529,240,None,Move,development
1573114111.435,2531,237,None,Move,development
1573114111.441,2533,235,None,Move,development
1573114111.447,2534,234,None,Move,development
1573114111.454,2535,233,None,Move,development
1573114111.46,2535,232,None,Move,development
1573114111.468,2536,231,None,Move,development
1573114111.474,2538,229,None,Move,development
1573114111.481,2539,227,None,Move,development
1573114111.4870002,2540,225,None,Move,development
1573114111.4929998,2542,223,None,Move,development
1573114111.4989998,2543,222,None,Move,development
1573114111.505,2545,220,None,Move,development
1573114111.5110002,2547,218,None,Move,development
1573114111.518,2549,216,None,Move,development
1573114111.524,2551,214,None,Move,development
1573114111.53,2553,212,None,Move,development
1573114111.536,2555,209,None,Move,development
1573114111.542,2557,206,None,Move,development
1573114111.549,2559,202,None,Move,development
1573114111.555,2561,199,None,Move,development
1573114111.561,2563,196,None,Move,development
1573114111.5670002,2565,193,None,Move,development
1573114111.573,2567,191,None,Move,development
1573114111.58,2568,189,None,Move,development
1573114111.586,2569,187,None,Move,development
1573114111.592,2570,185,None,Move,development
1573114111.599,2571,183,None,Move,development
1573114111.605,2571,181,None,Move,development
1573114111.611,2571,179,None,Move,development
1573114111.617,2571,178,None,Move,development
1573114111.623,2571,177,None,Move,development
1573114111.629,2571,176,None,Move,development
1573114111.635,2571,175,None,Move,development
1573114111.641,2571,174,None,Move,development
1573114111.647,2571,172,None,Move,development
1573114111.654,2571,170,None,Move,development
1573114111.66,2571,168,None,Move,development
1573114111.666,2570,166,None,Move,development
1573114111.673,2570,164,None,Move,development
1573114111.679,2569,162,None,Move,development
1573114111.685,2568,160,None,Move,development
1573114111.691,2568,159,None,Move,development
1573114111.697,2567,158,None,Move,development
1573114111.7029998,2567,156,None,Move,development
1573114111.709,2566,155,None,Move,development
1573114111.715,2566,154,None,Move,development
1573114111.722,2565,154,None,Move,development
1573114111.728,2564,152,None,Move,development
1573114111.735,2562,151,None,Move,development
1573114111.7410002,2560,150,None,Move,development
1573114111.7470002,2558,148,None,Move,development
1573114111.7529998,2556,146,None,Move,development
1573114111.758,2552,144,None,Move,development
1573114111.764,2547,142,None,Move,development
1573114111.77,2542,140,None,Move,development
1573114111.776,2537,138,None,Move,development
1573114111.782,2531,136,None,Move,development
1573114111.788,2526,134,None,Move,development
1573114111.794,2523,132,None,Move,development
1573114111.799,2521,130,None,Move,development
1573114111.805,2519,129,None,Move,development
1573114111.811,2518,128,None,Move,development
1573114111.8170002,2518,127,None,Move,development
1573114111.895,2518,127,Left,Pressed,development
1573114112.073,2518,127,Left,Released,development
1573114113.149,2517,130,None,Move,development
1573114113.174,2515,135,None,Move,development
1573114113.194,2512,144,None,Move,development
1573114113.215,2509,153,None,Move,development
1573114113.236,2507,160,None,Move,development
1573114113.256,2504,163,None,Move,development
1573114113.276,2502,167,None,Move,development
1573114113.294,2501,169,None,Move,development
1573114113.303,2501,172,None,Move,development
1573114113.311,2501,174,None,Move,development
1573114113.319,2501,176,None,Move,development
1573114113.325,2501,177,None,Move,development
1573114113.333,2501,178,None,Move,development
1573114113.341,2501,180,None,Move,development
1573114113.349,2501,182,None,Move,development
1573114113.357,2501,183,None,Move,development
1573114113.3639998,2501,185,None,Move,development
1573114113.3720002,2502,187,None,Move,development
1573114113.379,2503,189,None,Move,development
1573114113.387,2504,191,None,Move,development
1573114113.395,2505,193,None,Move,development
1573114113.403,2507,195,None,Move,development
1573114113.41,2509,197,None,Move,development
1573114113.417,2510,199,None,Move,development
1573114113.425,2512,201,None,Move,development
1573114113.4329998,2514,203,None,Move,development
1573114113.44,2516,207,None,Move,development
1573114113.448,2518,212,None,Move,development
1573114113.455,2520,218,None,Move,development
1573114113.4629998,2522,224,None,Move,development
1573114113.471,2524,231,None,Move,development
1573114113.478,2527,240,None,Move,development
1573114113.485,2529,251,None,Move,development
1573114113.4929998,2531,264,None,Move,development
1573114113.5010002,2534,278,None,Move,development
1573114113.5089998,2537,295,None,Move,development
1573114113.516,2540,311,None,Move,development
1573114113.5229998,2543,325,None,Move,development
1573114113.531,2544,338,None,Move,development
1573114113.5370002,2546,352,None,Move,development
1573114113.545,2548,363,None,Move,development
1573114113.552,2551,374,None,Move,development
1573114113.559,2555,384,None,Move,development
1573114113.566,2558,395,None,Move,development
1573114113.574,2562,402,None,Move,development
1573114113.581,2563,405,None,Move,development
1573114113.5879998,2563,407,None,Move,development
1573114113.5979998,2563,409,None,Move,development
1573114128.7029998,2560,412,None,Move,development
1573114128.719,2552,419,None,Move,development
1573114128.73,2541,430,None,Move,development
1573114128.742,2529,442,None,Move,development
1573114128.7529998,2518,451,None,Move,development
1573114128.765,2511,460,None,Move,development
1573114128.776,2504,469,None,Move,development
1573114128.7870002,2501,477,None,Move,development
1573114128.799,2497,483,None,Move,development
1573114128.811,2494,491,None,Move,development
1573114128.822,2491,498,None,Move,development
1573114128.8379998,2488,507,None,Move,development
1573114128.851,2485,516,None,Move,development
1573114128.863,2481,527,None,Move,development
1573114128.879,2475,537,None,Move,development
1573114128.891,2469,546,None,Move,development
1573114128.903,2464,555,None,Move,development
1573114128.915,2460,564,None,Move,development
1573114128.926,2457,570,None,Move,development
1573114128.938,2454,576,None,Move,development
1573114128.948,2453,579,None,Move,development
1573114128.959,2450,583,None,Move,development
1573114128.971,2447,589,None,Move,development
1573114128.982,2445,596,None,Move,development
1573114128.994,2443,604,None,Move,development
1573114129.005,2440,612,None,Move,development
1573114129.016,2438,621,None,Move,development
1573114129.0270002,2435,629,None,Move,development
1573114129.039,2432,640,None,Move,development
1573114129.05,2429,651,None,Move,development
1573114129.061,2427,662,None,Move,development
1573114129.072,2423,672,None,Move,development
1573114129.083,2418,680,None,Move,development
1573114129.094,2416,688,None,Move,development
1573114129.105,2413,697,None,Move,development
1573114129.1160002,2410,706,None,Move,development
1573114129.127,2407,715,None,Move,development
1573114129.1379998,2404,724,None,Move,development
1573114129.15,2401,733,None,Move,development
1573114129.1620002,2398,742,None,Move,development
1573114129.174,2395,751,None,Move,development
1573114129.187,2392,760,None,Move,development
1573114129.214,2389,769,None,Move,development
1573114129.2270002,2387,774,None,Move,development
1573114129.2389998,2386,779,None,Move,development
1573114129.25,2383,782,None,Move,development
1573114129.26,2380,788,None,Move,development
1573114129.27,2378,790,None,Move,development
1573114129.281,2376,794,None,Move,development
1573114129.292,2374,797,None,Move,development
1573114129.303,2373,799,None,Move,development
1573114129.313,2371,802,None,Move,development
1573114129.324,2369,804,None,Move,development
1573114129.334,2368,806,None,Move,development
1573114129.345,2368,808,None,Move,development
1573114129.357,2367,810,None,Move,development
1573114129.387,2367,812,None,Move,development
1573114129.393,2367,812,Left,Pressed,development
1573114129.4020002,2367,812,Left,Released,development
1573114131.062,2367,809,None,Move,development
1573114131.091,2370,793,None,Move,development
1573114131.115,2374,769,None,Move,development
1573114131.135,2378,745,None,Move,development
1573114131.155,2384,721,None,Move,development
1573114131.173,2388,699,None,Move,development
1573114131.1920002,2392,683,None,Move,development
1573114131.212,2396,669,None,Move,development
1573114131.232,2400,657,None,Move,development
1573114131.252,2403,645,None,Move,development
1573114131.272,2407,634,None,Move,development
1573114131.291,2409,626,None,Move,development
1573114131.309,2413,619,None,Move,development
1573114131.329,2414,614,None,Move,development
1573114131.3479998,2416,611,None,Move,development
1573114131.375,2418,607,None,Move,development
1573114131.394,2419,604,None,Move,development
1573114131.4329998,2421,601,None,Move,development
1573114131.441,2422,599,None,Move,development
1573114131.449,2423,596,None,Move,development
1573114131.457,2423,594,None,Move,development
1573114131.465,2424,592,None,Move,development
1573114131.472,2425,590,None,Move,development
1573114131.48,2426,588,None,Move,development
1573114131.486,2427,586,None,Move,development
1573114131.4929998,2428,585,None,Move,development
1573114131.5,2428,584,None,Move,development
1573114131.5070002,2428,583,None,Move,development
1573114131.514,2429,582,None,Move,development
1573114131.521,2430,581,None,Move,development
1573114131.529,2430,580,None,Move,development
1573114131.536,2432,579,None,Move,development
1573114131.543,2432,577,None,Move,development
1573114131.549,2434,575,None,Move,development
1573114131.556,2434,573,None,Move,development
1573114131.564,2435,572,None,Move,development
1573114131.571,2436,571,None,Move,development
1573114131.577,2436,570,None,Move,development
1573114131.9729998,2436,570,None,Move,development
1573114131.985,2437,571,None,Move,development
1573114132.002,2437,573,None,Move,development
1573114132.024,2437,574,None,Move,development
1573114132.043,2437,575,None,Move,development
1573114132.061,2437,576,None,Move,development
1573114132.079,2437,577,None,Move,development
1573114132.714,2437,575,Left,Pressed,development
1573114132.714,2437,575,None,Drag,development
1573114132.7470002,2437,569,None,Drag,development
1573114132.764,2437,559,None,Drag,development
1573114132.782,2437,547,None,Drag,development
1573114132.7970002,2437,536,None,Drag,development
1573114132.8170002,2437,527,None,Drag,development
1573114132.824,2437,518,None,Drag,development
1573114132.841,2437,509,None,Drag,development
1573114132.8579998,2437,500,None,Drag,development
1573114132.8779998,2439,491,None,Drag,development
1573114132.8979998,2439,482,None,Drag,development
1573114132.911,2439,476,None,Drag,development
1573114132.929,2440,468,None,Drag,development
1573114132.9420002,2440,462,None,Drag,development
1573114132.968,2440,454,None,Drag,development
1573114132.976,2442,447,None,Drag,development
1573114132.996,2443,441,None,Drag,development
1573114133.0170002,2443,437,None,Drag,development
1573114133.035,2444,433,None,Drag,development
1573114133.056,2444,429,None,Drag,development
1573114133.074,2444,426,None,Drag,development
1573114133.095,2444,423,None,Drag,development
1573114133.107,2444,421,None,Drag,development
1573114133.1239998,2444,420,None,Drag,development
1573114133.141,2443,418,None,Drag,development
1573114133.159,2443,416,None,Drag,development
1573114133.175,2443,414,None,Drag,development
1573114133.19,2442,411,None,Drag,development
1573114133.206,2442,408,None,Drag,development
1573114133.211,2440,405,None,Drag,development
1573114133.219,2439,401,None,Drag,development
1573114133.225,2438,398,None,Drag,development
1573114133.23,2437,395,None,Drag,development
1573114133.235,2435,392,None,Drag,development
1573114133.24,2435,389,None,Drag,development
1573114133.245,2434,386,None,Drag,development
1573114133.25,2432,383,None,Drag,development
1573114133.256,2432,381,None,Drag,development
1573114133.26,2431,379,None,Drag,development
1573114133.264,2431,378,None,Drag,development
1573114133.268,2430,376,None,Drag,development
1573114133.272,2430,375,None,Drag,development
1573114133.276,2429,373,None,Drag,development
1573114133.28,2429,371,None,Drag,development
1573114133.284,2428,369,None,Drag,development
1573114133.288,2428,367,None,Drag,development
1573114133.291,2428,365,None,Drag,development
1573114133.295,2427,363,None,Drag,development
1573114133.299,2427,361,None,Drag,development
1573114133.302,2427,359,None,Drag,development
1573114133.306,2426,357,None,Drag,development
1573114133.31,2426,354,None,Drag,development
1573114133.314,2426,352,None,Drag,development
1573114133.3179998,2426,350,None,Drag,development
1573114133.322,2426,348,None,Drag,development
1573114133.326,2426,347,None,Drag,development
1573114133.33,2426,346,None,Drag,development
1573114133.33,2426,346,Left,Released,development
1573114133.7729998,2425,347,None,Move,development
1573114133.806,2424,351,None,Move,development
1573114133.831,2423,355,None,Move,development
1573114133.853,2421,360,None,Move,development
1573114133.8720002,2420,363,None,Move,development
1573114133.893,2418,367,None,Move,development
1573114133.913,2415,370,None,Move,development
1573114133.9329998,2414,372,None,Move,development
1573114133.951,2413,374,None,Move,development
1573114133.971,2412,376,None,Move,development
1573114133.9910002,2411,378,None,Move,development
1573114134.0089998,2411,380,None,Move,development
1573114134.029,2410,383,None,Move,development
1573114134.048,2410,386,None,Move,development
1573114134.0670002,2409,389,None,Move,development
1573114134.086,2408,393,None,Move,development
1573114134.106,2407,398,None,Move,development
1573114134.1239998,2406,404,None,Move,development
1573114134.1420002,2405,408,None,Move,development
1573114134.161,2404,413,None,Move,development
1573114134.179,2404,417,None,Move,development
1573114134.219,2404,419,None,Move,development
1573114134.225,2403,421,None,Move,development
1573114134.232,2403,423,None,Move,development
1573114134.2389998,2403,425,None,Move,development
1573114134.245,2403,427,None,Move,development
1573114134.2510002,2403,429,None,Move,development
1573114134.2570002,2403,430,None,Move,development
1573114134.2629998,2403,431,None,Move,development
1573114134.269,2403,432,None,Move,development
1573114134.275,2403,433,None,Move,development
1573114134.281,2403,434,None,Move,development
1573114134.2870002,2403,435,None,Move,development
1573114134.293,2403,436,None,Move,development
1573114134.299,2402,438,None,Move,development
1573114134.305,2402,440,None,Move,development
1573114134.312,2402,441,None,Move,development
1573114134.3179998,2402,443,None,Move,development
1573114134.324,2401,444,None,Move,development
1573114134.33,2401,445,None,Move,development
1573114134.337,2401,446,None,Move,development
1573114134.343,2401,448,None,Move,development
1573114134.349,2400,449,None,Move,development
1573114134.355,2400,450,None,Move,development
1573114134.361,2400,452,None,Move,development
1573114134.367,2400,454,None,Move,development
1573114134.373,2400,456,None,Move,development
1573114134.379,2399,458,None,Move,development
1573114134.385,2399,461,None,Move,development
1573114134.391,2399,465,None,Move,development
1573114134.397,2399,468,None,Move,development
1573114134.4020002,2399,472,None,Move,development
1573114134.409,2399,475,None,Move,development
1573114134.415,2399,477,None,Move,development
1573114134.421,2399,479,None,Move,development
1573114134.427,2399,481,None,Move,development
1573114134.4329998,2399,482,None,Move,development
1573114134.439,2399,483,None,Move,development
1573114134.445,2398,485,None,Move,development
1573114134.45,2398,486,None,Move,development
1573114134.456,2398,487,None,Move,development
1573114134.462,2398,488,None,Move,development
1573114134.468,2398,490,None,Move,development
1573114134.475,2398,492,None,Move,development
1573114134.481,2398,494,None,Move,development
1573114134.4870002,2398,496,None,Move,development
1573114134.4929998,2398,498,None,Move,development
1573114134.4989998,2398,500,None,Move,development
1573114134.505,2398,502,None,Move,development
1573114134.5110002,2398,504,None,Move,development
1573114134.5170002,2398,506,None,Move,development
1573114134.5229998,2398,508,None,Move,development
1573114134.529,2398,510,None,Move,development
1573114134.535,2398,511,None,Move,development
1573114134.541,2398,513,None,Move,development
1573114134.5470002,2398,515,None,Move,development
1573114134.553,2398,517,None,Move,development
1573114134.559,2398,519,None,Move,development
1573114134.565,2398,521,None,Move,development
1573114134.571,2398,523,None,Move,development
1573114134.577,2398,525,None,Move,development
1573114134.583,2398,527,None,Move,development
1573114134.5879998,2398,529,None,Move,development
1573114134.594,2398,531,None,Move,development
1573114134.6,2398,533,None,Move,development
1573114134.606,2398,535,None,Move,development
1573114134.611,2398,537,None,Move,development
1573114134.617,2398,539,None,Move,development
1573114134.623,2398,540,None,Move,development
1573114134.629,2398,542,None,Move,development
1573114134.635,2398,544,None,Move,development
1573114134.641,2398,546,None,Move,development
1573114134.647,2398,548,None,Move,development
1573114134.6520002,2398,550,None,Move,development
1573114134.658,2398,551,None,Move,development
1573114134.664,2398,552,None,Move,development
1573114134.67,2398,554,None,Move,development
1573114134.676,2398,555,None,Move,development
1573114134.6820002,2398,556,None,Move,development
1573114134.688,2398,557,None,Move,development
1573114134.705,2398,558,None,Move,development
1573114137.742,2397,560,None,Move,development
1573114137.7570002,2395,564,None,Move,development
1573114137.803,2392,571,None,Move,development
1573114137.811,2389,577,None,Move,development
1573114137.819,2387,582,None,Move,development
1573114137.827,2384,588,None,Move,development
1573114137.834,2382,596,None,Move,development
1573114137.842,2379,602,None,Move,development
1573114137.849,2376,609,None,Move,development
1573114137.856,2374,614,None,Move,development
1573114137.863,2371,619,None,Move,development
1573114137.87,2369,624,None,Move,development
1573114137.877,2366,629,None,Move,development
1573114137.885,2364,635,None,Move,development
1573114137.893,2361,639,None,Move,development
1573114137.9020002,2358,646,None,Move,development
1573114137.91,2356,651,None,Move,development
1573114137.916,2354,656,None,Move,development
1573114137.921,2351,660,None,Move,development
1573114137.926,2349,665,None,Move,development
1573114137.931,2346,670,None,Move,development
1573114137.936,2344,675,None,Move,development
1573114137.94,2341,679,None,Move,development
1573114137.944,2339,684,None,Move,development
1573114137.948,2336,688,None,Move,development
1573114137.952,2334,693,None,Move,development
1573114137.957,2332,698,None,Move,development
1573114137.961,2329,703,None,Move,development
1573114137.965,2327,706,None,Move,development
1573114137.969,2325,711,None,Move,development
1573114137.976,2322,716,None,Move,development
1573114137.984,2320,720,None,Move,development
1573114138.004,2318,724,None,Move,development
1573114138.022,2315,728,None,Move,development
1573114138.042,2313,732,None,Move,development
1573114138.06,2311,737,None,Move,development
1573114138.08,2308,740,None,Move,development
1573114138.1,2306,743,None,Move,development
1573114138.12,2303,748,None,Move,development
1573114138.139,2300,753,None,Move,development
1573114138.158,2298,756,None,Move,development
1573114138.177,2295,762,None,Move,development
1573114138.195,2291,768,None,Move,development
1573114138.217,2286,774,None,Move,development
1573114138.24,2279,780,None,Move,development
1573114138.262,2272,786,None,Move,development
1573114138.304,2263,793,None,Move,development
1573114138.312,2253,800,None,Move,development
1573114138.322,2243,805,None,Move,development
1573114138.329,2231,811,None,Move,development
1573114138.3379998,2218,817,None,Move,development
1573114138.347,2202,821,None,Move,development
1573114138.355,2183,824,None,Move,development
1573114138.3639998,2162,829,None,Move,development
1573114138.373,2138,833,None,Move,development
1573114138.381,2109,836,None,Move,development
1573114138.389,2075,840,None,Move,development
1573114138.396,2037,840,None,Move,development
1573114138.403,1993,840,None,Move,development
1573114138.411,1951,840,None,Move,development
1573114138.419,1905,836,None,Move,development
1573114138.426,1861,828,None,Move,development
1573114138.4329998,1827,812,None,Move,development
1573114138.4420002,1807,800,None,Move,development
1573114138.449,1797,794,None,Move,development
1573114138.457,1793,794,None,Move,development
1573114138.465,1792,794,None,Move,development
1573114138.472,1790,794,None,Move,development
1573114138.479,1788,794,None,Move,development
1573114138.486,1787,794,None,Move,development
1573114138.4929998,1784,792,None,Move,development
1573114138.5010002,1782,789,None,Move,development
1573114138.508,1780,786,None,Move,development
1573114138.515,1778,784,None,Move,development
1573114138.522,1776,782,None,Move,development
1573114138.529,1775,781,None,Move,development
1573114138.536,1774,779,None,Move,development
1573114138.543,1773,778,None,Move,development
1573114138.55,1773,777,None,Move,development
1573114138.5570002,1774,777,None,Move,development
1573114138.563,1781,778,None,Move,development
1573114138.57,1793,786,None,Move,development
1573114138.577,1816,798,None,Move,development
1573114138.584,1854,816,None,Move,development
1573114138.591,1898,832,None,Move,development
1573114138.5979998,1942,848,None,Move,development
1573114138.605,1984,862,None,Move,development
1573114138.6120002,2001,868,None,Move,development
1573114138.873,2000,867,None,Move,development
1573114138.897,1999,866,None,Move,development
1573114139.029,1998,865,None,Move,development
1573114139.051,1998,864,None,Move,development
1573114139.07,1997,862,None,Move,development
1573114139.089,1995,860,None,Move,development
1573114139.1079998,1993,857,None,Move,development
1573114139.1260002,1991,854,None,Move,development
1573114139.145,1989,851,None,Move,development
1573114139.165,1987,848,None,Move,development
1573114139.185,1985,845,None,Move,development
1573114139.2029998,1982,843,None,Move,development
1573114139.225,1980,841,None,Move,development
1573114139.244,1977,838,None,Move,development
1573114139.274,1975,836,None,Move,development
1573114139.284,1973,833,None,Move,development
1573114139.3070002,1971,830,None,Move,development
1573114139.314,1969,827,None,Move,development
1573114139.319,1967,824,None,Move,development
1573114139.3279998,1965,821,None,Move,development
1573114139.333,1963,817,None,Move,development
1573114139.34,1959,815,None,Move,development
1573114139.347,1955,812,None,Move,development
1573114139.353,1951,810,None,Move,development
1573114139.361,1947,808,None,Move,development
1573114139.3660002,1941,806,None,Move,development
1573114139.3720002,1937,803,None,Move,development
1573114139.38,1932,801,None,Move,development
1573114139.3839998,1927,800,None,Move,development
1573114139.389,1924,799,None,Move,development
1573114139.395,1919,797,None,Move,development
1573114139.4,1914,795,None,Move,development
1573114139.406,1911,792,None,Move,development
1573114139.411,1909,791,None,Move,development
1573114139.416,1907,790,None,Move,development
1573114139.4220002,1904,789,None,Move,development
1573114139.426,1903,788,None,Move,development
1573114139.4320002,1902,788,None,Move,development
1573114139.437,1902,787,None,Move,development
1573114139.4420002,1901,786,None,Move,development
1573114139.447,1901,785,None,Move,development
1573114139.452,1900,784,None,Move,development
1573114139.457,1899,783,None,Move,development
1573114139.462,1898,782,None,Move,development
1573114139.467,1897,781,None,Move,development
1573114139.4729998,1896,780,None,Move,development
1573114139.478,1894,779,None,Move,development
1573114139.4829998,1893,778,None,Move,development
1573114139.488,1891,777,None,Move,development
1573114139.4929998,1889,776,None,Move,development
1573114139.4989998,1887,775,None,Move,development
1573114139.504,1885,774,None,Move,development
1573114139.5089998,1883,773,None,Move,development
1573114139.514,1881,773,None,Move,development
1573114139.519,1879,772,None,Move,development
1573114139.524,1877,771,None,Move,development
1573114139.529,1875,771,None,Move,development
1573114139.534,1873,770,None,Move,development
1573114139.539,1871,769,None,Move,development
1573114139.544,1870,769,None,Move,development
1573114139.549,1868,770,None,Move,development
1573114139.554,1867,771,None,Move,development
1573114139.572,1867,772,None,Move,development
1573114139.58,1869,774,None,Move,development
1573114139.5879998,1871,776,None,Move,development
1573114139.596,1873,778,None,Move,development
1573114139.604,1875,780,None,Move,development
1573114139.61,1877,782,None,Move,development
1573114139.6179998,1880,784,None,Move,development
1573114139.6260002,1885,786,None,Move,development
1573114139.6339998,1889,787,None,Move,development
1573114139.6420002,1893,788,None,Move,development
1573114139.65,1897,790,None,Move,development
1573114139.658,1901,790,None,Move,development
1573114139.666,1904,791,None,Move,development
1573114139.674,1907,791,None,Move,development
1573114139.704,1910,791,None,Move,development
1573114139.725,1914,792,None,Move,development
1573114139.7329998,1920,792,None,Move,development
1573114139.7410002,1927,792,None,Move,development
1573114139.7470002,1934,792,None,Move,development
1573114139.752,1941,792,None,Move,development
1573114139.758,1949,792,None,Move,development
1573114139.7629998,1956,792,None,Move,development
1573114139.768,1964,792,None,Move,development
1573114139.774,1970,791,None,Move,development
1573114139.779,1977,791,None,Move,development
1573114139.784,1985,789,None,Move,development
1573114139.799,1992,789,None,Move,development
1573114139.806,2000,789,None,Move,development
1573114139.814,2009,791,None,Move,development
1573114139.819,2018,794,None,Move,development
1573114139.824,2029,796,None,Move,development
1573114139.83,2041,799,None,Move,development
1573114139.835,2051,802,None,Move,development
1573114139.84,2061,805,None,Move,development
1573114139.845,2070,808,None,Move,development
1573114139.851,2079,813,None,Move,development
1573114139.856,2088,815,None,Move,development
1573114139.8620002,2096,820,None,Move,development
1573114139.87,2105,824,None,Move,development
1573114139.889,2114,829,None,Move,development
1573114139.909,2123,835,None,Move,development
1573114139.928,2134,839,None,Move,development
1573114139.946,2145,843,None,Move,development
1573114139.965,2156,846,None,Move,development
1573114139.984,2167,849,None,Move,development
1573114140.004,2177,852,None,Move,development
1573114140.0270002,2188,855,None,Move,development
1573114140.0470002,2199,858,None,Move,development
1573114140.065,2210,861,None,Move,development
1573114140.085,2219,864,None,Move,development
1573114140.106,2228,867,None,Move,development
1573114140.125,2236,870,None,Move,development
1573114140.144,2243,873,None,Move,development
1573114140.163,2248,875,None,Move,development
1573114140.181,2252,878,None,Move,development
1573114140.201,2255,879,None,Move,development
1573114140.22,2259,881,None,Move,development
1573114140.2389998,2264,882,None,Move,development
1573114140.258,2266,883,None,Move,development
1573114140.276,2269,885,None,Move,development
1573114140.294,2271,885,None,Move,development
1573114140.3279998,2273,886,None,Move,development
1573114140.3379998,2276,887,None,Move,development
1573114140.346,2278,887,None,Move,development
1573114140.353,2280,888,None,Move,development
1573114140.361,2282,888,None,Move,development
1573114140.3679998,2284,889,None,Move,development
1573114140.375,2286,890,None,Move,development
1573114140.383,2288,890,None,Move,development
1573114140.389,2291,891,None,Move,development
1573114140.397,2293,892,None,Move,development
1573114140.405,2295,892,None,Move,development
1573114140.4120002,2297,893,None,Move,development
1573114140.419,2299,894,None,Move,development
1573114140.426,2301,894,None,Move,development
1573114140.4320002,2303,895,None,Move,development
1573114140.439,2305,895,None,Move,development
1573114140.446,2307,896,None,Move,development
1573114140.4529998,2308,896,None,Move,development
1573114140.46,2309,896,None,Move,development
1573114140.467,2310,896,None,Move,development
1573114146.245,2309,891,None,Move,development
1573114146.26,2306,875,None,Move,development
1573114146.272,2302,851,None,Move,development
1573114146.29,2298,831,None,Move,development
1573114146.31,2296,807,None,Move,development
1573114146.329,2292,779,None,Move,development
1573114146.35,2290,749,None,Move,development
1573114146.369,2290,717,None,Move,development
1573114146.389,2286,689,None,Move,development
1573114146.409,2282,665,None,Move,development
1573114146.429,2282,641,None,Move,development
1573114146.474,2282,621,None,Move,development
1573114146.481,2278,601,None,Move,development
1573114146.4870002,2278,583,None,Move,development
1573114146.4929998,2278,567,None,Move,development
1573114146.4989998,2276,551,None,Move,development
1573114146.505,2274,539,None,Move,development
1573114146.5110002,2274,527,None,Move,development
1573114146.5170002,2274,515,None,Move,development
1573114146.5229998,2272,503,None,Move,development
1573114146.529,2272,491,None,Move,development
1573114146.535,2272,480,None,Move,development
1573114146.541,2272,475,None,Move,development
1573114146.5470002,2272,472,None,Move,development
1573114146.553,2272,468,None,Move,development
1573114146.559,2271,466,None,Move,development
1573114146.565,2271,463,None,Move,development
1573114146.571,2271,462,None,Move,development
1573114146.577,2271,459,None,Move,development
1573114146.583,2271,457,None,Move,development
1573114146.589,2271,455,None,Move,development
1573114146.595,2271,453,None,Move,development
1573114146.601,2271,449,None,Move,development
1573114146.607,2271,447,None,Move,development
1573114146.613,2271,445,None,Move,development
1573114146.619,2271,442,None,Move,development
1573114146.625,2272,440,None,Move,development
1573114146.631,2272,438,None,Move,development
1573114146.637,2273,436,None,Move,development
1573114146.643,2273,434,None,Move,development
1573114146.649,2273,432,None,Move,development
1573114146.655,2274,431,None,Move,development
1573114146.661,2274,429,None,Move,development
1573114146.668,2275,426,None,Move,development
1573114146.674,2277,423,None,Move,development
1573114146.679,2278,419,None,Move,development
1573114146.686,2279,414,None,Move,development
1573114146.6920002,2279,410,None,Move,development
1573114146.698,2280,404,None,Move,development
1573114146.704,2281,399,None,Move,development
1573114146.71,2282,395,None,Move,development
1573114146.716,2282,392,None,Move,development
1573114146.722,2283,390,None,Move,development
1573114146.729,2283,388,None,Move,development
1573114146.735,2284,386,None,Move,development
1573114146.7410002,2285,384,None,Move,development
1573114146.7470002,2285,382,None,Move,development
1573114146.7529998,2286,380,None,Move,development
1573114146.7589998,2287,378,None,Move,development
1573114146.765,2288,376,None,Move,development
1573114146.771,2289,374,None,Move,development
1573114146.776,2290,372,None,Move,development
1573114146.782,2291,370,None,Move,development
1573114146.788,2291,368,None,Move,development
1573114146.794,2291,366,None,Move,development
1573114146.799,2291,365,None,Move,development
1573114146.805,2292,365,None,Move,development
1573114146.811,2292,364,None,Move,development
1573114146.86,2293,363,None,Move,development
1573114146.887,2293,362,None,Move,development
1573114146.91,2293,361,None,Move,development
1573114146.93,2294,359,None,Move,development
1573114146.949,2295,357,None,Move,development
1573114146.984,2296,356,None,Move,development
1573114146.992,2296,355,None,Move,development
1573114147.625,2296,355,Left,Pressed,development
1573114147.625,2296,355,None,Drag,development
1573114147.637,2295,357,None,Drag,development
1573114147.6820002,2295,359,None,Drag,development
1573114147.696,2294,361,None,Drag,development
1573114147.7129998,2294,363,None,Drag,development
1573114147.7389998,2293,365,None,Drag,development
1573114147.756,2293,367,None,Drag,development
1573114147.776,2292,369,None,Drag,development
1573114147.795,2292,371,None,Drag,development
1573114147.823,2292,372,None,Drag,development
1573114147.833,2292,374,None,Drag,development
1573114147.85,2291,376,None,Drag,development
1573114147.87,2291,377,None,Drag,development
1573114147.8920002,2291,379,None,Drag,development
1573114147.923,2291,380,None,Drag,development
1573114147.94,2290,382,None,Drag,development
1573114147.958,2290,384,None,Drag,development
1573114147.974,2290,386,None,Drag,development
1573114147.9929998,2290,387,None,Drag,development
1573114148.012,2290,389,None,Drag,development
1573114148.032,2290,391,None,Drag,development
1573114148.055,2290,393,None,Drag,development
1573114148.076,2290,395,None,Drag,development
1573114148.097,2290,396,None,Drag,development
1573114148.1160002,2290,398,None,Drag,development
1573114148.137,2289,399,None,Drag,development
1573114148.159,2289,401,None,Drag,development
1573114148.176,2289,402,None,Drag,development
1573114148.204,2289,404,None,Drag,development
1573114148.21,2289,406,None,Drag,development
1573114148.2270002,2289,408,None,Drag,development
1573114148.2470002,2289,410,None,Drag,development
1573114148.262,2289,412,None,Drag,development
1573114148.271,2288,414,None,Drag,development
1573114148.276,2288,417,None,Drag,development
1573114148.284,2288,419,None,Drag,development
1573114148.29,2288,421,None,Drag,development
1573114148.295,2287,423,None,Drag,development
1573114148.301,2287,425,None,Drag,development
1573114148.306,2287,427,None,Drag,development
1573114148.311,2287,428,None,Drag,development
1573114148.316,2286,429,None,Drag,development
1573114148.321,2286,431,None,Drag,development
1573114148.327,2286,433,None,Drag,development
1573114148.332,2285,435,None,Drag,development
1573114148.337,2285,437,None,Drag,development
1573114148.343,2285,438,None,Drag,development
1573114148.3479998,2285,440,None,Drag,development
1573114148.353,2284,442,None,Drag,development
1573114148.359,2284,444,None,Drag,development
1573114148.3639998,2283,446,None,Drag,development
1573114148.369,2283,448,None,Drag,development
1573114148.375,2282,450,None,Drag,development
1573114148.38,2282,451,None,Drag,development
1573114148.385,2282,453,None,Drag,development
1573114148.391,2282,454,None,Drag,development
1573114148.396,2281,455,None,Drag,development
1573114148.401,2281,456,None,Drag,development
1573114148.406,2281,457,None,Drag,development
1573114148.411,2281,458,None,Drag,development
1573114148.417,2280,459,None,Drag,development
1573114148.4220002,2280,461,None,Drag,development
1573114148.427,2280,463,None,Drag,development
1573114148.4320002,2280,464,None,Drag,development
1573114148.438,2279,465,None,Drag,development
1573114148.4429998,2279,466,None,Drag,development
1573114148.448,2279,467,None,Drag,development
1573114148.4529998,2279,468,None,Drag,development
1573114148.458,2278,469,None,Drag,development
1573114148.4629998,2278,470,None,Drag,development
1573114148.468,2278,471,None,Drag,development
1573114148.474,2278,472,None,Drag,development
1573114148.474,2278,472,Left,Released,development
1573114153.428,2279,471,None,Move,development
1573114153.44,2280,471,None,Move,development
1573114153.454,2287,465,None,Move,development
1573114153.4629998,2296,459,None,Move,development
1573114153.4770002,2307,452,None,Move,development
1573114153.485,2321,443,None,Move,development
1573114153.4989998,2339,433,None,Move,development
1573114153.508,2360,426,None,Move,development
1573114153.521,2385,417,None,Move,development
1573114153.529,2412,410,None,Move,development
1573114153.5370002,2442,406,None,Move,development
1573114153.546,2476,400,None,Move,development
1573114153.555,2510,396,None,Move,development
1573114153.564,2544,392,None,Move,development
1573114153.573,2576,392,None,Move,development
1573114153.581,2608,394,None,Move,development
1573114153.589,2640,398,None,Move,development
1573114153.597,2672,406,None,Move,development
1573114153.606,2706,412,None,Move,development
1573114153.6139998,2738,422,None,Move,development
1573114153.623,2772,430,None,Move,development
1573114153.6360002,2806,442,None,Move,development
1573114153.645,2840,454,None,Move,development
1573114153.654,2872,462,None,Move,development
1573114153.668,2904,470,None,Move,development
1573114153.676,2936,474,None,Move,development
1573114153.69,2970,478,None,Move,development
1573114153.699,3002,482,None,Move,development
1573114153.711,3034,486,None,Move,development
1573114153.721,3068,490,None,Move,development
1573114153.7329998,3100,490,None,Move,development
1573114153.7429998,3132,492,None,Move,development
1573114153.752,3162,496,None,Move,development
1573114153.7610002,3194,500,None,Move,development
1573114153.77,3220,504,None,Move,development
1573114153.778,3244,506,None,Move,development
1573114153.7870002,3264,506,None,Move,development
1573114153.795,3280,508,None,Move,development
1573114153.804,3294,512,None,Move,development
1573114153.812,3306,514,None,Move,development
1573114153.82,3309,517,None,Move,development
1573114153.829,3310,517,None,Move,development
1573114153.837,3311,517,None,Move,development
1573114153.85,3311,517,Left,Pressed,development
1573114154.024,3311,517,Left,Released,development
1573114154.075,3311,517,None,Move,development
1573114154.093,3308,517,None,Move,development
1573114154.111,3301,518,None,Move,development
1573114154.1160002,3292,519,None,Move,development
1573114154.121,3279,519,None,Move,development
1573114154.1260002,3261,516,None,Move,development
1573114154.131,3242,512,None,Move,browsing
1573114154.1360002,3219,508,None,Move,browsing
1573114154.144,3194,505,None,Move,browsing
1573114154.153,3166,501,None,Move,browsing
1573114154.165,3133,497,None,Move,browsing
1573114154.176,3101,493,None,Move,browsing
1573114154.1820002,3069,489,None,Move,browsing
1573114154.187,3041,485,None,Move,browsing
1573114154.199,3015,481,None,Move,browsing
1573114154.205,2989,477,None,Move,browsing
1573114154.21,2965,473,None,Move,browsing
1573114154.215,2939,469,None,Move,browsing
1573114154.2229998,2915,463,None,Move,browsing
1573114154.2329998,2891,455,None,Move,browsing
1573114154.238,2867,449,None,Move,browsing
1573114154.246,2847,443,None,Move,browsing
1573114154.254,2831,439,None,Move,browsing
1573114154.265,2815,435,None,Move,browsing
1573114154.271,2799,431,None,Move,browsing
1573114154.2770002,2787,427,None,Move,browsing
1573114154.284,2775,423,None,Move,browsing
1573114154.293,2767,419,None,Move,browsing
1573114154.301,2761,415,None,Move,browsing
1573114154.3070002,2755,412,None,Move,browsing
1573114154.316,2750,408,None,Move,browsing
1573114154.325,2743,405,None,Move,browsing
1573114154.334,2739,401,None,Move,browsing
1573114154.34,2731,397,None,Move,browsing
1573114154.346,2724,394,None,Move,browsing
1573114154.359,2715,391,None,Move,browsing
1573114154.365,2705,387,None,Move,browsing
1573114154.371,2694,381,None,Move,browsing
1573114154.3860002,2683,377,None,Move,browsing
1573114154.393,2672,373,None,Move,browsing
1573114154.4,2660,368,None,Move,browsing
1573114154.407,2646,362,None,Move,browsing
1573114154.413,2629,355,None,Move,browsing
1573114154.418,2611,345,None,Move,browsing
1573114154.429,2587,335,None,Move,browsing
1573114154.437,2561,326,None,Move,browsing
1573114154.4420002,2529,316,None,Move,browsing
1573114154.449,2497,304,None,Move,browsing
1573114154.456,2467,292,None,Move,browsing
1573114154.464,2439,282,None,Move,browsing
1573114154.472,2415,276,None,Move,browsing
1573114154.4829998,2393,270,None,Move,browsing
1573114154.4889998,2373,262,None,Move,browsing
1573114154.496,2357,256,None,Move,browsing
1573114154.5089998,2341,250,None,Move,browsing
1573114154.5170002,2325,244,None,Move,browsing
1573114154.5229998,2313,240,None,Move,browsing
1573114154.53,2301,234,None,Move,browsing
1573114154.536,2291,230,None,Move,browsing
1573114154.548,2285,226,None,Move,browsing
1573114154.556,2279,222,None,Move,browsing
1573114154.563,2276,219,None,Move,browsing
1573114154.573,2274,217,None,Move,browsing
1573114154.664,2274,216,None,Move,browsing
1573114154.687,2276,213,None,Move,browsing
1573114154.712,2278,211,None,Move,browsing
1573114154.732,2280,209,None,Move,browsing
1573114154.748,2283,207,None,Move,browsing
1573114154.762,2286,205,None,Move,browsing
1573114154.776,2289,203,None,Move,browsing
1573114154.788,2295,201,None,Move,browsing
1573114154.802,2302,199,None,Move,browsing
1573114154.819,2309,197,None,Move,browsing
1573114154.835,2316,195,None,Move,browsing
1573114154.851,2323,193,None,Move,browsing
1573114154.8679998,2330,192,None,Move,browsing
1573114154.883,2337,191,None,Move,browsing
1573114154.9,2345,191,None,Move,browsing
1573114154.916,2353,190,None,Move,browsing
1573114154.9329998,2361,188,None,Move,browsing
1573114154.949,2371,188,None,Move,browsing
1573114154.965,2382,188,None,Move,browsing
1573114154.981,2390,188,None,Move,browsing
1573114154.9970002,2399,187,None,Move,browsing
1573114155.016,2407,187,None,Move,browsing
1573114155.032,2414,184,None,Move,browsing
1573114155.046,2420,183,None,Move,browsing
1573114155.054,2426,181,None,Move,browsing
1573114155.065,2430,181,None,Move,browsing
1573114155.072,2432,180,None,Move,browsing
1573114155.081,2435,180,None,Move,browsing
1573114155.0879998,2438,180,None,Move,browsing
1573114155.096,2440,180,None,Move,browsing
1573114155.1020002,2442,180,None,Move,browsing
1573114155.11,2445,180,None,Move,browsing
1573114155.1160002,2447,181,None,Move,browsing
1573114155.1220002,2449,182,None,Move,browsing
1573114155.127,2452,183,None,Move,browsing
1573114155.1320002,2454,183,None,Move,browsing
1573114155.1379998,2457,184,None,Move,browsing
1573114155.143,2459,184,None,Move,browsing
1573114155.149,2461,184,None,Move,browsing
1573114155.155,2463,185,None,Move,browsing
1573114155.1620002,2466,185,None,Move,browsing
1573114155.169,2469,185,None,Move,browsing
1573114155.175,2471,186,None,Move,browsing
1573114155.181,2473,186,None,Move,browsing
1573114155.187,2475,186,None,Move,browsing
1573114155.1929998,2477,186,None,Move,browsing
1573114155.2,2479,185,None,Move,browsing
1573114155.205,2480,185,None,Move,browsing
1573114155.2129998,2482,184,None,Move,browsing
1573114155.22,2482,183,None,Move,browsing
1573114155.228,2483,183,None,Move,browsing
1573114155.234,2484,182,None,Move,browsing
1573114155.24,2485,181,None,Move,browsing
1573114155.2470002,2486,180,None,Move,browsing
1573114155.2529998,2487,179,None,Move,browsing
1573114155.26,2488,178,None,Move,browsing
1573114155.2670002,2488,177,None,Move,browsing
1573114155.276,2489,176,None,Move,browsing
1573114155.29,2490,176,None,Move,browsing
1573114155.299,2490,175,None,Move,browsing
1573114155.306,2492,173,None,Move,browsing
1573114155.315,2493,172,None,Move,browsing
1573114155.321,2495,170,None,Move,browsing
1573114155.33,2496,168,None,Move,browsing
1573114155.336,2497,166,None,Move,browsing
1573114155.343,2499,164,None,Move,browsing
1573114155.35,2500,162,None,Move,browsing
1573114155.356,2502,161,None,Move,browsing
1573114155.363,2502,160,None,Move,browsing
1573114155.369,2503,159,None,Move,browsing
1573114155.3739998,2504,159,None,Move,browsing
1573114155.381,2504,159,Left,Pressed,browsing
1573114155.475,2504,159,Left,Released,browsing
1573114155.804,2504,162,None,Move,browsing
1573114155.81,2504,167,None,Move,browsing
1573114155.832,2504,175,None,Move,browsing
1573114155.854,2504,184,None,Move,browsing
1573114155.877,2506,192,None,Move,browsing
1573114155.9,2506,199,None,Move,browsing
1573114155.917,2506,207,None,Move,browsing
1573114155.926,2506,214,None,Move,browsing
1573114155.936,2507,221,None,Move,browsing
1573114155.945,2507,228,None,Move,browsing
1573114155.9529998,2507,233,None,Move,browsing
1573114155.962,2508,239,None,Move,browsing
1573114155.97,2510,245,None,Move,browsing
1573114155.979,2511,252,None,Move,browsing
1573114155.986,2513,260,None,Move,browsing
1573114155.9929998,2516,268,None,Move,browsing
1573114156.0,2519,276,None,Move,browsing
1573114156.0070002,2521,285,None,Move,browsing
1573114156.014,2525,296,None,Move,browsing
1573114156.02,2528,307,None,Move,browsing
1573114156.032,2531,318,None,Move,browsing
1573114156.0470002,2534,330,None,Move,browsing
1573114156.055,2540,341,None,Move,browsing
1573114156.063,2544,353,None,Move,browsing
1573114156.07,2547,365,None,Move,browsing
1573114156.0779998,2550,378,None,Move,browsing
1573114156.085,2553,387,None,Move,browsing
1573114156.092,2557,397,None,Move,browsing
1573114156.1,2560,407,None,Move,browsing
1573114156.109,2563,415,None,Move,browsing
1573114156.117,2566,421,None,Move,browsing
1573114156.125,2569,429,None,Move,browsing
1573114156.133,2573,435,None,Move,browsing
1573114156.141,2577,441,None,Move,browsing
1573114156.149,2580,447,None,Move,browsing
1573114156.158,2583,452,None,Move,browsing
1573114156.166,2587,457,None,Move,browsing
1573114156.175,2590,462,None,Move,browsing
1573114156.1829998,2593,466,None,Move,browsing
1573114156.191,2595,468,None,Move,browsing
1573114156.2,2598,471,None,Move,browsing
1573114156.209,2600,473,None,Move,browsing
1573114156.218,2602,475,None,Move,browsing
1573114156.226,2605,477,None,Move,browsing
1573114156.235,2608,480,None,Move,browsing
1573114156.244,2610,482,None,Move,browsing
1573114156.252,2612,484,None,Move,browsing
1573114156.2610002,2614,486,None,Move,browsing
1573114156.27,2616,488,None,Move,browsing
1573114156.281,2618,490,None,Move,browsing
1573114156.29,2620,492,None,Move,browsing
1573114156.299,2623,494,None,Move,browsing
1573114156.3070002,2626,496,None,Move,browsing
1573114156.3170002,2630,498,None,Move,browsing
1573114156.325,2634,500,None,Move,browsing
1573114156.333,2638,502,None,Move,browsing
1573114156.34,2644,504,None,Move,browsing
1573114156.347,2648,506,None,Move,browsing
1573114156.354,2652,508,None,Move,browsing
1573114156.361,2659,511,None,Move,browsing
1573114156.3679998,2664,512,None,Move,browsing
1573114156.375,2670,513,None,Move,browsing
1573114156.3820002,2676,514,None,Move,browsing
1573114156.389,2681,515,None,Move,browsing
1573114156.396,2687,516,None,Move,browsing
1573114156.4020002,2692,518,None,Move,browsing
1573114156.409,2696,518,None,Move,browsing
1573114156.415,2700,519,None,Move,browsing
1573114156.421,2702,520,None,Move,browsing
1573114156.426,2704,520,None,Move,browsing
1573114156.4320002,2704,521,None,Move,browsing
1573114156.542,2705,521,None,Move,browsing
1573114156.551,2710,523,None,Move,browsing
1573114156.559,2718,526,None,Move,browsing
1573114156.5679998,2726,528,None,Move,browsing
1573114156.594,2735,533,None,Move,browsing
1573114156.603,2743,535,None,Move,browsing
1573114156.615,2755,538,None,Move,browsing
1573114156.625,2766,541,None,Move,browsing
1573114156.6360002,2778,544,None,Move,browsing
1573114156.647,2792,547,None,Move,browsing
1573114156.658,2805,552,None,Move,browsing
1573114156.667,2819,555,None,Move,browsing
1573114156.677,2832,560,None,Move,browsing
1573114156.687,2845,565,None,Move,browsing
1573114156.699,2858,568,None,Move,browsing
1573114156.709,2871,571,None,Move,browsing
1573114156.718,2884,573,None,Move,browsing
1573114156.7270002,2896,575,None,Move,browsing
1573114156.735,2910,576,None,Move,browsing
1573114156.742,2921,576,None,Move,browsing
1573114156.748,2933,578,None,Move,browsing
1573114156.754,2943,578,None,Move,browsing
1573114156.76,2953,580,None,Move,browsing
1573114156.765,2963,581,None,Move,browsing
1573114156.771,2973,583,None,Move,browsing
1573114156.776,2981,586,None,Move,browsing
1573114156.782,2986,589,None,Move,browsing
1573114156.7870002,2989,592,None,Move,browsing
1573114156.791,2991,598,None,Move,browsing
1573114156.796,2993,605,None,Move,browsing
1573114156.801,2996,612,None,Move,browsing
1573114156.806,2996,620,None,Move,browsing
1573114156.81,2996,627,None,Move,browsing
1573114156.816,2996,635,None,Move,browsing
1573114156.821,2997,644,None,Move,browsing
1573114156.826,2997,651,None,Move,browsing
1573114156.833,2996,659,None,Move,browsing
1573114156.841,2996,663,None,Move,browsing
1573114156.8479998,2996,666,None,Move,browsing
1573114156.855,2996,668,None,Move,browsing
1573114156.861,2996,669,None,Move,browsing
1573114160.617,2997,668,None,Move,browsing
1573114160.65,2999,668,None,Move,browsing
1573114160.679,3010,667,None,Move,browsing
1573114160.698,3027,670,None,Move,browsing
1573114160.711,3050,673,None,Move,browsing
1573114160.722,3080,673,None,Move,browsing
1573114160.7329998,3112,669,None,Move,browsing
1573114160.742,3144,667,None,Move,browsing
1573114160.7510002,3176,665,None,Move,browsing
1573114160.76,3208,665,None,Move,browsing
1573114160.769,3238,667,None,Move,browsing
1573114160.778,3268,671,None,Move,browsing
1573114160.789,3296,675,None,Move,browsing
1573114160.7970002,3320,677,None,Move,browsing
1573114160.806,3342,679,None,Move,browsing
1573114160.815,3360,679,None,Move,browsing
1573114160.825,3372,681,None,Move,browsing
1573114160.834,3380,681,None,Move,browsing
1573114160.842,3386,681,None,Move,browsing
1573114160.85,3388,680,None,Move,browsing
1573114160.9429998,3388,677,None,Move,browsing
1573114160.958,3387,676,None,Move,browsing
1573114160.966,3386,674,None,Move,browsing
1573114160.972,3385,673,None,Move,browsing
1573114160.979,3384,671,None,Move,browsing
1573114160.988,3382,669,None,Move,browsing
1573114160.994,3380,667,None,Move,browsing
1573114161.0,3378,665,None,Move,browsing
1573114161.005,3376,663,None,Move,browsing
1573114161.012,3374,660,None,Move,browsing
1573114161.02,3372,658,None,Move,browsing
1573114161.028,3370,656,None,Move,browsing
1573114161.0370002,3368,654,None,Move,browsing
1573114161.044,3366,651,None,Move,browsing
1573114161.054,3363,649,None,Move,browsing
1573114161.061,3360,647,None,Move,browsing
1573114161.07,3357,645,None,Move,browsing
1573114161.076,3354,644,None,Move,browsing
1573114161.083,3352,642,None,Move,browsing
1573114161.09,3350,641,None,Move,browsing
1573114161.0979998,3348,641,None,Move,browsing
1573114161.106,3347,641,None,Move,browsing
1573114161.1139998,3345,640,None,Move,browsing
1573114161.1220002,3344,640,None,Move,browsing
1573114161.139,3343,640,None,Move,browsing
1573114162.869,3343,638,None,Move,browsing
1573114162.8979998,3342,634,None,Move,browsing
1573114162.914,3339,631,None,Move,browsing
1573114162.924,3338,628,None,Move,browsing
1573114162.9320002,3337,626,None,Move,browsing
1573114162.938,3336,624,None,Move,browsing
1573114162.944,3335,622,None,Move,browsing
1573114162.9529998,3334,620,None,Move,browsing
1573114162.959,3333,618,None,Move,browsing
1573114162.968,3333,616,None,Move,browsing
1573114162.975,3332,615,None,Move,browsing
1573114162.982,3332,614,None,Move,browsing
1573114162.99,3332,613,None,Move,browsing
1573114162.996,3332,612,None,Move,browsing
1573114163.0029998,3331,611,None,Move,browsing
1573114163.0089998,3331,609,None,Move,browsing
1573114163.015,3331,607,None,Move,browsing
1573114163.021,3330,605,None,Move,browsing
1573114163.0270002,3330,603,None,Move,browsing
1573114163.036,3330,601,None,Move,browsing
1573114163.042,3330,600,None,Move,browsing
1573114163.054,3330,599,None,Move,browsing
1573114163.062,3330,598,None,Move,browsing
1573114163.5270002,3330,597,None,Move,browsing
1573114163.5579998,3330,596,None,Move,browsing
1573114163.57,3330,595,None,Move,browsing
1573114163.5779998,3330,593,None,Move,browsing
1573114163.587,3330,593,None,Move,browsing
1573114163.594,3330,591,None,Move,browsing
1573114163.6020002,3330,591,None,Move,browsing
1573114163.609,3330,590,None,Move,browsing
1573114164.851,3330,590,None,Move,browsing
1573114164.883,3314,605,None,Move,browsing
1573114164.901,3290,627,None,Move,browsing
1573114164.91,3266,651,None,Move,browsing
1573114164.9220002,3240,671,None,Move,browsing
1573114164.93,3216,687,None,Move,browsing
1573114164.94,3192,703,None,Move,browsing
1573114164.95,3164,721,None,Move,browsing
1573114164.957,3134,737,None,Move,browsing
1573114164.968,3110,753,None,Move,browsing
1573114164.976,3086,769,None,Move,browsing
1573114164.986,3066,785,None,Move,browsing
1573114164.9929998,3044,797,None,Move,browsing
1573114165.004,3024,807,None,Move,browsing
1573114165.0129998,3008,815,None,Move,browsing
1573114165.022,2994,821,None,Move,browsing
1573114165.032,2982,825,None,Move,browsing
1573114165.04,2976,829,None,Move,browsing
1573114165.05,2972,831,None,Move,browsing
1573114242.099,2974,827,None,Move,browsing
1573114242.1260002,3004,781,None,Move,browsing
1573114242.145,3030,727,None,Move,browsing
1573114242.154,3048,675,None,Move,browsing
1573114242.164,3068,621,None,Move,browsing
1573114242.171,3094,561,None,Move,browsing
1573114242.178,3122,497,None,Move,browsing
1573114242.188,3156,435,None,Move,browsing
1573114242.195,3190,377,None,Move,browsing
1573114242.2029998,3242,313,None,Move,browsing
1573114242.209,3294,245,None,Move,browsing
1573114242.216,3348,177,None,Move,browsing
1573114242.222,3410,111,None,Move,browsing
1573114242.232,3464,51,None,Move,browsing
1573114242.238,3510,0,None,Move,browsing
1573114242.2429998,3556,0,None,Move,browsing
1573114242.252,3600,0,None,Move,browsing
1573114242.2570002,3636,0,None,Move,browsing
1573114242.265,3668,0,None,Move,browsing
1573114242.27,3702,0,None,Move,browsing
1573114242.276,3734,0,None,Move,browsing
1573114242.288,3766,0,None,Move,browsing
1573114242.293,3790,0,None,Move,browsing
1573114242.304,3808,0,None,Move,browsing
1573114242.309,3818,0,None,Move,browsing
1573114242.3179998,3820,0,None,Move,browsing
1573114242.34,3816,5,None,Move,browsing
1573114242.373,3805,21,None,Move,browsing
1573114242.3920002,3789,45,None,Move,browsing
1573114242.403,3775,69,None,Move,browsing
1573114242.411,3763,89,None,Move,browsing
1573114242.4220002,3751,105,None,Move,browsing
1573114242.43,3745,117,None,Move,browsing
1573114242.44,3741,127,None,Move,browsing
1573114242.447,3737,131,None,Move,browsing
1573114242.455,3735,133,None,Move,browsing
1573114242.464,3734,135,None,Move,browsing
1573114242.486,3733,134,None,Move,browsing
1573114242.512,3731,132,None,Move,browsing
1573114242.535,3729,131,None,Move,browsing
1573114242.553,3727,131,None,Move,browsing
1573114242.5679998,3725,131,None,Move,browsing
1573114242.583,3723,130,None,Move,browsing
1573114242.5979998,3721,130,None,Move,browsing
1573114242.613,3718,129,None,Move,browsing
1573114242.629,3716,129,None,Move,browsing
1573114242.644,3714,128,None,Move,browsing
1573114242.659,3713,128,None,Move,browsing
1573114242.674,3712,128,None,Move,browsing
1573114242.689,3710,128,None,Move,browsing
1573114242.706,3708,127,None,Move,browsing
1573114242.722,3705,127,None,Move,browsing
1573114242.738,3700,128,None,Move,browsing
1573114242.754,3696,129,None,Move,browsing
1573114242.77,3692,130,None,Move,browsing
1573114242.786,3689,131,None,Move,browsing
1573114242.803,3686,133,None,Move,browsing
1573114242.8179998,3683,135,None,Move,browsing
1573114242.832,3679,136,None,Move,browsing
1573114242.844,3676,137,None,Move,browsing
1573114242.857,3673,139,None,Move,browsing
1573114242.8679998,3670,140,None,Move,browsing
1573114242.88,3668,141,None,Move,browsing
1573114242.89,3666,142,None,Move,browsing
1573114242.903,3663,143,None,Move,browsing
1573114242.915,3661,144,None,Move,browsing
1573114242.926,3658,145,None,Move,browsing
1573114242.938,3656,147,None,Move,browsing
1573114242.95,3654,149,None,Move,browsing
1573114242.962,3652,150,None,Move,browsing
1573114242.9729998,3649,151,None,Move,browsing
1573114242.986,3647,152,None,Move,browsing
1573114242.998,3645,153,None,Move,browsing
1573114243.0089998,3643,153,None,Move,browsing
1573114243.021,3641,153,None,Move,browsing
1573114243.03,3640,154,None,Move,browsing
1573114243.039,3638,154,None,Move,browsing
1573114243.049,3637,155,None,Move,browsing
1573114243.0570002,3636,155,None,Move,browsing
1573114243.079,3635,155,None,Move,browsing
1573114243.09,3632,155,None,Move,browsing
1573114243.099,3626,155,None,Move,browsing
1573114243.105,3620,155,None,Move,browsing
1573114243.113,3614,155,None,Move,browsing
1573114243.119,3608,154,None,Move,browsing
1573114243.1239998,3601,154,None,Move,browsing
1573114243.13,3595,155,None,Move,browsing
1573114243.135,3589,155,None,Move,browsing
1573114243.141,3583,155,None,Move,browsing
1573114243.147,3580,155,None,Move,browsing
1573114243.1520002,3577,155,None,Move,browsing
1573114243.156,3575,155,None,Move,browsing
1573114243.163,3575,155,Left,Pressed,browsing
1573114243.2410002,3575,155,Left,Released,browsing
1573114243.397,3575,156,None,Move,browsing
1573114243.424,3574,159,None,Move,browsing
1573114243.446,3571,164,None,Move,browsing
1573114243.46,3569,169,None,Move,browsing
1573114243.472,3567,175,None,Move,browsing
1573114243.485,3564,180,None,Move,browsing
1573114243.498,3562,187,None,Move,browsing
1573114243.51,3559,193,None,Move,browsing
1573114243.5229998,3557,199,None,Move,browsing
1573114243.535,3553,206,None,Move,browsing
1573114243.548,3550,213,None,Move,browsing
1573114243.559,3547,220,None,Move,browsing
1573114243.572,3541,226,None,Move,browsing
1573114243.586,3539,230,None,Move,browsing
1573114243.6,3535,235,None,Move,browsing
1573114243.6139998,3532,240,None,Move,browsing
1573114243.627,3530,246,None,Move,browsing
1573114243.639,3526,252,None,Move,browsing
1573114243.6520002,3522,258,None,Move,browsing
1573114243.665,3519,264,None,Move,browsing
1573114243.678,3517,269,None,Move,browsing
1573114243.69,3514,274,None,Move,browsing
1573114243.7029998,3510,279,None,Move,browsing
1573114243.716,3508,284,None,Move,browsing
1573114243.729,3503,289,None,Move,browsing
1573114243.742,3499,295,None,Move,browsing
1573114243.754,3494,300,None,Move,browsing
1573114243.768,3489,305,None,Move,browsing
1573114243.78,3481,308,None,Move,browsing
1573114243.792,3474,313,None,Move,browsing
1573114243.805,3466,319,None,Move,browsing
1573114243.8179998,3457,324,None,Move,browsing
1573114243.83,3447,329,None,Move,browsing
1573114243.842,3439,335,None,Move,browsing
1573114243.854,3431,338,None,Move,browsing
1573114243.867,3422,342,None,Move,browsing
1573114243.88,3414,345,None,Move,browsing
1573114243.893,3406,348,None,Move,browsing
1573114243.903,3399,350,None,Move,browsing
1573114243.911,3392,353,None,Move,browsing
1573114243.917,3383,356,None,Move,browsing
1573114243.9220002,3374,359,None,Move,browsing
1573114243.928,3365,364,None,Move,browsing
1573114243.9329998,3355,368,None,Move,browsing
1573114243.938,3345,373,None,Move,browsing
1573114243.9429998,3334,377,None,Move,browsing
1573114243.948,3324,380,None,Move,browsing
1573114243.9529998,3315,383,None,Move,browsing
1573114243.958,3306,386,None,Move,browsing
1573114243.9629998,3297,389,None,Move,browsing
1573114243.968,3291,392,None,Move,browsing
1573114243.972,3284,393,None,Move,browsing
1573114243.9770002,3279,396,None,Move,browsing
1573114243.981,3275,398,None,Move,browsing
1573114243.986,3271,399,None,Move,browsing
1573114243.9910002,3266,402,None,Move,browsing
1573114243.996,3260,404,None,Move,browsing
1573114244.0010002,3256,407,None,Move,browsing
1573114244.005,3252,410,None,Move,browsing
1573114244.01,3248,412,None,Move,browsing
1573114244.015,3246,415,None,Move,browsing
1573114244.02,3244,417,None,Move,browsing
1573114244.025,3241,418,None,Move,browsing
1573114244.029,3240,420,None,Move,browsing
1573114244.034,3239,421,None,Move,browsing
1573114244.039,3238,422,None,Move,browsing
1573114244.044,3237,422,None,Move,browsing
1573114244.049,3237,423,None,Move,browsing
1573114244.054,3236,425,None,Move,browsing
1573114244.059,3235,427,None,Move,browsing
1573114244.064,3233,430,None,Move,browsing
1573114244.069,3231,432,None,Move,browsing
1573114244.074,3229,435,None,Move,browsing
1573114244.079,3227,438,None,Move,browsing
1573114244.084,3225,441,None,Move,browsing
1573114244.089,3223,444,None,Move,browsing
1573114244.094,3221,446,None,Move,browsing
1573114244.099,3220,448,None,Move,browsing
1573114244.104,3218,450,None,Move,browsing
1573114244.109,3217,452,None,Move,browsing
1573114244.1139998,3215,457,None,Move,browsing
1573114244.119,3213,462,None,Move,browsing
1573114244.1239998,3211,468,None,Move,browsing
1573114244.129,3209,474,None,Move,browsing
1573114244.1339998,3206,482,None,Move,browsing
1573114244.139,3203,491,None,Move,browsing
1573114244.144,3196,503,None,Move,browsing
1573114244.149,3188,515,None,Move,browsing
1573114244.154,3180,530,None,Move,browsing
1573114244.159,3173,543,None,Move,browsing
1573114244.165,3164,553,None,Move,browsing
1573114244.17,3159,564,None,Move,browsing
1573114244.175,3154,575,None,Move,browsing
1573114244.18,3149,587,None,Move,browsing
1573114244.186,3146,597,None,Move,browsing
1573114244.191,3143,603,None,Move,browsing
1573114244.2,3139,608,None,Move,browsing
1573114244.206,3138,612,None,Move,browsing
1573114244.212,3136,615,None,Move,browsing
1573114244.219,3135,618,None,Move,browsing
1573114245.565,3135,621,None,Move,browsing
1573114245.5779998,3136,630,None,Move,browsing
1573114245.595,3137,646,None,Move,browsing
1573114245.613,3139,664,None,Move,browsing
1573114245.6339998,3143,682,None,Move,browsing
1573114245.65,3147,699,None,Move,browsing
1573114245.657,3148,715,None,Move,browsing
1573114245.665,3150,732,None,Move,browsing
1573114245.674,3152,748,None,Move,browsing
1573114245.681,3154,763,None,Move,browsing
1573114245.689,3154,774,None,Move,browsing
1573114245.696,3154,785,None,Move,browsing
1573114245.704,3152,795,None,Move,browsing
1573114245.711,3152,802,None,Move,browsing
1573114245.718,3152,809,None,Move,browsing
1573114245.724,3151,813,None,Move,browsing
1573114245.732,3151,818,None,Move,browsing
1573114245.738,3151,821,None,Move,browsing
1573114245.745,3151,824,None,Move,browsing
1573114245.7529998,3149,827,None,Move,browsing
1573114245.7589998,3149,829,None,Move,browsing
1573114245.766,3148,831,None,Move,browsing
1573114245.7729998,3148,832,None,Move,browsing
1573114245.78,3147,833,None,Move,browsing
1573114249.056,3147,832,None,Move,browsing
1573114249.086,3146,831,None,Move,browsing
1573114249.1120002,3111,800,None,Move,browsing
1573114249.1360002,3065,768,None,Move,browsing
1573114249.16,3015,744,None,Move,browsing
1573114249.18,2965,720,None,Move,browsing
1573114249.1920002,2915,696,None,Move,browsing
1573114249.199,2871,674,None,Move,browsing
1573114249.206,2829,650,None,Move,browsing
1573114249.212,2785,622,None,Move,browsing
1573114249.218,2747,594,None,Move,browsing
1573114249.2229998,2713,568,None,Move,browsing
1573114249.229,2687,546,None,Move,browsing
1573114249.236,2667,530,None,Move,browsing
1573114249.242,2647,526,None,Move,browsing
1573114249.248,2633,522,None,Move,browsing
1573114249.254,2621,518,None,Move,browsing
1573114249.2589998,2609,514,None,Move,browsing
1573114249.265,2601,510,None,Move,browsing
1573114249.27,2597,506,None,Move,browsing
1573114249.276,2597,504,None,Move,browsing
1573114249.282,2599,502,None,Move,browsing
1573114249.2870002,2603,499,None,Move,browsing
1573114249.293,2607,497,None,Move,browsing
1573114249.298,2612,495,None,Move,browsing
1573114249.303,2616,494,None,Move,browsing
1573114249.309,2621,494,None,Move,browsing
1573114249.314,2628,495,None,Move,browsing
1573114249.32,2634,497,None,Move,browsing
1573114249.325,2642,500,None,Move,browsing
1573114249.331,2652,502,None,Move,browsing
1573114249.337,2662,505,None,Move,browsing
1573114249.342,2671,506,None,Move,browsing
1573114249.3479998,2682,509,None,Move,browsing
1573114249.353,2695,509,None,Move,browsing
1573114249.3579998,2711,509,None,Move,browsing
1573114249.363,2726,509,None,Move,browsing
1573114249.371,2744,509,None,Move,browsing
1573114249.379,2763,511,None,Move,browsing
1573114249.385,2784,511,None,Move,browsing
1573114249.393,2805,514,None,Move,browsing
1573114249.401,2823,514,None,Move,browsing
1573114249.409,2845,514,None,Move,browsing
1573114249.419,2869,512,None,Move,browsing
1573114249.425,2896,508,None,Move,browsing
1573114249.434,2920,504,None,Move,browsing
1573114249.441,2944,500,None,Move,browsing
1573114249.449,2966,496,None,Move,browsing
1573114249.458,2988,494,None,Move,browsing
1573114249.479,3008,494,None,Move,browsing
1573114249.5,3028,496,None,Move,browsing
1573114249.52,3046,500,None,Move,browsing
1573114249.54,3066,506,None,Move,browsing
1573114249.561,3082,516,None,Move,browsing
1573114249.58,3098,526,None,Move,browsing
1573114249.596,3110,538,None,Move,browsing
1573114249.6120002,3121,546,None,Move,browsing
1573114249.627,3130,553,None,Move,browsing
1573114249.6420002,3137,562,None,Move,browsing
1573114249.658,3143,568,None,Move,browsing
1573114249.673,3147,577,None,Move,browsing
1573114249.686,3152,585,None,Move,browsing
1573114249.694,3155,589,None,Move,browsing
1573114249.705,3158,592,None,Move,browsing
1573114249.714,3160,592,None,Move,browsing
1573114251.9420002,3164,589,None,Move,browsing
1573114251.958,3182,574,None,Move,browsing
1573114251.969,3204,556,None,Move,browsing
1573114251.98,3226,540,None,Move,browsing
1573114251.992,3246,526,None,Move,browsing
1573114252.0029998,3270,510,None,Move,browsing
1573114252.015,3294,496,None,Move,browsing
1573114252.026,3316,478,None,Move,browsing
1573114252.0370002,3334,460,None,Move,browsing
1573114252.048,3352,440,None,Move,browsing
1573114252.059,3370,424,None,Move,browsing
1573114252.071,3386,412,None,Move,browsing
1573114252.082,3398,400,None,Move,browsing
1573114252.095,3408,388,None,Move,browsing
1573114252.106,3416,378,None,Move,browsing
1573114252.119,3422,366,None,Move,browsing
1573114252.131,3428,356,None,Move,browsing
1573114252.1420002,3432,344,None,Move,browsing
1573114252.153,3436,334,None,Move,browsing
1573114252.164,3440,322,None,Move,browsing
1573114252.176,3443,313,None,Move,browsing
1573114252.187,3447,304,None,Move,browsing
1573114252.199,3450,296,None,Move,browsing
1573114252.211,3453,288,None,Move,browsing
1573114252.2229998,3456,280,None,Move,browsing
1573114252.235,3459,271,None,Move,browsing
1573114252.2489998,3464,263,None,Move,browsing
1573114252.264,3468,256,None,Move,browsing
1573114252.276,3471,249,None,Move,browsing
1573114252.2870002,3475,242,None,Move,browsing
1573114252.3,3479,236,None,Move,browsing
1573114252.314,3484,231,None,Move,browsing
1573114252.327,3488,225,None,Move,browsing
1573114252.339,3497,220,None,Move,browsing
1573114252.3520002,3503,213,None,Move,browsing
1573114252.363,3510,208,None,Move,browsing
1573114252.375,3517,202,None,Move,browsing
1573114252.3860002,3524,197,None,Move,browsing
1573114252.397,3529,193,None,Move,browsing
1573114252.407,3534,189,None,Move,browsing
1573114252.418,3538,186,None,Move,browsing
1573114252.43,3542,183,None,Move,browsing
1573114252.4420002,3544,181,None,Move,browsing
1573114252.456,3547,178,None,Move,browsing
1573114252.47,3549,178,None,Move,browsing
1573114252.485,3551,177,None,Move,browsing
1573114252.498,3552,177,None,Move,browsing
1573114252.5110002,3556,176,None,Move,browsing
1573114252.526,3561,175,None,Move,browsing
1573114252.54,3567,173,None,Move,browsing
1573114252.554,3573,171,None,Move,browsing
1573114252.5670002,3577,170,None,Move,browsing
1573114252.579,3582,169,None,Move,browsing
1573114252.593,3585,168,None,Move,browsing
1573114252.606,3588,167,None,Move,browsing
1573114252.617,3590,166,None,Move,browsing
1573114252.6260002,3592,165,None,Move,browsing
1573114252.6379998,3594,165,None,Move,browsing
1573114252.647,3596,165,None,Move,browsing
1573114252.657,3597,165,None,Move,browsing
1573114252.666,3598,165,None,Move,browsing
1573114252.675,3599,165,None,Move,browsing
1573114252.687,3599,166,None,Move,browsing
1573114252.696,3599,167,None,Move,browsing
1573114252.706,3599,167,None,Move,browsing
1573114252.715,3599,168,None,Move,browsing
1573114252.901,3599,168,None,Move,browsing
1573114252.9220002,3598,169,None,Move,browsing
1573114252.944,3597,171,None,Move,browsing
1573114252.971,3597,172,None,Move,browsing
1573114252.9870002,3596,174,None,Move,browsing
1573114252.998,3595,176,None,Move,browsing
1573114253.008,3594,178,None,Move,browsing
1573114253.0170002,3593,179,None,Move,browsing
1573114253.026,3593,181,None,Move,browsing
1573114253.038,3592,182,None,Move,browsing
1573114253.048,3592,183,None,Move,browsing
1573114253.0579998,3592,184,None,Move,browsing
1573114253.07,3591,184,None,Move,browsing
1573114253.08,3591,185,None,Move,browsing
1573114253.091,3591,186,None,Move,browsing
1573114253.101,3590,186,None,Move,browsing
1573114253.11,3590,187,None,Move,browsing
1573114253.123,3590,188,None,Move,browsing
1573114253.1339998,3589,188,None,Move,browsing
1573114253.145,3589,189,None,Move,browsing
1573114253.158,3589,190,None,Move,browsing
1573114253.17,3588,190,None,Move,browsing
1573114253.18,3588,191,None,Move,browsing
1573114253.191,3588,192,None,Move,browsing
1573114253.202,3587,192,None,Move,browsing
1573114253.2129998,3587,193,None,Move,browsing
1573114253.583,3586,194,None,Move,browsing
1573114253.6079998,3585,195,None,Move,browsing
1573114253.6239998,3584,196,None,Move,browsing
1573114253.641,3583,197,None,Move,browsing
1573114253.656,3581,199,None,Move,browsing
1573114253.671,3579,200,None,Move,browsing
1573114253.685,3576,201,None,Move,browsing
1573114253.7029998,3574,203,None,Move,browsing
1573114253.719,3571,205,None,Move,browsing
1573114253.734,3569,207,None,Move,browsing
1573114253.75,3567,208,None,Move,browsing
1573114253.766,3563,210,None,Move,browsing
1573114253.781,3560,212,None,Move,browsing
1573114253.795,3556,215,None,Move,browsing
1573114253.811,3551,220,None,Move,browsing
1573114253.827,3544,227,None,Move,browsing
1573114253.844,3537,232,None,Move,browsing
1573114253.86,3530,238,None,Move,browsing
1573114253.875,3522,244,None,Move,browsing
1573114253.8920002,3515,249,None,Move,browsing
1573114253.908,3507,253,None,Move,browsing
1573114253.9220002,3500,255,None,Move,browsing
1573114253.937,3493,258,None,Move,browsing
1573114253.95,3488,261,None,Move,browsing
1573114253.964,3482,264,None,Move,browsing
1573114253.9770002,3478,266,None,Move,browsing
1573114253.9910002,3473,269,None,Move,browsing
1573114254.006,3467,272,None,Move,browsing
1573114254.019,3460,275,None,Move,browsing
1573114254.032,3453,277,None,Move,browsing
1573114254.045,3446,282,None,Move,browsing
1573114254.059,3440,284,None,Move,browsing
1573114254.073,3434,287,None,Move,browsing
1573114254.087,3428,289,None,Move,browsing
1573114254.101,3421,292,None,Move,browsing
1573114254.117,3415,295,None,Move,browsing
1573114254.131,3409,297,None,Move,browsing
1573114254.145,3401,300,None,Move,browsing
1573114254.159,3395,302,None,Move,browsing
1573114254.174,3390,305,None,Move,browsing
1573114254.188,3385,307,None,Move,browsing
1573114254.202,3381,310,None,Move,browsing
1573114254.215,3377,312,None,Move,browsing
1573114254.228,3374,315,None,Move,browsing
1573114254.2410002,3372,317,None,Move,browsing
1573114254.255,3370,320,None,Move,browsing
1573114254.268,3367,321,None,Move,browsing
1573114254.28,3365,323,None,Move,browsing
1573114254.292,3363,324,None,Move,browsing
1573114254.306,3361,327,None,Move,browsing
1573114254.32,3358,329,None,Move,browsing
1573114254.333,3356,331,None,Move,browsing
1573114254.346,3354,333,None,Move,browsing
1573114254.359,3352,334,None,Move,browsing
1573114254.3720002,3350,336,None,Move,browsing
1573114254.3860002,3347,337,None,Move,browsing
1573114254.4,3345,338,None,Move,browsing
1573114254.4120002,3343,339,None,Move,browsing
1573114254.427,3341,339,None,Move,browsing
1573114254.44,3340,340,None,Move,browsing
1573114254.4529998,3338,340,None,Move,browsing
1573114254.465,3336,341,None,Move,browsing
1573114254.479,3334,342,None,Move,browsing
1573114254.4910002,3333,342,None,Move,browsing
1573114254.504,3332,342,None,Move,browsing
1573114254.518,3331,342,None,Move,browsing
1573114254.532,3330,342,None,Move,browsing
1573114254.545,3330,343,None,Move,browsing
1573114254.5579998,3329,343,None,Move,browsing
1573114254.572,3328,344,None,Move,browsing
1573114254.585,3327,344,None,Move,browsing
1573114254.597,3326,344,None,Move,browsing
1573114254.61,3325,344,None,Move,browsing
1573114255.231,3324,344,None,Move,browsing
1573114255.246,3321,346,None,Move,browsing
1573114255.258,3314,349,None,Move,browsing
1573114255.275,3305,350,None,Move,browsing
1573114255.29,3294,350,None,Move,browsing
1573114255.3070002,3276,351,None,Move,browsing
1573114255.324,3256,355,None,Move,browsing
1573114255.34,3228,358,None,Move,browsing
1573114255.356,3195,362,None,Move,browsing
1573114255.3720002,3153,364,None,Move,browsing
1573114255.3879998,3109,368,None,Move,browsing
1573114255.404,3061,370,None,Move,browsing
1573114255.42,3013,380,None,Move,browsing
1573114255.435,2967,384,None,Move,browsing
1573114255.452,2919,386,None,Move,browsing
1573114255.469,2875,384,None,Move,browsing
1573114255.4889998,2831,380,None,Move,browsing
1573114255.5010002,2783,374,None,Move,browsing
1573114255.51,2739,370,None,Move,browsing
1573114255.521,2695,370,None,Move,browsing
1573114255.5270002,2651,370,None,Move,browsing
1573114255.535,2607,372,None,Move,browsing
1573114255.541,2569,376,None,Move,browsing
1573114255.549,2533,380,None,Move,browsing
1573114255.555,2499,384,None,Move,browsing
1573114255.561,2465,384,None,Move,browsing
1573114255.5670002,2437,384,None,Move,browsing
1573114255.573,2409,382,None,Move,browsing
1573114255.579,2381,378,None,Move,browsing
1573114255.585,2355,374,None,Move,browsing
1573114255.59,2329,372,None,Move,browsing
1573114255.596,2305,370,None,Move,browsing
1573114255.6020002,2283,368,None,Move,browsing
1573114255.607,2261,366,None,Move,browsing
1573114255.613,2243,362,None,Move,browsing
1573114255.619,2225,360,None,Move,browsing
1573114255.625,2209,360,None,Move,browsing
1573114255.63,2195,358,None,Move,browsing
1573114255.635,2183,358,None,Move,browsing
1573114255.641,2171,358,None,Move,browsing
1573114255.646,2159,358,None,Move,browsing
1573114255.651,2147,360,None,Move,browsing
1573114255.657,2136,360,None,Move,browsing
1573114255.6620002,2125,362,None,Move,browsing
1573114255.668,2115,362,None,Move,browsing
1573114255.673,2106,364,None,Move,browsing
1573114255.679,2097,364,None,Move,browsing
1573114255.685,2092,364,None,Move,browsing
1573114255.69,2088,364,None,Move,browsing
1573114255.696,2085,364,None,Move,browsing
1573114255.702,2082,364,None,Move,browsing
1573114255.707,2081,362,None,Move,browsing
1573114255.712,2084,362,None,Move,browsing
1573114255.718,2092,362,None,Move,browsing
1573114255.724,2101,362,None,Move,browsing
1573114255.729,2111,362,None,Move,browsing
1573114255.735,2123,362,None,Move,browsing
1573114255.7410002,2135,362,None,Move,browsing
1573114255.746,2148,364,None,Move,browsing
1573114255.752,2162,367,None,Move,browsing
1573114255.758,2176,370,None,Move,browsing
1573114255.765,2195,374,None,Move,browsing
1573114255.77,2215,380,None,Move,browsing
1573114255.776,2236,388,None,Move,browsing
1573114255.782,2258,397,None,Move,browsing
1573114255.789,2281,404,None,Move,browsing
1573114255.7970002,2304,414,None,Move,browsing
1573114255.803,2327,425,None,Move,browsing
1573114255.809,2351,437,None,Move,browsing
1573114255.816,2373,449,None,Move,browsing
1573114255.823,2393,461,None,Move,browsing
1573114255.831,2411,471,None,Move,browsing
1573114255.839,2427,481,None,Move,browsing
1573114255.8479998,2443,491,None,Move,browsing
1573114255.856,2455,499,None,Move,browsing
1573114255.863,2467,505,None,Move,browsing
1573114255.87,2475,509,None,Move,browsing
1573114255.877,2481,513,None,Move,browsing
1573114255.8879998,2484,515,None,Move,browsing
1573114255.894,2486,515,None,Move,browsing
1573114256.043,2486,514,None,Move,browsing
1573114256.069,2486,510,None,Move,browsing
1573114256.089,2484,507,None,Move,browsing
1573114256.104,2482,504,None,Move,browsing
1573114256.115,2478,501,None,Move,browsing
1573114256.123,2472,498,None,Move,browsing
1573114256.1320002,2465,496,None,Move,browsing
1573114256.139,2457,493,None,Move,browsing
1573114256.1479998,2449,489,None,Move,browsing
1573114256.156,2441,487,None,Move,browsing
1573114256.166,2433,484,None,Move,browsing
1573114256.174,2425,480,None,Move,browsing
1573114256.1820002,2417,476,None,Move,browsing
1573114256.19,2411,473,None,Move,browsing
1573114256.2,2407,470,None,Move,browsing
1573114256.207,2405,468,None,Move,browsing
1573114256.218,2402,467,None,Move,browsing
1573114256.225,2401,465,None,Move,browsing
1573114257.245,2401,464,None,Move,browsing
1573114257.271,2400,461,None,Move,browsing
1573114257.293,2399,454,None,Move,browsing
1573114257.319,2397,444,None,Move,browsing
1573114257.335,2395,437,None,Move,browsing
1573114257.343,2394,428,None,Move,browsing
1573114257.355,2393,418,None,Move,browsing
1573114257.361,2390,409,None,Move,browsing
1573114257.3720002,2389,397,None,Move,browsing
1573114257.381,2386,386,None,Move,browsing
1573114257.389,2384,374,None,Move,browsing
1573114257.399,2381,362,None,Move,browsing
1573114257.407,2378,349,None,Move,browsing
1573114257.417,2375,337,None,Move,browsing
1573114257.425,2372,326,None,Move,browsing
1573114257.434,2369,315,None,Move,browsing
1573114257.441,2366,306,None,Move,browsing
1573114257.45,2363,294,None,Move,browsing
1573114257.458,2359,284,None,Move,browsing
1573114257.468,2356,276,None,Move,browsing
1573114257.475,2353,267,None,Move,browsing
1573114257.484,2350,257,None,Move,browsing
1573114257.4910002,2348,249,None,Move,browsing
1573114257.502,2345,245,None,Move,browsing
1573114257.5089998,2345,240,None,Move,browsing
1573114257.519,2342,234,None,Move,browsing
1573114257.526,2341,230,None,Move,browsing
1573114257.534,2341,228,None,Move,browsing
1573114257.541,2340,225,None,Move,browsing
1573114257.55,2338,222,None,Move,browsing
1573114257.5570002,2337,220,None,Move,browsing
1573114257.5670002,2336,218,None,Move,browsing
1573114257.575,2335,215,None,Move,browsing
1573114257.583,2334,212,None,Move,browsing
1573114257.59,2333,210,None,Move,browsing
1573114257.6,2332,208,None,Move,browsing
1573114257.607,2331,206,None,Move,browsing
1573114257.617,2330,204,None,Move,browsing
1573114257.625,2329,202,None,Move,browsing
1573114257.633,2328,200,None,Move,browsing
1573114257.64,2327,198,None,Move,browsing
1573114257.65,2327,196,None,Move,browsing
1573114257.657,2326,194,None,Move,browsing
1573114257.667,2326,191,None,Move,browsing
1573114257.674,2326,189,None,Move,browsing
1573114257.6820002,2326,186,None,Move,browsing
1573114257.689,2325,184,None,Move,browsing
1573114257.699,2325,182,None,Move,browsing
1573114257.707,2325,180,None,Move,browsing
1573114257.716,2325,179,None,Move,browsing
1573114257.724,2325,178,None,Move,browsing
1573114257.732,2325,177,None,Move,browsing
1573114257.74,2325,176,None,Move,browsing
1573114257.7489998,2325,175,None,Move,browsing
1573114257.7570002,2326,175,None,Move,browsing
1573114257.766,2326,174,None,Move,browsing
1573114257.7729998,2327,173,None,Move,browsing
1573114257.782,2327,171,None,Move,browsing
1573114257.79,2328,170,None,Move,browsing
1573114257.8,2329,169,None,Move,browsing
1573114257.8070002,2330,167,None,Move,browsing
1573114257.816,2331,166,None,Move,browsing
1573114257.824,2332,166,None,Move,browsing
1573114257.832,2333,164,None,Move,browsing
1573114257.839,2334,163,None,Move,browsing
1573114257.847,2334,162,None,Move,browsing
1573114257.855,2335,162,None,Move,browsing
1573114257.916,2335,162,Left,Pressed,browsing
1573114258.1160002,2335,162,Left,Released,browsing
1573114258.649,2335,162,None,Move,browsing
1573114258.663,2336,165,None,Move,browsing
1573114258.673,2338,168,None,Move,browsing
1573114258.685,2345,177,None,Move,browsing
1573114258.696,2356,195,None,Move,browsing
1573114258.708,2369,214,None,Move,browsing
1573114258.719,2384,237,None,Move,browsing
1573114258.732,2400,261,None,Move,browsing
1573114258.7429998,2416,289,None,Move,browsing
1573114258.754,2432,317,None,Move,browsing
1573114258.764,2446,341,None,Move,browsing
1573114258.772,2460,363,None,Move,browsing
1573114258.782,2472,381,None,Move,browsing
1573114258.79,2486,397,None,Move,browsing
1573114258.801,2495,408,None,Move,browsing
1573114258.809,2504,417,None,Move,browsing
1573114258.8170002,2516,429,None,Move,browsing
1573114258.824,2528,439,None,Move,browsing
1573114258.836,2536,443,None,Move,browsing
1573114258.843,2542,447,None,Move,browsing
1573114258.853,2546,451,None,Move,browsing
1573114258.86,2550,455,None,Move,browsing
1573114258.8679998,2554,458,None,Move,browsing
1573114258.875,2557,460,None,Move,browsing
1573114258.883,2557,462,None,Move,browsing
1573114258.906,2559,463,None,Move,browsing
1573114258.931,2561,464,None,Move,browsing
1573114258.952,2563,466,None,Move,browsing
1573114258.9629998,2565,468,None,Move,browsing
1573114258.9729998,2567,470,None,Move,browsing
1573114258.985,2569,472,None,Move,browsing
1573114258.995,2571,474,None,Move,browsing
1573114259.0070002,2573,475,None,Move,browsing
1573114259.018,2575,476,None,Move,browsing
1573114259.028,2576,476,None,Move,browsing
1573114259.038,2577,476,None,Move,browsing
1573114259.0679998,2578,474,None,Move,browsing
1573114259.092,2578,473,None,Move,browsing
1573114259.106,2579,469,None,Move,browsing
1573114259.119,2581,465,None,Move,browsing
1573114259.131,2582,461,None,Move,browsing
1573114259.143,2584,457,None,Move,browsing
1573114259.155,2585,453,None,Move,browsing
1573114259.167,2587,450,None,Move,browsing
1573114259.177,2588,446,None,Move,browsing
1573114259.186,2590,442,None,Move,browsing
1573114259.194,2591,439,None,Move,browsing
1573114259.202,2592,436,None,Move,browsing
1573114259.21,2592,434,None,Move,browsing
1573114259.217,2593,432,None,Move,browsing
1573114259.225,2595,429,None,Move,browsing
1573114259.232,2595,427,None,Move,browsing
1573114259.24,2596,425,None,Move,browsing
1573114259.2470002,2596,423,None,Move,browsing
1573114259.256,2596,421,None,Move,browsing
1573114259.265,2596,421,Left,Pressed,browsing
1573114259.452,2596,421,Left,Released,browsing
1573114260.231,2597,420,None,Move,browsing
1573114260.2570002,2603,420,None,Move,browsing
1573114260.2770002,2615,423,None,Move,browsing
1573114260.296,2629,427,None,Move,browsing
1573114260.3170002,2648,430,None,Move,browsing
1573114260.334,2669,432,None,Move,browsing
1573114260.343,2694,435,None,Move,browsing
1573114260.353,2717,441,None,Move,browsing
1573114260.3579998,2741,447,None,Move,browsing
1573114260.363,2765,451,None,Move,browsing
1573114260.369,2789,455,None,Move,browsing
1573114260.373,2815,461,None,Move,browsing
1573114260.379,2839,467,None,Move,browsing
1573114260.385,2863,471,None,Move,browsing
1573114260.39,2887,473,None,Move,browsing
1573114260.395,2909,475,None,Move,browsing
1573114260.4,2931,477,None,Move,browsing
1573114260.406,2949,477,None,Move,browsing
1573114260.411,2969,477,None,Move,browsing
1573114260.416,2987,473,None,Move,browsing
1573114260.4220002,3003,471,None,Move,browsing
1573114260.426,3019,471,None,Move,browsing
1573114260.4320002,3035,471,None,Move,browsing
1573114260.437,3049,471,None,Move,browsing
1573114260.4420002,3061,471,None,Move,browsing
1573114260.447,3073,473,None,Move,browsing
1573114260.452,3084,475,None,Move,browsing
1573114260.458,3091,475,None,Move,browsing
1573114260.4629998,3096,475,None,Move,browsing
1573114260.468,3099,477,None,Move,browsing
1573114260.475,3101,477,None,Move,browsing
1573114260.481,3102,477,None,Move,browsing
1573114260.562,3101,477,None,Move,browsing
1573114260.585,3101,476,None,Move,browsing
1573114260.607,3094,472,None,Move,browsing
1573114260.627,3085,467,None,Move,browsing
1573114260.647,3069,462,None,Move,browsing
1573114260.667,3048,457,None,Move,browsing
1573114260.6829998,3025,454,None,Move,browsing
1573114260.6920002,2997,450,None,Move,browsing
1573114260.702,2968,446,None,Move,browsing
1573114260.708,2933,442,None,Move,browsing
1573114260.715,2897,438,None,Move,browsing
1573114260.721,2863,434,None,Move,browsing
1573114260.7270002,2829,426,None,Move,browsing
1573114260.7329998,2797,420,None,Move,browsing
1573114260.738,2769,416,None,Move,browsing
1573114260.744,2743,410,None,Move,browsing
1573114260.75,2717,398,None,Move,browsing
1573114260.756,2695,390,None,Move,browsing
1573114260.762,2671,382,None,Move,browsing
1573114260.769,2649,376,None,Move,browsing
1573114260.775,2629,372,None,Move,browsing
1573114260.781,2613,366,None,Move,browsing
1573114260.7870002,2597,362,None,Move,browsing
1573114260.794,2583,358,None,Move,browsing
1573114260.801,2571,356,None,Move,browsing
1573114260.8079998,2563,352,None,Move,browsing
1573114260.816,2557,348,None,Move,browsing
1573114260.822,2553,346,None,Move,browsing
1573114260.831,2551,346,None,Move,browsing
1573114260.8379998,2549,345,None,Move,browsing
1573114260.847,2549,343,None,Move,browsing
1573114260.854,2548,342,None,Move,browsing
1573114260.8620002,2546,339,None,Move,browsing
1573114260.869,2544,335,None,Move,browsing
1573114260.877,2543,333,None,Move,browsing
1573114260.8839998,2542,330,None,Move,browsing
1573114260.8920002,2540,328,None,Move,browsing
1573114260.901,2540,326,None,Move,browsing
1573114260.908,2539,324,None,Move,browsing
1573114260.915,2539,321,None,Move,browsing
1573114260.921,2538,318,None,Move,browsing
1573114260.928,2538,316,None,Move,browsing
1573114260.935,2538,314,None,Move,browsing
1573114260.941,2538,311,None,Move,browsing
1573114260.947,2538,308,None,Move,browsing
1573114260.9529998,2538,305,None,Move,browsing
1573114260.96,2538,303,None,Move,browsing
1573114260.967,2538,301,None,Move,browsing
1573114260.9729998,2538,299,None,Move,browsing
1573114260.982,2538,297,None,Move,browsing
1573114260.99,2538,295,None,Move,browsing
1573114260.998,2538,293,None,Move,browsing
1573114261.006,2538,291,None,Move,browsing
1573114261.015,2538,289,None,Move,browsing
1573114261.022,2537,287,None,Move,browsing
1573114261.031,2537,285,None,Move,browsing
1573114261.0370002,2536,283,None,Move,browsing
1573114261.044,2535,281,None,Move,browsing
1573114261.051,2534,279,None,Move,browsing
1573114261.0579998,2533,278,None,Move,browsing
1573114261.0670002,2532,277,None,Move,browsing
1573114261.073,2531,276,None,Move,browsing
1573114261.08,2530,275,None,Move,browsing
1573114261.086,2530,274,None,Move,browsing
1573114261.093,2529,274,None,Move,browsing
1573114261.099,2529,273,None,Move,browsing
1573114261.2410002,2529,273,Left,Pressed,browsing
1573114261.42,2529,273,Left,Released,browsing
1573114261.4870002,2529,273,None,Move,browsing
1573114261.5110002,2529,274,None,Move,browsing
1573114261.534,2530,276,None,Move,browsing
1573114261.554,2531,278,None,Move,browsing
1573114261.577,2531,279,None,Move,browsing
1573114261.599,2532,280,None,Move,browsing
1573114261.62,2532,281,None,Move,browsing
1573114261.641,2533,282,None,Move,browsing
1573114261.663,2533,283,None,Move,browsing
1573114261.676,2534,283,None,Move,browsing
1573114261.685,2534,283,Left,Pressed,browsing
1573114261.801,2534,283,Left,Released,browsing
1573114262.0089998,2532,285,None,Move,browsing
1573114262.0170002,2525,290,None,Move,browsing
1573114262.0270002,2515,300,None,Move,browsing
1573114262.0370002,2505,310,None,Move,browsing
1573114262.043,2493,321,None,Move,browsing
1573114262.05,2481,329,None,Move,browsing
1573114262.0579998,2467,338,None,Move,browsing
1573114262.065,2453,343,None,Move,browsing
1573114262.071,2439,348,None,Move,browsing
1573114262.08,2425,350,None,Move,browsing
1573114262.087,2411,352,None,Move,browsing
1573114262.0979998,2403,352,None,Move,browsing
1573114262.104,2396,352,None,Move,browsing
1573114262.115,2393,352,None,Move,browsing
1573114262.121,2390,352,None,Move,browsing
1573114262.1320002,2388,352,None,Move,browsing
1573114262.1379998,2385,352,None,Move,browsing
1573114262.1479998,2382,352,None,Move,browsing
1573114262.154,2381,352,None,Move,browsing
1573114262.1620002,2380,352,None,Move,browsing
1573114262.169,2378,352,None,Move,browsing
1573114262.18,2375,352,None,Move,browsing
1573114262.189,2372,353,None,Move,browsing
1573114262.2,2368,353,None,Move,browsing
1573114262.2129998,2362,353,None,Move,browsing
1573114262.221,2356,353,None,Move,browsing
1573114262.231,2350,353,None,Move,browsing
1573114262.242,2344,353,None,Move,browsing
1573114262.2510002,2338,353,None,Move,browsing
1573114262.2589998,2331,352,None,Move,browsing
1573114262.2670002,2325,352,None,Move,browsing
1573114262.274,2318,351,None,Move,browsing
1573114262.281,2311,351,None,Move,browsing
1573114262.2870002,2305,350,None,Move,browsing
1573114262.295,2300,350,None,Move,browsing
1573114262.301,2296,348,None,Move,browsing
1573114262.309,2294,348,None,Move,browsing
1573114262.315,2291,347,None,Move,browsing
1573114262.321,2290,347,None,Move,browsing
1573114262.329,2289,347,None,Move,browsing
1573114262.379,2288,347,None,Move,browsing
1573114262.404,2286,347,None,Move,browsing
1573114262.428,2284,346,None,Move,browsing
1573114262.45,2282,345,None,Move,browsing
1573114262.47,2280,343,None,Move,browsing
1573114262.4889998,2278,342,None,Move,browsing
1573114262.508,2276,340,None,Move,browsing
1573114262.5270002,2274,339,None,Move,browsing
1573114262.546,2273,338,None,Move,browsing
1573114262.566,2272,338,None,Move,browsing
1573114262.585,2272,337,None,Move,browsing
1573114262.6139998,2271,337,None,Move,browsing
1573114262.6239998,2271,337,Left,Pressed,browsing
1573114262.7589998,2271,337,Left,Released,development
1573114262.8779998,2273,336,None,Move,development
1573114262.899,2279,335,None,Move,development
1573114262.923,2291,334,None,Move,development
1573114262.948,2303,332,None,Move,development
1573114262.972,2318,331,None,Move,development
1573114262.992,2336,331,None,Move,development
1573114263.012,2357,332,None,Move,development
1573114263.033,2379,332,None,Move,development
1573114263.052,2400,332,None,Move,development
1573114263.071,2419,332,None,Move,development
1573114263.09,2438,332,None,Move,development
1573114263.11,2459,334,None,Move,development
1573114263.131,2478,334,None,Move,development
1573114263.15,2493,334,None,Move,development
1573114263.169,2509,334,None,Move,development
1573114263.188,2522,332,None,Move,development
1573114263.207,2531,332,None,Move,development
1573114263.225,2537,332,None,Move,development
1573114263.245,2540,332,None,Move,development
1573114263.265,2540,332,Left,Pressed,development
1573114263.285,2540,332,Left,Released,development
1573114267.0029998,2544,326,None,Move,development
1573114267.0110002,2576,267,None,Move,development
1573114267.0170002,2612,181,None,Move,development
1573114267.025,2660,95,None,Move,development
1573114267.034,2706,17,None,Move,development
1573114267.041,2754,0,None,Move,development
1573114267.049,2800,0,None,Move,development
1573114267.0570002,2838,0,None,Move,development
1573114267.065,2864,0,None,Move,development
1573114267.073,2886,0,None,Move,development
1573114267.081,2910,0,None,Move,development
1573114267.089,2928,0,None,Move,development
1573114267.097,2944,0,None,Move,development
1573114267.105,2956,0,None,Move,development
1573114267.111,2964,0,None,Move,development
1573114267.119,2968,0,None,Move,development
1573114267.129,2970,0,None,Move,development
1573114267.135,2970,0,None,Move,development
1573114267.143,2966,0,None,Move,development
1573114267.151,2962,0,None,Move,development
1573114267.159,2958,0,None,Move,development
1573114267.167,2954,0,None,Move,development
1573114267.175,2951,0,None,Move,development
1573114267.1829998,2949,0,None,Move,development
1573114267.191,2948,0,None,Move,development
1573114267.399,2948,0,None,Move,development
1573114267.409,2948,2,None,Move,development
1573114267.417,2950,11,None,Move,development
1573114267.425,2950,23,None,Move,development
1573114267.434,2950,32,None,Move,development
1573114267.441,2949,41,None,Move,development
1573114267.449,2949,48,None,Move,development
1573114267.457,2949,53,None,Move,development
1573114267.465,2949,56,None,Move,development
1573114267.4729998,2949,57,None,Move,development
1573114267.59,2949,58,None,Move,development
1573114267.6179998,2949,60,None,Move,development
1573114267.635,2950,65,None,Move,development
1573114267.6520002,2951,70,None,Move,development
1573114267.67,2953,75,None,Move,development
1573114267.688,2955,80,None,Move,development
1573114267.705,2957,85,None,Move,development
1573114267.721,2959,87,None,Move,development
1573114267.7370002,2960,91,None,Move,development
1573114267.752,2961,93,None,Move,development
1573114267.768,2964,95,None,Move,development
1573114267.785,2965,97,None,Move,development
1573114267.801,2966,99,None,Move,development
1573114267.816,2967,101,None,Move,development
1573114267.832,2968,102,None,Move,development
1573114267.847,2968,103,None,Move,development
1573114267.863,2967,105,None,Move,development
1573114267.881,2965,110,None,Move,development
1573114267.8979998,2963,116,None,Move,development
1573114267.917,2960,122,None,Move,development
1573114267.9320002,2958,128,None,Move,development
1573114267.948,2956,135,None,Move,development
1573114267.965,2953,141,None,Move,development
1573114267.981,2951,147,None,Move,development
1573114267.996,2948,153,None,Move,development
1573114268.012,2946,158,None,Move,development
1573114268.028,2944,163,None,Move,development
1573114268.045,2942,166,None,Move,development
1573114268.061,2940,168,None,Move,development
1573114268.076,2939,170,None,Move,development
1573114268.205,2939,171,None,Move,development
1573114268.225,2938,172,None,Move,development
1573114268.245,2937,173,None,Move,development
1573114268.265,2937,174,None,Move,development
1573114268.284,2936,174,None,Move,development
1573114268.302,2936,175,None,Move,development
1573114268.321,2934,176,None,Move,development
1573114268.341,2933,177,None,Move,development
1573114268.361,2932,178,None,Move,development
1573114268.381,2930,179,None,Move,development
1573114268.397,2928,181,None,Move,development
1573114268.413,2926,182,None,Move,development
1573114268.429,2925,183,None,Move,development
1573114268.445,2923,184,None,Move,development
1573114268.461,2922,185,None,Move,development
1573114268.4770002,2920,187,None,Move,development
1573114268.492,2918,188,None,Move,development
1573114268.5089998,2916,189,None,Move,development
1573114268.528,2914,191,None,Move,development
1573114268.545,2913,193,None,Move,development
1573114268.561,2911,195,None,Move,development
1573114268.577,2909,196,None,Move,development
1573114268.593,2907,198,None,Move,development
1573114268.6079998,2906,200,None,Move,development
1573114268.625,2904,202,None,Move,development
1573114268.641,2902,206,None,Move,development
1573114268.656,2900,210,None,Move,development
1573114268.673,2899,216,None,Move,development
1573114268.688,2897,222,None,Move,development
1573114268.704,2897,229,None,Move,development
1573114268.719,2895,237,None,Move,development
1573114268.735,2895,245,None,Move,development
1573114268.7510002,2895,253,None,Move,development
1573114268.766,2895,260,None,Move,development
1573114268.782,2895,267,None,Move,development
1573114268.7970002,2895,275,None,Move,development
1573114268.814,2895,282,None,Move,development
1573114268.831,2895,290,None,Move,development
1573114268.849,2895,298,None,Move,development
1573114268.865,2895,306,None,Move,development
1573114268.881,2895,313,None,Move,development
1573114268.89,2895,320,None,Move,development
1573114268.9,2895,324,None,Move,development
1573114268.906,2895,329,None,Move,development
1573114268.916,2895,333,None,Move,development
1573114268.9220002,2895,335,None,Move,development
1573114268.928,2894,338,None,Move,development
1573114268.935,2894,340,None,Move,development
1573114268.941,2894,341,None,Move,development
1573114268.948,2893,341,None,Move,development
1573114268.957,2891,340,None,Move,development
1573114268.964,2887,338,None,Move,development
1573114268.972,2882,335,None,Move,development
1573114268.979,2876,333,None,Move,development
1573114268.988,2869,331,None,Move,development
1573114268.994,2862,328,None,Move,development
1573114269.005,2855,326,None,Move,development
1573114269.0110002,2847,323,None,Move,development
1573114269.022,2839,321,None,Move,development
1573114269.029,2833,318,None,Move,development
1573114269.039,2829,316,None,Move,development
1573114269.046,2827,313,None,Move,development
1573114269.055,2824,312,None,Move,development
1573114269.062,2822,311,None,Move,development
1573114269.071,2821,311,None,Move,development
1573114269.077,2819,310,None,Move,development
1573114269.086,2818,310,None,Move,development
1573114269.093,2816,309,None,Move,development
1573114269.101,2814,308,None,Move,development
1573114269.107,2810,306,None,Move,development
1573114269.113,2805,305,None,Move,development
1573114269.119,2799,303,None,Move,development
1573114269.125,2793,301,None,Move,development
1573114269.131,2786,299,None,Move,development
1573114269.137,2779,297,None,Move,development
1573114269.1420002,2772,295,None,Move,development
1573114269.1479998,2764,293,None,Move,development
1573114269.154,2757,290,None,Move,development
1573114269.159,2749,288,None,Move,development
1573114269.165,2743,286,None,Move,development
1573114269.171,2735,285,None,Move,development
1573114269.177,2727,283,None,Move,development
1573114269.1820002,2719,281,None,Move,development
1573114269.188,2710,280,None,Move,development
1573114269.194,2702,278,None,Move,development
1573114269.201,2693,275,None,Move,development
1573114269.206,2686,274,None,Move,development
1573114269.2129998,2678,271,None,Move,development
1573114269.218,2671,269,None,Move,development
1573114269.225,2665,268,None,Move,development
1573114269.23,2662,267,None,Move,development
1573114269.236,2660,265,None,Move,development
1573114269.242,2657,265,None,Move,development
1573114269.248,2654,265,None,Move,development
1573114269.2529998,2652,264,None,Move,development
1573114269.2589998,2650,264,None,Move,development
1573114269.265,2647,264,None,Move,development
1573114269.271,2645,264,None,Move,development
1573114269.278,2643,265,None,Move,development
1573114269.285,2640,265,None,Move,development
1573114269.291,2636,265,None,Move,development
1573114269.2970002,2631,266,None,Move,development
1573114269.303,2625,267,None,Move,development
1573114269.3079998,2619,268,None,Move,development
1573114269.312,2613,270,None,Move,development
1573114269.316,2607,272,None,Move,development
1573114269.321,2600,274,None,Move,development
1573114269.325,2594,275,None,Move,development
1573114269.33,2587,278,None,Move,development
1573114269.333,2580,279,None,Move,development
1573114269.337,2572,280,None,Move,development
1573114269.342,2565,283,None,Move,development
1573114269.346,2557,285,None,Move,development
1573114269.35,2549,288,None,Move,development
1573114269.353,2540,291,None,Move,development
1573114269.357,2532,293,None,Move,development
1573114269.3660002,2523,296,None,Move,development
1573114269.3839998,2515,299,None,Move,development
1573114269.401,2507,302,None,Move,development
1573114269.417,2503,305,None,Move,development
1573114269.4329998,2499,308,None,Move,development
1573114269.449,2496,309,None,Move,development
1573114269.464,2494,312,None,Move,development
1573114269.486,2491,312,None,Move,development
1573114269.505,2490,313,None,Move,development
1573114269.521,2489,314,None,Move,development
1573114269.546,2487,315,None,Move,development
1573114269.564,2487,316,None,Move,development
1573114269.581,2487,317,None,Move,development
1573114269.6,2486,317,None,Move,development
1573114269.617,2485,317,None,Move,development
1573114269.633,2483,318,None,Move,development
1573114269.649,2482,320,None,Move,development
1573114269.665,2481,321,None,Move,development
1573114269.68,2479,322,None,Move,development
1573114269.697,2477,324,None,Move,development
1573114269.712,2475,325,None,Move,development
1573114269.7270002,2474,327,None,Move,development
1573114269.7429998,2472,328,None,Move,development
1573114269.76,2471,328,None,Move,development
1573114269.776,2470,329,None,Move,development
1573114273.155,2473,329,None,Move,development
1573114273.17,2489,331,None,Move,development
1573114273.184,2521,335,None,Move,development
1573114273.204,2557,339,None,Move,development
1573114273.222,2593,345,None,Move,development
1573114273.242,2635,349,None,Move,development
1573114273.2610002,2683,355,None,Move,development
1573114273.282,2735,359,None,Move,development
1573114273.301,2787,363,None,Move,development
1573114273.32,2839,371,None,Move,development
1573114273.339,2891,375,None,Move,development
1573114273.36,2943,377,None,Move,development
1573114273.38,2995,379,None,Move,development
1573114273.3979998,3043,379,None,Move,development
1573114273.418,3095,373,None,Move,development
1573114273.437,3137,363,None,Move,development
1573114273.457,3179,351,None,Move,development
1573114273.4770002,3219,339,None,Move,development
1573114273.496,3251,323,None,Move,development
1573114273.5129998,3281,309,None,Move,development
1573114273.531,3309,295,None,Move,development
1573114273.55,3333,283,None,Move,development
1573114273.569,3351,273,None,Move,development
1573114273.5879998,3365,261,None,Move,development
1573114273.6079998,3379,253,None,Move,development
1573114273.627,3391,247,None,Move,development
1573114273.646,3401,241,None,Move,development
1573114273.665,3407,237,None,Move,development
1573114273.684,3411,233,None,Move,development
1573114273.698,3415,229,None,Move,development
1573114273.707,3419,225,None,Move,development
1573114273.714,3421,223,None,Move,development
1573114273.72,3421,221,None,Move,development
1573114273.725,3422,221,None,Move,development
1573114273.729,3422,225,None,Move,development
1573114273.734,3422,229,None,Move,development
1573114273.738,3422,232,None,Move,development
1573114273.742,3422,234,None,Move,development
1573114273.745,3422,236,None,Move,development
1573114273.7489998,3422,238,None,Move,development
1573114273.7529998,3422,240,None,Move,development
1573114273.7570002,3422,241,None,Move,development
1573114273.7610002,3422,242,None,Move,development
1573114273.839,3422,243,None,Move,development
1573114273.8660002,3421,243,None,Move,development
1573114273.885,3417,244,None,Move,development
1573114273.911,3408,246,None,Move,development
1573114273.92,3389,249,None,Move,development
1573114273.929,3357,251,None,Move,development
1573114273.938,3319,253,None,Move,development
1573114273.947,3275,255,None,Move,development
1573114273.957,3223,251,None,Move,development
1573114273.966,3167,243,None,Move,development
1573114273.976,3109,235,None,Move,development
1573114273.985,3047,227,None,Move,development
1573114273.9929998,2983,217,None,Move,development
1573114274.0029998,2909,209,None,Move,development
1573114274.012,2833,195,None,Move,development
1573114274.021,2755,179,None,Move,development
1573114274.032,2679,165,None,Move,development
1573114274.041,2601,161,None,Move,development
1573114274.05,2523,141,None,Move,development
1573114274.06,2449,121,None,Move,development
1573114274.07,2375,109,None,Move,development
1573114274.08,2311,95,None,Move,development
1573114274.089,2253,87,None,Move,development
1573114274.0979998,2201,83,None,Move,development
1573114274.107,2157,79,None,Move,development
1573114274.1160002,2123,79,None,Move,development
1573114274.1239998,2095,77,None,Move,development
1573114274.133,2075,73,None,Move,development
1573114274.1420002,2063,71,None,Move,development
1573114274.151,2060,67,None,Move,development
1573114274.16,2059,67,None,Move,development
1573114274.21,2058,68,None,Move,development
1573114274.23,2057,69,None,Move,development
1573114274.2489998,2056,71,None,Move,development
1573114274.269,2055,72,None,Move,development
1573114274.289,2055,76,None,Move,development
1573114274.311,2055,78,None,Move,development
1573114274.333,2056,81,None,Move,development
1573114274.3520002,2058,84,None,Move,development
1573114274.373,2060,86,None,Move,development
1573114274.393,2062,89,None,Move,development
1573114274.4120002,2068,91,None,Move,development
1573114274.435,2072,93,None,Move,development
1573114274.454,2079,95,None,Move,development
1573114274.4729998,2086,97,None,Move,development
1573114274.4889998,2093,99,None,Move,development
1573114274.505,2100,101,None,Move,development
1573114274.521,2108,104,None,Move,development
1573114274.5370002,2117,106,None,Move,development
1573114274.553,2124,109,None,Move,development
1573114274.569,2132,113,None,Move,development
1573114274.585,2140,115,None,Move,development
1573114274.6,2148,118,None,Move,development
1573114274.617,2156,121,None,Move,development
1573114274.633,2164,122,None,Move,development
1573114274.649,2171,123,None,Move,development
1573114274.664,2177,123,None,Move,development
1573114274.679,2181,123,None,Move,development
1573114274.695,2184,123,None,Move,development
1573114274.711,2187,122,None,Move,development
1573114274.726,2188,122,None,Move,development
1573114274.766,2187,123,Left,Pressed,development
1573114274.766,2187,123,None,Drag,development
1573114274.89,2184,123,None,Drag,development
1573114274.894,2176,122,None,Drag,development
1573114274.9020002,2167,121,None,Drag,development
1573114274.907,2156,118,None,Drag,development
1573114274.911,2142,115,None,Drag,development
1573114274.915,2124,112,None,Drag,development
1573114274.919,2106,111,None,Drag,development
1573114274.923,2088,111,None,Drag,development
1573114274.927,2069,111,None,Drag,development
1573114274.931,2055,111,None,Drag,development
1573114274.935,2043,111,None,Drag,development
1573114274.939,2033,111,None,Drag,development
1573114274.9429998,2026,109,None,Drag,development
1573114274.947,2021,109,None,Drag,development
1573114274.951,2019,108,None,Drag,development
1573114274.951,2019,108,Left,Released,development
1573114275.322,2020,108,None,Move,development
1573114275.331,2026,110,None,Move,development
1573114275.337,2033,110,None,Move,development
1573114275.342,2041,112,None,Move,development
1573114275.351,2051,112,None,Move,development
1573114275.356,2062,114,None,Move,development
1573114275.3620002,2078,117,None,Move,development
1573114275.3679998,2099,122,None,Move,development
1573114275.373,2127,131,None,Move,development
1573114275.377,2158,142,None,Move,development
1573114275.381,2190,154,None,Move,development
1573114275.387,2226,166,None,Move,development
1573114275.396,2262,174,None,Move,development
1573114275.404,2296,186,None,Move,development
1573114275.424,2328,198,None,Move,development
1573114275.4420002,2362,210,None,Move,development
1573114275.46,2396,222,None,Move,development
1573114275.476,2428,234,None,Move,development
1573114275.4929998,2458,246,None,Move,development
1573114275.5089998,2486,258,None,Move,development
1573114275.525,2514,270,None,Move,development
1573114275.541,2538,278,None,Move,development
1573114275.555,2560,284,None,Move,development
1573114275.571,2576,288,None,Move,development
1573114275.586,2592,292,None,Move,development
1573114275.6020002,2604,296,None,Move,development
1573114275.62,2614,300,None,Move,development
1573114275.637,2622,302,None,Move,development
1573114275.653,2626,304,None,Move,development
1573114275.668,2630,306,None,Move,development
1573114275.924,2630,306,Left,Pressed,development
1573114276.104,2630,306,Left,Released,development
1573114279.387,2631,305,None,Move,development
1573114279.404,2636,300,None,Move,development
1573114279.427,2650,286,None,Move,development
1573114279.45,2665,269,None,Move,development
1573114279.471,2683,251,None,Move,development
1573114279.492,2703,227,None,Move,development
1573114279.5129998,2719,203,None,Move,development
1573114279.533,2735,183,None,Move,development
1573114279.552,2749,159,None,Move,development
1573114279.571,2757,131,None,Move,development
1573114279.59,2763,99,None,Move,development
1573114279.613,2769,65,None,Move,development
1573114279.633,2773,29,None,Move,development
1573114279.653,2771,0,None,Move,development
1573114279.6720002,2763,0,None,Move,development
1573114279.69,2753,0,None,Move,development
1573114279.708,2737,0,None,Move,development
1573114279.72,2721,0,None,Move,development
1573114279.7329998,2705,0,None,Move,development
1573114279.746,2689,0,None,Move,development
1573114279.7589998,2673,0,None,Move,development
1573114279.771,2655,0,None,Move,development
1573114279.783,2637,1,None,Move,development
1573114279.795,2615,13,None,Move,development
1573114279.8079998,2583,29,None,Move,development
1573114279.82,2547,51,None,Move,development
1573114279.832,2503,79,None,Move,development
1573114279.846,2459,107,None,Move,development
1573114279.859,2417,131,None,Move,development
1573114279.87,2375,159,None,Move,development
1573114279.883,2333,189,None,Move,development
1573114279.897,2291,211,None,Move,development
1573114279.911,2251,225,None,Move,development
1573114279.923,2207,237,None,Move,development
1573114279.936,2159,249,None,Move,development
1573114279.948,2109,265,None,Move,development
1573114279.96,2061,279,None,Move,development
1573114279.971,2013,293,None,Move,development
1573114279.984,1963,301,None,Move,development
1573114279.996,1919,307,None,Move,development
1573114280.0070002,1877,311,None,Move,development
1573114280.02,1831,315,None,Move,development
1573114280.032,1787,319,None,Move,development
1573114280.044,1745,319,None,Move,development
1573114280.056,1703,319,None,Move,development
1573114280.0679998,1663,319,None,Move,development
1573114280.08,1623,319,None,Move,development
1573114280.091,1583,317,None,Move,development
1573114280.105,1545,315,None,Move,development
1573114280.12,1503,313,None,Move,development
1573114280.1320002,1463,313,None,Move,development
1573114280.145,1419,311,None,Move,development
1573114280.158,1375,307,None,Move,development
1573114280.171,1331,305,None,Move,development
1573114280.1829998,1289,305,None,Move,development
1573114280.196,1245,309,None,Move,development
1573114280.208,1199,311,None,Move,development
1573114280.22,1153,315,None,Move,development
1573114280.232,1109,321,None,Move,development
1573114280.244,1073,329,None,Move,development
1573114280.256,1045,339,None,Move,development
1573114280.268,1023,343,None,Move,development
1573114280.282,1007,347,None,Move,development
1573114280.296,993,349,None,Move,development
1573114280.3079998,981,351,None,Move,development
1573114280.319,969,353,None,Move,development
1573114280.331,963,353,None,Move,development
1573114280.343,959,353,None,Move,development
1573114280.356,958,353,None,Move,development
1573114280.3679998,959,350,None,Move,development
1573114280.38,965,345,None,Move,development
1573114280.393,974,337,None,Move,development
1573114280.407,987,329,None,Move,development
1573114280.421,1005,318,None,Move,development
1573114280.4329998,1028,306,None,Move,development
1573114280.447,1054,290,None,Move,development
1573114280.459,1082,272,None,Move,development
1573114280.471,1116,256,None,Move,development
1573114280.4829998,1148,240,None,Move,development
1573114280.495,1180,224,None,Move,development
1573114280.5070002,1212,210,None,Move,development
1573114280.519,1244,196,None,Move,development
1573114280.531,1274,186,None,Move,development
1573114280.543,1298,176,None,Move,development
1573114280.554,1322,168,None,Move,development
1573114280.566,1344,164,None,Move,development
1573114280.577,1362,160,None,Move,development
1573114280.589,1378,156,None,Move,development
1573114280.6,1392,152,None,Move,development
1573114280.6120002,1404,148,None,Move,development
1573114280.6239998,1414,144,None,Move,development
1573114280.6360002,1426,140,None,Move,development
1573114280.6479998,1432,136,None,Move,development
1573114280.66,1436,132,None,Move,development
1573114280.6720002,1439,129,None,Move,development
1573114280.6829998,1441,125,None,Move,development
1573114280.696,1443,123,None,Move,development
1573114280.707,1444,120,None,Move,development
1573114280.719,1444,119,None,Move,development
1573114281.049,1446,118,None,Move,development
1573114281.06,1446,117,None,Move,development
1573114281.0679998,1446,116,None,Move,development
1573114281.084,1445,116,None,Move,development
1573114281.093,1444,116,None,Move,development
1573114281.207,1442,116,None,Move,development
1573114281.212,1440,116,None,Move,development
1573114281.218,1438,116,None,Move,development
1573114281.225,1436,115,None,Move,development
1573114281.23,1434,115,None,Move,development
1573114281.236,1432,114,None,Move,development
1573114281.2410002,1430,112,None,Move,development
1573114281.246,1428,110,None,Move,development
1573114281.2510002,1426,108,None,Move,development
1573114281.256,1424,106,None,Move,development
1573114281.2610002,1422,105,None,Move,development
1573114281.265,1420,103,None,Move,development
1573114281.27,1417,102,None,Move,development
1573114281.275,1413,100,None,Move,development
1573114281.28,1408,99,None,Move,development
1573114281.284,1402,96,None,Move,development
1573114281.29,1395,94,None,Move,development
1573114281.295,1389,92,None,Move,development
1573114281.3,1382,90,None,Move,development
1573114281.305,1375,89,None,Move,development
1573114281.309,1368,86,None,Move,development
1573114281.314,1361,84,None,Move,development
1573114281.319,1358,82,None,Move,development
1573114281.323,1354,79,None,Move,development
1573114281.3279998,1351,78,None,Move,development
1573114281.332,1349,77,None,Move,development
1573114281.337,1348,76,None,Move,development
1573114281.342,1347,74,None,Move,development
1573114281.3520002,1348,75,Left,Pressed,development
1573114281.3520002,1348,75,None,Drag,development
1573114281.357,1350,76,None,Drag,development
1573114281.361,1352,78,None,Drag,development
1573114281.3660002,1354,79,None,Drag,development
1573114281.371,1358,81,None,Drag,development
1573114281.3760002,1364,83,None,Drag,development
1573114281.38,1372,85,None,Drag,development
1573114281.385,1381,88,None,Drag,development
1573114281.39,1390,90,None,Drag,development
1573114281.395,1399,93,None,Drag,development
1573114281.399,1410,95,None,Drag,development
1573114281.403,1421,98,None,Drag,development
1573114281.408,1432,101,None,Drag,development
1573114281.4120002,1445,104,None,Drag,development
1573114281.417,1456,107,None,Drag,development
1573114281.4220002,1468,110,None,Drag,development
1573114281.426,1480,113,None,Drag,development
1573114281.431,1494,114,None,Drag,development
1573114281.435,1509,114,None,Drag,development
1573114281.44,1524,114,None,Drag,development
1573114281.444,1538,114,None,Drag,development
1573114281.449,1551,116,None,Drag,development
1573114281.4529998,1565,118,None,Drag,development
1573114281.458,1579,121,None,Drag,development
1573114281.462,1589,125,None,Drag,development
1573114281.467,1600,128,None,Drag,development
1573114281.471,1610,131,None,Drag,development
1573114281.475,1620,133,None,Drag,development
1573114281.48,1630,136,None,Drag,development
1573114281.485,1639,138,None,Drag,development
1573114281.4889998,1649,140,None,Drag,development
1573114281.494,1659,143,None,Drag,development
1573114281.498,1670,144,None,Drag,development
1573114281.5029998,1679,147,None,Drag,development
1573114281.5070002,1691,151,None,Drag,development
1573114281.512,1702,154,None,Drag,development
1573114281.516,1712,155,None,Drag,development
1573114281.521,1722,158,None,Drag,development
1573114281.525,1730,160,None,Drag,development
1573114281.53,1739,161,None,Drag,development
1573114281.535,1748,164,None,Drag,development
1573114281.54,1757,165,None,Drag,development
1573114281.544,1766,167,None,Drag,development
1573114281.549,1775,168,None,Drag,development
1573114281.554,1784,168,None,Drag,development
1573114281.5579998,1794,170,None,Drag,development
1573114281.563,1804,171,None,Drag,development
1573114281.5670002,1813,171,None,Drag,development
1573114281.571,1822,173,None,Drag,development
1573114281.576,1832,173,None,Drag,development
1573114281.581,1841,173,None,Drag,development
1573114281.585,1848,173,None,Drag,development
1573114281.59,1855,173,None,Drag,development
1573114281.594,1858,173,None,Drag,development
1573114281.599,1861,173,None,Drag,development
1573114281.603,1863,173,None,Drag,development
1573114281.6079998,1865,173,None,Drag,development
1573114281.613,1866,173,None,Drag,development
1573114281.6179998,1867,173,None,Drag,development
1573114281.951,1866,174,None,Drag,development
1573114282.024,1864,175,None,Drag,development
1573114282.07,1860,177,None,Drag,development
1573114282.092,1855,178,None,Drag,development
1573114282.1,1850,178,None,Drag,development
1573114282.262,1844,179,None,Drag,development
1573114282.283,1838,179,None,Drag,development
1573114282.301,1832,179,None,Drag,development
1573114282.438,1826,179,None,Drag,development
1573114282.4429998,1821,179,None,Drag,development
1573114282.447,1817,178,None,Drag,development
1573114282.4529998,1814,177,None,Drag,development
1573114282.46,1813,177,None,Drag,development
1573114282.464,1812,177,None,Drag,development
1573114282.468,1815,176,None,Drag,development
1573114282.472,1821,176,None,Drag,development
1573114282.476,1833,176,None,Drag,development
1573114282.48,1849,176,None,Drag,development
1573114282.484,1875,176,None,Drag,development
1573114282.488,1908,176,None,Drag,development
1573114282.492,1944,176,None,Drag,development
1573114282.496,1980,174,None,Drag,development
1573114282.5,2022,180,None,Drag,development
1573114282.504,2066,190,None,Drag,development
1573114282.508,2116,200,None,Drag,development
1573114282.512,2170,206,None,Drag,development
1573114282.516,2222,212,None,Drag,development
1573114282.52,2274,218,None,Drag,development
1573114282.524,2330,224,None,Drag,development
1573114282.5270002,2386,228,None,Drag,development
1573114282.532,2446,228,None,Drag,development
1573114282.536,2504,224,None,Drag,development
1573114282.54,2566,222,None,Drag,development
1573114282.544,2622,230,None,Drag,development
1573114282.548,2682,234,None,Drag,development
1573114282.5679998,2738,238,None,Drag,development
1573114282.575,2788,240,None,Drag,development
1573114282.645,2834,238,None,Drag,development
1573114282.655,2878,234,None,Drag,development
1573114282.665,2918,230,None,Drag,development
1573114282.671,2956,230,None,Drag,development
1573114282.677,2994,232,None,Drag,development
1573114282.6829998,3028,232,None,Drag,development
1573114282.689,3060,232,None,Drag,development
1573114282.695,3090,230,None,Drag,development
1573114282.701,3114,228,None,Drag,development
1573114282.707,3134,224,None,Drag,development
1573114282.7870002,3154,220,None,Drag,development
1573114282.792,3172,216,None,Drag,development
1573114282.796,3188,212,None,Drag,development
1573114282.8,3200,208,None,Drag,development
1573114282.805,3208,204,None,Drag,development
1573114282.811,3212,200,None,Drag,development
1573114282.815,3214,200,None,Drag,development
1573114282.819,3215,200,None,Drag,development
1573114282.856,3215,201,None,Drag,development
1573114282.917,3214,202,None,Drag,development
1573114283.051,3212,204,None,Drag,development
1573114283.0579998,3211,206,None,Drag,development
1573114283.066,3210,208,None,Drag,development
1573114283.071,3209,210,None,Drag,development
1573114283.075,3209,212,None,Drag,development
1573114283.079,3208,213,None,Drag,development
1573114283.083,3207,215,None,Drag,development
1573114283.087,3206,217,None,Drag,development
1573114283.091,3205,218,None,Drag,development
1573114283.095,3205,220,None,Drag,development
1573114283.099,3204,220,None,Drag,development
1573114283.103,3202,221,None,Drag,development
1573114283.107,3200,222,None,Drag,development
1573114283.111,3196,223,None,Drag,development
1573114283.115,3191,223,None,Drag,development
1573114283.119,3186,223,None,Drag,development
1573114283.123,3180,223,None,Drag,development
1573114283.127,3173,221,None,Drag,development
1573114283.131,3165,219,None,Drag,development
1573114283.135,3157,217,None,Drag,development
1573114283.139,3147,215,None,Drag,development
1573114283.143,3131,212,None,Drag,development
1573114283.147,3113,210,None,Drag,development
1573114283.151,3099,207,None,Drag,development
1573114283.155,3086,202,None,Drag,development
1573114283.159,3074,200,None,Drag,development
1573114283.163,3060,197,None,Drag,development
1573114283.167,3046,193,None,Drag,development
1573114283.1720002,3032,190,None,Drag,development
1573114283.176,3019,186,None,Drag,development
1573114283.18,3008,182,None,Drag,development
1573114283.1829998,3001,179,None,Drag,development
1573114283.188,2994,175,None,Drag,development
1573114283.1920002,2990,172,None,Drag,development
1573114283.196,2986,170,None,Drag,development
1573114283.2,2985,170,None,Drag,development
1573114283.204,2985,168,None,Drag,development
1573114283.208,2986,168,None,Drag,development
1573114283.209,2986,168,Left,Released,development
1573114283.225,2988,168,None,Move,development
1573114283.232,2994,168,None,Move,development
1573114283.2370002,3002,166,None,Move,development
1573114283.242,3012,166,None,Move,development
1573114283.248,3023,166,None,Move,development
1573114283.2529998,3036,168,None,Move,development
1573114283.2610002,3052,168,None,Move,development
1573114283.27,3072,171,None,Move,development
1573114283.288,3092,175,None,Move,development
1573114283.3070002,3115,178,None,Move,development
1573114283.327,3137,182,None,Move,development
1573114283.345,3159,185,None,Move,development
1573114283.365,3182,187,None,Move,development
1573114283.383,3205,191,None,Move,development
1573114283.4020002,3228,195,None,Move,development
1573114283.4220002,3252,197,None,Move,development
1573114283.441,3274,197,None,Move,development
1573114283.46,3290,199,None,Move,development
1573114283.48,3306,201,None,Move,development
1573114283.505,3320,203,None,Move,development
1573114283.52,3332,207,None,Move,development
1573114283.53,3342,209,None,Move,development
1573114283.539,3348,211,None,Move,development
1573114283.551,3352,211,None,Move,development
1573114283.56,3353,211,None,Move,development
1573114283.57,3353,212,None,Move,development
1573114283.582,3352,212,None,Move,development
1573114283.591,3350,213,None,Move,development
1573114283.6020002,3348,214,None,Move,development
1573114283.6120002,3346,215,None,Move,development
1573114283.6220002,3343,217,None,Move,development
1573114283.6339998,3340,219,None,Move,development
1573114283.643,3334,221,None,Move,development
1573114283.6520002,3326,223,None,Move,development
1573114283.664,3316,225,None,Move,development
1573114283.674,3301,228,None,Move,development
1573114283.686,3273,230,None,Move,development
1573114283.695,3242,230,None,Move,development
1573114283.704,3209,230,None,Move,development
1573114283.714,3169,228,None,Move,development
1573114283.7229998,3125,224,None,Move,development
1573114283.732,3085,220,None,Move,development
1573114283.742,3047,216,None,Move,development
1573114283.7510002,3013,212,None,Move,development
1573114283.76,2979,212,None,Move,development
1573114283.77,2945,210,None,Move,development
1573114283.782,2911,210,None,Move,development
1573114283.792,2879,210,None,Move,development
1573114283.801,2847,206,None,Move,development
1573114283.81,2819,202,None,Move,development
1573114283.819,2791,196,None,Move,development
1573114283.827,2765,194,None,Move,development
1573114283.836,2739,190,None,Move,development
1573114283.845,2719,188,None,Move,development
1573114283.854,2703,188,None,Move,development
1573114283.8639998,2689,186,None,Move,development
1573114283.8739998,2677,182,None,Move,development
1573114283.8839998,2667,180,None,Move,development
1573114283.894,2663,178,None,Move,development
1573114283.905,2659,176,None,Move,development
1573114283.914,2655,174,None,Move,development
1573114283.924,2653,174,None,Move,development
1573114283.9329998,2651,172,None,Move,development
1573114283.9420002,2648,172,None,Move,development
1573114283.952,2645,172,None,Move,development
1573114283.96,2643,172,None,Move,development
1573114283.97,2640,172,None,Move,development
1573114283.978,2638,171,None,Move,development
1573114283.988,2636,170,None,Move,development
1573114283.996,2633,169,None,Move,development
1573114284.005,2629,168,None,Move,development
1573114284.014,2624,166,None,Move,development
1573114284.0229998,2618,166,None,Move,development
1573114284.032,2612,165,None,Move,development
1573114284.04,2605,164,None,Move,development
1573114284.049,2597,164,None,Move,development
1573114284.059,2588,164,None,Move,development
1573114284.069,2578,165,None,Move,development
1573114284.077,2569,166,None,Move,development
1573114284.085,2558,169,None,Move,development
1573114284.092,2548,171,None,Move,development
1573114284.099,2536,174,None,Move,development
1573114284.107,2526,177,None,Move,development
1573114284.1139998,2514,180,None,Move,development
1573114284.121,2505,183,None,Move,development
1573114284.1279998,2497,185,None,Move,development
1573114284.135,2494,186,None,Move,development
1573114284.1420002,2492,188,None,Move,development
1573114284.149,2491,188,None,Move,development
1573114284.156,2490,189,None,Move,development
1573114284.163,2488,192,None,Move,development
1573114284.171,2486,195,None,Move,development
1573114284.178,2484,197,None,Move,development
1573114284.185,2483,199,None,Move,development
1573114284.1920002,2481,202,None,Move,development
1573114284.2,2479,204,None,Move,development
1573114284.207,2477,206,None,Move,development
1573114284.2129998,2475,208,None,Move,development
1573114284.221,2473,210,None,Move,development
1573114284.228,2471,211,None,Move,development
1573114284.235,2469,213,None,Move,development
1573114284.242,2468,214,None,Move,development
1573114284.25,2468,214,Left,Pressed,development
1573114284.424,2468,214,Left,Released,development
1573114285.996,2469,219,None,Move,development
1573114286.006,2475,242,None,Move,development
1573114286.0129998,2489,272,None,Move,development
1573114286.019,2505,302,None,Move,development
1573114286.0270002,2521,338,None,Move,development
1573114286.035,2535,372,None,Move,development
1573114286.043,2551,408,None,Move,development
1573114286.051,2567,444,None,Move,development
1573114286.059,2583,476,None,Move,development
1573114286.0670002,2599,508,None,Move,development
1573114286.075,2615,536,None,Move,development
1573114286.081,2627,556,None,Move,development
1573114286.089,2639,572,None,Move,development
1573114286.097,2651,584,None,Move,development
1573114286.105,2661,596,None,Move,development
1573114286.113,2671,602,None,Move,development
1573114286.121,2681,606,None,Move,development
1573114286.13,2687,610,None,Move,development
1573114286.14,2691,610,None,Move,development
1573114286.145,2693,610,None,Move,development
1573114286.153,2695,610,None,Move,development
1573114286.165,2697,607,None,Move,development
1573114286.17,2698,605,None,Move,development
1573114286.176,2700,603,None,Move,development
1573114286.1829998,2702,601,None,Move,development
1573114286.1920002,2704,598,None,Move,development
1573114286.202,2706,593,None,Move,development
1573114286.208,2709,587,None,Move,development
1573114286.215,2711,580,None,Move,development
1573114286.2229998,2713,572,None,Move,development
1573114286.235,2717,563,None,Move,development
1573114286.24,2722,552,None,Move,development
1573114286.2470002,2727,542,None,Move,development
1573114286.2529998,2734,531,None,Move,development
1573114286.265,2740,520,None,Move,development
1573114286.271,2748,506,None,Move,development
1573114286.2770002,2757,493,None,Move,development
1573114286.286,2767,481,None,Move,development
1573114286.296,2775,468,None,Move,development
1573114286.302,2783,454,None,Move,development
1573114286.315,2792,442,None,Move,development
1573114286.321,2799,432,None,Move,development
1573114286.3279998,2808,424,None,Move,development
1573114286.337,2817,419,None,Move,development
1573114286.347,2824,416,None,Move,development
1573114286.354,2830,414,None,Move,development
1573114286.367,2836,414,None,Move,development
1573114286.3739998,2841,414,None,Move,development
1573114286.38,2846,415,None,Move,development
1573114286.3920002,2851,416,None,Move,development
1573114286.3979998,2856,419,None,Move,development
1573114286.405,2861,421,None,Move,development
1573114286.417,2868,423,None,Move,development
1573114286.424,2875,426,None,Move,development
1573114286.431,2882,428,None,Move,development
1573114286.4429998,2891,430,None,Move,development
1573114286.45,2901,433,None,Move,development
1573114286.46,2914,436,None,Move,development
1573114286.467,2932,441,None,Move,development
1573114286.4770002,2951,450,None,Move,development
1573114286.4829998,2978,460,None,Move,development
1573114286.49,3005,471,None,Move,development
1573114286.502,3028,482,None,Move,development
1573114286.5070002,3053,493,None,Move,development
1573114286.5129998,3079,505,None,Move,development
1573114286.524,3101,517,None,Move,development
1573114286.53,3119,529,None,Move,development
1573114286.5370002,3133,539,None,Move,development
1573114286.549,3145,549,None,Move,development
1573114286.555,3153,553,None,Move,development
1573114286.561,3157,555,None,Move,development
1573114286.57,3157,557,None,Move,development
1573114286.584,3157,557,Left,Pressed,development
1573114286.705,3157,557,Left,Released,development
1573114286.783,3153,558,None,Move,development
1573114286.798,3137,565,None,Move,development
1573114286.803,3109,569,None,Move,development
1573114286.8079998,3073,567,None,Move,development
1573114286.814,3037,563,None,Move,browsing
1573114286.821,3001,561,None,Move,browsing
1573114286.829,2967,559,None,Move,browsing
1573114286.84,2931,555,None,Move,browsing
1573114286.845,2889,547,None,Move,browsing
1573114286.853,2849,543,None,Move,browsing
1573114286.8620002,2809,537,None,Move,browsing
1573114286.873,2773,533,None,Move,browsing
1573114286.8779998,2737,529,None,Move,browsing
1573114286.8839998,2703,525,None,Move,browsing
1573114286.899,2675,521,None,Move,browsing
1573114286.906,2655,515,None,Move,browsing
1573114286.9120002,2641,509,None,Move,browsing
1573114286.924,2631,503,None,Move,browsing
1573114286.931,2625,499,None,Move,browsing
1573114286.944,2623,495,None,Move,browsing
1573114286.951,2619,492,None,Move,browsing
1573114286.958,2615,486,None,Move,browsing
1573114286.964,2611,478,None,Move,browsing
1573114286.971,2607,468,None,Move,browsing
1573114286.978,2603,457,None,Move,browsing
1573114286.984,2600,445,None,Move,browsing
1573114286.99,2597,433,None,Move,browsing
1573114287.0010002,2594,422,None,Move,browsing
1573114287.0070002,2589,410,None,Move,browsing
1573114287.014,2584,398,None,Move,browsing
1573114287.025,2577,387,None,Move,browsing
1573114287.032,2571,374,None,Move,browsing
1573114287.042,2564,363,None,Move,browsing
1573114287.05,2555,352,None,Move,browsing
1573114287.056,2547,340,None,Move,browsing
1573114287.0670002,2538,327,None,Move,browsing
1573114287.074,2528,317,None,Move,browsing
1573114287.084,2517,305,None,Move,browsing
1573114287.093,2507,294,None,Move,browsing
1573114287.101,2498,285,None,Move,browsing
1573114287.109,2489,280,None,Move,browsing
1573114287.121,2484,276,None,Move,browsing
1573114287.13,2478,273,None,Move,browsing
1573114287.143,2475,270,None,Move,browsing
1573114287.154,2474,266,None,Move,browsing
1573114287.164,2471,263,None,Move,browsing
1573114287.174,2468,260,None,Move,browsing
1573114287.1829998,2466,259,None,Move,browsing
1573114287.191,2465,258,None,Move,browsing
1573114287.2629998,2466,258,None,Move,browsing
1573114287.292,2468,258,None,Move,browsing
1573114287.315,2470,258,None,Move,browsing
1573114287.34,2475,258,None,Move,browsing
1573114287.35,2481,257,None,Move,browsing
1573114287.357,2490,254,None,Move,browsing
1573114287.363,2503,252,None,Move,browsing
1573114287.3679998,2521,246,None,Move,browsing
1573114287.375,2537,240,None,Move,browsing
1573114287.381,2554,232,None,Move,browsing
1573114287.3860002,2567,225,None,Move,browsing
1573114287.3920002,2577,219,None,Move,browsing
1573114287.397,2587,212,None,Move,browsing
1573114287.403,2595,207,None,Move,browsing
1573114287.408,2600,204,None,Move,browsing
1573114287.416,2604,201,None,Move,browsing
1573114287.423,2607,198,None,Move,browsing
1573114287.429,2611,194,None,Move,browsing
1573114287.435,2614,191,None,Move,browsing
1573114287.44,2617,188,None,Move,browsing
1573114287.447,2620,185,None,Move,browsing
1573114287.454,2621,182,None,Move,browsing
1573114287.46,2622,180,None,Move,browsing
1573114287.467,2624,177,None,Move,browsing
1573114287.475,2625,175,None,Move,browsing
1573114287.482,2625,174,None,Move,browsing
1573114287.4889998,2626,173,None,Move,browsing
1573114287.54,2626,171,None,Move,browsing
1573114287.57,2627,170,None,Move,browsing
1573114287.596,2627,169,None,Move,browsing
1573114287.623,2627,167,None,Move,browsing
1573114287.643,2628,166,None,Move,browsing
1573114287.658,2628,164,None,Move,browsing
1573114287.673,2628,162,None,Move,browsing
1573114287.684,2628,160,None,Move,browsing
1573114287.69,2629,159,None,Move,browsing
1573114287.699,2629,158,None,Move,browsing
1573114287.705,2629,157,None,Move,browsing
1573114287.711,2629,157,Left,Pressed,browsing
1573114287.825,2629,157,Left,Released,browsing
