client_timestamp,x,y,button,state,window
1568704731.039,434,576,None,Move,browsing
1568705116.863,433,550,None,Move,browsing
1568705116.883,427,523,None,Move,browsing
1568705116.9020002,414,446,None,Move,browsing
1568705116.921,408,366,None,Move,browsing
1568705116.9420002,402,292,None,Move,browsing
1568705116.967,401,272,None,Move,browsing
1568705116.982,400,260,None,Move,browsing
1568705116.996,400,253,None,Move,browsing
1568705117.012,400,250,None,Move,browsing
1568705117.028,400,249,None,Move,browsing
1568705117.043,400,249,None,Move,browsing
1568705117.353,382,201,None,Move,browsing
1568705117.363,365,169,None,Move,browsing
1568705117.37,320,83,None,Move,browsing
1568705117.381,294,18,None,Move,browsing
1568705117.39,272,-76,None,Move,browsing
1568705117.418,258,-51,None,Move,browsing
1568705117.429,255,-9,None,Move,browsing
1568705117.436,252,-7,None,Move,browsing
1568705117.444,251,-3,None,Move,browsing
1568705117.452,250,-1,None,Move,browsing
1568705117.461,249,-1,None,Move,browsing
1568705117.469,249,0,None,Move,browsing
1568705117.479,248,0,None,Move,browsing
1568705117.486,247,0,None,Move,browsing
1568705117.494,247,0,None,Move,browsing
1568705117.502,246,0,None,Move,browsing
1568705117.51,246,0,None,Move,browsing
1568705117.518,244,-1,None,Move,browsing
1568705117.526,243,-1,None,Move,browsing
1568705117.533,241,0,None,Move,browsing
1568705117.541,239,-1,None,Move,browsing
1568705117.549,238,-2,None,Move,browsing
1568705117.5570002,237,0,None,Move,browsing
1568705117.565,236,0,None,Move,browsing
1568705117.573,236,0,None,Move,browsing
1568705117.581,234,0,None,Move,browsing
1568705117.8070002,223,0,None,Move,browsing
1568705117.83,213,-1,None,Move,browsing
1568705117.8579998,205,0,None,Move,browsing
1568705117.881,199,0,None,Move,browsing
1568705117.901,195,1,None,Move,browsing
1568705117.916,192,2,None,Move,browsing
1568705117.93,190,2,None,Move,browsing
1568705117.944,183,2,None,Move,browsing
1568705117.959,179,2,None,Move,browsing
1568705117.9729998,178,2,None,Move,browsing
1568705117.986,177,2,None,Move,browsing
1568705118.0,175,2,None,Move,browsing
1568705118.014,172,3,None,Move,browsing
1568705118.028,171,3,None,Move,browsing
1568705118.043,171,3,None,Move,browsing
1568705118.0570002,170,3,None,Move,browsing
1568705118.07,165,4,None,Move,browsing
1568705118.083,161,5,None,Move,browsing
1568705118.1,159,6,None,Move,browsing
1568705118.117,156,7,None,Move,browsing
1568705118.1320002,154,9,None,Move,browsing
1568705118.146,154,10,None,Move,browsing
1568705118.161,153,10,None,Move,browsing
1568705118.175,151,11,None,Move,browsing
1568705118.19,151,12,None,Move,browsing
1568705118.204,150,14,None,Move,browsing
1568705118.218,149,14,None,Move,browsing
1568705118.231,149,14,None,Move,browsing
1568705118.42,149,14,Left,Pressed,browsing
1568705118.6360002,149,14,Left,Released,browsing
1568705119.021,152,14,None,Move,browsing
1568705119.034,159,14,None,Move,browsing
1568705119.046,163,14,None,Move,browsing
1568705119.0579998,168,14,None,Move,browsing
1568705119.071,175,15,None,Move,browsing
1568705119.081,182,17,None,Move,browsing
1568705119.092,189,19,None,Move,browsing
1568705119.104,195,22,None,Move,browsing
1568705119.1160002,199,24,None,Move,browsing
1568705119.127,202,25,None,Move,browsing
1568705119.141,212,27,None,Move,browsing
1568705119.154,220,29,None,Move,browsing
1568705119.1620002,227,31,None,Move,browsing
1568705119.17,233,33,None,Move,browsing
1568705119.177,237,35,None,Move,browsing
1568705119.1829998,244,38,None,Move,browsing
1568705119.19,250,41,None,Move,browsing
1568705119.198,256,44,None,Move,browsing
1568705119.206,262,46,None,Move,browsing
1568705119.212,266,49,None,Move,browsing
1568705119.219,269,51,None,Move,browsing
1568705119.2270002,272,53,None,Move,browsing
1568705119.235,274,54,None,Move,browsing
1568705119.2410002,274,56,None,Move,browsing
1568705119.25,275,57,None,Move,browsing
1568705119.2570002,275,58,None,Move,browsing
1568705119.266,275,58,None,Move,browsing
1568705119.272,275,59,None,Move,browsing
1568705119.28,275,59,None,Move,browsing
1568705119.2870002,275,60,None,Move,browsing
1568705122.495,278,62,None,Move,browsing
1568705122.5070002,284,64,None,Move,browsing
1568705122.519,285,64,None,Move,browsing
1568705122.528,290,67,None,Move,browsing
1568705122.536,293,68,None,Move,browsing
1568705122.5470002,293,69,None,Move,browsing
1568705122.555,295,70,None,Move,browsing
1568705122.563,295,70,None,Move,browsing
1568705122.571,295,71,None,Move,browsing
1568705122.605,295,71,None,Move,browsing
1568705122.627,295,73,None,Move,browsing
1568705122.65,296,73,None,Move,browsing
1568705122.666,299,74,None,Move,browsing
1568705122.6820002,300,75,None,Move,browsing
1568705122.702,301,76,None,Move,browsing
1568705122.719,301,77,None,Move,browsing
1568705122.734,301,78,None,Move,browsing
1568705122.75,301,78,None,Move,browsing
1568705122.765,301,79,None,Move,browsing
1568705122.779,301,79,None,Move,browsing
1568705122.792,302,80,None,Move,browsing
1568705122.8079998,303,83,None,Move,browsing
1568705122.822,304,84,None,Move,browsing
1568705122.836,305,84,None,Move,browsing
1568705122.85,306,85,None,Move,browsing
1568705122.8639998,306,85,None,Move,browsing
1568705122.8839998,306,86,None,Move,browsing
1568705122.921,306,86,None,Move,browsing
1568705122.95,306,87,None,Move,browsing
1568705122.979,306,88,None,Move,browsing
1568705122.998,306,88,None,Move,browsing
1568705123.016,306,89,None,Move,browsing
1568705123.034,306,89,None,Move,browsing
1568705123.0670002,306,91,None,Move,browsing
1568705123.096,306,91,None,Move,browsing
1568705123.1139998,306,92,None,Move,browsing
1568705123.1320002,306,93,None,Move,browsing
1568705123.15,306,93,None,Move,browsing
1568705123.168,306,94,None,Move,browsing
1568705123.186,306,94,None,Move,browsing
1568705123.206,306,94,None,Move,browsing
1568705123.234,307,96,None,Move,browsing
1568705123.2570002,308,98,None,Move,browsing
1568705123.2770002,309,100,None,Move,browsing
1568705123.29,310,102,None,Move,browsing
1568705123.303,311,106,None,Move,browsing
1568705123.3170002,312,112,None,Move,browsing
1568705123.331,313,118,None,Move,browsing
1568705123.346,314,121,None,Move,browsing
1568705123.359,315,123,None,Move,browsing
1568705123.3720002,317,128,None,Move,browsing
1568705123.3839998,321,137,None,Move,browsing
1568705123.3979998,325,148,None,Move,browsing
1568705123.4120002,327,154,None,Move,browsing
1568705123.425,330,159,None,Move,browsing
1568705123.441,332,165,None,Move,browsing
1568705123.455,335,171,None,Move,browsing
1568705123.47,336,176,None,Move,browsing
1568705123.484,338,180,None,Move,browsing
1568705123.5,340,182,None,Move,browsing
1568705123.515,341,185,None,Move,browsing
1568705123.53,343,186,None,Move,browsing
1568705123.545,344,188,None,Move,browsing
1568705123.559,345,190,None,Move,browsing
1568705123.571,346,194,None,Move,browsing
1568705123.591,346,200,None,Move,browsing
1568705123.605,347,202,None,Move,browsing
1568705123.619,347,204,None,Move,browsing
1568705123.6320002,347,205,None,Move,browsing
1568705123.646,347,206,None,Move,browsing
1568705123.659,347,206,None,Move,browsing
1568705124.199,347,208,None,Move,browsing
1568705124.2129998,347,209,None,Move,browsing
1568705124.224,346,211,None,Move,browsing
1568705124.232,345,213,None,Move,browsing
1568705124.2389998,342,215,None,Move,browsing
1568705124.2470002,341,216,None,Move,browsing
1568705124.255,339,218,None,Move,browsing
1568705124.264,337,221,None,Move,browsing
1568705124.272,334,222,None,Move,browsing
1568705124.28,332,224,None,Move,browsing
1568705124.2870002,328,228,None,Move,browsing
1568705124.295,326,231,None,Move,browsing
1568705124.302,322,237,None,Move,browsing
1568705124.309,317,244,None,Move,browsing
1568705124.316,311,253,None,Move,browsing
1568705124.324,306,259,None,Move,browsing
1568705124.332,304,263,None,Move,browsing
1568705124.34,301,265,None,Move,browsing
1568705124.346,300,268,None,Move,browsing
1568705124.354,297,270,None,Move,browsing
1568705124.361,297,270,None,Move,browsing
1568705124.3679998,296,271,None,Move,browsing
1568705124.375,296,271,None,Move,browsing
1568705124.3839998,295,272,None,Move,browsing
1568705124.39,294,273,None,Move,browsing
1568705124.399,294,274,None,Move,browsing
1568705124.406,293,274,None,Move,browsing
1568705124.413,292,274,None,Move,browsing
1568705124.427,292,274,None,Move,browsing
1568705124.435,291,274,None,Move,browsing
1568705124.4420002,290,274,None,Move,browsing
1568705124.449,290,274,None,Move,browsing
1568705124.458,289,274,None,Move,browsing
1568705124.464,287,274,None,Move,browsing
1568705124.471,284,271,None,Move,browsing
1568705124.478,282,268,None,Move,browsing
1568705124.486,276,261,None,Move,browsing
1568705124.492,271,251,None,Move,browsing
1568705124.5,264,241,None,Move,browsing
1568705124.508,260,235,None,Move,browsing
1568705124.516,254,224,None,Move,browsing
1568705124.524,246,208,None,Move,browsing
1568705124.531,237,187,None,Move,browsing
1568705124.5370002,232,176,None,Move,browsing
1568705124.546,227,165,None,Move,browsing
1568705124.554,222,150,None,Move,browsing
1568705124.564,218,137,None,Move,browsing
1568705124.574,216,127,None,Move,browsing
1568705124.581,214,119,None,Move,browsing
1568705124.589,213,110,None,Move,browsing
1568705124.597,212,103,None,Move,browsing
1568705124.603,211,97,None,Move,browsing
1568705124.6120002,209,91,None,Move,browsing
1568705124.619,208,88,None,Move,browsing
1568705124.627,208,85,None,Move,browsing
1568705124.633,208,84,None,Move,browsing
1568705124.641,208,83,None,Move,browsing
1568705124.647,208,82,None,Move,browsing
1568705124.653,208,82,None,Move,browsing
1568705124.661,208,81,None,Move,browsing
1568705124.67,208,80,None,Move,browsing
1568705124.719,208,80,None,Move,browsing
1568705124.7410002,208,79,None,Move,browsing
1568705124.7589998,209,78,None,Move,browsing
1568705124.778,211,77,None,Move,browsing
1568705124.7970002,212,76,None,Move,browsing
1568705124.816,213,76,None,Move,browsing
1568705124.865,214,76,None,Move,browsing
1568705124.887,214,76,None,Move,browsing
1568705124.906,215,76,None,Move,browsing
1568705124.924,216,75,None,Move,browsing
1568705124.9429998,218,74,None,Move,browsing
1568705124.962,220,74,None,Move,browsing
1568705124.98,222,74,None,Move,browsing
1568705125.0029998,225,73,None,Move,browsing
1568705125.042,232,70,None,Move,browsing
1568705125.0570002,237,68,None,Move,browsing
1568705125.071,241,67,None,Move,browsing
1568705125.083,244,65,None,Move,browsing
1568705125.0979998,247,64,None,Move,browsing
1568705125.11,248,64,None,Move,browsing
1568705125.123,249,64,None,Move,browsing
1568705125.1320002,249,64,None,Move,browsing
1568705125.14,250,64,None,Move,browsing
1568705125.202,250,63,None,Move,browsing
1568705125.22,250,63,None,Move,browsing
1568705125.2489998,250,63,None,Move,browsing
1568705125.2670002,250,63,None,Move,browsing
1568705125.278,249,62,None,Move,browsing
1568705125.286,248,61,None,Move,browsing
1568705125.296,246,60,None,Move,browsing
1568705125.3070002,245,60,None,Move,browsing
1568705125.316,244,59,None,Move,browsing
1568705125.326,242,58,None,Move,browsing
1568705125.334,240,57,None,Move,browsing
1568705125.344,235,56,None,Move,browsing
1568705125.353,228,54,None,Move,browsing
1568705125.363,219,51,None,Move,browsing
1568705125.373,212,49,None,Move,browsing
1568705125.3820002,207,47,None,Move,browsing
1568705125.394,205,46,None,Move,browsing
1568705125.404,202,45,None,Move,browsing
1568705125.413,201,45,None,Move,browsing
1568705125.423,200,45,None,Move,browsing
1568705125.4320002,199,45,None,Move,browsing
1568705125.441,199,45,None,Move,browsing
1568705125.45,198,45,None,Move,browsing
1568705125.46,197,45,None,Move,browsing
1568705125.469,196,45,None,Move,browsing
1568705125.479,193,45,None,Move,browsing
1568705125.4889998,190,45,None,Move,browsing
1568705125.498,187,45,None,Move,browsing
1568705125.5070002,184,43,None,Move,browsing
1568705125.516,181,42,None,Move,browsing
1568705125.524,178,42,None,Move,browsing
1568705125.532,176,42,None,Move,browsing
1568705125.542,174,42,None,Move,browsing
1568705125.552,171,42,None,Move,browsing
1568705125.56,169,41,None,Move,browsing
1568705125.569,165,41,None,Move,browsing
1568705125.581,160,40,None,Move,browsing
1568705125.592,157,39,None,Move,browsing
1568705125.6020002,153,38,None,Move,browsing
1568705125.611,151,38,None,Move,browsing
1568705125.6220002,148,36,None,Move,browsing
1568705125.631,146,35,None,Move,browsing
1568705125.641,145,35,None,Move,browsing
1568705125.649,144,34,None,Move,browsing
1568705125.659,143,34,None,Move,browsing
1568705125.668,142,33,None,Move,browsing
1568705125.678,141,33,None,Move,browsing
1568705125.686,140,32,None,Move,browsing
1568705125.697,140,31,None,Move,browsing
1568705125.707,140,31,None,Move,browsing
1568705125.716,140,30,None,Move,browsing
1568705126.028,140,30,None,Move,browsing
1568705128.7770002,140,36,None,Move,browsing
1568705128.7870002,138,58,None,Move,browsing
1568705128.796,135,89,None,Move,browsing
1568705128.804,135,102,None,Move,browsing
1568705128.82,140,128,None,Move,browsing
1568705128.827,143,142,None,Move,browsing
1568705128.837,150,166,None,Move,browsing
1568705128.847,152,177,None,Move,browsing
1568705128.8579998,155,187,None,Move,browsing
1568705128.869,158,199,None,Move,browsing
1568705128.875,161,212,None,Move,browsing
1568705128.8839998,163,226,None,Move,browsing
1568705128.895,165,238,None,Move,browsing
1568705128.904,169,253,None,Move,browsing
1568705128.91,171,269,None,Move,browsing
1568705128.918,172,272,None,Move,browsing
1568705128.925,179,291,None,Move,browsing
1568705128.934,179,296,None,Move,browsing
1568705130.3579998,183,309,None,Move,browsing
1568705130.377,184,320,None,Move,browsing
1568705130.396,184,339,None,Move,browsing
1568705130.428,184,359,None,Move,browsing
1568705130.451,184,381,None,Move,browsing
1568705130.481,184,396,None,Move,browsing
1568705130.502,184,403,None,Move,browsing
1568705130.522,184,405,None,Move,browsing
1568705130.54,184,405,None,Move,browsing
1568705130.56,184,406,None,Move,browsing
1568705130.5779998,184,407,None,Move,browsing
1568705130.597,184,407,None,Move,browsing
1568705130.635,184,408,None,Move,browsing
1568705130.657,184,409,None,Move,browsing
1568705130.694,184,409,None,Move,browsing
1568705130.7129998,184,409,None,Move,browsing
1568705130.7329998,184,410,None,Move,browsing
1568705130.7589998,184,413,None,Move,browsing
1568705130.78,184,416,None,Move,browsing
1568705130.811,184,417,None,Move,browsing
1568705130.832,184,418,None,Move,browsing
1568705130.843,184,420,None,Move,browsing
1568705130.859,185,421,None,Move,browsing
1568705130.871,185,423,None,Move,browsing
1568705130.8839998,185,423,None,Move,browsing
1568705130.896,185,424,None,Move,browsing
1568705130.908,185,424,None,Move,browsing
1568705130.92,185,425,None,Move,browsing
1568705130.931,185,426,None,Move,browsing
1568705131.206,191,432,None,Move,browsing
1568705131.2229998,201,444,None,Move,browsing
1568705131.242,216,455,None,Move,browsing
1568705131.2529998,226,460,None,Move,browsing
1568705131.265,234,465,None,Move,browsing
1568705131.276,244,473,None,Move,browsing
1568705131.288,252,479,None,Move,browsing
1568705131.299,259,484,None,Move,browsing
1568705131.31,263,487,None,Move,browsing
1568705131.321,267,490,None,Move,browsing
1568705131.332,270,492,None,Move,browsing
1568705131.343,276,495,None,Move,browsing
1568705131.354,283,498,None,Move,browsing
1568705131.365,286,499,None,Move,browsing
1568705131.3760002,290,500,None,Move,browsing
1568705131.389,291,500,None,Move,browsing
1568705131.401,292,500,None,Move,browsing
1568705131.413,292,500,None,Move,browsing
1568705131.424,293,500,None,Move,browsing
1568705131.434,294,500,None,Move,browsing
1568705131.445,295,500,None,Move,browsing
1568705131.456,298,500,None,Move,browsing
1568705131.467,298,500,None,Move,browsing
1568705131.479,300,500,None,Move,browsing
1568705131.49,301,500,None,Move,browsing
1568705131.502,302,500,None,Move,browsing
1568705131.512,302,500,None,Move,browsing
1568705131.5229998,303,500,None,Move,browsing
1568705131.534,303,500,None,Move,browsing
1568705131.545,305,500,None,Move,browsing
1568705131.564,305,500,None,Move,browsing
1568705131.576,306,500,None,Move,browsing
1568705131.586,307,499,None,Move,browsing
1568705131.597,307,499,None,Move,browsing
1568705131.61,308,499,None,Move,browsing
1568705131.621,309,499,None,Move,browsing
1568705131.6320002,310,499,None,Move,browsing
1568705164.437,305,507,None,Move,browsing
1568705164.448,282,531,None,Move,browsing
1568705164.458,250,577,None,Move,browsing
1568705164.468,229,607,None,Move,browsing
1568705164.4770002,202,645,None,Move,browsing
1568705164.486,189,662,None,Move,browsing
1568705164.4970002,174,691,None,Move,browsing
1568705164.505,162,719,None,Move,browsing
1568705164.512,156,730,None,Move,browsing
1568705164.519,148,752,None,Move,browsing
1568705164.5270002,138,785,None,Move,browsing
1568705164.534,134,779,None,Move,browsing
1568705164.543,132,778,None,Move,browsing
1568705164.551,130,778,None,Move,browsing
1568705164.559,129,785,None,Move,browsing
1568705164.5679998,127,777,None,Move,browsing
1568705164.576,127,774,None,Move,browsing
1568705164.584,127,772,None,Move,browsing
1568705164.592,127,775,None,Move,browsing
1568705164.601,127,775,None,Move,browsing
1568705164.6079998,127,775,None,Move,browsing
1568705164.6160002,127,771,None,Move,browsing
1568705164.6220002,127,770,None,Move,browsing
1568705164.629,126,770,None,Move,browsing
1568705164.6379998,126,769,None,Move,browsing
1568705164.6520002,126,767,None,Move,browsing
1568705164.9220002,138,759,None,Move,browsing
1568705164.938,148,752,None,Move,browsing
1568705164.955,154,748,None,Move,browsing
1568705164.972,160,746,None,Move,browsing
1568705164.9889998,164,745,None,Move,browsing
1568705165.006,166,745,None,Move,browsing
1568705165.022,167,745,None,Move,browsing
1568705165.038,168,745,None,Move,browsing
1568705165.096,169,745,None,Move,browsing
1568705165.125,170,745,None,Move,browsing
1568705165.141,172,745,None,Move,browsing
1568705165.158,179,744,None,Move,browsing
1568705165.176,186,743,None,Move,browsing
1568705165.1920002,190,742,None,Move,browsing
1568705165.209,193,742,None,Move,browsing
1568705165.226,196,742,None,Move,browsing
1568705165.244,205,740,None,Move,browsing
1568705165.2610002,210,740,None,Move,browsing
1568705165.276,217,740,None,Move,browsing
1568705165.294,222,741,None,Move,browsing
1568705165.313,228,742,None,Move,browsing
1568705165.329,232,743,None,Move,browsing
1568705165.347,235,744,None,Move,browsing
1568705165.3620002,237,744,None,Move,browsing
1568705165.379,238,744,None,Move,browsing
1568705165.399,239,744,None,Move,browsing
1568705165.476,239,745,None,Move,browsing
1568705165.967,243,741,None,Move,browsing
1568705165.9829998,253,731,None,Move,browsing
1568705166.0010002,266,716,None,Move,browsing
1568705166.018,272,709,None,Move,browsing
1568705166.039,279,700,None,Move,browsing
1568705166.0570002,284,693,None,Move,browsing
1568705166.075,288,690,None,Move,browsing
1568705166.094,289,689,None,Move,browsing
1568705166.1139998,290,688,None,Move,browsing
1568705166.1320002,292,688,None,Move,browsing
1568705166.156,292,688,None,Move,browsing
1568705186.72,292,685,None,Move,browsing
1568705186.728,292,678,None,Move,browsing
1568705186.736,293,671,None,Move,browsing
1568705186.744,294,662,None,Move,browsing
1568705186.752,295,652,None,Move,browsing
1568705186.76,296,642,None,Move,browsing
1568705186.769,296,632,None,Move,browsing
1568705186.776,296,622,None,Move,browsing
1568705186.784,291,598,None,Move,browsing
1568705186.791,283,574,None,Move,browsing
1568705186.798,273,555,None,Move,browsing
1568705186.805,255,518,None,Move,browsing
1568705186.812,232,481,None,Move,browsing
1568705186.82,208,446,None,Move,browsing
1568705186.827,178,400,None,Move,browsing
1568705186.834,154,352,None,Move,browsing
1568705186.841,127,292,None,Move,browsing
1568705186.85,108,245,None,Move,browsing
1568705186.859,92,193,None,Move,browsing
1568705186.867,83,165,None,Move,browsing
1568705186.875,77,146,None,Move,browsing
1568705186.89,74,138,None,Move,browsing
1568705186.9,73,135,None,Move,browsing
1568705186.907,72,133,None,Move,browsing
1568705186.914,72,133,None,Move,browsing
1568705186.9220002,72,132,None,Move,browsing
1568705186.93,72,132,None,Move,browsing
1568705186.939,92,120,None,Move,browsing
1568705186.947,94,118,None,Move,browsing
1568705187.225,92,108,None,Move,browsing
1568705187.2410002,92,86,None,Move,browsing
1568705187.2589998,98,34,None,Move,browsing
1568705187.2870002,106,25,None,Move,browsing
1568705187.312,122,15,None,Move,browsing
1568705187.335,132,10,None,Move,browsing
1568705187.365,140,9,None,Move,browsing
1568705187.391,147,8,None,Move,browsing
1568705187.417,156,6,None,Move,browsing
1568705187.444,167,-2,None,Move,browsing
1568705187.4729998,172,-4,None,Move,browsing
1568705187.496,178,-2,None,Move,browsing
1568705187.5110002,187,-3,None,Move,browsing
1568705187.528,194,-1,None,Move,browsing
1568705187.544,203,-1,None,Move,browsing
1568705187.561,213,-1,None,Move,browsing
1568705187.575,221,-1,None,Move,browsing
1568705187.5879998,231,-1,None,Move,browsing
1568705187.6020002,240,-2,None,Move,browsing
1568705187.617,245,0,None,Move,browsing
1568705187.6320002,251,-1,None,Move,browsing
1568705187.646,258,-1,None,Move,browsing
1568705187.6620002,264,-1,None,Move,browsing
1568705187.678,265,0,None,Move,browsing
1568705187.6920002,267,-1,None,Move,browsing
1568705187.705,268,0,None,Move,browsing
1568705187.722,270,0,None,Move,browsing
1568705188.008,288,-3,None,Move,browsing
1568705188.028,301,-1,None,Move,browsing
1568705188.052,313,-2,None,Move,browsing
1568705188.071,327,0,None,Move,browsing
1568705188.085,335,2,None,Move,browsing
1568705188.099,340,3,None,Move,browsing
1568705188.1139998,341,4,None,Move,browsing
1568705188.1339998,341,4,None,Move,browsing
1568705188.342,341,4,Left,Pressed,browsing
1568705188.5570002,341,4,Left,Released,browsing
1568705189.045,338,21,None,Move,browsing
1568705189.064,329,44,None,Move,browsing
1568705189.087,323,66,None,Move,browsing
1568705189.111,318,86,None,Move,browsing
1568705189.1360002,314,96,None,Move,browsing
1568705189.177,313,100,None,Move,browsing
1568705189.208,313,101,None,Move,browsing
1568705189.232,312,102,None,Move,browsing
1568705189.2570002,312,102,None,Move,browsing
1568705189.498,313,102,None,Move,browsing
1568705189.52,316,102,None,Move,browsing
1568705189.542,323,103,None,Move,browsing
1568705189.563,329,104,None,Move,browsing
1568705189.584,332,105,None,Move,browsing
1568705189.606,334,106,None,Move,browsing
1568705189.6260002,336,106,None,Move,browsing
1568705189.653,337,106,None,Move,browsing
1568705189.675,340,106,None,Move,browsing
1568705189.697,342,107,None,Move,browsing
1568705189.716,344,109,None,Move,browsing
1568705189.73,345,110,None,Move,browsing
1568705189.744,345,110,None,Move,browsing
1568705189.7570002,346,110,None,Move,browsing
1568705189.771,346,111,None,Move,browsing
1568705189.791,346,112,None,Move,browsing
1568705189.806,347,113,None,Move,browsing
1568705189.821,350,113,None,Move,browsing
1568705189.835,354,114,None,Move,browsing
1568705189.849,356,115,None,Move,browsing
1568705189.8620002,360,116,None,Move,browsing
1568705189.8760002,362,118,None,Move,browsing
1568705189.889,363,119,None,Move,browsing
1568705189.904,364,120,None,Move,browsing
1568705189.918,366,120,None,Move,browsing
1568705189.9320002,368,121,None,Move,browsing
1568705189.946,370,122,None,Move,browsing
1568705189.961,373,122,None,Move,browsing
1568705189.976,377,122,None,Move,browsing
1568705189.9910002,378,122,None,Move,browsing
1568705190.006,378,122,None,Move,browsing
1568705190.31,381,122,None,Move,browsing
1568705190.332,385,123,None,Move,browsing
1568705190.353,388,123,None,Move,browsing
1568705190.373,390,124,None,Move,browsing
1568705190.394,391,124,None,Move,browsing
1568705190.414,392,125,None,Move,browsing
1568705190.435,393,125,None,Move,browsing
1568705190.456,394,125,None,Move,browsing
1568705190.7629998,394,125,Left,Pressed,browsing
1568705190.978,394,125,Left,Released,browsing
1568705195.0470002,394,125,None,Move,browsing
1568705195.0579998,393,125,None,Move,browsing
1568705195.066,390,123,None,Move,browsing
1568705195.073,382,114,None,Move,browsing
1568705195.083,376,108,None,Move,browsing
1568705195.093,367,95,None,Move,browsing
1568705195.105,360,85,None,Move,browsing
1568705195.117,354,77,None,Move,browsing
1568705195.129,351,68,None,Move,browsing
1568705195.1360002,347,61,None,Move,browsing
1568705195.146,345,56,None,Move,browsing
1568705195.1520002,344,53,None,Move,browsing
1568705195.16,344,52,None,Move,browsing
1568705195.168,343,51,None,Move,browsing
1568705195.177,343,51,None,Move,browsing
1568705195.216,342,51,None,Move,browsing
1568705195.238,342,51,None,Move,browsing
1568705195.258,340,49,None,Move,browsing
1568705195.275,340,49,None,Move,browsing
1568705195.294,339,48,None,Move,browsing
1568705195.5229998,330,45,None,Move,browsing
1568705195.541,311,39,None,Move,browsing
1568705195.559,302,37,None,Move,browsing
1568705195.576,291,39,None,Move,browsing
1568705195.596,284,43,None,Move,browsing
1568705195.613,280,48,None,Move,browsing
1568705195.6320002,278,59,None,Move,browsing
1568705195.651,278,72,None,Move,browsing
1568705195.673,280,80,None,Move,browsing
1568705195.704,286,90,None,Move,browsing
1568705195.722,293,93,None,Move,browsing
1568705195.735,299,96,None,Move,browsing
1568705195.748,309,96,None,Move,browsing
1568705195.764,315,91,None,Move,browsing
1568705195.783,323,78,None,Move,browsing
1568705195.8,332,56,None,Move,browsing
1568705195.813,335,42,None,Move,browsing
1568705195.83,331,34,None,Move,browsing
1568705195.844,327,26,None,Move,browsing
1568705195.856,325,24,None,Move,browsing
1568705195.8679998,320,24,None,Move,browsing
1568705195.8820002,309,31,None,Move,browsing
1568705195.895,301,38,None,Move,browsing
1568705195.908,290,47,None,Move,browsing
1568705195.92,279,61,None,Move,browsing
1568705195.934,275,69,None,Move,browsing
1568705195.948,273,90,None,Move,browsing
1568705195.961,271,113,None,Move,browsing
1568705195.98,274,125,None,Move,browsing
1568705195.998,277,127,None,Move,browsing
1568705196.012,279,129,None,Move,browsing
1568705196.031,282,128,None,Move,browsing
1568705196.046,286,121,None,Move,browsing
1568705196.059,293,87,None,Move,browsing
1568705196.071,293,71,None,Move,browsing
1568705196.085,289,39,None,Move,browsing
1568705196.103,276,28,None,Move,browsing
1568705196.1179998,264,19,None,Move,browsing
1568705196.133,243,9,None,Move,browsing
1568705196.147,232,4,None,Move,browsing
1568705196.16,217,2,None,Move,browsing
1568705196.173,209,2,None,Move,browsing
1568705196.186,203,2,None,Move,browsing
1568705196.199,196,3,None,Move,browsing
1568705196.212,190,4,None,Move,browsing
1568705196.226,187,5,None,Move,browsing
1568705196.2370002,186,5,None,Move,browsing
1568705196.2510002,186,5,None,Move,browsing
1568705196.264,186,5,None,Move,browsing
1568705196.2770002,185,5,None,Move,browsing
1568705196.371,185,6,None,Move,browsing
1568705196.394,185,6,None,Move,browsing
1568705196.417,185,7,None,Move,browsing
1568705196.444,185,7,None,Move,browsing
1568705196.496,185,7,None,Move,browsing
1568705196.52,185,7,None,Move,browsing
1568705196.538,192,6,None,Move,browsing
1568705196.554,209,6,None,Move,browsing
1568705196.57,220,11,None,Move,browsing
1568705196.587,240,18,None,Move,browsing
1568705196.601,248,22,None,Move,browsing
1568705196.6179998,268,30,None,Move,browsing
1568705196.6339998,280,38,None,Move,browsing
1568705196.649,304,54,None,Move,browsing
1568705196.666,313,66,None,Move,browsing
1568705196.6820002,320,76,None,Move,browsing
1568705196.697,327,86,None,Move,browsing
1568705196.72,330,95,None,Move,browsing
1568705196.7389998,331,105,None,Move,browsing
1568705196.758,329,115,None,Move,browsing
1568705196.778,327,123,None,Move,browsing
1568705196.798,325,130,None,Move,browsing
1568705196.816,322,135,None,Move,browsing
1568705196.831,321,139,None,Move,browsing
1568705196.847,320,141,None,Move,browsing
1568705196.8620002,318,143,None,Move,browsing
1568705196.8779998,316,144,None,Move,browsing
1568705196.893,314,144,None,Move,browsing
1568705196.908,313,146,None,Move,browsing
1568705196.9220002,311,147,None,Move,browsing
1568705196.936,309,147,None,Move,browsing
1568705196.95,306,147,None,Move,browsing
1568705196.965,304,147,None,Move,browsing
1568705196.979,302,147,None,Move,browsing
1568705196.9929998,301,146,None,Move,browsing
1568705197.008,300,144,None,Move,browsing
1568705197.022,299,142,None,Move,browsing
1568705197.036,298,141,None,Move,browsing
1568705197.05,298,140,None,Move,browsing
1568705197.065,300,135,None,Move,browsing
1568705197.084,302,132,None,Move,browsing
1568705197.1,309,128,None,Move,browsing
1568705197.1160002,319,124,None,Move,browsing
1568705197.133,327,122,None,Move,browsing
1568705197.1479998,339,120,None,Move,browsing
1568705197.164,344,120,None,Move,browsing
1568705197.178,354,121,None,Move,browsing
1568705197.1920002,362,122,None,Move,browsing
1568705197.207,368,123,None,Move,browsing
1568705197.221,371,124,None,Move,browsing
1568705197.234,375,126,None,Move,browsing
1568705197.2489998,382,129,None,Move,browsing
1568705197.2629998,389,133,None,Move,browsing
1568705197.2770002,393,136,None,Move,browsing
1568705197.292,398,140,None,Move,browsing
1568705197.306,402,145,None,Move,browsing
1568705197.32,405,149,None,Move,browsing
1568705197.334,406,150,None,Move,browsing
1568705197.3479998,406,150,None,Move,browsing
1568705197.6279998,412,155,None,Move,browsing
1568705197.651,423,163,None,Move,browsing
1568705197.668,430,169,None,Move,browsing
1568705197.68,436,173,None,Move,browsing
1568705197.6920002,443,178,None,Move,browsing
1568705197.706,450,183,None,Move,browsing
1568705197.717,452,186,None,Move,browsing
1568705197.732,453,188,None,Move,browsing
1568705197.7470002,454,188,None,Move,browsing
1568705197.758,455,189,None,Move,browsing
1568705197.768,455,189,None,Move,browsing
1568705197.776,455,190,None,Move,browsing
1568705197.785,456,191,None,Move,browsing
1568705197.793,457,192,None,Move,browsing
1568705197.801,458,192,None,Move,browsing
1568705197.81,458,193,None,Move,browsing
1568705197.819,458,194,None,Move,browsing
1568705197.827,459,195,None,Move,browsing
1568705197.835,459,196,None,Move,browsing
1568705197.843,460,198,None,Move,browsing
1568705197.8520002,462,199,None,Move,browsing
1568705197.86,462,200,None,Move,browsing
1568705197.867,463,202,None,Move,browsing
1568705197.8779998,463,203,None,Move,browsing
1568705197.889,464,206,None,Move,browsing
1568705197.9020002,465,209,None,Move,browsing
1568705197.913,465,210,None,Move,browsing
1568705197.926,465,211,None,Move,browsing
1568705197.937,465,211,None,Move,browsing
1568705197.948,465,212,None,Move,browsing
1568705197.959,465,213,None,Move,browsing
1568705197.971,465,213,None,Move,browsing
1568705197.981,464,213,None,Move,browsing
1568705197.9929998,463,213,None,Move,browsing
1568705198.016,463,213,None,Move,browsing
1568705198.029,462,213,None,Move,browsing
1568705198.242,462,213,Left,Pressed,browsing
1568705198.456,462,213,Left,Released,browsing
1568705198.565,461,215,None,Move,browsing
1568705198.583,458,219,None,Move,browsing
1568705198.6020002,446,236,None,Move,browsing
1568705198.621,441,246,None,Move,browsing
1568705198.641,436,256,None,Move,browsing
1568705198.661,433,258,None,Move,browsing
1568705198.6820002,431,259,None,Move,browsing
1568705198.694,430,261,None,Move,browsing
1568705198.706,428,264,None,Move,browsing
1568705198.718,424,271,None,Move,browsing
1568705198.73,420,280,None,Move,browsing
1568705198.742,418,285,None,Move,browsing
1568705198.755,416,287,None,Move,browsing
1568705198.7670002,414,291,None,Move,browsing
1568705198.781,413,293,None,Move,browsing
1568705198.795,413,294,None,Move,browsing
1568705198.8070002,412,295,None,Move,browsing
1568705198.821,412,295,None,Move,browsing
1568705198.834,412,296,None,Move,browsing
1568705198.845,412,297,None,Move,browsing
1568705198.856,412,298,None,Move,browsing
1568705198.8679998,412,298,None,Move,browsing
1568705198.881,412,298,None,Move,browsing
1568705214.613,412,300,None,Move,browsing
1568705214.6220002,412,310,None,Move,browsing
1568705214.631,411,321,None,Move,browsing
1568705214.6379998,405,352,None,Move,browsing
1568705214.647,394,390,None,Move,browsing
1568705214.655,389,411,None,Move,browsing
1568705214.664,384,428,None,Move,browsing
1568705214.671,369,466,None,Move,browsing
1568705214.68,360,501,None,Move,browsing
1568705214.687,356,512,None,Move,browsing
1568705214.695,353,523,None,Move,browsing
1568705214.704,351,534,None,Move,browsing
1568705214.718,348,541,None,Move,browsing
1568705214.732,346,547,None,Move,browsing
1568705214.746,340,563,None,Move,browsing
1568705214.76,335,575,None,Move,browsing
1568705214.775,330,583,None,Move,browsing
1568705214.789,327,592,None,Move,browsing
1568705214.803,326,595,None,Move,browsing
1568705214.8179998,326,596,None,Move,browsing
1568705214.832,326,597,None,Move,browsing
1568705214.846,325,598,None,Move,browsing
1568705214.86,324,599,None,Move,browsing
1568705214.8739998,322,601,None,Move,browsing
1568705214.887,320,603,None,Move,browsing
1568705214.9020002,317,604,None,Move,browsing
1568705214.916,306,607,None,Move,browsing
1568705214.929,294,610,None,Move,browsing
1568705214.9429998,282,614,None,Move,browsing
1568705214.957,270,618,None,Move,browsing
1568705214.971,262,622,None,Move,browsing
1568705214.985,258,625,None,Move,browsing
1568705214.998,249,630,None,Move,browsing
1568705215.012,241,633,None,Move,browsing
1568705215.0270002,239,635,None,Move,browsing
1568705215.041,238,635,None,Move,browsing
1568705215.055,237,636,None,Move,browsing
1568705215.235,208,652,None,Move,browsing
1568705215.2510002,172,676,None,Move,browsing
1568705215.269,148,691,None,Move,browsing
1568705215.2870002,124,707,None,Move,browsing
1568705215.324,117,713,None,Move,browsing
1568705215.346,115,715,None,Move,browsing
1568705215.361,114,716,None,Move,browsing
1568705215.371,113,716,None,Move,browsing
1568705215.381,113,717,None,Move,browsing
1568705215.418,112,717,None,Move,browsing
1568705215.447,112,717,None,Move,browsing
1568705215.4910002,112,718,None,Move,browsing
1568705215.5089998,112,719,None,Move,browsing
1568705215.529,110,719,None,Move,browsing
1568705215.5470002,109,720,None,Move,browsing
1568705215.5670002,108,722,None,Move,browsing
1568705215.589,107,722,None,Move,browsing
1568705215.6079998,107,722,None,Move,browsing
1568705215.627,103,726,None,Move,browsing
1568705215.644,99,730,None,Move,browsing
1568705215.663,96,733,None,Move,browsing
1568705215.689,91,737,None,Move,browsing
1568705215.707,89,739,None,Move,browsing
1568705215.725,88,739,None,Move,browsing
1568705215.7429998,87,739,None,Move,browsing
1568705216.082,87,739,Left,Pressed,browsing
1568705216.298,87,739,Left,Released,browsing
1568705225.9889998,98,734,None,Move,development
1568705226.004,122,721,None,Move,development
1568705226.019,130,716,None,Move,development
1568705226.041,139,713,None,Move,development
1568705226.049,146,711,None,Move,development
1568705226.0579998,151,710,None,Move,development
1568705226.064,154,709,None,Move,development
1568705226.072,158,708,None,Move,development
1568705226.0779998,160,707,None,Move,development
1568705226.085,163,705,None,Move,development
1568705226.093,166,705,None,Move,development
1568705226.1,168,704,None,Move,development
1568705226.107,172,703,None,Move,development
1568705226.1139998,178,701,None,Move,development
1568705226.121,185,698,None,Move,development
1568705226.1279998,193,696,None,Move,development
1568705226.1360002,199,695,None,Move,development
1568705226.143,206,694,None,Move,development
1568705226.151,212,692,None,Move,development
1568705226.158,220,691,None,Move,development
1568705226.167,227,688,None,Move,development
1568705226.174,234,687,None,Move,development
1568705226.181,237,686,None,Move,development
1568705226.188,240,685,None,Move,development
1568705226.194,243,683,None,Move,development
1568705226.201,246,682,None,Move,development
1568705226.21,247,682,None,Move,development
1568705226.217,248,680,None,Move,development
1568705226.224,249,680,None,Move,development
1568705226.246,249,680,None,Move,development
1568705226.2529998,251,679,None,Move,development
1568705226.268,259,677,None,Move,development
1568705226.282,267,675,None,Move,development
1568705226.296,277,673,None,Move,development
1568705226.31,291,669,None,Move,development
1568705226.327,313,653,None,Move,development
1568705226.345,356,628,None,Move,development
1568705226.359,416,583,None,Move,development
1568705226.3739998,476,538,None,Move,development
1568705226.389,538,495,None,Move,development
1568705226.404,601,447,None,Move,development
1568705226.419,664,392,None,Move,development
1568705226.4329998,718,352,None,Move,development
1568705226.448,743,334,None,Move,development
1568705226.465,767,316,None,Move,development
1568705226.478,772,307,None,Move,development
1568705226.4929998,773,305,None,Move,development
1568705226.5070002,773,304,None,Move,development
1568705226.521,774,303,None,Move,development
1568705226.575,774,303,None,Move,development
1568705226.59,774,304,None,Move,development
1568705226.607,774,304,None,Move,development
1568705226.867,774,305,None,Move,development
1568705226.881,774,306,None,Move,development
1568705226.897,774,308,None,Move,development
1568705226.913,774,308,None,Move,development
1568705226.928,774,309,None,Move,development
1568705226.944,774,310,None,Move,development
1568705226.96,774,311,None,Move,development
1568705226.976,774,314,None,Move,development
1568705226.992,773,319,None,Move,development
1568705227.0089998,771,326,None,Move,development
1568705227.0270002,769,330,None,Move,development
1568705227.044,769,333,None,Move,development
1568705227.059,767,336,None,Move,development
1568705227.075,765,339,None,Move,development
1568705227.091,764,341,None,Move,development
1568705227.1079998,764,342,None,Move,development
1568705227.127,764,343,None,Move,development
1568705227.149,763,345,None,Move,development
1568705227.166,762,346,None,Move,development
1568705227.1820002,762,347,None,Move,development
1568705227.2,762,347,None,Move,development
1568705227.216,762,347,None,Move,development
1568705227.232,762,348,None,Move,development
1568705227.2510002,762,348,None,Move,development
1568705227.488,762,348,Left,Pressed,development
1568705227.702,762,348,Left,Released,development
1568705229.271,760,349,None,Move,file system
1568705229.28,760,349,None,Move,file system
1568705229.2870002,759,350,None,Move,file system
1568705229.294,757,351,None,Move,file system
1568705229.303,754,351,None,Move,file system
1568705229.3079998,751,352,None,Move,file system
1568705229.3179998,745,354,None,Move,file system
1568705229.325,741,357,None,Move,file system
1568705229.331,735,358,None,Move,file system
1568705229.3379998,732,359,None,Move,file system
1568705229.346,728,359,None,Move,file system
1568705229.354,725,360,None,Move,file system
1568705229.361,724,360,None,Move,file system
1568705229.369,723,360,None,Move,file system
1568705229.377,722,360,None,Move,file system
1568705229.385,722,360,None,Move,file system
1568705229.3920002,720,360,None,Move,file system
1568705229.4,720,360,None,Move,file system
1568705229.406,719,360,None,Move,file system
1568705229.4120002,719,360,None,Move,file system
1568705229.42,717,360,None,Move,file system
1568705229.427,709,358,None,Move,file system
1568705229.435,698,353,None,Move,file system
1568705229.449,689,351,None,Move,file system
1568705229.465,685,350,None,Move,file system
1568705229.478,674,347,None,Move,file system
1568705229.492,663,343,None,Move,file system
1568705229.506,653,338,None,Move,file system
1568705229.52,640,328,None,Move,file system
1568705229.534,629,321,None,Move,file system
1568705229.5470002,623,316,None,Move,file system
1568705229.561,618,306,None,Move,file system
1568705229.575,613,300,None,Move,file system
1568705229.5879998,610,297,None,Move,file system
1568705229.6020002,607,294,None,Move,file system
1568705229.6160002,605,293,None,Move,file system
1568705229.629,604,292,None,Move,file system
1568705229.6420002,603,291,None,Move,file system
1568705229.656,602,291,None,Move,file system
1568705229.67,602,291,None,Move,file system
1568705229.684,602,291,None,Move,file system
1568705229.697,604,289,None,Move,file system
1568705229.7129998,605,287,None,Move,file system
1568705229.726,606,286,None,Move,file system
1568705229.7389998,607,285,None,Move,file system
1568705229.7529998,608,284,None,Move,file system
1568705229.7670002,610,281,None,Move,file system
1568705229.78,613,279,None,Move,file system
1568705229.794,617,271,None,Move,file system
1568705229.8070002,621,263,None,Move,file system
1568705229.821,625,255,None,Move,file system
1568705229.835,628,250,None,Move,file system
1568705229.8479998,632,246,None,Move,file system
1568705229.8620002,633,243,None,Move,file system
1568705229.875,634,240,None,Move,file system
1568705229.889,635,238,None,Move,file system
1568705229.903,636,236,None,Move,file system
1568705229.917,636,233,None,Move,file system
1568705229.935,636,233,None,Move,file system
1568705229.949,636,232,None,Move,file system
1568705229.9629998,636,232,None,Move,file system
1568705231.019,636,232,None,Move,file system
1568705231.026,635,234,None,Move,file system
1568705231.036,632,240,None,Move,file system
1568705231.042,623,256,None,Move,file system
1568705231.052,616,276,None,Move,file system
1568705231.06,610,287,None,Move,file system
1568705231.071,600,310,None,Move,file system
1568705231.081,589,333,None,Move,file system
1568705231.087,584,344,None,Move,file system
1568705231.093,577,355,None,Move,file system
1568705231.099,569,375,None,Move,file system
1568705231.1079998,556,401,None,Move,file system
1568705231.1139998,549,412,None,Move,file system
1568705231.121,544,423,None,Move,file system
1568705231.129,537,435,None,Move,file system
1568705231.1360002,526,452,None,Move,file system
1568705231.144,520,463,None,Move,file system
1568705231.1520002,515,470,None,Move,file system
1568705231.159,511,474,None,Move,file system
1568705231.167,508,477,None,Move,file system
1568705231.175,506,479,None,Move,file system
1568705231.1820002,505,480,None,Move,file system
1568705231.19,504,481,None,Move,file system
1568705231.198,503,481,None,Move,file system
1568705231.205,503,482,None,Move,file system
1568705231.212,502,483,None,Move,file system
1568705231.22,502,483,None,Move,file system
1568705231.226,501,483,None,Move,file system
1568705231.234,500,483,None,Move,file system
1568705231.242,499,483,None,Move,file system
1568705231.2510002,499,483,None,Move,file system
1568705231.2570002,498,483,None,Move,file system
1568705231.265,498,483,None,Move,file system
1568705231.2729998,496,483,None,Move,file system
1568705231.28,488,481,None,Move,file system
1568705231.2870002,477,479,None,Move,file system
1568705231.2970002,468,475,None,Move,file system
1568705231.304,461,467,None,Move,file system
1568705231.312,453,458,None,Move,file system
1568705231.321,445,450,None,Move,file system
1568705231.3279998,439,443,None,Move,file system
1568705231.335,432,434,None,Move,file system
1568705231.344,425,421,None,Move,file system
1568705231.35,422,407,None,Move,file system
1568705231.3579998,421,398,None,Move,file system
1568705231.365,421,390,None,Move,file system
1568705231.3720002,421,380,None,Move,file system
1568705231.379,423,368,None,Move,file system
1568705231.387,428,351,None,Move,file system
1568705231.396,432,341,None,Move,file system
1568705231.4020002,435,333,None,Move,file system
1568705231.411,439,325,None,Move,file system
1568705231.419,442,319,None,Move,file system
1568705231.428,446,312,None,Move,file system
1568705231.435,449,306,None,Move,file system
1568705231.4429998,451,302,None,Move,file system
1568705231.45,454,298,None,Move,file system
1568705231.459,457,293,None,Move,file system
1568705231.4729998,461,291,None,Move,file system
1568705231.481,464,289,None,Move,file system
1568705231.488,466,287,None,Move,file system
1568705231.496,468,286,None,Move,file system
1568705231.505,468,286,None,Move,file system
1568705231.5129998,469,286,None,Move,file system
1568705231.554,469,286,None,Move,file system
1568705231.569,469,287,None,Move,file system
1568705231.584,469,288,None,Move,file system
1568705231.6,469,293,None,Move,file system
1568705231.617,469,297,None,Move,file system
1568705231.633,470,299,None,Move,file system
1568705231.649,471,302,None,Move,file system
1568705231.665,474,307,None,Move,file system
1568705231.681,476,313,None,Move,file system
1568705231.697,479,317,None,Move,file system
1568705231.714,480,319,None,Move,file system
1568705231.73,482,321,None,Move,file system
1568705231.746,483,322,None,Move,file system
1568705231.762,484,325,None,Move,file system
1568705231.778,487,327,None,Move,file system
1568705231.799,490,328,None,Move,file system
1568705231.82,492,328,None,Move,file system
1568705231.839,493,328,None,Move,file system
1568705231.85,494,328,None,Move,file system
1568705231.8620002,495,328,None,Move,file system
1568705231.873,495,328,None,Move,file system
1568705231.8979998,496,328,None,Move,file system
1568705231.911,497,328,None,Move,file system
1568705231.921,497,329,None,Move,file system
1568705231.937,498,329,None,Move,file system
1568705231.954,499,329,None,Move,file system
1568705231.971,500,330,None,Move,file system
1568705231.9889998,503,332,None,Move,file system
1568705232.005,506,334,None,Move,file system
1568705232.024,509,335,None,Move,file system
1568705232.041,510,336,None,Move,file system
1568705232.061,511,337,None,Move,file system
1568705232.079,511,337,None,Move,file system
1568705232.099,511,338,None,Move,file system
1568705232.117,511,339,None,Move,file system
1568705232.133,511,339,None,Move,file system
1568705232.15,511,340,None,Move,file system
1568705232.166,511,341,None,Move,file system
1568705232.1829998,511,341,None,Move,file system
1568705232.2,511,342,None,Move,file system
1568705232.218,511,342,None,Move,file system
1568705232.458,511,342,Left,Pressed,file system
1568705232.674,511,342,Left,Released,file system
1568705232.956,514,343,None,Move,file system
1568705232.972,520,346,None,Move,file system
1568705232.988,526,350,None,Move,file system
1568705233.004,535,355,None,Move,file system
1568705233.02,541,360,None,Move,file system
1568705233.038,546,363,None,Move,file system
1568705233.0570002,549,365,None,Move,file system
1568705233.075,551,367,None,Move,file system
1568705233.093,554,369,None,Move,file system
1568705233.111,557,372,None,Move,file system
1568705233.1279998,560,376,None,Move,file system
1568705233.145,562,378,None,Move,file system
1568705233.1620002,565,384,None,Move,file system
1568705233.179,567,390,None,Move,file system
1568705233.197,567,395,None,Move,file system
1568705233.214,567,398,None,Move,file system
1568705233.23,567,400,None,Move,file system
1568705233.248,567,402,None,Move,file system
1568705233.265,567,404,None,Move,file system
1568705233.282,567,407,None,Move,file system
1568705233.3,567,409,None,Move,file system
1568705233.3170002,567,410,None,Move,file system
1568705233.333,567,412,None,Move,file system
1568705233.343,567,414,None,Move,file system
1568705233.353,567,415,None,Move,file system
1568705233.363,567,416,None,Move,file system
1568705233.3739998,567,417,None,Move,file system
1568705233.3860002,567,419,None,Move,file system
1568705233.4,567,420,None,Move,file system
1568705233.414,568,423,None,Move,file system
1568705233.426,569,425,None,Move,file system
1568705233.437,569,428,None,Move,file system
1568705233.448,569,430,None,Move,file system
1568705233.46,569,432,None,Move,file system
1568705233.472,569,432,None,Move,file system
1568705233.482,569,433,None,Move,file system
1568705233.492,569,433,None,Move,file system
1568705233.502,569,434,None,Move,file system
1568705233.512,569,435,None,Move,file system
1568705233.522,569,435,None,Move,file system
1568705233.532,569,437,None,Move,file system
1568705233.543,569,437,None,Move,file system
1568705233.7610002,569,437,Left,Pressed,file system
1568705233.975,569,437,Left,Released,file system
1568705234.33,570,432,None,Move,file system
1568705234.343,573,422,None,Move,file system
1568705234.354,583,394,None,Move,file system
1568705234.3639998,594,371,None,Move,file system
1568705234.3779998,603,355,None,Move,file system
1568705234.389,607,343,None,Move,file system
1568705234.403,610,337,None,Move,file system
1568705234.415,610,334,None,Move,file system
1568705234.424,611,332,None,Move,file system
1568705234.4329998,611,332,None,Move,file system
1568705234.44,611,331,None,Move,file system
1568705234.754,611,331,None,Move,file system
1568705234.776,611,331,None,Move,file system
1568705234.865,611,331,None,Move,file system
1568705234.883,611,331,None,Move,file system
1568705234.9,611,323,None,Move,file system
1568705234.918,610,320,None,Move,file system
1568705234.9420002,610,313,None,Move,file system
1568705234.958,610,304,None,Move,file system
1568705234.976,610,302,None,Move,file system
1568705234.994,610,300,None,Move,file system
1568705235.012,610,299,None,Move,file system
1568705235.033,610,298,None,Move,file system
1568705235.07,610,298,None,Move,file system
1568705235.087,610,298,None,Move,file system
1568705235.105,609,298,None,Move,file system
1568705235.123,609,297,None,Move,file system
1568705235.139,609,297,None,Move,file system
1568705235.156,609,292,None,Move,file system
1568705235.173,609,286,None,Move,file system
1568705235.19,609,283,None,Move,file system
1568705235.207,610,280,None,Move,file system
1568705235.224,610,275,None,Move,file system
1568705235.242,610,270,None,Move,file system
1568705235.26,610,264,None,Move,file system
1568705235.278,610,255,None,Move,file system
1568705235.295,611,246,None,Move,file system
1568705235.311,612,241,None,Move,file system
1568705235.329,612,237,None,Move,file system
1568705235.346,612,235,None,Move,file system
1568705235.363,612,234,None,Move,file system
1568705235.381,612,233,None,Move,file system
1568705235.3979998,612,232,None,Move,file system
1568705252.427,614,236,None,Move,file system
1568705252.438,616,244,None,Move,file system
1568705252.448,617,252,None,Move,file system
1568705252.456,618,261,None,Move,file system
1568705252.465,619,266,None,Move,file system
1568705252.476,619,270,None,Move,file system
1568705252.484,621,277,None,Move,file system
1568705252.495,622,287,None,Move,file system
1568705252.502,623,298,None,Move,file system
1568705252.5089998,623,308,None,Move,file system
1568705252.5170002,624,314,None,Move,file system
1568705252.524,625,323,None,Move,file system
1568705252.531,627,333,None,Move,file system
1568705252.543,631,346,None,Move,file system
1568705252.556,634,355,None,Move,file system
1568705252.573,644,383,None,Move,file system
1568705252.587,647,395,None,Move,file system
1568705252.6020002,651,418,None,Move,file system
1568705252.6160002,653,435,None,Move,file system
1568705252.63,658,469,None,Move,file system
1568705252.644,660,481,None,Move,file system
1568705252.66,661,493,None,Move,file system
1568705252.675,661,494,None,Move,file system
1568705252.689,661,495,None,Move,file system
1568705252.7029998,661,496,None,Move,file system
1568705253.005,661,496,None,Move,file system
1568705253.021,660,496,None,Move,file system
1568705253.035,656,494,None,Move,file system
1568705253.05,653,494,None,Move,file system
1568705253.065,652,493,None,Move,file system
1568705253.081,650,492,None,Move,file system
1568705253.097,648,492,None,Move,file system
1568705253.113,644,491,None,Move,file system
1568705253.129,642,491,None,Move,file system
1568705253.144,641,491,None,Move,file system
1568705253.168,641,491,None,Move,file system
1568705253.185,640,491,None,Move,file system
1568705253.202,639,491,None,Move,file system
1568705253.2129998,639,491,None,Move,file system
1568705253.226,638,491,None,Move,file system
1568705253.2370002,638,491,None,Move,file system
1568705253.2529998,637,491,None,Move,file system
1568705253.334,637,491,None,Move,file system
1568705253.349,637,491,None,Move,file system
1568705253.3660002,637,491,None,Move,file system
1568705253.3820002,637,491,None,Move,file system
1568705253.397,637,491,None,Move,file system
1568705253.411,637,491,None,Move,file system
1568705253.426,637,491,None,Move,file system
1568705253.495,637,492,None,Move,file system
1568705253.51,637,493,None,Move,file system
1568705254.18,637,493,Left,Pressed,file system
1568705254.395,637,493,Left,Released,file system
1568705255.292,639,487,None,Move,development
1568705255.311,644,468,None,Move,development
1568705255.325,648,461,None,Move,development
1568705255.336,651,455,None,Move,development
1568705255.345,653,452,None,Move,development
1568705255.3579998,655,447,None,Move,development
1568705255.367,656,444,None,Move,development
1568705255.377,656,441,None,Move,development
1568705255.385,657,438,None,Move,development
1568705255.393,660,431,None,Move,development
1568705255.403,661,427,None,Move,development
1568705255.41,661,425,None,Move,development
1568705255.417,662,423,None,Move,development
1568705255.426,663,423,None,Move,development
1568705255.4329998,663,422,None,Move,development
1568705255.44,665,422,None,Move,development
1568705255.448,667,421,None,Move,development
1568705255.458,670,418,None,Move,development
1568705255.468,676,417,None,Move,development
1568705255.4770002,682,416,None,Move,development
1568705255.486,686,415,None,Move,development
1568705255.496,691,414,None,Move,development
1568705255.506,696,413,None,Move,development
1568705255.514,702,410,None,Move,development
1568705255.5229998,710,408,None,Move,development
1568705255.532,717,406,None,Move,development
1568705255.542,720,405,None,Move,development
1568705255.551,723,405,None,Move,development
1568705255.561,726,403,None,Move,development
1568705255.571,727,403,None,Move,development
1568705255.581,729,403,None,Move,development
1568705255.59,729,403,None,Move,development
1568705255.6020002,730,403,None,Move,development
1568705255.673,730,403,None,Move,development
1568705255.691,730,404,None,Move,development
1568705255.708,730,405,None,Move,development
1568705255.725,730,406,None,Move,development
1568705255.745,730,407,None,Move,development
1568705255.7629998,730,413,None,Move,development
1568705255.78,730,423,None,Move,development
1568705255.8,731,426,None,Move,development
1568705255.8179998,731,429,None,Move,development
1568705255.835,731,430,None,Move,development
1568705255.851,731,431,None,Move,development
1568705255.869,731,431,None,Move,development
1568705256.177,731,431,None,Move,development
1568705256.188,731,431,None,Move,development
1568705256.201,731,431,None,Move,development
1568705256.2129998,731,430,None,Move,development
1568705256.226,731,430,None,Move,development
1568705256.238,731,429,None,Move,development
1568705256.248,731,428,None,Move,development
1568705256.258,731,428,None,Move,development
1568705256.268,732,427,None,Move,development
1568705256.278,733,426,None,Move,development
1568705256.288,733,426,None,Move,development
1568705256.298,733,425,None,Move,development
1568705256.309,733,424,None,Move,development
1568705256.319,733,424,None,Move,development
1568705256.33,733,422,None,Move,development
1568705256.339,733,422,None,Move,development
1568705256.353,733,421,None,Move,development
1568705256.609,733,421,Left,Pressed,development
1568705256.824,733,421,Left,Released,development
1568705277.389,1189,84,None,Move,development
1568705277.401,850,53,None,Move,development
1568705277.41,793,526,None,Move,development
1568705277.419,828,529,None,Move,development
1568705277.426,874,529,None,Move,development
1568705277.435,969,517,None,Move,development
1568705277.444,989,510,None,Move,development
1568705277.452,1039,486,None,Move,development
1568705277.459,1085,458,None,Move,development
1568705277.469,1134,421,None,Move,development
1568705277.479,1202,342,None,Move,development
1568705277.484,1215,325,None,Move,development
1568705277.4929998,1245,277,None,Move,development
1568705277.5089998,1285,172,None,Move,development
1568705277.522,1308,102,None,Move,development
1568705277.542,1321,59,None,Move,development
1568705277.554,1324,32,None,Move,development
1568705277.575,1313,-4,None,Move,development
1568705277.585,1309,-7,None,Move,development
1568705277.594,1258,-44,None,Move,development
1568705277.604,1217,-25,None,Move,development
1568705277.6139998,1184,-12,None,Move,development
1568705277.623,1164,-3,None,Move,development
1568705277.633,1150,0,None,Move,development
1568705277.6420002,1130,15,None,Move,development
1568705277.656,1127,25,None,Move,development
1568705277.671,1125,43,None,Move,development
1568705277.6929998,1131,49,None,Move,development
1568705277.715,1135,51,None,Move,development
1568705277.73,1136,51,None,Move,development
1568705277.745,1138,52,None,Move,development
1568705277.7610002,1138,58,None,Move,development
1568705277.7770002,1137,65,None,Move,development
1568705277.792,1130,69,None,Move,development
1568705277.8070002,1122,75,None,Move,development
1568705277.829,1102,84,None,Move,development
1568705277.843,1067,103,None,Move,development
1568705277.857,1049,117,None,Move,development
1568705277.873,1036,129,None,Move,development
1568705277.887,1029,139,None,Move,development
1568705277.901,1027,141,None,Move,development
1568705277.966,1027,141,None,Move,development
1568705277.98,1027,139,None,Move,development
1568705277.994,1027,139,None,Move,development
1568705278.012,1027,135,None,Move,development
1568705278.0270002,1029,128,None,Move,development
1568705278.042,1031,117,None,Move,development
1568705278.0579998,1033,114,None,Move,development
1568705278.073,1034,109,None,Move,development
1568705278.0879998,1037,106,None,Move,development
1568705278.104,1043,105,None,Move,development
1568705278.1220002,1050,100,None,Move,development
1568705278.1479998,1053,99,None,Move,development
1568705278.167,1053,99,None,Move,development
1568705278.188,1053,98,None,Move,development
1568705278.202,1053,98,None,Move,development
1568705278.211,1053,98,None,Move,development
1568705278.221,1050,101,None,Move,development
1568705278.232,1049,102,None,Move,development
1568705278.242,1049,104,None,Move,development
1568705278.252,1049,105,None,Move,development
1568705278.264,1049,106,None,Move,development
1568705278.304,1049,107,None,Move,development
1568705278.3179998,1049,108,None,Move,development
1568705278.333,1049,114,None,Move,development
1568705278.343,1051,120,None,Move,development
1568705278.354,1055,125,None,Move,development
1568705278.3639998,1063,130,None,Move,development
1568705278.3739998,1064,131,None,Move,development
1568705278.385,1073,133,None,Move,development
1568705278.396,1077,134,None,Move,development
1568705278.406,1084,137,None,Move,development
1568705278.416,1085,137,None,Move,development
1568705278.426,1087,138,None,Move,development
1568705278.436,1088,139,None,Move,development
1568705278.446,1088,139,None,Move,development
1568705278.46,1090,140,None,Move,development
1568705278.47,1092,141,None,Move,development
1568705278.48,1092,143,None,Move,development
1568705278.49,1092,144,None,Move,development
1568705278.5,1092,146,None,Move,development
1568705278.514,1092,147,None,Move,development
1568705278.531,1089,152,None,Move,development
1568705278.549,1084,158,None,Move,development
1568705278.565,1081,160,None,Move,development
1568705278.581,1081,160,None,Move,development
1568705278.6139998,1057,163,None,Move,development
1568705278.63,1040,163,None,Move,development
1568705278.647,1021,162,None,Move,development
1568705278.663,971,156,None,Move,development
1568705278.6820002,926,148,None,Move,development
1568705278.698,902,142,None,Move,development
1568705278.714,851,130,None,Move,development
1568705278.729,822,127,None,Move,development
1568705278.746,798,126,None,Move,development
1568705278.7629998,795,126,None,Move,development
1568705278.781,791,126,None,Move,development
1568705278.798,788,127,None,Move,development
1568705278.815,787,128,None,Move,development
1568705278.831,785,130,None,Move,development
1568705278.847,783,132,None,Move,development
1568705278.863,782,132,None,Move,development
1568705278.879,778,137,None,Move,development
1568705278.895,777,139,None,Move,development
1568705278.9120002,773,141,None,Move,development
1568705278.935,766,148,None,Move,development
1568705278.955,757,158,None,Move,development
1568705278.975,739,183,None,Move,development
1568705278.992,731,197,None,Move,development
1568705279.015,677,226,None,Move,development
1568705279.032,541,286,None,Move,development
1568705279.05,499,307,None,Move,development
1568705279.066,449,327,None,Move,development
1568705279.085,370,347,None,Move,development
1568705279.101,336,351,None,Move,development
1568705279.12,266,357,None,Move,development
1568705279.139,133,361,None,Move,development
1568705279.1520002,122,361,None,Move,development
1568705279.164,64,355,None,Move,development
1568705279.176,35,348,None,Move,development
1568705279.194,-38,340,None,Move,development
1568705279.205,-16,335,None,Move,development
1568705279.221,-22,327,None,Move,development
1568705279.236,-14,317,None,Move,development
1568705279.2510002,-2,309,None,Move,development
1568705279.266,0,296,None,Move,development
1568705279.28,-1,285,None,Move,development
1568705279.295,0,274,None,Move,development
1568705279.309,0,264,None,Move,development
1568705279.326,0,250,None,Move,development
1568705279.341,1,234,None,Move,development
1568705279.359,4,221,None,Move,development
1568705279.375,11,206,None,Move,development
1568705279.39,17,197,None,Move,development
1568705279.405,28,189,None,Move,development
1568705279.42,40,182,None,Move,development
1568705279.435,48,178,None,Move,development
1568705279.45,51,177,None,Move,development
1568705279.466,61,174,None,Move,development
1568705279.485,74,174,None,Move,development
1568705279.4989998,86,174,None,Move,development
1568705279.515,96,172,None,Move,development
1568705279.53,100,171,None,Move,development
1568705279.545,111,170,None,Move,development
1568705279.559,123,170,None,Move,development
1568705279.574,147,170,None,Move,development
1568705279.589,152,170,None,Move,development
1568705279.604,174,174,None,Move,development
1568705279.619,178,174,None,Move,development
1568705279.633,179,174,None,Move,development
1568705279.651,180,174,None,Move,development
1568705279.667,182,176,None,Move,development
1568705279.6829998,183,178,None,Move,development
1568705279.696,184,180,None,Move,development
1568705279.706,184,181,None,Move,development
1568705279.717,186,182,None,Move,development
1568705279.732,187,183,None,Move,development
1568705279.748,187,184,None,Move,development
1568705279.7629998,187,188,None,Move,development
1568705279.784,187,198,None,Move,development
1568705279.8,186,201,None,Move,development
1568705279.816,186,202,None,Move,development
1568705279.842,186,203,None,Move,development
1568705279.8779998,186,203,None,Move,development
1568705279.896,186,202,None,Move,development
1568705279.914,186,199,None,Move,development
1568705279.93,186,196,None,Move,development
1568705279.945,186,193,None,Move,development
1568705279.962,186,191,None,Move,development
1568705279.978,186,189,None,Move,development
1568705279.994,186,188,None,Move,development
1568705280.018,186,186,None,Move,development
1568705280.029,186,185,None,Move,development
1568705280.04,186,183,None,Move,development
1568705280.051,186,182,None,Move,development
1568705280.061,186,181,None,Move,development
1568705280.071,186,180,None,Move,development
1568705280.089,186,179,None,Move,development
1568705280.106,186,177,None,Move,development
1568705280.2589998,186,177,Left,Pressed,development
1568705280.3720002,186,177,Left,Released,development
1568705280.508,186,176,None,Move,development
1568705280.525,204,178,None,Move,development
1568705280.542,212,179,None,Move,development
1568705280.5570002,253,187,None,Move,development
1568705280.574,315,202,None,Move,development
1568705280.589,440,228,None,Move,development
1568705280.606,526,242,None,Move,development
1568705280.6220002,576,244,None,Move,development
1568705280.637,668,244,None,Move,development
1568705280.653,752,244,None,Move,development
1568705280.671,899,244,None,Move,development
1568705280.687,981,244,None,Move,development
1568705280.706,1062,244,None,Move,development
1568705280.72,1152,244,None,Move,development
1568705280.731,1160,244,None,Move,development
1568705280.742,1194,242,None,Move,development
1568705280.7529998,1206,240,None,Move,development
1568705280.766,1214,237,None,Move,development
1568705280.783,1224,234,None,Move,development
1568705280.799,1228,233,None,Move,development
1568705280.815,1229,233,None,Move,development
1568705280.832,1231,233,None,Move,development
1568705280.8620002,1231,232,None,Move,development
1568705280.8779998,1232,232,None,Move,development
1568705280.894,1234,231,None,Move,development
1568705280.911,1239,230,None,Move,development
1568705280.927,1241,228,None,Move,development
1568705280.9420002,1242,228,None,Move,development
1568705280.958,1242,225,None,Move,development
1568705280.975,1231,218,None,Move,development
1568705280.992,1209,207,None,Move,development
1568705281.0089998,1191,197,None,Move,development
1568705281.026,1170,187,None,Move,development
1568705281.043,1158,183,None,Move,development
1568705281.063,1129,171,None,Move,development
1568705281.081,1118,170,None,Move,development
1568705281.099,1107,170,None,Move,development
1568705281.1160002,1103,170,None,Move,development
1568705281.1339998,1094,171,None,Move,development
1568705281.151,1087,174,None,Move,development
1568705281.168,1073,176,None,Move,development
1568705281.184,1067,177,None,Move,development
1568705281.201,1064,177,None,Move,development
1568705281.218,1058,177,None,Move,development
1568705281.235,1049,176,None,Move,development
1568705281.252,1039,172,None,Move,development
1568705281.269,1031,170,None,Move,development
1568705281.285,1027,166,None,Move,development
1568705281.304,1027,165,None,Move,development
1568705281.325,1027,161,None,Move,development
1568705281.343,1027,155,None,Move,development
1568705281.359,1027,151,None,Move,development
1568705281.3779998,1027,151,None,Move,development
1568705281.462,1026,150,None,Move,development
1568705281.48,1026,150,None,Move,development
1568705281.498,1025,150,None,Move,development
1568705281.5579998,1025,150,Left,Pressed,development
1568705281.643,1025,150,Left,Released,development
1568705282.2729998,1025,155,None,Move,development
1568705282.288,1027,161,None,Move,development
1568705282.301,1041,187,None,Move,development
1568705282.312,1059,222,None,Move,development
1568705282.322,1063,226,None,Move,development
1568705282.335,1085,260,None,Move,development
1568705282.349,1111,303,None,Move,development
1568705282.3620002,1113,308,None,Move,development
1568705282.37,1123,329,None,Move,development
1568705282.38,1128,340,None,Move,development
1568705282.39,1137,360,None,Move,development
1568705282.399,1139,365,None,Move,development
1568705282.407,1144,377,None,Move,development
1568705282.417,1149,388,None,Move,development
1568705282.428,1155,399,None,Move,development
1568705282.436,1160,411,None,Move,development
1568705282.445,1161,413,None,Move,development
1568705282.454,1161,413,None,Move,development
1568705282.464,1162,415,None,Move,development
1568705282.472,1162,416,None,Move,development
1568705282.4829998,1163,418,None,Move,development
1568705282.4910002,1163,421,None,Move,development
1568705282.5,1163,424,None,Move,development
1568705282.5089998,1165,426,None,Move,development
1568705282.519,1165,426,None,Move,development
1568705282.6420002,1165,426,None,Move,development
1568705282.658,1163,421,None,Move,development
1568705282.675,1161,411,None,Move,development
1568705282.691,1160,406,None,Move,development
1568705282.708,1160,405,None,Move,development
1568705282.725,1160,401,None,Move,development
1568705282.745,1160,397,None,Move,development
1568705282.762,1160,392,None,Move,development
1568705282.779,1160,387,None,Move,development
1568705282.796,1160,380,None,Move,development
1568705282.814,1160,377,None,Move,development
1568705282.833,1160,374,None,Move,development
1568705282.85,1160,365,None,Move,development
1568705282.867,1160,357,None,Move,development
1568705282.883,1158,343,None,Move,development
1568705282.9,1156,333,None,Move,development
1568705282.917,1152,322,None,Move,development
1568705282.936,1151,317,None,Move,development
1568705282.955,1150,313,None,Move,development
1568705282.974,1150,311,None,Move,development
1568705282.9970002,1149,310,None,Move,development
1568705283.255,1148,310,None,Move,development
1568705283.27,1148,311,None,Move,development
1568705283.28,1148,312,None,Move,development
1568705283.3279998,1148,313,None,Move,development
1568705283.337,1148,313,None,Move,development
1568705283.347,1148,314,None,Move,development
1568705283.356,1148,314,None,Move,development
1568705283.363,1149,318,None,Move,development
1568705283.373,1149,320,None,Move,development
1568705283.3820002,1150,322,None,Move,development
1568705283.39,1150,325,None,Move,development
1568705283.399,1150,326,None,Move,development
1568705283.41,1150,327,None,Move,development
1568705283.427,1150,333,None,Move,development
1568705283.4429998,1149,340,None,Move,development
1568705283.46,1148,344,None,Move,development
1568705283.4770002,1148,346,None,Move,development
1568705283.494,1147,346,None,Move,development
1568705283.6320002,1147,346,None,Move,development
1568705283.702,1147,346,Left,Pressed,development
1568705283.778,1147,346,Left,Released,development
1568705284.036,1146,346,None,Move,development
1568705284.053,1145,346,None,Move,development
1568705284.073,1144,346,None,Move,development
1568705284.085,1141,347,None,Move,development
1568705284.103,1138,348,None,Move,development
1568705284.121,1126,352,None,Move,development
1568705284.137,1109,354,None,Move,development
1568705284.153,1087,354,None,Move,development
1568705284.164,1053,354,None,Move,development
1568705284.175,1047,354,None,Move,development
1568705284.185,1009,354,None,Move,development
1568705284.197,988,351,None,Move,development
1568705284.22,900,326,None,Move,development
1568705284.236,878,314,None,Move,development
1568705284.2470002,867,307,None,Move,development
1568705284.256,862,304,None,Move,development
1568705284.265,860,297,None,Move,development
1568705284.276,860,294,None,Move,development
1568705284.284,860,288,None,Move,development
1568705284.293,860,283,None,Move,development
1568705284.303,862,271,None,Move,development
1568705284.311,864,267,None,Move,development
1568705284.319,870,258,None,Move,development
1568705284.3279998,875,249,None,Move,development
1568705284.3379998,881,239,None,Move,development
1568705284.3479998,895,212,None,Move,development
1568705284.357,899,205,None,Move,development
1568705284.367,902,198,None,Move,development
1568705284.375,906,193,None,Move,development
1568705284.385,911,187,None,Move,development
1568705284.393,913,184,None,Move,development
1568705284.403,932,159,None,Move,development
1568705284.4120002,937,150,None,Move,development
1568705284.4220002,950,131,None,Move,development
1568705284.431,951,130,None,Move,development
1568705284.441,959,124,None,Move,development
1568705284.45,962,121,None,Move,development
1568705284.458,969,117,None,Move,development
1568705284.466,980,112,None,Move,development
1568705284.475,983,110,None,Move,development
1568705284.484,994,104,None,Move,development
1568705284.494,1000,100,None,Move,development
1568705284.5029998,1008,99,None,Move,development
1568705284.512,1010,99,None,Move,development
1568705284.521,1013,97,None,Move,development
1568705284.529,1016,97,None,Move,development
1568705284.5370002,1019,96,None,Move,development
1568705284.5470002,1026,95,None,Move,development
1568705284.556,1027,94,None,Move,development
1568705284.566,1032,92,None,Move,development
1568705284.574,1033,92,None,Move,development
1568705284.583,1037,89,None,Move,development
1568705284.593,1038,88,None,Move,development
1568705284.603,1038,87,None,Move,development
1568705284.613,1039,87,None,Move,development
1568705284.621,1041,85,None,Move,development
1568705284.63,1043,82,None,Move,development
1568705284.643,1045,80,None,Move,development
1568705284.66,1046,79,None,Move,development
1568705284.676,1048,78,None,Move,development
1568705284.7,1048,77,None,Move,development
1568705284.716,1048,75,None,Move,development
1568705284.7329998,1048,72,None,Move,development
1568705284.7489998,1048,68,None,Move,development
1568705284.766,1049,66,None,Move,development
1568705284.79,1049,63,None,Move,development
1568705284.825,1049,63,None,Move,development
1568705285.199,1049,62,None,Move,development
1568705285.224,1048,62,None,Move,development
1568705285.28,1047,62,None,Move,development
1568705285.306,1047,62,None,Move,development
1568705285.39,1046,62,None,Move,development
1568705285.406,1046,62,None,Move,development
1568705285.423,1046,64,None,Move,development
1568705285.439,1048,65,None,Move,development
1568705285.455,1049,67,None,Move,development
1568705285.856,1051,69,None,Move,development
1568705285.8720002,1058,76,None,Move,development
1568705285.8879998,1064,80,None,Move,development
1568705285.904,1068,86,None,Move,development
1568705285.9220002,1068,87,None,Move,development
1568705285.935,1068,88,None,Move,development
1568705285.956,1068,88,None,Move,development
1568705286.002,1067,88,None,Move,development
1568705286.012,1066,88,None,Move,development
1568705286.026,1065,87,None,Move,development
1568705286.224,1064,87,None,Move,development
1568705286.37,1064,87,None,Move,development
1568705286.3860002,1064,86,None,Move,development
1568705286.551,1064,86,None,Move,development
1568705286.573,1062,83,None,Move,development
1568705286.59,1062,82,None,Move,development
1568705286.607,1062,78,None,Move,development
1568705286.627,1062,75,None,Move,development
1568705286.643,1062,73,None,Move,development
1568705286.6720002,1062,71,None,Move,development
1568705286.6929998,1062,69,None,Move,development
1568705286.71,1062,68,None,Move,development
1568705286.717,1063,66,None,Move,development
1568705286.732,1064,65,None,Move,development
1568705286.745,1066,62,None,Move,development
1568705286.7570002,1067,61,None,Move,development
1568705286.769,1068,60,None,Move,development
1568705286.781,1069,59,None,Move,development
1568705286.793,1069,56,None,Move,development
1568705286.804,1070,56,None,Move,development
1568705286.819,1070,55,None,Move,development
1568705286.84,1070,55,None,Move,development
1568705286.8520002,1070,53,None,Move,development
1568705286.8679998,1071,51,None,Move,development
1568705286.8839998,1072,50,None,Move,development
1568705286.9,1072,48,None,Move,development
1568705286.916,1074,44,None,Move,development
1568705286.9320002,1074,43,None,Move,development
1568705286.949,1074,42,None,Move,development
1568705286.966,1074,41,None,Move,development
1568705286.9989998,1074,41,None,Move,development
1568705287.0170002,1073,42,None,Move,development
1568705287.034,1060,49,None,Move,development
1568705287.05,1042,55,None,Move,development
1568705287.0670002,1028,62,None,Move,development
1568705287.084,1003,86,None,Move,development
1568705287.101,989,107,None,Move,development
1568705287.1179998,959,151,None,Move,development
1568705287.14,921,215,None,Move,development
1568705287.158,888,257,None,Move,development
1568705287.175,861,297,None,Move,development
1568705287.196,833,334,None,Move,development
1568705287.217,826,343,None,Move,development
1568705287.2389998,822,344,None,Move,development
1568705287.258,822,336,None,Move,development
1568705287.276,821,321,None,Move,development
1568705287.294,821,313,None,Move,development
1568705287.31,819,304,None,Move,development
1568705287.3279998,819,296,None,Move,development
1568705287.346,818,293,None,Move,development
1568705287.3639998,818,288,None,Move,development
1568705287.3820002,817,279,None,Move,development
1568705287.4,817,274,None,Move,development
1568705287.417,816,269,None,Move,development
1568705287.434,816,268,None,Move,development
1568705287.498,816,267,None,Move,development
1568705287.515,815,265,None,Move,development
1568705287.533,812,257,None,Move,development
1568705287.548,808,251,None,Move,development
1568705287.565,807,250,None,Move,development
1568705287.582,805,245,None,Move,development
1568705287.599,805,245,None,Move,development
1568705287.6160002,805,244,None,Move,development
1568705287.74,805,242,None,Move,development
1568705287.7570002,805,241,None,Move,development
1568705287.774,805,239,None,Move,development
1568705287.791,805,239,None,Move,development
1568705287.8520002,805,238,None,Move,development
1568705287.8679998,805,237,None,Move,development
1568705288.032,804,236,Left,Pressed,development
1568705288.032,804,236,None,Drag,development
1568705288.0470002,803,230,None,Drag,development
1568705288.06,801,219,None,Drag,development
1568705288.072,800,212,None,Drag,development
1568705288.082,799,205,None,Drag,development
1568705288.094,797,187,None,Drag,development
1568705288.107,797,185,None,Drag,development
1568705288.127,795,170,None,Drag,development
1568705288.141,795,165,None,Drag,development
1568705288.1620002,794,162,None,Drag,development
1568705288.176,792,158,None,Drag,development
1568705288.188,791,158,None,Drag,development
1568705288.202,791,156,None,Drag,development
1568705288.2129998,790,154,None,Drag,development
1568705288.2270002,790,150,None,Drag,development
1568705288.238,789,149,None,Drag,development
1568705288.25,788,142,None,Drag,development
1568705288.262,787,137,None,Drag,development
1568705288.275,786,136,None,Drag,development
1568705288.286,786,133,None,Drag,development
1568705288.2970002,786,131,None,Drag,development
1568705288.306,786,130,None,Drag,development
1568705288.3170002,785,127,None,Drag,development
1568705288.326,785,126,None,Drag,development
1568705288.336,785,125,None,Drag,development
1568705288.345,785,125,None,Drag,development
1568705288.356,784,124,None,Drag,development
1568705288.3660002,783,123,None,Drag,development
1568705288.3860002,783,121,None,Drag,development
1568705288.452,783,121,None,Drag,development
1568705288.471,781,118,None,Drag,development
1568705288.4889998,779,114,None,Drag,development
1568705288.4889998,779,114,Left,Released,development
1568705288.554,778,116,None,Move,development
1568705288.576,777,123,None,Move,development
1568705288.596,775,134,None,Move,development
1568705288.615,772,149,None,Move,development
1568705288.6339998,767,178,None,Move,development
1568705288.653,767,191,None,Move,development
1568705288.673,767,221,None,Move,development
1568705288.691,767,279,None,Move,development
1568705288.709,768,303,None,Move,development
1568705288.728,768,312,None,Move,development
1568705288.745,766,322,None,Move,development
1568705288.758,763,329,None,Move,development
1568705288.771,762,331,None,Move,development
1568705288.784,762,333,None,Move,development
1568705288.7970002,761,333,None,Move,development
1568705288.809,760,334,None,Move,development
1568705288.819,760,334,None,Move,development
1568705288.829,759,334,None,Move,development
1568705288.839,755,335,None,Move,development
1568705288.849,752,336,None,Move,development
1568705288.859,747,340,None,Move,development
1568705288.87,747,341,None,Move,development
1568705288.881,746,343,None,Move,development
1568705288.891,746,344,None,Move,development
1568705288.903,746,344,None,Move,development
1568705288.916,743,346,None,Move,development
1568705288.928,742,348,None,Move,development
1568705288.941,737,352,None,Move,development
1568705288.9529998,737,352,None,Move,development
1568705288.972,735,353,None,Move,development
1568705288.9889998,734,353,None,Move,development
1568705289.042,733,354,None,Move,development
1568705289.0679998,730,356,None,Move,development
1568705289.092,729,357,None,Move,development
1568705289.1720002,727,357,None,Move,development
1568705289.19,726,357,None,Move,development
1568705289.211,721,356,None,Move,development
1568705289.228,719,356,None,Move,development
1568705289.278,719,356,None,Move,development
1568705289.296,718,355,None,Move,development
1568705289.313,717,353,None,Move,development
1568705289.332,717,349,None,Move,development
1568705289.35,726,338,None,Move,development
1568705289.367,726,337,None,Move,development
1568705289.562,726,336,None,Move,development
1568705289.58,724,334,None,Move,development
1568705289.5979998,718,333,None,Move,development
1568705289.6160002,698,330,None,Move,development
1568705289.633,687,327,None,Move,development
1568705289.651,684,327,None,Move,development
1568705289.67,682,327,None,Move,development
1568705289.688,679,327,None,Move,development
1568705289.71,676,327,None,Move,development
1568705289.729,671,327,None,Move,development
1568705289.74,667,327,None,Move,development
1568705289.758,662,327,None,Move,development
1568705289.772,659,327,None,Move,development
1568705289.827,659,328,None,Move,development
1568705289.845,659,330,None,Move,development
1568705289.867,659,331,None,Move,development
1568705289.885,658,331,None,Move,development
1568705289.903,656,331,None,Move,development
1568705289.921,656,332,None,Move,development
1568705289.939,656,335,None,Move,development
1568705289.957,659,350,None,Move,development
1568705289.975,659,352,None,Move,development
1568705289.9929998,660,359,None,Move,development
1568705290.015,662,367,None,Move,development
1568705290.033,665,375,None,Move,development
1568705290.05,665,375,None,Move,development
1568705290.069,665,377,None,Move,development
1568705290.1120002,666,378,None,Move,development
1568705290.133,668,381,None,Move,development
1568705290.1520002,669,383,None,Move,development
1568705290.17,672,387,None,Move,development
1568705290.189,672,392,None,Move,development
1568705290.207,672,393,None,Move,development
1568705290.226,672,396,None,Move,development
1568705290.244,672,396,None,Move,development
1568705290.268,672,397,None,Move,development
1568705290.289,671,399,None,Move,development
1568705290.3079998,671,400,None,Move,development
1568705290.326,666,408,None,Move,development
1568705290.344,664,420,None,Move,development
1568705290.3620002,664,428,None,Move,development
1568705290.379,664,429,None,Move,development
1568705290.404,667,422,None,Move,development
1568705290.424,672,414,None,Move,development
1568705290.4429998,683,408,None,Move,development
1568705290.461,690,405,None,Move,development
1568705290.48,691,405,None,Move,development
1568705290.506,691,404,None,Move,development
1568705290.525,692,403,None,Move,development
1568705290.545,694,401,None,Move,development
1568705290.566,696,400,None,Move,development
1568705290.585,696,398,None,Move,development
1568705290.658,696,398,None,Move,development
1568705290.676,695,408,None,Move,development
1568705290.695,692,428,None,Move,development
1568705290.7129998,692,437,None,Move,development
1568705290.731,692,440,None,Move,development
1568705290.7489998,692,440,None,Move,development
1568705290.7670002,692,437,None,Move,development
1568705290.788,704,428,None,Move,development
1568705290.8079998,713,432,None,Move,development
1568705290.827,719,432,None,Move,development
1568705290.846,748,432,None,Move,development
1568705290.8579998,768,431,None,Move,development
1568705290.8720002,776,428,None,Move,development
1568705290.883,797,414,None,Move,development
1568705290.895,804,407,None,Move,development
1568705290.91,814,396,None,Move,development
1568705290.928,820,385,None,Move,development
1568705290.947,830,379,None,Move,development
1568705290.964,849,373,None,Move,development
1568705290.975,859,371,None,Move,development
1568705290.9870002,870,371,None,Move,development
1568705291.0029998,899,364,None,Move,development
1568705291.021,927,355,None,Move,development
1568705291.04,969,325,None,Move,development
1568705291.0579998,984,316,None,Move,development
1568705291.077,993,307,None,Move,development
1568705291.097,998,302,None,Move,development
1568705291.1139998,998,300,None,Move,development
1568705291.16,1001,299,None,Move,development
1568705291.173,1002,298,None,Move,development
1568705291.194,1022,293,None,Move,development
1568705291.2129998,1033,290,None,Move,development
1568705291.2329998,1052,286,None,Move,development
1568705291.252,1073,279,None,Move,development
1568705291.272,1107,264,None,Move,development
1568705291.29,1130,252,None,Move,development
1568705291.309,1137,248,None,Move,development
1568705291.326,1140,245,None,Move,development
1568705291.355,1141,245,None,Move,development
1568705291.367,1141,244,None,Move,development
1568705291.478,1141,244,None,Move,development
1568705291.4970002,1141,244,None,Move,development
1568705291.516,1130,244,None,Move,development
1568705291.534,1121,244,None,Move,development
1568705291.546,1114,246,None,Move,development
1568705291.559,1110,247,None,Move,development
1568705291.571,1106,249,None,Move,development
1568705291.583,1105,249,None,Move,development
1568705291.595,1103,250,None,Move,development
1568705291.607,1103,251,None,Move,development
1568705291.619,1103,252,None,Move,development
1568705291.6320002,1101,254,None,Move,development
1568705291.644,1101,255,None,Move,development
1568705291.656,1100,255,None,Move,development
1568705291.667,1098,255,None,Move,development
1568705291.679,1097,255,None,Move,development
1568705291.691,1096,255,None,Move,development
1568705291.77,1095,257,None,Move,development
1568705291.826,1095,258,None,Move,development
1568705291.844,1095,258,None,Move,development
1568705291.8860002,1095,259,Left,Pressed,development
1568705291.8860002,1095,259,None,Drag,development
1568705291.8979998,1095,260,None,Drag,development
1568705291.91,1095,265,None,Drag,development
1568705291.921,1095,269,None,Drag,development
1568705291.935,1096,278,None,Drag,development
1568705291.947,1098,292,None,Drag,development
1568705291.96,1098,297,None,Drag,development
1568705291.972,1099,310,None,Drag,development
1568705291.9829998,1101,313,None,Drag,development
1568705291.995,1102,332,None,Drag,development
1568705292.0089998,1102,353,None,Drag,development
1568705292.025,1102,386,None,Drag,development
1568705292.043,1102,407,None,Drag,development
1568705292.055,1102,416,None,Drag,development
1568705292.0670002,1102,423,None,Drag,development
1568705292.08,1102,432,None,Drag,development
1568705292.093,1102,433,None,Drag,development
1568705292.105,1102,439,None,Drag,development
1568705292.1139998,1102,442,None,Drag,development
1568705292.125,1102,445,None,Drag,development
1568705292.1360002,1102,447,None,Drag,development
1568705292.146,1102,451,None,Drag,development
1568705292.156,1102,453,None,Drag,development
1568705292.167,1102,455,None,Drag,development
1568705292.3279998,1102,456,None,Drag,development
1568705292.347,1102,458,None,Drag,development
1568705292.365,1102,459,None,Drag,development
1568705292.383,1102,464,None,Drag,development
1568705292.4,1102,467,None,Drag,development
1568705292.42,1101,475,None,Drag,development
1568705292.437,1101,483,None,Drag,development
1568705292.449,1101,491,None,Drag,development
1568705292.46,1100,494,None,Drag,development
1568705292.478,1098,500,None,Drag,development
1568705292.496,1098,507,None,Drag,development
1568705292.5089998,1097,510,None,Drag,development
1568705292.792,1097,510,None,Drag,development
1568705292.811,1097,512,None,Drag,development
1568705292.8520002,1096,513,None,Drag,development
1568705292.8820002,1096,514,None,Drag,development
1568705292.8920002,1095,514,None,Drag,development
1568705292.911,1095,516,None,Drag,development
1568705292.9320002,1095,517,None,Drag,development
1568705292.9429998,1095,517,None,Drag,development
1568705293.5979998,1095,518,None,Drag,development
1568705293.6339998,1095,518,None,Drag,development
1568705293.75,1095,519,None,Drag,development
1568705293.81,1095,519,None,Drag,development
1568705293.81,1095,519,Left,Released,development
1568705294.174,1094,519,None,Move,development
1568705294.191,1092,519,None,Move,development
1568705294.21,1081,513,None,Move,development
1568705294.23,1071,510,None,Move,development
1568705294.248,1051,501,None,Move,development
1568705294.268,1026,491,None,Move,development
1568705294.286,1002,484,None,Move,development
1568705294.304,959,473,None,Move,development
1568705294.326,870,452,None,Move,development
1568705294.344,789,431,None,Move,development
1568705294.3620002,757,426,None,Move,development
1568705294.3839998,747,425,None,Move,development
1568705294.4020002,745,425,None,Move,development
1568705294.421,739,423,None,Move,development
1568705294.445,732,423,None,Move,development
1568705294.462,732,423,None,Move,development
1568705294.4870002,731,423,None,Move,development
1568705294.745,731,421,None,Move,development
1568705294.7589998,731,420,None,Move,development
1568705294.771,731,417,None,Move,development
1568705294.782,729,415,None,Move,development
1568705294.794,727,415,None,Move,development
1568705294.8070002,726,414,None,Move,development
1568705295.1820002,726,414,None,Move,development
1568705295.262,726,412,None,Move,development
1568705295.271,726,409,None,Move,development
1568705295.282,725,408,None,Move,development
1568705295.292,724,407,None,Move,development
1568705295.301,723,406,None,Move,development
1568705295.312,722,404,None,Move,development
1568705295.322,722,403,None,Move,development
1568705295.335,721,402,None,Move,development
1568705295.345,720,401,None,Move,development
1568705295.357,718,400,None,Move,development
1568705295.373,713,395,None,Move,development
1568705295.383,711,391,None,Move,development
1568705295.391,708,388,None,Move,development
1568705295.401,706,386,None,Move,development
1568705295.41,704,381,None,Move,development
1568705295.418,702,378,None,Move,development
1568705295.428,702,377,None,Move,development
1568705295.436,701,377,None,Move,development
1568705295.446,701,375,None,Move,development
1568705295.454,701,375,None,Move,development
1568705295.464,700,374,None,Move,development
1568705295.474,699,369,None,Move,development
1568705295.4829998,699,368,None,Move,development
1568705295.494,698,366,None,Move,development
1568705295.504,697,363,None,Move,development
1568705295.514,697,363,None,Move,development
1568705295.9420002,697,362,None,Move,development
1568705295.959,697,362,None,Move,development
1568705295.9770002,696,358,None,Move,development
1568705295.994,695,356,None,Move,development
1568705296.012,690,348,None,Move,development
1568705296.035,687,343,None,Move,development
1568705296.054,685,342,None,Move,development
1568705296.0779998,685,341,None,Move,development
1568705296.0979998,678,333,None,Move,development
1568705296.117,669,322,None,Move,development
1568705296.135,660,314,None,Move,development
1568705296.154,654,306,None,Move,development
1568705296.171,654,303,None,Move,development
1568705296.189,653,300,None,Move,development
1568705296.206,649,294,None,Move,development
1568705296.2270002,644,288,None,Move,development
1568705296.245,640,283,None,Move,development
1568705296.2629998,632,273,None,Move,development
1568705296.282,625,265,None,Move,development
1568705296.299,620,261,None,Move,development
1568705296.3170002,618,259,None,Move,development
1568705296.334,616,257,None,Move,development
1568705296.3479998,616,257,None,Move,development
1568705296.36,615,255,None,Move,development
1568705296.37,614,254,None,Move,development
1568705296.3879998,613,249,None,Move,development
1568705296.399,610,247,None,Move,development
1568705296.416,608,244,None,Move,development
1568705296.863,608,244,None,Move,development
1568705296.89,608,245,None,Move,development
1568705297.006,608,245,None,Move,development
1568705297.0229998,608,248,None,Move,development
1568705297.042,608,250,None,Move,development
1568705297.096,608,250,Left,Pressed,development
1568705297.207,608,250,Left,Released,development
1568705297.2370002,608,250,None,Move,development
1568705297.262,608,251,None,Move,development
1568705297.274,608,251,None,Move,development
1568705297.283,608,252,None,Move,development
1568705298.202,608,252,Right,Pressed,development
1568705298.322,608,252,Right,Released,development
1568705298.3520002,608,252,None,Move,development
1568705298.361,608,250,None,Move,development
1568705298.666,608,250,None,Move,development
1568705298.684,608,250,None,Move,development
1568705298.71,608,251,None,Move,development
1568705298.726,613,254,None,Move,development
1568705298.7429998,617,257,None,Move,development
1568705298.76,622,260,None,Move,development
1568705298.778,625,262,None,Move,development
1568705298.8,627,264,None,Move,development
1568705298.813,629,265,None,Move,development
1568705298.826,631,268,None,Move,development
1568705298.839,634,271,None,Move,development
1568705298.8579998,635,273,None,Move,development
1568705298.8679998,637,274,None,Move,development
1568705298.982,637,274,None,Move,development
1568705299.0029998,638,274,None,Move,development
1568705299.0229998,641,274,None,Move,development
1568705299.0470002,645,274,None,Move,development
1568705299.0670002,650,274,None,Move,development
1568705299.086,659,275,None,Move,development
1568705299.104,669,277,None,Move,development
1568705299.121,694,283,None,Move,development
1568705299.1379998,713,285,None,Move,development
1568705299.155,734,289,None,Move,development
1568705299.1720002,749,294,None,Move,development
1568705299.188,759,298,None,Move,development
1568705299.206,770,302,None,Move,development
1568705299.2229998,778,303,None,Move,development
1568705299.24,780,304,None,Move,development
1568705299.258,787,305,None,Move,development
1568705299.275,788,305,None,Move,development
1568705299.67,789,305,None,Move,development
1568705299.958,789,305,None,Move,development
1568705300.034,789,305,None,Move,development
1568705300.044,789,305,None,Move,development
1568705300.053,789,303,None,Move,development
1568705300.084,789,303,None,Move,development
1568705300.196,788,302,None,Move,development
1568705300.214,788,302,None,Move,development
1568705300.232,786,302,None,Move,development
1568705300.306,786,302,None,Move,development
1568705300.332,785,302,None,Move,development
1568705300.3879998,785,302,None,Move,development
1568705300.408,784,302,None,Move,development
1568705300.498,784,302,None,Move,development
1568705300.518,783,302,None,Move,development
1568705300.535,782,302,None,Move,development
1568705301.754,782,302,None,Move,development
1568705301.769,781,302,None,Move,development
1568705301.986,781,302,None,Move,development
1568705302.042,779,302,None,Move,development
1568705302.072,779,302,None,Move,development
1568705302.089,778,302,None,Move,development
1568705302.105,777,302,None,Move,development
1568705302.1220002,777,303,None,Move,development
1568705302.586,776,303,None,Move,development
1568705302.6020002,775,303,None,Move,development
1568705302.6179998,775,303,None,Move,development
1568705302.655,774,303,None,Move,development
1568705302.6720002,774,303,None,Move,development
1568705302.689,773,303,None,Move,development
1568705302.711,772,304,None,Move,development
1568705302.738,771,304,None,Move,development
1568705302.7970002,771,304,None,Move,development
1568705302.823,769,304,None,Move,development
1568705302.841,767,305,None,Move,development
1568705302.8579998,766,305,None,Move,development
1568705302.906,766,305,None,Move,development
1568705302.9220002,765,306,None,Move,development
1568705303.008,764,306,None,Move,development
1568705308.096,764,306,Left,Pressed,development
1568705308.212,764,306,Left,Released,development
1568705309.029,764,308,None,Move,development
1568705309.0470002,764,310,None,Move,development
1568705309.065,766,312,None,Move,development
1568705309.081,768,323,None,Move,development
1568705309.0979998,768,328,None,Move,development
1568705309.1160002,771,333,None,Move,development
1568705309.133,774,344,None,Move,development
1568705309.15,776,354,None,Move,development
1568705309.166,780,363,None,Move,development
1568705309.186,784,368,None,Move,development
1568705309.202,785,373,None,Move,development
1568705309.218,785,373,None,Move,development
1568705309.234,785,377,None,Move,development
1568705309.2510002,785,384,None,Move,development
1568705309.268,785,404,None,Move,development
1568705309.285,785,422,None,Move,development
1568705309.302,785,434,None,Move,development
1568705309.32,785,448,None,Move,development
1568705309.337,785,468,None,Move,development
1568705309.354,786,478,None,Move,development
1568705309.371,786,485,None,Move,development
1568705309.3879998,786,492,None,Move,development
1568705309.405,786,496,None,Move,development
1568705309.427,785,496,None,Move,development
1568705309.766,785,496,None,Move,development
1568705309.798,784,496,None,Move,development
1568705309.824,784,496,None,Move,development
1568705309.914,784,496,None,Move,development
1568705309.94,784,495,None,Move,development
1568705309.986,784,495,None,Move,development
1568705310.002,784,495,None,Move,development
1568705310.019,786,495,None,Move,development
1568705310.0370002,788,493,None,Move,development
1568705310.053,788,493,None,Move,development
1568705310.07,789,493,None,Move,development
1568705310.087,790,493,None,Move,development
1568705310.1020002,791,492,None,Move,development
1568705310.113,792,490,None,Move,development
1568705310.125,795,488,None,Move,development
1568705310.137,799,486,None,Move,development
1568705310.153,802,483,None,Move,development
1568705310.17,804,482,None,Move,development
1568705310.187,805,481,None,Move,development
1568705310.204,809,480,None,Move,development
1568705310.248,809,478,None,Move,development
1568705310.265,811,477,None,Move,development
1568705310.284,813,476,None,Move,development
1568705310.303,813,475,None,Move,development
1568705310.323,814,475,None,Move,development
1568705310.341,815,474,None,Move,development
1568705310.3579998,815,473,None,Move,development
1568705310.375,817,472,None,Move,development
1568705310.3860002,818,472,None,Move,development
1568705310.404,819,471,None,Move,development
1568705310.484,820,469,None,Move,development
1568705310.788,822,467,None,Move,development
1568705310.798,822,467,None,Move,development
1568705310.827,823,467,None,Move,development
1568705310.841,823,467,None,Move,development
1568705310.964,823,467,Left,Pressed,development
1568705311.074,823,467,Left,Released,development
1568705311.306,824,467,None,Move,development
1568705311.3579998,824,467,None,Move,development
1568705311.377,822,466,None,Move,development
1568705311.404,816,464,None,Move,development
1568705311.424,798,453,None,Move,development
1568705311.436,791,449,None,Move,development
1568705311.446,780,445,None,Move,development
1568705311.457,778,443,None,Move,development
1568705311.468,768,440,None,Move,development
1568705311.479,760,433,None,Move,development
1568705311.494,749,426,None,Move,development
1568705311.51,739,417,None,Move,development
1568705311.528,716,401,None,Move,development
1568705311.545,709,393,None,Move,development
1568705311.563,703,387,None,Move,development
1568705311.584,696,378,None,Move,development
1568705311.604,691,373,None,Move,development
1568705311.625,684,366,None,Move,development
1568705311.641,681,364,None,Move,development
1568705311.657,680,362,None,Move,development
1568705311.67,679,360,None,Move,development
1568705311.69,677,354,None,Move,development
1568705311.72,673,344,None,Move,development
1568705311.736,672,340,None,Move,development
1568705311.752,670,335,None,Move,development
1568705311.771,668,328,None,Move,development
1568705311.794,664,320,None,Move,development
1568705311.8070002,662,317,None,Move,development
1568705311.82,661,311,None,Move,development
1568705311.832,659,305,None,Move,development
1568705311.843,658,302,None,Move,development
1568705311.854,657,299,None,Move,development
1568705311.865,657,297,None,Move,development
1568705311.8779998,656,293,None,Move,development
1568705311.89,655,290,None,Move,development
1568705311.9020002,655,290,None,Move,development
1568705316.1020002,655,289,None,Move,development
1568705316.1120002,655,289,None,Move,development
1568705316.198,654,289,None,Move,development
1568705316.212,654,289,None,Move,development
1568705316.2270002,644,300,None,Move,development
1568705316.242,642,311,None,Move,development
1568705316.258,642,317,None,Move,development
1568705316.272,648,324,None,Move,development
1568705316.288,659,336,None,Move,development
1568705316.306,667,361,None,Move,development
1568705316.322,669,375,None,Move,development
1568705316.708,669,375,None,Move,development
1568705316.7229998,667,375,None,Move,development
1568705316.764,668,375,None,Move,development
1568705316.781,671,375,None,Move,development
1568705316.809,674,375,None,Move,development
1568705316.8579998,674,374,None,Move,development
1568705317.1520002,675,374,None,Move,development
1568705317.168,677,374,None,Move,development
1568705317.1829998,681,375,None,Move,development
1568705317.2,682,375,None,Move,development
1568705317.226,684,377,None,Move,development
1568705317.248,685,378,None,Move,development
1568705317.2629998,686,378,None,Move,development
1568705317.278,687,378,None,Move,development
1568705317.294,692,378,None,Move,development
1568705317.314,695,378,None,Move,development
1568705317.3579998,696,378,None,Move,development
1568705317.375,698,379,None,Move,development
1568705317.391,701,380,None,Move,development
1568705317.408,707,382,None,Move,development
1568705317.425,716,386,None,Move,development
1568705317.441,720,388,None,Move,development
1568705317.458,730,396,None,Move,development
1568705317.474,739,402,None,Move,development
1568705317.49,752,411,None,Move,development
1568705317.506,759,415,None,Move,development
1568705317.5229998,763,418,None,Move,development
1568705317.539,766,421,None,Move,development
1568705317.5579998,767,423,None,Move,development
1568705317.5779998,768,424,None,Move,development
1568705317.592,769,425,None,Move,development
1568705317.603,769,426,None,Move,development
1568705317.6160002,769,427,None,Move,development
1568705317.627,769,429,None,Move,development
1568705317.6420002,769,429,None,Move,development
1568705317.6620002,769,431,None,Move,development
1568705317.863,769,431,None,Move,development
1568705317.88,769,432,None,Move,development
1568705317.897,769,432,None,Move,development
1568705317.914,769,433,None,Move,development
1568705317.93,769,435,None,Move,development
1568705318.08,769,435,None,Move,development
1568705318.464,769,436,None,Move,development
1568705318.481,768,436,None,Move,development
1568705318.498,760,435,None,Move,development
1568705318.514,752,433,None,Move,development
1568705318.531,742,430,None,Move,development
1568705318.554,735,426,None,Move,development
1568705318.57,726,424,None,Move,development
1568705318.594,718,422,None,Move,development
1568705318.61,715,421,None,Move,development
1568705318.6260002,712,421,None,Move,development
1568705318.644,710,421,None,Move,development
1568705318.661,709,421,None,Move,development
1568705318.679,706,421,None,Move,development
1568705318.695,705,421,None,Move,development
1568705318.752,704,421,None,Move,development
1568705318.769,704,421,None,Move,development
1568705318.788,700,427,None,Move,development
1568705319.345,700,428,None,Move,development
1568705319.356,701,431,None,Move,development
1568705319.3679998,705,434,None,Move,development
1568705319.377,706,434,None,Move,development
1568705319.389,709,436,None,Move,development
1568705319.403,713,440,None,Move,development
1568705319.413,713,440,None,Move,development
1568705319.4220002,715,442,None,Move,development
1568705319.431,717,444,None,Move,development
1568705319.4420002,717,445,None,Move,development
1568705319.452,717,446,None,Move,development
1568705319.462,720,448,None,Move,development
1568705319.472,720,448,None,Move,development
1568705319.481,720,450,None,Move,development
1568705319.4910002,722,452,None,Move,development
1568705319.502,722,452,None,Move,development
1568705319.512,722,454,None,Move,development
1568705319.528,723,454,None,Move,development
1568705319.5679998,723,455,None,Move,development
1568705319.6139998,723,456,None,Move,development
1568705319.664,723,456,None,Move,development
1568705319.83,722,456,None,Move,development
1568705319.845,721,456,None,Move,development
1568705319.861,720,455,None,Move,development
1568705319.939,719,453,None,Move,development
1568705319.958,719,451,None,Move,development
1568705320.194,718,451,None,Move,development
1568705320.212,718,450,None,Move,development
1568705320.234,717,450,None,Move,development
1568705320.28,717,449,None,Move,development
1568705320.299,717,448,None,Move,development
1568705320.3170002,716,446,None,Move,development
1568705320.339,714,445,None,Move,development
1568705320.356,714,444,None,Move,development
1568705320.3720002,710,443,None,Move,development
1568705320.396,710,442,None,Move,development
1568705325.106,709,442,None,Move,development
1568705325.115,709,442,None,Move,development
1568705327.604,709,442,None,Move,development
1568705327.846,710,442,None,Move,development
1568705327.982,710,442,None,Move,development
1568705327.9989998,711,442,None,Move,development
1568705328.097,712,440,None,Move,development
1568705329.74,712,440,None,Move,development
1568705329.84,712,439,None,Move,development
1568705329.926,712,439,None,Move,development
1568705330.154,712,438,None,Move,development
1568705330.976,712,438,None,Move,development
1568705333.034,712,436,None,Move,development
1568705333.044,712,435,None,Move,development
1568705333.053,712,435,None,Move,development
1568705333.073,713,433,None,Move,development
1568705333.11,713,433,None,Move,development
1568705333.139,713,432,None,Move,development
1568705333.166,713,432,None,Move,development
1568705333.1829998,713,430,None,Move,development
1568705333.198,716,426,None,Move,development
1568705333.214,718,422,None,Move,development
1568705333.234,718,418,None,Move,development
1568705333.245,718,413,None,Move,development
1568705333.256,718,406,None,Move,development
1568705333.2670002,718,405,None,Move,development
1568705333.288,718,402,None,Move,development
1568705336.069,718,398,None,Move,development
1568705336.083,745,350,None,Move,development
1568705336.093,762,321,None,Move,development
1568705336.099,837,171,None,Move,development
1568705336.1120002,902,51,None,Move,development
1568705336.123,969,-23,None,Move,development
1568705336.133,980,-6,None,Move,development
1568705336.1420002,1026,-1,None,Move,development
1568705336.151,1063,15,None,Move,development
1568705336.159,1076,22,None,Move,development
1568705336.169,1150,81,None,Move,development
1568705336.1820002,1195,130,None,Move,development
1568705336.2029998,1199,166,None,Move,development
1568705336.218,1162,200,None,Move,development
1568705336.232,1127,219,None,Move,development
1568705336.242,1101,230,None,Move,development
1568705336.2529998,1090,234,None,Move,development
1568705336.264,1086,235,None,Move,development
1568705336.274,1055,244,None,Move,development
1568705336.285,1022,252,None,Move,development
1568705336.296,1014,253,None,Move,development
1568705336.306,984,254,None,Move,development
1568705336.3170002,982,254,None,Move,development
1568705336.363,980,254,None,Move,development
1568705336.3779998,979,254,None,Move,development
1568705336.394,961,273,None,Move,development
1568705336.409,953,280,None,Move,development
1568705336.424,943,289,None,Move,development
1568705336.439,938,294,None,Move,development
1568705336.455,937,298,None,Move,development
1568705336.47,931,307,None,Move,development
1568705336.486,922,325,None,Move,development
1568705336.5010002,915,333,None,Move,development
1568705336.516,912,336,None,Move,development
1568705336.532,910,337,None,Move,development
1568705336.5470002,902,339,None,Move,development
1568705336.562,892,342,None,Move,development
1568705336.579,873,342,None,Move,development
1568705336.595,846,340,None,Move,development
1568705336.61,785,332,None,Move,development
1568705336.6260002,750,331,None,Move,development
1568705336.6420002,730,331,None,Move,development
1568705336.659,719,331,None,Move,development
1568705336.675,704,331,None,Move,development
1568705336.6929998,689,333,None,Move,development
1568705336.716,684,334,None,Move,development
1568705336.73,676,334,None,Move,development
1568705336.7410002,675,334,None,Move,development
1568705336.7510002,665,334,None,Move,development
1568705336.762,659,334,None,Move,development
1568705336.7729998,658,334,None,Move,development
1568705336.8579998,657,334,None,Move,development
1568705336.871,655,334,None,Move,development
1568705336.887,653,332,None,Move,development
1568705336.904,647,329,None,Move,development
1568705336.927,641,325,None,Move,development
1568705336.938,637,324,None,Move,development
1568705336.948,635,324,None,Move,development
1568705336.958,633,324,None,Move,development
1568705336.968,631,324,None,Move,development
1568705336.98,629,324,None,Move,development
1568705336.9929998,621,323,None,Move,development
1568705337.0089998,614,319,None,Move,development
1568705337.025,607,315,None,Move,development
1568705337.041,603,311,None,Move,development
1568705337.0570002,601,310,None,Move,development
1568705337.087,601,309,None,Move,development
1568705337.1020002,600,308,None,Move,development
1568705337.117,598,306,None,Move,development
1568705337.17,598,306,None,Move,development
1568705337.186,598,302,None,Move,development
1568705337.215,596,297,None,Move,development
1568705337.32,596,297,None,Move,development
1568705337.336,597,298,None,Move,development
1568705337.3520002,597,299,None,Move,development
1568705337.369,599,301,None,Move,development
1568705337.385,600,304,None,Move,development
1568705337.403,601,305,None,Move,development
1568705337.435,602,306,None,Move,development
1568705337.601,602,306,Right,Pressed,development
1568705337.728,602,306,Right,Released,development
1568705338.9829998,602,306,None,Move,development
1568705339.3739998,603,306,None,Move,development
1568705339.3879998,603,306,None,Move,development
1568705339.424,604,306,None,Move,development
1568705339.448,605,305,None,Move,development
1568705339.462,606,305,None,Move,development
1568705339.478,608,304,None,Move,development
1568705339.61,608,304,None,Move,development
1568705339.6360002,609,304,None,Move,development
1568705339.6520002,610,303,None,Move,development
1568705339.667,613,302,None,Move,development
1568705339.6820002,614,302,None,Move,development
1568705339.698,617,302,None,Move,development
1568705339.715,621,302,None,Move,development
1568705339.726,627,302,None,Move,development
1568705339.742,639,302,None,Move,development
1568705339.752,641,302,None,Move,development
1568705339.7629998,657,302,None,Move,development
1568705339.78,669,302,None,Move,development
1568705339.79,709,305,None,Move,development
1568705339.802,750,308,None,Move,development
1568705339.813,783,312,None,Move,development
1568705339.827,818,315,None,Move,development
1568705339.839,857,318,None,Move,development
1568705339.856,883,322,None,Move,development
1568705339.871,906,327,None,Move,development
1568705339.8879998,932,334,None,Move,development
1568705339.904,944,340,None,Move,development
1568705339.92,952,343,None,Move,development
1568705339.941,956,346,None,Move,development
1568705339.956,958,347,None,Move,development
1568705339.972,959,347,None,Move,development
1568705340.004,961,350,None,Move,development
1568705340.024,965,355,None,Move,development
1568705340.043,973,365,None,Move,development
1568705340.062,978,368,None,Move,development
1568705340.079,984,373,None,Move,development
1568705340.095,989,376,None,Move,development
1568705340.113,990,377,None,Move,development
1568705340.129,991,379,None,Move,development
1568705340.146,993,381,None,Move,development
1568705340.1620002,995,381,None,Move,development
1568705340.179,997,383,None,Move,development
1568705340.195,999,383,None,Move,development
1568705340.26,999,383,None,Move,development
1568705340.276,1000,383,None,Move,development
1568705340.293,1001,383,None,Move,development
1568705340.3620002,1001,383,Left,Pressed,development
1568705340.448,1001,383,Left,Released,development
1568705340.482,1001,383,None,Move,development
1568705340.4910002,999,383,None,Move,development
1568705340.5,997,383,None,Move,development
1568705340.5089998,992,383,None,Move,development
1568705340.52,991,382,None,Move,development
1568705340.53,984,380,None,Move,development
1568705340.539,976,380,None,Move,development
1568705340.548,966,378,None,Move,development
1568705340.559,962,377,None,Move,development
1568705340.563,949,376,None,Move,development
1568705340.574,942,375,None,Move,development
1568705340.584,939,374,None,Move,development
1568705340.593,922,371,None,Move,development
1568705340.603,903,368,None,Move,development
1568705340.6139998,896,367,None,Move,development
1568705340.623,892,367,None,Move,development
1568705340.6320002,871,364,None,Move,development
1568705340.64,866,363,None,Move,development
1568705340.65,837,359,None,Move,development
1568705340.66,818,356,None,Move,development
1568705340.67,787,351,None,Move,development
1568705340.678,783,351,None,Move,development
1568705340.688,760,350,None,Move,development
1568705340.695,751,350,None,Move,development
1568705340.704,748,350,None,Move,development
1568705340.714,735,350,None,Move,development
1568705340.725,728,350,None,Move,development
1568705340.736,724,350,None,Move,development
1568705340.744,722,350,None,Move,development
1568705340.752,713,350,None,Move,development
1568705340.762,712,350,None,Move,development
1568705340.77,701,350,None,Move,development
1568705340.779,696,350,None,Move,development
1568705340.79,686,348,None,Move,development
1568705340.8,683,347,None,Move,development
1568705340.811,672,346,None,Move,development
1568705340.819,665,344,None,Move,development
1568705340.829,663,344,None,Move,development
1568705340.839,653,343,None,Move,development
1568705340.8479998,644,341,None,Move,development
1568705340.8579998,641,339,None,Move,development
1568705340.867,628,337,None,Move,development
1568705340.877,622,330,None,Move,development
1568705340.8860002,619,330,None,Move,development
1568705340.896,603,324,None,Move,development
1568705340.906,592,320,None,Move,development
1568705340.916,589,320,None,Move,development
1568705340.925,589,320,None,Move,development
1568705340.934,587,319,None,Move,development
1568705340.994,587,318,None,Move,development
1568705341.018,587,318,None,Move,development
1568705341.035,589,318,None,Move,development
1568705341.052,591,318,None,Move,development
1568705341.069,595,318,None,Move,development
1568705341.086,597,318,None,Move,development
1568705341.164,597,318,None,Move,development
1568705341.1820002,598,317,None,Move,development
1568705341.198,599,314,None,Move,development
1568705341.216,600,312,None,Move,development
1568705341.254,601,311,None,Move,development
1568705341.3860002,601,311,Left,Pressed,development
1568705341.471,601,311,Left,Released,development
1568705341.5370002,601,310,None,Move,development
1568705341.551,617,303,None,Move,development
1568705341.5679998,630,295,None,Move,development
1568705341.586,660,276,None,Move,development
1568705341.6020002,666,271,None,Move,development
1568705360.6179998,667,267,None,Move,development
1568705360.629,275,-439,None,Move,development
1568705360.6479998,72,-257,None,Move,development
1568705360.9220002,72,0,None,Move,development
1568705360.939,78,8,None,Move,development
1568705360.954,76,15,None,Move,development
1568705360.97,60,16,None,Move,development
1568705360.986,52,15,None,Move,development
1568705361.005,45,12,None,Move,development
1568705361.02,43,11,None,Move,development
1568705361.038,36,9,None,Move,development
1568705361.059,28,9,None,Move,development
1568705361.075,23,8,None,Move,development
1568705361.092,14,7,None,Move,development
1568705361.109,9,6,None,Move,development
1568705361.125,-4,6,None,Move,development
1568705361.1479998,-7,8,None,Move,development
1568705361.163,-10,16,None,Move,development
1568705361.176,-8,25,None,Move,development
1568705361.186,-2,27,None,Move,development
1568705361.197,-6,35,None,Move,development
1568705361.208,-12,50,None,Move,development
1568705361.22,-4,57,None,Move,development
1568705361.231,-12,79,None,Move,development
1568705361.242,-3,87,None,Move,development
1568705361.2529998,0,89,None,Move,development
1568705361.264,-1,91,None,Move,development
1568705361.279,-1,93,None,Move,development
1568705361.292,-2,97,None,Move,development
1568705361.303,0,102,None,Move,development
1568705361.314,12,106,None,Move,development
1568705361.327,25,109,None,Move,development
1568705361.344,32,113,None,Move,development
1568705361.357,36,120,None,Move,development
1568705361.3679998,40,133,None,Move,development
1568705361.379,42,141,None,Move,development
1568705361.3920002,45,150,None,Move,development
1568705361.404,49,160,None,Move,development
1568705361.416,53,175,None,Move,development
1568705361.427,56,182,None,Move,development
1568705361.438,58,186,None,Move,development
1568705361.449,70,201,None,Move,development
1568705361.459,88,216,None,Move,development
1568705361.4729998,102,228,None,Move,development
1568705361.49,127,243,None,Move,development
1568705361.5070002,191,279,None,Move,development
1568705361.522,236,298,None,Move,development
1568705361.539,295,321,None,Move,development
1568705361.556,337,335,None,Move,development
1568705361.571,383,351,None,Move,development
1568705361.5879998,482,363,None,Move,development
1568705361.603,538,363,None,Move,development
1568705361.6220002,582,363,None,Move,development
1568705361.6379998,602,360,None,Move,development
1568705361.657,652,323,None,Move,development
1568705361.834,652,321,None,Move,development
1568705361.849,640,317,None,Move,development
1568705361.865,615,307,None,Move,development
1568705361.88,608,303,None,Move,development
1568705361.897,603,298,None,Move,development
1568705361.914,603,291,None,Move,development
1568705361.925,603,287,None,Move,development
1568705361.936,605,281,None,Move,development
1568705361.947,608,279,None,Move,development
1568705361.957,616,271,None,Move,development
1568705361.968,623,267,None,Move,development
1568705361.981,631,266,None,Move,development
1568705361.9970002,633,266,None,Move,development
1568705362.0129998,634,266,None,Move,development
1568705362.029,635,266,None,Move,development
1568705362.045,636,266,None,Move,development
1568705362.063,636,266,None,Move,development
1568705362.0779998,636,268,None,Move,development
1568705362.094,636,269,None,Move,development
1568705362.109,636,270,None,Move,development
1568705362.125,636,272,None,Move,development
1568705362.141,636,279,None,Move,development
1568705362.156,636,290,None,Move,development
1568705362.1720002,636,295,None,Move,development
1568705362.189,636,305,None,Move,development
1568705362.205,636,308,None,Move,development
1568705362.222,636,312,None,Move,development
1568705362.2370002,632,316,None,Move,development
1568705362.254,630,320,None,Move,development
1568705362.271,629,324,None,Move,development
1568705362.288,628,325,None,Move,development
1568705362.304,627,326,None,Move,development
1568705362.3579998,627,326,None,Move,development
1568705362.37,626,326,None,Move,development
1568705362.404,624,326,None,Move,development
1568705362.418,624,325,None,Move,development
1568705362.43,624,324,None,Move,development
1568705362.4420002,624,323,None,Move,development
1568705362.464,624,323,None,Move,development
1568705362.48,624,322,None,Move,development
1568705362.4910002,624,319,None,Move,development
1568705362.5010002,623,319,None,Move,development
1568705362.512,623,318,None,Move,development
1568705362.521,623,317,None,Move,development
1568705362.531,623,316,None,Move,development
1568705362.574,623,316,None,Move,development
1568705362.5879998,622,313,None,Move,development
1568705362.9020002,622,313,Right,Pressed,development
1568705363.034,622,313,Right,Released,development
1568705363.22,622,313,None,Move,development
1568705363.234,622,313,None,Move,development
1568705363.2429998,624,313,None,Move,development
1568705363.2529998,625,313,None,Move,development
1568705363.265,627,313,None,Move,development
1568705363.274,633,313,None,Move,development
1568705363.282,634,313,None,Move,development
1568705363.29,635,313,None,Move,development
1568705363.302,638,313,None,Move,development
1568705363.311,642,313,None,Move,development
1568705363.32,645,313,None,Move,development
1568705363.336,648,314,None,Move,development
1568705363.344,652,315,None,Move,development
1568705363.3520002,659,316,None,Move,development
1568705363.3620002,664,317,None,Move,development
1568705363.37,665,317,None,Move,development
1568705363.379,673,318,None,Move,development
1568705363.387,679,318,None,Move,development
1568705363.395,689,322,None,Move,development
1568705363.404,694,322,None,Move,development
1568705363.413,698,323,None,Move,development
1568705363.427,711,325,None,Move,development
1568705363.441,726,331,None,Move,development
1568705363.455,732,333,None,Move,development
1568705363.469,748,338,None,Move,development
1568705363.484,757,340,None,Move,development
1568705363.4989998,760,341,None,Move,development
1568705363.5170002,761,341,None,Move,development
1568705363.574,762,342,None,Move,development
1568705363.59,763,343,None,Move,development
1568705363.6179998,763,343,None,Move,development
1568705363.635,764,344,None,Move,development
1568705363.65,766,345,None,Move,development
1568705363.666,767,347,None,Move,development
1568705363.688,767,348,None,Move,development
1568705364.43,768,348,None,Move,development
1568705364.4420002,769,349,None,Move,development
1568705364.461,770,350,None,Move,development
1568705364.468,771,352,None,Move,development
1568705364.482,772,353,None,Move,development
1568705364.496,773,355,None,Move,development
1568705364.506,773,356,None,Move,development
1568705364.516,774,357,None,Move,development
1568705364.526,774,358,None,Move,development
1568705364.534,774,358,None,Move,development
1568705364.552,775,359,None,Move,development
1568705364.562,775,359,None,Move,development
1568705364.577,775,361,None,Move,development
1568705364.587,776,363,None,Move,development
1568705364.604,777,365,None,Move,development
1568705364.6179998,777,365,None,Move,development
1568705364.6339998,778,366,None,Move,development
1568705364.778,778,366,None,Move,development
1568705365.254,778,367,None,Move,development
1568705365.27,777,369,None,Move,development
1568705365.2870002,777,369,None,Move,development
1568705365.303,775,372,None,Move,development
1568705365.321,774,374,None,Move,development
1568705365.34,773,375,None,Move,development
1568705365.357,770,378,None,Move,development
1568705365.3720002,768,381,None,Move,development
1568705365.3879998,766,384,None,Move,development
1568705365.403,764,386,None,Move,development
1568705365.419,763,388,None,Move,development
1568705365.434,762,389,None,Move,development
1568705365.449,761,390,None,Move,development
1568705365.465,760,391,None,Move,development
1568705365.8979998,760,392,None,Move,development
1568705365.9120002,760,393,None,Move,development
1568705365.94,759,394,None,Move,development
1568705365.954,759,396,None,Move,development
1568705365.97,759,397,None,Move,development
1568705365.984,759,397,None,Move,development
1568705366.0,759,399,None,Move,development
1568705366.015,759,400,None,Move,development
1568705366.033,758,403,None,Move,development
1568705366.054,756,406,None,Move,development
1568705366.0670002,755,407,None,Move,development
1568705366.082,754,408,None,Move,development
1568705366.109,754,409,None,Move,development
1568705366.123,754,410,None,Move,development
1568705366.1379998,754,411,None,Move,development
1568705366.166,754,412,None,Move,development
1568705366.1829998,752,415,None,Move,development
1568705366.199,752,415,None,Move,development
1568705366.484,751,415,None,Move,development
1568705366.4989998,748,413,None,Move,development
1568705366.516,747,411,None,Move,development
1568705366.531,746,411,None,Move,development
1568705366.546,745,410,None,Move,development
1568705366.68,745,410,None,Move,development
1568705366.696,745,410,None,Move,development
1568705366.715,745,410,None,Move,development
1568705366.735,745,413,None,Move,development
1568705366.7529998,745,416,None,Move,development
1568705366.766,745,416,None,Move,development
1568705366.7770002,745,421,None,Move,development
1568705366.788,745,424,None,Move,development
1568705366.799,745,427,None,Move,development
1568705366.809,745,428,None,Move,development
1568705366.82,745,429,None,Move,development
1568705366.831,745,433,None,Move,development
1568705366.844,745,434,None,Move,development
1568705366.86,745,435,None,Move,development
1568705366.875,745,436,None,Move,development
1568705366.893,745,438,None,Move,development
1568705366.909,745,439,None,Move,development
1568705366.948,745,439,None,Move,development
1568705366.965,745,440,None,Move,development
1568705366.988,745,440,None,Move,development
1568705367.048,745,441,None,Move,development
1568705367.064,745,442,None,Move,development
1568705367.079,745,443,None,Move,development
1568705367.1,745,443,None,Move,development
1568705367.115,745,444,None,Move,development
1568705367.17,745,444,None,Move,development
1568705367.22,745,445,None,Move,development
1568705367.235,745,445,None,Move,development
1568705367.2510002,745,446,None,Move,development
1568705367.266,745,448,None,Move,development
1568705367.282,745,449,None,Move,development
1568705367.299,745,450,None,Move,development
1568705367.32,745,451,None,Move,development
1568705367.337,745,455,None,Move,development
1568705367.3520002,746,456,None,Move,development
1568705367.367,747,459,None,Move,development
1568705367.3860002,747,460,None,Move,development
1568705367.4020002,748,460,None,Move,development
1568705367.418,748,461,None,Move,development
1568705367.434,749,461,None,Move,development
1568705367.449,749,462,None,Move,development
1568705367.464,749,464,None,Move,development
1568705367.488,750,466,None,Move,development
1568705367.508,750,466,None,Move,development
1568705367.5229998,750,467,None,Move,development
1568705367.541,750,468,None,Move,development
1568705367.556,750,469,None,Move,development
1568705367.573,750,470,None,Move,development
1568705367.589,750,471,None,Move,development
1568705367.605,750,472,None,Move,development
1568705367.621,750,474,None,Move,development
1568705367.658,750,476,None,Move,development
1568705367.675,750,476,None,Move,development
1568705367.6929998,750,477,None,Move,development
1568705367.71,750,477,None,Move,development
1568705367.726,752,479,None,Move,development
1568705367.7410002,752,482,None,Move,development
1568705367.7570002,752,482,None,Move,development
1568705367.7729998,753,484,None,Move,development
1568705367.7870002,753,485,None,Move,development
1568705367.811,754,487,None,Move,development
1568705368.154,754,487,None,Move,development
1568705368.171,755,488,None,Move,development
1568705368.214,755,488,None,Move,development
1568705368.23,755,490,None,Move,development
1568705368.2470002,755,492,None,Move,development
1568705368.2629998,755,494,None,Move,development
1568705368.279,755,495,None,Move,development
1568705368.296,755,497,None,Move,development
1568705368.313,756,497,None,Move,development
1568705368.37,757,497,None,Move,development
1568705368.3860002,757,497,None,Move,development
1568705368.4020002,757,496,None,Move,development
1568705368.416,757,495,None,Move,development
1568705368.4329998,757,495,None,Move,development
1568705368.451,757,494,None,Move,development
1568705368.476,757,493,None,Move,development
1568705368.6079998,757,493,None,Move,development
1568705368.623,757,494,None,Move,development
1568705368.639,758,495,None,Move,development
1568705368.654,761,499,None,Move,development
1568705368.67,762,501,None,Move,development
1568705368.686,766,505,None,Move,development
1568705368.701,770,509,None,Move,development
1568705368.717,772,514,None,Move,development
1568705368.732,775,518,None,Move,development
1568705368.7470002,777,522,None,Move,development
1568705368.762,777,528,None,Move,development
1568705368.778,777,535,None,Move,development
1568705368.7970002,775,539,None,Move,development
1568705368.82,774,542,None,Move,development
1568705368.8379998,773,543,None,Move,development
1568705368.854,772,545,None,Move,development
1568705368.88,772,545,None,Move,development
1568705368.899,771,546,None,Move,development
1568705368.914,769,547,None,Move,development
1568705368.93,768,549,None,Move,development
1568705368.947,768,549,None,Move,development
1568705368.965,768,551,None,Move,development
1568705368.98,765,556,None,Move,development
1568705368.995,765,556,None,Move,development
1568705369.0110002,763,559,None,Move,development
1568705369.026,762,562,None,Move,development
1568705369.042,761,564,None,Move,development
1568705369.0570002,758,567,None,Move,development
1568705369.072,757,570,None,Move,development
1568705369.0879998,757,571,None,Move,development
1568705369.103,757,573,None,Move,development
1568705369.1179998,756,576,None,Move,development
1568705369.133,756,577,None,Move,development
1568705369.156,755,581,None,Move,development
1568705369.173,753,585,None,Move,development
1568705369.1829998,753,587,None,Move,development
1568705369.1929998,753,587,None,Move,development
1568705369.21,752,588,None,Move,development
1568705369.22,752,589,None,Move,development
1568705369.232,752,590,None,Move,development
1568705369.242,752,591,None,Move,development
1568705369.252,752,592,None,Move,development
1568705369.262,752,592,None,Move,development
1568705369.2729998,752,593,None,Move,development
1568705369.283,752,594,None,Move,development
1568705369.324,752,595,None,Move,development
1568705369.344,752,596,None,Move,development
1568705369.36,752,597,None,Move,development
1568705369.3760002,752,598,None,Move,development
1568705369.391,752,598,None,Move,development
1568705369.407,752,599,None,Move,development
1568705369.454,752,599,None,Move,development
1568705369.4729998,752,601,None,Move,development
1568705369.494,752,602,None,Move,development
1568705369.516,752,602,None,Move,development
1568705369.532,752,603,None,Move,development
1568705369.5470002,751,603,None,Move,development
1568705369.565,751,603,None,Move,development
1568705369.581,749,603,None,Move,development
1568705369.595,747,603,None,Move,development
1568705369.6120002,745,603,None,Move,development
1568705369.627,743,601,None,Move,development
1568705369.643,741,597,None,Move,development
1568705369.659,739,592,None,Move,development
1568705369.675,737,585,None,Move,development
1568705369.69,735,582,None,Move,development
1568705369.706,732,571,None,Move,development
1568705369.7229998,732,570,None,Move,development
1568705369.738,731,570,None,Move,development
1568705369.755,731,569,None,Move,development
1568705370.146,730,569,None,Move,development
1568705370.1620002,730,569,None,Move,development
1568705370.178,729,569,None,Move,development
1568705370.199,726,574,None,Move,development
1568705370.214,723,575,None,Move,development
1568705370.23,718,577,None,Move,development
1568705370.246,714,579,None,Move,development
1568705370.262,712,579,None,Move,development
1568705370.278,710,579,None,Move,development
1568705370.296,709,579,None,Move,development
1568705370.315,704,579,None,Move,development
1568705370.331,702,578,None,Move,development
1568705370.347,701,577,None,Move,development
1568705370.363,699,577,None,Move,development
1568705370.51,698,577,Left,Pressed,development
1568705370.51,698,577,None,Drag,development
1568705370.51,698,577,Left,Released,development
1568705370.73,698,577,None,Move,development
1568705370.742,698,576,None,Move,development
1568705370.752,698,576,None,Move,development
1568705370.762,699,574,None,Move,development
1568705370.775,700,574,None,Move,development
1568705370.789,701,572,None,Move,development
1568705370.801,702,570,None,Move,development
1568705370.811,703,568,None,Move,development
1568705370.82,704,567,None,Move,development
1568705370.834,704,567,None,Move,development
1568705370.849,704,565,None,Move,development
1568705370.859,705,562,None,Move,development
1568705370.8679998,705,560,None,Move,development
1568705370.8839998,705,555,None,Move,development
1568705370.891,705,552,None,Move,development
1568705370.901,705,547,None,Move,development
1568705370.909,705,541,None,Move,development
1568705370.919,705,531,None,Move,development
1568705370.934,706,514,None,Move,development
1568705370.948,706,503,None,Move,development
1568705370.968,706,475,None,Move,development
1568705370.984,700,446,None,Move,development
1568705370.992,699,439,None,Move,development
1568705371.0010002,690,408,None,Move,development
1568705371.01,686,389,None,Move,development
1568705371.019,683,376,None,Move,development
1568705371.0270002,678,360,None,Move,development
1568705371.035,676,353,None,Move,development
1568705371.05,668,317,None,Move,development
1568705371.064,664,294,None,Move,development
1568705371.075,664,291,None,Move,development
1568705371.084,663,277,None,Move,development
1568705371.093,662,268,None,Move,development
1568705371.101,661,262,None,Move,development
1568705371.109,661,256,None,Move,development
1568705371.1160002,661,251,None,Move,development
1568705371.1260002,661,241,None,Move,development
1568705371.133,661,236,None,Move,development
1568705371.143,661,235,None,Move,development
1568705371.151,661,233,None,Move,development
1568705371.159,661,230,None,Move,development
1568705371.17,661,230,None,Move,development
1568705371.179,661,228,None,Move,development
1568705371.19,661,225,None,Move,development
1568705371.206,660,220,None,Move,development
1568705371.222,658,216,None,Move,development
1568705371.24,658,212,None,Move,development
1568705371.2570002,658,210,None,Move,development
1568705371.274,656,208,None,Move,development
1568705371.842,656,208,None,Move,development
1568705371.8520002,656,208,None,Move,development
1568705371.863,659,209,None,Move,development
1568705371.873,660,209,None,Move,development
1568705371.8820002,666,212,None,Move,development
1568705371.89,670,212,None,Move,development
1568705371.899,677,213,None,Move,development
1568705371.907,684,216,None,Move,development
1568705371.914,688,217,None,Move,development
1568705371.924,701,222,None,Move,development
1568705371.9329998,708,224,None,Move,development
1568705371.944,722,229,None,Move,development
1568705371.95,724,230,None,Move,development
1568705371.957,732,234,None,Move,development
1568705371.968,735,236,None,Move,development
1568705371.976,736,238,None,Move,development
1568705371.984,741,240,None,Move,development
1568705371.994,741,240,None,Move,development
1568705372.0110002,743,244,None,Move,development
1568705372.0270002,744,247,None,Move,development
1568705372.044,745,253,None,Move,development
1568705372.06,746,256,None,Move,development
1568705372.077,747,261,None,Move,development
1568705372.093,748,263,None,Move,development
1568705372.11,748,265,None,Move,development
1568705372.1260002,750,266,None,Move,development
1568705372.143,751,268,None,Move,development
1568705372.159,751,269,None,Move,development
1568705372.208,751,270,None,Move,development
1568705372.224,748,267,None,Move,development
1568705372.2429998,744,262,None,Move,development
1568705372.2589998,732,248,None,Move,development
1568705372.276,722,238,None,Move,development
1568705372.293,714,235,None,Move,development
1568705372.516,713,233,None,Move,development
1568705372.533,708,223,None,Move,development
1568705372.549,703,218,None,Move,development
1568705372.564,701,214,None,Move,development
1568705372.58,696,209,None,Move,development
1568705372.597,685,202,None,Move,development
1568705372.613,683,196,None,Move,development
1568705372.63,682,193,None,Move,development
1568705372.698,682,192,None,Move,development
1568705372.714,682,191,None,Move,development
1568705372.731,682,189,None,Move,development
1568705372.7470002,682,185,None,Move,development
1568705372.7629998,682,183,None,Move,development
1568705372.794,682,182,None,Move,development
1568705372.87,682,180,None,Move,development
1568705372.8860002,683,180,None,Move,development
1568705372.9020002,685,178,None,Move,development
1568705372.921,690,176,None,Move,development
1568705372.938,694,176,None,Move,development
1568705372.954,699,174,None,Move,development
1568705372.971,702,173,None,Move,development
1568705372.9870002,705,172,None,Move,development
1568705373.002,707,172,None,Move,development
1568705373.019,709,171,None,Move,development
1568705373.035,709,171,None,Move,development
1568705373.051,712,171,None,Move,development
1568705373.076,717,171,None,Move,development
1568705373.096,721,171,None,Move,development
1568705373.121,733,175,None,Move,development
1568705373.143,743,176,None,Move,development
1568705373.163,756,180,None,Move,development
1568705373.175,759,181,None,Move,development
1568705373.186,772,185,None,Move,development
1568705373.209,782,191,None,Move,development
1568705373.219,786,193,None,Move,development
1568705373.229,790,196,None,Move,development
1568705373.238,793,199,None,Move,development
1568705373.2470002,798,202,None,Move,development
1568705373.2570002,799,204,None,Move,development
1568705373.274,817,217,None,Move,development
1568705373.291,823,219,None,Move,development
1568705373.31,832,220,None,Move,development
1568705373.335,834,220,None,Move,development
1568705373.351,835,220,None,Move,development
1568705373.3660002,837,220,None,Move,development
1568705373.383,839,220,None,Move,development
1568705373.408,840,220,None,Move,development
1568705373.424,841,220,None,Move,development
1568705373.44,843,222,None,Move,development
1568705373.456,844,222,None,Move,development
1568705373.472,844,222,None,Move,development
1568705373.488,845,222,None,Move,development
1568705373.502,846,222,None,Move,development
1568705373.518,850,222,None,Move,development
1568705373.534,851,222,None,Move,development
1568705373.6260002,852,222,None,Move,development
1568705373.6420002,853,222,None,Move,development
1568705373.664,853,222,None,Move,development
1568705373.679,855,222,None,Move,development
1568705373.694,855,222,None,Move,development
1568705373.71,856,222,None,Move,development
1568705373.725,856,222,None,Move,development
1568705373.7470002,857,221,None,Move,development
1568705373.766,857,220,None,Move,development
1568705373.781,857,220,None,Move,development
1568705373.798,859,217,None,Move,development
1568705373.814,859,217,None,Move,development
1568705373.831,861,215,None,Move,development
1568705373.846,861,214,None,Move,development
1568705373.8620002,861,210,None,Move,development
1568705373.877,861,210,None,Move,development
1568705373.894,861,208,None,Move,development
1568705373.91,861,208,None,Move,development
1568705373.926,861,205,None,Move,development
1568705373.941,857,197,None,Move,development
1568705373.96,850,188,None,Move,development
1568705373.975,844,183,None,Move,development
1568705373.9910002,839,181,None,Move,development
1568705374.019,829,176,None,Move,development
1568705374.0370002,826,174,None,Move,development
1568705374.053,823,171,None,Move,development
1568705374.071,822,170,None,Move,development
1568705374.0879998,817,169,None,Move,development
1568705374.103,813,167,None,Move,development
1568705374.1239998,806,166,None,Move,development
1568705374.141,803,166,None,Move,development
1568705374.159,797,164,None,Move,development
1568705374.174,794,163,None,Move,development
1568705374.196,793,162,None,Move,development
1568705374.212,793,161,None,Move,development
1568705374.229,792,160,None,Move,development
1568705374.245,790,157,None,Move,development
1568705374.2610002,789,155,None,Move,development
1568705374.2770002,786,151,None,Move,development
1568705374.293,786,151,None,Move,development
1568705374.524,785,151,None,Move,development
1568705374.541,782,153,None,Move,development
1568705374.5570002,779,156,None,Move,development
1568705374.573,768,166,None,Move,development
1568705374.586,757,177,None,Move,development
1568705374.6,732,196,None,Move,development
1568705374.6220002,714,210,None,Move,development
1568705374.6379998,704,214,None,Move,development
1568705374.654,696,217,None,Move,development
1568705374.675,687,217,None,Move,development
1568705374.69,674,217,None,Move,development
1568705374.707,663,217,None,Move,development
1568705374.7229998,646,219,None,Move,development
1568705374.7370002,635,220,None,Move,development
1568705374.746,633,220,None,Move,development
1568705374.7589998,628,220,None,Move,development
1568705374.774,623,220,None,Move,development
1568705374.79,619,220,None,Move,development
1568705374.81,617,220,None,Move,development
1568705374.826,615,220,None,Move,development
1568705374.842,614,221,None,Move,development
1568705374.9120002,613,221,None,Move,development
1568705374.928,611,220,None,Move,development
1568705374.952,611,219,None,Move,development
1568705374.968,611,218,None,Move,development
1568705374.984,611,217,None,Move,development
1568705374.9989998,611,216,None,Move,development
1568705375.016,611,215,None,Move,development
1568705375.041,611,213,None,Move,development
1568705375.0670002,611,213,None,Move,development
1568705375.083,611,212,None,Move,development
1568705375.099,613,211,None,Move,development
1568705375.115,615,210,None,Move,development
1568705375.1320002,615,209,None,Move,development
1568705375.1479998,616,209,None,Move,development
1568705375.164,617,208,None,Move,development
1568705375.179,621,207,None,Move,development
1568705375.195,624,206,None,Move,development
1568705375.211,626,204,None,Move,development
1568705375.228,628,203,None,Move,development
1568705375.244,633,202,None,Move,development
1568705375.26,636,201,None,Move,development
1568705375.276,639,201,None,Move,development
1568705375.291,647,200,None,Move,development
1568705375.3079998,650,200,None,Move,development
1568705375.323,653,200,None,Move,development
1568705375.34,666,199,None,Move,development
1568705375.356,672,199,None,Move,development
1568705375.3720002,673,198,None,Move,development
1568705375.389,674,198,None,Move,development
1568705375.407,676,198,None,Move,development
1568705375.4320002,678,198,None,Move,development
1568705375.448,681,198,None,Move,development
1568705375.4629998,684,198,None,Move,development
1568705375.478,685,198,None,Move,development
1568705375.494,686,198,None,Move,development
1568705375.516,687,198,None,Move,development
1568705375.534,688,198,None,Move,development
1568705375.551,689,198,None,Move,development
1568705375.566,690,198,None,Move,development
1568705375.576,692,198,None,Move,development
1568705375.587,693,198,None,Move,development
1568705375.6,694,198,None,Move,development
1568705375.698,695,197,None,Move,development
1568705375.714,695,196,None,Move,development
1568705375.729,695,195,None,Move,development
1568705375.745,695,194,None,Move,development
1568705375.76,695,192,None,Move,development
1568705375.775,694,189,None,Move,development
1568705375.791,692,188,None,Move,development
1568705375.814,690,184,None,Move,development
1568705375.83,690,183,None,Move,development
1568705375.844,690,183,None,Move,development
1568705375.86,690,182,None,Move,development
1568705375.8760002,690,182,None,Move,development
1568705375.976,690,182,None,Move,development
1568705375.992,690,182,None,Move,development
1568705376.008,690,184,None,Move,development
1568705376.022,690,185,None,Move,development
1568705376.1220002,690,185,Left,Pressed,development
1568705376.194,690,185,Left,Released,development
1568705376.204,690,185,None,Move,development
1568705376.248,690,186,None,Move,development
1568705376.264,690,186,None,Move,development
1568705376.6420002,691,187,None,Move,development
1568705376.6620002,692,188,None,Move,development
1568705376.678,693,190,None,Move,development
1568705376.694,695,191,None,Move,development
1568705376.71,698,194,None,Move,development
1568705376.725,702,198,None,Move,development
1568705376.742,708,206,None,Move,development
1568705376.7570002,717,223,None,Move,development
1568705376.772,732,249,None,Move,development
1568705376.788,744,271,None,Move,development
1568705376.804,751,284,None,Move,development
1568705376.819,764,300,None,Move,development
1568705376.835,773,312,None,Move,development
1568705376.85,783,323,None,Move,development
1568705376.8660002,792,334,None,Move,development
1568705376.881,796,341,None,Move,development
1568705376.897,801,348,None,Move,development
1568705376.915,808,358,None,Move,development
1568705376.928,809,359,None,Move,development
1568705376.94,811,364,None,Move,development
1568705376.952,811,365,None,Move,development
1568705376.962,811,367,None,Move,development
1568705376.9729998,813,369,None,Move,development
1568705376.984,815,372,None,Move,development
1568705376.9970002,817,375,None,Move,development
1568705377.02,821,380,None,Move,development
1568705377.1,822,380,None,Move,development
1568705377.222,822,380,None,Move,development
1568705377.238,824,380,None,Move,development
1568705377.255,826,380,None,Move,development
1568705377.271,827,379,None,Move,development
1568705377.2870002,828,378,None,Move,development
1568705377.303,828,378,None,Move,development
1568705377.319,828,377,None,Move,development
1568705377.464,828,377,None,Move,development
1568705377.48,828,377,None,Move,development
1568705377.495,825,375,None,Move,development
1568705377.51,821,375,None,Move,development
1568705377.525,818,375,None,Move,development
1568705377.541,817,375,None,Move,development
1568705377.5570002,815,375,None,Move,development
1568705377.63,814,375,None,Move,development
1568705377.646,813,375,None,Move,development
1568705377.67,812,375,None,Move,development
1568705378.3979998,812,375,None,Move,development
1568705378.452,812,375,None,Move,development
1568705378.472,814,376,None,Move,development
1568705378.488,814,376,None,Move,development
1568705378.504,816,376,None,Move,development
1568705378.519,819,377,None,Move,development
1568705378.534,819,377,None,Move,development
1568705378.55,820,377,None,Move,development
1568705378.604,820,377,None,Move,development
1568705378.62,821,377,None,Move,development
1568705378.6360002,821,377,None,Move,development
1568705378.653,823,377,None,Move,development
1568705378.674,823,377,None,Move,development
1568705378.685,824,377,None,Move,development
1568705378.7,824,377,None,Move,development
1568705378.715,825,377,None,Move,development
1568705378.73,826,377,None,Move,development
1568705378.746,827,377,None,Move,development
1568705378.7610002,829,377,None,Move,development
1568705378.7770002,829,377,None,Move,development
1568705378.792,830,377,None,Move,development
1568705378.896,830,377,None,Move,development
1568705378.906,831,377,None,Move,development
1568705378.9320002,832,377,None,Move,development
1568705379.0679998,832,378,None,Move,development
1568705379.0779998,832,381,None,Move,development
1568705379.087,831,381,None,Move,development
1568705379.095,828,383,None,Move,development
1568705379.104,826,385,None,Move,development
1568705379.113,822,389,None,Move,development
1568705379.1220002,821,390,None,Move,development
1568705379.133,817,395,None,Move,development
1568705379.139,815,397,None,Move,development
1568705379.154,814,397,None,Move,development
1568705379.178,814,398,None,Move,development
1568705379.2,813,400,None,Move,development
1568705379.216,813,400,None,Move,development
1568705379.232,813,404,None,Move,development
1568705379.2470002,813,408,None,Move,development
1568705379.2629998,813,410,None,Move,development
1568705379.278,813,413,None,Move,development
1568705379.294,813,416,None,Move,development
1568705379.309,813,418,None,Move,development
1568705379.325,814,421,None,Move,development
1568705379.343,815,422,None,Move,development
1568705379.3579998,815,426,None,Move,development
1568705379.3739998,815,428,None,Move,development
1568705379.3860002,815,432,None,Move,development
1568705379.396,815,434,None,Move,development
1568705379.408,815,436,None,Move,development
1568705379.423,810,444,None,Move,development
1568705379.439,800,449,None,Move,development
1568705379.454,785,456,None,Move,development
1568705379.471,769,460,None,Move,development
1568705379.486,766,464,None,Move,development
1568705379.6379998,764,464,None,Move,development
1568705379.653,762,463,None,Move,development
1568705379.67,757,455,None,Move,development
1568705379.69,743,451,None,Move,development
1568705379.707,736,449,None,Move,development
1568705379.72,731,449,None,Move,development
1568705379.731,724,449,None,Move,development
1568705379.742,723,449,None,Move,development
1568705379.752,721,449,None,Move,development
1568705379.762,719,449,None,Move,development
1568705379.772,716,450,None,Move,development
1568705379.782,711,451,None,Move,development
1568705379.792,709,452,None,Move,development
1568705379.803,704,453,None,Move,development
1568705379.813,697,454,None,Move,development
1568705379.823,691,455,None,Move,development
1568705379.833,686,456,None,Move,development
1568705379.843,679,457,None,Move,development
1568705379.8520002,672,459,None,Move,development
1568705379.863,668,461,None,Move,development
1568705379.903,646,468,None,Move,development
1568705379.946,625,477,None,Move,development
1568705379.955,622,477,None,Move,development
1568705379.962,618,480,None,Move,development
1568705379.972,616,480,None,Move,development
1568705379.986,616,480,None,Move,development
1568705379.996,615,480,None,Move,development
1568705380.006,614,481,None,Move,development
1568705380.055,614,481,None,Move,development
1568705380.076,613,481,None,Move,development
1568705380.092,612,482,None,Move,development
1568705380.238,612,483,None,Move,development
1568705380.255,613,483,None,Move,development
1568705380.272,614,483,None,Move,development
1568705380.2870002,616,483,None,Move,development
1568705380.303,618,483,None,Move,development
1568705380.319,622,482,None,Move,development
1568705380.335,624,482,None,Move,development
1568705380.35,627,480,None,Move,development
1568705380.369,629,479,None,Move,development
1568705380.385,633,479,None,Move,development
1568705380.4,637,478,None,Move,development
1568705380.416,641,477,None,Move,development
1568705380.431,646,477,None,Move,development
1568705380.447,650,476,None,Move,development
1568705380.466,654,475,None,Move,development
1568705380.482,661,474,None,Move,development
1568705380.5010002,663,474,None,Move,development
1568705380.515,666,474,None,Move,development
1568705380.526,669,474,None,Move,development
1568705380.536,672,474,None,Move,development
1568705380.5470002,673,474,None,Move,development
1568705380.5579998,674,474,None,Move,development
1568705380.569,677,473,None,Move,development
1568705380.579,679,473,None,Move,development
1568705380.59,681,473,None,Move,development
1568705380.601,682,473,None,Move,development
1568705380.6120002,685,472,None,Move,development
1568705380.6220002,687,472,None,Move,development
1568705380.633,690,472,None,Move,development
1568705380.644,691,472,None,Move,development
1568705380.654,692,472,None,Move,development
1568705380.666,694,472,None,Move,development
1568705380.681,697,472,None,Move,development
1568705380.696,700,472,None,Move,development
1568705380.7129998,707,472,None,Move,development
1568705380.728,710,472,None,Move,development
1568705380.745,712,472,None,Move,development
1568705380.7610002,716,472,None,Move,development
1568705380.776,718,472,None,Move,development
1568705380.791,719,472,None,Move,development
1568705380.809,721,472,None,Move,development
1568705380.836,725,472,None,Move,development
1568705380.851,727,472,None,Move,development
1568705380.8679998,733,473,None,Move,development
1568705380.883,734,473,None,Move,development
1568705380.899,738,473,None,Move,development
1568705380.919,738,473,None,Move,development
1568705380.99,738,473,None,Move,development
1568705381.0070002,737,473,None,Move,development
1568705381.022,731,472,None,Move,development
1568705381.039,722,470,None,Move,development
1568705381.055,713,468,None,Move,development
1568705381.071,688,462,None,Move,development
1568705381.086,668,458,None,Move,development
1568705381.1020002,655,455,None,Move,development
1568705381.12,643,452,None,Move,development
1568705381.1360002,636,452,None,Move,development
1568705381.153,631,449,None,Move,development
1568705381.169,630,448,None,Move,development
1568705381.302,630,447,None,Move,development
1568705381.321,631,447,None,Move,development
1568705381.332,632,447,None,Move,development
1568705381.342,633,447,None,Move,development
1568705381.3520002,634,447,None,Move,development
1568705381.361,634,447,None,Move,development
1568705381.3739998,635,447,None,Move,development
1568705381.3839998,635,447,None,Move,development
1568705381.394,636,447,None,Move,development
1568705381.404,637,447,None,Move,development
1568705381.424,638,447,None,Move,development
1568705381.61,638,447,None,Move,development
1568705381.6260002,638,446,None,Move,development
1568705381.66,638,446,None,Move,development
1568705381.676,638,445,None,Move,development
1568705381.691,636,443,None,Move,development
1568705381.707,635,442,None,Move,development
1568705381.7229998,634,442,None,Move,development
1568705381.832,634,441,None,Move,development
1568705381.8479998,634,440,None,Move,development
1568705381.865,638,439,None,Move,development
1568705381.875,639,439,None,Move,development
1568705381.8860002,640,438,None,Move,development
1568705381.8979998,642,437,None,Move,development
1568705381.914,643,437,None,Move,development
1568705381.931,649,436,None,Move,development
1568705381.948,652,436,None,Move,development
1568705381.966,655,436,None,Move,development
1568705381.982,656,436,None,Move,development
1568705381.9989998,658,436,None,Move,development
1568705382.014,660,436,None,Move,development
1568705382.033,660,436,None,Move,development
1568705382.049,662,436,None,Move,development
1568705382.065,663,436,None,Move,development
1568705382.08,665,436,None,Move,development
1568705382.095,665,436,None,Move,development
1568705382.1120002,667,436,None,Move,development
1568705382.206,667,436,None,Move,development
1568705382.222,669,436,None,Move,development
1568705382.2389998,671,436,None,Move,development
1568705382.2570002,673,436,None,Move,development
1568705382.2729998,676,436,None,Move,development
1568705382.29,680,436,None,Move,development
1568705382.305,681,436,None,Move,development
1568705382.323,684,436,None,Move,development
1568705382.339,684,436,None,Move,development
1568705382.3620002,685,435,None,Move,development
1568705382.377,685,434,None,Move,development
1568705382.394,682,434,None,Move,development
1568705382.41,674,432,None,Move,development
1568705382.426,666,431,None,Move,development
1568705382.4420002,659,429,None,Move,development
1568705382.458,651,427,None,Move,development
1568705382.4729998,640,425,None,Move,development
1568705382.4889998,634,424,None,Move,development
1568705382.506,632,422,None,Move,development
1568705382.52,630,421,None,Move,development
1568705382.5370002,629,421,None,Move,development
1568705382.552,628,421,None,Move,development
1568705382.6279998,628,421,None,Move,development
1568705382.665,636,421,None,Move,development
1568705382.6920002,644,421,None,Move,development
1568705382.704,646,421,None,Move,development
1568705382.714,650,421,None,Move,development
1568705382.724,651,421,None,Move,development
1568705382.731,652,421,None,Move,development
1568705382.7410002,654,421,None,Move,development
1568705382.7510002,654,421,None,Move,development
1568705382.76,655,421,None,Move,development
1568705382.768,656,421,None,Move,development
1568705382.7770002,657,421,None,Move,development
1568705382.786,661,421,None,Move,development
1568705382.795,664,421,None,Move,development
1568705382.8079998,666,421,None,Move,development
1568705382.819,668,421,None,Move,development
1568705382.8279998,671,421,None,Move,development
1568705382.836,676,421,None,Move,development
1568705382.846,678,421,None,Move,development
1568705382.855,681,421,None,Move,development
1568705382.863,684,421,None,Move,development
1568705382.8720002,685,421,None,Move,development
1568705382.881,691,421,None,Move,development
1568705382.889,693,421,None,Move,development
1568705382.8979998,698,421,None,Move,development
1568705382.906,700,421,None,Move,development
1568705382.915,703,421,None,Move,development
1568705382.923,708,421,None,Move,development
1568705382.9320002,714,421,None,Move,development
1568705382.9420002,716,421,None,Move,development
1568705382.9529998,716,421,None,Move,development
1568705382.961,720,421,None,Move,development
1568705382.969,722,421,None,Move,development
1568705382.976,726,423,None,Move,development
1568705382.985,729,424,None,Move,development
1568705382.9929998,731,424,None,Move,development
1568705383.002,738,425,None,Move,development
1568705383.01,742,425,None,Move,development
1568705383.02,749,426,None,Move,development
1568705383.029,754,426,None,Move,development
1568705383.038,762,426,None,Move,development
1568705383.048,767,426,None,Move,development
1568705383.055,769,426,None,Move,development
1568705383.063,771,426,None,Move,development
1568705383.072,772,426,None,Move,development
1568705383.079,774,426,None,Move,development
1568705383.0879998,775,426,None,Move,development
1568705383.097,777,428,None,Move,development
1568705383.106,778,429,None,Move,development
1568705383.115,779,429,None,Move,development
1568705383.1239998,781,430,None,Move,development
1568705383.133,781,431,None,Move,development
1568705383.188,781,432,None,Move,development
1568705383.204,781,432,None,Move,development
1568705383.224,781,433,None,Move,development
1568705383.24,781,435,None,Move,development
1568705383.2570002,778,437,None,Move,development
1568705383.2729998,776,438,None,Move,development
1568705383.289,775,438,None,Move,development
1568705383.32,775,438,None,Move,development
1568705383.337,774,438,None,Move,development
1568705383.3520002,774,438,None,Move,development
1568705383.369,773,438,None,Move,development
1568705383.385,772,438,None,Move,development
1568705383.784,771,438,None,Move,development
1568705383.814,771,438,None,Move,development
1568705383.823,772,438,None,Move,development
1568705383.843,773,438,None,Move,development
1568705383.854,775,439,None,Move,development
1568705383.861,779,439,None,Move,development
1568705383.87,783,441,None,Move,development
1568705383.8760002,786,442,None,Move,development
1568705383.885,797,443,None,Move,development
1568705383.894,805,444,None,Move,development
1568705383.9020002,815,444,None,Move,development
1568705383.9120002,824,444,None,Move,development
1568705383.92,828,444,None,Move,development
1568705383.927,846,444,None,Move,development
1568705383.936,856,444,None,Move,development
1568705383.951,872,444,None,Move,development
1568705383.965,875,444,None,Move,development
1568705383.98,889,444,None,Move,development
1568705383.995,890,444,None,Move,development
1568705384.0110002,895,444,None,Move,development
1568705384.0270002,896,444,None,Move,development
1568705384.1020002,896,445,None,Move,development
1568705384.121,896,449,None,Move,development
1568705384.137,896,451,None,Move,development
1568705384.154,896,454,None,Move,development
1568705384.17,896,454,None,Move,development
1568705384.186,895,456,None,Move,development
1568705384.202,894,460,None,Move,development
1568705384.218,893,463,None,Move,development
1568705384.234,893,466,None,Move,development
1568705384.2489998,892,468,None,Move,development
1568705384.266,891,470,None,Move,development
1568705384.282,890,472,None,Move,development
1568705384.301,889,474,None,Move,development
1568705384.319,889,476,None,Move,development
1568705384.334,889,477,None,Move,development
1568705384.354,889,478,None,Move,development
1568705384.424,889,479,None,Move,development
1568705384.444,889,479,None,Move,development
1568705384.536,889,479,Left,Pressed,development
1568705384.6360002,889,479,Left,Released,development
1568705384.778,889,479,Left,Pressed,development
1568705384.8739998,889,479,Left,Released,development
1568705384.918,889,479,None,Move,development
1568705385.01,889,479,Left,Pressed,development
1568705385.1,889,479,Left,Released,development
1568705385.262,889,479,Left,Pressed,development
1568705385.408,889,479,Left,Released,development
1568705386.0779998,890,479,None,Move,development
1568705386.094,890,479,None,Move,development
1568705388.914,890,479,Left,Pressed,development
1568705389.06,890,479,Left,Released,development
1568705389.252,890,479,Left,Pressed,development
1568705389.3820002,890,479,Left,Released,development
1568705390.572,890,479,Left,Pressed,development
1568705390.73,890,479,Left,Released,development
1568705390.839,890,479,Left,Pressed,development
1568705390.956,890,479,Left,Released,development
1568705391.042,890,479,Left,Pressed,development
1568705391.1720002,890,479,Left,Released,development
1568705391.924,890,478,None,Move,development
1568705391.944,885,477,None,Move,development
1568705391.961,882,476,None,Move,development
1568705391.981,875,475,None,Move,development
1568705391.9970002,870,475,None,Move,development
1568705392.019,863,473,None,Move,development
1568705392.0370002,857,470,None,Move,development
1568705392.059,852,469,None,Move,development
1568705392.075,847,467,None,Move,development
1568705392.091,840,464,None,Move,development
1568705392.106,839,464,None,Move,development
1568705392.166,839,464,None,Move,development
1568705392.1820002,838,464,None,Move,development
1568705392.198,836,463,None,Move,development
1568705392.214,832,460,None,Move,development
1568705392.23,828,458,None,Move,development
1568705392.2470002,825,454,None,Move,development
1568705392.2670002,817,444,None,Move,development
1568705392.283,811,433,None,Move,development
1568705392.298,811,426,None,Move,development
1568705392.314,809,417,None,Move,development
1568705392.33,809,408,None,Move,development
1568705392.346,809,392,None,Move,development
1568705392.361,809,376,None,Move,development
1568705392.383,811,366,None,Move,development
1568705392.3979998,820,350,None,Move,development
1568705392.414,823,342,None,Move,development
1568705392.43,824,337,None,Move,development
1568705392.446,826,332,None,Move,development
1568705392.462,827,328,None,Move,development
1568705392.4770002,829,324,None,Move,development
1568705392.4929998,831,321,None,Move,development
1568705392.5110002,833,317,None,Move,development
1568705392.53,834,315,None,Move,development
1568705392.5470002,835,312,None,Move,development
1568705392.563,836,311,None,Move,development
1568705392.579,838,309,None,Move,development
1568705392.594,838,308,None,Move,development
1568705392.61,839,308,None,Move,development
1568705392.765,840,308,None,Move,development
1568705392.781,840,308,None,Move,development
1568705392.791,841,308,None,Move,development
1568705392.812,841,308,None,Move,development
1568705392.821,841,310,None,Move,development
1568705392.829,841,310,None,Move,development
1568705392.837,841,311,None,Move,development
1568705392.844,841,312,None,Move,development
1568705392.853,841,313,None,Move,development
1568705392.8620002,841,315,None,Move,development
1568705392.871,841,316,None,Move,development
1568705392.883,841,320,None,Move,development
1568705392.906,841,323,None,Move,development
1568705392.917,841,325,None,Move,development
1568705392.929,841,326,None,Move,development
1568705392.941,841,328,None,Move,development
1568705392.948,841,329,None,Move,development
1568705393.15,842,330,None,Move,development
1568705393.168,843,330,None,Move,development
1568705393.186,844,328,None,Move,development
1568705393.2029998,844,328,None,Move,development
1568705393.215,844,327,None,Move,development
1568705393.346,845,327,None,Move,development
1568705393.363,845,328,None,Move,development
1568705393.504,845,328,None,Move,development
1568705393.521,848,324,None,Move,development
1568705393.5370002,849,315,None,Move,development
1568705393.554,852,305,None,Move,development
1568705393.571,861,277,None,Move,development
1568705393.589,866,251,None,Move,development
1568705393.6079998,872,228,None,Move,development
1568705393.625,883,192,None,Move,development
1568705393.644,889,170,None,Move,development
1568705393.661,892,152,None,Move,development
1568705393.678,892,138,None,Move,development
1568705393.695,892,109,None,Move,development
1568705393.712,893,101,None,Move,development
1568705393.732,895,95,None,Move,development
1568705393.7570002,896,92,None,Move,development
1568705393.8660002,897,92,None,Move,development
1568705393.8860002,897,90,None,Move,development
1568705393.958,898,89,None,Move,development
1568705393.975,900,89,None,Move,development
1568705393.9929998,904,92,None,Move,development
1568705394.01,906,94,None,Move,development
1568705394.0270002,909,97,None,Move,development
1568705394.045,910,99,None,Move,development
1568705394.055,910,101,None,Move,development
1568705394.074,910,102,None,Move,development
1568705394.1479998,910,102,None,Move,development
1568705394.166,910,103,None,Move,development
1568705394.1829998,910,104,None,Move,development
1568705394.244,910,104,Left,Pressed,development
1568705394.345,910,104,Left,Released,development
1568705394.466,910,105,None,Move,development
1568705394.4910002,910,111,None,Move,development
1568705394.508,905,121,None,Move,development
1568705394.512,902,127,None,Move,development
1568705394.53,896,145,None,Move,development
1568705394.553,887,170,None,Move,development
1568705394.564,886,172,None,Move,development
1568705394.579,879,193,None,Move,development
1568705394.593,868,212,None,Move,development
1568705394.606,865,217,None,Move,development
1568705394.6179998,845,248,None,Move,development
1568705394.629,837,258,None,Move,development
1568705394.641,824,274,None,Move,development
1568705394.657,807,296,None,Move,development
1568705394.674,783,321,None,Move,development
1568705394.685,781,323,None,Move,development
1568705394.697,775,328,None,Move,development
1568705394.709,770,329,None,Move,development
1568705394.72,767,330,None,Move,development
1568705394.731,761,333,None,Move,development
1568705394.745,754,339,None,Move,development
1568705394.756,751,343,None,Move,development
1568705394.774,742,348,None,Move,development
1568705394.792,735,353,None,Move,development
1568705394.813,727,354,None,Move,development
1568705394.834,721,354,None,Move,development
1568705394.8520002,713,349,None,Move,development
1568705394.87,705,344,None,Move,development
1568705394.887,698,339,None,Move,development
1568705394.905,684,329,None,Move,development
1568705394.923,670,321,None,Move,development
1568705394.941,661,316,None,Move,development
1568705394.959,656,313,None,Move,development
1568705394.9770002,652,309,None,Move,development
1568705394.988,652,307,None,Move,development
1568705395.0,651,304,None,Move,development
1568705395.016,650,303,None,Move,development
1568705395.033,646,299,None,Move,development
1568705395.052,645,299,None,Move,development
1568705395.069,642,299,None,Move,development
1568705395.087,640,299,None,Move,development
1568705395.105,638,299,None,Move,development
1568705395.123,634,299,None,Move,development
1568705395.139,633,299,None,Move,development
1568705395.156,632,299,None,Move,development
1568705395.173,631,299,None,Move,development
1568705395.224,630,299,None,Move,development
1568705395.2410002,630,300,None,Move,development
1568705395.268,629,302,None,Move,development
1568705395.286,629,303,None,Move,development
1568705395.466,629,303,Right,Pressed,development
1568705395.606,629,303,Right,Released,development
1568705395.666,629,304,None,Move,development
1568705395.6820002,629,304,None,Move,development
1568705395.699,629,305,None,Move,development
1568705395.717,631,305,None,Move,development
1568705395.7370002,636,306,None,Move,development
1568705395.756,643,308,None,Move,development
1568705395.7729998,655,311,None,Move,development
1568705395.791,666,315,None,Move,development
1568705395.811,707,326,None,Move,development
1568705395.8279998,721,330,None,Move,development
1568705395.847,747,336,None,Move,development
1568705395.857,751,337,None,Move,development
1568705395.867,760,341,None,Move,development
1568705395.8779998,764,341,None,Move,development
1568705395.89,767,343,None,Move,development
1568705395.9,768,343,None,Move,development
1568705395.91,770,343,None,Move,development
1568705395.921,771,344,None,Move,development
1568705395.9320002,774,346,None,Move,development
1568705395.9429998,776,347,None,Move,development
1568705395.956,779,349,None,Move,development
1568705395.967,782,350,None,Move,development
1568705395.979,785,350,None,Move,development
1568705395.9889998,787,352,None,Move,development
1568705396.0,789,353,None,Move,development
1568705396.0110002,790,353,None,Move,development
1568705396.024,790,354,None,Move,development
1568705396.05,791,355,None,Move,development
1568705396.0670002,792,357,None,Move,development
1568705396.084,792,359,None,Move,development
1568705396.097,792,361,None,Move,development
1568705396.1079998,792,364,None,Move,development
1568705396.127,792,367,None,Move,development
1568705396.143,792,369,None,Move,development
1568705396.16,791,371,None,Move,development
1568705396.177,791,372,None,Move,development
1568705396.195,790,373,None,Move,development
1568705396.2129998,789,375,None,Move,development
1568705396.231,789,376,None,Move,development
1568705396.2489998,787,376,None,Move,development
1568705396.282,787,376,None,Move,development
1568705396.299,785,376,None,Move,development
1568705396.316,783,376,None,Move,development
1568705396.337,780,375,None,Move,development
1568705396.354,777,373,None,Move,development
1568705396.373,775,371,None,Move,development
1568705396.391,772,368,None,Move,development
1568705396.409,770,365,None,Move,development
1568705396.426,770,364,None,Move,development
1568705396.444,770,363,None,Move,development
1568705396.59,770,362,None,Move,development
1568705396.716,770,362,Left,Pressed,development
1568705396.8379998,770,362,Left,Released,development
1568705397.0579998,770,362,None,Move,development
1568705397.074,769,362,None,Move,development
1568705397.084,768,364,None,Move,development
1568705397.1,767,366,None,Move,development
1568705397.11,766,367,None,Move,development
1568705397.12,766,368,None,Move,development
1568705397.131,766,370,None,Move,development
1568705397.1379998,765,370,None,Move,development
1568705397.146,764,371,None,Move,development
1568705397.16,761,371,None,Move,development
1568705397.171,760,372,None,Move,development
1568705397.1920002,756,374,None,Move,development
1568705397.221,741,379,None,Move,development
1568705397.238,732,383,None,Move,development
1568705397.258,719,386,None,Move,development
1568705397.276,714,386,None,Move,development
1568705397.294,711,387,None,Move,development
1568705397.314,710,387,None,Move,development
1568705397.335,709,388,None,Move,development
1568705397.347,709,388,None,Move,development
1568705397.3620002,709,389,None,Move,development
1568705397.3760002,709,390,None,Move,development
1568705397.395,709,392,None,Move,development
1568705397.414,714,396,None,Move,development
1568705397.4320002,729,406,None,Move,development
1568705397.45,740,410,None,Move,development
1568705397.468,755,417,None,Move,development
1568705397.485,764,424,None,Move,development
1568705397.5029998,790,443,None,Move,development
1568705397.521,795,450,None,Move,development
1568705397.539,803,460,None,Move,development
1568705397.5570002,807,463,None,Move,development
1568705397.576,809,467,None,Move,development
1568705397.594,818,473,None,Move,development
1568705397.613,823,476,None,Move,development
1568705397.631,829,479,None,Move,development
1568705397.654,835,480,None,Move,development
1568705397.673,836,480,None,Move,development
1568705397.709,838,480,None,Move,development
1568705397.73,839,480,None,Move,development
1568705397.74,839,480,None,Move,development
1568705397.748,840,480,None,Move,development
1568705397.786,841,480,None,Move,development
1568705397.8,842,480,None,Move,development
1568705397.816,842,480,None,Move,development
1568705397.826,842,479,None,Move,development
1568705397.856,843,478,None,Move,development
1568705397.8660002,843,477,None,Move,development
1568705397.877,843,477,None,Move,development
1568705397.8879998,843,476,None,Move,development
1568705397.8979998,843,475,None,Move,development
1568705397.909,843,472,None,Move,development
1568705397.9220002,843,472,None,Move,development
1568705397.94,843,471,None,Move,development
1568705397.956,843,471,None,Move,development
1568705398.516,843,471,Left,Pressed,development
1568705398.6320002,843,471,Left,Released,development
1568705398.734,842,471,None,Move,development
1568705398.752,841,471,None,Move,development
1568705398.769,833,471,None,Move,development
1568705398.7870002,829,469,None,Move,development
1568705398.805,814,464,None,Move,development
1568705398.823,800,455,None,Move,development
1568705398.84,776,443,None,Move,development
1568705398.856,755,432,None,Move,development
1568705398.8720002,732,421,None,Move,development
1568705398.883,705,411,None,Move,development
1568705398.897,680,399,None,Move,development
1568705398.914,665,390,None,Move,development
1568705398.929,647,376,None,Move,development
1568705398.945,642,368,None,Move,development
1568705398.961,636,361,None,Move,development
1568705398.98,632,355,None,Move,development
1568705398.995,631,353,None,Move,development
1568705399.012,625,346,None,Move,development
1568705399.028,623,344,None,Move,development
1568705399.044,619,341,None,Move,development
1568705399.06,610,334,None,Move,development
1568705399.076,596,328,None,Move,development
1568705399.093,593,326,None,Move,development
1568705399.1079998,592,324,None,Move,development
1568705399.1239998,591,324,None,Move,development
1568705399.14,590,322,None,Move,development
1568705399.155,590,321,None,Move,development
1568705399.171,590,320,None,Move,development
1568705399.187,590,319,None,Move,development
1568705399.211,590,318,None,Move,development
1568705399.232,590,317,None,Move,development
1568705399.254,590,315,None,Move,development
1568705399.275,590,314,None,Move,development
1568705399.293,590,313,None,Move,development
1568705399.606,591,312,None,Move,development
1568705399.6420002,591,312,Right,Pressed,development
1568705399.778,591,312,Right,Released,development
1568705400.044,592,312,None,Move,development
1568705400.0570002,593,312,None,Move,development
1568705400.07,596,312,None,Move,development
1568705400.081,599,313,None,Move,development
1568705400.092,600,313,None,Move,development
1568705400.156,601,313,None,Move,development
1568705400.174,604,316,None,Move,development
1568705400.196,612,319,None,Move,development
1568705400.209,614,320,None,Move,development
1568705400.2229998,615,320,None,Move,development
1568705400.276,617,322,None,Move,development
1568705400.288,622,324,None,Move,development
1568705400.299,624,326,None,Move,development
1568705400.311,630,331,None,Move,development
1568705400.323,633,334,None,Move,development
1568705400.335,642,338,None,Move,development
1568705400.351,649,343,None,Move,development
1568705400.367,657,347,None,Move,development
1568705400.381,665,353,None,Move,development
1568705400.3920002,670,357,None,Move,development
1568705400.404,672,358,None,Move,development
1568705400.414,677,361,None,Move,development
1568705400.424,686,367,None,Move,development
1568705400.434,690,370,None,Move,development
1568705400.444,691,370,None,Move,development
1568705400.455,697,373,None,Move,development
1568705400.462,701,378,None,Move,development
1568705400.472,705,382,None,Move,development
1568705400.481,709,386,None,Move,development
1568705400.4929998,714,390,None,Move,development
1568705400.502,717,394,None,Move,development
1568705400.512,721,397,None,Move,development
1568705400.52,726,402,None,Move,development
1568705400.53,729,405,None,Move,development
1568705400.54,730,409,None,Move,development
1568705400.549,733,411,None,Move,development
1568705400.566,734,412,None,Move,development
1568705400.6020002,735,413,None,Move,development
1568705401.028,735,413,None,Move,development
1568705401.045,737,412,None,Move,development
1568705401.063,739,411,None,Move,development
1568705401.08,743,407,None,Move,development
1568705401.097,743,407,None,Move,development
1568705401.109,743,406,None,Move,development
1568705401.123,743,405,None,Move,development
1568705401.137,743,403,None,Move,development
1568705401.15,741,399,None,Move,development
1568705401.184,741,399,None,Move,development
1568705401.196,741,397,None,Move,development
1568705401.295,741,396,None,Move,development
1568705401.3070002,741,395,None,Move,development
1568705401.323,741,394,None,Move,development
1568705401.976,740,394,None,Move,development
1568705408.202,739,394,None,Move,development
1568705408.212,737,393,None,Move,development
1568705408.226,736,391,None,Move,development
1568705408.302,736,391,None,Move,development
1568705408.3170002,734,393,None,Move,development
1568705408.331,730,407,None,Move,development
1568705408.346,727,420,None,Move,development
1568705408.363,719,443,None,Move,development
1568705408.3779998,718,461,None,Move,development
1568705408.394,713,495,None,Move,development
1568705408.41,710,516,None,Move,development
1568705408.428,709,530,None,Move,development
1568705408.445,705,542,None,Move,development
1568705408.464,704,554,None,Move,development
1568705408.482,703,557,None,Move,development
1568705408.4989998,702,560,None,Move,development
1568705408.522,699,567,None,Move,development
1568705408.54,699,575,None,Move,development
1568705408.556,698,583,None,Move,development
1568705408.572,698,589,None,Move,development
1568705408.591,698,593,None,Move,development
1568705408.6120002,699,606,None,Move,development
1568705408.6279998,699,609,None,Move,development
1568705408.645,701,614,None,Move,development
1568705408.6620002,702,623,None,Move,development
1568705408.678,702,627,None,Move,development
1568705408.944,702,627,None,Move,development
1568705408.958,703,626,None,Move,development
1568705408.972,707,622,None,Move,development
1568705408.984,710,617,None,Move,development
1568705408.9970002,710,615,None,Move,development
1568705409.0070002,711,610,None,Move,development
1568705409.0229998,711,603,None,Move,development
1568705409.034,711,594,None,Move,development
1568705409.046,712,587,None,Move,development
1568705409.062,713,584,None,Move,development
1568705409.0779998,715,579,None,Move,development
1568705409.094,716,575,None,Move,development
1568705409.11,721,568,None,Move,development
1568705409.1279998,725,562,None,Move,development
1568705409.147,734,548,None,Move,development
1568705409.165,738,530,None,Move,development
1568705409.185,742,510,None,Move,development
1568705409.2029998,748,475,None,Move,development
1568705409.219,749,455,None,Move,development
1568705409.2370002,749,446,None,Move,development
1568705409.254,748,434,None,Move,development
1568705409.275,744,421,None,Move,development
1568705409.292,741,416,None,Move,development
1568705409.312,736,410,None,Move,development
1568705409.329,735,408,None,Move,development
1568705409.347,733,406,None,Move,development
1568705409.3660002,729,403,None,Move,development
1568705409.3839998,728,402,None,Move,development
1568705409.401,725,400,None,Move,development
1568705409.418,720,396,None,Move,development
1568705409.435,718,394,None,Move,development
1568705409.452,714,390,None,Move,development
1568705409.47,712,388,None,Move,development
1568705409.4889998,710,386,None,Move,development
1568705409.5070002,709,383,None,Move,development
1568705409.5229998,706,377,None,Move,development
1568705409.535,706,376,None,Move,development
1568705409.545,702,371,None,Move,development
1568705409.5570002,701,369,None,Move,development
1568705409.5679998,700,369,None,Move,development
1568705409.579,700,368,None,Move,development
1568705409.593,698,365,None,Move,development
1568705409.609,696,363,None,Move,development
1568705409.6260002,696,360,None,Move,development
1568705409.644,696,359,None,Move,development
1568705409.938,696,360,None,Move,development
1568705409.952,696,360,None,Move,development
1568705409.965,697,361,None,Move,development
1568705409.975,697,362,None,Move,development
1568705409.986,698,362,None,Move,development
1568705409.998,698,363,None,Move,development
1568705410.255,699,364,None,Move,development
1568705410.411,699,365,None,Move,development
1568705410.438,699,366,None,Move,development
1568705410.458,699,367,None,Move,development
1568705410.475,699,367,None,Move,development
1568705410.494,699,368,None,Move,development
1568705410.5110002,699,369,None,Move,development
1568705410.5270002,699,371,None,Move,development
1568705410.545,699,372,None,Move,development
1568705410.5570002,699,373,None,Move,development
1568705410.571,699,374,None,Move,development
1568705410.583,699,375,None,Move,development
1568705410.594,699,376,None,Move,development
1568705410.607,699,378,None,Move,development
1568705410.625,699,379,None,Move,development
1568705410.6420002,699,381,None,Move,development
1568705410.72,699,382,None,Move,development
1568705410.7470002,699,382,None,Move,development
1568705410.795,699,383,None,Move,development
1568705410.809,699,384,None,Move,development
1568705410.821,699,385,None,Move,development
1568705410.859,699,386,None,Move,development
1568705410.871,699,387,None,Move,development
1568705410.883,699,387,None,Move,development
1568705410.894,699,388,None,Move,development
1568705410.906,699,388,None,Move,development
1568705410.918,699,389,None,Move,development
1568705410.928,699,389,None,Move,development
1568705410.9429998,699,391,None,Move,development
1568705410.96,699,392,None,Move,development
1568705410.9770002,699,393,None,Move,development
1568705410.995,699,395,None,Move,development
1568705411.0070002,699,395,None,Move,development
1568705411.018,699,398,None,Move,development
1568705411.03,699,400,None,Move,development
1568705411.041,699,401,None,Move,development
1568705411.054,699,403,None,Move,development
1568705411.066,699,405,None,Move,development
1568705411.077,699,405,None,Move,development
1568705411.089,699,408,None,Move,development
1568705411.1,699,409,None,Move,development
1568705411.1120002,698,415,None,Move,development
1568705411.1239998,698,416,None,Move,development
1568705411.1360002,697,422,None,Move,development
1568705411.147,695,427,None,Move,development
1568705411.159,693,434,None,Move,development
1568705411.171,692,442,None,Move,development
1568705411.1820002,690,445,None,Move,development
1568705411.196,688,460,None,Move,development
1568705411.207,688,463,None,Move,development
1568705411.218,687,475,None,Move,development
1568705411.23,687,484,None,Move,development
1568705411.2429998,687,496,None,Move,development
1568705411.256,687,508,None,Move,development
1568705411.27,686,519,None,Move,development
1568705411.281,686,534,None,Move,development
1568705411.293,686,548,None,Move,development
1568705411.305,686,565,None,Move,development
1568705411.3170002,684,572,None,Move,development
1568705411.3279998,684,575,None,Move,development
1568705411.339,683,586,None,Move,development
1568705411.3520002,682,596,None,Move,development
1568705411.3639998,681,602,None,Move,development
1568705411.3760002,681,610,None,Move,development
1568705411.3879998,680,616,None,Move,development
1568705411.4020002,680,620,None,Move,development
1568705411.413,680,622,None,Move,development
1568705411.427,679,626,None,Move,development
1568705411.439,679,626,None,Move,development
1568705411.451,679,627,None,Move,development
1568705411.464,679,628,None,Move,development
1568705411.476,678,629,None,Move,development
1568705411.566,678,629,None,Move,development
1568705411.583,678,626,None,Move,development
1568705411.601,676,624,None,Move,development
1568705411.617,676,620,None,Move,development
1568705411.635,676,618,None,Move,development
1568705411.6520002,676,614,None,Move,development
1568705411.6720002,676,613,None,Move,development
1568705411.688,676,611,None,Move,development
1568705411.7,676,611,None,Move,development
1568705411.712,676,609,None,Move,development
1568705411.725,676,608,None,Move,development
1568705411.736,676,607,None,Move,development
1568705411.748,676,607,None,Move,development
1568705411.7729998,677,606,None,Move,development
1568705411.88,677,605,None,Move,development
1568705411.8979998,677,605,None,Move,development
1568705411.917,677,604,None,Move,development
1568705411.935,677,603,None,Move,development
1568705411.952,677,602,None,Move,development
1568705411.971,677,601,None,Move,development
1568705412.03,677,601,None,Move,development
1568705412.106,677,600,None,Move,development
1568705412.125,677,600,None,Move,development
1568705412.143,677,598,None,Move,development
1568705412.1620002,677,598,None,Move,development
1568705412.181,677,597,None,Move,development
1568705412.198,677,597,None,Move,development
1568705412.215,677,595,None,Move,development
1568705412.23,677,594,None,Move,development
1568705412.2470002,677,593,None,Move,development
1568705412.265,677,592,None,Move,development
1568705412.282,677,591,None,Move,development
1568705412.3,678,590,None,Move,development
1568705412.333,678,589,None,Move,development
1568705412.772,678,589,None,Move,development
1568705412.806,678,586,None,Move,development
1568705412.83,678,586,None,Move,development
1568705413.2610002,678,586,Left,Pressed,development
1568705413.3679998,678,586,Left,Released,development
1568705413.468,678,585,None,Move,development
1568705413.57,679,585,None,Move,development
1568705413.591,682,584,None,Move,development
1568705413.609,695,581,None,Move,development
1568705413.6239998,710,578,None,Move,development
1568705413.6379998,722,577,None,Move,development
1568705413.654,732,576,None,Move,development
1568705413.668,744,575,None,Move,development
1568705413.6820002,754,572,None,Move,development
1568705413.696,762,571,None,Move,development
1568705413.711,774,569,None,Move,development
1568705413.724,782,568,None,Move,development
1568705413.74,786,568,None,Move,development
1568705413.7510002,791,565,None,Move,development
1568705413.7610002,793,565,None,Move,development
1568705413.772,795,565,None,Move,development
1568705413.816,795,564,None,Move,development
1568705413.836,795,564,None,Move,development
1568705413.854,795,562,None,Move,development
1568705413.8720002,795,560,None,Move,development
1568705413.89,795,558,None,Move,development
1568705413.909,793,552,None,Move,development
1568705413.927,791,546,None,Move,development
1568705413.945,783,529,None,Move,development
1568705413.966,776,514,None,Move,development
1568705413.978,769,499,None,Move,development
1568705413.99,762,482,None,Move,development
1568705414.0070002,753,467,None,Move,development
1568705414.018,747,457,None,Move,development
1568705414.032,737,442,None,Move,development
1568705414.046,732,434,None,Move,development
1568705414.0579998,726,424,None,Move,development
1568705414.07,720,413,None,Move,development
1568705414.082,716,408,None,Move,development
1568705414.094,714,405,None,Move,development
1568705414.105,713,403,None,Move,development
1568705414.119,713,402,None,Move,development
1568705414.139,711,400,None,Move,development
1568705414.157,710,399,None,Move,development
1568705414.224,710,398,None,Move,development
1568705414.242,710,394,None,Move,development
1568705414.262,712,388,None,Move,development
1568705414.28,719,365,None,Move,development
1568705414.299,722,350,None,Move,development
1568705414.3179998,727,328,None,Move,development
1568705414.336,732,303,None,Move,development
1568705414.354,734,278,None,Move,development
1568705414.3720002,734,260,None,Move,development
1568705414.3920002,734,244,None,Move,development
1568705414.4120002,734,229,None,Move,development
1568705414.4329998,734,221,None,Move,development
1568705414.452,734,217,None,Move,development
1568705414.471,734,214,None,Move,development
1568705414.4889998,733,213,None,Move,development
1568705414.508,732,210,None,Move,development
1568705414.5270002,731,209,None,Move,development
1568705414.546,729,207,None,Move,development
1568705414.564,725,205,None,Move,development
1568705414.583,723,202,None,Move,development
1568705414.6020002,717,200,None,Move,development
1568705414.621,713,198,None,Move,development
1568705414.64,713,198,None,Move,development
1568705414.657,712,198,None,Move,development
1568705414.784,712,198,None,Move,development
1568705414.802,714,198,None,Move,development
1568705414.819,722,198,None,Move,development
1568705414.8379998,730,198,None,Move,development
1568705414.855,739,198,None,Move,development
1568705414.873,745,198,None,Move,development
1568705414.945,746,197,None,Move,development
1568705414.9629998,746,196,None,Move,development
1568705414.982,739,195,None,Move,development
1568705415.002,732,193,None,Move,development
1568705415.019,721,193,None,Move,development
1568705415.0370002,707,190,None,Move,development
1568705415.054,700,190,None,Move,development
1568705415.071,685,189,None,Move,development
1568705415.089,675,187,None,Move,development
1568705415.106,671,186,None,Move,development
1568705415.1179998,668,185,None,Move,development
1568705415.129,667,185,None,Move,development
1568705415.147,664,183,None,Move,development
1568705415.166,660,180,None,Move,development
1568705415.177,659,180,None,Move,development
1568705415.188,657,179,None,Move,development
1568705415.354,657,179,None,Move,development
1568705415.3720002,655,179,None,Move,development
1568705415.39,653,179,None,Move,development
1568705415.406,651,179,None,Move,development
1568705415.419,650,179,None,Move,development
1568705415.431,650,179,None,Move,development
1568705415.444,649,179,None,Move,development
1568705415.457,649,179,None,Move,development
1568705415.472,648,179,None,Move,development
1568705415.502,647,179,None,Move,development
1568705415.515,647,179,None,Move,development
1568705415.53,646,179,None,Move,development
1568705415.552,645,179,None,Move,development
1568705415.569,644,179,None,Move,development
1568705415.587,643,178,None,Move,development
1568705415.6120002,642,178,None,Move,development
1568705415.6279998,640,178,None,Move,development
1568705415.6379998,639,178,None,Move,development
1568705415.649,638,178,None,Move,development
1568705415.664,637,178,None,Move,development
1568705415.673,636,177,None,Move,development
1568705415.6829998,634,177,None,Move,development
1568705415.6920002,632,176,None,Move,development
1568705415.701,631,176,None,Move,development
1568705415.711,630,176,None,Move,development
1568705415.718,629,176,None,Move,development
1568705415.7270002,629,176,None,Move,development
1568705415.7370002,627,176,None,Move,development
1568705415.745,627,176,None,Move,development
1568705415.756,626,176,None,Move,development
1568705415.765,623,176,None,Move,development
1568705415.772,623,176,None,Move,development
1568705416.082,623,176,Left,Pressed,development
1568705416.1920002,623,176,Left,Released,development
1568705416.272,622,176,None,Move,development
1568705416.289,625,177,None,Move,development
1568705416.306,633,180,None,Move,development
1568705416.323,643,182,None,Move,development
1568705416.34,659,184,None,Move,development
1568705416.3579998,664,185,None,Move,development
1568705416.375,666,186,None,Move,development
1568705416.393,667,186,None,Move,development
1568705416.45,668,186,None,Move,development
1568705416.468,669,186,None,Move,development
1568705416.486,669,186,None,Move,development
1568705416.589,670,186,None,Move,development
1568705416.742,670,186,Left,Pressed,development
1568705416.8179998,670,186,Left,Released,development
1568705416.944,671,186,None,Move,development
1568705416.961,671,187,None,Move,development
1568705416.979,672,188,None,Move,development
1568705416.9970002,674,189,None,Move,development
1568705417.008,676,192,None,Move,development
1568705417.019,681,196,None,Move,development
1568705417.03,687,199,None,Move,development
1568705417.042,692,201,None,Move,development
1568705417.054,699,202,None,Move,development
1568705417.071,705,203,None,Move,development
1568705417.0879998,709,204,None,Move,development
1568705417.106,711,204,None,Move,development
1568705417.72,711,204,None,Move,development
1568705417.73,711,204,None,Move,development
1568705417.742,708,206,None,Move,development
1568705417.752,704,209,None,Move,development
1568705417.7629998,702,211,None,Move,development
1568705417.7770002,694,222,None,Move,development
1568705417.785,692,223,None,Move,development
1568705417.795,687,233,None,Move,development
1568705417.806,679,251,None,Move,development
1568705417.815,678,259,None,Move,development
1568705417.823,678,263,None,Move,development
1568705417.833,678,276,None,Move,development
1568705417.843,678,280,None,Move,development
1568705417.8520002,676,307,None,Move,development
1568705417.861,676,324,None,Move,development
1568705417.8739998,672,361,None,Move,development
1568705417.897,665,410,None,Move,development
1568705417.914,663,448,None,Move,development
1568705417.931,663,481,None,Move,development
1568705417.951,662,498,None,Move,development
1568705417.969,658,530,None,Move,development
1568705417.988,657,536,None,Move,development
1568705418.0070002,655,542,None,Move,development
1568705418.024,654,543,None,Move,development
1568705418.041,653,543,None,Move,development
1568705418.0579998,651,543,None,Move,development
1568705418.074,648,543,None,Move,development
1568705418.086,648,542,None,Move,development
1568705418.099,646,541,None,Move,development
1568705418.11,646,541,None,Move,development
1568705418.1220002,645,541,None,Move,development
1568705418.133,642,540,None,Move,development
1568705418.145,640,538,None,Move,development
1568705418.156,640,537,None,Move,development
1568705418.168,639,537,None,Move,development
1568705418.18,636,535,None,Move,development
1568705418.191,636,535,None,Move,development
1568705418.2029998,634,535,None,Move,development
1568705418.214,633,535,None,Move,development
1568705418.286,634,535,None,Move,development
1568705418.304,641,535,None,Move,development
1568705418.321,662,535,None,Move,development
1568705418.337,675,535,None,Move,development
1568705418.3520002,699,535,None,Move,development
1568705418.3679998,739,536,None,Move,development
1568705418.385,783,541,None,Move,development
1568705418.4020002,813,544,None,Move,development
1568705418.413,831,548,None,Move,development
1568705418.434,840,550,None,Move,development
1568705418.451,847,551,None,Move,development
1568705418.468,852,551,None,Move,development
1568705418.486,853,551,None,Move,development
1568705418.502,853,551,None,Move,development
1568705418.519,854,551,None,Move,development
1568705418.535,854,551,None,Move,development
1568705418.552,856,551,None,Move,development
1568705418.569,860,551,None,Move,development
1568705418.586,867,548,None,Move,development
1568705418.603,874,545,None,Move,development
1568705418.6179998,879,542,None,Move,development
1568705418.635,883,539,None,Move,development
1568705418.6520002,884,537,None,Move,development
1568705418.669,884,535,None,Move,development
1568705418.687,885,533,None,Move,development
1568705418.7029998,885,530,None,Move,development
1568705418.719,886,527,None,Move,development
1568705418.736,888,523,None,Move,development
1568705418.7529998,888,522,None,Move,development
1568705418.7729998,888,517,None,Move,development
1568705418.788,888,514,None,Move,development
1568705418.804,889,510,None,Move,development
1568705418.819,891,504,None,Move,development
1568705418.834,891,502,None,Move,development
1568705418.85,891,497,None,Move,development
1568705418.8760002,891,492,None,Move,development
1568705418.895,891,486,None,Move,development
1568705418.906,891,485,None,Move,development
1568705418.918,891,484,None,Move,development
1568705418.928,890,482,None,Move,development
1568705418.938,890,479,None,Move,development
1568705418.949,890,478,None,Move,development
1568705418.966,890,478,None,Move,development
1568705418.976,890,477,None,Move,development
1568705419.53,890,477,Left,Pressed,development
1568705419.6379998,890,477,Left,Released,development
1568705421.371,890,476,None,Move,development
1568705421.3839998,888,474,None,Move,development
1568705421.397,886,472,None,Move,development
1568705421.405,878,469,None,Move,development
1568705421.417,869,466,None,Move,development
1568705421.426,852,461,None,Move,development
1568705421.438,826,453,None,Move,development
1568705421.447,820,451,None,Move,development
1568705421.456,802,445,None,Move,development
1568705421.464,770,438,None,Move,development
1568705421.474,764,437,None,Move,development
1568705421.484,735,431,None,Move,development
1568705421.494,724,429,None,Move,development
1568705421.5029998,710,427,None,Move,development
1568705421.515,707,427,None,Move,development
1568705421.522,698,425,None,Move,development
1568705421.538,689,422,None,Move,development
1568705421.554,685,422,None,Move,development
1568705421.565,682,421,None,Move,development
1568705421.576,681,421,None,Move,development
1568705421.587,679,421,None,Move,development
1568705421.599,678,421,None,Move,development
1568705421.61,677,421,None,Move,development
1568705421.621,677,421,None,Move,development
1568705421.64,676,421,None,Move,development
1568705421.65,675,421,None,Move,development
1568705421.664,675,421,None,Move,development
1568705421.674,671,421,None,Move,development
1568705421.684,667,421,None,Move,development
1568705421.695,666,421,None,Move,development
1568705421.705,664,421,None,Move,development
1568705421.715,658,424,None,Move,development
1568705421.724,656,426,None,Move,development
1568705421.734,656,426,None,Move,development
1568705421.744,654,428,None,Move,development
1568705421.7529998,652,430,None,Move,development
1568705421.7629998,652,432,None,Move,development
1568705421.7729998,651,432,None,Move,development
1568705421.795,651,433,None,Move,development
1568705421.805,651,433,None,Move,development
1568705421.832,651,435,None,Move,development
1568705421.842,650,437,None,Move,development
1568705421.857,650,437,None,Move,development
1568705421.867,650,438,None,Move,development
1568705421.8760002,649,439,None,Move,development
1568705421.885,649,441,None,Move,development
1568705421.895,649,441,None,Move,development
1568705421.905,649,443,None,Move,development
1568705421.915,646,444,None,Move,development
1568705421.948,646,446,None,Move,development
1568705421.97,646,447,None,Move,development
1568705421.985,646,447,None,Move,development
1568705422.002,646,448,None,Move,development
1568705422.018,645,449,None,Move,development
1568705422.04,645,450,None,Move,development
1568705422.056,645,450,None,Move,development
1568705422.072,645,451,None,Move,development
1568705422.0879998,645,453,None,Move,development
1568705422.106,645,455,None,Move,development
1568705422.123,645,455,None,Move,development
1568705422.144,645,458,None,Move,development
1568705422.168,645,459,None,Move,development
1568705422.216,645,459,None,Move,development
1568705422.246,645,460,None,Move,development
1568705422.2629998,645,461,None,Move,development
1568705422.286,645,463,None,Move,development
1568705422.301,645,463,None,Move,development
1568705422.319,645,466,None,Move,development
1568705422.335,645,467,None,Move,development
1568705422.353,645,469,None,Move,development
1568705423.169,646,470,None,Move,development
1568705423.18,649,471,None,Move,development
1568705423.189,657,472,None,Move,development
1568705423.205,670,476,None,Move,development
1568705423.218,672,476,None,Move,development
1568705423.229,679,478,None,Move,development
1568705423.2410002,706,487,None,Move,development
1568705423.25,739,492,None,Move,development
1568705423.26,753,497,None,Move,development
1568705423.269,785,504,None,Move,development
1568705423.278,790,504,None,Move,development
1568705423.291,821,512,None,Move,development
1568705423.305,836,518,None,Move,development
1568705423.313,865,527,None,Move,development
1568705423.323,871,529,None,Move,development
1568705423.332,899,536,None,Move,development
1568705423.342,909,538,None,Move,development
1568705423.3520002,926,542,None,Move,development
1568705423.3639998,929,543,None,Move,development
1568705423.38,945,544,None,Move,development
1568705423.397,954,545,None,Move,development
1568705423.4120002,955,545,None,Move,development
1568705423.502,956,545,None,Move,development
1568705423.5229998,957,544,None,Move,development
1568705423.543,957,542,None,Move,development
1568705423.561,957,541,None,Move,development
1568705423.579,957,537,None,Move,development
1568705423.596,955,534,None,Move,development
1568705423.6120002,949,530,None,Move,development
1568705423.629,945,528,None,Move,development
1568705423.645,937,524,None,Move,development
1568705423.661,929,521,None,Move,development
1568705423.679,924,520,None,Move,development
1568705423.695,920,517,None,Move,development
1568705423.712,920,516,None,Move,development
1568705423.729,918,515,None,Move,development
1568705423.7529998,914,511,None,Move,development
1568705423.7729998,913,508,None,Move,development
1568705423.79,911,506,None,Move,development
1568705423.81,910,505,None,Move,development
1568705423.829,910,503,None,Move,development
1568705423.846,910,501,None,Move,development
1568705423.8620002,909,501,None,Move,development
1568705423.879,908,500,None,Move,development
1568705423.896,907,499,None,Move,development
1568705423.9220002,907,498,None,Move,development
1568705423.938,907,497,None,Move,development
1568705423.957,907,495,None,Move,development
1568705423.992,906,494,None,Move,development
1568705424.0029998,905,493,None,Move,development
1568705424.032,905,493,None,Move,development
1568705424.052,905,492,None,Move,development
1568705424.062,905,492,None,Move,development
1568705424.092,905,490,None,Move,development
1568705424.1079998,905,490,None,Move,development
1568705424.1239998,904,489,None,Move,development
1568705424.141,904,489,None,Move,development
1568705424.173,903,488,None,Move,development
1568705424.195,903,488,None,Move,development
1568705424.2129998,901,488,None,Move,development
1568705424.23,899,488,None,Move,development
1568705424.2470002,889,493,None,Move,development
1568705424.264,872,500,None,Move,development
1568705424.281,836,500,None,Move,development
1568705424.2970002,804,489,None,Move,development
1568705424.314,797,485,None,Move,development
1568705424.331,797,485,None,Move,development
1568705424.46,797,484,None,Move,development
1568705424.4770002,798,484,None,Move,development
1568705424.492,803,484,None,Move,development
1568705424.5089998,805,482,None,Move,development
1568705424.65,805,482,None,Move,development
1568705424.706,807,482,None,Move,development
1568705424.722,808,482,None,Move,development
1568705424.738,814,481,None,Move,development
1568705424.755,823,479,None,Move,development
1568705424.772,839,475,None,Move,development
1568705424.79,849,473,None,Move,development
1568705424.813,854,471,None,Move,development
1568705424.83,855,471,None,Move,development
1568705424.917,855,471,None,Move,development
1568705424.938,857,469,None,Move,development
1568705425.054,858,468,None,Move,development
1568705425.074,858,467,None,Move,development
1568705425.09,859,467,None,Move,development
1568705425.11,860,467,None,Move,development
1568705425.1220002,861,466,None,Move,development
1568705425.135,862,465,None,Move,development
1568705425.147,863,465,None,Move,development
1568705425.16,864,465,None,Move,development
1568705425.173,864,463,None,Move,development
1568705425.184,865,463,None,Move,development
1568705425.197,865,463,None,Move,development
1568705425.209,867,463,None,Move,development
1568705425.219,872,462,None,Move,development
1568705425.2329998,874,461,None,Move,development
1568705425.244,875,461,None,Move,development
1568705425.2529998,876,461,None,Move,development
1568705425.264,881,460,None,Move,development
1568705425.274,883,460,None,Move,development
1568705425.286,885,460,None,Move,development
1568705425.299,887,460,None,Move,development
1568705425.31,888,460,None,Move,development
1568705425.321,890,460,None,Move,development
1568705425.704,890,460,None,Move,development
1568705425.744,890,460,None,Move,development
1568705425.76,890,461,None,Move,development
1568705425.776,890,462,None,Move,development
1568705425.794,890,462,None,Move,development
1568705425.8760002,889,463,None,Move,development
1568705425.893,889,464,None,Move,development
1568705425.91,889,464,None,Move,development
1568705425.982,888,465,None,Move,development
1568705426.006,888,465,None,Move,development
1568705426.029,887,466,None,Move,development
1568705426.041,887,467,None,Move,development
1568705426.25,887,467,None,Move,development
1568705426.272,887,467,None,Move,development
1568705428.266,887,466,None,Move,development
1568705429.094,887,466,Left,Pressed,development
1568705429.2129998,887,466,Left,Released,development
1568705429.87,887,466,Left,Pressed,development
1568705430.022,887,466,Left,Released,development
1568705433.37,887,466,Left,Pressed,development
1568705433.518,887,466,Left,Released,development
1568705434.188,887,466,Left,Pressed,development
1568705434.334,887,466,Left,Released,development
1568705434.996,887,466,None,Move,development
1568705435.01,887,466,None,Move,development
1568705435.459,887,466,Left,Pressed,development
1568705435.585,887,466,Left,Released,development
1568705435.974,887,466,Left,Pressed,development
1568705436.094,887,466,Left,Released,development
1568705436.236,887,466,Left,Pressed,development
1568705436.3520002,887,466,Left,Released,development
1568705436.462,887,466,Left,Pressed,development
1568705436.6139998,887,466,Left,Released,development
1568705437.052,886,466,None,Move,development
1568705437.074,878,466,None,Move,development
1568705437.094,869,466,None,Move,development
1568705437.107,866,466,None,Move,development
1568705437.117,862,466,None,Move,development
1568705437.1320002,857,466,None,Move,development
1568705437.1479998,849,468,None,Move,development
1568705437.169,842,470,None,Move,development
1568705437.179,838,470,None,Move,development
1568705437.189,835,470,None,Move,development
1568705437.198,833,470,None,Move,development
1568705437.207,826,472,None,Move,development
1568705437.218,821,473,None,Move,development
1568705437.236,811,475,None,Move,development
1568705437.252,806,476,None,Move,development
1568705437.27,778,476,None,Move,development
1568705437.2870002,755,477,None,Move,development
1568705437.304,731,479,None,Move,development
1568705437.323,713,481,None,Move,development
1568705437.34,678,483,None,Move,development
1568705437.357,669,484,None,Move,development
1568705437.375,660,485,None,Move,development
1568705437.3920002,632,485,None,Move,development
1568705437.409,618,486,None,Move,development
1568705437.425,604,489,None,Move,development
1568705437.436,599,489,None,Move,development
1568705437.447,594,490,None,Move,development
1568705437.458,593,492,None,Move,development
1568705437.468,592,492,None,Move,development
1568705437.48,591,492,None,Move,development
1568705437.4910002,590,493,None,Move,development
1568705437.5010002,589,493,None,Move,development
1568705437.5110002,587,495,None,Move,development
1568705437.521,586,495,None,Move,development
1568705437.532,585,495,None,Move,development
1568705437.541,585,496,None,Move,development
1568705437.554,581,498,None,Move,development
1568705437.57,576,502,None,Move,development
1568705437.587,572,505,None,Move,development
1568705437.601,568,507,None,Move,development
1568705437.6179998,563,511,None,Move,development
1568705437.633,560,513,None,Move,development
1568705437.645,558,514,None,Move,development
1568705437.654,558,515,None,Move,development
1568705437.667,558,516,None,Move,development
1568705437.684,558,517,None,Move,development
1568705437.694,558,518,None,Move,development
1568705437.705,558,519,None,Move,development
1568705437.716,558,519,None,Move,development
1568705437.728,558,520,None,Move,development
1568705437.744,559,521,None,Move,development
1568705437.754,560,523,None,Move,development
1568705437.78,560,523,None,Move,development
1568705437.804,561,524,None,Move,development
1568705437.896,562,524,None,Move,development
1568705437.9120002,562,524,None,Move,development
1568705437.94,563,525,None,Move,development
1568705437.956,564,526,None,Move,development
1568705437.9729998,566,526,None,Move,development
1568705437.9889998,568,527,None,Move,development
1568705438.006,571,528,None,Move,development
1568705438.025,575,529,None,Move,development
1568705438.044,577,529,None,Move,development
1568705438.064,581,530,None,Move,development
1568705438.082,585,531,None,Move,development
1568705438.1020002,591,532,None,Move,development
1568705438.123,598,532,None,Move,development
1568705438.14,603,535,None,Move,development
1568705438.158,610,536,None,Move,development
1568705438.175,613,537,None,Move,development
1568705438.191,618,538,None,Move,development
1568705438.21,621,539,None,Move,development
1568705438.229,626,541,None,Move,development
1568705438.2470002,630,542,None,Move,development
1568705438.266,635,542,None,Move,development
1568705438.2770002,640,543,None,Move,development
1568705438.289,642,544,None,Move,development
1568705438.3,646,545,None,Move,development
1568705438.312,653,545,None,Move,development
1568705438.323,659,546,None,Move,development
1568705438.335,665,548,None,Move,development
1568705438.346,668,549,None,Move,development
1568705438.359,675,551,None,Move,development
1568705438.371,678,552,None,Move,development
1568705438.383,682,554,None,Move,development
1568705438.394,689,558,None,Move,development
1568705438.406,693,560,None,Move,development
1568705438.418,696,561,None,Move,development
1568705438.429,697,563,None,Move,development
1568705438.441,697,563,None,Move,development
1568705438.4529998,697,565,None,Move,development
1568705438.464,696,566,None,Move,development
1568705438.476,696,567,None,Move,development
1568705438.486,694,570,None,Move,development
1568705438.495,694,571,None,Move,development
1568705438.893,694,571,None,Move,development
1568705438.911,693,571,None,Move,development
1568705438.914,692,570,None,Move,development
1568705438.934,692,569,None,Move,development
1568705438.951,691,569,None,Move,development
1568705438.968,691,568,None,Move,development
1568705438.985,691,567,None,Move,development
1568705439.002,691,566,None,Move,development
1568705439.021,691,565,None,Move,development
1568705439.038,691,563,None,Move,development
1568705439.054,691,562,None,Move,development
1568705439.072,694,562,None,Move,development
1568705439.1120002,711,561,None,Move,development
1568705439.129,720,561,None,Move,development
1568705439.145,733,561,None,Move,development
1568705439.1620002,749,560,None,Move,development
1568705439.179,763,558,None,Move,development
1568705439.195,785,558,None,Move,development
1568705439.206,801,558,None,Move,development
1568705439.2229998,826,558,None,Move,development
1568705439.234,836,558,None,Move,development
1568705439.245,848,558,None,Move,development
1568705439.256,864,558,None,Move,development
1568705439.266,882,558,None,Move,development
1568705439.2770002,893,558,None,Move,development
1568705439.2870002,913,557,None,Move,development
1568705439.298,917,557,None,Move,development
1568705439.309,930,557,None,Move,development
1568705439.32,941,556,None,Move,development
1568705439.33,945,556,None,Move,development
1568705439.341,949,554,None,Move,development
1568705439.3520002,955,553,None,Move,development
1568705439.3620002,956,553,None,Move,development
1568705439.373,957,553,None,Move,development
1568705439.3879998,957,552,None,Move,development
1568705439.418,957,551,None,Move,development
1568705439.428,957,550,None,Move,development
1568705439.444,957,550,None,Move,development
1568705439.464,957,549,None,Move,development
1568705439.474,957,547,None,Move,development
1568705439.484,957,546,None,Move,development
1568705439.496,957,544,None,Move,development
1568705439.5070002,956,542,None,Move,development
1568705439.516,955,540,None,Move,development
1568705439.529,952,537,None,Move,development
1568705439.54,948,534,None,Move,development
1568705439.551,944,530,None,Move,development
1568705439.562,939,525,None,Move,development
1568705439.573,935,522,None,Move,development
1568705439.584,930,517,None,Move,development
1568705439.594,927,513,None,Move,development
1568705439.605,924,512,None,Move,development
1568705439.6160002,921,508,None,Move,development
1568705439.6260002,917,505,None,Move,development
1568705439.637,916,502,None,Move,development
1568705439.6479998,913,501,None,Move,development
1568705439.659,910,498,None,Move,development
1568705439.67,906,496,None,Move,development
1568705439.681,904,493,None,Move,development
1568705439.6920002,902,491,None,Move,development
1568705439.702,902,490,None,Move,development
1568705439.714,900,488,None,Move,development
1568705439.724,898,485,None,Move,development
1568705439.734,896,483,None,Move,development
1568705439.744,896,482,None,Move,development
1568705439.755,895,480,None,Move,development
1568705439.7629998,892,474,None,Move,development
1568705439.772,892,473,None,Move,development
1568705439.782,892,472,None,Move,development
1568705439.79,890,470,None,Move,development
1568705439.803,890,466,None,Move,development
1568705439.813,888,464,None,Move,development
1568705439.825,888,463,None,Move,development
1568705439.842,887,461,None,Move,development
1568705439.887,887,461,None,Move,development
1568705440.048,887,460,None,Move,development
1568705440.074,887,458,None,Move,development
1568705440.093,886,458,None,Move,development
1568705440.164,886,457,None,Move,development
1568705440.196,886,456,None,Move,development
1568705440.256,886,456,None,Move,development
1568705440.3760002,886,455,None,Move,development
1568705441.0370002,886,455,None,Move,development
1568705441.294,886,454,None,Move,development
1568705442.424,886,453,None,Move,development
1568705442.44,891,452,None,Move,development
1568705442.457,894,451,None,Move,development
1568705442.474,897,451,None,Move,development
1568705442.494,897,451,None,Move,development
1568705442.5070002,898,450,None,Move,development
1568705442.545,899,450,None,Move,development
1568705442.585,899,449,None,Move,development
1568705442.6,900,448,None,Move,development
1568705442.6139998,900,448,None,Move,development
1568705442.95,900,448,None,Move,development
1568705442.967,898,448,None,Move,development
1568705442.9829998,895,448,None,Move,development
1568705443.004,891,450,None,Move,development
1568705443.016,889,452,None,Move,development
1568705443.029,887,454,None,Move,development
1568705443.04,886,455,None,Move,development
1568705443.05,885,455,None,Move,development
1568705443.07,883,453,None,Move,development
1568705443.081,881,450,None,Move,development
1568705443.092,875,440,None,Move,development
1568705443.1079998,865,436,None,Move,development
1568705443.1179998,859,434,None,Move,development
1568705443.13,852,433,None,Move,development
1568705443.141,847,432,None,Move,development
1568705443.154,845,432,None,Move,development
1568705443.165,831,427,None,Move,development
1568705443.175,825,424,None,Move,development
1568705443.186,821,420,None,Move,development
1568705443.202,819,416,None,Move,development
1568705443.219,819,410,None,Move,development
1568705443.236,812,400,None,Move,development
1568705443.2529998,807,397,None,Move,development
1568705443.2729998,802,397,None,Move,development
1568705443.296,781,397,None,Move,development
1568705443.311,771,397,None,Move,development
1568705443.323,762,397,None,Move,development
1568705443.335,749,398,None,Move,development
1568705443.3479998,744,400,None,Move,development
1568705443.359,738,400,None,Move,development
1568705443.3720002,734,401,None,Move,development
1568705443.383,733,401,None,Move,development
1568705443.395,731,401,None,Move,development
1568705443.406,731,401,None,Move,development
1568705443.42,729,401,None,Move,development
1568705443.431,727,401,None,Move,development
1568705443.4420002,723,402,None,Move,development
1568705443.454,721,403,None,Move,development
1568705443.4629998,720,403,None,Move,development
1568705443.474,720,403,None,Move,development
1568705443.484,719,403,None,Move,development
1568705443.4929998,719,404,None,Move,development
1568705443.514,719,406,None,Move,development
1568705443.524,719,406,None,Move,development
1568705443.534,719,407,None,Move,development
1568705443.542,720,409,None,Move,development
1568705443.552,728,414,None,Move,development
1568705443.563,737,418,None,Move,development
1568705443.573,747,423,None,Move,development
1568705443.582,755,425,None,Move,development
1568705443.592,770,430,None,Move,development
1568705443.6020002,788,436,None,Move,development
1568705443.611,799,441,None,Move,development
1568705443.621,807,442,None,Move,development
1568705443.631,820,446,None,Move,development
1568705443.64,830,452,None,Move,development
1568705443.65,834,453,None,Move,development
1568705443.661,836,455,None,Move,development
1568705443.671,838,457,None,Move,development
1568705443.68,838,458,None,Move,development
1568705443.69,838,460,None,Move,development
1568705443.699,838,460,None,Move,development
1568705443.708,838,461,None,Move,development
1568705443.718,838,463,None,Move,development
1568705443.7270002,838,465,None,Move,development
1568705443.74,835,467,None,Move,development
1568705443.7489998,834,469,None,Move,development
1568705443.7589998,833,470,None,Move,development
1568705443.7670002,833,471,None,Move,development
1568705443.7770002,833,473,None,Move,development
1568705443.786,833,475,None,Move,development
1568705443.796,833,475,None,Move,development
1568705443.804,834,476,None,Move,development
1568705443.812,835,478,None,Move,development
1568705443.821,836,478,None,Move,development
1568705443.832,840,481,None,Move,development
1568705443.841,846,483,None,Move,development
1568705443.8520002,851,484,None,Move,development
1568705443.8620002,855,484,None,Move,development
1568705443.871,862,486,None,Move,development
1568705443.883,873,486,None,Move,development
1568705443.899,885,486,None,Move,development
1568705443.913,890,486,None,Move,development
1568705443.93,893,486,None,Move,development
1568705443.945,895,486,None,Move,development
1568705443.961,895,486,None,Move,development
1568705443.9770002,895,483,None,Move,development
1568705443.992,890,480,None,Move,development
1568705444.008,881,476,None,Move,development
1568705444.0229998,868,471,None,Move,development
1568705444.043,861,469,None,Move,development
1568705444.064,843,464,None,Move,development
1568705444.084,837,463,None,Move,development
1568705444.105,835,462,None,Move,development
1568705444.123,833,462,None,Move,development
1568705444.141,828,459,None,Move,development
1568705444.158,825,458,None,Move,development
1568705444.178,818,453,None,Move,development
1568705444.194,812,448,None,Move,development
1568705444.211,806,442,None,Move,development
1568705444.228,795,428,None,Move,development
1568705444.2429998,785,413,None,Move,development
1568705444.26,749,366,None,Move,development
1568705444.2770002,735,346,None,Move,development
1568705444.293,718,315,None,Move,development
1568705444.31,692,268,None,Move,development
1568705444.326,675,236,None,Move,development
1568705444.343,665,215,None,Move,development
1568705444.359,659,204,None,Move,development
1568705444.375,658,201,None,Move,development
1568705444.393,657,194,None,Move,development
1568705444.409,656,193,None,Move,development
1568705444.4770002,655,194,None,Move,development
1568705444.4929998,655,202,None,Move,development
1568705444.51,653,219,None,Move,development
1568705444.528,651,236,None,Move,development
1568705444.543,650,294,None,Move,development
1568705444.564,654,327,None,Move,development
1568705444.575,673,370,None,Move,development
1568705444.59,701,429,None,Move,development
1568705444.601,717,458,None,Move,development
1568705444.611,731,479,None,Move,development
1568705444.6220002,738,487,None,Move,development
1568705444.6339998,742,495,None,Move,development
1568705444.644,743,497,None,Move,development
1568705444.655,743,502,None,Move,development
1568705444.666,743,505,None,Move,development
1568705444.679,742,509,None,Move,development
1568705444.689,735,515,None,Move,development
1568705444.7,731,518,None,Move,development
1568705444.71,725,522,None,Move,development
1568705444.721,717,526,None,Move,development
1568705444.731,709,528,None,Move,development
1568705444.742,704,529,None,Move,development
1568705444.7529998,699,529,None,Move,development
1568705444.764,690,532,None,Move,development
1568705444.774,681,532,None,Move,development
1568705444.785,674,532,None,Move,development
1568705444.796,667,532,None,Move,development
1568705444.8070002,666,532,None,Move,development
1568705444.82,659,534,None,Move,development
1568705444.831,657,534,None,Move,development
1568705444.842,654,534,None,Move,development
1568705444.853,651,534,None,Move,development
1568705444.8639998,648,534,None,Move,development
1568705444.8739998,645,534,None,Move,development
1568705444.885,639,534,None,Move,development
1568705444.896,629,534,None,Move,development
1568705444.907,612,534,None,Move,development
1568705444.918,604,534,None,Move,development
1568705444.928,601,534,None,Move,development
1568705444.939,583,534,None,Move,development
1568705444.95,560,534,None,Move,development
1568705444.961,549,534,None,Move,development
1568705444.9729998,539,534,None,Move,development
1568705444.9829998,536,534,None,Move,development
1568705444.995,535,534,None,Move,development
1568705445.052,535,534,None,Move,development
1568705445.072,535,534,None,Move,development
1568705445.089,536,533,None,Move,development
1568705445.1079998,539,532,None,Move,development
1568705445.125,540,530,None,Move,development
1568705445.1420002,542,530,None,Move,development
1568705445.159,548,529,None,Move,development
1568705445.176,551,529,None,Move,development
1568705445.194,554,529,None,Move,development
1568705445.21,556,529,None,Move,development
1568705445.224,560,529,None,Move,development
1568705445.2389998,563,529,None,Move,development
1568705445.256,564,529,None,Move,development
1568705445.2729998,568,532,None,Move,development
1568705445.29,570,533,None,Move,development
1568705445.3070002,573,533,None,Move,development
1568705445.3279998,574,535,None,Move,development
1568705445.345,574,535,None,Move,development
1568705445.355,574,536,None,Move,development
1568705445.3660002,574,536,None,Move,development
1568705445.377,574,538,None,Move,development
1568705445.39,574,539,None,Move,development
1568705445.401,574,539,None,Move,development
1568705445.42,574,540,None,Move,development
1568705445.43,574,541,None,Move,development
1568705445.445,574,541,None,Move,development
1568705445.462,573,541,None,Move,development
1568705445.4910002,571,542,None,Move,development
1568705445.5029998,568,544,None,Move,development
1568705445.514,567,545,None,Move,development
1568705445.525,567,545,None,Move,development
1568705445.6279998,566,545,None,Move,development
1568705445.644,565,544,None,Move,development
1568705445.89,565,544,Left,Pressed,development
1568705445.98,565,544,Left,Released,development
1568705446.082,565,544,None,Move,development
1568705446.1,565,544,None,Move,development
1568705446.115,568,545,None,Move,development
1568705446.133,575,546,None,Move,development
1568705446.1520002,579,548,None,Move,development
1568705446.1820002,600,556,None,Move,development
1568705446.194,602,556,None,Move,development
1568705446.205,605,558,None,Move,development
1568705446.218,610,559,None,Move,development
1568705446.235,614,560,None,Move,development
1568705446.258,617,560,None,Move,development
1568705446.2770002,618,560,None,Move,development
1568705446.324,619,560,None,Move,development
1568705446.341,621,561,None,Move,development
1568705446.359,638,566,None,Move,development
1568705446.3760002,656,569,None,Move,development
1568705446.3920002,669,571,None,Move,development
1568705446.408,686,575,None,Move,development
1568705446.426,721,585,None,Move,development
1568705446.4429998,743,589,None,Move,development
1568705446.46,767,593,None,Move,development
1568705446.4770002,785,596,None,Move,development
1568705446.494,825,597,None,Move,development
1568705446.5110002,837,597,None,Move,development
1568705446.5270002,846,598,None,Move,development
1568705446.544,856,599,None,Move,development
1568705446.555,860,600,None,Move,development
1568705446.566,866,602,None,Move,development
1568705446.577,871,602,None,Move,development
1568705446.5879998,873,602,None,Move,development
1568705446.599,873,602,None,Move,development
1568705446.613,877,602,None,Move,development
1568705446.629,877,602,None,Move,development
1568705446.656,878,602,None,Move,development
1568705446.6720002,879,602,None,Move,development
1568705446.69,879,601,None,Move,development
1568705446.707,879,598,None,Move,development
1568705446.724,878,595,None,Move,development
1568705446.74,877,591,None,Move,development
1568705446.756,875,587,None,Move,development
1568705446.774,874,584,None,Move,development
1568705446.792,872,581,None,Move,development
1568705446.81,872,580,None,Move,development
1568705446.8279998,871,578,None,Move,development
1568705446.844,871,577,None,Move,development
1568705446.856,871,577,None,Move,development
1568705446.8679998,871,576,None,Move,development
1568705446.879,871,573,None,Move,development
1568705446.891,871,573,None,Move,development
1568705446.9020002,871,572,None,Move,development
1568705446.914,871,571,None,Move,development
1568705446.937,871,570,None,Move,development
1568705446.947,871,569,None,Move,development
1568705446.964,871,567,None,Move,development
1568705446.9729998,871,567,None,Move,development
1568705446.9829998,871,566,None,Move,development
1568705446.994,871,565,None,Move,development
1568705447.004,871,563,None,Move,development
1568705447.02,871,561,None,Move,development
1568705447.035,872,561,None,Move,development
1568705447.052,872,560,None,Move,development
1568705447.073,872,559,None,Move,development
1568705447.09,872,557,None,Move,development
1568705447.107,872,557,None,Move,development
1568705447.125,872,556,None,Move,development
1568705447.143,872,553,None,Move,development
1568705447.16,872,551,None,Move,development
1568705447.177,872,551,None,Move,development
1568705447.216,872,550,None,Move,development
1568705447.276,872,549,None,Move,development
1568705447.322,872,548,None,Move,development
1568705447.342,871,548,None,Move,development
1568705447.359,871,547,None,Move,development
1568705447.444,871,546,None,Move,development
1568705447.461,869,545,None,Move,development
1568705447.484,868,544,None,Move,development
1568705447.609,868,543,None,Move,development
1568705447.6279998,867,541,None,Move,development
1568705447.65,866,541,None,Move,development
1568705447.706,866,541,Left,Pressed,development
1568705447.821,866,541,Left,Released,development
1568705448.462,866,540,None,Move,development
1568705448.478,864,541,None,Move,development
1568705448.4929998,857,549,None,Move,development
1568705448.51,849,557,None,Move,development
1568705448.528,834,574,None,Move,development
1568705448.544,833,578,None,Move,development
1568705448.561,830,583,None,Move,development
1568705448.5779998,830,591,None,Move,development
1568705448.595,830,596,None,Move,development
1568705448.619,830,601,None,Move,development
1568705448.6339998,831,602,None,Move,development
1568705448.684,831,602,None,Move,development
1568705448.698,831,603,None,Move,development
1568705448.711,831,604,None,Move,development
1568705448.726,831,604,None,Move,development
1568705448.74,831,607,None,Move,development
1568705448.754,831,608,None,Move,development
1568705448.765,831,609,None,Move,development
1568705448.776,831,610,None,Move,development
1568705448.786,831,613,None,Move,development
1568705448.801,830,614,None,Move,development
1568705448.8170002,827,616,None,Move,development
1568705448.832,824,620,None,Move,development
1568705448.8479998,820,624,None,Move,development
1568705448.8639998,815,628,None,Move,development
1568705448.89,804,634,None,Move,development
1568705448.906,801,637,None,Move,development
1568705448.9220002,796,640,None,Move,development
1568705448.938,792,642,None,Move,development
1568705448.956,784,647,None,Move,development
1568705448.972,776,651,None,Move,development
1568705448.988,771,655,None,Move,development
1568705449.008,765,658,None,Move,development
1568705449.025,759,659,None,Move,development
1568705449.043,754,661,None,Move,development
1568705449.06,752,661,None,Move,development
1568705449.076,751,661,None,Move,development
1568705449.093,749,662,None,Move,development
1568705449.113,749,663,None,Move,development
1568705449.129,748,664,None,Move,development
1568705449.144,744,665,None,Move,development
1568705449.16,739,667,None,Move,development
1568705449.176,735,668,None,Move,development
1568705449.1920002,731,671,None,Move,development
1568705449.208,731,672,None,Move,development
1568705449.222,730,673,None,Move,development
1568705449.248,729,673,None,Move,development
1568705449.268,729,674,None,Move,development
1568705449.281,727,677,None,Move,development
1568705449.291,727,677,None,Move,development
1568705449.301,725,679,None,Move,development
1568705449.311,723,681,None,Move,development
1568705449.321,722,683,None,Move,development
1568705449.33,721,686,None,Move,development
1568705449.343,721,687,None,Move,development
1568705449.359,721,687,None,Move,development
1568705449.375,720,689,None,Move,development
1568705449.39,719,691,None,Move,development
1568705449.416,718,692,None,Move,development
1568705449.476,718,691,None,Move,development
1568705450.2770002,718,691,Left,Pressed,development
1568705450.3879998,718,691,Left,Released,development
1568705450.514,718,691,None,Move,development
1568705450.529,719,691,None,Move,development
1568705450.543,724,689,None,Move,development
1568705450.559,727,689,None,Move,development
1568705450.575,737,688,None,Move,development
1568705450.592,754,687,None,Move,development
1568705450.609,778,686,None,Move,development
1568705450.627,795,682,None,Move,development
1568705450.6420002,811,682,None,Move,development
1568705450.657,820,681,None,Move,development
1568705450.673,826,679,None,Move,development
1568705450.688,830,679,None,Move,development
1568705450.705,834,679,None,Move,development
1568705450.721,835,677,None,Move,development
1568705450.7610002,835,676,None,Move,development
1568705450.7770002,835,675,None,Move,development
1568705450.792,834,674,None,Move,development
1568705450.809,831,670,None,Move,development
1568705450.825,829,668,None,Move,development
1568705450.841,823,659,None,Move,development
1568705450.856,816,647,None,Move,development
1568705450.871,811,636,None,Move,development
1568705450.887,807,626,None,Move,development
1568705450.903,806,617,None,Move,development
1568705450.918,803,602,None,Move,development
1568705450.934,803,592,None,Move,development
1568705450.949,806,584,None,Move,development
1568705450.966,809,576,None,Move,development
1568705450.981,811,571,None,Move,development
1568705450.996,815,567,None,Move,development
1568705451.012,822,563,None,Move,development
1568705451.0270002,826,563,None,Move,development
1568705451.049,851,557,None,Move,development
1568705451.063,858,555,None,Move,development
1568705451.084,873,553,None,Move,development
1568705451.105,874,553,None,Move,development
1568705451.117,874,551,None,Move,development
1568705451.1279998,877,551,None,Move,development
1568705451.18,877,550,None,Move,development
1568705451.196,877,550,None,Move,development
1568705451.212,878,548,None,Move,development
1568705451.2270002,879,548,None,Move,development
1568705451.242,880,547,None,Move,development
1568705451.258,880,546,None,Move,development
1568705451.275,882,545,None,Move,development
1568705451.292,883,545,None,Move,development
1568705451.296,884,544,None,Move,development
1568705451.314,885,544,None,Move,development
1568705451.329,887,543,None,Move,development
1568705451.345,887,543,None,Move,development
1568705451.3620002,888,542,None,Move,development
1568705451.3879998,888,542,None,Move,development
1568705451.4120002,888,541,None,Move,development
1568705451.448,888,539,None,Move,development
1568705451.478,888,539,None,Move,development
1568705451.494,887,539,None,Move,development
1568705451.5089998,885,538,None,Move,development
1568705451.525,884,538,None,Move,development
1568705451.548,883,538,None,Move,development
1568705451.706,883,538,Left,Pressed,development
1568705451.81,883,538,Left,Released,development
1568705451.9320002,883,538,None,Move,development
1568705451.948,882,538,None,Move,development
1568705451.964,878,540,None,Move,development
1568705451.979,871,544,None,Move,development
1568705451.994,869,545,None,Move,development
1568705452.01,867,548,None,Move,development
1568705452.026,865,548,None,Move,development
1568705452.044,864,549,None,Move,development
1568705452.084,864,549,None,Move,development
1568705452.093,864,551,None,Move,development
1568705452.109,863,553,None,Move,development
1568705452.1239998,863,555,None,Move,development
1568705452.14,862,557,None,Move,development
1568705452.156,861,561,None,Move,development
1568705452.171,859,566,None,Move,development
1568705452.187,857,570,None,Move,development
1568705452.205,855,574,None,Move,development
1568705452.22,847,576,None,Move,development
1568705452.236,843,579,None,Move,development
1568705452.2510002,830,583,None,Move,development
1568705452.269,815,588,None,Move,development
1568705452.2870002,805,591,None,Move,development
1568705452.305,794,594,None,Move,development
1568705452.322,776,597,None,Move,development
1568705452.3379998,766,597,None,Move,development
1568705452.354,757,598,None,Move,development
1568705452.373,748,599,None,Move,development
1568705452.393,741,599,None,Move,development
1568705452.411,736,599,None,Move,development
1568705452.4320002,733,599,None,Move,development
1568705452.449,732,599,None,Move,development
1568705452.482,731,600,None,Move,development
1568705452.5,730,602,None,Move,development
1568705452.5170002,729,603,None,Move,development
1568705452.535,726,605,None,Move,development
1568705452.552,721,609,None,Move,development
1568705452.569,718,611,None,Move,development
1568705452.586,713,615,None,Move,development
1568705452.603,708,619,None,Move,development
1568705452.621,706,623,None,Move,development
1568705452.637,705,625,None,Move,development
1568705452.654,702,630,None,Move,development
1568705452.675,702,633,None,Move,development
1568705452.694,701,635,None,Move,development
1568705452.715,701,636,None,Move,development
1568705452.734,701,637,None,Move,development
1568705452.752,701,638,None,Move,development
1568705452.771,700,641,None,Move,development
1568705452.795,700,642,None,Move,development
1568705452.88,700,643,None,Move,development
1568705453.016,700,644,None,Move,development
1568705453.036,700,645,None,Move,development
1568705453.198,700,645,Left,Pressed,development
1568705453.32,700,645,Left,Released,development
1568705453.446,700,645,None,Move,development
1568705453.466,700,645,None,Move,development
1568705453.484,703,645,None,Move,development
1568705453.5010002,710,645,None,Move,development
1568705453.519,719,645,None,Move,development
1568705453.54,733,643,None,Move,development
1568705453.559,756,641,None,Move,development
1568705453.572,773,640,None,Move,development
1568705453.585,798,636,None,Move,development
1568705453.599,809,634,None,Move,development
1568705453.6160002,835,630,None,Move,development
1568705453.6320002,846,627,None,Move,development
1568705453.645,860,623,None,Move,development
1568705453.659,865,622,None,Move,development
1568705453.673,870,619,None,Move,development
1568705453.687,875,617,None,Move,development
1568705453.704,876,616,None,Move,development
1568705453.721,879,613,None,Move,development
1568705453.742,879,612,None,Move,development
1568705453.7570002,879,612,None,Move,development
1568705453.7670002,879,611,None,Move,development
1568705453.778,879,610,None,Move,development
1568705453.7870002,879,609,None,Move,development
1568705453.801,879,608,None,Move,development
1568705453.81,879,607,None,Move,development
1568705453.834,872,606,None,Move,development
1568705453.843,868,605,None,Move,development
1568705453.8520002,866,605,None,Move,development
1568705453.859,860,603,None,Move,development
1568705453.8679998,855,603,None,Move,development
1568705453.8779998,852,602,None,Move,development
1568705453.887,847,602,None,Move,development
1568705453.9,845,601,None,Move,development
1568705453.911,843,601,None,Move,development
1568705453.923,842,601,None,Move,development
1568705454.02,842,601,None,Move,development
1568705454.12,841,601,None,Move,development
1568705454.137,838,601,None,Move,development
1568705454.155,833,603,None,Move,development
1568705454.1720002,830,604,None,Move,development
1568705454.19,828,605,None,Move,development
1568705454.218,826,607,None,Move,development
1568705454.2410002,824,608,None,Move,development
1568705454.2570002,823,608,None,Move,development
1568705454.48,823,609,None,Move,development
1568705454.5089998,823,610,None,Move,development
1568705454.5270002,823,610,None,Move,development
1568705454.543,823,611,None,Move,development
1568705454.56,823,613,None,Move,development
1568705454.577,822,615,None,Move,development
1568705454.594,822,615,None,Move,development
1568705454.792,822,616,None,Move,development
1568705454.968,822,616,None,Move,development
1568705454.985,822,618,None,Move,development
1568705455.1239998,821,618,None,Move,development
1568705455.141,821,618,None,Move,development
1568705455.159,820,617,None,Move,development
1568705455.18,820,617,None,Move,development
1568705455.197,819,616,None,Move,development
1568705456.461,819,616,Left,Pressed,development
1568705456.562,819,616,Left,Released,development
1568705456.728,819,616,None,Move,development
1568705456.746,823,616,None,Move,development
1568705456.764,840,616,None,Move,development
1568705456.782,852,616,None,Move,development
1568705456.804,874,616,None,Move,development
1568705456.831,883,616,None,Move,development
1568705456.8479998,884,616,None,Move,development
1568705456.97,884,615,None,Move,development
1568705457.016,884,614,None,Move,development
1568705457.1160002,883,613,None,Move,development
1568705457.158,882,613,None,Move,development
1568705457.254,882,613,None,Move,development
1568705457.278,881,613,None,Move,development
1568705457.296,881,613,None,Move,development
1568705457.3479998,880,613,None,Move,development
1568705457.365,879,613,None,Move,development
1568705457.383,878,613,None,Move,development
1568705457.536,878,612,None,Move,development
1568705457.56,876,611,None,Move,development
1568705457.592,875,611,None,Move,development
1568705457.6120002,875,611,None,Move,development
1568705457.6320002,874,611,None,Move,development
1568705457.6479998,873,611,None,Move,development
1568705457.673,872,611,None,Move,development
1568705457.696,871,611,None,Move,development
1568705457.716,870,611,None,Move,development
1568705457.7270002,869,611,None,Move,development
1568705457.738,867,611,None,Move,development
1568705457.748,863,613,None,Move,development
1568705457.762,862,613,None,Move,development
1568705457.772,861,613,None,Move,development
1568705457.781,859,614,None,Move,development
1568705457.79,859,614,None,Move,development
1568705457.8,857,615,None,Move,development
1568705457.81,856,615,None,Move,development
1568705457.82,851,615,None,Move,development
1568705457.829,845,616,None,Move,development
1568705457.8379998,840,617,None,Move,development
1568705457.847,835,617,None,Move,development
1568705457.857,830,618,None,Move,development
1568705457.867,824,621,None,Move,development
1568705457.8779998,821,621,None,Move,development
1568705457.887,819,621,None,Move,development
1568705457.896,817,621,None,Move,development
1568705457.906,816,621,None,Move,development
1568705457.915,815,621,None,Move,development
1568705457.926,813,621,None,Move,development
1568705457.937,811,623,None,Move,development
1568705457.948,811,623,None,Move,development
1568705457.958,807,623,None,Move,development
1568705457.967,802,623,None,Move,development
1568705457.9770002,796,623,None,Move,development
1568705457.988,794,623,None,Move,development
1568705457.998,784,623,None,Move,development
1568705458.0089998,768,623,None,Move,development
1568705458.018,763,623,None,Move,development
1568705458.0270002,760,623,None,Move,development
1568705458.034,751,623,None,Move,development
1568705458.043,747,623,None,Move,development
1568705458.051,736,623,None,Move,development
1568705458.06,724,623,None,Move,development
1568705458.07,714,623,None,Move,development
1568705458.08,711,623,None,Move,development
1568705458.087,709,623,None,Move,development
1568705458.097,707,623,None,Move,development
1568705458.105,705,623,None,Move,development
1568705458.1160002,704,623,None,Move,development
1568705458.1720002,703,623,None,Move,development
1568705458.189,702,623,None,Move,development
1568705458.206,700,623,None,Move,development
1568705458.226,700,623,None,Move,development
1568705458.2429998,699,623,None,Move,development
1568705458.26,698,621,None,Move,development
1568705458.3079998,697,620,None,Move,development
1568705458.3279998,696,620,None,Move,development
1568705458.347,694,619,None,Move,development
1568705458.365,693,618,None,Move,development
1568705458.394,690,617,None,Move,development
1568705458.413,683,616,None,Move,development
1568705458.4320002,679,614,None,Move,development
1568705458.455,662,611,None,Move,development
1568705458.4729998,655,608,None,Move,development
1568705458.4910002,637,607,None,Move,development
1568705458.515,631,606,None,Move,development
1568705458.533,631,605,None,Move,development
1568705458.994,630,605,None,Move,development
1568705459.0370002,630,605,None,Move,development
1568705459.083,630,606,None,Move,development
1568705459.149,630,607,None,Move,development
1568705461.656,630,607,Left,Pressed,development
1568705461.802,630,607,Left,Released,development
1568705461.948,630,607,None,Move,development
1568705461.97,630,607,None,Move,development
1568705461.9870002,630,607,None,Move,development
1568705462.004,633,607,None,Move,development
1568705462.019,641,607,None,Move,development
1568705462.035,646,606,None,Move,development
1568705462.053,652,606,None,Move,development
1568705462.069,668,605,None,Move,development
1568705462.085,674,603,None,Move,development
1568705462.101,685,602,None,Move,development
1568705462.1179998,690,600,None,Move,development
1568705462.135,695,599,None,Move,development
1568705462.1520002,700,597,None,Move,development
1568705462.17,701,597,None,Move,development
1568705462.187,703,596,None,Move,development
1568705462.202,705,591,None,Move,development
1568705462.2129998,707,591,None,Move,development
1568705462.224,709,585,None,Move,development
1568705462.236,711,580,None,Move,development
1568705462.246,712,577,None,Move,development
1568705462.2570002,713,572,None,Move,development
1568705462.268,713,571,None,Move,development
1568705462.278,713,566,None,Move,development
1568705462.289,713,562,None,Move,development
1568705462.3,713,555,None,Move,development
1568705462.311,713,552,None,Move,development
1568705462.326,713,533,None,Move,development
1568705462.337,711,529,None,Move,development
1568705462.35,706,506,None,Move,development
1568705462.369,701,480,None,Move,development
1568705462.38,697,457,None,Move,development
1568705462.3920002,689,422,None,Move,development
1568705462.403,682,398,None,Move,development
1568705462.427,663,350,None,Move,development
1568705462.44,652,328,None,Move,development
1568705462.455,646,318,None,Move,development
1568705462.474,641,312,None,Move,development
1568705462.492,640,310,None,Move,development
1568705462.676,639,310,None,Move,development
1568705462.694,639,310,None,Move,development
1568705462.712,638,310,None,Move,development
1568705462.756,637,310,None,Move,development
1568705462.776,637,310,None,Move,development
1568705462.832,636,310,None,Move,development
1568705463.144,635,311,None,Move,development
1568705463.155,635,311,None,Move,development
1568705463.167,632,312,None,Move,development
1568705463.178,632,313,None,Move,development
1568705463.191,631,313,None,Move,development
1568705463.207,629,313,None,Move,development
1568705463.225,628,313,None,Move,development
1568705463.242,626,313,None,Move,development
1568705463.26,626,313,None,Move,development
1568705463.2870002,625,313,None,Move,development
1568705463.303,624,313,None,Move,development
1568705463.32,622,313,None,Move,development
1568705463.3379998,622,312,None,Move,development
1568705463.355,620,311,None,Move,development
1568705463.5010002,620,311,Right,Pressed,development
1568705463.6479998,620,311,Right,Released,development
1568705463.799,621,311,None,Move,development
1568705463.8170002,623,313,None,Move,development
1568705463.834,627,316,None,Move,development
1568705463.853,630,319,None,Move,development
1568705463.869,633,321,None,Move,development
1568705463.8860002,638,326,None,Move,development
1568705463.896,638,327,None,Move,development
1568705463.907,640,329,None,Move,development
1568705463.918,641,331,None,Move,development
1568705463.929,642,333,None,Move,development
1568705463.9420002,645,339,None,Move,development
1568705463.961,648,343,None,Move,development
1568705463.9729998,650,348,None,Move,development
1568705463.982,652,352,None,Move,development
1568705463.992,652,354,None,Move,development
1568705464.0010002,652,354,None,Move,development
1568705464.018,655,359,None,Move,development
1568705464.034,655,366,None,Move,development
1568705464.046,655,368,None,Move,development
1568705464.062,658,379,None,Move,development
1568705464.073,660,384,None,Move,development
1568705464.085,660,385,None,Move,development
1568705464.096,663,394,None,Move,development
1568705464.106,667,403,None,Move,development
1568705464.1179998,669,409,None,Move,development
1568705464.129,671,418,None,Move,development
1568705464.144,672,429,None,Move,development
1568705464.158,673,436,None,Move,development
1568705464.17,674,442,None,Move,development
1568705464.1829998,674,447,None,Move,development
1568705464.195,677,464,None,Move,development
1568705464.204,679,468,None,Move,development
1568705464.214,684,480,None,Move,development
1568705464.225,691,490,None,Move,development
1568705464.238,697,496,None,Move,development
1568705464.2470002,698,498,None,Move,development
1568705464.2589998,705,503,None,Move,development
1568705464.2729998,709,505,None,Move,development
1568705464.285,711,506,None,Move,development
1568705464.32,712,507,None,Move,development
1568705464.33,712,508,None,Move,development
1568705464.344,712,509,None,Move,development
1568705464.361,712,511,None,Move,development
1568705464.379,713,513,None,Move,development
1568705464.396,713,514,None,Move,development
1568705464.413,713,515,None,Move,development
1568705464.431,712,517,None,Move,development
1568705464.449,710,519,None,Move,development
1568705464.466,705,523,None,Move,development
1568705464.484,703,524,None,Move,development
1568705464.498,703,528,None,Move,development
1568705464.5089998,702,532,None,Move,development
1568705464.525,702,538,None,Move,development
1568705464.542,702,545,None,Move,development
1568705464.559,702,555,None,Move,development
1568705464.579,700,563,None,Move,development
1568705464.5979998,699,572,None,Move,development
1568705464.6179998,699,576,None,Move,development
1568705464.6360002,699,579,None,Move,development
1568705464.6479998,700,582,None,Move,development
1568705464.6620002,703,582,None,Move,development
1568705464.674,707,582,None,Move,development
1568705464.688,708,582,None,Move,development
1568705465.075,708,583,None,Move,development
1568705465.094,704,583,None,Move,development
1568705465.1160002,701,583,None,Move,development
1568705465.146,700,583,None,Move,development
1568705465.534,700,583,Left,Pressed,development
1568705465.666,700,583,Left,Released,development
1568705465.712,699,583,None,Move,development
1568705465.7270002,699,583,None,Move,development
1568705465.748,702,583,None,Move,development
1568705465.766,704,583,None,Move,development
1568705465.7870002,706,584,None,Move,development
1568705465.806,710,585,None,Move,development
1568705465.827,715,586,None,Move,development
1568705465.847,724,586,None,Move,development
1568705465.869,736,586,None,Move,development
1568705465.887,741,586,None,Move,development
1568705465.907,746,586,None,Move,development
1568705465.927,748,586,None,Move,development
1568705465.946,749,585,None,Move,development
1568705465.988,749,584,None,Move,development
1568705466.015,750,584,None,Move,development
1568705466.032,750,583,None,Move,development
1568705466.049,751,583,None,Move,development
1568705466.066,752,581,None,Move,development
1568705466.084,752,580,None,Move,development
1568705466.101,752,579,None,Move,development
1568705466.119,752,578,None,Move,development
1568705466.137,752,577,None,Move,development
1568705466.155,753,575,None,Move,development
1568705466.196,753,574,None,Move,development
1568705466.232,753,574,None,Move,development
1568705466.252,753,573,None,Move,development
1568705466.3520002,753,572,None,Move,development
1568705466.64,753,570,None,Move,development
1568705466.659,753,561,None,Move,development
1568705466.684,752,534,None,Move,development
1568705466.7029998,750,508,None,Move,development
1568705466.721,747,463,None,Move,development
1568705466.7389998,743,429,None,Move,development
1568705466.756,736,338,None,Move,development
1568705466.776,733,299,None,Move,development
1568705466.796,726,197,None,Move,development
1568705466.821,723,157,None,Move,development
1568705466.834,723,125,None,Move,development
1568705466.845,723,102,None,Move,development
1568705466.857,723,99,None,Move,development
1568705466.869,723,94,None,Move,development
1568705466.885,723,92,None,Move,development
1568705467.018,723,92,None,Move,development
1568705467.035,723,93,None,Move,development
1568705467.051,725,105,None,Move,development
1568705467.072,728,117,None,Move,development
1568705467.089,729,127,None,Move,development
1568705467.106,729,134,None,Move,development
1568705467.1239998,727,142,None,Move,development
1568705467.143,725,148,None,Move,development
1568705467.1620002,719,157,None,Move,development
1568705467.181,719,159,None,Move,development
1568705467.198,715,164,None,Move,development
1568705467.218,710,167,None,Move,development
1568705467.2370002,705,169,None,Move,development
1568705467.255,695,172,None,Move,development
1568705467.272,690,174,None,Move,development
1568705467.291,687,175,None,Move,development
1568705467.3079998,685,176,None,Move,development
1568705467.325,684,176,None,Move,development
1568705467.3920002,683,176,None,Move,development
1568705467.407,682,176,None,Move,development
1568705467.423,679,174,None,Move,development
1568705467.434,676,173,None,Move,development
1568705467.445,675,172,None,Move,development
1568705467.455,674,172,None,Move,development
1568705467.7589998,673,172,None,Move,development
1568705467.793,673,172,None,Move,development
1568705467.809,673,172,None,Move,development
1568705467.819,673,174,None,Move,development
1568705467.865,673,175,None,Move,development
1568705468.238,673,175,None,Move,development
1568705468.255,673,176,None,Move,development
1568705468.272,675,178,None,Move,development
1568705468.2870002,675,178,None,Move,development
1568705468.426,675,178,Left,Pressed,development
1568705468.542,675,178,Left,Released,development
1568705468.752,675,180,None,Move,development
1568705468.768,676,180,None,Move,development
1568705468.784,678,181,None,Move,development
1568705468.813,679,182,None,Move,development
1568705468.829,681,186,None,Move,development
1568705468.846,683,187,None,Move,development
1568705468.861,684,187,None,Move,development
1568705468.877,685,189,None,Move,development
1568705468.894,687,192,None,Move,development
1568705468.91,691,194,None,Move,development
1568705468.927,693,196,None,Move,development
1568705468.9429998,695,201,None,Move,development
1568705468.96,695,206,None,Move,development
1568705468.976,695,214,None,Move,development
1568705468.992,691,225,None,Move,development
1568705469.0089998,690,234,None,Move,development
1568705469.025,689,245,None,Move,development
1568705469.042,686,272,None,Move,development
1568705469.0579998,690,302,None,Move,development
1568705469.084,698,330,None,Move,development
1568705469.101,698,348,None,Move,development
1568705469.12,698,367,None,Move,development
1568705469.14,698,392,None,Move,development
1568705469.157,698,409,None,Move,development
1568705469.175,703,417,None,Move,development
1568705469.1929998,712,434,None,Move,development
1568705469.21,717,439,None,Move,development
1568705469.229,724,443,None,Move,development
1568705469.245,729,447,None,Move,development
1568705469.2610002,735,452,None,Move,development
1568705469.278,738,452,None,Move,development
1568705469.294,743,457,None,Move,development
1568705469.311,746,459,None,Move,development
1568705469.327,749,460,None,Move,development
1568705469.343,751,461,None,Move,development
1568705469.36,751,461,None,Move,development
1568705469.706,752,461,None,Move,development
1568705469.771,752,461,None,Move,development
1568705469.851,752,461,None,Move,development
1568705469.867,752,461,None,Move,development
1568705469.883,749,470,None,Move,development
1568705469.893,746,478,None,Move,development
1568705469.905,744,485,None,Move,development
1568705469.915,743,488,None,Move,development
1568705469.925,736,502,None,Move,development
1568705469.937,734,509,None,Move,development
1568705469.947,731,514,None,Move,development
1568705469.957,729,517,None,Move,development
1568705469.967,724,525,None,Move,development
1568705469.9770002,722,529,None,Move,development
1568705469.9929998,721,531,None,Move,development
1568705470.0089998,720,532,None,Move,development
1568705470.13,719,533,None,Move,development
1568705470.145,719,533,None,Move,development
1568705470.1620002,717,537,None,Move,development
1568705470.184,717,539,None,Move,development
1568705470.197,720,542,None,Move,development
1568705470.21,727,544,None,Move,development
1568705470.22,732,545,None,Move,development
1568705470.23,735,548,None,Move,development
1568705470.24,741,551,None,Move,development
1568705470.25,741,552,None,Move,development
1568705470.26,744,553,None,Move,development
1568705470.27,745,555,None,Move,development
1568705470.28,745,556,None,Move,development
1568705470.29,747,559,None,Move,development
1568705470.301,748,561,None,Move,development
1568705470.312,748,562,None,Move,development
1568705470.322,748,563,None,Move,development
1568705470.331,748,564,None,Move,development
1568705470.345,748,566,None,Move,development
1568705470.361,748,567,None,Move,development
1568705470.377,748,569,None,Move,development
1568705470.3920002,748,570,None,Move,development
1568705470.411,748,571,None,Move,development
1568705470.514,748,572,None,Move,development
1568705470.53,748,574,None,Move,development
1568705470.546,748,575,None,Move,development
1568705470.562,749,577,None,Move,development
1568705470.577,751,581,None,Move,development
1568705470.593,751,583,None,Move,development
1568705470.609,751,587,None,Move,development
1568705470.625,751,589,None,Move,development
1568705470.64,751,591,None,Move,development
1568705470.656,749,594,None,Move,development
1568705470.673,748,596,None,Move,development
1568705470.688,746,597,None,Move,development
1568705470.7029998,745,598,None,Move,development
1568705470.8,744,598,None,Move,development
1568705470.8170002,744,598,None,Move,development
1568705470.833,744,596,None,Move,development
1568705470.849,744,592,None,Move,development
1568705470.8660002,744,587,None,Move,development
1568705470.881,746,583,None,Move,development
1568705470.897,751,574,None,Move,development
1568705470.9120002,761,560,None,Move,development
1568705470.928,768,547,None,Move,development
1568705470.945,778,530,None,Move,development
1568705470.962,784,520,None,Move,development
1568705470.978,790,505,None,Move,development
1568705470.994,798,481,None,Move,development
1568705471.01,806,455,None,Move,development
1568705471.026,808,435,None,Move,development
1568705471.042,808,422,None,Move,development
1568705471.0579998,808,410,None,Move,development
1568705471.0779998,808,401,None,Move,development
1568705471.095,808,401,None,Move,development
1568705471.654,808,400,None,Move,development
1568705471.688,808,400,None,Move,development
1568705471.7029998,812,400,None,Move,development
1568705471.718,828,408,None,Move,development
1568705471.734,847,416,None,Move,development
1568705471.75,866,423,None,Move,development
1568705471.766,881,426,None,Move,development
1568705471.785,891,429,None,Move,development
1568705471.813,900,429,None,Move,development
1568705471.827,906,429,None,Move,development
1568705471.837,909,429,None,Move,development
1568705471.8479998,911,429,None,Move,development
1568705471.86,913,427,None,Move,development
1568705471.87,913,426,None,Move,development
1568705471.8920002,914,425,None,Move,development
1568705471.906,914,425,None,Move,development
1568705471.9220002,915,424,None,Move,development
1568705471.982,916,424,None,Move,development
1568705472.002,915,423,None,Move,development
1568705472.018,914,422,None,Move,development
1568705472.033,909,421,None,Move,development
1568705472.049,906,420,None,Move,development
1568705472.065,899,418,None,Move,development
1568705472.08,896,417,None,Move,development
1568705472.096,891,416,None,Move,development
1568705472.1120002,888,414,None,Move,development
1568705472.127,887,414,None,Move,development
1568705472.143,886,414,None,Move,development
1568705472.165,884,414,None,Move,development
1568705472.194,883,414,None,Move,development
1568705472.32,882,414,None,Move,development
1568705472.336,882,415,None,Move,development
1568705472.355,882,415,None,Move,development
1568705472.3760002,882,416,None,Move,development
1568705472.391,882,416,None,Move,development
1568705472.42,882,417,None,Move,development
1568705472.532,882,419,None,Move,development
1568705472.552,882,420,None,Move,development
1568705472.5670002,882,421,None,Move,development
1568705472.601,883,424,None,Move,development
1568705472.6279998,883,425,None,Move,development
1568705472.651,883,425,None,Move,development
1568705472.669,884,427,None,Move,development
1568705472.684,885,428,None,Move,development
1568705472.7,885,428,None,Move,development
1568705472.717,885,429,None,Move,development
1568705472.754,885,430,None,Move,development
1568705472.765,885,431,None,Move,development
1568705472.854,885,431,None,Move,development
1568705472.87,886,431,None,Move,development
1568705472.885,886,431,None,Move,development
1568705473.032,887,430,None,Move,development
1568705473.3839998,887,430,None,Drag,development
1568705473.399,887,431,None,Drag,development
1568705473.415,887,432,None,Drag,development
1568705473.43,887,432,None,Drag,development
1568705473.445,887,433,None,Drag,development
1568705473.464,887,434,None,Drag,development
1568705473.478,887,434,None,Drag,development
1568705473.498,887,435,None,Drag,development
1568705473.54,887,436,None,Drag,development
1568705473.561,887,438,None,Drag,development
1568705473.579,887,439,None,Drag,development
1568705473.597,887,442,None,Drag,development
1568705473.613,887,443,None,Drag,development
1568705473.6360002,887,444,None,Drag,development
1568705473.6520002,887,444,None,Drag,development
1568705473.6620002,887,445,None,Drag,development
1568705473.673,886,446,None,Drag,development
1568705473.686,886,447,None,Drag,development
1568705473.706,886,448,None,Drag,development
1568705473.788,886,448,None,Drag,development
1568705473.811,886,449,None,Drag,development
1568705473.827,886,450,None,Drag,development
1568705473.8679998,886,450,None,Drag,development
1568705473.928,886,451,None,Drag,development
1568705474.024,886,452,None,Drag,development
1568705474.086,886,453,None,Drag,development
1568705474.106,886,453,None,Drag,development
1568705474.14,886,454,None,Drag,development
1568705474.159,886,454,None,Drag,development
1568705474.202,886,455,None,Drag,development
1568705474.222,886,455,None,Drag,development
1568705474.2429998,886,457,None,Drag,development
1568705474.262,886,459,None,Drag,development
1568705474.282,886,463,None,Drag,development
1568705474.301,886,464,None,Drag,development
1568705474.3179998,886,465,None,Drag,development
1568705474.418,886,466,None,Drag,development
1568705474.444,886,466,None,Drag,development
1568705474.468,886,467,None,Drag,development
1568705474.564,886,469,None,Drag,development
1568705474.582,886,469,None,Drag,development
1568705474.6079998,886,470,None,Drag,development
1568705474.6239998,886,471,None,Drag,development
1568705474.6420002,886,472,None,Drag,development
1568705474.659,886,473,None,Drag,development
1568705474.688,886,474,None,Drag,development
1568705474.9120002,886,474,None,Drag,development
1568705474.929,886,474,None,Drag,development
1568705474.946,886,472,None,Drag,development
1568705474.9629998,886,472,None,Drag,development
1568705474.979,886,471,None,Drag,development
1568705474.996,886,471,None,Drag,development
1568705475.016,886,470,None,Drag,development
1568705475.033,886,470,None,Drag,development
1568705475.049,887,468,None,Drag,development
1568705475.13,887,468,None,Drag,development
1568705475.15,887,467,None,Drag,development
1568705475.167,887,467,None,Drag,development
1568705475.184,888,465,None,Drag,development
1568705475.2,888,464,None,Drag,development
1568705475.218,888,463,None,Drag,development
1568705475.235,888,462,None,Drag,development
1568705475.2610002,889,460,None,Drag,development
1568705475.272,890,459,None,Drag,development
1568705475.286,891,458,None,Drag,development
1568705475.3,891,457,None,Drag,development
1568705475.32,891,456,None,Drag,development
1568705475.342,891,456,None,Drag,development
1568705475.3579998,892,455,None,Drag,development
1568705475.3860002,892,455,None,Drag,development
1568705475.4020002,892,454,None,Drag,development
1568705475.774,892,454,None,Drag,development
1568705475.79,892,451,None,Drag,development
1568705475.8070002,892,451,None,Drag,development
1568705475.824,892,449,None,Drag,development
1568705475.839,892,448,None,Drag,development
1568705475.856,892,444,None,Drag,development
1568705475.8720002,893,439,None,Drag,development
1568705475.8979998,893,436,None,Drag,development
1568705475.917,893,433,None,Drag,development
1568705475.9320002,893,432,None,Drag,development
1568705475.949,894,430,None,Drag,development
1568705475.967,894,427,None,Drag,development
1568705475.986,894,427,None,Drag,development
1568705476.0029998,894,425,None,Drag,development
1568705476.021,894,423,None,Drag,development
1568705476.04,894,422,None,Drag,development
1568705476.056,894,421,None,Drag,development
1568705476.074,894,421,None,Drag,development
1568705476.095,894,420,None,Drag,development
1568705476.111,894,420,None,Drag,development
1568705476.129,894,417,None,Drag,development
1568705476.184,894,416,None,Drag,development
1568705476.2,894,416,None,Drag,development
1568705476.224,895,415,None,Drag,development
1568705476.24,895,414,None,Drag,development
1568705476.256,896,412,None,Drag,development
1568705476.272,896,412,None,Drag,development
1568705476.289,896,411,None,Drag,development
1568705476.31,896,411,None,Drag,development
1568705476.955,896,410,None,Move,development
1568705477.075,895,410,None,Move,development
1568705477.086,894,410,None,Move,development
1568705477.095,892,414,None,Move,development
1568705481.66,892,411,None,Move,development
1568705481.668,897,402,None,Move,development
1568705481.679,898,392,None,Move,development
1568705481.688,900,372,None,Move,development
1568705481.7,900,368,None,Move,development
1568705481.708,900,340,None,Move,development
1568705481.717,900,331,None,Move,development
1568705481.732,910,323,None,Move,development
1568705481.742,924,319,None,Move,development
1568705481.7489998,928,319,None,Move,development
1568705481.7570002,934,319,None,Move,development
1568705481.771,947,320,None,Move,development
1568705481.786,947,323,None,Move,development
1568705481.7970002,944,332,None,Move,development
1568705481.8079998,940,345,None,Move,development
1568705481.8170002,940,349,None,Move,development
1568705481.826,933,369,None,Move,development
1568705481.835,930,374,None,Move,development
1568705481.843,916,390,None,Move,development
1568705481.851,834,448,None,Move,development
1568705481.859,815,462,None,Move,development
1568705481.8679998,752,514,None,Move,development
1568705482.296,746,518,None,Move,development
1568705482.311,743,518,None,Move,development
1568705482.326,729,498,None,Move,development
1568705482.342,662,484,None,Move,development
1568705482.357,578,460,None,Move,development
1568705482.3720002,479,420,None,Move,development
1568705482.389,449,403,None,Move,development
1568705482.407,423,383,None,Move,development
1568705482.424,404,375,None,Move,development
1568705482.437,400,374,None,Move,development
1568705482.452,400,374,None,Move,development
1568705482.462,400,374,None,Move,development
1568705482.4729998,406,379,None,Move,development
1568705482.4829998,409,384,None,Move,development
1568705482.4989998,417,394,None,Move,development
1568705482.514,426,400,None,Move,development
1568705482.529,438,407,None,Move,development
1568705482.543,445,410,None,Move,development
1568705482.5579998,463,415,None,Move,development
1568705482.573,476,416,None,Move,development
1568705482.5879998,489,416,None,Move,development
1568705482.603,491,416,None,Move,development
1568705482.619,500,413,None,Move,development
1568705482.633,514,406,None,Move,development
1568705482.6479998,520,409,None,Move,development
1568705482.664,522,414,None,Move,development
1568705482.679,525,416,None,Move,development
1568705482.6929998,531,419,None,Move,development
1568705482.707,537,425,None,Move,development
1568705482.721,540,428,None,Move,development
1568705482.7410002,542,432,None,Move,development
1568705482.755,545,437,None,Move,development
1568705482.769,556,443,None,Move,development
1568705482.785,580,446,None,Move,development
1568705482.801,601,448,None,Move,development
1568705482.8170002,650,455,None,Move,development
1568705482.832,687,459,None,Move,development
1568705482.8479998,694,461,None,Move,development
1568705482.867,702,464,None,Move,development
1568705482.8820002,704,466,None,Move,development
1568705482.896,708,470,None,Move,development
1568705482.913,712,474,None,Move,development
1568705482.928,718,480,None,Move,development
1568705482.9429998,723,483,None,Move,development
1568705482.957,728,487,None,Move,development
1568705482.972,738,497,None,Move,development
1568705482.9870002,743,502,None,Move,development
1568705483.0010002,755,511,None,Move,development
1568705483.019,767,520,None,Move,development
1568705483.033,781,533,None,Move,development
1568705483.048,783,534,None,Move,development
1568705483.062,789,540,None,Move,development
1568705483.077,789,547,None,Move,development
1568705483.093,790,558,None,Move,development
1568705483.11,791,563,None,Move,development
1568705483.1260002,792,569,None,Move,development
1568705483.145,792,571,None,Move,development
1568705483.168,787,586,None,Move,development
1568705483.188,779,597,None,Move,development
1568705483.208,768,606,None,Move,development
1568705483.22,763,609,None,Move,development
1568705483.2329998,747,620,None,Move,development
1568705483.2470002,736,626,None,Move,development
1568705483.26,709,637,None,Move,development
1568705483.271,702,639,None,Move,development
1568705483.282,662,649,None,Move,development
1568705483.295,637,654,None,Move,development
1568705483.299,568,665,None,Move,development
1568705483.309,554,666,None,Move,development
1568705483.3179998,494,674,None,Move,development
1568705483.327,480,677,None,Move,development
1568705483.337,415,687,None,Move,development
1568705483.346,394,690,None,Move,development
1568705483.356,361,690,None,Move,development
1568705483.365,356,690,None,Move,development
1568705483.375,344,691,None,Move,development
1568705483.3839998,340,694,None,Move,development
1568705483.393,340,694,None,Move,development
1568705483.401,338,696,None,Move,development
1568705483.698,338,696,None,Move,development
1568705483.718,338,695,None,Move,development
1568705483.732,338,694,None,Move,development
1568705485.049,338,694,None,Move,development
1568705486.859,338,694,None,Move,development
1568705486.8720002,338,694,None,Move,development
1568705486.881,342,694,None,Move,development
1568705486.891,343,694,None,Move,development
1568705486.8979998,344,694,None,Move,development
1568705486.911,346,694,None,Move,development
1568705486.962,346,694,None,Move,development
1568705486.978,348,694,None,Move,development
1568705486.994,351,694,None,Move,development
1568705487.01,355,694,None,Move,development
1568705487.025,359,694,None,Move,development
1568705487.041,369,690,None,Move,development
1568705487.0570002,369,689,None,Move,development
1568705487.072,374,686,None,Move,development
1568705487.089,376,685,None,Move,development
1568705487.105,377,685,None,Move,development
1568705487.121,380,684,None,Move,development
1568705487.137,382,683,None,Move,development
1568705487.153,387,679,None,Move,development
1568705487.168,391,678,None,Move,development
1568705487.184,394,673,None,Move,development
1568705487.2,397,670,None,Move,development
1568705487.216,401,666,None,Move,development
1568705487.231,409,660,None,Move,development
1568705487.2470002,411,657,None,Move,development
1568705487.262,416,650,None,Move,development
1568705487.278,422,640,None,Move,development
1568705487.294,425,632,None,Move,development
1568705487.31,429,624,None,Move,development
1568705487.325,437,612,None,Move,development
1568705487.341,439,609,None,Move,development
1568705487.3579998,445,599,None,Move,development
1568705487.3739998,451,593,None,Move,development
1568705487.389,452,589,None,Move,development
1568705487.405,453,587,None,Move,development
1568705487.42,453,585,None,Move,development
1568705488.9829998,453,585,None,Move,development
