client_timestamp,x,y,button,state,window
1569850024.3839998,8,98,None,Move,development
1569850024.475,56,118,None,Move,development
1569850024.485,71,124,None,Move,development
1569850024.495,112,143,None,Move,development
1569850024.526,221,209,None,Move,development
1569850024.576,395,314,None,Move,development
1569850024.596,485,351,None,Move,development
1569850024.606,562,375,None,Move,development
1569850024.6160002,591,381,None,Move,development
1569850024.6260002,621,390,None,Move,development
1569850024.6360002,634,393,None,Move,development
1569850024.644,660,402,None,Move,development
1569850024.646,674,404,None,Move,development
1569850024.656,687,407,None,Move,development
1569850024.665,698,410,None,Move,development
1569850024.675,706,412,None,Move,development
1569850024.69,729,415,None,Move,development
1569850024.706,750,418,None,Move,development
1569850024.721,765,421,None,Move,development
1569850024.7370002,780,427,None,Move,development
1569850024.7529998,792,432,None,Move,development
1569850024.768,802,436,None,Move,development
1569850024.775,806,438,None,Move,development
1569850024.79,816,442,None,Move,development
1569850024.806,830,449,None,Move,development
1569850024.822,847,456,None,Move,development
1569850024.837,864,464,None,Move,development
1569850024.853,876,471,None,Move,development
1569850024.8679998,884,477,None,Move,development
1569850024.875,891,481,None,Move,development
1569850024.891,901,488,None,Move,development
1569850024.9220002,924,497,None,Move,development
1569850025.022,1021,524,None,Move,development
1569850025.0879998,1163,534,None,Move,development
1569850025.1279998,1182,536,None,Move,development
1569850025.1379998,1183,536,None,Move,development
1569850025.178,1183,537,None,Move,development
1569850025.218,1185,539,None,Move,development
1569850025.2470002,1190,551,None,Move,development
1569850025.269,1196,568,None,Move,development
1569850025.289,1199,573,None,Move,development
1569850025.309,1205,582,None,Move,development
1569850025.359,1212,591,None,Move,development
1569850025.4,1213,592,None,Move,development
1569850025.541,1213,593,None,Move,development
1569850025.551,1211,596,None,Move,development
1569850025.591,1177,612,None,Move,development
1569850025.6320002,1133,623,None,Move,development
1569850025.67,1124,625,None,Move,development
1569850025.72,1124,626,None,Move,development
1569850025.792,1124,625,None,Move,development
1569850025.823,1127,616,None,Move,development
1569850025.924,1130,610,None,Move,development
1569850025.944,1130,609,None,Move,development
1569850025.954,1130,607,None,Move,development
1569850025.974,1130,605,None,Move,development
1569850026.012,1130,603,None,Move,development
1569850026.236,1131,596,None,Move,development
1569850026.286,1130,604,None,Move,development
1569850026.306,1130,603,None,Move,development
1569850026.325,1130,603,None,Move,development
1569850026.347,1130,603,None,Move,development
1569850026.377,1134,602,None,Move,development
1569850026.387,1139,602,None,Move,development
1569850026.457,1149,596,None,Move,development
1569850026.488,1146,596,None,Move,development
1569850026.528,1147,596,None,Move,development
1569850026.5779998,1152,596,None,Move,development
1569850026.6079998,1152,595,None,Move,development
1569850026.639,1152,590,None,Move,development
1569850026.649,1151,580,None,Move,development
1569850026.709,1151,572,None,Move,development
1569850026.729,1152,568,None,Move,development
1569850026.77,1165,542,None,Move,development
1569850026.78,1169,538,None,Move,development
1569850026.788,1172,534,None,Move,development
1569850026.8,1175,531,None,Move,development
1569850026.8079998,1175,531,None,Move,development
1569850026.83,1175,531,None,Move,development
1569850026.8979998,1175,531,None,Move,development
1569850026.929,1175,531,None,Move,development
1569850026.941,1173,530,None,Move,development
1569850026.971,1171,528,None,Move,development
1569850027.051,1178,536,None,Move,development
1569850027.1020002,1180,538,None,Move,development
1569850027.1520002,1181,539,None,Move,development
1569850027.1920002,1179,539,None,Move,development
1569850027.303,1179,539,None,Move,development
1569850027.343,1185,539,None,Move,development
1569850027.394,1186,546,None,Move,development
1569850027.414,1185,552,None,Move,development
1569850027.474,1197,553,None,Move,development
1569850027.736,1198,553,None,Move,development
1569850027.756,1202,553,None,Move,development
1569850027.794,1215,545,None,Move,development
1569850027.835,1225,534,None,Move,development
1569850027.867,1225,534,None,Move,development
1569850027.885,1225,534,None,Move,development
1569850027.928,1223,534,None,Move,development
1569850027.978,1223,534,None,Move,development
1569850028.026,1223,535,None,Move,development
1569850028.0579998,1235,558,None,Move,development
1569850028.38,1249,598,None,Move,development
1569850028.451,1253,598,None,Move,development
1569850028.532,1248,614,None,Move,development
1569850028.6020002,1244,626,None,Move,development
1569850028.643,1244,627,None,Move,development
1569850028.673,1244,627,None,Move,development
1569850028.9020002,1244,627,None,Move,development
1569850028.965,1244,627,None,Move,development
1569850028.995,1240,626,None,Move,development
1569850029.015,1238,625,None,Move,development
1569850029.054,1233,622,None,Move,development
1569850029.064,1233,621,None,Move,development
1569850029.084,1230,621,None,Move,development
1569850029.106,1226,621,None,Move,development
1569850029.146,1203,630,None,Move,development
1569850029.176,1191,632,None,Move,development
1569850029.184,1188,633,None,Move,development
1569850029.2370002,1180,633,None,Move,development
1569850029.2470002,1169,634,None,Move,development
1569850029.2770002,1152,636,None,Move,development
1569850029.2970002,1132,638,None,Move,development
1569850029.3070002,1129,638,None,Move,development
1569850029.355,1122,638,None,Move,development
1569850029.428,1103,637,None,Move,development
1569850029.508,1088,632,None,Move,development
1569850029.629,1085,626,None,Move,development
1569850029.649,1084,626,None,Move,development
1569850029.821,1084,626,None,Move,development
1569850029.861,1085,625,None,Move,development
1569850029.931,1095,619,None,Move,development
1569850029.951,1102,615,None,Move,development
1569850029.982,1116,612,None,Move,development
1569850030.052,1186,619,None,Move,development
1569850030.09,1175,639,None,Move,development
1569850030.092,1164,647,None,Move,development
1569850030.796,1161,647,None,Move,development
1569850030.827,1151,647,None,Move,development
1569850030.837,1149,646,None,Move,development
1569850030.918,1143,625,None,Move,development
1569850030.928,1142,620,None,Move,development
1569850030.968,1137,608,None,Move,development
1569850030.978,1134,604,None,Move,development
1569850031.099,1134,595,None,Move,development
1569850031.109,1142,584,None,Move,development
1569850031.119,1144,580,None,Move,development
1569850031.129,1148,576,None,Move,development
1569850031.157,1153,569,None,Move,development
1569850031.159,1155,568,None,Move,development
1569850031.169,1155,567,None,Move,development
1569850031.199,1156,567,None,Move,development
1569850031.207,1156,566,None,Move,development
1569850031.24,1162,566,None,Move,development
1569850031.25,1164,566,None,Move,development
1569850031.298,1179,570,None,Move,development
1569850031.3279998,1186,571,None,Move,development
1569850031.33,1187,572,None,Move,development
1569850031.351,1189,572,None,Move,development
1569850031.379,1190,572,None,Move,development
1569850031.441,1191,572,None,Move,development
1569850031.56,1191,572,None,Move,development
1569850031.603,1185,574,None,Move,development
1569850031.613,1180,576,None,Move,development
1569850031.623,1178,576,None,Move,development
1569850031.653,1169,577,None,Move,development
1569850031.673,1164,577,None,Move,development
1569850031.6929998,1160,578,None,Move,development
1569850031.7329998,1150,579,None,Move,development
1569850031.774,1141,579,None,Move,development
1569850031.794,1136,579,None,Move,development
1569850031.804,1133,579,None,Move,development
1569850031.834,1127,579,None,Move,development
1569850031.8839998,1123,580,None,Move,development
1569850031.9429998,1115,582,None,Move,development
1569850032.025,1113,584,None,Move,development
1569850032.086,1112,587,None,Move,development
1569850032.1360002,1112,590,None,Move,development
1569850032.146,1112,591,None,Move,development
1569850032.157,1112,592,None,Move,development
1569850032.187,1114,597,None,Move,development
1569850032.207,1115,599,None,Move,development
1569850032.217,1115,600,None,Move,development
1569850032.2370002,1117,603,None,Move,development
1569850032.2670002,1119,606,None,Move,development
1569850032.285,1119,608,None,Move,development
1569850032.3379998,1123,619,None,Move,development
1569850032.3579998,1123,623,None,Move,development
1569850032.3779998,1124,625,None,Move,development
1569850032.408,1124,630,None,Move,development
1569850032.479,1123,637,None,Move,development
1569850032.5089998,1122,639,None,Move,development
1569850032.519,1121,640,None,Move,development
1569850032.539,1121,641,None,Move,development
1569850032.559,1120,643,None,Move,development
1569850032.569,1120,644,None,Move,development
1569850032.63,1117,651,None,Move,development
1569850032.65,1117,653,None,Move,development
1569850032.69,1116,655,None,Move,development
1569850032.701,1116,656,None,Move,development
1569850032.711,1116,657,None,Move,development
1569850032.771,1116,661,None,Move,development
1569850033.522,1116,661,Left,Pressed,development
1569850033.643,1116,661,Left,Released,development
1569850033.844,1116,661,None,Move,development
1569850033.929,1116,660,None,Move,development
1569850033.982,1117,658,None,Move,development
1569850034.045,1119,657,None,Move,development
1569850034.085,1119,656,None,Move,development
1569850034.125,1119,656,None,Move,development
1569850034.195,1121,656,None,Move,development
1569850034.206,1122,657,None,Move,development
1569850034.226,1123,657,None,Move,development
1569850034.306,1132,660,None,Move,development
1569850034.357,1136,660,None,Move,development
1569850034.387,1137,660,None,Move,development
1569850034.427,1140,664,None,Move,development
1569850034.506,1145,670,None,Move,development
1569850034.518,1145,673,None,Move,development
1569850034.536,1145,673,None,Move,development
1569850034.538,1145,674,None,Move,development
1569850034.548,1145,674,None,Move,development
1569850034.5679998,1146,675,None,Move,development
1569850034.586,1148,676,None,Move,development
1569850034.6120002,1150,678,None,Move,development
1569850034.6279998,1153,678,None,Move,development
1569850034.659,1156,682,None,Move,development
1569850034.728,1160,691,None,Move,development
1569850034.744,1160,693,None,Move,development
1569850034.799,1161,693,None,Move,development
1569850034.819,1161,694,None,Move,development
1569850034.859,1162,695,None,Move,development
1569850034.879,1163,696,None,Move,development
1569850034.897,1164,698,None,Move,development
1569850034.913,1164,700,None,Move,development
1569850034.944,1164,708,None,Move,development
1569850034.998,1164,711,None,Move,development
1569850035.214,1163,712,None,Move,development
1569850035.229,1163,712,None,Move,development
1569850035.276,1163,715,None,Move,development
1569850035.577,1163,715,None,Move,development
1569850035.6620002,1162,714,None,Move,development
1569850035.701,1161,713,None,Move,development
1569850035.709,1161,713,None,Move,development
1569850035.73,1161,713,None,Move,development
1569850035.742,1161,712,None,Move,development
1569850035.762,1160,712,None,Move,development
1569850035.782,1160,711,None,Move,development
1569850035.79,1159,711,None,Move,development
1569850035.812,1159,710,None,Move,development
1569850035.822,1159,710,None,Move,development
1569850035.863,1159,709,None,Move,development
1569850035.873,1159,708,None,Move,development
1569850036.024,1159,708,None,Move,development
1569850036.105,1157,708,None,Move,development
1569850036.185,1157,708,None,Move,development
1569850036.397,1156,708,None,Move,development
1569850036.457,1140,707,None,Move,development
1569850036.485,1113,707,None,Move,development
1569850036.498,1102,706,None,Move,development
1569850036.508,1073,702,None,Move,development
1569850036.5979998,915,666,None,Move,development
1569850036.6379998,848,647,None,Move,development
1569850036.659,833,646,None,Move,development
1569850036.669,829,645,None,Move,development
1569850036.7589998,798,641,None,Move,development
1569850036.83,798,641,Left,Pressed,development
1569850036.971,798,641,Left,Released,development
1569850037.032,798,641,None,Move,development
1569850037.1020002,844,649,None,Move,development
1569850037.533,838,645,None,Move,development
1569850037.676,515,538,None,Move,development
1569850037.694,354,412,None,Move,development
1569850037.696,340,387,None,Move,development
1569850037.717,316,345,None,Move,development
1569850037.755,285,298,None,Move,development
1569850037.7970002,243,238,None,Move,development
1569850037.8070002,239,233,None,Move,development
1569850037.8170002,234,227,None,Move,development
1569850037.827,228,223,None,Move,development
1569850037.857,208,212,None,Move,development
1569850037.877,198,212,None,Move,development
1569850037.8979998,174,206,None,Move,development
1569850037.938,95,117,None,Move,development
1569850037.976,61,74,None,Move,development
1569850037.998,59,72,None,Move,development
1569850038.008,58,71,None,Move,development
1569850038.029,58,71,None,Move,development
1569850038.089,58,71,None,Move,development
1569850038.16,64,86,None,Move,development
1569850038.17,65,96,None,Move,development
1569850038.19,65,104,None,Move,development
1569850038.2,65,106,None,Move,development
1569850038.21,65,107,None,Move,development
1569850038.22,65,108,None,Move,development
1569850038.228,65,108,None,Move,development
1569850038.25,62,112,None,Move,development
1569850038.258,60,113,None,Move,development
1569850038.26,58,114,None,Move,development
1569850038.27,56,115,None,Move,development
1569850038.321,49,117,None,Move,development
1569850038.351,40,117,None,Move,development
1569850038.361,38,117,None,Move,development
1569850038.419,27,117,None,Move,development
1569850038.472,26,117,None,Move,development
1569850038.492,26,117,None,Move,development
1569850038.604,26,117,Left,Pressed,development
1569850038.7370002,26,117,Left,Released,development
1569850039.268,26,117,None,Move,development
1569850039.278,27,117,None,Move,development
1569850039.288,29,115,None,Move,development
1569850039.319,36,110,None,Move,development
1569850039.329,38,109,None,Move,development
1569850039.339,39,107,None,Move,development
1569850039.359,40,106,None,Move,development
1569850039.488,42,102,None,Move,development
1569850039.601,43,100,None,Move,development
1569850039.611,43,99,None,Move,development
1569850039.641,43,96,None,Move,development
1569850039.649,42,94,None,Move,development
1569850039.7610002,41,92,None,Move,development
1569850039.802,41,92,Left,Pressed,development
1569850039.9020002,41,92,Left,Released,development
1569850039.9929998,41,92,None,Move,development
1569850040.014,35,91,None,Move,development
1569850040.094,29,91,None,Move,development
1569850040.236,21,93,None,Move,development
1569850040.294,16,94,None,Move,development
1569850040.377,16,94,Left,Pressed,development
1569850040.377,16,94,None,Drag,development
1569850040.397,16,95,None,Drag,development
1569850040.397,16,95,Left,Released,development
1569850040.5779998,16,95,None,Move,development
1569850040.6279998,16,95,None,Move,development
1569850040.669,18,97,None,Move,development
1569850040.679,18,97,None,Move,development
1569850040.699,18,97,None,Move,development
1569850041.0,18,97,None,Move,development
1569850041.032,18,97,None,Move,development
1569850041.092,18,97,None,Move,development
1569850041.173,18,97,None,Move,development
1569850041.191,18,97,Left,Pressed,development
1569850041.2129998,18,97,Left,Released,development
1569850041.445,19,97,None,Move,development
1569850041.475,22,97,None,Move,development
1569850041.526,26,96,None,Move,development
1569850041.536,26,96,None,Move,development
1569850041.554,27,96,None,Move,development
1569850041.6160002,27,96,None,Move,development
1569850041.687,33,96,None,Move,development
1569850041.8070002,33,96,Left,Pressed,development
1569850041.947,33,96,Left,Released,development
1569850042.25,33,96,None,Move,development
1569850042.4220002,33,96,None,Move,development
1569850042.5229998,56,107,None,Move,development
1569850042.601,59,108,None,Move,development
1569850042.644,60,108,None,Move,development
1569850042.654,60,109,None,Move,development
1569850042.674,60,111,None,Move,development
1569850042.684,62,113,None,Move,development
1569850042.702,63,115,None,Move,development
1569850042.704,64,117,None,Move,development
1569850042.714,65,118,None,Move,development
1569850042.724,66,118,None,Move,development
1569850042.734,66,118,None,Move,development
1569850042.744,66,119,None,Move,development
1569850042.754,67,120,None,Move,development
1569850042.764,68,120,None,Move,development
1569850042.785,69,121,None,Move,development
1569850042.795,69,121,None,Move,development
1569850042.905,71,123,None,Move,development
1569850042.994,72,124,None,Move,development
1569850043.147,72,124,None,Move,development
1569850043.218,76,134,None,Move,development
1569850043.258,76,135,None,Move,development
1569850043.468,76,135,Left,Pressed,development
1569850043.619,76,135,Left,Released,development
1569850043.988,77,136,None,Move,development
1569850044.041,89,148,None,Move,development
1569850044.072,119,167,None,Move,development
1569850044.103,139,177,None,Move,development
1569850044.119,139,177,None,Move,development
1569850044.157,140,177,None,Move,development
1569850044.1720002,140,177,None,Move,development
1569850044.204,140,177,None,Move,development
1569850044.219,140,176,None,Move,development
1569850044.2729998,138,172,None,Move,development
1569850044.288,137,169,None,Move,development
1569850044.32,135,165,None,Move,development
1569850044.342,135,163,None,Move,development
1569850044.357,135,162,None,Move,development
1569850044.504,135,161,None,Move,development
1569850044.545,135,161,Left,Pressed,development
1569850044.653,135,161,Left,Released,development
1569850046.105,135,161,Left,Pressed,development
1569850046.186,135,161,Left,Released,development
1569850046.2670002,135,161,Left,Pressed,development
1569850046.387,135,161,Left,Released,development
1569850047.546,135,161,None,Move,development
1569850047.599,164,165,None,Move,development
1569850047.646,184,165,None,Move,development
1569850047.677,193,165,None,Move,development
1569850047.701,215,165,None,Move,development
1569850047.711,225,165,None,Move,development
1569850047.742,258,165,None,Move,development
1569850047.752,271,165,None,Move,development
1569850047.76,296,166,None,Move,development
1569850047.812,474,187,None,Move,development
1569850047.822,503,191,None,Move,development
1569850047.842,566,202,None,Move,development
1569850047.9829998,650,227,None,Move,development
1569850048.074,678,248,None,Move,development
1569850048.245,709,267,None,Move,development
1569850048.326,718,276,None,Move,development
1569850048.356,732,286,None,Move,development
1569850048.3660002,752,295,None,Move,development
1569850048.404,792,318,None,Move,development
1569850048.457,796,350,None,Move,development
1569850048.7389998,795,350,None,Move,development
1569850048.9,779,334,None,Move,development
1569850048.91,791,332,None,Move,development
1569850048.93,798,332,None,Move,development
1569850048.98,831,338,None,Move,development
1569850049.0010002,836,340,None,Move,development
1569850049.0110002,842,340,None,Move,development
1569850049.051,844,341,None,Move,development
1569850049.1020002,841,337,None,Move,development
1569850049.1320002,830,328,None,Move,development
1569850049.1520002,812,318,None,Move,development
1569850049.1620002,807,316,None,Move,development
1569850049.17,799,312,None,Move,development
1569850049.1720002,795,310,None,Move,development
1569850049.1820002,789,307,None,Move,development
1569850049.1920002,786,306,None,Move,development
1569850049.202,778,302,None,Move,development
1569850049.212,771,298,None,Move,development
1569850049.22,766,296,None,Move,development
1569850049.222,761,293,None,Move,development
1569850049.2729998,741,281,None,Move,development
1569850049.283,739,278,None,Move,development
1569850049.293,735,277,None,Move,development
1569850049.311,731,273,None,Move,development
1569850049.353,717,264,None,Move,development
1569850049.371,715,263,None,Move,development
1569850049.404,709,259,None,Move,development
1569850049.414,708,257,None,Move,development
1569850049.434,706,256,None,Move,development
1569850049.444,705,256,None,Move,development
1569850049.542,705,255,None,Move,development
1569850049.605,691,245,None,Move,development
1569850049.615,688,243,None,Move,development
1569850049.696,680,236,None,Move,development
1569850049.756,674,232,None,Move,development
1569850049.776,671,231,None,Move,development
1569850049.786,670,230,None,Move,development
1569850049.796,669,230,None,Move,development
1569850049.847,662,226,None,Move,development
1569850049.857,660,226,None,Move,development
1569850049.877,659,225,None,Move,development
1569850049.897,658,225,None,Move,development
1569850049.917,656,225,None,Move,development
1569850049.927,655,225,None,Move,development
1569850049.947,655,225,None,Move,development
1569850049.9770002,654,226,None,Move,development
1569850049.9870002,651,230,None,Move,development
1569850049.9970002,641,241,None,Move,development
1569850050.016,633,247,None,Move,development
1569850050.038,621,264,None,Move,development
1569850050.056,621,274,None,Move,development
1569850050.375,620,274,None,Move,development
1569850050.4120002,613,260,None,Move,development
1569850050.428,610,247,None,Move,development
1569850050.444,601,240,None,Move,development
1569850050.4910002,588,225,None,Move,development
1569850050.4989998,585,223,None,Move,development
1569850050.5089998,573,219,None,Move,development
1569850050.5170002,566,216,None,Move,development
1569850050.539,549,206,None,Move,development
1569850050.56,538,195,None,Move,development
1569850050.5679998,529,185,None,Move,development
1569850050.62,480,110,None,Move,development
1569850050.67,470,94,None,Move,development
1569850050.7,469,91,None,Move,development
1569850050.711,469,90,None,Move,development
1569850050.7389998,469,89,None,Move,development
1569850050.801,470,83,None,Move,development
1569850050.821,469,78,None,Move,development
1569850050.841,468,73,None,Move,development
1569850050.89,456,57,None,Move,development
1569850050.9320002,454,57,None,Move,development
1569850051.0129998,454,57,None,Move,development
1569850051.0229998,454,57,None,Move,development
1569850051.043,454,60,None,Move,development
1569850051.073,454,63,None,Move,development
1569850051.1339998,451,65,None,Move,development
1569850051.184,450,66,None,Move,development
1569850051.375,450,66,Left,Pressed,development
1569850051.54,450,66,Left,Released,development
1569850051.908,449,66,None,Move,development
1569850051.926,446,66,None,Move,development
1569850051.936,445,66,None,Move,development
1569850051.968,424,67,None,Move,development
1569850051.998,382,68,None,Move,development
1569850052.038,309,70,None,Move,development
1569850052.048,299,71,None,Move,development
1569850052.079,255,75,None,Move,development
1569850052.089,249,76,None,Move,development
1569850052.099,244,77,None,Move,development
1569850052.139,227,81,None,Move,development
1569850052.149,209,87,None,Move,development
1569850052.2,159,100,None,Move,development
1569850052.23,142,106,None,Move,development
1569850052.29,130,114,None,Move,development
1569850052.3079998,129,115,None,Move,development
1569850052.31,129,115,None,Move,development
1569850052.371,125,116,None,Move,development
1569850052.462,102,121,None,Move,development
1569850052.552,62,129,None,Move,development
1569850052.663,62,130,None,Move,development
1569850052.6829998,62,133,None,Move,development
1569850052.6929998,62,134,None,Move,development
1569850052.7129998,61,136,None,Move,development
1569850052.7229998,60,137,None,Move,development
1569850052.754,56,139,None,Move,development
1569850053.176,56,139,None,Move,development
1569850053.204,61,139,None,Move,development
1569850053.225,66,138,None,Move,development
1569850053.255,72,138,None,Move,development
1569850053.265,73,138,None,Move,development
1569850053.3070002,74,138,None,Move,development
1569850053.3860002,74,138,Left,Pressed,development
1569850053.5089998,74,138,Left,Released,development
1569850053.91,74,137,None,Move,development
1569850053.952,78,131,None,Move,development
1569850053.962,79,131,None,Move,development
1569850054.042,83,126,None,Move,development
1569850054.053,83,125,None,Move,development
1569850054.083,84,124,None,Move,development
1569850054.123,85,121,None,Move,development
1569850054.153,86,119,None,Move,development
1569850054.234,86,118,None,Move,development
1569850054.244,86,118,None,Move,development
1569850054.264,87,118,None,Move,development
1569850054.324,87,118,Left,Pressed,development
1569850054.514,87,118,Left,Released,development
1569850055.31,87,116,None,Move,development
1569850055.391,51,95,None,Move,development
1569850055.421,47,95,None,Move,development
1569850055.431,44,94,None,Move,development
1569850055.461,43,94,None,Move,development
1569850055.6020002,42,94,None,Move,development
1569850055.661,32,94,None,Move,development
1569850055.853,32,94,Left,Pressed,development
1569850056.038,32,94,Left,Released,development
1569850056.455,32,94,Left,Pressed,development
1569850056.593,32,94,Left,Released,development
1569850056.771,32,95,None,Move,development
1569850056.7870002,38,97,None,Move,development
1569850056.793,42,97,None,Move,development
1569850056.809,49,98,None,Move,development
1569850056.824,55,98,None,Move,development
1569850056.84,60,98,None,Move,development
1569850056.856,63,98,None,Move,development
1569850057.0089998,63,98,Right,Pressed,development
1569850057.141,63,98,Right,Released,development
1569850057.156,63,98,None,Move,development
1569850057.1720002,63,99,None,Move,development
1569850057.194,63,99,None,Move,development
1569850057.21,64,99,None,Move,development
1569850057.225,64,100,None,Move,development
1569850057.2410002,64,100,None,Move,development
1569850057.2570002,65,100,None,Move,development
1569850057.272,65,100,None,Move,development
1569850058.049,67,100,None,Move,development
1569850058.059,69,100,None,Move,development
1569850058.069,69,99,None,Move,development
1569850058.079,71,99,None,Move,development
1569850058.089,74,98,None,Move,development
1569850058.099,76,97,None,Move,development
1569850058.107,77,97,None,Move,development
1569850058.117,81,96,None,Move,development
1569850058.133,83,95,None,Move,development
1569850058.149,83,95,None,Move,development
1569850058.164,85,95,None,Move,development
1569850058.18,86,95,None,Move,development
1569850058.196,86,94,None,Move,development
1569850058.218,87,94,None,Move,development
1569850058.2329998,88,94,None,Move,development
1569850058.396,88,94,Left,Pressed,development
1569850058.396,88,94,None,Drag,development
1569850058.4120002,89,94,None,Drag,development
1569850058.42,89,95,None,Drag,development
1569850058.43,89,95,None,Drag,development
1569850058.43,89,95,Left,Released,development
1569850058.458,89,96,None,Move,development
1569850058.481,89,96,None,Move,development
1569850058.5010002,90,96,None,Move,development
1569850058.521,90,97,None,Move,development
1569850058.796,90,97,None,Move,development
1569850058.812,93,96,None,Move,development
1569850058.827,94,96,None,Move,development
1569850058.85,101,94,None,Move,development
1569850058.865,103,94,None,Move,development
1569850058.881,104,94,None,Move,development
1569850058.897,105,94,None,Move,development
1569850058.9120002,106,94,None,Move,development
1569850058.966,106,94,None,Move,development
1569850059.012,107,94,Left,Pressed,development
1569850059.012,107,94,None,Drag,development
1569850059.028,107,94,None,Drag,development
1569850059.028,107,94,Left,Released,development
1569850059.1820002,107,94,None,Move,development
1569850059.745,108,94,None,Move,development
1569850059.752,109,94,None,Move,development
1569850059.768,118,94,None,Move,development
1569850059.783,130,92,None,Move,development
1569850059.799,146,91,None,Move,development
1569850059.814,168,91,None,Move,development
1569850059.83,186,90,None,Move,development
1569850059.846,202,90,None,Move,development
1569850059.854,209,90,None,Move,development
1569850059.8639998,215,90,None,Move,development
1569850059.8739998,217,90,None,Move,development
1569850059.8820002,220,90,None,Move,development
1569850059.8839998,222,90,None,Move,development
1569850059.894,224,90,None,Move,development
1569850059.905,226,90,None,Move,development
1569850059.9120002,229,90,None,Move,development
1569850059.915,233,90,None,Move,development
1569850059.9220002,235,90,None,Move,development
1569850059.935,241,90,None,Move,development
1569850059.945,251,90,None,Move,development
1569850059.955,265,90,None,Move,development
1569850059.965,294,91,None,Move,development
1569850059.975,306,91,None,Move,development
1569850059.9829998,317,92,None,Move,development
1569850059.9929998,332,92,None,Move,development
1569850060.0089998,365,93,None,Move,development
1569850060.025,380,93,None,Move,development
1569850060.04,391,93,None,Move,development
1569850060.056,397,93,None,Move,development
1569850060.071,400,93,None,Move,development
1569850060.087,402,92,None,Move,development
1569850060.093,402,92,None,Move,development
1569850060.109,404,92,None,Move,development
1569850060.125,406,91,None,Move,development
1569850060.14,411,90,None,Move,development
1569850060.156,416,90,None,Move,development
1569850060.1720002,423,90,None,Move,development
1569850060.194,432,90,None,Move,development
1569850060.209,438,90,None,Move,development
1569850060.225,439,90,None,Move,development
1569850060.2410002,441,90,None,Move,development
1569850060.256,442,90,None,Move,development
1569850060.272,443,90,None,Move,development
1569850060.2870002,446,90,None,Move,development
1569850060.294,449,90,None,Move,development
1569850060.31,453,90,None,Move,development
1569850060.325,456,90,None,Move,development
1569850060.341,462,90,None,Move,development
1569850060.356,469,91,None,Move,development
1569850060.3720002,476,93,None,Move,development
1569850060.3879998,479,95,None,Move,development
1569850060.394,481,96,None,Move,development
1569850060.41,482,96,None,Move,development
1569850060.425,483,97,None,Move,development
1569850060.441,484,98,None,Move,development
1569850060.457,484,99,None,Move,development
1569850060.472,485,100,None,Move,development
1569850060.494,485,103,None,Move,development
1569850060.51,485,104,None,Move,development
1569850060.526,486,105,None,Move,development
1569850060.541,486,106,None,Move,development
1569850060.5570002,486,107,None,Move,development
1569850060.573,486,108,None,Move,development
1569850060.5879998,487,109,None,Move,development
1569850060.595,488,111,None,Move,development
1569850060.61,489,113,None,Move,development
1569850060.6260002,489,114,None,Move,development
1569850060.6420002,491,114,None,Move,development
1569850060.657,491,114,None,Move,development
1569850060.673,492,114,None,Move,development
1569850060.695,493,114,None,Move,development
1569850060.711,494,114,None,Move,development
1569850060.726,500,119,None,Move,development
1569850060.742,508,126,None,Move,development
1569850060.7570002,517,133,None,Move,development
1569850060.7729998,524,139,None,Move,development
1569850060.789,527,143,None,Move,development
1569850060.795,528,144,None,Move,development
1569850060.811,529,146,None,Move,development
1569850060.826,531,146,None,Move,development
1569850060.842,531,147,None,Move,development
1569850060.8579998,533,149,None,Move,development
1569850060.873,534,151,None,Move,development
1569850060.889,534,156,None,Move,development
1569850060.895,535,159,None,Move,development
1569850060.911,535,166,None,Move,development
1569850060.927,535,171,None,Move,development
1569850060.9420002,535,174,None,Move,development
1569850060.958,536,176,None,Move,development
1569850060.974,537,177,None,Move,development
1569850060.9889998,539,178,None,Move,development
1569850060.998,541,179,None,Move,development
1569850061.008,543,180,None,Move,development
1569850061.018,546,181,None,Move,development
1569850061.026,548,181,None,Move,development
1569850061.028,551,181,None,Move,development
1569850061.038,555,181,None,Move,development
1569850061.048,561,181,None,Move,development
1569850061.0579998,569,181,None,Move,development
1569850061.066,574,181,None,Move,development
1569850061.076,578,181,None,Move,development
1569850061.0779998,585,181,None,Move,development
1569850061.0879998,588,181,None,Move,development
1569850061.0979998,590,181,None,Move,development
1569850061.106,592,181,None,Move,development
1569850061.1079998,592,181,None,Move,development
1569850061.1179998,593,182,None,Move,development
1569850061.137,593,183,None,Move,development
1569850061.1520002,594,183,None,Move,development
1569850061.168,595,184,None,Move,development
1569850061.1829998,597,185,None,Move,development
1569850061.199,600,186,None,Move,development
1569850061.215,600,187,None,Move,development
1569850061.252,600,188,None,Move,development
1569850061.268,600,189,None,Move,development
1569850061.284,600,191,None,Move,development
1569850061.299,600,196,None,Move,development
1569850061.315,600,200,None,Move,development
1569850061.337,602,202,None,Move,development
1569850061.353,603,203,None,Move,development
1569850061.3679998,604,203,None,Move,development
1569850061.3839998,606,204,None,Move,development
1569850061.399,606,205,None,Move,development
1569850061.415,606,206,None,Move,development
1569850061.431,605,207,None,Move,development
1569850061.437,605,207,None,Move,development
1569850061.4529998,604,207,None,Move,development
1569850061.468,604,208,None,Move,development
1569850061.484,604,208,None,Move,development
1569850061.515,604,209,None,Move,development
1569850061.5370002,604,210,None,Move,development
1569850061.553,603,210,None,Move,development
1569850061.569,602,210,None,Move,development
1569850061.6,601,210,None,Move,development
1569850061.6160002,601,210,None,Move,development
1569850061.631,600,210,None,Move,development
1569850061.6379998,599,210,None,Move,development
1569850061.653,599,210,None,Move,development
1569850061.669,599,210,None,Move,development
1569850061.685,598,209,None,Move,development
1569850061.7,596,207,None,Move,development
1569850061.716,595,205,None,Move,development
1569850061.731,592,204,None,Move,development
1569850061.738,589,204,None,Move,development
1569850061.754,582,204,None,Move,development
1569850061.769,580,204,None,Move,development
1569850061.885,580,204,None,Move,development
1569850061.938,580,204,None,Move,development
1569850061.954,580,205,None,Move,development
1569850061.97,580,206,None,Move,development
1569850061.985,583,207,None,Move,development
1569850062.0010002,587,208,None,Move,development
1569850062.0170002,595,210,None,Move,development
1569850062.032,598,211,None,Move,development
1569850062.039,601,214,None,Move,development
1569850062.054,605,218,None,Move,development
1569850062.07,608,224,None,Move,development
1569850062.086,608,225,None,Move,development
1569850062.117,609,225,None,Move,development
1569850062.139,609,224,None,Move,development
1569850062.155,610,221,None,Move,development
1569850062.17,612,218,None,Move,development
1569850062.186,616,215,None,Move,development
1569850062.201,617,214,None,Move,development
1569850062.217,620,214,None,Move,development
1569850062.2329998,621,214,None,Move,development
1569850062.27,621,213,None,Move,development
1569850062.286,622,213,None,Move,development
1569850062.302,624,211,None,Move,development
1569850062.333,624,210,None,Move,development
1569850062.339,624,208,None,Move,development
1569850062.355,624,208,None,Move,development
1569850062.371,624,204,None,Move,development
1569850062.3860002,624,197,None,Move,development
1569850062.4020002,622,190,None,Move,development
1569850062.418,620,182,None,Move,development
1569850062.44,613,171,None,Move,development
1569850062.455,606,160,None,Move,development
1569850062.471,597,148,None,Move,development
1569850062.4870002,593,143,None,Move,development
1569850062.502,584,135,None,Move,development
1569850062.518,573,127,None,Move,development
1569850062.533,570,125,None,Move,development
1569850062.542,564,121,None,Move,development
1569850062.552,560,118,None,Move,development
1569850062.562,550,110,None,Move,development
1569850062.572,545,107,None,Move,development
1569850062.582,535,102,None,Move,development
1569850062.592,529,98,None,Move,development
1569850062.6020002,526,95,None,Move,development
1569850062.6120002,523,94,None,Move,development
1569850062.6220002,520,91,None,Move,development
1569850062.6320002,515,87,None,Move,development
1569850062.643,513,86,None,Move,development
1569850062.651,511,85,None,Move,development
1569850062.663,510,83,None,Move,development
1569850062.673,509,83,None,Move,development
1569850062.6829998,507,82,None,Move,development
1569850062.6929998,506,80,None,Move,development
1569850062.7029998,504,80,None,Move,development
1569850062.7129998,503,79,None,Move,development
1569850062.721,502,78,None,Move,development
1569850062.7229998,501,78,None,Move,development
1569850062.7329998,501,78,None,Move,development
1569850062.7629998,500,78,None,Move,development
1569850062.793,499,78,None,Move,development
1569850062.812,499,78,None,Move,development
1569850062.822,498,78,None,Move,development
1569850062.824,498,79,None,Move,development
1569850062.834,497,80,None,Move,development
1569850062.844,496,81,None,Move,development
1569850062.854,496,82,None,Move,development
1569850062.8639998,496,84,None,Move,development
1569850062.8739998,496,85,None,Move,development
1569850062.8820002,496,87,None,Move,development
1569850062.8920002,496,87,None,Move,development
1569850062.894,496,89,None,Move,development
1569850062.904,496,90,None,Move,development
1569850062.914,496,90,None,Move,development
1569850062.924,496,91,None,Move,development
1569850062.934,496,92,None,Move,development
1569850062.9420002,496,92,None,Move,development
1569850062.952,495,93,None,Move,development
1569850063.083,495,93,None,Move,development
1569850063.093,492,95,None,Move,development
1569850063.109,491,95,None,Move,development
1569850063.1239998,487,97,None,Move,development
1569850063.14,486,98,None,Move,development
1569850063.156,485,98,None,Move,development
1569850063.209,484,98,None,Move,development
1569850063.256,484,98,None,Move,development
1569850063.272,483,99,None,Move,development
1569850063.294,483,99,None,Move,development
1569850063.356,483,99,None,Move,development
1569850063.3720002,483,100,None,Move,development
1569850063.387,483,101,None,Move,development
1569850063.394,483,102,None,Move,development
1569850063.41,483,103,None,Move,development
1569850063.488,482,103,None,Move,development
1569850063.494,481,102,None,Move,development
1569850063.51,480,101,None,Move,development
1569850063.525,478,99,None,Move,development
1569850063.541,478,99,None,Move,development
1569850063.5570002,477,98,None,Move,development
1569850063.572,476,96,None,Move,development
1569850063.5879998,476,95,None,Move,development
1569850063.594,476,94,None,Move,development
1569850063.7729998,475,94,None,Move,development
1569850063.778,475,94,None,Move,development
1569850063.842,474,94,None,Move,development
1569850064.47,474,94,None,Move,development
1569850064.48,473,94,None,Move,development
1569850064.49,472,94,None,Move,development
1569850064.5,471,94,None,Move,development
1569850064.508,471,94,None,Move,development
1569850064.51,470,94,None,Move,development
1569850064.518,470,94,None,Move,development
1569850064.53,469,94,None,Move,development
1569850064.538,469,94,None,Move,development
1569850064.55,468,94,None,Move,development
1569850064.57,468,94,None,Move,development
1569850064.5879998,467,94,None,Move,development
1569850064.714,467,96,None,Move,development
1569850064.73,468,97,None,Move,development
1569850064.746,469,98,None,Move,development
1569850064.7610002,470,100,None,Move,development
1569850064.7770002,470,102,None,Move,development
1569850064.799,470,105,None,Move,development
1569850064.815,470,109,None,Move,development
1569850064.83,469,111,None,Move,development
1569850064.846,467,114,None,Move,development
1569850064.861,466,116,None,Move,development
1569850064.877,465,117,None,Move,development
1569850064.893,464,118,None,Move,development
1569850064.899,464,118,None,Move,development
1569850064.915,464,119,None,Move,development
1569850064.946,464,120,None,Move,development
1569850064.962,464,121,None,Move,development
1569850064.9770002,464,122,None,Move,development
1569850064.9989998,464,123,None,Move,development
1569850065.015,464,127,None,Move,development
1569850065.031,464,131,None,Move,development
1569850065.046,465,134,None,Move,development
1569850065.062,467,139,None,Move,development
1569850065.077,468,143,None,Move,development
1569850065.093,469,149,None,Move,development
1569850065.1,470,151,None,Move,development
1569850065.115,473,157,None,Move,development
1569850065.131,473,159,None,Move,development
1569850065.147,475,164,None,Move,development
1569850065.1620002,476,166,None,Move,development
1569850065.178,477,168,None,Move,development
1569850065.1929998,478,168,None,Move,development
1569850065.2,478,169,None,Move,development
1569850065.216,479,170,None,Move,development
1569850065.231,480,172,None,Move,development
1569850065.2470002,481,173,None,Move,development
1569850065.262,481,175,None,Move,development
1569850065.278,481,176,None,Move,development
1569850065.3,481,176,None,Move,development
1569850065.316,481,177,None,Move,development
1569850065.347,481,178,None,Move,development
1569850065.363,481,178,None,Move,development
1569850065.3779998,481,179,None,Move,development
1569850065.4,481,179,None,Move,development
1569850065.416,482,180,None,Move,development
1569850065.478,482,180,None,Move,development
1569850065.617,482,180,None,Move,development
1569850065.6320002,480,179,None,Move,development
1569850065.6479998,477,174,None,Move,development
1569850065.663,476,171,None,Move,development
1569850065.679,473,166,None,Move,development
1569850065.695,472,163,None,Move,development
1569850065.701,471,161,None,Move,development
1569850065.717,469,157,None,Move,development
1569850065.732,467,153,None,Move,development
1569850065.748,466,149,None,Move,development
1569850065.764,464,145,None,Move,development
1569850065.779,462,140,None,Move,development
1569850065.795,461,138,None,Move,development
1569850065.801,461,137,None,Move,development
1569850065.8170002,460,130,None,Move,development
1569850065.833,460,127,None,Move,development
1569850065.8479998,460,123,None,Move,development
1569850065.8639998,460,120,None,Move,development
1569850065.88,460,118,None,Move,development
1569850065.895,460,118,None,Move,development
1569850065.9020002,460,116,None,Move,development
1569850065.917,460,115,None,Move,development
1569850065.9329998,460,112,None,Move,development
1569850065.949,460,112,None,Move,development
1569850065.964,460,111,None,Move,development
1569850065.98,459,109,None,Move,development
1569850065.995,459,108,None,Move,development
1569850066.002,459,104,None,Move,development
1569850066.018,459,104,None,Move,development
1569850066.033,459,101,None,Move,development
1569850066.049,459,99,None,Move,development
1569850066.064,459,98,None,Move,development
1569850066.08,459,96,None,Move,development
1569850066.1020002,459,96,None,Move,development
1569850066.1179998,459,95,None,Move,development
1569850066.165,459,95,None,Move,development
1569850066.18,459,94,None,Move,development
1569850066.202,459,93,None,Move,development
1569850066.218,460,92,None,Move,development
1569850066.234,461,91,None,Move,development
1569850066.2489998,462,91,None,Move,development
1569850066.403,462,90,None,Move,development
1569850066.419,462,89,None,Move,development
1569850066.434,462,88,None,Move,development
1569850066.45,462,88,None,Move,development
1569850066.465,462,87,None,Move,development
1569850066.7670002,462,87,None,Move,development
1569850066.821,462,86,None,Move,development
1569850067.906,462,86,Left,Pressed,development
1569850068.038,462,86,Left,Released,development
1569850069.541,461,85,None,Move,development
1569850069.5570002,461,83,None,Move,development
1569850069.572,461,81,None,Move,development
1569850069.5879998,462,78,None,Move,development
1569850069.61,465,76,None,Move,development
1569850069.6260002,470,75,None,Move,development
1569850069.641,471,74,None,Move,development
1569850069.657,473,74,None,Move,development
1569850069.91,474,73,None,Move,development
1569850069.926,468,73,None,Move,development
1569850069.9420002,461,73,None,Move,development
1569850069.957,453,73,None,Move,development
1569850069.9729998,447,73,None,Move,development
1569850069.988,443,73,None,Move,development
1569850070.0110002,439,73,None,Move,development
1569850070.026,434,73,None,Move,development
1569850070.042,430,73,None,Move,development
1569850070.0570002,424,73,None,Move,development
1569850070.073,419,73,None,Move,development
1569850070.089,411,73,None,Move,development
1569850070.111,399,73,None,Move,development
1569850070.127,392,73,None,Move,development
1569850070.1420002,388,73,None,Move,development
1569850070.158,385,72,None,Move,development
1569850070.189,385,71,None,Move,development
1569850070.205,391,67,None,Move,development
1569850070.211,400,65,None,Move,development
1569850070.2270002,425,62,None,Move,development
1569850070.242,459,58,None,Move,development
1569850070.258,495,56,None,Move,development
1569850070.274,525,56,None,Move,development
1569850070.289,545,56,None,Move,development
1569850070.305,565,56,None,Move,development
1569850070.312,577,55,None,Move,development
1569850070.327,592,54,None,Move,development
1569850070.343,611,52,None,Move,development
1569850070.3579998,623,52,None,Move,development
1569850070.3739998,640,52,None,Move,development
1569850070.39,654,51,None,Move,development
1569850070.405,680,51,None,Move,development
1569850070.4120002,692,51,None,Move,development
1569850070.427,715,51,None,Move,development
1569850070.4429998,750,51,None,Move,development
1569850070.459,787,51,None,Move,development
1569850070.474,821,50,None,Move,development
1569850070.49,859,46,None,Move,development
1569850070.506,887,43,None,Move,development
1569850070.512,899,41,None,Move,development
1569850070.528,922,38,None,Move,development
1569850070.543,941,34,None,Move,development
1569850070.559,957,30,None,Move,development
1569850070.575,974,27,None,Move,development
1569850070.59,1000,21,None,Move,development
1569850070.606,1010,19,None,Move,development
1569850070.6120002,1028,16,None,Move,development
1569850070.6279998,1070,13,None,Move,development
1569850070.644,1095,11,None,Move,development
1569850070.659,1116,10,None,Move,development
1569850070.675,1128,8,None,Move,development
1569850070.69,1150,6,None,Move,development
1569850070.712,1155,6,None,Move,development
1569850070.728,1163,4,None,Move,development
1569850070.744,1167,3,None,Move,development
1569850070.76,1170,3,None,Move,development
1569850070.775,1171,3,None,Move,development
1569850070.791,1172,3,None,Move,development
1569850070.86,1173,2,None,Move,development
1569850070.875,1174,2,None,Move,development
1569850070.891,1177,3,None,Move,development
1569850070.907,1184,5,None,Move,development
1569850070.913,1187,7,None,Move,development
1569850070.929,1194,8,None,Move,development
1569850070.945,1207,12,None,Move,development
1569850070.96,1216,16,None,Move,development
1569850070.976,1224,19,None,Move,development
1569850070.9910002,1230,20,None,Move,development
1569850071.0070002,1234,20,None,Move,development
1569850071.014,1234,20,None,Move,development
1569850071.029,1236,20,None,Move,development
1569850071.045,1237,20,None,Move,development
1569850071.06,1237,20,None,Move,development
1569850071.076,1237,19,None,Move,development
1569850071.092,1237,18,None,Move,development
1569850071.107,1237,17,None,Move,development
1569850071.1139998,1237,17,None,Move,development
1569850071.13,1237,16,None,Move,development
1569850071.161,1237,16,None,Move,development
1569850071.177,1237,16,None,Move,development
1569850071.314,1237,16,None,Move,development
1569850071.33,1237,16,None,Move,development
1569850071.345,1230,18,None,Move,development
1569850071.361,1223,21,None,Move,development
1569850071.377,1191,32,None,Move,development
1569850071.3920002,1134,46,None,Move,development
1569850071.414,1048,67,None,Move,development
1569850071.43,881,94,None,Move,development
1569850071.446,754,111,None,Move,development
1569850071.461,620,119,None,Move,development
1569850071.4770002,563,121,None,Move,development
1569850071.492,417,123,None,Move,development
1569850071.508,335,122,None,Move,development
1569850071.515,304,121,None,Move,development
1569850071.53,274,118,None,Move,development
1569850071.546,240,117,None,Move,development
1569850071.561,222,116,None,Move,development
1569850071.577,213,115,None,Move,development
1569850071.593,208,115,None,Move,development
1569850071.6079998,207,115,None,Move,development
1569850071.615,206,115,None,Move,development
1569850071.63,205,115,None,Move,development
1569850071.646,204,115,None,Move,development
1569850071.6620002,201,115,None,Move,development
1569850071.677,195,116,None,Move,development
1569850071.6929998,186,116,None,Move,development
1569850071.708,174,117,None,Move,development
1569850071.717,171,117,None,Move,development
1569850071.7270002,169,117,None,Move,development
1569850071.735,167,117,None,Move,development
1569850071.7370002,166,117,None,Move,development
1569850071.7470002,166,117,None,Move,development
1569850071.7670002,165,117,None,Move,development
1569850071.7770002,165,115,None,Move,development
1569850071.7870002,164,115,None,Move,development
1569850071.798,164,114,None,Move,development
1569850071.806,164,114,None,Move,development
1569850071.8079998,164,112,None,Move,development
1569850071.8179998,164,112,None,Move,development
1569850071.8279998,164,111,None,Move,development
1569850071.8379998,164,109,None,Move,development
1569850071.846,164,109,None,Move,development
1569850071.8479998,164,108,None,Move,development
1569850071.8579998,165,106,None,Move,development
1569850071.8679998,165,105,None,Move,development
1569850071.8760002,167,104,None,Move,development
1569850071.8779998,167,104,None,Move,development
1569850071.8879998,169,103,None,Move,development
1569850071.8979998,169,102,None,Move,development
1569850071.908,170,102,None,Move,development
1569850071.916,170,102,None,Move,development
1569850071.918,170,102,None,Move,development
1569850071.947,171,101,None,Move,development
1569850071.962,171,101,None,Move,development
1569850071.978,172,100,None,Move,development
1569850071.9929998,173,99,None,Move,development
1569850072.0089998,173,99,None,Move,development
1569850072.025,173,98,None,Move,development
1569850072.0470002,174,97,None,Move,development
1569850072.062,175,97,None,Move,development
1569850072.0779998,175,96,None,Move,development
1569850072.109,176,96,None,Move,development
1569850072.125,176,96,None,Move,development
1569850072.194,176,96,Right,Pressed,development
1569850072.31,176,96,Right,Released,development
1569850072.742,177,96,None,Move,development
1569850072.7489998,177,96,None,Move,development
1569850072.764,178,96,None,Move,development
1569850072.78,182,96,None,Move,development
1569850072.796,188,95,None,Move,development
1569850072.811,199,94,None,Move,development
1569850072.827,216,94,None,Move,development
1569850072.842,234,94,None,Move,development
1569850072.849,240,94,None,Move,development
1569850072.865,267,94,None,Move,development
1569850072.88,275,94,None,Move,development
1569850072.896,284,94,None,Move,development
1569850072.911,289,95,None,Move,development
1569850072.927,294,95,None,Move,development
1569850072.9429998,300,96,None,Move,development
1569850072.949,304,96,None,Move,development
1569850072.965,307,97,None,Move,development
1569850072.98,324,99,None,Move,development
1569850072.996,328,99,None,Move,development
1569850073.012,344,101,None,Move,development
1569850073.0270002,350,101,None,Move,development
1569850073.043,354,101,None,Move,development
1569850073.049,369,102,None,Move,development
1569850073.065,377,105,None,Move,development
1569850073.081,395,109,None,Move,development
1569850073.096,405,111,None,Move,development
1569850073.1120002,408,112,None,Move,development
1569850073.127,410,113,None,Move,development
1569850073.15,410,113,None,Move,development
1569850073.165,410,114,None,Move,development
1569850073.181,411,114,None,Move,development
1569850073.197,411,115,None,Move,development
1569850073.212,411,115,None,Move,development
1569850073.228,411,116,None,Move,development
1569850073.2429998,412,117,None,Move,development
1569850073.25,412,117,None,Move,development
1569850073.266,412,117,None,Move,development
1569850073.281,413,118,None,Move,development
1569850073.2970002,417,118,None,Move,development
1569850073.313,421,118,None,Move,development
1569850073.3279998,425,118,None,Move,development
1569850073.344,428,117,None,Move,development
1569850073.35,429,116,None,Move,development
1569850073.3660002,430,115,None,Move,development
1569850073.3820002,430,114,None,Move,development
1569850073.397,430,113,None,Move,development
1569850073.444,430,112,None,Move,development
1569850073.45,430,112,None,Move,development
1569850073.5129998,430,111,None,Move,development
1569850073.528,430,110,None,Move,development
1569850073.544,431,110,None,Move,development
1569850073.55,433,109,None,Move,development
1569850073.566,436,108,None,Move,development
1569850073.582,440,108,None,Move,development
1569850073.597,442,107,None,Move,development
1569850073.613,445,106,None,Move,development
1569850073.6279998,452,105,None,Move,development
1569850073.651,464,103,None,Move,development
1569850073.666,477,102,None,Move,development
1569850073.6820002,485,101,None,Move,development
1569850073.698,489,101,None,Move,development
1569850073.7129998,494,100,None,Move,development
1569850073.729,495,100,None,Move,development
1569850073.798,495,100,None,Move,development
1569850073.845,496,100,None,Move,development
1569850073.883,496,100,None,Move,development
1569850073.8979998,494,97,None,Move,development
1569850073.914,492,95,None,Move,development
1569850073.929,486,94,None,Move,development
1569850073.945,481,92,None,Move,development
1569850073.951,480,91,None,Move,development
1569850073.967,477,91,None,Move,development
1569850074.083,477,90,None,Move,development
1569850074.099,477,90,None,Move,development
1569850074.1139998,480,90,None,Move,development
1569850074.13,482,90,None,Move,development
1569850074.145,485,90,None,Move,development
1569850074.1520002,485,90,None,Move,development
1569850074.168,486,90,None,Move,development
1569850074.1829998,488,90,None,Move,development
1569850074.199,488,90,None,Move,development
1569850074.214,492,90,None,Move,development
1569850074.23,496,90,None,Move,development
1569850074.252,502,92,None,Move,development
1569850074.268,510,96,None,Move,development
1569850074.283,516,101,None,Move,development
1569850074.299,522,105,None,Move,development
1569850074.315,527,108,None,Move,development
1569850074.33,529,110,None,Move,development
1569850074.346,530,111,None,Move,development
1569850074.684,530,111,Left,Pressed,development
1569850074.847,530,111,Left,Released,development
1569850075.349,532,111,None,Move,development
1569850075.357,533,112,None,Move,development
1569850075.367,534,112,None,Move,development
1569850075.383,538,114,None,Move,development
1569850075.3979998,541,118,None,Move,development
1569850075.414,545,122,None,Move,development
1569850075.43,551,128,None,Move,development
1569850075.445,560,135,None,Move,development
1569850075.461,576,146,None,Move,development
1569850075.467,583,152,None,Move,development
1569850075.4829998,605,166,None,Move,development
1569850075.4989998,619,177,None,Move,development
1569850075.514,635,189,None,Move,development
1569850075.53,652,205,None,Move,development
1569850075.546,662,212,None,Move,development
1569850075.561,673,225,None,Move,development
1569850075.5679998,686,237,None,Move,development
1569850075.583,699,250,None,Move,development
1569850075.599,714,262,None,Move,development
1569850075.615,724,270,None,Move,development
1569850075.63,738,279,None,Move,development
1569850075.646,753,286,None,Move,development
1569850075.668,768,293,None,Move,development
1569850075.684,786,303,None,Move,development
1569850075.699,792,306,None,Move,development
1569850075.715,806,311,None,Move,development
1569850075.731,815,313,None,Move,development
1569850075.746,824,316,None,Move,development
1569850075.768,833,317,None,Move,development
1569850075.784,838,318,None,Move,development
1569850075.8,842,319,None,Move,development
1569850075.815,847,319,None,Move,development
1569850075.831,852,319,None,Move,development
1569850075.846,858,319,None,Move,development
1569850075.8620002,861,317,None,Move,development
1569850075.8679998,861,317,None,Move,development
1569850075.8839998,862,317,None,Move,development
1569850075.931,862,316,None,Move,development
1569850075.947,862,316,None,Move,development
1569850075.962,862,316,None,Move,development
1569850075.969,861,314,None,Move,development
1569850075.984,860,314,None,Move,development
1569850076.0,857,312,None,Move,development
1569850076.016,855,311,None,Move,development
1569850076.031,852,310,None,Move,development
1569850076.0470002,849,309,None,Move,development
1569850076.063,846,309,None,Move,development
1569850076.069,844,309,None,Move,development
1569850076.085,842,309,None,Move,development
1569850076.417,842,308,None,Move,development
1569850076.4320002,842,308,Left,Pressed,development
1569850076.57,842,308,Left,Released,development
1569850076.7329998,842,308,None,Move,development
1569850076.893,841,308,None,Move,development
1569850076.903,840,307,None,Move,development
1569850076.918,832,306,None,Move,development
1569850076.934,821,306,None,Move,development
1569850076.95,809,305,None,Move,development
1569850076.965,798,304,None,Move,development
1569850076.981,779,302,None,Move,development
1569850076.9970002,752,299,None,Move,development
1569850077.0029998,739,297,None,Move,development
1569850077.019,709,294,None,Move,development
1569850077.034,667,287,None,Move,development
1569850077.05,630,280,None,Move,development
1569850077.066,583,269,None,Move,development
1569850077.081,546,259,None,Move,development
1569850077.097,518,249,None,Move,development
1569850077.103,505,246,None,Move,development
1569850077.119,487,239,None,Move,development
1569850077.135,466,232,None,Move,development
1569850077.15,453,225,None,Move,development
1569850077.166,441,218,None,Move,development
1569850077.181,430,211,None,Move,development
1569850077.197,420,204,None,Move,development
1569850077.204,414,200,None,Move,development
1569850077.219,402,192,None,Move,development
1569850077.235,388,185,None,Move,development
1569850077.2510002,374,177,None,Move,development
1569850077.266,350,168,None,Move,development
1569850077.282,322,156,None,Move,development
1569850077.2970002,302,149,None,Move,development
1569850077.304,286,143,None,Move,development
1569850077.32,268,135,None,Move,development
1569850077.335,257,131,None,Move,development
1569850077.351,246,128,None,Move,development
1569850077.3660002,241,126,None,Move,development
1569850077.3820002,238,125,None,Move,development
1569850077.3979998,233,124,None,Move,development
1569850077.404,231,123,None,Move,development
1569850077.42,227,122,None,Move,development
1569850077.435,223,121,None,Move,development
1569850077.451,220,120,None,Move,development
1569850077.467,218,118,None,Move,development
1569850077.482,217,116,None,Move,development
1569850077.504,216,113,None,Move,development
1569850077.52,215,109,None,Move,development
1569850077.536,215,106,None,Move,development
1569850077.551,214,104,None,Move,development
1569850077.5670002,213,102,None,Move,development
1569850077.583,213,101,None,Move,development
1569850077.667,213,101,None,Move,development
1569850077.752,213,100,None,Move,development
1569850077.805,213,99,Left,Pressed,development
1569850077.805,213,99,None,Drag,development
1569850077.821,213,99,None,Drag,development
1569850077.867,213,98,None,Drag,development
1569850077.867,213,98,Left,Released,development
1569850078.2370002,213,98,None,Move,development
1569850078.2529998,221,102,None,Move,development
1569850078.268,239,110,None,Move,development
1569850078.284,258,118,None,Move,development
1569850078.3,285,127,None,Move,development
1569850078.306,299,132,None,Move,development
1569850078.322,318,137,None,Move,development
1569850078.337,342,144,None,Move,development
1569850078.353,357,149,None,Move,development
1569850078.369,373,155,None,Move,development
1569850078.3839998,387,160,None,Move,development
1569850078.4,397,163,None,Move,development
1569850078.406,401,163,None,Move,development
1569850078.4220002,407,163,None,Move,development
1569850078.438,412,163,None,Move,development
1569850078.4529998,414,163,None,Move,development
1569850078.469,415,163,None,Move,development
1569850078.5,415,163,None,Move,development
1569850078.506,415,162,None,Move,development
1569850078.522,414,158,None,Move,development
1569850078.538,413,157,None,Move,development
1569850078.553,413,157,None,Move,development
1569850078.569,413,156,None,Move,development
1569850078.585,412,154,None,Move,development
1569850078.607,412,153,None,Move,development
1569850078.6220002,412,150,None,Move,development
1569850078.6379998,412,149,None,Move,development
1569850078.654,412,146,None,Move,development
1569850078.669,412,144,None,Move,development
1569850078.685,412,140,None,Move,development
1569850078.7,413,137,None,Move,development
1569850078.707,414,135,None,Move,development
1569850078.7229998,416,132,None,Move,development
1569850078.738,418,129,None,Move,development
1569850078.754,420,127,None,Move,development
1569850078.769,424,124,None,Move,development
1569850078.785,427,121,None,Move,development
1569850078.801,430,119,None,Move,development
1569850078.8070002,431,118,None,Move,development
1569850078.823,435,114,None,Move,development
1569850078.8379998,438,111,None,Move,development
1569850078.854,439,108,None,Move,development
1569850078.869,442,106,None,Move,development
1569850078.885,443,105,None,Move,development
1569850078.901,444,104,None,Move,development
1569850078.907,444,103,None,Move,development
1569850078.923,446,102,None,Move,development
1569850078.938,450,99,None,Move,development
1569850078.954,455,97,None,Move,development
1569850078.97,456,96,None,Move,development
1569850078.988,459,95,None,Move,development
1569850078.9929998,460,95,None,Move,development
1569850079.04,460,95,None,Move,development
1569850079.055,461,94,None,Move,development
1569850079.0670002,461,94,None,Move,development
1569850079.075,462,93,None,Move,development
1569850079.079,463,93,None,Move,development
1569850079.084,464,93,None,Move,development
1569850079.099,466,93,None,Move,development
1569850079.107,468,93,None,Move,development
1569850079.123,469,92,None,Move,development
1569850079.139,469,92,None,Move,development
1569850079.154,470,92,None,Move,development
1569850079.17,472,92,None,Move,development
1569850079.185,474,92,None,Move,development
1569850079.201,475,92,None,Move,development
1569850079.208,477,92,None,Move,development
1569850079.2229998,482,92,None,Move,development
1569850079.2389998,486,92,None,Move,development
1569850079.255,491,92,None,Move,development
1569850079.27,495,92,None,Move,development
1569850079.286,500,92,None,Move,development
1569850079.3079998,510,92,None,Move,development
1569850079.324,518,92,None,Move,development
1569850079.339,524,92,None,Move,development
1569850079.355,531,92,None,Move,development
1569850079.37,539,92,None,Move,development
1569850079.3860002,544,92,None,Move,development
1569850079.4020002,550,93,None,Move,development
1569850079.408,552,94,None,Move,development
1569850079.424,559,95,None,Move,development
1569850079.439,567,98,None,Move,development
1569850079.455,573,101,None,Move,development
1569850079.471,579,104,None,Move,development
1569850079.486,583,107,None,Move,development
1569850079.502,586,110,None,Move,development
1569850079.508,588,110,None,Move,development
1569850079.524,589,111,None,Move,development
1569850079.54,590,112,None,Move,development
1569850080.125,591,113,None,Move,development
1569850080.1720002,591,113,Left,Pressed,development
1569850080.288,591,113,Left,Released,development
1569850080.341,591,113,None,Move,development
1569850080.357,592,114,None,Move,development
1569850080.3720002,594,117,None,Move,development
1569850080.3879998,599,123,None,Move,development
1569850080.404,601,126,None,Move,development
1569850080.41,601,127,None,Move,development
1569850080.426,604,129,None,Move,development
1569850080.4420002,605,132,None,Move,development
1569850080.457,606,135,None,Move,development
1569850080.4729998,606,139,None,Move,development
1569850080.488,606,145,None,Move,development
1569850080.504,605,150,None,Move,development
1569850080.5110002,604,152,None,Move,development
1569850080.526,603,156,None,Move,development
1569850080.542,602,162,None,Move,development
1569850080.5570002,602,170,None,Move,development
1569850080.573,602,180,None,Move,development
1569850080.589,602,188,None,Move,development
1569850080.604,601,196,None,Move,development
1569850080.611,601,202,None,Move,development
1569850080.6260002,604,220,None,Move,development
1569850080.6420002,608,231,None,Move,development
1569850080.658,610,239,None,Move,development
1569850080.673,613,246,None,Move,development
1569850080.689,615,250,None,Move,development
1569850080.705,617,253,None,Move,development
1569850080.711,618,255,None,Move,development
1569850080.7270002,624,264,None,Move,development
1569850080.742,629,271,None,Move,development
1569850080.758,634,276,None,Move,development
1569850080.774,635,276,None,Move,development
1569850080.789,636,278,None,Move,development
1569850080.805,637,283,None,Move,development
1569850080.811,638,283,None,Move,development
1569850082.9320002,638,283,None,Move,development
1569850082.947,640,284,None,Move,development
1569850082.9629998,646,288,None,Move,development
1569850082.978,649,290,None,Move,development
1569850082.994,655,295,None,Move,development
1569850083.01,664,303,None,Move,development
1569850083.016,668,306,None,Move,development
1569850083.032,674,313,None,Move,development
1569850083.0470002,678,318,None,Move,development
1569850083.063,681,323,None,Move,development
1569850083.079,683,327,None,Move,development
1569850083.094,685,331,None,Move,development
1569850083.11,687,335,None,Move,development
1569850083.1160002,687,336,None,Move,development
1569850083.1320002,689,340,None,Move,development
1569850083.1479998,690,343,None,Move,development
1569850083.163,692,346,None,Move,development
1569850083.179,692,348,None,Move,development
1569850083.195,693,349,None,Move,development
1569850083.217,693,352,None,Move,development
1569850083.248,693,352,None,Move,development
1569850083.311,693,352,None,Move,development
1569850083.3170002,692,352,None,Move,development
1569850083.332,691,350,None,Move,development
1569850083.3479998,689,350,None,Move,development
1569850083.363,688,349,None,Move,development
1569850083.379,687,348,None,Move,development
1569850083.395,686,348,None,Move,development
1569850083.41,685,346,None,Move,development
1569850083.4329998,685,346,None,Move,development
1569850083.5110002,685,346,None,Move,development
1569850083.533,684,346,None,Move,development
1569850083.548,684,346,None,Move,development
1569850083.564,683,346,None,Move,development
1569850083.617,683,346,None,Move,development
1569850083.633,683,346,None,Move,development
1569850083.6479998,684,347,None,Move,development
1569850083.695,684,347,None,Move,development
1569850084.481,684,347,None,Move,development
1569850084.534,685,348,None,Move,development
1569850084.697,686,348,None,Move,development
1569850084.719,686,349,None,Move,development
1569850085.036,686,349,None,Move,development
1569850085.0670002,686,349,None,Move,development
1569850085.082,687,349,None,Move,development
1569850085.0979998,688,351,None,Move,development
1569850085.113,688,352,None,Move,development
1569850085.12,689,352,None,Move,development
1569850085.1360002,689,353,None,Move,development
1569850085.151,691,354,None,Move,development
1569850085.167,691,355,None,Move,development
1569850085.1829998,692,355,None,Move,development
1569850085.198,693,356,None,Move,development
1569850085.214,694,358,None,Move,development
1569850085.22,695,359,None,Move,development
1569850085.236,695,361,None,Move,development
1569850085.252,696,362,None,Move,development
1569850085.2670002,696,363,None,Move,development
1569850085.283,696,364,None,Move,development
1569850085.299,697,365,None,Move,development
1569850085.314,697,366,None,Move,development
1569850085.321,698,367,None,Move,development
1569850085.336,698,368,None,Move,development
1569850085.3520002,698,369,None,Move,development
1569850085.3679998,698,369,None,Move,development
1569850085.399,698,370,None,Move,development
1569850085.421,699,370,None,Move,development
1569850085.452,699,370,None,Move,development
1569850085.468,699,371,None,Move,development
1569850085.4829998,699,371,None,Move,development
1569850085.4989998,699,372,None,Move,development
1569850085.515,699,373,None,Move,development
1569850085.521,698,373,None,Move,development
1569850085.536,697,374,None,Move,development
1569850085.5670002,697,374,None,Move,development
1569850085.6520002,696,374,None,Move,development
1569850085.668,696,374,None,Move,development
1569850085.6829998,695,373,None,Move,development
1569850085.699,695,372,None,Move,development
1569850085.714,695,371,None,Move,development
1569850085.721,695,370,None,Move,development
1569850085.7370002,695,369,None,Move,development
1569850085.752,695,368,None,Move,development
1569850085.768,695,368,None,Move,development
1569850085.8679998,694,368,None,Move,development
1569850085.8839998,693,368,None,Move,development
1569850085.899,692,368,None,Move,development
1569850085.915,690,370,None,Move,development
1569850085.921,689,371,None,Move,development
1569850085.937,688,371,None,Move,development
1569850085.9529998,686,372,None,Move,development
1569850085.968,685,373,None,Move,development
1569850085.984,684,373,None,Move,development
1569850086.1220002,683,373,None,Move,development
1569850086.137,683,373,None,Move,development
1569850086.153,682,373,None,Move,development
1569850086.169,682,372,None,Move,development
1569850086.184,682,371,None,Move,development
1569850086.216,682,371,None,Move,development
1569850087.086,682,370,None,Move,development
1569850087.117,682,369,None,Move,development
1569850087.123,682,368,None,Move,development
1569850087.139,682,367,None,Move,development
1569850087.155,682,367,None,Move,development
1569850087.34,682,366,None,Move,development
1569850087.355,682,366,None,Move,development
1569850087.371,682,365,None,Move,development
1569850087.3860002,682,364,None,Move,development
1569850087.4020002,682,363,None,Move,development
1569850087.418,682,363,None,Move,development
1569850087.64,682,362,None,Move,development
1569850090.323,682,362,None,Move,development
1569850090.329,682,362,None,Move,development
1569850090.345,684,366,None,Move,development
1569850090.36,689,371,None,Move,development
1569850090.3760002,694,376,None,Move,development
1569850090.3920002,703,386,None,Move,development
1569850090.407,709,393,None,Move,development
1569850090.423,716,401,None,Move,development
1569850090.429,720,406,None,Move,development
1569850090.445,722,409,None,Move,development
1569850090.46,727,416,None,Move,development
1569850090.476,731,422,None,Move,development
1569850090.4910002,737,430,None,Move,development
1569850090.5070002,748,443,None,Move,development
1569850090.5229998,759,459,None,Move,development
1569850090.529,767,469,None,Move,development
1569850090.545,774,478,None,Move,development
1569850090.56,781,487,None,Move,development
1569850090.576,785,491,None,Move,development
1569850090.592,786,491,None,Move,development
1569850090.623,786,492,None,Move,development
1569850090.629,787,492,None,Move,development
1569850090.645,791,497,None,Move,development
1569850090.66,795,501,None,Move,development
1569850090.676,797,504,None,Move,development
1569850090.6920002,799,506,None,Move,development
1569850090.707,802,508,None,Move,development
1569850090.729,805,510,None,Move,development
1569850090.745,811,512,None,Move,development
1569850090.7610002,814,513,None,Move,development
1569850090.776,816,513,None,Move,development
1569850090.792,819,515,None,Move,development
1569850090.8070002,821,517,None,Move,development
1569850090.823,821,517,None,Move,development
1569850090.829,822,517,None,Move,development
1569850090.845,823,518,None,Move,development
1569850090.86,825,519,None,Move,development
1569850090.8760002,826,519,None,Move,development
1569850090.8920002,828,520,None,Move,development
1569850090.907,829,521,None,Move,development
1569850090.923,830,521,None,Move,development
1569850090.929,831,521,None,Move,development
1569850090.945,831,522,None,Move,development
1569850090.96,832,522,None,Move,development
1569850090.976,832,522,None,Move,development
1569850090.992,834,522,None,Move,development
1569850091.0070002,834,522,None,Move,development
1569850091.0229998,835,523,None,Move,development
1569850091.076,835,523,Left,Pressed,development
1569850091.076,835,523,None,Drag,development
1569850091.077,835,523,Left,Released,development
1569850091.177,836,523,None,Move,development
1569850091.1920002,836,523,None,Move,development
1569850091.2229998,837,523,None,Move,development
1569850091.246,838,523,None,Move,development
1569850091.2610002,838,523,None,Move,development
1569850091.2770002,839,524,None,Move,development
1569850091.292,840,525,None,Move,development
1569850091.3079998,840,525,None,Move,development
1569850091.33,841,525,None,Move,development
1569850091.377,841,524,None,Move,development
1569850091.393,841,517,None,Move,development
1569850091.409,841,501,None,Move,development
1569850091.431,838,478,None,Move,development
1569850091.446,829,460,None,Move,development
1569850091.462,824,448,None,Move,development
1569850091.478,818,440,None,Move,development
1569850091.4929998,812,433,None,Move,development
1569850091.5089998,806,429,None,Move,development
1569850091.524,792,418,None,Move,development
1569850091.531,785,414,None,Move,development
1569850091.5470002,764,404,None,Move,development
1569850091.562,747,399,None,Move,development
1569850091.5779998,735,398,None,Move,development
1569850091.593,717,396,None,Move,development
1569850091.609,710,396,None,Move,development
1569850091.625,707,397,None,Move,development
1569850091.631,707,397,None,Move,development
1569850091.647,706,398,None,Move,development
1569850091.663,706,399,None,Move,development
1569850091.7629998,706,400,None,Move,development
1569850091.778,706,400,None,Move,development
1569850091.794,706,400,None,Move,development
1569850091.809,706,400,Left,Pressed,development
1569850091.879,706,401,Left,Released,development
1569850091.979,706,401,None,Move,development
1569850091.994,701,398,None,Move,development
1569850092.01,685,388,None,Move,development
1569850092.032,671,377,None,Move,development
1569850092.048,649,363,None,Move,development
1569850092.063,626,341,None,Move,development
1569850092.079,559,292,None,Move,development
1569850092.095,460,229,None,Move,development
1569850092.11,346,149,None,Move,development
1569850092.1260002,243,81,None,Move,development
1569850092.1320002,208,59,None,Move,development
1569850092.1479998,129,19,None,Move,development
1569850092.164,83,-2,None,Move,development
1569850092.179,66,-4,None,Move,development
1569850092.195,64,0,None,Move,development
1569850092.211,64,0,None,Move,development
1569850092.226,66,0,None,Move,development
1569850092.2329998,67,0,None,Move,development
1569850092.248,76,4,None,Move,development
1569850092.264,80,5,None,Move,development
1569850092.28,81,5,None,Move,development
1569850092.3639998,82,6,None,Move,development
1569850092.38,83,7,None,Move,development
1569850092.395,86,8,None,Move,development
1569850092.411,88,8,None,Move,development
1569850092.427,91,8,None,Move,development
1569850092.4329998,91,8,None,Move,development
1569850092.449,93,8,None,Move,development
1569850092.464,93,8,None,Move,development
1569850092.496,94,8,None,Move,development
1569850092.5110002,94,8,None,Move,development
1569850092.533,95,8,None,Move,development
1569850092.549,95,9,None,Move,development
1569850092.565,96,9,None,Move,development
1569850092.712,96,9,None,Move,development
1569850092.7270002,88,11,None,Move,development
1569850092.734,84,12,None,Move,development
1569850092.75,76,12,None,Move,development
1569850092.765,68,13,None,Move,development
1569850092.781,64,13,None,Move,development
1569850092.796,62,13,None,Move,development
1569850092.881,61,13,Left,Pressed,development
1569850092.981,61,13,Left,Released,development
1569850093.012,61,13,None,Move,development
1569850093.028,64,13,None,Move,development
1569850093.035,66,13,None,Move,development
1569850093.05,68,13,None,Move,development
1569850093.066,72,13,None,Move,development
1569850093.082,73,13,None,Move,development
1569850093.197,74,13,None,Move,development
1569850093.2129998,75,13,None,Move,development
1569850093.235,75,13,None,Move,development
1569850093.2510002,77,13,None,Move,development
1569850093.266,78,13,None,Move,development
1569850093.282,79,13,None,Move,development
1569850093.583,79,13,None,Move,development
1569850093.5979998,77,13,None,Move,development
1569850093.6139998,71,13,None,Move,development
1569850093.63,63,13,None,Move,development
1569850093.6360002,55,13,None,Move,development
1569850093.6520002,38,12,None,Move,development
1569850093.667,29,11,None,Move,development
1569850093.6829998,14,9,None,Move,development
1569850093.699,11,8,None,Move,development
1569850093.836,10,8,None,Move,development
1569850093.8520002,11,8,None,Move,development
1569850093.867,13,8,None,Move,development
1569850093.883,15,8,None,Move,development
1569850093.899,18,8,None,Move,development
1569850093.914,20,8,None,Move,development
1569850093.93,22,8,None,Move,development
1569850093.937,22,8,None,Move,development
1569850093.952,23,8,None,Move,development
1569850093.968,23,8,None,Move,development
1569850093.984,26,8,None,Move,development
1569850093.9989998,29,9,None,Move,development
1569850094.015,33,9,None,Move,development
1569850094.03,37,10,None,Move,development
1569850094.0370002,39,10,None,Move,development
1569850094.053,42,10,None,Move,development
1569850094.0679998,43,10,None,Move,development
1569850094.639,43,10,None,Move,development
1569850094.654,43,12,None,Move,development
1569850094.67,43,13,None,Move,development
1569850094.686,43,14,None,Move,development
1569850094.701,43,14,None,Move,development
1569850094.97,43,15,None,Move,development
1569850094.986,43,16,None,Move,development
1569850095.002,44,17,None,Move,development
1569850095.0170002,45,18,None,Move,development
1569850095.033,45,19,None,Move,development
1569850095.039,45,20,None,Move,development
1569850095.055,45,20,None,Move,development
1569850095.1179998,45,21,None,Move,development
1569850095.14,45,22,None,Move,development
1569850095.155,45,23,None,Move,development
1569850095.171,45,23,None,Move,development
1569850095.187,45,24,None,Move,development
1569850095.202,45,25,None,Move,development
1569850095.218,45,26,None,Move,development
1569850095.24,45,26,None,Move,development
1569850095.256,45,27,None,Move,development
1569850095.271,45,28,None,Move,development
1569850095.2870002,45,29,None,Move,development
1569850095.303,45,31,None,Move,development
1569850095.3179998,45,31,None,Move,development
1569850095.334,45,34,None,Move,development
1569850095.34,45,35,None,Move,development
1569850095.356,46,38,None,Move,development
1569850095.3720002,46,39,None,Move,development
1569850095.387,46,39,None,Move,development
1569850095.403,46,40,None,Move,development
1569850095.419,46,40,None,Move,development
1569850095.441,46,41,None,Move,development
1569850095.456,46,41,None,Move,development
1569850095.804,47,41,None,Move,development
1569850096.205,47,41,None,Move,development
1569850096.221,47,42,None,Move,development
1569850096.2429998,48,43,None,Move,development
1569850096.421,48,43,None,Move,development
1569850096.522,49,44,None,Move,development
1569850096.5370002,50,44,None,Move,development
1569850096.544,52,45,None,Move,development
1569850096.559,57,48,None,Move,development
1569850096.575,62,50,None,Move,development
1569850096.591,72,56,None,Move,development
1569850096.606,85,64,None,Move,development
1569850096.6220002,100,73,None,Move,development
1569850096.637,111,83,None,Move,development
1569850096.644,114,88,None,Move,development
1569850096.66,117,94,None,Move,development
1569850096.675,119,100,None,Move,development
1569850096.691,121,104,None,Move,development
1569850096.706,122,106,None,Move,development
1569850096.722,124,108,None,Move,development
1569850096.738,127,110,None,Move,development
1569850096.744,128,112,None,Move,development
1569850096.76,131,113,None,Move,development
1569850096.775,133,114,None,Move,development
1569850096.791,134,115,None,Move,development
1569850096.8070002,135,115,None,Move,development
1569850096.8379998,136,116,None,Move,development
1569850098.911,136,116,None,Move,development
1569850098.926,138,119,None,Move,development
1569850098.949,139,122,None,Move,development
1569850098.964,140,123,None,Move,development
1569850098.98,140,124,None,Move,development
1569850099.165,140,124,None,Move,development
1569850099.18,138,123,None,Move,development
1569850099.196,137,119,None,Move,development
1569850099.212,136,117,None,Move,development
1569850099.2270002,134,115,None,Move,development
1569850099.2429998,134,114,None,Move,development
1569850099.2489998,134,113,None,Move,development
1569850099.265,134,112,None,Move,development
1569850099.281,134,112,None,Move,development
1569850099.2970002,134,111,None,Move,development
1569850099.312,134,111,None,Move,development
1569850099.35,133,109,None,Move,development
1569850099.365,133,108,None,Move,development
1569850099.428,133,108,None,Move,development
1569850099.45,131,106,None,Move,development
1569850099.466,131,105,None,Move,development
1569850099.481,130,105,None,Move,development
1569850099.4970002,130,105,None,Move,development
1569850099.5129998,129,104,None,Move,development
1569850099.528,129,103,None,Move,development
1569850099.566,128,103,None,Move,development
1569850099.613,127,102,None,Move,development
1569850099.629,126,100,None,Move,development
1569850099.644,125,98,None,Move,development
1569850099.651,124,96,None,Move,development
1569850099.666,123,94,None,Move,development
1569850099.6820002,123,92,None,Move,development
1569850100.019,123,92,None,Move,development
1569850100.0670002,123,92,None,Move,development
1569850100.0979998,123,92,None,Move,development
1569850100.199,123,92,None,Move,development
1569850100.452,124,92,None,Move,development
1569850100.484,124,92,None,Move,development
1569850100.4989998,124,91,None,Move,development
1569850100.531,125,91,None,Move,development
1569850100.815,126,91,None,Move,development
1569850100.8839998,126,91,None,Move,development
1569850101.1320002,127,91,None,Move,development
1569850101.147,128,91,None,Move,development
1569850101.154,128,91,None,Move,development
1569850101.17,130,91,None,Move,development
1569850101.185,130,91,None,Move,development
1569850101.586,131,91,None,Move,development
1569850101.6020002,132,92,None,Move,development
1569850101.617,132,94,None,Move,development
1569850101.633,133,95,None,Move,development
1569850101.649,133,97,None,Move,development
1569850101.655,134,98,None,Move,development
1569850101.671,134,99,None,Move,development
1569850101.686,134,100,None,Move,development
1569850101.702,135,100,None,Move,development
1569850101.718,135,102,None,Move,development
1569850101.7329998,136,102,None,Move,development
1569850101.7489998,136,103,None,Move,development
1569850101.755,137,103,None,Move,development
1569850101.771,137,103,None,Move,development
1569850101.7870002,138,104,None,Move,development
1569850101.802,138,104,None,Move,development
1569850101.8179998,139,106,None,Move,development
1569850101.834,140,107,None,Move,development
1569850101.849,140,108,None,Move,development
1569850101.856,141,109,None,Move,development
1569850101.871,141,110,None,Move,development
1569850101.887,142,113,None,Move,development
1569850101.903,142,115,None,Move,development
1569850101.918,142,116,None,Move,development
1569850101.934,143,118,None,Move,development
1569850101.949,143,122,None,Move,development
1569850101.956,144,125,None,Move,development
1569850101.972,144,129,None,Move,development
1569850101.9870002,145,133,None,Move,development
1569850102.0029998,145,135,None,Move,development
1569850102.019,146,139,None,Move,development
1569850102.034,146,143,None,Move,development
1569850102.05,146,147,None,Move,development
1569850102.056,146,148,None,Move,development
1569850102.072,146,152,None,Move,development
1569850102.087,146,156,None,Move,development
1569850102.103,146,160,None,Move,development
1569850102.119,146,163,None,Move,development
1569850102.1339998,147,166,None,Move,development
1569850102.15,147,171,None,Move,development
1569850102.157,147,173,None,Move,development
1569850102.1720002,147,177,None,Move,development
1569850102.188,147,180,None,Move,development
1569850102.2029998,147,185,None,Move,development
1569850102.219,147,189,None,Move,development
1569850102.235,147,191,None,Move,development
1569850102.25,147,195,None,Move,development
1569850102.2570002,147,197,None,Move,development
1569850102.272,147,202,None,Move,development
1569850102.288,147,206,None,Move,development
1569850102.304,147,212,None,Move,development
1569850102.319,147,217,None,Move,development
1569850102.335,147,218,None,Move,development
1569850102.357,146,221,None,Move,development
1569850102.373,146,226,None,Move,development
1569850102.3879998,144,229,None,Move,development
1569850102.404,144,229,None,Move,development
1569850103.005,143,229,None,Move,development
1569850103.021,143,230,None,Move,development
1569850103.0579998,143,230,None,Move,development
1569850103.074,148,230,None,Move,development
1569850103.089,155,234,None,Move,development
1569850103.105,165,241,None,Move,development
1569850103.121,178,261,None,Move,development
1569850103.1360002,200,320,None,Move,development
1569850103.1520002,224,384,None,Move,development
1569850103.158,230,401,None,Move,development
1569850103.174,248,451,None,Move,development
1569850103.19,251,464,None,Move,development
1569850103.205,252,473,None,Move,development
1569850103.221,252,475,None,Move,development
1569850103.2370002,252,477,None,Move,development
1569850103.2589998,252,479,None,Move,development
1569850103.274,251,480,None,Move,development
1569850103.29,251,480,None,Move,development
1569850103.475,250,481,None,Move,development
1569850103.49,249,480,None,Move,development
1569850103.506,247,476,None,Move,development
1569850103.521,244,471,None,Move,development
1569850103.5370002,238,462,None,Move,development
1569850103.559,234,448,None,Move,development
1569850103.575,232,436,None,Move,development
1569850103.59,231,421,None,Move,development
1569850103.606,231,401,None,Move,development
1569850103.6220002,231,393,None,Move,development
1569850103.637,231,384,None,Move,development
1569850103.653,231,377,None,Move,development
1569850103.659,231,374,None,Move,development
1569850103.675,231,367,None,Move,development
1569850103.69,230,358,None,Move,development
1569850103.706,229,348,None,Move,development
1569850103.722,227,338,None,Move,development
1569850103.7370002,225,325,None,Move,development
1569850103.7529998,219,312,None,Move,development
1569850103.7589998,215,306,None,Move,development
1569850103.775,208,296,None,Move,development
1569850103.791,201,287,None,Move,development
1569850103.806,193,277,None,Move,development
1569850103.822,189,271,None,Move,development
1569850103.837,188,270,None,Move,development
1569850103.853,185,267,None,Move,development
1569850103.86,185,266,None,Move,development
1569850103.875,184,265,None,Move,development
1569850103.907,182,265,None,Move,development
1569850103.9220002,182,265,None,Move,development
1569850103.938,181,265,None,Move,development
1569850103.9529998,180,265,None,Move,development
1569850103.96,178,265,None,Move,development
1569850103.975,177,266,None,Move,development
1569850103.9910002,177,267,None,Move,development
1569850104.123,176,267,None,Move,development
1569850104.1379998,175,267,None,Move,development
1569850104.16,173,268,None,Move,development
1569850104.176,170,271,None,Move,development
1569850104.191,168,273,None,Move,development
1569850104.207,166,276,None,Move,development
1569850104.2229998,165,278,None,Move,development
1569850104.238,164,279,None,Move,development
1569850104.26,164,281,None,Move,development
1569850104.276,164,282,None,Move,development
1569850104.3070002,164,282,None,Move,development
1569850104.323,164,283,None,Move,development
1569850104.339,164,283,None,Move,development
1569850104.3760002,163,284,None,Move,development
1569850104.3920002,162,285,None,Move,development
1569850104.4770002,162,284,None,Move,development
1569850104.492,161,278,None,Move,development
1569850104.508,160,270,None,Move,development
1569850104.524,157,256,None,Move,development
1569850104.539,151,233,None,Move,development
1569850104.555,144,215,None,Move,development
1569850104.561,138,199,None,Move,development
1569850104.577,131,182,None,Move,development
1569850104.593,125,170,None,Move,development
1569850104.6079998,120,161,None,Move,development
1569850104.6239998,118,154,None,Move,development
1569850104.639,117,151,None,Move,development
1569850104.655,117,147,None,Move,development
1569850104.661,117,144,None,Move,development
1569850104.677,117,143,None,Move,development
1569850104.6929998,117,141,None,Move,development
1569850104.708,117,139,None,Move,development
1569850104.724,117,137,None,Move,development
1569850104.74,117,137,None,Move,development
1569850104.762,117,136,None,Move,development
1569850104.7770002,117,135,None,Move,development
1569850104.793,117,135,None,Move,development
1569850104.809,117,134,None,Move,development
1569850104.84,117,134,None,Move,development
1569850104.962,117,133,None,Move,development
1569850104.978,114,131,None,Move,development
1569850104.994,112,128,None,Move,development
1569850105.0089998,111,127,None,Move,development
1569850105.041,110,126,None,Move,development
1569850105.063,109,124,None,Move,development
1569850105.0779998,109,120,None,Move,development
1569850105.094,107,114,None,Move,development
1569850105.11,104,105,None,Move,development
1569850105.125,101,96,None,Move,development
1569850105.141,96,86,None,Move,development
1569850105.156,92,77,None,Move,development
1569850105.163,92,76,None,Move,development
1569850105.179,91,72,None,Move,development
1569850105.194,91,70,None,Move,development
1569850105.21,91,66,None,Move,development
1569850105.225,93,62,None,Move,development
1569850105.2410002,94,57,None,Move,development
1569850105.2629998,94,51,None,Move,development
1569850105.279,94,45,None,Move,development
1569850105.294,94,41,None,Move,development
1569850105.31,94,38,None,Move,development
1569850105.326,94,36,None,Move,development
1569850105.341,94,35,None,Move,development
1569850105.357,94,34,None,Move,development
1569850105.379,94,33,None,Move,development
1569850105.395,94,33,None,Move,development
1569850105.41,94,32,None,Move,development
1569850105.426,94,30,None,Move,development
1569850105.4420002,94,28,None,Move,development
1569850105.457,94,26,None,Move,development
1569850105.464,94,24,None,Move,development
1569850105.479,95,22,None,Move,development
1569850105.495,96,21,None,Move,development
1569850105.5110002,96,19,None,Move,development
1569850105.526,97,18,None,Move,development
1569850105.542,98,17,None,Move,development
1569850105.564,98,16,None,Move,development
1569850105.58,100,15,None,Move,development
1569850105.711,100,15,None,Move,development
1569850105.7270002,99,15,None,Move,development
1569850105.742,95,15,None,Move,development
1569850105.764,92,15,None,Move,development
1569850105.78,90,15,None,Move,development
1569850105.796,90,15,None,Move,development
1569850105.958,89,15,None,Move,development
1569850105.965,88,15,None,Move,development
1569850105.981,88,15,None,Move,development
1569850105.996,86,15,None,Move,development
1569850106.012,85,15,None,Move,development
1569850106.0270002,84,15,None,Move,development
1569850106.043,81,15,None,Move,development
1569850106.059,77,15,None,Move,development
1569850106.065,75,15,None,Move,development
1569850106.081,67,16,None,Move,development
1569850106.097,57,18,None,Move,development
1569850106.1120002,49,18,None,Move,development
1569850106.1279998,46,18,None,Move,development
1569850106.143,39,19,None,Move,development
1569850106.466,38,20,None,Move,development
1569850106.482,38,21,None,Move,development
1569850106.498,40,23,None,Move,development
1569850106.5129998,41,23,None,Move,development
1569850106.529,41,24,None,Move,development
1569850106.545,43,25,None,Move,development
1569850106.5670002,45,28,None,Move,development
1569850106.582,48,30,None,Move,development
1569850106.5979998,51,33,None,Move,development
1569850106.6139998,55,36,None,Move,development
1569850106.629,57,40,None,Move,development
1569850106.645,59,42,None,Move,development
1569850106.661,60,43,None,Move,development
1569850106.667,60,43,None,Move,development
1569850106.6829998,61,44,None,Move,development
1569850106.698,62,46,None,Move,development
1569850106.714,64,48,None,Move,development
1569850106.73,67,51,None,Move,development
1569850106.745,69,54,None,Move,development
1569850106.7670002,69,55,None,Move,development
1569850106.814,70,55,None,Move,development
1569850106.8679998,70,56,None,Move,development
1569850106.883,71,56,None,Move,development
1569850106.899,71,57,None,Move,development
1569850106.915,72,57,None,Move,development
1569850107.369,72,56,None,Move,development
1569850107.3839998,73,52,None,Move,development
1569850107.4,74,50,None,Move,development
1569850107.416,75,48,None,Move,development
1569850107.431,75,47,None,Move,development
1569850107.447,76,47,None,Move,development
1569850107.462,76,47,None,Move,development
1569850107.469,76,46,None,Move,development
1569850108.464,77,46,None,Move,development
1569850108.47,77,46,None,Move,development
1569850108.486,78,46,None,Move,development
1569850108.502,79,48,None,Move,development
1569850108.5170002,79,51,None,Move,development
1569850108.533,79,52,None,Move,development
1569850108.549,79,53,None,Move,development
1569850108.571,79,54,None,Move,development
1569850108.587,79,55,None,Move,development
1569850108.6020002,79,55,None,Move,development
1569850108.6179998,79,58,None,Move,development
1569850108.633,79,61,None,Move,development
1569850108.649,79,63,None,Move,development
1569850108.671,79,65,None,Move,development
1569850108.687,79,68,None,Move,development
1569850108.702,81,72,None,Move,development
1569850108.718,83,77,None,Move,development
1569850108.734,84,82,None,Move,development
1569850108.7489998,85,85,None,Move,development
1569850108.765,87,90,None,Move,development
1569850108.771,87,91,None,Move,development
1569850108.7870002,89,94,None,Move,development
1569850108.803,90,99,None,Move,development
1569850108.8179998,94,106,None,Move,development
1569850108.834,97,114,None,Move,development
1569850108.85,105,127,None,Move,development
1569850108.865,108,131,None,Move,development
1569850108.8720002,109,134,None,Move,development
1569850108.887,112,139,None,Move,development
1569850108.903,114,141,None,Move,development
1569850108.919,114,142,None,Move,development
1569850109.072,114,142,None,Move,development
1569850109.087,114,140,None,Move,development
1569850109.103,114,135,None,Move,development
1569850109.119,112,130,None,Move,development
1569850109.1339998,112,128,None,Move,development
1569850109.15,112,126,None,Move,development
1569850109.166,113,126,None,Move,development
1569850109.1720002,113,126,None,Move,development
1569850109.187,115,126,None,Move,development
1569850109.2029998,115,126,None,Move,development
1569850109.218,116,127,None,Move,development
1569850109.704,116,127,None,Move,development
1569850109.72,116,126,None,Move,development
1569850109.735,116,122,None,Move,development
1569850109.7510002,116,116,None,Move,development
1569850109.766,114,107,None,Move,development
1569850109.7729998,112,100,None,Move,development
1569850109.789,111,90,None,Move,development
1569850109.804,108,82,None,Move,development
1569850109.82,107,77,None,Move,development
1569850109.835,107,75,None,Move,development
1569850109.851,107,74,None,Move,development
1569850109.9729998,107,73,None,Move,development
1569850109.9889998,107,73,None,Move,development
1569850110.005,107,72,None,Move,development
1569850110.036,107,71,None,Move,development
1569850110.052,107,71,None,Move,development
1569850110.0670002,107,70,None,Move,development
1569850110.074,107,69,None,Move,development
1569850110.089,107,68,None,Move,development
1569850110.105,107,67,None,Move,development
1569850110.121,107,65,None,Move,development
1569850110.1360002,107,64,None,Move,development
1569850110.174,107,63,None,Move,development
1569850110.205,107,62,None,Move,development
1569850110.606,107,61,None,Move,development
1569850111.84,107,60,None,Move,development
1569850111.855,105,59,None,Move,development
1569850111.871,104,58,None,Move,development
1569850111.877,104,58,None,Move,development
1569850111.909,104,57,None,Move,development
1569850111.924,103,57,None,Move,development
1569850111.94,103,57,None,Move,development
1569850111.971,103,57,None,Move,development
1569850111.9770002,103,56,None,Move,development
1569850112.04,102,56,None,Move,development
1569850112.055,102,56,None,Move,development
1569850112.077,101,55,None,Move,development
1569850112.093,100,53,None,Move,development
1569850112.1079998,99,49,None,Move,development
1569850112.1239998,98,47,None,Move,development
1569850112.14,94,40,None,Move,development
1569850112.155,92,37,None,Move,development
1569850112.171,89,32,None,Move,development
1569850112.177,88,30,None,Move,development
1569850112.1929998,85,25,None,Move,development
1569850112.209,84,23,None,Move,development
1569850112.224,83,22,None,Move,development
1569850112.24,83,22,None,Move,development
1569850113.696,83,22,None,Move,development
1569850113.712,88,22,None,Move,development
1569850113.7270002,92,21,None,Move,development
1569850113.7429998,95,21,None,Move,development
1569850113.758,96,21,None,Move,development
1569850113.781,97,21,None,Move,development
1569850113.843,97,21,None,Move,development
1569850113.859,98,20,None,Move,development
1569850113.8739998,99,20,None,Move,development
1569850113.881,99,20,None,Move,development
1569850115.014,99,20,None,Move,development
1569850115.045,99,19,None,Move,development
1569850115.099,99,19,None,Move,development
1569850115.1139998,99,19,None,Move,development
1569850115.13,98,19,None,Move,development
1569850115.145,94,18,None,Move,development
1569850115.161,90,18,None,Move,development
1569850115.177,83,18,None,Move,development
1569850115.1829998,79,18,None,Move,development
1569850115.199,70,17,None,Move,development
1569850115.214,65,17,None,Move,development
1569850115.23,59,16,None,Move,development
1569850115.246,57,16,None,Move,development
1569850115.299,56,16,None,Move,development
1569850115.33,56,16,None,Move,development
1569850115.4770002,55,16,None,Move,development
1569850115.4829998,54,16,None,Move,development
1569850115.4989998,51,16,None,Move,development
1569850115.515,47,16,None,Move,development
1569850115.53,45,16,None,Move,development
1569850115.546,44,16,None,Move,development
1569850115.815,44,16,None,Move,development
1569850115.83,44,16,None,Move,development
1569850115.861,44,17,None,Move,development
1569850115.915,44,17,None,Move,development
1569850115.9829998,44,18,None,Move,development
1569850115.9989998,44,20,None,Move,development
1569850116.014,44,26,None,Move,development
1569850116.03,49,42,None,Move,development
1569850116.046,55,75,None,Move,development
1569850116.061,58,88,None,Move,development
1569850116.077,70,145,None,Move,development
1569850116.083,74,161,None,Move,development
1569850116.099,81,189,None,Move,development
1569850116.115,89,215,None,Move,development
1569850116.13,97,231,None,Move,development
1569850116.146,109,250,None,Move,development
1569850116.1620002,119,266,None,Move,development
1569850116.177,129,283,None,Move,development
1569850116.184,130,286,None,Move,development
1569850116.199,136,299,None,Move,development
1569850116.215,139,309,None,Move,development
1569850116.231,141,315,None,Move,development
1569850116.246,142,323,None,Move,development
1569850116.262,143,331,None,Move,development
1569850116.2770002,145,348,None,Move,development
1569850116.284,145,355,None,Move,development
1569850116.3,145,368,None,Move,development
1569850116.315,146,387,None,Move,development
1569850116.331,146,400,None,Move,development
1569850116.346,146,422,None,Move,development
1569850116.3620002,146,447,None,Move,development
1569850116.3779998,146,471,None,Move,development
1569850116.3839998,145,484,None,Move,development
1569850116.4,142,504,None,Move,development
1569850116.415,139,526,None,Move,development
1569850116.431,138,543,None,Move,development
1569850116.447,138,561,None,Move,development
1569850116.462,138,570,None,Move,development
1569850116.484,138,578,None,Move,development
1569850116.5,140,583,None,Move,development
1569850116.516,140,583,None,Move,development
1569850116.5470002,140,583,None,Move,development
1569850116.563,141,584,None,Move,development
1569850116.585,141,585,None,Move,development
1569850116.6,143,588,None,Move,development
1569850116.6160002,143,592,None,Move,development
1569850116.6320002,144,596,None,Move,development
1569850116.647,146,601,None,Move,development
1569850116.663,146,603,None,Move,development
1569850116.948,147,604,None,Move,development
1569850117.032,147,604,Left,Pressed,development
1569850117.032,147,604,None,Drag,development
1569850117.032,147,604,Left,Released,development
1569850117.349,148,604,None,Move,development
1569850117.38,149,604,None,Move,development
1569850117.4020002,149,604,None,Move,development
1569850117.4870002,150,604,None,Move,development
1569850117.502,154,598,None,Move,development
1569850117.518,161,592,None,Move,development
1569850117.533,181,580,None,Move,development
1569850117.549,215,562,None,Move,development
1569850117.565,278,530,None,Move,development
1569850117.587,341,510,None,Move,development
1569850117.603,425,485,None,Move,development
1569850117.6179998,466,468,None,Move,development
1569850117.6339998,495,456,None,Move,development
1569850117.649,534,439,None,Move,development
1569850117.665,549,431,None,Move,development
1569850117.687,601,414,None,Move,development
1569850117.7029998,615,411,None,Move,development
1569850117.718,624,409,None,Move,development
1569850117.734,626,409,None,Move,development
1569850117.75,626,407,None,Move,development
1569850117.765,626,405,None,Move,development
1569850117.781,626,404,None,Move,development
1569850117.7870002,626,403,None,Move,development
1569850117.803,628,401,None,Move,development
1569850117.819,632,399,None,Move,development
1569850117.834,635,397,None,Move,development
1569850117.85,639,394,None,Move,development
1569850117.8660002,649,389,None,Move,development
1569850117.881,661,387,None,Move,development
1569850117.8879998,669,386,None,Move,development
1569850117.903,680,386,None,Move,development
1569850117.919,696,385,None,Move,development
1569850117.935,704,385,None,Move,development
1569850117.95,708,384,None,Move,development
1569850117.966,711,384,None,Move,development
1569850117.982,711,384,None,Move,development
1569850117.988,712,384,None,Move,development
1569850118.019,712,385,None,Move,development
1569850118.051,712,385,None,Move,development
1569850118.066,712,388,None,Move,development
1569850118.082,712,392,None,Move,development
1569850118.0879998,712,394,None,Move,development
1569850118.104,712,395,None,Move,development
1569850118.12,712,396,None,Move,development
1569850118.189,712,396,Left,Pressed,development
1569850118.289,712,396,Left,Released,development
1569850118.589,712,396,None,Move,development
1569850118.6360002,711,396,None,Move,development
1569850118.6520002,710,396,None,Move,development
1569850118.668,709,396,None,Move,development
1569850118.6829998,707,396,None,Move,development
1569850118.69,706,396,None,Move,development
1569850118.705,706,396,None,Move,development
1569850118.99,704,396,None,Move,development
1569850119.006,703,396,None,Move,development
1569850119.022,698,396,None,Move,development
1569850119.0370002,681,394,None,Move,development
1569850119.053,656,391,None,Move,development
1569850119.0679998,629,385,None,Move,development
1569850119.084,572,366,None,Move,development
1569850119.091,539,354,None,Move,development
1569850119.106,476,324,None,Move,development
1569850119.1220002,442,308,None,Move,development
1569850119.137,367,263,None,Move,development
1569850119.153,258,181,None,Move,development
1569850119.169,176,121,None,Move,development
1569850119.191,95,69,None,Move,development
1569850119.206,21,18,None,Move,development
1569850119.222,-31,-21,None,Move,development
1569850119.238,-3,-2,None,Move,development
1569850119.2529998,0,0,None,Move,development
1569850119.269,0,0,None,Move,development
1569850119.285,0,-1,None,Move,development
1569850119.291,1,0,None,Move,development
1569850119.3070002,2,-1,None,Move,development
1569850119.322,4,-2,None,Move,development
1569850119.3379998,5,0,None,Move,development
1569850119.353,7,-1,None,Move,development
1569850119.369,10,-1,None,Move,development
1569850119.385,15,-1,None,Move,development
1569850119.391,18,-1,None,Move,development
1569850119.407,20,-1,None,Move,development
1569850119.4220002,24,0,None,Move,development
1569850119.438,27,0,None,Move,development
1569850119.454,33,2,None,Move,development
1569850119.469,37,4,None,Move,development
1569850119.485,48,7,None,Move,development
1569850119.4970002,53,9,None,Move,development
1569850119.502,59,10,None,Move,development
1569850119.5170002,61,11,None,Move,development
1569850119.533,64,11,None,Move,development
1569850119.6379998,65,11,None,Move,development
1569850119.654,63,11,None,Move,development
1569850119.67,56,11,None,Move,development
1569850119.685,46,11,None,Move,development
1569850119.6920002,44,11,None,Move,development
1569850119.707,33,11,None,Move,development
1569850119.7229998,26,11,None,Move,development
1569850119.738,22,11,None,Move,development
1569850119.754,21,11,None,Move,development
1569850119.923,21,10,None,Move,browsing
1569850119.939,22,10,None,Move,browsing
1569850119.955,24,10,None,Move,browsing
1569850119.97,25,10,None,Move,browsing
1569850119.992,26,10,None,Move,browsing
1569850120.093,26,10,None,Move,browsing
1569850120.1079998,29,10,None,Move,browsing
1569850120.1239998,35,10,None,Move,browsing
1569850120.14,45,10,None,Move,browsing
1569850120.155,62,14,None,Move,browsing
1569850120.171,68,15,None,Move,browsing
1569850120.186,85,21,None,Move,browsing
1569850120.1929998,88,23,None,Move,browsing
1569850120.224,107,32,None,Move,browsing
1569850120.24,122,38,None,Move,browsing
1569850120.255,123,38,None,Move,browsing
1569850120.2870002,123,39,None,Move,browsing
1569850120.303,122,39,None,Move,browsing
1569850120.313,121,41,None,Move,browsing
1569850120.315,120,41,None,Move,browsing
1569850120.333,120,42,None,Move,browsing
1569850120.335,120,44,None,Move,browsing
1569850120.345,120,48,None,Move,browsing
1569850120.355,131,74,None,Move,browsing
1569850120.3660002,144,98,None,Move,browsing
1569850120.3860002,170,150,None,Move,browsing
1569850120.396,188,182,None,Move,browsing
1569850120.406,231,261,None,Move,browsing
1569850120.426,274,355,None,Move,browsing
1569850120.446,304,430,None,Move,browsing
1569850120.456,319,471,None,Move,browsing
1569850120.464,330,514,None,Move,browsing
1569850120.474,338,544,None,Move,browsing
1569850120.49,350,616,None,Move,browsing
1569850120.505,360,673,None,Move,browsing
1569850120.521,381,754,None,Move,browsing
1569850120.5370002,394,771,None,Move,browsing
1569850120.552,406,778,None,Move,browsing
1569850120.5679998,435,770,None,Move,browsing
1569850120.574,448,769,None,Move,browsing
1569850120.59,467,767,None,Move,browsing
1569850120.606,483,766,None,Move,browsing
1569850120.621,494,762,None,Move,browsing
1569850120.637,504,759,None,Move,browsing
1569850120.653,515,754,None,Move,browsing
1569850120.668,527,747,None,Move,browsing
1569850120.675,533,744,None,Move,browsing
1569850120.69,550,737,None,Move,browsing
1569850120.706,569,733,None,Move,browsing
1569850120.722,591,729,None,Move,browsing
1569850120.7370002,617,726,None,Move,browsing
1569850120.7529998,655,721,None,Move,browsing
1569850120.775,686,718,None,Move,browsing
1569850120.791,726,711,None,Move,browsing
1569850120.806,752,706,None,Move,browsing
1569850120.822,787,698,None,Move,browsing
1569850120.837,809,691,None,Move,browsing
1569850120.853,830,681,None,Move,browsing
1569850120.869,862,660,None,Move,browsing
1569850120.875,876,649,None,Move,browsing
1569850120.891,884,641,None,Move,browsing
1569850120.907,907,615,None,Move,browsing
1569850120.9220002,940,577,None,Move,browsing
1569850120.938,992,511,None,Move,browsing
1569850120.9529998,1048,439,None,Move,browsing
1569850120.969,1102,363,None,Move,browsing
1569850120.976,1124,328,None,Move,browsing
1569850120.9910002,1153,280,None,Move,browsing
1569850121.0070002,1163,261,None,Move,browsing
1569850121.022,1165,251,None,Move,browsing
1569850121.038,1165,251,None,Move,browsing
1569850121.054,1162,251,None,Move,browsing
1569850121.069,1155,253,None,Move,browsing
1569850121.076,1153,255,None,Move,browsing
1569850121.091,1150,257,None,Move,browsing
1569850121.107,1150,257,None,Move,browsing
1569850121.123,1156,243,None,Move,browsing
1569850121.1379998,1165,217,None,Move,browsing
1569850121.154,1181,180,None,Move,browsing
1569850121.17,1210,113,None,Move,browsing
1569850121.176,1219,90,None,Move,browsing
1569850121.1920002,1239,42,None,Move,browsing
1569850121.207,1273,-21,None,Move,browsing
1569850121.2229998,1281,-14,None,Move,browsing
1569850121.238,1305,-9,None,Move,browsing
1569850121.254,1318,-10,None,Move,browsing
1569850121.27,1323,-2,None,Move,browsing
1569850121.276,1323,0,None,Move,browsing
1569850121.292,1323,-1,None,Move,browsing
1569850121.3079998,1322,0,None,Move,browsing
1569850121.323,1318,-1,None,Move,browsing
1569850121.339,1315,0,None,Move,browsing
1569850121.354,1312,0,None,Move,browsing
1569850121.37,1307,0,None,Move,browsing
1569850121.377,1304,-1,None,Move,browsing
1569850121.3920002,1299,-1,None,Move,browsing
1569850121.408,1296,0,None,Move,browsing
1569850121.4770002,1296,0,None,Move,browsing
1569850121.492,1294,0,None,Move,browsing
1569850121.508,1290,1,None,Move,browsing
1569850121.524,1285,1,None,Move,browsing
1569850121.539,1279,1,None,Move,browsing
1569850121.555,1276,1,None,Move,browsing
1569850121.571,1272,1,None,Move,browsing
1569850121.577,1271,1,None,Move,browsing
1569850121.593,1269,1,None,Move,browsing
1569850121.6079998,1267,2,None,Move,browsing
1569850121.6239998,1266,2,None,Move,browsing
1569850121.64,1264,3,None,Move,browsing
1569850121.655,1260,4,None,Move,browsing
1569850121.671,1258,5,None,Move,browsing
1569850121.677,1256,6,None,Move,browsing
1569850121.6929998,1255,7,None,Move,browsing
1569850121.856,1255,7,None,Move,browsing
1569850121.871,1255,8,None,Move,browsing
1569850121.8779998,1255,8,None,Move,browsing
1569850121.894,1255,8,None,Move,browsing
1569850121.925,1255,9,None,Move,file system
1569850121.956,1255,9,None,Move,file system
1569850121.972,1255,9,None,Move,file system
1569850121.978,1255,9,None,Move,file system
1569850121.994,1254,8,None,Move,file system
1569850122.125,1253,8,None,Move,file system
1569850122.141,1253,8,None,Move,file system
1569850122.157,1250,15,None,Move,file system
1569850122.1720002,1245,21,None,Move,file system
1569850122.179,1241,22,None,Move,file system
1569850122.194,1236,23,None,Move,file system
1569850122.21,1231,25,None,Move,file system
1569850122.226,1218,25,None,Move,file system
1569850122.2410002,1199,25,None,Move,file system
1569850122.2570002,1185,27,None,Move,file system
1569850122.272,1175,29,None,Move,file system
1569850122.279,1168,31,None,Move,file system
1569850122.295,1160,33,None,Move,file system
1569850122.31,1147,35,None,Move,file system
1569850122.326,1137,38,None,Move,file system
1569850122.342,1125,41,None,Move,file system
1569850122.357,1111,44,None,Move,file system
1569850122.373,1089,47,None,Move,file system
1569850122.379,1076,48,None,Move,file system
1569850122.395,1055,50,None,Move,file system
1569850122.411,1028,53,None,Move,file system
1569850122.426,1005,55,None,Move,file system
1569850122.4420002,992,55,None,Move,file system
1569850122.457,985,55,None,Move,file system
1569850122.495,983,55,None,Move,file system
1569850122.5110002,986,55,None,Move,file system
1569850122.5270002,995,55,None,Move,file system
1569850122.542,1011,56,None,Move,file system
1569850122.5579998,1034,60,None,Move,file system
1569850122.573,1048,64,None,Move,file system
1569850122.58,1054,67,None,Move,file system
1569850122.596,1061,74,None,Move,file system
1569850122.611,1061,76,None,Move,file system
1569850122.627,1061,81,None,Move,file system
1569850122.6420002,1055,87,None,Move,file system
1569850122.658,1042,97,None,Move,file system
1569850122.68,1023,114,None,Move,file system
1569850122.696,1015,122,None,Move,file system
1569850122.711,1009,131,None,Move,file system
1569850122.7270002,1007,134,None,Move,file system
1569850122.859,1007,135,None,Move,file system
1569850122.9429998,1007,135,Right,Pressed,file system
1569850123.043,1007,135,Right,Released,file system
1569850123.228,1007,135,None,Move,file system
1569850123.244,1010,135,None,Move,file system
1569850123.2589998,1016,135,None,Move,file system
1569850123.275,1020,136,None,Move,file system
1569850123.282,1022,136,None,Move,file system
1569850123.2970002,1029,136,None,Move,file system
1569850123.313,1033,136,None,Move,file system
1569850123.329,1035,136,None,Move,file system
1569850123.344,1036,136,None,Move,file system
1569850123.3820002,1038,136,None,Move,file system
1569850123.429,1038,136,None,Move,file system
1569850123.444,1038,136,None,Move,file system
1569850123.46,1040,138,None,Move,file system
1569850123.476,1043,139,None,Move,file system
1569850123.482,1044,141,None,Move,file system
1569850123.498,1046,142,None,Move,file system
1569850123.5129998,1049,143,None,Move,file system
1569850123.529,1051,146,None,Move,file system
1569850123.545,1053,147,None,Move,file system
1569850123.56,1054,148,None,Move,file system
1569850123.576,1056,148,None,Move,file system
1569850123.582,1057,149,None,Move,file system
1569850123.5979998,1060,150,None,Move,file system
1569850123.6139998,1061,150,None,Move,file system
1569850123.629,1061,150,None,Move,file system
1569850124.014,1061,151,Left,Pressed,file system
1569850124.099,1061,151,Left,Released,file system
1569850124.161,1062,151,None,Move,file system
1569850124.184,1062,151,None,Move,file system
1569850124.4,1062,151,None,Move,file system
1569850124.415,1062,151,None,Move,file system
1569850124.7,1062,151,None,Move,file system
1569850124.716,1062,151,None,Move,file system
1569850124.732,1062,151,None,Move,file system
1569850124.7470002,1062,151,None,Move,file system
1569850124.7629998,1060,151,None,Move,file system
1569850124.785,1060,151,None,Move,file system
1569850124.7970002,1059,151,None,Move,file system
1569850124.815,1059,151,None,Move,file system
1569850124.837,1058,151,None,Move,file system
1569850125.29,1058,151,None,Move,file system
1569850125.3,1057,151,None,Move,file system
1569850125.641,1057,151,None,Move,file system
1569850125.657,1056,151,None,Move,file system
1569850125.673,1055,151,None,Move,file system
1569850125.679,1054,151,None,Move,file system
1569850125.695,1054,151,None,Move,file system
1569850125.71,1053,151,None,Move,file system
1569850125.7570002,1053,151,None,Move,file system
1569850125.842,1052,151,None,Move,file system
1569850125.857,1049,152,None,Move,file system
1569850125.873,1043,152,None,Move,file system
1569850125.88,1040,153,None,Move,file system
1569850125.895,1033,153,None,Move,file system
1569850125.911,1027,153,None,Move,file system
1569850125.927,1023,153,None,Move,file system
1569850125.9420002,1020,153,None,Move,file system
1569850125.958,1016,153,None,Move,file system
1569850125.9729998,1015,153,None,Move,file system
1569850125.98,1013,152,None,Move,file system
1569850125.996,1009,150,None,Move,file system
1569850126.0110002,1007,150,None,Move,file system
1569850126.0270002,1005,148,None,Move,file system
1569850126.158,1004,148,None,Move,file system
1569850126.18,1004,148,None,Move,file system
1569850126.196,1004,148,None,Move,file system
