client_timestamp,x,y,button,state,window
1568208484.1120002,56,681,None,Move,office
1568208484.1520002,56,682,None,Move,office
1568208484.262,56,682,None,Move,office
1568208484.272,56,681,None,Move,office
1568208484.282,56,681,None,Move,office
1568208484.296,56,680,None,Move,office
1568208534.8839998,54,677,None,Move,browsing
1568208534.89,47,670,None,Move,browsing
1568208534.9020002,40,660,None,Move,browsing
1568208534.9120002,34,652,None,Move,browsing
1568208534.9220002,33,652,None,Move,browsing
1568208534.9420002,33,652,None,Move,browsing
1568208534.952,33,652,None,Move,browsing
1568208534.962,34,654,None,Move,browsing
1568208534.972,39,655,None,Move,browsing
1568208534.984,49,656,None,Move,browsing
1568208534.9910002,63,656,None,Move,browsing
1568208535.002,115,660,None,Move,browsing
1568208535.012,156,662,None,Move,browsing
1568208535.022,258,670,None,Move,browsing
1568208535.032,299,673,None,Move,browsing
1568208535.041,370,680,None,Move,browsing
1568208535.055,465,689,None,Move,browsing
1568208535.062,520,695,None,Move,browsing
1568208535.072,549,700,None,Move,browsing
1568208535.081,576,708,None,Move,browsing
1568208535.085,605,714,None,Move,browsing
1568208535.091,619,719,None,Move,browsing
1568208535.105,630,722,None,Move,browsing
1568208535.1120002,640,725,None,Move,browsing
1568208535.1260002,653,731,None,Move,browsing
1568208535.1320002,660,735,None,Move,browsing
1568208535.1420002,665,739,None,Move,browsing
1568208535.151,674,748,None,Move,browsing
1568208535.1720002,688,766,None,Move,browsing
1568208535.184,696,776,None,Move,browsing
1568208535.191,699,781,None,Move,browsing
1568208535.201,703,787,None,Move,browsing
1568208535.212,707,797,None,Move,browsing
1568208535.221,710,801,None,Move,browsing
1568208535.231,712,805,None,Move,browsing
1568208535.242,717,814,None,Move,browsing
1568208535.262,720,819,None,Move,browsing
1568208535.272,724,825,None,Move,browsing
1568208535.285,724,827,None,Move,browsing
1568208535.291,726,828,None,Move,browsing
1568208535.301,726,830,None,Move,browsing
1568208535.312,728,832,None,Move,browsing
1568208535.342,728,832,None,Move,browsing
1568208535.3620002,728,833,None,Move,browsing
1568208535.3720002,729,833,None,Move,browsing
1568208535.3820002,731,833,None,Move,browsing
1568208535.391,732,833,None,Move,browsing
1568208535.4020002,733,833,None,Move,browsing
1568208535.4220002,734,833,None,Move,browsing
1568208535.6620002,735,833,None,Move,browsing
1568208535.69,735,833,None,Move,browsing
1568208535.704,741,828,None,Move,browsing
1568208535.712,743,826,None,Move,browsing
1568208535.722,747,822,None,Move,browsing
1568208535.731,760,812,None,Move,browsing
1568208535.742,765,809,None,Move,browsing
1568208535.7610002,773,805,None,Move,browsing
1568208535.772,777,802,None,Move,browsing
1568208535.776,782,800,None,Move,browsing
1568208535.785,788,797,None,Move,browsing
1568208535.79,794,795,None,Move,browsing
1568208535.805,804,791,None,Move,browsing
1568208535.812,808,790,None,Move,browsing
1568208535.822,814,787,None,Move,browsing
1568208535.832,824,783,None,Move,browsing
1568208535.841,832,780,None,Move,browsing
1568208535.8520002,835,778,None,Move,browsing
1568208535.861,840,775,None,Move,browsing
1568208535.871,842,775,None,Move,browsing
1568208535.885,845,773,None,Move,browsing
1568208535.891,846,772,None,Move,browsing
1568208535.9020002,847,771,None,Move,browsing
1568208536.105,847,771,None,Move,browsing
1568208536.161,847,771,None,Move,browsing
1568208536.1820002,848,770,None,Move,browsing
1568208536.191,850,769,None,Move,browsing
1568208536.202,858,766,None,Move,browsing
1568208536.211,862,764,None,Move,browsing
1568208536.222,865,762,None,Move,browsing
1568208536.236,870,760,None,Move,browsing
1568208536.242,871,760,None,Move,browsing
1568208536.2510002,872,760,None,Move,browsing
1568208536.262,872,760,None,Move,browsing
1568208537.111,873,759,None,Move,browsing
1568208537.121,876,756,None,Move,browsing
1568208537.131,878,753,None,Move,browsing
1568208537.1420002,879,751,None,Move,browsing
1568208537.151,883,749,None,Move,browsing
1568208537.165,887,744,None,Move,browsing
1568208537.1720002,891,740,None,Move,browsing
1568208537.186,896,736,None,Move,browsing
1568208537.196,899,733,None,Move,browsing
1568208537.201,902,731,None,Move,browsing
1568208537.211,902,729,None,Move,browsing
1568208537.221,905,728,None,Move,browsing
1568208537.231,907,725,None,Move,browsing
1568208537.242,907,723,None,Move,browsing
1568208537.252,908,722,None,Move,browsing
1568208537.265,908,720,None,Move,browsing
1568208537.272,908,718,None,Move,browsing
1568208537.281,908,716,None,Move,browsing
1568208537.292,908,713,None,Move,browsing
1568208537.305,908,712,None,Move,browsing
1568208537.312,908,711,None,Move,browsing
1568208537.322,908,709,None,Move,browsing
1568208537.331,908,708,None,Move,browsing
1568208537.335,908,707,None,Move,browsing
1568208537.341,908,705,None,Move,browsing
1568208537.3520002,908,704,None,Move,browsing
1568208537.361,908,702,None,Move,browsing
1568208537.3660002,908,701,None,Move,browsing
1568208537.371,908,698,None,Move,browsing
1568208537.3820002,908,695,None,Move,browsing
1568208537.3920002,910,691,None,Move,browsing
1568208537.401,911,686,None,Move,browsing
1568208537.4120002,914,680,None,Move,browsing
1568208537.4220002,915,675,None,Move,browsing
1568208537.431,916,672,None,Move,browsing
1568208537.445,918,665,None,Move,browsing
1568208537.451,918,662,None,Move,browsing
1568208537.461,919,658,None,Move,browsing
1568208537.472,920,652,None,Move,browsing
1568208537.482,922,639,None,Move,browsing
1568208537.492,922,633,None,Move,browsing
1568208537.502,922,626,None,Move,browsing
1568208537.512,922,615,None,Move,browsing
1568208537.521,922,613,None,Move,browsing
1568208537.531,922,609,None,Move,browsing
1568208537.542,921,604,None,Move,browsing
1568208537.546,921,602,None,Move,browsing
1568208537.556,921,601,None,Move,browsing
1568208537.562,920,599,None,Move,browsing
1568208537.572,918,595,None,Move,browsing
1568208537.582,918,592,None,Move,browsing
1568208537.592,916,588,None,Move,browsing
1568208537.6020002,915,587,None,Move,browsing
1568208537.6120002,915,584,None,Move,browsing
1568208537.6160002,913,582,None,Move,browsing
1568208537.6220002,912,581,None,Move,browsing
1568208537.631,911,579,None,Move,browsing
1568208537.6420002,910,578,None,Move,browsing
1568208537.651,909,577,None,Move,browsing
1568208537.655,908,575,None,Move,browsing
1568208537.665,908,574,None,Move,browsing
1568208537.6720002,906,573,None,Move,browsing
1568208537.6820002,906,572,None,Move,browsing
1568208537.6920002,904,570,None,Move,browsing
1568208537.702,903,569,None,Move,browsing
1568208537.712,902,567,None,Move,browsing
1568208537.722,901,566,None,Move,browsing
1568208537.731,899,564,None,Move,browsing
1568208537.742,898,562,None,Move,browsing
1568208537.752,896,561,None,Move,browsing
1568208537.756,894,560,None,Move,browsing
1568208537.762,893,559,None,Move,browsing
1568208537.782,888,558,None,Move,browsing
1568208537.795,883,557,None,Move,browsing
1568208537.801,880,557,None,Move,browsing
1568208537.811,877,557,None,Move,browsing
1568208537.822,876,557,None,Move,browsing
1568208537.832,867,560,None,Move,browsing
1568208537.842,862,562,None,Move,browsing
1568208537.8520002,859,562,None,Move,browsing
1568208537.861,856,564,None,Move,browsing
1568208537.8820002,850,566,None,Move,browsing
1568208537.891,846,567,None,Move,browsing
1568208537.8920002,843,569,None,Move,browsing
1568208537.901,840,570,None,Move,browsing
1568208537.911,838,570,None,Move,browsing
1568208537.921,832,572,None,Move,browsing
1568208537.9320002,828,573,None,Move,browsing
1568208537.941,821,575,None,Move,browsing
1568208537.952,816,576,None,Move,browsing
1568208537.961,813,577,None,Move,browsing
1568208537.972,808,578,None,Move,browsing
1568208537.992,805,578,None,Move,browsing
1568208538.005,804,579,None,Move,browsing
1568208538.0110002,804,579,None,Move,browsing
1568208538.072,802,579,None,Move,browsing
1568208538.081,801,579,None,Move,browsing
1568208538.092,800,579,None,Move,browsing
1568208538.1,799,579,None,Move,browsing
1568208538.1120002,799,579,None,Move,browsing
1568208538.121,797,579,None,Move,browsing
1568208538.131,796,579,None,Move,browsing
1568208538.1420002,795,579,None,Move,browsing
1568208538.1520002,789,577,None,Move,browsing
1568208538.1620002,786,576,None,Move,browsing
1568208538.171,782,575,None,Move,browsing
1568208538.1820002,776,573,None,Move,browsing
1568208538.1920002,763,569,None,Move,browsing
1568208538.201,755,564,None,Move,browsing
1568208538.211,748,561,None,Move,browsing
1568208538.221,740,558,None,Move,browsing
1568208538.232,730,553,None,Move,browsing
1568208538.242,724,549,None,Move,browsing
1568208538.2510002,720,546,None,Move,browsing
1568208538.262,709,537,None,Move,browsing
1568208538.281,701,530,None,Move,browsing
1568208538.291,697,525,None,Move,browsing
1568208538.292,696,522,None,Move,browsing
1568208538.302,693,519,None,Move,browsing
1568208538.311,689,514,None,Move,browsing
1568208538.322,688,513,None,Move,browsing
1568208538.342,682,505,None,Move,browsing
1568208538.351,680,503,None,Move,browsing
1568208538.3620002,677,498,None,Move,browsing
1568208538.371,676,496,None,Move,browsing
1568208538.3820002,674,491,None,Move,browsing
1568208538.3920002,672,488,None,Move,browsing
1568208538.406,669,483,None,Move,browsing
1568208538.411,667,479,None,Move,browsing
1568208538.421,665,476,None,Move,browsing
1568208538.4320002,661,471,None,Move,browsing
1568208538.4420002,659,470,None,Move,browsing
1568208538.452,656,468,None,Move,browsing
1568208538.461,655,466,None,Move,browsing
1568208538.471,653,465,None,Move,browsing
1568208538.482,651,463,None,Move,browsing
1568208538.492,650,462,None,Move,browsing
1568208538.5010002,650,461,None,Move,browsing
1568208538.5110002,649,461,None,Move,browsing
1568208538.7629998,649,461,None,Move,browsing
1568208538.782,649,461,None,Move,browsing
1568208538.822,650,461,None,Move,browsing
1568208538.8520002,650,461,None,Move,browsing
1568208538.8620002,651,461,None,Move,browsing
1568208538.8660002,652,461,None,Move,browsing
1568208538.8720002,653,461,None,Move,browsing
1568208538.8820002,655,461,None,Move,browsing
1568208538.891,657,461,None,Move,browsing
1568208538.893,661,461,None,Move,browsing
1568208538.905,664,461,None,Move,browsing
1568208538.9120002,670,462,None,Move,browsing
1568208538.9220002,678,462,None,Move,browsing
1568208538.9320002,681,462,None,Move,browsing
1568208538.936,687,462,None,Move,browsing
1568208538.9420002,697,462,None,Move,browsing
1568208538.951,709,462,None,Move,browsing
1568208538.961,712,462,None,Move,browsing
1568208538.971,735,462,None,Move,browsing
1568208538.982,748,462,None,Move,browsing
1568208538.9929998,765,461,None,Move,browsing
1568208539.0,777,459,None,Move,browsing
1568208539.005,789,458,None,Move,browsing
1568208539.0129998,796,457,None,Move,browsing
1568208539.031,830,453,None,Move,browsing
1568208539.041,843,450,None,Move,browsing
1568208539.045,853,448,None,Move,browsing
1568208539.051,862,446,None,Move,browsing
1568208539.061,871,444,None,Move,browsing
1568208539.072,888,440,None,Move,browsing
1568208539.081,891,439,None,Move,browsing
1568208539.093,893,439,None,Move,browsing
1568208539.161,893,438,None,Move,browsing
1568208539.1929998,893,438,None,Move,browsing
1568208539.212,893,438,None,Move,browsing
1568208539.216,891,438,None,Move,browsing
1568208539.222,889,438,None,Move,browsing
1568208539.232,887,440,None,Move,browsing
1568208539.242,883,440,None,Move,browsing
1568208539.252,879,441,None,Move,browsing
1568208539.262,866,442,None,Move,browsing
1568208539.272,857,442,None,Move,browsing
1568208539.282,836,441,None,Move,browsing
1568208539.286,821,438,None,Move,browsing
1568208539.293,791,432,None,Move,browsing
1568208539.301,755,417,None,Move,browsing
1568208539.312,718,397,None,Move,browsing
1568208539.322,669,364,None,Move,browsing
1568208539.351,494,189,None,Move,browsing
1568208539.365,406,97,None,Move,browsing
1568208539.3720002,363,54,None,Move,browsing
1568208539.3820002,329,22,None,Move,browsing
1568208539.393,298,-7,None,Move,browsing
1568208539.401,249,-44,None,Move,browsing
1568208539.426,228,-20,None,Move,browsing
1568208539.431,222,-5,None,Move,browsing
1568208539.4420002,217,-6,None,Move,browsing
1568208539.462,216,-1,None,Move,browsing
1568208539.526,216,0,None,Move,browsing
1568208539.566,216,-1,None,Move,browsing
1568208539.701,215,0,None,Move,browsing
1568208539.712,214,0,None,Move,browsing
1568208539.725,209,0,None,Move,browsing
1568208539.746,201,0,None,Move,browsing
1568208539.756,189,0,None,Move,browsing
1568208539.762,181,-1,None,Move,browsing
1568208539.793,157,0,None,Move,browsing
1568208539.806,144,1,None,Move,browsing
1568208539.812,142,1,None,Move,browsing
1568208539.825,140,2,None,Move,browsing
1568208539.8920002,140,3,None,Move,browsing
1568208539.921,140,3,None,Move,browsing
1568208539.952,140,3,None,Move,browsing
1568208540.093,140,3,None,Move,browsing
1568208540.1,140,3,Left,Pressed,browsing
1568208540.2,140,3,Left,Released,browsing
1568208540.271,142,3,None,Move,browsing
1568208540.281,144,4,None,Move,browsing
1568208540.293,147,4,None,Move,browsing
1568208540.301,154,4,None,Move,browsing
1568208540.311,157,4,None,Move,browsing
1568208540.322,164,4,None,Move,browsing
1568208540.326,171,4,None,Move,browsing
1568208540.336,180,4,None,Move,browsing
1568208540.342,188,4,None,Move,browsing
1568208540.351,195,4,None,Move,browsing
1568208540.356,199,4,None,Move,browsing
1568208540.371,207,4,None,Move,browsing
1568208540.385,222,4,None,Move,browsing
1568208540.394,227,3,None,Move,browsing
1568208540.401,230,3,None,Move,browsing
1568208540.4120002,241,2,None,Move,browsing
1568208540.427,250,0,None,Move,browsing
1568208540.4420002,252,-1,None,Move,browsing
1568208540.455,259,0,None,Move,browsing
1568208540.465,266,-2,None,Move,browsing
1568208540.471,268,0,None,Move,browsing
1568208540.481,272,-1,None,Move,browsing
1568208540.494,275,0,None,Move,browsing
1568208540.5010002,277,0,None,Move,browsing
1568208540.531,278,0,None,Move,browsing
1568208540.562,278,-1,None,Move,browsing
1568208540.571,278,0,Left,Pressed,browsing
1568208540.675,278,0,Left,Released,browsing
1568208540.982,279,0,None,Move,browsing
1568208540.992,280,0,None,Move,browsing
1568208540.995,287,0,None,Move,browsing
1568208541.0010002,294,-1,None,Move,browsing
1568208541.012,302,-1,None,Move,browsing
1568208541.021,313,0,None,Move,browsing
1568208541.032,330,-1,None,Move,browsing
1568208541.046,369,-3,None,Move,browsing
1568208541.051,382,-1,None,Move,browsing
1568208541.061,409,-2,None,Move,browsing
1568208541.066,439,-1,None,Move,browsing
1568208541.075,461,0,None,Move,browsing
1568208541.092,476,-1,None,Move,browsing
1568208541.1139998,535,-1,None,Move,browsing
1568208541.155,612,0,None,Move,browsing
1568208541.1620002,644,-3,None,Move,browsing
1568208541.175,670,-1,None,Move,browsing
1568208541.197,694,-3,None,Move,browsing
1568208541.209,712,-2,None,Move,browsing
1568208541.22,719,-1,None,Move,browsing
1568208541.232,730,-2,None,Move,browsing
1568208541.245,738,-2,None,Move,browsing
1568208541.2670002,742,-1,None,Move,browsing
1568208541.272,743,0,None,Move,browsing
1568208541.29,743,-1,None,Move,browsing
1568208541.314,743,0,None,Move,browsing
1568208541.334,743,0,None,Move,browsing
1568208541.342,742,-1,None,Move,browsing
1568208541.351,740,0,None,Move,browsing
1568208541.354,737,0,None,Move,browsing
1568208541.3639998,733,0,None,Move,browsing
1568208541.375,728,-1,None,Move,browsing
1568208541.385,709,0,None,Move,browsing
1568208541.405,704,0,None,Move,browsing
1568208541.418,678,0,None,Move,browsing
1568208541.428,651,0,None,Move,browsing
1568208541.438,639,0,None,Move,browsing
1568208541.4420002,628,0,None,Move,browsing
1568208541.451,613,0,None,Move,browsing
1568208541.46,609,0,None,Move,browsing
1568208541.471,596,0,None,Move,browsing
1568208541.484,585,0,None,Move,browsing
1568208541.495,578,-1,None,Move,browsing
1568208541.504,574,0,None,Move,browsing
1568208541.514,574,-1,None,Move,browsing
1568208541.601,574,0,None,Move,browsing
1568208541.762,574,-1,Left,Pressed,browsing
1568208541.762,574,-1,None,Drag,browsing
1568208541.762,574,-1,Left,Released,browsing
1568208541.961,574,0,None,Move,browsing
1568208542.1320002,574,0,None,Move,browsing
1568208542.1320002,574,1,None,Move,browsing
1568208542.1420002,574,2,None,Move,browsing
1568208542.1520002,577,5,None,Move,browsing
1568208542.1620002,579,8,None,Move,browsing
1568208542.176,586,16,None,Move,browsing
1568208542.186,588,19,None,Move,browsing
1568208542.1920002,594,26,None,Move,browsing
1568208542.201,600,32,None,Move,browsing
1568208542.216,613,50,None,Move,browsing
1568208542.222,618,56,None,Move,browsing
1568208542.232,626,69,None,Move,browsing
1568208542.2510002,634,80,None,Move,browsing
1568208542.262,645,99,None,Move,browsing
1568208542.276,662,133,None,Move,browsing
1568208542.282,665,144,None,Move,browsing
1568208542.291,670,153,None,Move,browsing
1568208542.301,675,166,None,Move,browsing
1568208542.312,677,172,None,Move,browsing
1568208542.333,690,203,None,Move,browsing
1568208542.346,696,214,None,Move,browsing
1568208542.3520002,698,221,None,Move,browsing
1568208542.365,708,244,None,Move,browsing
1568208542.3720002,710,249,None,Move,browsing
1568208542.3820002,719,275,None,Move,browsing
1568208542.3920002,725,289,None,Move,browsing
1568208542.401,731,301,None,Move,browsing
1568208542.411,734,309,None,Move,browsing
1568208542.421,748,344,None,Move,browsing
1568208542.4329998,754,356,None,Move,browsing
1568208542.44,759,366,None,Move,browsing
1568208542.452,762,375,None,Move,browsing
1568208542.462,768,391,None,Move,browsing
1568208542.471,772,399,None,Move,browsing
1568208542.481,776,413,None,Move,browsing
1568208542.492,783,439,None,Move,browsing
1568208542.5010002,784,443,None,Move,browsing
1568208542.521,792,479,None,Move,browsing
1568208542.533,799,504,None,Move,browsing
1568208542.54,801,511,None,Move,browsing
1568208542.552,802,520,None,Move,browsing
1568208542.571,805,532,None,Move,browsing
1568208542.581,807,538,None,Move,browsing
1568208542.592,808,540,None,Move,browsing
1568208542.6020002,809,542,None,Move,browsing
1568208542.611,809,542,None,Move,browsing
1568208542.6220002,810,542,None,Move,browsing
1568208542.722,810,542,None,Move,browsing
1568208542.7329998,810,540,None,Move,browsing
1568208542.7410002,809,535,None,Move,browsing
1568208542.771,803,513,None,Move,browsing
1568208542.786,800,502,None,Move,browsing
1568208542.791,798,497,None,Move,browsing
1568208542.801,796,494,None,Move,browsing
1568208542.812,795,491,None,Move,browsing
1568208542.815,794,488,None,Move,browsing
1568208542.822,793,486,None,Move,browsing
1568208542.833,792,485,None,Move,browsing
1568208542.9020002,792,485,None,Move,browsing
1568208542.9120002,793,486,None,Move,browsing
1568208542.921,793,486,None,Move,browsing
1568208542.9329998,794,488,None,Move,browsing
1568208542.941,794,488,None,Move,browsing
1568208542.954,795,488,None,Move,browsing
1568208543.816,795,488,None,Move,browsing
1568208543.825,795,487,None,Move,browsing
1568208543.833,793,484,None,Move,browsing
1568208543.841,792,482,None,Move,browsing
1568208543.855,791,477,None,Move,browsing
1568208543.8620002,790,473,None,Move,browsing
1568208543.8720002,789,468,None,Move,browsing
1568208543.875,788,463,None,Move,browsing
1568208543.885,788,457,None,Move,browsing
1568208543.8920002,788,448,None,Move,browsing
1568208543.9020002,788,440,None,Move,browsing
1568208543.911,788,437,None,Move,browsing
1568208543.921,789,419,None,Move,browsing
1568208543.9320002,794,406,None,Move,browsing
1568208543.94,797,395,None,Move,browsing
1568208543.952,799,390,None,Move,browsing
1568208543.972,807,372,None,Move,browsing
1568208543.981,811,360,None,Move,browsing
1568208543.9910002,812,356,None,Move,browsing
1568208544.0010002,814,349,None,Move,browsing
1568208544.012,814,346,None,Move,browsing
1568208544.021,814,344,None,Move,browsing
1568208544.0370002,814,342,None,Move,browsing
1568208544.041,814,342,None,Move,browsing
1568208544.051,812,341,None,Move,browsing
1568208544.065,807,337,None,Move,browsing
1568208544.072,804,337,None,Move,browsing
1568208544.082,794,333,None,Move,browsing
1568208544.092,781,331,None,Move,browsing
1568208544.096,765,328,None,Move,browsing
1568208544.1020002,753,325,None,Move,browsing
1568208544.111,736,323,None,Move,browsing
1568208544.1220002,723,320,None,Move,browsing
1568208544.1360002,687,315,None,Move,browsing
1568208544.141,672,313,None,Move,browsing
1568208544.151,656,312,None,Move,browsing
1568208544.1620002,641,311,None,Move,browsing
1568208544.166,630,310,None,Move,browsing
1568208544.1720002,622,309,None,Move,browsing
1568208544.1820002,612,308,None,Move,browsing
1568208544.1920002,605,307,None,Move,browsing
1568208544.201,603,307,None,Move,browsing
1568208544.2410002,602,306,None,Move,browsing
1568208544.252,602,306,None,Move,browsing
1568208544.262,601,308,None,Move,browsing
1568208544.272,601,309,None,Move,browsing
1568208544.282,597,313,None,Move,browsing
1568208544.292,596,314,None,Move,browsing
1568208544.301,593,316,None,Move,browsing
1568208544.311,592,317,None,Move,browsing
1568208544.322,587,320,None,Move,browsing
1568208544.332,586,321,None,Move,browsing
1568208544.341,584,322,None,Move,browsing
1568208544.346,582,323,None,Move,browsing
1568208544.3520002,580,323,None,Move,browsing
1568208544.361,579,324,None,Move,browsing
1568208544.3720002,577,324,None,Move,browsing
1568208544.3820002,574,325,None,Move,browsing
1568208544.391,572,326,None,Move,browsing
1568208544.4020002,571,326,None,Move,browsing
1568208544.411,569,326,None,Move,browsing
1568208544.4220002,566,326,None,Move,browsing
1568208544.4320002,565,326,None,Move,browsing
1568208544.4420002,563,326,None,Move,browsing
1568208544.452,562,326,None,Move,browsing
1568208544.456,561,326,None,Move,browsing
1568208544.462,560,326,None,Move,browsing
1568208544.472,560,326,None,Move,browsing
1568208544.592,559,326,None,Move,browsing
1568208544.6120002,559,326,None,Move,browsing
1568208544.6220002,558,326,None,Move,browsing
1568208544.6320002,557,326,None,Move,browsing
1568208544.6420002,555,326,None,Move,browsing
1568208544.651,554,326,None,Move,browsing
1568208544.6620002,553,325,None,Move,browsing
1568208544.671,550,324,None,Move,browsing
1568208544.6820002,549,324,None,Move,browsing
1568208544.6920002,549,324,None,Move,browsing
1568208544.702,548,322,None,Move,browsing
1568208544.712,547,322,None,Move,browsing
1568208544.841,547,322,Left,Pressed,browsing
1568208544.841,547,322,None,Drag,browsing
1568208544.8920002,547,322,None,Drag,browsing
1568208544.9120002,548,322,None,Drag,browsing
1568208544.9220002,552,322,None,Drag,browsing
1568208544.9320002,555,322,None,Drag,browsing
1568208544.9420002,559,321,None,Drag,browsing
1568208544.946,565,321,None,Drag,browsing
1568208544.952,573,320,None,Drag,browsing
1568208544.961,583,319,None,Drag,browsing
1568208544.972,597,318,None,Drag,browsing
1568208544.982,606,317,None,Drag,browsing
1568208544.995,642,314,None,Drag,browsing
1568208545.002,663,312,None,Drag,browsing
1568208545.0110002,691,310,None,Drag,browsing
1568208545.021,732,308,None,Drag,browsing
1568208545.032,754,306,None,Drag,browsing
1568208545.042,767,306,None,Drag,browsing
1568208545.05,794,305,None,Drag,browsing
1568208545.064,843,305,None,Drag,browsing
1568208545.072,860,305,None,Drag,browsing
1568208545.082,873,305,None,Drag,browsing
1568208545.092,886,305,None,Drag,browsing
1568208545.096,898,305,None,Drag,browsing
1568208545.1020002,910,305,None,Drag,browsing
1568208545.111,922,305,None,Drag,browsing
1568208545.1220002,929,305,None,Drag,browsing
1568208545.1320002,938,305,None,Drag,browsing
1568208545.1420002,943,305,None,Drag,browsing
1568208545.151,949,305,None,Drag,browsing
1568208545.1620002,954,305,None,Drag,browsing
1568208545.1720002,955,305,None,Drag,browsing
1568208545.181,957,305,None,Drag,browsing
1568208545.1920002,959,305,None,Drag,browsing
1568208545.201,961,305,None,Drag,browsing
1568208545.211,961,305,None,Drag,browsing
1568208545.222,962,306,None,Drag,browsing
1568208545.231,964,306,None,Drag,browsing
1568208545.242,966,306,None,Drag,browsing
1568208545.2510002,968,306,None,Drag,browsing
1568208545.262,971,306,None,Drag,browsing
1568208545.271,973,306,None,Drag,browsing
1568208545.282,974,307,None,Drag,browsing
1568208545.291,976,307,None,Drag,browsing
1568208545.302,978,307,None,Drag,browsing
1568208545.311,983,308,None,Drag,browsing
1568208545.325,986,309,None,Drag,browsing
1568208545.331,988,309,None,Drag,browsing
1568208545.342,990,309,None,Drag,browsing
1568208545.3520002,993,309,None,Drag,browsing
1568208545.361,994,310,None,Drag,browsing
1568208545.522,994,310,None,Drag,browsing
1568208545.552,993,311,None,Drag,browsing
1568208545.556,992,311,None,Drag,browsing
1568208545.562,989,311,None,Drag,browsing
1568208545.571,988,312,None,Drag,browsing
1568208545.581,987,312,None,Drag,browsing
1568208545.6020002,984,313,None,Drag,browsing
1568208545.6120002,983,313,None,Drag,browsing
1568208545.6220002,982,313,None,Drag,browsing
1568208545.6320002,979,313,None,Drag,browsing
1568208545.6420002,978,313,None,Drag,browsing
1568208545.651,976,313,None,Drag,browsing
1568208545.666,973,313,None,Drag,browsing
1568208545.6720002,972,313,None,Drag,browsing
1568208545.6820002,971,313,None,Drag,browsing
1568208545.691,968,313,None,Drag,browsing
1568208545.702,964,313,None,Drag,browsing
1568208545.711,962,313,None,Drag,browsing
1568208545.722,961,313,None,Drag,browsing
1568208545.732,959,313,None,Drag,browsing
1568208545.742,959,313,None,Drag,browsing
1568208545.742,959,313,Left,Released,browsing
1568208546.712,959,313,None,Move,browsing
1568208546.722,957,311,None,Move,browsing
1568208546.732,955,306,None,Move,browsing
1568208546.7429998,953,300,None,Move,browsing
1568208546.7510002,951,294,None,Move,browsing
1568208546.7610002,948,286,None,Move,browsing
1568208546.771,942,261,None,Move,browsing
1568208546.782,940,249,None,Move,browsing
1568208546.792,937,230,None,Move,browsing
1568208546.802,932,201,None,Move,browsing
1568208546.812,927,180,None,Move,browsing
1568208546.821,925,168,None,Move,browsing
1568208546.832,923,162,None,Move,browsing
1568208546.836,921,154,None,Move,browsing
1568208546.843,919,150,None,Move,browsing
1568208546.851,918,147,None,Move,browsing
1568208546.861,918,144,None,Move,browsing
1568208546.8720002,918,142,None,Move,browsing
1568208546.8760002,918,140,None,Move,browsing
1568208546.8820002,918,135,None,Move,browsing
1568208546.8920002,918,131,None,Move,browsing
1568208546.9020002,918,128,None,Move,browsing
1568208546.911,920,116,None,Move,browsing
1568208546.921,921,112,None,Move,browsing
1568208546.9320002,922,104,None,Move,browsing
1568208546.941,922,100,None,Move,browsing
1568208546.9429998,923,92,None,Move,browsing
1568208546.95,923,85,None,Move,browsing
1568208546.962,924,80,None,Move,browsing
1568208546.971,924,78,None,Move,browsing
1568208546.981,924,74,None,Move,browsing
1568208546.992,925,66,None,Move,browsing
1568208547.0010002,925,64,None,Move,browsing
1568208547.012,925,61,None,Move,browsing
1568208547.015,924,58,None,Move,browsing
1568208547.022,923,56,None,Move,browsing
1568208547.032,921,54,None,Move,browsing
1568208547.042,919,51,None,Move,browsing
1568208547.044,916,48,None,Move,browsing
1568208547.056,914,45,None,Move,browsing
1568208547.062,912,42,None,Move,browsing
1568208547.071,911,41,None,Move,browsing
1568208547.086,905,36,None,Move,browsing
1568208547.092,903,35,None,Move,browsing
1568208547.1120002,899,31,None,Move,browsing
1568208547.1320002,897,30,None,Move,browsing
1568208547.156,895,28,None,Move,browsing
1568208547.1720002,894,28,None,Move,browsing
1568208547.244,894,29,None,Move,browsing
1568208547.2510002,894,32,None,Move,browsing
1568208547.2610002,894,36,None,Move,browsing
1568208547.275,895,43,None,Move,browsing
1568208547.292,902,70,None,Move,browsing
1568208547.302,909,94,None,Move,browsing
1568208547.322,918,122,None,Move,browsing
1568208547.331,927,145,None,Move,browsing
1568208547.35,941,186,None,Move,browsing
1568208547.3620002,954,225,None,Move,browsing
1568208547.371,962,253,None,Move,browsing
1568208547.3820002,966,267,None,Move,browsing
1568208547.391,975,299,None,Move,browsing
1568208547.4020002,984,321,None,Move,browsing
1568208547.421,997,358,None,Move,browsing
1568208547.431,1016,409,None,Move,browsing
1568208547.441,1021,421,None,Move,browsing
1568208547.45,1027,435,None,Move,browsing
1568208547.475,1039,467,None,Move,browsing
1568208547.481,1041,473,None,Move,browsing
1568208547.4910002,1044,485,None,Move,browsing
1568208547.505,1048,499,None,Move,browsing
1568208547.512,1050,508,None,Move,browsing
1568208547.521,1051,513,None,Move,browsing
1568208547.532,1051,520,None,Move,browsing
1568208547.544,1051,523,None,Move,browsing
1568208547.551,1051,526,None,Move,browsing
1568208547.565,1049,530,None,Move,browsing
1568208547.575,1048,532,None,Move,browsing
1568208547.581,1047,532,None,Move,browsing
1568208547.591,1046,533,None,Move,browsing
1568208547.605,1043,533,None,Move,browsing
1568208547.611,1042,534,None,Move,browsing
1568208547.6220002,1040,536,None,Move,browsing
1568208547.6260002,1037,537,None,Move,browsing
1568208547.6320002,1032,539,None,Move,browsing
1568208547.6420002,1027,542,None,Move,browsing
1568208547.651,1025,542,None,Move,browsing
1568208547.6620002,1015,547,None,Move,browsing
1568208547.6720002,1009,549,None,Move,browsing
1568208547.6820002,1002,551,None,Move,browsing
1568208547.695,987,555,None,Move,browsing
1568208547.701,979,556,None,Move,browsing
1568208547.712,969,558,None,Move,browsing
1568208547.722,961,559,None,Move,browsing
1568208547.736,943,562,None,Move,browsing
1568208547.744,930,564,None,Move,browsing
1568208547.75,919,565,None,Move,browsing
1568208547.762,910,565,None,Move,browsing
1568208547.772,895,565,None,Move,browsing
1568208547.781,886,565,None,Move,browsing
1568208547.792,879,565,None,Move,browsing
1568208547.805,868,565,None,Move,browsing
1568208547.811,862,565,None,Move,browsing
1568208547.822,856,565,None,Move,browsing
1568208547.831,850,565,None,Move,browsing
1568208547.845,839,565,None,Move,browsing
1568208547.851,828,565,None,Move,browsing
1568208547.8620002,821,566,None,Move,browsing
1568208547.875,804,568,None,Move,browsing
1568208547.881,797,568,None,Move,browsing
1568208547.891,787,569,None,Move,browsing
1568208547.901,781,570,None,Move,browsing
1568208547.911,758,573,None,Move,browsing
1568208547.9220002,750,573,None,Move,browsing
1568208547.941,732,576,None,Move,browsing
1568208547.95,717,578,None,Move,browsing
1568208547.955,707,580,None,Move,browsing
1568208547.962,702,580,None,Move,browsing
1568208547.972,696,581,None,Move,browsing
1568208547.986,685,582,None,Move,browsing
1568208547.9910002,682,582,None,Move,browsing
1568208548.002,677,582,None,Move,browsing
1568208548.016,666,585,None,Move,browsing
1568208548.021,660,585,None,Move,browsing
1568208548.031,658,585,None,Move,browsing
1568208548.042,657,585,None,Move,browsing
1568208548.072,657,586,None,Move,browsing
1568208548.292,657,586,None,Move,browsing
1568208548.312,657,586,None,Move,browsing
1568208548.322,657,587,None,Move,browsing
1568208548.335,657,588,None,Move,browsing
1568208548.351,657,589,None,Move,browsing
1568208548.3620002,657,589,None,Move,browsing
1568208548.3720002,658,590,None,Move,browsing
1568208548.3820002,658,591,None,Move,browsing
1568208548.3920002,658,592,None,Move,browsing
1568208548.401,658,592,None,Move,browsing
1568208548.405,658,593,None,Move,browsing
1568208548.4120002,658,596,None,Move,browsing
1568208548.4220002,659,598,None,Move,browsing
1568208548.431,659,600,None,Move,browsing
1568208548.435,659,601,None,Move,browsing
1568208548.441,659,603,None,Move,browsing
1568208548.45,660,605,None,Move,browsing
1568208548.461,660,606,None,Move,browsing
1568208548.472,660,607,None,Move,browsing
1568208548.476,660,608,None,Move,browsing
1568208548.482,660,608,None,Move,browsing
1568208548.5010002,660,609,None,Move,browsing
1568208551.4020002,660,610,None,Move,browsing
1568208551.4120002,660,611,None,Move,browsing
1568208551.4220002,660,613,None,Move,browsing
1568208551.436,660,614,None,Move,browsing
1568208551.441,660,614,None,Move,browsing
1568208551.455,660,615,None,Move,browsing
1568208551.471,659,616,None,Move,browsing
1568208551.4910002,659,617,None,Move,browsing
1568208551.502,659,618,None,Move,browsing
1568208551.515,659,618,None,Move,browsing
1568208551.522,659,619,None,Move,browsing
1568208551.545,659,620,None,Move,browsing
1568208551.572,658,620,None,Move,browsing
1568208551.842,658,621,None,Move,browsing
1568208551.8520002,658,621,None,Move,browsing
1568208551.8620002,658,623,None,Move,browsing
1568208551.87,658,624,None,Move,browsing
1568208551.8839998,657,624,None,Move,browsing
1568208551.895,657,625,None,Move,browsing
1568208551.906,657,625,None,Move,browsing
1568208551.9220002,657,626,None,Move,browsing
1568208554.952,657,627,None,Move,browsing
1568208554.962,658,629,None,Move,browsing
1568208554.972,660,635,None,Move,browsing
1568208554.981,664,642,None,Move,browsing
1568208554.992,668,650,None,Move,browsing
1568208555.006,681,669,None,Move,browsing
1568208555.012,686,676,None,Move,browsing
1568208555.022,692,686,None,Move,browsing
1568208555.042,708,718,None,Move,browsing
1568208555.052,710,727,None,Move,browsing
1568208555.061,711,731,None,Move,browsing
1568208555.072,712,741,None,Move,browsing
1568208555.092,713,775,None,Move,browsing
1568208555.101,713,778,None,Move,browsing
1568208555.1120002,713,782,None,Move,browsing
1568208555.1220002,713,788,None,Move,browsing
1568208555.1320002,713,790,None,Move,browsing
1568208555.141,713,791,None,Move,browsing
1568208555.1520002,713,792,None,Move,browsing
1568208555.1720002,712,792,None,Move,browsing
1568208555.232,712,792,None,Move,browsing
1568208555.242,711,793,None,Move,browsing
1568208555.255,710,794,None,Move,browsing
1568208555.2610002,710,795,None,Move,browsing
1568208555.282,709,795,None,Move,browsing
1568208555.312,709,795,None,Move,browsing
1568208555.332,708,796,None,Move,browsing
1568208555.342,708,796,None,Move,browsing
1568208555.351,708,796,None,Move,browsing
1568208555.373,707,796,None,Move,browsing
1568208555.395,707,796,None,Move,browsing
1568208555.4020002,707,795,None,Move,browsing
1568208555.411,707,789,None,Move,browsing
1568208555.4220002,705,764,None,Move,browsing
1568208555.4320002,704,756,None,Move,browsing
1568208555.4420002,701,726,None,Move,browsing
1568208555.456,699,683,None,Move,browsing
1568208555.466,699,651,None,Move,browsing
1568208555.481,699,559,None,Move,browsing
1568208555.4910002,699,508,None,Move,browsing
1568208555.502,699,429,None,Move,browsing
1568208555.5110002,700,380,None,Move,browsing
1568208555.522,700,336,None,Move,browsing
1568208555.532,700,271,None,Move,browsing
1568208555.542,696,237,None,Move,browsing
1568208555.566,693,203,None,Move,browsing
1568208555.573,675,124,None,Move,browsing
1568208555.581,667,102,None,Move,browsing
1568208555.6120002,658,73,None,Move,browsing
1568208555.621,646,44,None,Move,browsing
1568208555.6320002,630,12,None,Move,browsing
1568208555.641,614,-15,None,Move,browsing
1568208555.6620002,607,-9,None,Move,browsing
1568208555.673,588,-19,None,Move,browsing
1568208555.6920002,577,-7,None,Move,browsing
1568208555.701,557,-12,None,Move,browsing
1568208555.712,536,-7,None,Move,browsing
1568208555.721,525,-6,None,Move,browsing
1568208555.735,514,-5,None,Move,browsing
1568208555.7410002,508,-3,None,Move,browsing
1568208555.752,497,-6,None,Move,browsing
1568208555.762,485,-6,None,Move,browsing
1568208555.7729998,470,-2,None,Move,browsing
1568208555.781,447,-6,None,Move,browsing
1568208555.791,438,-1,None,Move,browsing
1568208555.802,429,-1,None,Move,browsing
1568208555.812,420,0,None,Move,browsing
1568208555.831,402,0,None,Move,browsing
1568208555.842,380,0,None,Move,browsing
1568208555.856,356,2,None,Move,browsing
1568208555.8620002,343,5,None,Move,browsing
1568208555.8820002,326,9,None,Move,browsing
1568208555.8920002,317,12,None,Move,browsing
1568208555.905,297,17,None,Move,browsing
1568208555.915,293,18,None,Move,browsing
1568208555.925,289,19,None,Move,browsing
1568208555.9320002,289,19,None,Move,browsing
1568208556.021,289,19,None,Move,browsing
1568208556.051,289,19,Left,Pressed,browsing
1568208556.1320002,289,19,Left,Released,browsing
1568208556.282,289,19,None,Move,browsing
1568208556.332,289,21,None,Move,browsing
1568208556.342,290,22,None,Move,browsing
1568208556.356,293,29,None,Move,browsing
1568208556.3620002,295,33,None,Move,browsing
1568208556.373,299,39,None,Move,browsing
1568208556.3820002,304,46,None,Move,browsing
1568208556.3920002,306,50,None,Move,browsing
1568208556.405,320,73,None,Move,browsing
1568208556.415,324,81,None,Move,browsing
1568208556.431,349,119,None,Move,browsing
1568208556.4420002,371,154,None,Move,browsing
1568208556.456,411,211,None,Move,browsing
1568208556.466,432,239,None,Move,browsing
1568208556.4729998,452,264,None,Move,browsing
1568208556.481,476,297,None,Move,browsing
1568208556.502,528,363,None,Move,browsing
1568208556.512,540,380,None,Move,browsing
1568208556.531,605,466,None,Move,browsing
1568208556.536,613,477,None,Move,browsing
1568208556.541,628,496,None,Move,browsing
1568208556.551,638,508,None,Move,browsing
1568208556.566,655,531,None,Move,browsing
1568208556.573,664,543,None,Move,browsing
1568208556.581,672,553,None,Move,browsing
1568208556.592,680,563,None,Move,browsing
1568208556.605,686,572,None,Move,browsing
1568208556.611,690,578,None,Move,browsing
1568208556.625,702,592,None,Move,browsing
1568208556.631,706,597,None,Move,browsing
1568208556.646,716,612,None,Move,browsing
1568208556.6520002,720,618,None,Move,browsing
1568208556.6620002,724,623,None,Move,browsing
1568208556.681,729,629,None,Move,browsing
1568208556.691,732,633,None,Move,browsing
1568208556.702,736,638,None,Move,browsing
1568208556.711,738,641,None,Move,browsing
1568208556.721,742,646,None,Move,browsing
1568208556.731,744,649,None,Move,browsing
1568208556.746,752,657,None,Move,browsing
1568208556.764,756,661,None,Move,browsing
1568208556.7729998,758,662,None,Move,browsing
1568208556.781,760,665,None,Move,browsing
1568208556.792,765,669,None,Move,browsing
1568208556.802,767,670,None,Move,browsing
1568208556.812,768,671,None,Move,browsing
1568208556.821,772,673,None,Move,browsing
1568208556.831,773,674,None,Move,browsing
1568208556.842,775,675,None,Move,browsing
1568208556.85,776,676,None,Move,browsing
1568208556.8579998,778,677,None,Move,browsing
1568208556.8660002,779,679,None,Move,browsing
1568208556.8720002,780,680,None,Move,browsing
1568208556.881,781,681,None,Move,browsing
1568208556.8860002,782,682,None,Move,browsing
1568208556.8920002,784,683,None,Move,browsing
1568208556.901,785,686,None,Move,browsing
1568208556.9120002,786,687,None,Move,browsing
1568208556.921,788,690,None,Move,browsing
1568208556.931,789,692,None,Move,browsing
1568208556.941,790,693,None,Move,browsing
1568208556.952,790,694,None,Move,browsing
1568208556.981,790,695,None,Move,browsing
1568208556.995,790,695,None,Move,browsing
1568208557.002,791,695,None,Move,browsing
1568208557.342,791,696,None,Move,browsing
1568208557.3520002,791,697,None,Move,browsing
1568208557.3620002,791,697,None,Move,browsing
1568208557.3739998,791,698,None,Move,browsing
1568208557.3920002,791,699,None,Move,browsing
1568208557.416,791,700,None,Move,browsing
1568208557.4320002,791,700,None,Move,browsing
1568208557.446,791,700,None,Move,browsing
1568208557.461,791,701,None,Move,browsing
1568208557.712,790,701,None,Move,browsing
1568208557.732,790,701,None,Move,browsing
1568208557.921,791,698,None,Move,browsing
1568208557.9320002,797,689,None,Move,browsing
1568208557.946,819,654,None,Move,browsing
1568208557.966,854,593,None,Move,browsing
1568208557.98,902,500,None,Move,browsing
1568208557.992,929,437,None,Move,browsing
1568208558.002,957,374,None,Move,browsing
1568208558.0110002,1015,252,None,Move,browsing
1568208558.025,1083,129,None,Move,browsing
1568208558.042,1114,73,None,Move,browsing
1568208558.052,1171,-11,None,Move,browsing
1568208558.062,1191,-25,None,Move,browsing
1568208558.08,1238,-54,None,Move,browsing
1568208558.094,1270,-31,None,Move,browsing
1568208558.105,1301,-23,None,Move,browsing
1568208558.111,1311,-7,None,Move,browsing
1568208558.125,1317,-4,None,Move,browsing
1568208558.1360002,1333,-9,None,Move,browsing
1568208558.145,1338,-2,None,Move,browsing
1568208558.156,1344,-3,None,Move,browsing
1568208558.1620002,1351,-3,None,Move,browsing
1568208558.1720002,1356,-2,None,Move,browsing
1568208558.176,1359,-1,None,Move,browsing
1568208558.181,1364,-2,None,Move,browsing
1568208558.225,1385,-5,None,Move,browsing
1568208558.245,1396,-3,None,Move,browsing
1568208558.278,1417,-5,None,Move,browsing
1568208558.291,1428,-1,None,Move,browsing
1568208558.301,1445,0,None,Move,browsing
1568208558.313,1457,0,None,Move,browsing
1568208558.326,1473,-1,None,Move,browsing
1568208558.333,1484,0,None,Move,browsing
1568208558.343,1489,0,None,Move,browsing
1568208558.351,1501,0,None,Move,browsing
1568208558.3639998,1518,-1,None,Move,browsing
1568208558.39,1535,-1,None,Move,browsing
1568208558.411,1538,-1,None,Move,browsing
1568208558.4220002,1539,0,None,Move,browsing
1568208558.571,1539,-1,None,Move,browsing
1568208558.592,1540,0,None,Move,browsing
1568208558.6120002,1540,0,None,Move,browsing
1568208558.6420002,1540,0,Left,Pressed,browsing
1568208558.715,1540,0,Left,Released,browsing
1568208558.785,1540,0,None,Move,browsing
1568208558.791,1539,0,None,Move,browsing
1568208558.806,1533,0,None,Move,browsing
1568208558.812,1531,0,None,Move,browsing
1568208558.821,1528,0,None,Move,browsing
1568208558.831,1525,-1,None,Move,browsing
1568208558.846,1516,0,None,Move,browsing
1568208558.853,1509,0,None,Move,browsing
1568208558.861,1502,0,None,Move,browsing
1568208558.875,1490,0,None,Move,browsing
1568208558.8820002,1485,0,None,Move,browsing
1568208558.896,1481,0,None,Move,browsing
1568208558.901,1476,0,None,Move,browsing
1568208558.9120002,1474,0,None,Move,browsing
1568208558.9220002,1469,0,None,Move,browsing
1568208558.931,1467,0,None,Move,browsing
1568208558.9420002,1465,0,None,Move,browsing
1568208558.9529998,1461,0,None,Move,browsing
1568208558.965,1459,1,None,Move,browsing
1568208558.975,1458,1,None,Move,browsing
1568208558.981,1457,2,None,Move,browsing
1568208558.9910002,1454,3,None,Move,browsing
1568208559.006,1450,3,None,Move,browsing
1568208559.016,1448,4,None,Move,browsing
1568208559.022,1446,5,None,Move,browsing
1568208559.031,1446,5,None,Move,browsing
1568208559.041,1445,5,None,Move,browsing
1568208559.051,1445,6,None,Move,browsing
1568208559.065,1444,6,None,Move,browsing
1568208559.082,1444,6,None,Move,browsing
1568208559.085,1444,6,None,Move,browsing
1568208559.095,1443,7,None,Move,browsing
1568208559.1020002,1442,7,None,Move,browsing
1568208559.1120002,1441,8,None,Move,browsing
1568208559.1220002,1440,8,None,Move,browsing
1568208559.1320002,1439,8,None,Move,browsing
1568208559.146,1434,8,None,Move,browsing
1568208559.16,1433,8,None,Move,browsing
1568208559.173,1430,8,None,Move,browsing
1568208559.231,1430,8,Left,Pressed,browsing
1568208559.315,1430,8,Left,Released,browsing
1568208559.331,1428,8,None,Move,browsing
1568208559.341,1426,8,None,Move,browsing
1568208559.354,1423,8,None,Move,browsing
1568208559.3720002,1408,8,None,Move,browsing
1568208559.3820002,1396,8,None,Move,browsing
1568208559.391,1369,9,None,Move,browsing
1568208559.4020002,1318,17,None,Move,browsing
1568208559.4120002,1251,27,None,Move,browsing
1568208559.4220002,1204,35,None,Move,browsing
1568208559.4320002,1055,52,None,Move,browsing
1568208559.446,976,61,None,Move,browsing
1568208559.46,796,78,None,Move,browsing
1568208559.465,709,87,None,Move,browsing
1568208559.481,532,100,None,Move,browsing
1568208559.495,374,109,None,Move,browsing
1568208559.502,315,109,None,Move,browsing
1568208559.512,228,101,None,Move,browsing
1568208559.532,216,97,None,Move,browsing
1568208559.551,189,84,None,Move,browsing
1568208559.554,187,81,None,Move,browsing
1568208559.56,187,79,None,Move,browsing
1568208559.572,187,78,None,Move,browsing
1568208559.582,187,76,None,Move,browsing
1568208559.596,188,70,None,Move,browsing
1568208559.6020002,190,66,None,Move,browsing
1568208559.6120002,194,60,None,Move,browsing
1568208559.6220002,198,54,None,Move,browsing
1568208559.6320002,200,51,None,Move,browsing
1568208559.6420002,201,48,None,Move,browsing
1568208559.651,202,45,None,Move,browsing
1568208559.661,202,43,None,Move,browsing
1568208559.671,202,39,None,Move,browsing
1568208559.6820002,202,38,None,Move,browsing
1568208559.696,202,37,None,Move,browsing
1568208559.701,202,36,None,Move,browsing
1568208559.711,202,36,None,Move,browsing
1568208559.721,202,35,None,Move,browsing
1568208559.732,201,33,None,Move,browsing
1568208559.742,199,33,None,Move,browsing
1568208559.752,197,31,None,Move,browsing
1568208559.7610002,195,30,None,Move,browsing
1568208559.771,192,30,None,Move,browsing
1568208559.792,180,30,None,Move,browsing
1568208559.806,129,34,None,Move,browsing
1568208559.821,104,36,None,Move,browsing
1568208559.832,64,36,None,Move,browsing
1568208559.842,7,36,None,Move,browsing
1568208559.854,-6,36,None,Move,browsing
1568208559.86,-15,36,None,Move,browsing
1568208559.8739998,-3,36,None,Move,browsing
1568208559.8820002,-3,36,None,Move,browsing
1568208559.8920002,0,36,None,Move,browsing
1568208559.931,0,36,None,Move,browsing
1568208559.945,0,36,None,Move,browsing
1568208559.955,0,36,None,Move,browsing
1568208559.961,0,37,None,Move,browsing
1568208559.971,1,38,None,Move,browsing
1568208559.974,1,38,None,Move,browsing
1568208559.981,1,39,None,Move,browsing
1568208559.9910002,1,39,None,Move,browsing
1568208560.0010002,1,40,None,Move,browsing
1568208560.0110002,1,40,None,Move,browsing
1568208560.015,2,42,None,Move,browsing
1568208560.021,2,43,None,Move,browsing
1568208560.031,2,45,None,Move,browsing
1568208560.042,5,47,None,Move,browsing
1568208560.052,6,50,None,Move,browsing
1568208560.061,7,51,None,Move,browsing
1568208560.075,10,55,None,Move,browsing
1568208560.086,12,56,None,Move,browsing
1568208560.092,14,58,None,Move,browsing
1568208560.106,16,58,None,Move,browsing
1568208560.1120002,17,58,None,Move,browsing
1568208560.121,17,58,None,Move,browsing
1568208560.1920002,18,58,None,Move,browsing
1568208560.2610002,18,57,Left,Pressed,browsing
1568208560.2610002,18,57,None,Drag,browsing
1568208560.2610002,18,57,Left,Released,browsing
1568208560.445,18,57,None,Move,browsing
1568208560.655,18,58,None,Move,browsing
1568208560.665,18,58,None,Move,browsing
1568208560.6820002,18,59,None,Move,browsing
1568208560.695,18,64,None,Move,browsing
1568208560.712,18,66,None,Move,browsing
1568208560.721,18,70,None,Move,browsing
1568208560.7410002,18,75,None,Move,browsing
1568208560.7610002,18,79,None,Move,browsing
1568208560.77,18,80,None,Move,browsing
1568208560.784,18,81,None,Move,browsing
1568208560.921,18,81,None,Move,browsing
1568208560.945,19,81,None,Move,browsing
1568208560.962,19,82,None,Move,browsing
1568208560.975,19,83,None,Move,browsing
1568208560.986,19,85,None,Move,browsing
1568208561.0010002,19,86,None,Move,browsing
1568208561.015,19,87,None,Move,browsing
1568208561.025,19,88,None,Move,browsing
1568208561.046,19,88,None,Move,browsing
1568208561.062,19,88,None,Move,browsing
1568208561.076,19,89,None,Move,browsing
1568208561.1160002,19,89,None,Move,browsing
1568208561.1360002,19,90,None,Move,browsing
1568208561.156,19,90,None,Move,browsing
1568208561.1720002,19,92,None,Move,browsing
1568208561.187,19,94,None,Move,browsing
1568208561.204,20,97,None,Move,browsing
1568208561.212,21,102,None,Move,browsing
1568208561.222,21,105,None,Move,browsing
1568208561.234,22,119,None,Move,browsing
1568208561.2429998,23,127,None,Move,browsing
1568208561.252,24,139,None,Move,browsing
1568208561.266,28,170,None,Move,browsing
1568208561.272,31,188,None,Move,browsing
1568208561.292,35,221,None,Move,browsing
1568208561.302,39,240,None,Move,browsing
1568208561.316,47,273,None,Move,browsing
1568208561.326,51,289,None,Move,browsing
1568208561.337,58,314,None,Move,browsing
1568208561.346,71,355,None,Move,browsing
1568208561.3620002,84,390,None,Move,browsing
1568208561.3720002,91,404,None,Move,browsing
1568208561.381,102,432,None,Move,browsing
1568208561.401,114,459,None,Move,browsing
1568208561.436,137,504,None,Move,browsing
1568208561.456,151,534,None,Move,browsing
1568208561.476,159,557,None,Move,browsing
1568208561.486,167,578,None,Move,browsing
1568208561.502,171,598,None,Move,browsing
1568208561.512,173,604,None,Move,browsing
1568208561.522,176,617,None,Move,browsing
1568208561.531,179,631,None,Move,browsing
1568208561.542,182,647,None,Move,browsing
1568208561.552,184,659,None,Move,browsing
1568208561.566,187,678,None,Move,browsing
1568208561.581,189,687,None,Move,browsing
1568208561.592,193,704,None,Move,browsing
1568208561.601,195,714,None,Move,browsing
1568208561.6260002,199,725,None,Move,browsing
1568208561.6360002,202,731,None,Move,browsing
1568208561.641,203,736,None,Move,browsing
1568208561.651,203,737,None,Move,browsing
1568208561.6620002,204,739,None,Move,browsing
1568208561.671,205,740,None,Move,browsing
1568208561.701,205,740,None,Move,browsing
1568208561.721,205,741,None,Move,browsing
1568208561.742,206,742,None,Move,browsing
1568208561.756,207,742,None,Move,browsing
1568208561.786,207,742,None,Move,browsing
1568208561.802,207,742,None,Move,browsing
1568208561.823,208,742,None,Move,browsing
1568208561.871,208,742,None,Move,browsing
1568208561.952,208,742,None,Move,browsing
1568208561.961,208,741,None,Move,browsing
1568208561.972,208,740,None,Move,browsing
1568208561.981,208,740,None,Move,browsing
1568208561.9910002,208,738,None,Move,browsing
1568208562.0010002,208,738,None,Move,browsing
1568208562.015,208,736,None,Move,browsing
1568208562.0229998,208,736,None,Move,browsing
1568208562.031,208,735,None,Move,browsing
1568208562.041,208,734,None,Move,browsing
1568208562.055,208,733,None,Move,browsing
1568208562.062,208,733,None,Move,browsing
1568208562.071,208,732,None,Move,browsing
1568208562.085,208,731,None,Move,browsing
1568208562.091,208,730,None,Move,browsing
1568208562.1020002,208,729,None,Move,browsing
1568208562.1120002,208,728,None,Move,browsing
1568208562.123,208,724,None,Move,browsing
1568208562.131,208,722,None,Move,browsing
1568208562.1420002,208,719,None,Move,browsing
1568208562.1620002,208,717,None,Move,browsing
1568208562.1820002,208,716,None,Move,browsing
1568208562.196,208,715,None,Move,browsing
1568208562.202,208,714,None,Move,browsing
1568208562.212,208,711,None,Move,browsing
1568208562.2229998,211,707,None,Move,browsing
1568208562.232,211,706,None,Move,browsing
1568208562.2410002,213,704,None,Move,browsing
1568208562.2510002,214,701,None,Move,browsing
1568208562.266,219,696,None,Move,browsing
1568208562.272,222,691,None,Move,browsing
1568208562.282,225,688,None,Move,browsing
1568208562.292,229,685,None,Move,browsing
1568208562.296,231,683,None,Move,browsing
1568208562.302,234,679,None,Move,browsing
1568208562.312,237,675,None,Move,browsing
1568208562.323,243,668,None,Move,browsing
1568208562.331,245,665,None,Move,browsing
1568208562.342,247,663,None,Move,browsing
1568208562.3520002,247,661,None,Move,browsing
1568208562.361,248,658,None,Move,browsing
1568208562.3720002,249,656,None,Move,browsing
1568208562.381,249,655,None,Move,browsing
1568208562.395,251,650,None,Move,browsing
1568208562.405,252,648,None,Move,browsing
1568208562.4120002,252,646,None,Move,browsing
1568208562.423,252,643,None,Move,browsing
1568208562.431,253,642,None,Move,browsing
1568208562.436,254,640,None,Move,browsing
1568208562.445,255,638,None,Move,browsing
1568208562.455,256,635,None,Move,browsing
1568208562.466,258,632,None,Move,browsing
1568208562.472,259,631,None,Move,browsing
1568208562.481,260,629,None,Move,browsing
1568208562.4910002,261,627,None,Move,browsing
1568208562.495,262,627,None,Move,browsing
1568208562.505,262,626,None,Move,browsing
1568208562.5110002,262,626,None,Move,browsing
1568208562.5229998,262,625,None,Move,browsing
1568208562.822,262,624,None,Move,browsing
1568208563.041,263,624,None,Move,browsing
1568208563.052,263,624,None,Move,browsing
1568208563.062,264,624,None,Move,browsing
1568208563.072,265,623,None,Move,browsing
1568208563.085,266,623,None,Move,browsing
1568208563.091,267,623,None,Move,browsing
1568208563.1020002,268,623,None,Move,browsing
1568208563.1120002,268,623,None,Move,browsing
1568208563.123,270,623,None,Move,browsing
1568208563.13,270,623,None,Move,browsing
1568208563.1420002,271,623,None,Move,browsing
1568208563.144,272,623,None,Move,browsing
1568208563.156,272,623,None,Move,browsing
1568208563.1620002,273,623,None,Move,browsing
1568208563.171,273,623,None,Move,browsing
1568208563.1820002,274,623,None,Move,browsing
1568208563.195,274,623,None,Move,browsing
1568208563.205,275,623,None,Move,browsing
1568208563.211,276,623,None,Move,browsing
1568208563.2229998,277,623,None,Move,browsing
1568208563.235,277,623,None,Move,browsing
1568208563.242,278,623,None,Move,browsing
1568208563.2510002,278,623,None,Move,browsing
1568208563.265,280,623,None,Move,browsing
1568208563.271,281,623,None,Move,browsing
1568208563.281,281,623,None,Move,browsing
1568208563.291,282,623,None,Move,browsing
1568208563.301,283,623,None,Move,browsing
1568208563.311,284,623,None,Move,browsing
1568208563.322,284,623,None,Move,browsing
1568208563.342,285,623,None,Move,browsing
1568208563.391,285,623,None,Move,browsing
1568208563.4120002,286,623,None,Move,browsing
1568208563.431,286,623,None,Move,browsing
1568208563.4420002,287,623,None,Move,browsing
1568208563.451,288,623,None,Move,browsing
1568208563.465,288,623,None,Move,browsing
1568208563.492,289,623,None,Move,browsing
1568208563.571,289,623,None,Move,browsing
1568208563.581,291,623,None,Move,browsing
1568208563.592,293,623,None,Move,browsing
1568208563.6020002,295,623,None,Move,browsing
1568208563.6160002,305,623,None,Move,browsing
1568208563.6239998,307,623,None,Move,browsing
1568208563.631,311,623,None,Move,browsing
1568208563.6420002,314,623,None,Move,browsing
1568208563.651,323,623,None,Move,browsing
1568208563.6620002,326,623,None,Move,browsing
1568208563.6720002,329,623,None,Move,browsing
1568208563.681,331,623,None,Move,browsing
1568208563.686,333,623,None,Move,browsing
1568208563.691,335,624,None,Move,browsing
1568208563.702,337,624,None,Move,browsing
1568208563.712,339,624,None,Move,browsing
1568208563.725,343,624,None,Move,browsing
1568208563.731,343,624,None,Move,browsing
1568208563.742,344,624,None,Move,browsing
1568208563.752,344,624,None,Move,browsing
1568208563.772,345,624,None,Move,browsing
1568208563.802,345,624,None,Move,browsing
1568208563.811,345,624,None,Move,browsing
1568208563.822,345,625,None,Move,browsing
1568208563.831,346,625,None,Move,browsing
1568208563.842,346,626,None,Move,browsing
1568208563.851,347,626,None,Move,browsing
1568208563.8620002,347,627,None,Move,browsing
1568208563.8720002,347,627,None,Move,browsing
1568208563.8820002,348,627,None,Move,browsing
1568208563.8920002,348,628,None,Move,browsing
1568208563.9020002,349,628,None,Move,browsing
1568208563.9120002,349,628,None,Move,browsing
1568208563.925,349,629,None,Move,browsing
1568208563.931,350,629,None,Move,browsing
1568208564.03,350,629,None,Move,browsing
1568208564.056,350,630,None,Move,browsing
1568208564.062,350,631,None,Move,browsing
1568208564.066,350,631,None,Move,browsing
1568208564.075,350,632,None,Move,browsing
1568208564.086,350,632,None,Move,browsing
1568208564.092,350,633,None,Move,browsing
1568208564.096,350,633,None,Move,browsing
1568208564.106,350,634,None,Move,browsing
1568208564.1160002,350,635,None,Move,browsing
1568208564.13,350,635,None,Move,browsing
1568208564.155,350,636,None,Move,browsing
1568208564.2410002,350,636,None,Move,browsing
1568208564.272,351,636,None,Move,browsing
1568208564.291,352,636,None,Move,browsing
1568208564.305,352,636,None,Move,browsing
1568208564.311,353,636,None,Move,browsing
1568208564.326,355,636,None,Move,browsing
1568208564.331,357,636,None,Move,browsing
1568208564.341,358,636,None,Move,browsing
1568208564.351,359,636,None,Move,browsing
1568208564.3620002,361,636,None,Move,browsing
1568208564.371,362,636,None,Move,browsing
1568208564.3820002,364,636,None,Move,browsing
1568208564.3920002,366,636,None,Move,browsing
1568208564.4020002,368,636,None,Move,browsing
1568208564.4120002,369,636,None,Move,browsing
1568208564.421,370,636,None,Move,browsing
1568208564.427,372,636,None,Move,browsing
1568208564.431,374,636,None,Move,browsing
1568208564.441,376,636,None,Move,browsing
1568208564.451,379,636,None,Move,browsing
1568208564.462,382,635,None,Move,browsing
1568208564.476,388,634,None,Move,browsing
1568208564.481,389,633,None,Move,browsing
1568208564.492,392,633,None,Move,browsing
1568208564.506,399,631,None,Move,browsing
1568208564.512,401,631,None,Move,browsing
1568208564.521,402,630,None,Move,browsing
1568208564.53,403,629,None,Move,browsing
1568208564.541,405,628,None,Move,browsing
1568208564.562,406,628,None,Move,browsing
1568208564.572,407,627,None,Move,browsing
1568208564.582,407,627,None,Move,browsing
1568208564.6020002,408,627,None,Move,browsing
1568208564.606,408,627,None,Move,browsing
1568208564.6820002,409,627,None,Move,browsing
1568208564.712,409,626,None,Move,browsing
1568208565.061,409,626,None,Move,browsing
1568208565.151,409,626,Right,Pressed,browsing
1568208565.225,409,626,Right,Released,browsing
1568208565.302,410,625,None,Move,browsing
1568208565.311,411,625,None,Move,browsing
1568208565.322,411,625,None,Move,browsing
1568208565.336,411,625,None,Move,browsing
1568208565.3520002,412,625,None,Move,browsing
1568208565.361,414,625,None,Move,browsing
1568208565.371,415,625,None,Move,browsing
1568208565.3820002,416,626,None,Move,browsing
1568208565.3860002,419,628,None,Move,browsing
1568208565.3920002,422,629,None,Move,browsing
1568208565.401,424,631,None,Move,browsing
1568208565.411,428,633,None,Move,browsing
1568208565.421,432,635,None,Move,browsing
1568208565.425,436,638,None,Move,browsing
1568208565.4320002,440,640,None,Move,browsing
1568208565.441,443,641,None,Move,browsing
1568208565.451,448,644,None,Move,browsing
1568208565.462,456,649,None,Move,browsing
1568208565.472,459,650,None,Move,browsing
1568208565.482,462,652,None,Move,browsing
1568208565.492,464,653,None,Move,browsing
1568208565.496,465,654,None,Move,browsing
1568208565.502,466,655,None,Move,browsing
1568208565.5110002,466,655,None,Move,browsing
1568208565.532,467,655,None,Move,browsing
1568208565.671,467,655,None,Move,browsing
1568208565.712,467,655,None,Move,browsing
1568208565.721,467,654,None,Move,browsing
1568208565.7329998,468,654,None,Move,browsing
1568208565.7410002,469,653,None,Move,browsing
1568208565.755,469,653,None,Move,browsing
1568208565.762,469,652,None,Move,browsing
1568208565.771,470,651,None,Move,browsing
1568208565.782,470,650,None,Move,browsing
1568208565.791,471,649,None,Move,browsing
1568208565.802,471,649,None,Move,browsing
1568208565.812,471,648,None,Move,browsing
1568208565.822,471,647,None,Move,browsing
1568208566.1020002,471,647,Left,Pressed,browsing
1568208566.232,471,647,Left,Released,browsing
1568208566.335,471,647,None,Move,browsing
1568208566.4729998,471,647,None,Move,browsing
1568208566.4829998,471,647,None,Move,browsing
1568208566.4929998,471,647,None,Move,browsing
1568208566.5010002,470,648,None,Move,browsing
1568208566.516,469,648,None,Move,browsing
1568208566.536,467,649,None,Move,browsing
1568208566.565,467,650,None,Move,browsing
1568208566.691,466,650,None,Move,browsing
1568208566.702,465,651,None,Move,browsing
1568208566.705,463,651,None,Move,browsing
1568208566.722,461,652,None,Move,browsing
1568208566.732,458,653,None,Move,browsing
1568208566.742,456,653,None,Move,browsing
1568208566.7529998,453,654,None,Move,browsing
1568208566.772,452,655,None,Move,browsing
1568208566.802,450,655,None,Move,browsing
1568208566.826,450,655,None,Move,browsing
1568208566.9120002,449,655,None,Move,browsing
1568208566.9320002,448,655,None,Move,browsing
1568208566.9420002,446,655,None,Move,browsing
1568208566.956,443,654,None,Move,browsing
1568208566.962,441,653,None,Move,browsing
1568208566.972,439,652,None,Move,browsing
1568208566.976,437,652,None,Move,browsing
1568208566.982,436,652,None,Move,browsing
1568208566.9910002,434,652,None,Move,browsing
1568208567.002,431,651,None,Move,browsing
1568208567.0110002,426,651,None,Move,browsing
1568208567.026,420,651,None,Move,browsing
1568208567.036,418,650,None,Move,browsing
1568208567.041,415,650,None,Move,browsing
1568208567.051,413,649,None,Move,browsing
1568208567.055,410,649,None,Move,browsing
1568208567.066,409,649,None,Move,browsing
1568208567.071,408,649,None,Move,browsing
1568208567.082,406,648,None,Move,browsing
1568208567.091,404,648,None,Move,browsing
1568208567.101,403,647,None,Move,browsing
1568208567.1420002,403,646,None,Move,browsing
1568208567.1720002,403,646,None,Move,browsing
1568208567.186,402,646,None,Move,browsing
1568208567.206,402,645,None,Move,browsing
1568208567.216,402,645,None,Move,browsing
1568208567.315,402,645,None,Move,browsing
1568208567.342,401,645,None,Move,browsing
1568208567.3520002,401,645,None,Move,browsing
1568208567.3860002,400,645,None,Move,browsing
1568208567.581,400,645,None,Move,browsing
1568208567.606,402,650,None,Move,browsing
1568208567.615,411,664,None,Move,browsing
1568208567.631,421,674,None,Move,browsing
1568208567.645,443,692,None,Move,browsing
1568208567.6520002,453,702,None,Move,browsing
1568208567.6720002,490,733,None,Move,browsing
1568208567.675,507,749,None,Move,browsing
1568208567.696,549,782,None,Move,browsing
1568208567.706,583,808,None,Move,browsing
1568208567.721,665,870,None,Move,browsing
1568208567.736,690,888,None,Move,browsing
1568208567.76,803,971,None,Move,browsing
1568208567.774,820,984,None,Move,browsing
1568208567.792,859,1013,None,Move,browsing
1568208567.806,908,1043,None,Move,browsing
1568208567.821,948,1067,None,Move,browsing
1568208567.825,957,1071,None,Move,browsing
1568208567.835,983,1081,None,Move,browsing
1568208567.842,1017,1091,None,Move,browsing
1568208567.861,1028,1082,None,Move,browsing
1568208567.8660002,1054,1085,None,Move,browsing
1568208567.8720002,1080,1084,None,Move,browsing
1568208567.8820002,1109,1084,None,Move,browsing
1568208567.8920002,1140,1084,None,Move,browsing
1568208567.901,1215,1084,None,Move,browsing
1568208567.911,1270,1083,None,Move,browsing
1568208567.925,1309,1082,None,Move,browsing
1568208567.931,1360,1081,None,Move,browsing
1568208567.941,1418,1081,None,Move,browsing
1568208567.9529998,1499,1079,None,Move,browsing
1568208567.96,1529,1079,None,Move,browsing
1568208567.972,1572,1079,None,Move,browsing
1568208567.982,1609,1080,None,Move,browsing
1568208567.9910002,1622,1080,None,Move,browsing
1568208567.995,1643,1081,None,Move,browsing
1568208568.005,1651,1079,None,Move,browsing
1568208568.016,1663,1079,None,Move,browsing
1568208568.026,1668,1079,None,Move,browsing
1568208568.036,1675,1079,None,Move,browsing
1568208568.042,1677,1079,None,Move,browsing
1568208568.052,1678,1079,None,Move,browsing
1568208568.06,1678,1079,None,Move,browsing
1568208568.161,1678,1079,None,Move,browsing
1568208568.175,1679,1082,None,Move,browsing
1568208568.191,1680,1080,None,Move,browsing
1568208568.206,1680,1080,None,Move,browsing
1568208568.221,1680,1079,None,Move,browsing
1568208568.236,1681,1079,None,Move,browsing
1568208568.252,1684,1079,None,Move,browsing
1568208568.26,1690,1077,None,Move,browsing
1568208568.265,1696,1075,None,Move,browsing
1568208568.274,1712,1070,None,Move,browsing
1568208568.281,1719,1068,None,Move,browsing
1568208568.302,1733,1063,None,Move,browsing
1568208568.306,1754,1058,None,Move,browsing
1568208568.312,1759,1057,None,Move,browsing
1568208568.322,1769,1055,None,Move,browsing
1568208568.332,1774,1054,None,Move,browsing
1568208568.341,1777,1054,None,Move,browsing
1568208568.354,1781,1053,None,Move,browsing
1568208568.361,1782,1053,None,Move,browsing
1568208568.542,1781,1052,None,Move,browsing
1568208568.552,1780,1052,None,Move,browsing
1568208568.554,1778,1052,None,Move,browsing
1568208568.561,1776,1051,None,Move,browsing
1568208568.571,1773,1051,None,Move,browsing
1568208568.581,1769,1051,None,Move,browsing
1568208568.592,1766,1051,None,Move,browsing
1568208568.6020002,1760,1051,None,Move,browsing
1568208568.611,1757,1051,None,Move,browsing
1568208568.6220002,1755,1051,None,Move,browsing
1568208568.6320002,1752,1051,None,Move,browsing
1568208568.6420002,1749,1051,None,Move,browsing
1568208568.654,1747,1052,None,Move,browsing
1568208568.66,1745,1052,None,Move,browsing
1568208568.671,1742,1053,None,Move,browsing
1568208568.6820002,1740,1054,None,Move,browsing
1568208568.6920002,1739,1054,None,Move,browsing
1568208568.702,1739,1055,None,Move,browsing
1568208568.711,1737,1055,None,Move,browsing
1568208568.722,1735,1057,None,Move,browsing
1568208568.732,1735,1057,None,Move,browsing
1568208568.742,1733,1058,None,Move,browsing
1568208568.754,1732,1059,None,Move,browsing
1568208568.921,1732,1059,Left,Pressed,browsing
1568208569.032,1732,1059,Left,Released,file system
1568208569.137,1732,1059,None,Move,file system
1568208570.512,1731,1058,None,Move,file system
1568208570.522,1727,1055,None,Move,file system
1568208570.532,1723,1053,None,Move,file system
1568208570.542,1716,1048,None,Move,file system
1568208570.556,1700,1037,None,Move,file system
1568208570.562,1677,1023,None,Move,file system
1568208570.571,1653,1008,None,Move,file system
1568208570.582,1624,991,None,Move,file system
1568208570.591,1587,972,None,Move,file system
1568208570.596,1555,957,None,Move,file system
1568208570.605,1498,932,None,Move,file system
1568208570.6120002,1443,912,None,Move,file system
1568208570.625,1386,893,None,Move,file system
1568208570.6360002,1332,877,None,Move,file system
1568208570.641,1270,861,None,Move,file system
1568208570.655,1159,831,None,Move,file system
1568208570.6620002,1113,817,None,Move,file system
1568208570.671,1072,804,None,Move,file system
1568208570.6820002,1001,779,None,Move,file system
1568208570.6920002,986,773,None,Move,file system
1568208570.705,973,770,None,Move,file system
1568208570.712,972,770,None,Move,file system
1568208570.722,971,770,None,Move,file system
1568208570.7410002,971,770,Left,Pressed,file system
1568208570.841,971,770,Left,Released,browsing
1568208570.956,971,770,None,Move,browsing
1568208570.976,968,771,None,Move,browsing
1568208570.9910002,964,774,None,Move,browsing
1568208571.005,961,776,None,Move,browsing
1568208571.022,959,778,None,Move,browsing
1568208571.026,959,778,None,Move,browsing
1568208571.036,958,778,None,Move,browsing
1568208571.042,958,779,None,Move,browsing
1568208571.056,958,780,None,Move,browsing
1568208571.062,957,781,None,Move,browsing
1568208571.072,957,781,None,Move,browsing
1568208571.095,956,782,None,Move,browsing
1568208571.262,955,782,None,Move,browsing
1568208571.272,955,782,None,Move,browsing
1568208571.292,953,783,None,Move,browsing
1568208571.302,952,783,None,Move,browsing
1568208571.311,951,784,None,Move,browsing
1568208571.322,950,785,None,Move,browsing
1568208571.332,950,785,None,Move,browsing
1568208571.3920002,950,785,None,Move,browsing
1568208571.415,949,785,None,Move,browsing
1568208571.4320002,948,786,None,Move,browsing
1568208571.445,947,786,None,Move,browsing
1568208571.502,947,787,None,Move,browsing
1568208571.512,946,787,None,Move,browsing
1568208571.522,946,788,None,Move,browsing
1568208571.532,945,788,None,Move,browsing
1568208571.546,945,788,None,Move,browsing
1568208571.855,944,788,None,Move,browsing
1568208571.863,942,788,None,Move,browsing
1568208571.8720002,940,788,None,Move,browsing
1568208571.8860002,932,788,None,Move,browsing
1568208571.891,931,788,None,Move,browsing
1568208571.901,928,788,None,Move,browsing
1568208571.9120002,917,784,None,Move,browsing
1568208571.9220002,915,782,None,Move,browsing
1568208571.9320002,911,781,None,Move,browsing
1568208571.941,908,779,None,Move,browsing
1568208571.945,903,777,None,Move,browsing
1568208571.956,899,775,None,Move,browsing
1568208571.9629998,894,773,None,Move,browsing
1568208571.971,889,771,None,Move,browsing
1568208571.981,879,766,None,Move,browsing
1568208571.995,870,763,None,Move,browsing
1568208572.0010002,865,761,None,Move,browsing
1568208572.012,856,759,None,Move,browsing
1568208572.022,852,759,None,Move,browsing
1568208572.026,845,757,None,Move,browsing
1568208572.032,835,754,None,Move,browsing
1568208572.046,826,750,None,Move,browsing
1568208572.052,821,748,None,Move,browsing
1568208572.063,799,738,None,Move,browsing
1568208572.071,788,734,None,Move,browsing
1568208572.081,781,731,None,Move,browsing
1568208572.092,757,721,None,Move,browsing
1568208572.1020002,743,714,None,Move,browsing
1568208572.111,726,707,None,Move,browsing
1568208572.121,713,701,None,Move,browsing
1568208572.1320002,690,690,None,Move,browsing
1568208572.1420002,677,683,None,Move,browsing
1568208572.1520002,673,681,None,Move,browsing
1568208572.163,653,667,None,Move,browsing
1568208572.17,645,661,None,Move,browsing
1568208572.181,639,656,None,Move,browsing
1568208572.1920002,633,650,None,Move,browsing
1568208572.205,626,644,None,Move,browsing
1568208572.211,622,640,None,Move,browsing
1568208572.222,616,633,None,Move,browsing
1568208572.231,612,628,None,Move,browsing
1568208572.2410002,609,624,None,Move,browsing
1568208572.252,606,619,None,Move,browsing
1568208572.2610002,602,616,None,Move,browsing
1568208572.2629998,599,613,None,Move,browsing
1568208572.27,595,611,None,Move,browsing
1568208572.284,592,608,None,Move,browsing
1568208572.291,589,606,None,Move,browsing
1568208572.302,579,603,None,Move,browsing
1568208572.312,578,602,None,Move,browsing
1568208572.321,575,600,None,Move,browsing
1568208572.331,573,600,None,Move,browsing
1568208572.346,568,598,None,Move,browsing
1568208572.3520002,566,598,None,Move,browsing
1568208572.363,565,598,None,Move,browsing
1568208572.371,563,598,None,Move,browsing
1568208572.3760002,561,598,None,Move,browsing
1568208572.3820002,558,598,None,Move,browsing
1568208572.391,554,598,None,Move,browsing
1568208572.401,552,598,None,Move,browsing
1568208572.405,549,598,None,Move,browsing
1568208572.411,545,599,None,Move,browsing
1568208572.4220002,542,599,None,Move,browsing
1568208572.431,539,600,None,Move,browsing
1568208572.441,536,600,None,Move,browsing
1568208572.445,533,600,None,Move,browsing
1568208572.452,529,600,None,Move,browsing
1568208572.464,526,600,None,Move,browsing
1568208572.471,521,600,None,Move,browsing
1568208572.481,515,600,None,Move,browsing
1568208572.492,510,600,None,Move,browsing
1568208572.502,506,600,None,Move,browsing
1568208572.512,503,600,None,Move,browsing
1568208572.516,500,600,None,Move,browsing
1568208572.522,497,600,None,Move,browsing
1568208572.531,495,600,None,Move,browsing
1568208572.542,492,600,None,Move,browsing
1568208572.556,486,600,None,Move,browsing
1568208572.564,483,600,None,Move,browsing
1568208572.57,480,600,None,Move,browsing
1568208572.582,477,600,None,Move,browsing
1568208572.596,471,601,None,Move,browsing
1568208572.601,466,603,None,Move,browsing
1568208572.6120002,462,605,None,Move,browsing
1568208572.6220002,456,608,None,Move,browsing
1568208572.625,451,612,None,Move,browsing
1568208572.6320002,444,616,None,Move,browsing
1568208572.651,436,620,None,Move,browsing
1568208572.656,428,625,None,Move,browsing
1568208572.664,422,629,None,Move,browsing
1568208572.681,413,635,None,Move,browsing
1568208572.691,409,637,None,Move,browsing
1568208572.695,403,642,None,Move,browsing
1568208572.701,400,645,None,Move,browsing
1568208572.711,396,648,None,Move,browsing
1568208572.725,393,650,None,Move,browsing
1568208572.736,391,651,None,Move,browsing
1568208572.7410002,390,652,None,Move,browsing
1568208572.7510002,389,652,None,Move,browsing
1568208572.7629998,389,653,None,Move,browsing
1568208572.775,388,654,None,Move,browsing
1568208572.783,388,654,None,Move,browsing
1568208572.792,388,655,None,Move,browsing
1568208572.798,387,657,None,Move,browsing
1568208572.806,387,658,None,Move,browsing
1568208572.812,386,659,None,Move,browsing
1568208572.821,386,661,None,Move,browsing
1568208572.831,386,661,None,Move,browsing
1568208572.835,386,662,None,Move,browsing
1568208572.851,386,662,None,Move,browsing
1568208572.871,386,663,None,Move,browsing
1568208573.184,386,663,Right,Pressed,browsing
1568208573.292,386,663,Right,Released,browsing
1568208573.321,386,663,None,Move,browsing
1568208573.371,386,663,None,Move,browsing
1568208573.385,386,663,None,Move,browsing
1568208573.391,386,663,None,Move,browsing
1568208573.4020002,387,663,None,Move,browsing
1568208573.415,388,663,None,Move,browsing
1568208573.425,389,664,None,Move,browsing
1568208573.431,390,664,None,Move,browsing
1568208573.441,391,664,None,Move,browsing
1568208573.455,395,666,None,Move,browsing
1568208573.465,397,668,None,Move,browsing
1568208573.471,399,669,None,Move,browsing
1568208573.485,401,670,None,Move,browsing
1568208573.492,407,672,None,Move,browsing
1568208573.5010002,415,675,None,Move,browsing
1568208573.512,419,677,None,Move,browsing
1568208573.522,427,680,None,Move,browsing
1568208573.531,430,680,None,Move,browsing
1568208573.542,433,681,None,Move,browsing
1568208573.555,436,681,None,Move,browsing
1568208573.565,438,682,None,Move,browsing
1568208573.57,439,682,None,Move,browsing
1568208573.582,440,682,None,Move,browsing
1568208573.585,440,682,None,Move,browsing
1568208573.765,440,682,Left,Pressed,browsing
1568208573.8660002,440,682,Left,Released,browsing
1568208573.955,440,681,None,Move,browsing
1568208573.985,439,673,None,Move,browsing
1568208574.015,435,642,None,Move,browsing
1568208574.035,433,625,None,Move,browsing
1568208574.107,429,556,None,Move,browsing
1568208574.1160002,429,552,None,Move,browsing
1568208574.133,432,539,None,Move,browsing
1568208574.158,438,519,None,Move,browsing
1568208574.1720002,440,513,None,Move,browsing
1568208574.1820002,446,500,None,Move,browsing
1568208574.1920002,447,497,None,Move,browsing
1568208574.204,449,492,None,Move,browsing
1568208574.221,450,487,None,Move,browsing
1568208574.232,452,483,None,Move,browsing
1568208574.244,454,479,None,Move,browsing
1568208574.252,455,477,None,Move,browsing
1568208574.2629998,456,472,None,Move,browsing
1568208574.271,457,471,None,Move,browsing
1568208574.286,457,470,None,Move,browsing
1568208574.292,457,468,None,Move,browsing
1568208574.302,458,466,None,Move,browsing
1568208574.332,458,466,None,Move,browsing
1568208574.385,458,466,None,Move,browsing
1568208574.4020002,458,466,None,Move,browsing
1568208574.4120002,458,467,None,Move,browsing
1568208574.4320002,458,469,None,Move,browsing
1568208574.446,458,470,None,Move,browsing
1568208574.456,458,472,None,Move,browsing
1568208574.4629998,458,473,None,Move,browsing
1568208574.471,458,476,None,Move,browsing
1568208574.482,458,478,None,Move,browsing
1568208574.492,458,480,None,Move,browsing
1568208574.502,458,482,None,Move,browsing
1568208574.512,458,485,None,Move,browsing
1568208574.526,458,486,None,Move,browsing
1568208574.532,457,488,None,Move,browsing
1568208574.542,457,489,None,Move,browsing
1568208574.552,457,491,None,Move,browsing
1568208574.571,457,492,None,Move,browsing
1568208574.732,457,492,None,Move,browsing
1568208574.752,457,492,Right,Pressed,browsing
1568208574.8820002,457,492,Right,Released,browsing
1568208574.992,457,492,None,Move,browsing
1568208575.002,457,492,None,Move,browsing
1568208575.012,467,492,None,Move,browsing
1568208575.021,473,492,None,Move,browsing
1568208575.032,478,494,None,Move,browsing
1568208575.042,486,495,None,Move,browsing
1568208575.052,500,498,None,Move,browsing
1568208575.065,506,500,None,Move,browsing
1568208575.071,510,501,None,Move,browsing
1568208575.082,517,503,None,Move,browsing
1568208575.092,520,503,None,Move,browsing
1568208575.1020002,521,504,None,Move,browsing
1568208575.1160002,523,505,None,Move,browsing
1568208575.282,523,505,None,Move,browsing
1568208575.302,523,505,None,Move,browsing
1568208575.332,523,505,Left,Pressed,browsing
1568208575.3920002,523,505,Left,Released,browsing
1568208575.425,523,505,None,Move,browsing
1568208575.484,523,505,None,Move,browsing
1568208575.526,523,506,None,Move,browsing
1568208575.562,523,506,None,Move,browsing
1568208575.575,523,507,None,Move,browsing
1568208575.593,524,508,None,Move,browsing
1568208575.605,525,509,None,Move,browsing
1568208575.617,532,507,None,Move,browsing
1568208575.631,540,503,None,Move,browsing
1568208575.647,568,488,None,Move,browsing
1568208575.697,893,299,None,Move,browsing
1568208575.714,981,236,None,Move,browsing
1568208575.7270002,1040,185,None,Move,browsing
1568208575.752,1112,120,None,Move,browsing
1568208575.762,1120,111,None,Move,browsing
1568208575.772,1133,99,None,Move,browsing
1568208575.782,1135,96,None,Move,browsing
1568208575.796,1135,94,None,Move,browsing
1568208575.842,1135,94,None,Move,browsing
1568208575.851,1135,93,None,Move,browsing
1568208575.8660002,1135,91,None,Move,browsing
1568208575.8720002,1135,89,None,Move,browsing
1568208575.8920002,1134,81,None,Move,browsing
1568208575.9020002,1133,79,None,Move,browsing
1568208575.9120002,1133,75,None,Move,browsing
1568208575.926,1132,70,None,Move,browsing
1568208575.9320002,1128,64,None,Move,browsing
1568208575.941,1128,63,None,Move,browsing
1568208575.955,1126,60,None,Move,browsing
1568208575.966,1122,54,None,Move,browsing
1568208575.976,1120,52,None,Move,browsing
1568208575.992,1118,50,None,Move,browsing
1568208575.996,1117,48,None,Move,browsing
1568208576.002,1115,46,None,Move,browsing
1568208576.012,1111,42,None,Move,browsing
1568208576.032,1108,38,None,Move,browsing
1568208576.046,1104,36,None,Move,browsing
1568208576.062,1103,35,None,Move,browsing
1568208576.081,1102,34,None,Move,browsing
1568208576.1020002,1102,34,None,Move,browsing
1568208576.121,1102,33,None,Move,browsing
1568208576.131,1102,32,None,Move,browsing
1568208576.1420002,1103,31,None,Move,browsing
1568208576.1520002,1103,31,None,Move,browsing
1568208576.171,1104,28,None,Move,browsing
1568208576.186,1116,19,None,Move,browsing
1568208576.215,1137,4,None,Move,browsing
1568208576.246,1150,-7,None,Move,browsing
1568208576.281,1157,-5,None,Move,browsing
1568208576.291,1157,0,None,Move,browsing
1568208576.302,1158,-1,None,Move,browsing
1568208576.3520002,1158,0,Left,Pressed,browsing
1568208576.451,1158,0,Left,Released,browsing
1568208576.6620002,1158,0,None,Move,browsing
1568208576.686,1158,0,None,Move,browsing
1568208576.696,1158,0,None,Move,browsing
1568208576.715,1158,1,None,Move,browsing
1568208576.732,1157,2,None,Move,browsing
1568208576.744,1157,4,None,Move,browsing
1568208576.7510002,1157,4,None,Move,browsing
1568208576.765,1156,5,None,Move,browsing
1568208576.776,1156,6,None,Move,browsing
1568208576.786,1156,6,None,Move,browsing
1568208576.791,1155,7,None,Move,browsing
1568208576.801,1154,8,None,Move,browsing
1568208576.812,1154,9,None,Move,browsing
1568208576.822,1153,11,None,Move,browsing
1568208576.831,1152,13,None,Move,browsing
1568208576.844,1152,14,None,Move,browsing
1568208576.851,1150,15,None,Move,browsing
1568208576.8620002,1149,18,None,Move,browsing
1568208576.865,1148,19,None,Move,browsing
1568208576.8720002,1145,22,None,Move,browsing
1568208576.881,1142,26,None,Move,browsing
1568208576.895,1139,31,None,Move,browsing
1568208576.901,1136,34,None,Move,browsing
1568208576.9120002,1132,39,None,Move,browsing
1568208576.916,1127,49,None,Move,browsing
1568208576.935,1115,65,None,Move,browsing
1568208576.951,1088,105,None,Move,browsing
1568208576.965,1070,130,None,Move,browsing
1568208576.9910002,1019,210,None,Move,browsing
1568208577.012,998,244,None,Move,browsing
1568208577.041,964,310,None,Move,browsing
1568208577.117,932,409,None,Move,browsing
1568208577.1360002,930,423,None,Move,browsing
1568208577.153,928,436,None,Move,browsing
1568208577.166,928,438,None,Move,browsing
1568208577.174,928,442,None,Move,browsing
1568208577.185,928,444,None,Move,browsing
1568208577.196,928,449,None,Move,browsing
1568208577.202,928,451,None,Move,browsing
1568208577.216,927,453,None,Move,browsing
1568208577.226,927,454,None,Move,browsing
1568208577.232,927,456,None,Move,browsing
1568208577.2510002,926,458,None,Move,browsing
1568208577.2610002,926,460,None,Move,browsing
1568208577.286,920,472,None,Move,browsing
1568208577.296,920,473,None,Move,browsing
1568208577.316,919,473,None,Move,browsing
1568208577.3520002,919,474,None,Move,browsing
1568208578.765,919,474,None,Move,browsing
1568208578.83,888,425,None,Move,browsing
1568208578.845,874,410,None,Move,browsing
1568208578.855,872,409,None,Move,browsing
1568208578.8720002,866,400,None,Move,browsing
1568208578.897,863,395,None,Move,browsing
1568208578.919,860,390,None,Move,browsing
1568208578.972,858,388,None,Move,browsing
1568208578.992,858,387,None,Move,browsing
1568208579.02,857,387,None,Move,browsing
1568208579.062,857,387,None,Move,browsing
1568208579.08,855,394,None,Move,browsing
1568208579.09,854,397,None,Move,browsing
1568208579.151,843,444,None,Move,browsing
1568208579.196,840,456,None,Move,browsing
1568208579.207,827,487,None,Move,browsing
1568208579.2229998,824,494,None,Move,browsing
1568208579.245,821,504,None,Move,browsing
1568208579.2570002,820,509,None,Move,browsing
1568208579.278,818,512,None,Move,browsing
1568208579.3,818,513,None,Move,browsing
1568208579.709,818,513,None,Move,browsing
1568208579.72,818,510,None,Move,browsing
1568208579.732,818,508,None,Move,browsing
1568208579.742,818,502,None,Move,browsing
1568208579.762,817,498,None,Move,browsing
1568208579.772,817,495,None,Move,browsing
1568208579.782,817,493,None,Move,browsing
1568208579.79,817,492,None,Move,browsing
1568208579.8,816,490,None,Move,browsing
1568208579.8070002,816,487,None,Move,browsing
1568208579.8170002,816,484,None,Move,browsing
1568208579.827,815,475,None,Move,browsing
1568208579.837,814,470,None,Move,browsing
1568208579.846,813,463,None,Move,browsing
1568208579.855,812,457,None,Move,browsing
1568208579.8639998,811,450,None,Move,browsing
1568208579.8739998,809,438,None,Move,browsing
1568208579.89,807,425,None,Move,browsing
1568208579.899,806,420,None,Move,browsing
1568208579.909,806,409,None,Move,browsing
1568208579.919,806,397,None,Move,browsing
1568208579.9320002,806,388,None,Move,browsing
1568208579.945,806,377,None,Move,browsing
1568208579.962,807,359,None,Move,browsing
1568208579.9770002,811,341,None,Move,browsing
1568208579.988,814,333,None,Move,browsing
1568208580.01,820,312,None,Move,browsing
1568208580.021,827,295,None,Move,browsing
1568208580.034,829,292,None,Move,browsing
1568208580.0679998,855,257,None,Move,browsing
1568208580.083,862,250,None,Move,browsing
1568208580.099,867,245,None,Move,browsing
1568208580.1139998,869,243,None,Move,browsing
1568208580.1239998,871,242,None,Move,browsing
1568208580.145,871,242,None,Move,browsing
1568208580.1720002,872,240,None,Move,browsing
1568208580.188,874,239,None,Move,browsing
1568208580.199,874,239,None,Move,browsing
1568208580.21,875,238,None,Move,browsing
1568208580.22,876,238,None,Move,browsing
1568208580.231,876,238,None,Move,browsing
1568208580.2389998,879,236,None,Move,browsing
1568208580.25,880,236,None,Move,browsing
1568208580.264,884,234,None,Move,browsing
1568208580.276,886,233,None,Move,browsing
1568208580.289,891,232,None,Move,browsing
1568208580.3,893,231,None,Move,browsing
1568208580.31,894,231,None,Move,browsing
1568208580.321,896,231,None,Move,browsing
1568208580.333,896,231,None,Move,browsing
1568208580.349,897,231,None,Move,browsing
1568208580.3579998,898,231,None,Move,browsing
1568208580.3679998,900,231,None,Move,browsing
1568208580.375,902,232,None,Move,browsing
1568208580.385,904,232,None,Move,browsing
1568208580.3979998,909,235,None,Move,browsing
1568208580.405,914,238,None,Move,browsing
1568208580.414,916,240,None,Move,browsing
1568208580.421,918,241,None,Move,browsing
1568208580.43,921,243,None,Move,browsing
1568208580.437,924,245,None,Move,browsing
1568208580.445,929,248,None,Move,browsing
1568208580.456,932,250,None,Move,browsing
1568208580.466,936,252,None,Move,browsing
1568208580.4729998,938,254,None,Move,browsing
1568208580.481,940,255,None,Move,browsing
1568208580.488,943,257,None,Move,browsing
1568208580.496,943,257,None,Move,browsing
1568208580.502,944,259,None,Move,browsing
1568208580.5089998,945,260,None,Move,browsing
1568208580.5170002,946,261,None,Move,browsing
1568208580.524,946,263,None,Move,browsing
1568208580.532,946,265,None,Move,browsing
1568208580.539,946,267,None,Move,browsing
1568208580.5470002,946,270,None,Move,browsing
1568208580.554,946,273,None,Move,browsing
1568208580.561,946,278,None,Move,browsing
1568208580.5670002,946,283,None,Move,browsing
1568208580.576,944,287,None,Move,browsing
1568208580.583,943,290,None,Move,browsing
1568208580.591,942,293,None,Move,browsing
1568208580.599,941,297,None,Move,browsing
1568208580.607,941,299,None,Move,browsing
1568208580.615,941,300,None,Move,browsing
1568208580.623,940,301,None,Move,browsing
1568208580.631,940,304,None,Move,browsing
1568208580.637,940,304,None,Move,browsing
1568208580.646,940,305,None,Move,browsing
1568208580.655,940,305,None,Move,browsing
1568208580.665,940,306,None,Move,browsing
1568208580.673,939,306,None,Move,browsing
1568208580.709,939,306,None,Move,browsing
1568208580.755,939,307,None,Move,browsing
1568208580.779,939,308,None,Move,browsing
1568208580.789,939,309,None,Move,browsing
1568208580.7970002,939,311,None,Move,browsing
1568208580.804,939,311,None,Move,browsing
1568208580.811,939,312,None,Move,browsing
1568208580.825,939,312,None,Move,browsing
1568208580.841,939,314,None,Move,browsing
1568208580.849,938,315,None,Move,browsing
1568208580.857,938,316,None,Move,browsing
1568208581.0370002,938,316,None,Move,browsing
1568208581.059,938,317,None,Move,browsing
1568208581.076,938,317,None,Move,browsing
1568208581.095,937,318,None,Move,browsing
1568208581.12,936,318,None,Move,browsing
1568208581.146,936,319,None,Move,browsing
1568208581.16,936,319,None,Move,browsing
1568208581.173,936,320,None,Move,browsing
1568208581.189,935,320,None,Move,browsing
1568208581.2470002,935,321,None,Move,browsing
1568208581.271,935,321,None,Move,browsing
1568208581.282,935,321,None,Move,browsing
1568208581.29,935,322,None,Move,browsing
1568208581.31,934,323,None,Move,browsing
1568208581.3379998,933,324,None,Move,browsing
1568208581.356,932,324,None,Move,browsing
1568208581.3739998,932,325,None,Move,browsing
1568208581.39,932,325,None,Move,browsing
1568208581.4970002,932,326,None,Move,browsing
1568208581.521,931,327,None,Move,browsing
1568208581.531,931,329,None,Move,browsing
1568208581.542,931,331,None,Move,browsing
1568208581.555,930,333,None,Move,browsing
1568208581.5679998,929,337,None,Move,browsing
1568208581.577,929,337,None,Move,browsing
1568208581.589,928,338,None,Move,browsing
1568208581.603,928,340,None,Move,browsing
1568208581.611,928,341,None,Move,browsing
1568208581.629,927,343,None,Move,browsing
1568208581.647,927,345,None,Move,browsing
1568208581.659,927,346,None,Move,browsing
1568208581.673,927,347,None,Move,browsing
1568208581.6829998,927,347,None,Move,browsing
1568208581.7,926,348,None,Move,browsing
1568208581.715,926,349,None,Move,browsing
1568208581.7470002,926,349,None,Move,browsing
1568208581.762,926,351,None,Move,browsing
1568208581.778,922,360,None,Move,browsing
1568208581.7870002,922,362,None,Move,browsing
1568208581.796,922,363,None,Move,browsing
1568208581.802,921,363,None,Move,browsing
1568208581.81,921,364,None,Move,browsing
1568208581.8170002,921,365,None,Move,browsing
1568208581.826,921,365,None,Move,browsing
1568208581.855,921,366,None,Move,browsing
1568208584.951,921,366,None,Move,browsing
1568208584.962,921,366,None,Move,browsing
1568208584.972,921,366,None,Move,browsing
1568208584.982,921,365,None,Move,browsing
1568208584.992,922,365,None,Move,browsing
1568208585.002,922,365,None,Move,browsing
1568208585.051,923,365,None,Move,browsing
1568208585.061,926,365,None,Move,browsing
1568208585.072,928,365,None,Move,browsing
1568208585.082,930,365,None,Move,browsing
1568208585.092,930,364,None,Move,browsing
1568208585.1020002,931,364,None,Move,browsing
1568208585.275,931,364,None,Move,browsing
1568208585.322,931,364,None,Move,browsing
1568208585.332,931,366,None,Move,browsing
1568208585.345,931,367,None,Move,browsing
1568208585.356,930,368,None,Move,browsing
1568208585.3620002,930,369,None,Move,browsing
1568208585.3720002,929,369,None,Move,browsing
1568208585.3760002,929,370,None,Move,browsing
1568208585.3860002,929,370,None,Move,browsing
1568208585.395,929,371,None,Move,browsing
1568208585.4020002,928,371,None,Move,browsing
1568208585.416,928,372,None,Move,browsing
1568208585.4220002,928,373,None,Move,browsing
1568208585.4320002,928,374,None,Move,browsing
1568208585.4420002,928,375,None,Move,browsing
1568208585.451,927,375,None,Move,browsing
1568208585.492,927,375,None,Move,browsing
1568208585.6020002,927,376,None,Move,browsing
1568208585.6260002,926,377,None,Move,browsing
1568208585.6420002,926,377,None,Move,browsing
1568208585.65,926,378,None,Move,browsing
1568208585.6620002,925,378,None,Move,browsing
1568208585.706,925,379,None,Move,browsing
1568208585.742,925,379,None,Move,browsing
1568208585.7510002,926,379,None,Move,browsing
1568208585.765,927,379,None,Move,browsing
1568208585.782,929,378,None,Move,browsing
1568208585.802,930,376,None,Move,browsing
1568208585.812,931,376,None,Move,browsing
1568208585.826,931,376,None,Move,browsing
1568208585.832,931,376,None,Move,browsing
1568208585.851,930,377,None,Move,browsing
1568208585.8620002,926,380,None,Move,browsing
1568208585.875,913,386,None,Move,browsing
1568208586.3720002,913,386,None,Move,browsing
1568208586.3820002,913,385,None,Move,browsing
1568208586.391,913,385,None,Move,browsing
1568208586.4020002,913,384,None,Move,browsing
1568208586.4120002,913,382,None,Move,browsing
1568208586.4220002,913,381,None,Move,browsing
1568208586.431,914,381,None,Move,browsing
1568208586.446,915,380,None,Move,browsing
1568208586.455,916,380,None,Move,browsing
1568208586.461,917,380,None,Move,browsing
1568208586.471,918,379,None,Move,browsing
1568208586.542,919,378,None,Move,browsing
1568208586.581,919,378,None,Move,browsing
1568208586.591,919,378,None,Move,browsing
1568208586.611,920,377,None,Move,browsing
1568208586.625,921,377,None,Move,browsing
1568208586.6420002,921,377,None,Move,browsing
1568208586.656,922,377,None,Move,browsing
1568208586.8679998,922,377,None,Move,browsing
1568208586.871,923,376,None,Move,browsing
1568208586.881,924,375,None,Move,browsing
1568208586.8920002,925,375,None,Move,browsing
1568208586.9020002,927,373,None,Move,browsing
1568208586.9120002,928,373,None,Move,browsing
1568208586.9220002,928,373,None,Move,browsing
1568208586.9320002,929,372,None,Move,browsing
1568208586.952,930,372,None,Move,browsing
1568208587.212,931,372,None,Move,browsing
1568208587.4320002,931,372,None,Move,browsing
1568208587.492,931,372,None,Move,browsing
1568208587.7529998,931,371,None,Move,browsing
1568208587.8660002,931,371,None,Move,browsing
1568208587.992,931,370,None,Move,browsing
1568208588.9320002,931,370,None,Move,browsing
1568208589.232,931,370,None,Move,browsing
1568208589.242,930,369,None,Move,browsing
1568208589.255,927,363,None,Move,browsing
1568208589.2610002,927,360,None,Move,browsing
1568208589.271,927,355,None,Move,browsing
1568208589.281,929,345,None,Move,browsing
1568208589.286,933,338,None,Move,browsing
1568208589.291,937,329,None,Move,browsing
1568208589.301,944,315,None,Move,browsing
1568208589.311,949,306,None,Move,browsing
1568208589.322,953,295,None,Move,browsing
1568208589.332,961,279,None,Move,browsing
1568208589.335,967,262,None,Move,browsing
1568208589.341,973,249,None,Move,browsing
1568208589.3520002,986,223,None,Move,browsing
1568208589.3660002,1007,185,None,Move,browsing
1568208589.3720002,1014,170,None,Move,browsing
1568208589.3820002,1029,146,None,Move,browsing
1568208589.391,1034,136,None,Move,browsing
1568208589.405,1053,105,None,Move,browsing
1568208589.4120002,1061,97,None,Move,browsing
1568208589.421,1075,77,None,Move,browsing
1568208589.441,1085,63,None,Move,browsing
1568208589.46,1127,20,None,Move,browsing
1568208589.471,1155,-6,None,Move,browsing
1568208589.482,1165,-8,None,Move,browsing
1568208589.492,1182,-6,None,Move,browsing
1568208589.502,1191,-7,None,Move,browsing
1568208589.512,1202,-2,None,Move,browsing
1568208589.521,1206,-1,None,Move,browsing
1568208589.532,1208,-1,None,Move,browsing
1568208589.541,1212,0,None,Move,browsing
1568208589.551,1213,0,None,Move,browsing
1568208589.561,1214,0,None,Move,browsing
1568208589.572,1215,-1,None,Move,browsing
1568208589.581,1216,0,None,Move,browsing
1568208589.641,1217,0,None,Move,browsing
1568208589.651,1219,0,None,Move,browsing
1568208589.66,1221,0,None,Move,browsing
1568208589.6720002,1223,0,None,Move,browsing
1568208589.6820002,1228,1,None,Move,browsing
1568208589.691,1230,1,None,Move,browsing
1568208589.702,1232,2,None,Move,browsing
1568208589.712,1233,2,None,Move,browsing
1568208589.725,1235,3,None,Move,browsing
1568208589.731,1236,3,None,Move,browsing
1568208589.742,1237,3,None,Move,browsing
1568208589.746,1238,3,None,Move,browsing
1568208589.752,1240,3,None,Move,browsing
1568208589.7610002,1241,3,None,Move,browsing
1568208589.771,1241,3,None,Move,browsing
1568208589.782,1242,3,None,Move,browsing
1568208589.842,1242,3,None,Move,browsing
1568208589.9020002,1242,4,None,Move,browsing
1568208589.9120002,1242,4,None,Move,browsing
1568208589.9220002,1241,6,None,Move,browsing
1568208589.9320002,1237,7,None,Move,browsing
1568208589.9420002,1236,8,None,Move,browsing
1568208589.951,1233,9,None,Move,browsing
1568208589.962,1232,10,None,Move,browsing
1568208589.972,1229,11,None,Move,browsing
1568208589.986,1228,11,None,Move,browsing
1568208590.022,1227,11,None,Move,browsing
1568208590.082,1227,12,None,Move,browsing
1568208590.1220002,1227,12,None,Move,browsing
1568208590.1720002,1226,13,None,Move,browsing
1568208590.1920002,1226,14,None,Move,browsing
1568208590.3860002,1226,14,Left,Pressed,browsing
1568208590.5010002,1226,14,Left,Released,browsing
1568208590.8920002,1226,14,None,Move,browsing
1568208590.9020002,1225,15,None,Move,browsing
1568208590.9329998,1219,24,None,Move,browsing
1568208590.949,1215,31,None,Move,browsing
1568208590.962,1208,41,None,Move,browsing
1568208590.978,1201,54,None,Move,browsing
1568208590.9929998,1178,92,None,Move,browsing
1568208591.0089998,1165,117,None,Move,browsing
1568208591.025,1151,143,None,Move,browsing
1568208591.04,1134,172,None,Move,browsing
1568208591.056,1109,217,None,Move,browsing
1568208591.0779998,1079,270,None,Move,browsing
1568208591.1,1065,299,None,Move,browsing
1568208591.12,1044,345,None,Move,browsing
1568208591.133,1032,374,None,Move,browsing
1568208591.147,1027,390,None,Move,browsing
1568208591.159,1024,401,None,Move,browsing
1568208591.173,1020,411,None,Move,browsing
1568208591.188,1018,418,None,Move,browsing
1568208591.199,1017,423,None,Move,browsing
1568208591.214,1017,430,None,Move,browsing
1568208591.2270002,1016,437,None,Move,browsing
1568208591.236,1016,440,None,Move,browsing
1568208591.266,1016,440,None,Move,browsing
1568208591.286,1016,441,None,Move,browsing
1568208591.304,1016,442,None,Move,browsing
1568208591.327,1016,442,None,Move,browsing
1568208591.337,1016,443,None,Move,browsing
1568208591.6120002,1015,443,None,Move,browsing
1568208591.63,1015,443,None,Move,browsing
1568208591.65,1015,444,None,Move,browsing
1568208591.66,1015,444,None,Move,browsing
1568208591.6620002,1014,445,None,Move,browsing
1568208591.6720002,1014,446,None,Move,browsing
1568208591.6820002,1013,447,None,Move,browsing
1568208591.69,1013,448,None,Move,browsing
1568208591.7,1013,449,None,Move,browsing
1568208591.847,1013,449,None,Move,browsing
1568208592.101,1013,449,None,Move,browsing
1568208592.117,1013,450,None,Move,browsing
1568208592.1320002,1013,451,None,Move,browsing
1568208592.164,1013,452,None,Move,browsing
1568208592.246,1012,453,None,Move,browsing
1568208605.254,1012,455,None,Move,browsing
1568208605.268,1011,455,None,Move,browsing
1568208605.2770002,1011,456,None,Move,browsing
1568208605.334,1011,456,None,Move,browsing
1568208605.504,1011,456,None,Move,browsing
1568208606.074,1011,456,None,Move,browsing
1568208606.2229998,1011,457,None,Move,browsing
1568208606.894,1010,457,None,Move,browsing
1568208609.2270002,1010,458,None,Move,browsing
1568208609.7329998,1010,458,None,Move,browsing
1568208609.754,1010,459,None,Move,browsing
1568208609.768,1011,459,None,Move,browsing
1568208609.774,1011,460,None,Move,browsing
1568208609.784,1011,462,None,Move,browsing
1568208609.794,1011,462,None,Move,browsing
1568208609.824,1011,463,None,Move,browsing
1568208614.6339998,1011,466,None,Move,browsing
1568208614.6479998,1014,469,None,Move,browsing
1568208614.654,1016,473,None,Move,browsing
1568208614.664,1019,476,None,Move,browsing
1568208614.674,1022,482,None,Move,browsing
1568208614.684,1024,483,None,Move,browsing
1568208614.694,1024,484,None,Move,browsing
1568208614.708,1025,484,None,Move,browsing
1568208614.724,1025,485,None,Move,browsing
1568208614.734,1025,485,None,Move,browsing
1568208614.744,1026,485,None,Move,browsing
1568208614.764,1027,482,None,Move,browsing
1568208614.774,1030,475,None,Move,browsing
1568208614.784,1046,434,None,Move,browsing
1568208614.794,1062,401,None,Move,browsing
1568208614.804,1088,353,None,Move,browsing
1568208614.814,1160,237,None,Move,browsing
1568208614.824,1200,178,None,Move,browsing
1568208614.834,1235,126,None,Move,browsing
1568208614.8479998,1318,7,None,Move,browsing
1568208614.8739998,1358,-47,None,Move,browsing
1568208614.8839998,1430,-17,None,Move,browsing
1568208614.8979998,1463,-38,None,Move,browsing
1568208614.908,1475,-11,None,Move,browsing
1568208614.934,1497,-18,None,Move,browsing
1568208614.944,1505,-6,None,Move,browsing
1568208614.954,1508,-2,None,Move,browsing
1568208614.958,1510,-1,None,Move,browsing
1568208614.968,1511,0,None,Move,browsing
1568208614.974,1512,-1,None,Move,browsing
1568208614.984,1512,0,None,Move,browsing
1568208615.014,1514,0,None,Move,browsing
1568208615.024,1515,0,None,Move,browsing
1568208615.034,1516,0,None,Move,browsing
1568208615.044,1517,0,None,Move,browsing
1568208615.054,1518,0,None,Move,browsing
1568208615.064,1518,0,None,Move,browsing
1568208615.074,1519,0,None,Move,browsing
1568208615.154,1519,0,None,Move,browsing
1568208615.174,1519,0,None,Move,browsing
1568208615.184,1518,0,None,Move,browsing
1568208615.194,1515,0,None,Move,browsing
1568208615.204,1512,0,None,Move,browsing
1568208615.208,1510,0,None,Move,browsing
1568208615.218,1507,0,None,Move,browsing
1568208615.224,1503,0,None,Move,browsing
1568208615.234,1500,1,None,Move,browsing
1568208615.244,1490,2,None,Move,browsing
1568208615.254,1487,2,None,Move,browsing
1568208615.264,1484,2,None,Move,browsing
1568208615.274,1483,2,None,Move,browsing
1568208615.284,1481,2,None,Move,browsing
1568208615.2870002,1479,2,None,Move,browsing
1568208615.294,1477,2,None,Move,browsing
1568208615.304,1474,2,None,Move,browsing
1568208615.3179998,1472,2,None,Move,browsing
1568208615.324,1471,2,None,Move,browsing
1568208615.334,1469,2,None,Move,browsing
1568208615.344,1469,2,None,Move,browsing
1568208615.344,1468,2,None,Move,browsing
1568208615.354,1467,2,None,Move,browsing
1568208615.3639998,1466,2,None,Move,browsing
1568208615.3739998,1466,2,None,Move,browsing
1568208615.3879998,1466,2,None,Move,browsing
1568208615.424,1466,2,Left,Pressed,browsing
1568208615.524,1466,2,Left,Released,browsing
1568208615.5779998,1465,2,None,Move,browsing
1568208615.594,1465,2,None,Move,browsing
1568208615.604,1464,2,None,Move,browsing
1568208615.633,1464,3,None,Move,browsing
1568208615.653,1463,3,None,Move,browsing
1568208615.704,1463,3,None,Move,browsing
1568208615.834,1462,3,None,Move,browsing
1568208615.853,1456,7,None,Move,browsing
1568208615.8639998,1454,7,None,Move,browsing
1568208615.8739998,1448,11,None,Move,browsing
1568208615.8839998,1445,12,None,Move,browsing
1568208615.894,1442,13,None,Move,browsing
1568208615.904,1438,15,None,Move,browsing
1568208615.918,1429,18,None,Move,browsing
1568208615.924,1425,19,None,Move,browsing
1568208615.934,1422,21,None,Move,browsing
1568208615.945,1417,22,None,Move,browsing
1568208615.952,1411,24,None,Move,browsing
1568208615.964,1401,27,None,Move,browsing
1568208615.978,1394,29,None,Move,browsing
1568208615.984,1393,29,None,Move,browsing
1568208615.998,1384,32,None,Move,browsing
1568208616.004,1381,33,None,Move,browsing
1568208616.014,1380,33,None,Move,browsing
1568208616.024,1377,33,None,Move,browsing
1568208616.034,1371,35,None,Move,browsing
1568208616.045,1369,35,None,Move,browsing
1568208616.053,1367,35,None,Move,browsing
1568208616.0579998,1365,36,None,Move,browsing
1568208616.064,1363,37,None,Move,browsing
1568208616.074,1361,38,None,Move,browsing
1568208616.084,1357,39,None,Move,browsing
1568208616.094,1356,40,None,Move,browsing
1568208616.1079998,1353,41,None,Move,browsing
1568208616.1139998,1349,43,None,Move,browsing
1568208616.123,1348,43,None,Move,browsing
1568208616.137,1346,44,None,Move,browsing
1568208616.145,1345,44,None,Move,browsing
1568208616.1520002,1345,45,None,Move,browsing
1568208616.194,1344,45,None,Move,browsing
1568208616.2029998,1341,48,None,Move,browsing
1568208616.214,1338,51,None,Move,browsing
1568208616.224,1334,55,None,Move,browsing
1568208616.234,1333,57,None,Move,browsing
1568208616.245,1327,64,None,Move,browsing
1568208616.2529998,1324,67,None,Move,browsing
1568208616.264,1322,70,None,Move,browsing
1568208616.284,1319,74,None,Move,browsing
1568208616.445,1318,76,None,Move,browsing
1568208616.458,1318,77,None,Move,browsing
1568208616.466,1317,79,None,Move,browsing
1568208616.478,1317,86,None,Move,browsing
1568208616.488,1315,95,None,Move,browsing
1568208616.494,1314,107,None,Move,browsing
1568208616.504,1309,146,None,Move,browsing
1568208616.514,1308,158,None,Move,browsing
1568208616.524,1305,181,None,Move,browsing
1568208616.534,1301,202,None,Move,browsing
1568208616.538,1296,239,None,Move,browsing
1568208616.545,1286,292,None,Move,browsing
1568208616.553,1276,337,None,Move,browsing
1568208616.564,1250,427,None,Move,browsing
1568208616.577,1230,474,None,Move,browsing
1568208616.583,1216,507,None,Move,browsing
1568208616.593,1203,536,None,Move,browsing
1568208616.597,1195,551,None,Move,browsing
1568208616.603,1180,587,None,Move,browsing
1568208616.623,1171,617,None,Move,browsing
1568208616.6339998,1166,630,None,Move,browsing
1568208616.645,1158,656,None,Move,browsing
1568208616.653,1155,665,None,Move,browsing
1568208616.667,1145,684,None,Move,browsing
1568208616.673,1140,692,None,Move,browsing
1568208616.684,1135,699,None,Move,browsing
1568208616.698,1129,706,None,Move,browsing
1568208616.708,1128,707,None,Move,browsing
1568208616.718,1126,708,None,Move,browsing
1568208616.724,1124,709,None,Move,browsing
1568208616.7329998,1122,710,None,Move,browsing
1568208616.745,1121,711,None,Move,browsing
1568208616.754,1121,711,None,Move,browsing
1568208616.834,1121,711,None,Move,browsing
1568208616.846,1119,713,None,Move,browsing
1568208616.8579998,1119,715,None,Move,browsing
1568208616.8779998,1116,718,None,Move,browsing
1568208616.893,1115,719,None,Move,browsing
1568208616.904,1115,719,None,Move,browsing
1568208617.014,1115,719,None,Move,browsing
1568208617.104,1115,719,None,Move,browsing
1568208617.1179998,1115,718,None,Move,browsing
1568208617.1239998,1116,717,None,Move,browsing
1568208617.1339998,1116,715,None,Move,browsing
1568208617.144,1116,714,None,Move,browsing
1568208617.153,1117,712,None,Move,browsing
1568208617.174,1118,711,None,Move,browsing
1568208617.184,1118,710,None,Move,browsing
1568208617.204,1118,710,None,Move,browsing
1568208617.264,1118,709,None,Move,browsing
1568208617.294,1118,709,None,Move,browsing
1568208617.324,1118,708,None,Move,browsing
1568208617.347,1117,708,None,Move,browsing
1568208617.3520002,1117,708,None,Move,browsing
1568208617.474,1116,708,None,Move,browsing
1568208617.484,1115,708,None,Move,browsing
1568208617.498,1112,708,None,Move,browsing
1568208617.504,1111,708,None,Move,browsing
1568208617.514,1111,708,None,Move,browsing
1568208617.534,1111,708,None,Move,browsing
1568208617.574,1111,708,None,Move,browsing
1568208617.587,1116,705,None,Move,browsing
1568208617.594,1119,703,None,Move,browsing
1568208617.604,1121,702,None,Move,browsing
1568208617.6139998,1123,700,None,Move,browsing
1568208617.6239998,1128,697,None,Move,browsing
1568208617.6339998,1128,696,None,Move,browsing
1568208617.647,1129,695,None,Move,browsing
1568208617.6520002,1129,695,None,Move,browsing
1568208617.664,1130,694,None,Move,browsing
1568208617.674,1130,694,None,Move,browsing
1568208617.684,1130,693,None,Move,browsing
1568208617.714,1130,693,None,Move,browsing
1568208617.794,1130,693,None,Move,browsing
1568208617.804,1132,691,None,Move,browsing
1568208617.8179998,1136,687,None,Move,browsing
1568208617.824,1141,683,None,Move,browsing
1568208617.834,1151,676,None,Move,browsing
1568208617.849,1162,667,None,Move,browsing
1568208617.853,1167,663,None,Move,browsing
1568208617.863,1174,657,None,Move,browsing
1568208617.8739998,1179,653,None,Move,browsing
1568208617.8839998,1185,648,None,Move,browsing
1568208617.894,1187,646,None,Move,browsing
1568208617.904,1190,643,None,Move,browsing
1568208617.917,1195,639,None,Move,browsing
1568208617.924,1197,636,None,Move,browsing
1568208617.934,1198,635,None,Move,browsing
1568208617.944,1199,634,None,Move,browsing
1568208617.95,1199,634,None,Move,browsing
1568208617.9529998,1199,634,None,Move,browsing
1568208617.974,1199,633,None,Move,browsing
1568208618.053,1199,633,None,Move,browsing
1568208618.084,1199,633,None,Move,browsing
1568208618.094,1197,635,None,Move,browsing
1568208618.104,1195,637,None,Move,browsing
1568208618.113,1192,640,None,Move,browsing
1568208618.1239998,1190,642,None,Move,browsing
1568208618.1339998,1187,648,None,Move,browsing
1568208618.144,1185,650,None,Move,browsing
1568208618.153,1184,652,None,Move,browsing
1568208618.174,1182,655,None,Move,browsing
1568208618.184,1181,657,None,Move,browsing
1568208618.204,1180,659,None,Move,browsing
1568208618.224,1178,662,None,Move,browsing
1568208618.238,1177,663,None,Move,browsing
1568208618.254,1177,663,None,Move,browsing
1568208618.3739998,1177,663,None,Move,browsing
1568208618.424,1176,663,None,Move,browsing
1568208618.434,1176,663,None,Move,browsing
1568208618.464,1176,663,None,Move,browsing
1568208618.4829998,1176,662,None,Move,browsing
1568208618.494,1176,662,None,Move,browsing
1568208618.504,1176,661,None,Move,browsing
1568208618.514,1176,661,None,Move,browsing
1568208618.518,1175,660,None,Move,browsing
1568208618.534,1175,659,None,Move,browsing
1568208618.555,1175,659,None,Move,browsing
1568208618.564,1175,659,None,Move,browsing
1568208618.584,1174,659,None,Move,browsing
1568208618.6139998,1174,658,None,Move,browsing
1568208618.724,1173,658,None,Move,browsing
1568208618.8620002,1173,658,None,Move,browsing
1568208618.894,1173,657,None,Move,browsing
1568208618.904,1173,657,None,Move,browsing
1568208618.924,1172,655,None,Move,browsing
1568208618.944,1171,652,None,Move,browsing
1568208618.956,1170,651,None,Move,browsing
1568208618.962,1170,650,None,Move,browsing
1568208618.974,1169,648,None,Move,browsing
1568208618.994,1169,648,None,Move,browsing
1568208619.004,1169,647,None,Move,browsing
1568208619.014,1169,647,None,Move,browsing
1568208619.024,1169,646,None,Move,browsing
1568208619.056,1169,646,None,Move,browsing
1568208619.244,1168,646,None,Move,browsing
1568208619.262,1168,646,None,Move,browsing
1568208619.274,1167,645,None,Move,browsing
1568208619.284,1166,645,None,Move,browsing
1568208619.294,1164,643,None,Move,browsing
1568208619.304,1161,641,None,Move,browsing
1568208619.314,1161,640,None,Move,browsing
1568208619.324,1159,639,None,Move,browsing
1568208619.334,1154,634,None,Move,browsing
1568208619.344,1152,633,None,Move,browsing
1568208619.357,1150,631,None,Move,browsing
1568208619.3620002,1148,628,None,Move,browsing
1568208619.377,1141,621,None,Move,browsing
1568208619.3839998,1135,615,None,Move,browsing
1568208619.394,1128,607,None,Move,browsing
1568208619.404,1110,593,None,Move,browsing
1568208619.414,1100,585,None,Move,browsing
1568208619.424,1089,577,None,Move,browsing
1568208619.434,1074,567,None,Move,browsing
1568208619.448,1066,561,None,Move,browsing
1568208619.457,1056,555,None,Move,browsing
1568208619.4629998,1049,551,None,Move,browsing
1568208619.474,1038,544,None,Move,browsing
1568208619.488,1035,542,None,Move,browsing
1568208619.494,1027,538,None,Move,browsing
1568208619.504,1021,536,None,Move,browsing
1568208619.514,1015,534,None,Move,browsing
1568208619.524,1012,533,None,Move,browsing
1568208619.534,1011,533,None,Move,browsing
1568208619.544,1006,533,None,Move,browsing
1568208619.5570002,1003,533,None,Move,browsing
1568208619.563,1001,533,None,Move,browsing
1568208619.574,999,533,None,Move,browsing
1568208619.5879998,993,533,None,Move,browsing
1568208619.594,992,533,None,Move,browsing
1568208619.604,990,533,None,Move,browsing
1568208619.6139998,988,533,None,Move,browsing
1568208619.6279998,984,533,None,Move,browsing
1568208619.6339998,984,533,None,Move,browsing
1568208619.644,983,533,None,Move,browsing
1568208619.657,981,533,None,Move,browsing
1568208619.663,980,533,None,Move,browsing
1568208619.674,978,533,None,Move,browsing
1568208619.684,978,534,None,Move,browsing
1568208619.704,976,534,None,Move,browsing
1568208619.714,975,534,None,Move,browsing
1568208619.724,975,534,None,Move,browsing
1568208620.194,975,534,None,Move,browsing
1568208620.208,975,536,None,Move,browsing
1568208620.217,975,536,None,Move,browsing
1568208620.224,976,537,None,Move,browsing
1568208620.238,976,538,None,Move,browsing
1568208620.244,976,538,None,Move,browsing
1568208620.2589998,977,538,None,Move,browsing
1568208620.268,977,539,None,Move,browsing
1568208620.284,977,540,None,Move,browsing
1568208620.354,977,540,None,Move,browsing
1568208620.363,977,541,None,Move,browsing
1568208620.3739998,977,541,None,Move,browsing
1568208620.3879998,977,542,None,Move,browsing
1568208620.454,977,542,None,Move,browsing
1568208620.4629998,977,543,None,Move,browsing
1568208620.474,978,544,None,Move,browsing
1568208620.494,978,545,None,Move,browsing
1568208620.504,979,546,None,Move,browsing
1568208620.524,980,546,None,Move,browsing
1568208620.534,980,547,None,Move,browsing
1568208620.544,981,547,None,Move,browsing
1568208620.554,981,548,None,Move,browsing
1568208620.562,981,548,None,Move,browsing
1568208620.574,982,548,None,Move,browsing
1568208620.5979998,982,549,None,Move,browsing
1568208620.6139998,984,552,None,Move,browsing
1568208620.623,984,552,None,Move,browsing
1568208620.644,984,554,None,Move,browsing
1568208620.744,985,554,None,Move,browsing
1568208620.758,986,554,None,Move,browsing
1568208620.764,988,554,None,Move,browsing
1568208620.774,989,554,None,Move,browsing
1568208620.794,991,553,None,Move,browsing
1568208620.924,991,552,None,Move,browsing
1568208620.994,991,551,None,Move,browsing
1568208621.164,991,551,None,Move,browsing
1568208621.174,991,552,None,Move,browsing
1568208621.184,991,553,None,Move,browsing
1568208621.194,992,554,None,Move,browsing
1568208621.208,992,555,None,Move,browsing
1568208621.224,992,556,None,Move,browsing
1568208621.2329998,992,556,None,Move,browsing
1568208621.254,992,557,None,Move,browsing
1568208621.274,993,557,None,Move,browsing
1568208621.298,994,557,None,Move,browsing
1568208621.314,994,557,None,Move,browsing
1568208621.324,995,557,None,Move,browsing
1568208621.344,996,557,None,Move,browsing
1568208621.3579998,997,557,None,Move,browsing
1568208621.373,997,557,None,Move,browsing
1568208621.494,997,557,None,Move,browsing
1568208621.665,998,557,None,Move,browsing
1568208621.674,998,557,None,Move,browsing
1568208621.694,999,558,None,Move,browsing
1568208621.708,999,558,None,Move,browsing
1568208621.714,1000,559,None,Move,browsing
1568208621.724,1000,559,None,Move,browsing
1568208621.744,1000,562,None,Move,browsing
1568208621.754,1000,562,None,Move,browsing
1568208621.765,1000,563,None,Move,browsing
1568208621.8839998,1001,563,None,Move,browsing
1568208621.924,1001,563,None,Move,browsing
1568208622.1339998,1001,563,None,Move,browsing
1568208622.144,1002,563,None,Move,browsing
1568208622.173,1002,563,None,Move,browsing
1568208622.344,1002,563,None,Move,browsing
1568208622.466,1003,563,None,Move,browsing
1568208622.4729998,1003,563,None,Move,browsing
1568208622.484,1004,564,None,Move,browsing
1568208622.494,1004,567,None,Move,browsing
1568208622.508,1007,573,None,Move,browsing
1568208622.514,1007,575,None,Move,browsing
1568208622.524,1008,578,None,Move,browsing
1568208622.5370002,1009,583,None,Move,browsing
1568208622.5670002,1010,584,None,Move,browsing
1568208622.673,1010,584,None,Move,browsing
1568208622.704,1010,584,None,Move,browsing
1568208622.714,1011,584,None,Move,browsing
1568208623.2729998,1011,584,None,Move,browsing
1568208623.494,1011,584,None,Move,browsing
1568208623.504,1011,584,None,Move,browsing
1568208623.514,1011,583,None,Move,browsing
1568208623.534,1012,583,None,Move,browsing
1568208623.654,1012,582,None,Move,browsing
1568208626.804,1012,582,None,Move,browsing
1568208628.534,1011,582,None,Move,browsing
1568208628.544,1011,582,None,Move,browsing
1568208628.564,1011,583,None,Move,browsing
1568208628.574,1010,583,None,Move,browsing
1568208633.964,1006,586,None,Move,browsing
1568208633.978,1000,588,None,Move,browsing
1568208633.984,1000,589,None,Move,browsing
1568208633.995,999,589,None,Move,browsing
1568208634.0029998,998,589,None,Move,browsing
1568208634.034,998,589,None,Move,browsing
1568208634.224,998,588,None,Move,browsing
1568208634.234,999,583,None,Move,browsing
1568208634.244,1005,567,None,Move,browsing
1568208634.254,1012,553,None,Move,browsing
1568208634.2570002,1021,527,None,Move,browsing
1568208634.268,1039,493,None,Move,browsing
1568208634.274,1060,456,None,Move,browsing
1568208634.284,1079,426,None,Move,browsing
1568208634.296,1137,344,None,Move,browsing
1568208634.304,1174,295,None,Move,browsing
1568208634.314,1198,260,None,Move,browsing
1568208634.3279998,1251,184,None,Move,browsing
1568208634.337,1265,164,None,Move,browsing
1568208634.344,1283,137,None,Move,browsing
1568208634.354,1302,110,None,Move,browsing
1568208634.3639998,1318,88,None,Move,browsing
1568208634.3739998,1343,54,None,Move,browsing
1568208634.3839998,1350,43,None,Move,browsing
1568208634.396,1366,22,None,Move,browsing
1568208634.417,1377,3,None,Move,browsing
1568208634.424,1382,-4,None,Move,browsing
1568208634.434,1392,-14,None,Move,browsing
1568208634.444,1396,-4,None,Move,browsing
1568208634.454,1397,-4,None,Move,browsing
1568208634.464,1400,-2,None,Move,browsing
1568208634.474,1401,-2,None,Move,browsing
1568208634.484,1402,-2,None,Move,browsing
1568208634.494,1403,-1,None,Move,browsing
1568208634.508,1403,0,None,Move,browsing
1568208634.514,1404,-1,None,Move,browsing
1568208634.554,1404,-1,None,Move,browsing
1568208634.564,1405,0,None,Move,browsing
1568208634.574,1407,0,None,Move,browsing
1568208634.584,1408,-1,None,Move,browsing
1568208634.596,1409,-1,None,Move,browsing
1568208634.603,1413,-2,None,Move,browsing
1568208634.6139998,1424,-3,None,Move,browsing
1568208634.6239998,1429,-3,None,Move,browsing
1568208634.6339998,1440,-3,None,Move,browsing
1568208634.644,1446,-3,None,Move,browsing
1568208634.658,1460,-2,None,Move,browsing
1568208634.664,1464,-2,None,Move,browsing
1568208634.674,1469,-1,None,Move,browsing
1568208634.684,1474,0,None,Move,browsing
1568208634.696,1475,0,None,Move,browsing
1568208634.7029998,1477,0,None,Move,browsing
1568208634.714,1478,0,None,Move,browsing
1568208634.728,1478,0,None,Move,browsing
1568208634.734,1479,0,None,Move,browsing
1568208634.745,1480,0,None,Move,browsing
1568208634.754,1483,1,None,Move,browsing
1568208634.768,1484,1,None,Move,browsing
1568208634.774,1485,2,None,Move,browsing
1568208634.784,1485,2,None,Move,browsing
1568208634.796,1485,3,None,Move,browsing
1568208634.814,1486,3,None,Move,browsing
1568208634.824,1486,3,None,Move,browsing
1568208634.834,1486,4,None,Move,browsing
1568208634.843,1486,5,None,Move,browsing
1568208634.854,1486,6,None,Move,browsing
1568208634.8679998,1486,6,None,Move,browsing
1568208634.8739998,1486,7,None,Move,browsing
1568208634.883,1486,7,None,Move,browsing
1568208634.894,1486,8,None,Move,browsing
1568208634.914,1486,9,None,Move,browsing
1568208634.924,1486,9,None,Move,browsing
1568208634.934,1488,10,None,Move,browsing
1568208634.944,1489,12,None,Move,browsing
1568208634.954,1490,13,None,Move,browsing
1568208634.964,1492,14,None,Move,browsing
1568208634.974,1494,15,None,Move,browsing
1568208634.984,1496,15,None,Move,browsing
1568208634.994,1497,15,None,Move,browsing
1568208635.0029998,1498,15,None,Move,browsing
1568208635.008,1500,15,None,Move,browsing
1568208635.014,1501,15,None,Move,browsing
1568208635.024,1502,15,None,Move,browsing
1568208635.034,1503,15,None,Move,browsing
1568208635.034,1504,15,None,Move,browsing
1568208635.044,1505,15,None,Move,browsing
1568208635.054,1505,15,None,Move,browsing
1568208635.064,1506,16,None,Move,browsing
1568208635.084,1507,16,None,Move,browsing
1568208635.094,1508,16,None,Move,browsing
1568208635.1020002,1509,16,None,Move,browsing
1568208635.1239998,1509,17,None,Move,browsing
1568208635.208,1510,17,None,Move,browsing
1568208635.274,1510,17,Left,Pressed,browsing
1568208635.274,1510,17,None,Drag,browsing
1568208635.314,1511,17,None,Drag,browsing
1568208635.314,1511,17,Left,Released,browsing
1568208635.524,1511,17,None,Move,browsing
1568208635.534,1512,17,None,Move,browsing
1568208635.5370002,1513,17,None,Move,browsing
1568208635.548,1514,17,None,Move,browsing
1568208635.5579998,1515,17,None,Move,browsing
1568208635.564,1516,17,None,Move,browsing
1568208635.574,1518,16,None,Move,browsing
1568208635.5779998,1519,15,None,Move,browsing
1568208635.5879998,1521,15,None,Move,browsing
1568208635.596,1521,15,None,Move,browsing
1568208635.6020002,1522,14,None,Move,browsing
1568208635.607,1522,14,None,Move,browsing
1568208635.6239998,1523,14,None,Move,browsing
1568208635.633,1523,14,None,Move,browsing
1568208635.728,1523,14,Left,Pressed,browsing
1568208635.728,1523,14,None,Drag,browsing
1568208635.744,1523,14,None,Drag,browsing
1568208635.764,1523,14,None,Drag,browsing
1568208635.764,1523,14,Left,Released,browsing
1568208636.133,1523,14,Left,Pressed,browsing
1568208636.254,1523,14,Left,Released,browsing
1568208636.303,1522,14,None,Move,browsing
1568208636.324,1522,14,None,Move,browsing
1568208636.334,1522,14,None,Move,browsing
1568208636.617,1522,14,Left,Pressed,browsing
1568208636.714,1522,14,Left,Released,browsing
1568208637.054,1522,15,None,Move,browsing
1568208637.064,1521,16,None,Move,browsing
1568208637.074,1519,18,None,Move,browsing
1568208637.084,1518,19,None,Move,browsing
1568208637.093,1516,22,None,Move,browsing
1568208637.1020002,1515,24,None,Move,browsing
1568208637.1139998,1511,29,None,Move,browsing
1568208637.1239998,1508,33,None,Move,browsing
1568208637.1379998,1502,39,None,Move,browsing
1568208637.144,1495,45,None,Move,browsing
1568208637.158,1487,51,None,Move,browsing
1568208637.164,1481,57,None,Move,browsing
1568208637.174,1470,64,None,Move,browsing
1568208637.184,1458,74,None,Move,browsing
1568208637.194,1403,113,None,Move,browsing
1568208637.208,1376,130,None,Move,browsing
1568208637.214,1333,157,None,Move,browsing
1568208637.224,1293,182,None,Move,browsing
1568208637.234,1194,241,None,Move,browsing
1568208637.248,1141,272,None,Move,browsing
1568208637.254,1092,302,None,Move,browsing
1568208637.264,1025,341,None,Move,browsing
1568208637.274,967,372,None,Move,browsing
1568208637.284,818,468,None,Move,browsing
1568208637.294,770,502,None,Move,browsing
1568208637.303,729,529,None,Move,browsing
1568208637.314,658,578,None,Move,browsing
1568208637.324,626,599,None,Move,browsing
1568208637.334,599,616,None,Move,browsing
1568208637.344,585,625,None,Move,browsing
1568208637.363,555,644,None,Move,browsing
1568208637.3739998,539,655,None,Move,browsing
1568208637.383,532,660,None,Move,browsing
1568208637.3979998,513,676,None,Move,browsing
1568208637.404,510,679,None,Move,browsing
1568208637.414,501,688,None,Move,browsing
1568208637.434,488,702,None,Move,browsing
1568208637.444,482,708,None,Move,browsing
1568208637.454,478,713,None,Move,browsing
1568208637.464,478,713,None,Move,browsing
1568208637.504,478,714,None,Move,browsing
1568208637.774,478,714,None,Move,browsing
1568208637.784,478,714,None,Move,browsing
1568208637.794,478,714,None,Move,browsing
1568208637.814,478,713,None,Move,browsing
1568208637.824,478,713,None,Move,browsing
1568208638.054,479,711,None,Move,browsing
1568208638.064,480,711,None,Move,browsing
1568208638.074,481,710,None,Move,browsing
1568208638.084,482,709,None,Move,browsing
1568208638.094,483,708,None,Move,browsing
1568208638.104,483,708,None,Move,browsing
1568208638.914,484,707,None,Move,browsing
1568208638.924,485,705,None,Move,browsing
1568208638.934,489,701,None,Move,browsing
1568208638.944,491,697,None,Move,browsing
1568208638.948,495,693,None,Move,browsing
1568208638.957,497,691,None,Move,browsing
1568208638.964,498,689,None,Move,browsing
1568208638.974,499,688,None,Move,browsing
1568208638.984,501,685,None,Move,browsing
1568208638.998,504,682,None,Move,browsing
1568208639.005,505,679,None,Move,browsing
1568208639.014,506,678,None,Move,browsing
1568208639.024,508,676,None,Move,browsing
1568208639.034,509,675,None,Move,browsing
1568208639.044,509,674,None,Move,browsing
1568208639.054,510,673,None,Move,browsing
1568208639.0579998,511,672,None,Move,browsing
1568208639.0679998,511,672,None,Move,browsing
1568208639.074,512,671,None,Move,browsing
1568208639.113,512,670,None,Move,browsing
1568208639.1239998,512,670,None,Move,browsing
1568208639.1339998,513,669,None,Move,browsing
1568208639.144,513,668,None,Move,browsing
1568208639.154,514,666,None,Move,browsing
1568208639.168,518,661,None,Move,browsing
1568208639.174,520,657,None,Move,browsing
1568208639.184,522,654,None,Move,browsing
1568208639.194,525,650,None,Move,browsing
1568208639.204,528,646,None,Move,browsing
1568208639.205,533,640,None,Move,browsing
1568208639.218,534,637,None,Move,browsing
1568208639.224,537,634,None,Move,browsing
1568208639.234,540,628,None,Move,browsing
1568208639.238,542,625,None,Move,browsing
1568208639.244,544,622,None,Move,browsing
1568208639.254,545,619,None,Move,browsing
1568208639.264,548,616,None,Move,browsing
1568208639.274,549,614,None,Move,browsing
1568208639.284,552,611,None,Move,browsing
1568208639.294,552,609,None,Move,browsing
1568208639.305,553,607,None,Move,browsing
1568208639.314,554,607,None,Move,browsing
1568208639.319,554,605,None,Move,browsing
1568208639.324,554,605,None,Move,browsing
1568208639.334,554,604,None,Move,browsing
1568208639.344,555,604,None,Move,browsing
1568208639.354,555,603,None,Move,browsing
1568208639.3639998,555,603,None,Move,browsing
1568208639.3739998,555,602,None,Move,browsing
1568208639.383,555,601,None,Move,browsing
1568208639.394,556,600,None,Move,browsing
1568208639.405,556,599,None,Move,browsing
1568208639.4120002,556,599,None,Move,browsing
1568208639.424,556,598,None,Move,browsing
1568208639.434,556,597,None,Move,browsing
1568208639.444,556,597,None,Move,browsing
1568208639.454,556,596,None,Move,browsing
1568208639.464,556,596,None,Move,browsing
1568208639.654,556,596,None,Move,browsing
1568208639.668,553,596,None,Move,browsing
1568208639.674,551,596,None,Move,browsing
1568208639.684,549,596,None,Move,browsing
1568208639.694,546,596,None,Move,browsing
1568208639.706,541,596,None,Move,browsing
1568208639.7129998,539,596,None,Move,browsing
1568208639.724,536,596,None,Move,browsing
1568208639.734,534,596,None,Move,browsing
1568208639.744,529,596,None,Move,browsing
1568208639.754,527,596,None,Move,browsing
1568208639.764,525,596,None,Move,browsing
1568208639.774,521,596,None,Move,browsing
1568208639.784,518,597,None,Move,browsing
1568208639.794,515,597,None,Move,browsing
1568208639.806,511,598,None,Move,browsing
1568208639.8179998,505,599,None,Move,browsing
1568208639.824,502,600,None,Move,browsing
1568208639.834,499,601,None,Move,browsing
1568208639.844,497,601,None,Move,browsing
1568208639.8579998,493,602,None,Move,browsing
1568208639.8639998,491,602,None,Move,browsing
1568208639.8739998,490,602,None,Move,browsing
1568208639.8839998,489,602,None,Move,browsing
1568208639.894,488,602,None,Move,browsing
1568208639.913,488,602,None,Move,browsing
1568208639.954,488,603,None,Move,browsing
1568208640.234,488,603,Left,Pressed,browsing
1568208640.234,488,603,None,Drag,browsing
1568208640.234,488,603,Left,Released,browsing
1568208640.413,488,603,None,Move,browsing
1568208640.434,489,603,None,Move,browsing
1568208640.444,490,604,None,Move,browsing
1568208640.454,491,604,None,Move,browsing
1568208640.464,496,606,None,Move,browsing
1568208640.474,499,606,None,Move,browsing
1568208640.484,502,606,None,Move,browsing
1568208640.494,507,608,None,Move,browsing
1568208640.5070002,510,609,None,Move,browsing
1568208640.512,513,609,None,Move,browsing
1568208640.524,515,610,None,Move,browsing
1568208640.526,517,611,None,Move,browsing
1568208640.534,520,611,None,Move,browsing
1568208640.544,520,611,None,Move,browsing
1568208640.554,521,611,None,Move,browsing
1568208640.5570002,522,611,None,Move,browsing
1568208640.564,523,612,None,Move,browsing
1568208640.574,524,612,None,Move,browsing
1568208640.583,524,612,None,Move,browsing
1568208640.594,525,613,None,Move,browsing
1568208640.597,525,613,None,Move,browsing
1568208640.613,526,613,None,Move,browsing
1568208640.6239998,527,613,None,Move,browsing
1568208640.6339998,527,613,None,Move,browsing
1568208640.664,528,613,None,Move,browsing
1568208640.687,528,613,None,Move,browsing
1568208640.694,529,613,None,Move,browsing
1568208640.708,530,613,None,Move,browsing
1568208640.7129998,531,613,None,Move,browsing
1568208640.724,531,613,None,Move,browsing
1568208640.764,532,613,None,Move,browsing
1568208641.144,532,613,Left,Pressed,browsing
1568208641.244,532,613,Left,Released,browsing
1568208641.5579998,532,614,None,Move,browsing
1568208641.754,532,614,None,Move,browsing
1568208641.814,534,614,None,Move,browsing
1568208641.824,542,607,None,Move,browsing
1568208641.834,549,601,None,Move,browsing
1568208641.844,607,560,None,Move,browsing
1568208641.857,656,525,None,Move,browsing
1568208641.867,710,490,None,Move,browsing
1568208641.8779998,761,453,None,Move,browsing
1568208641.904,933,324,None,Move,browsing
1568208641.914,1032,241,None,Move,browsing
1568208641.924,1068,211,None,Move,browsing
1568208641.928,1104,180,None,Move,browsing
1568208641.934,1148,144,None,Move,browsing
1568208641.948,1197,104,None,Move,browsing
1568208641.964,1217,87,None,Move,browsing
1568208641.984,1265,50,None,Move,browsing
1568208641.994,1271,45,None,Move,browsing
1568208641.998,1280,37,None,Move,browsing
1568208642.014,1296,25,None,Move,browsing
1568208642.0270002,1301,21,None,Move,browsing
1568208642.044,1303,18,None,Move,browsing
1568208642.0470002,1304,16,None,Move,browsing
1568208642.064,1308,12,None,Move,browsing
1568208642.0879998,1313,7,None,Move,browsing
1568208642.1139998,1317,4,None,Move,browsing
1568208642.1239998,1323,1,None,Move,browsing
1568208642.1339998,1325,-1,None,Move,browsing
1568208642.144,1329,-1,None,Move,browsing
1568208642.157,1341,-4,None,Move,browsing
1568208642.166,1348,-2,None,Move,browsing
1568208642.176,1352,-1,None,Move,browsing
1568208642.184,1365,-4,None,Move,browsing
1568208642.196,1389,-6,None,Move,browsing
1568208642.206,1400,-2,None,Move,browsing
1568208642.214,1407,-1,None,Move,browsing
1568208642.224,1422,-3,None,Move,browsing
1568208642.228,1431,0,None,Move,browsing
1568208642.234,1448,-1,None,Move,browsing
1568208642.244,1455,0,None,Move,browsing
1568208642.254,1462,0,None,Move,browsing
1568208642.264,1464,0,None,Move,browsing
1568208642.278,1471,0,None,Move,browsing
1568208642.284,1475,0,None,Move,browsing
1568208642.294,1476,0,None,Move,browsing
1568208642.304,1478,0,None,Move,browsing
1568208642.314,1481,0,None,Move,browsing
1568208642.3379998,1490,0,None,Move,browsing
1568208642.3479998,1493,0,None,Move,browsing
1568208642.3579998,1497,0,None,Move,browsing
1568208642.3639998,1500,0,None,Move,browsing
1568208642.3979998,1514,-1,None,Move,browsing
1568208642.408,1523,-1,None,Move,browsing
1568208642.414,1527,0,None,Move,browsing
1568208642.428,1530,-1,None,Move,browsing
1568208642.444,1535,0,None,Move,browsing
1568208642.454,1537,0,None,Move,browsing
1568208642.468,1539,0,None,Move,browsing
1568208642.478,1540,0,None,Move,browsing
1568208642.504,1540,0,None,Move,browsing
1568208642.6139998,1540,0,Left,Pressed,browsing
1568208642.714,1540,0,Left,Released,browsing
1568208642.798,1540,1,None,Move,browsing
1568208642.804,1540,1,None,Move,browsing
1568208642.814,1539,3,None,Move,browsing
1568208642.824,1537,5,None,Move,browsing
1568208642.834,1535,7,None,Move,browsing
1568208642.8479998,1533,9,None,Move,browsing
1568208642.8579998,1529,13,None,Move,browsing
1568208642.8679998,1526,16,None,Move,browsing
1568208642.8879998,1510,25,None,Move,browsing
1568208642.897,1500,31,None,Move,browsing
1568208642.904,1492,35,None,Move,browsing
1568208642.914,1486,38,None,Move,browsing
1568208642.944,1424,65,None,Move,browsing
1568208642.958,1405,72,None,Move,browsing
1568208642.964,1368,88,None,Move,browsing
1568208642.974,1345,97,None,Move,browsing
1568208642.984,1309,112,None,Move,browsing
1568208642.994,1273,126,None,Move,browsing
1568208643.018,1181,162,None,Move,browsing
1568208643.034,1112,188,None,Move,browsing
1568208643.048,1050,212,None,Move,browsing
1568208643.054,1000,231,None,Move,browsing
1568208643.064,962,242,None,Move,browsing
1568208643.0779998,932,252,None,Move,browsing
1568208643.087,907,260,None,Move,browsing
1568208643.094,877,268,None,Move,browsing
1568208643.104,864,272,None,Move,browsing
1568208643.1179998,817,283,None,Move,browsing
1568208643.125,803,286,None,Move,browsing
1568208643.133,782,290,None,Move,browsing
1568208643.143,749,297,None,Move,browsing
1568208643.154,736,300,None,Move,browsing
1568208643.168,712,304,None,Move,browsing
1568208643.178,695,307,None,Move,browsing
1568208643.184,681,309,None,Move,browsing
1568208643.194,671,310,None,Move,browsing
1568208643.204,649,313,None,Move,browsing
1568208643.222,638,315,None,Move,browsing
1568208643.225,621,318,None,Move,browsing
1568208643.238,606,321,None,Move,browsing
1568208643.2570002,588,323,None,Move,browsing
1568208643.268,577,324,None,Move,browsing
1568208643.274,568,325,None,Move,browsing
1568208643.284,562,326,None,Move,browsing
1568208643.298,543,329,None,Move,browsing
1568208643.304,539,330,None,Move,browsing
1568208643.314,533,331,None,Move,browsing
1568208643.334,524,333,None,Move,browsing
1568208643.3479998,522,334,None,Move,browsing
1568208643.3779998,522,334,None,Move,browsing
1568208643.394,521,334,None,Move,browsing
1568208643.714,521,334,None,Move,browsing
1568208644.464,521,334,None,Move,browsing
1568208644.478,520,335,None,Move,browsing
1568208644.488,520,336,None,Move,browsing
1568208644.498,519,337,None,Move,browsing
1568208644.504,518,337,None,Move,browsing
1568208644.526,517,338,None,Move,browsing
1568208644.554,516,338,None,Move,browsing
1568208644.654,516,339,None,Move,browsing
1568208644.674,516,339,None,Move,browsing
1568208644.684,517,339,None,Move,browsing
1568208644.694,517,339,None,Move,browsing
1568208644.704,519,339,None,Move,browsing
1568208644.714,520,339,None,Move,browsing
1568208644.724,522,339,None,Move,browsing
1568208644.7270002,526,339,None,Move,browsing
1568208644.732,533,339,None,Move,browsing
1568208644.7470002,552,337,None,Move,browsing
1568208644.754,566,334,None,Move,browsing
1568208644.764,599,331,None,Move,browsing
1568208644.774,630,327,None,Move,browsing
1568208644.784,651,325,None,Move,browsing
1568208644.794,682,321,None,Move,browsing
1568208644.798,724,314,None,Move,browsing
1568208644.804,756,309,None,Move,browsing
1568208644.8179998,801,298,None,Move,browsing
1568208644.827,850,284,None,Move,browsing
1568208644.833,953,254,None,Move,browsing
1568208644.844,999,241,None,Move,browsing
1568208644.854,1061,220,None,Move,browsing
1568208644.8639998,1113,200,None,Move,browsing
1568208644.8739998,1212,162,None,Move,browsing
1568208644.8839998,1256,145,None,Move,browsing
1568208644.894,1312,121,None,Move,browsing
1568208644.904,1387,89,None,Move,browsing
1568208644.914,1415,80,None,Move,browsing
1568208644.924,1440,70,None,Move,browsing
1568208644.9320002,1470,58,None,Move,browsing
1568208644.946,1509,46,None,Move,browsing
1568208644.954,1529,39,None,Move,browsing
1568208644.964,1539,34,None,Move,browsing
1568208644.974,1560,28,None,Move,browsing
1568208644.984,1565,26,None,Move,browsing
1568208644.994,1572,24,None,Move,browsing
1568208645.004,1576,23,None,Move,browsing
1568208645.018,1582,22,None,Move,browsing
1568208645.0270002,1584,21,None,Move,browsing
1568208645.033,1587,20,None,Move,browsing
1568208645.044,1593,19,None,Move,browsing
1568208645.054,1597,18,None,Move,browsing
1568208645.064,1598,18,None,Move,browsing
1568208645.074,1601,17,None,Move,browsing
1568208645.0879998,1607,15,None,Move,browsing
1568208645.094,1609,15,None,Move,browsing
1568208645.104,1613,14,None,Move,browsing
1568208645.1139998,1617,13,None,Move,browsing
1568208645.127,1620,12,None,Move,browsing
1568208645.133,1622,12,None,Move,browsing
1568208645.146,1624,11,None,Move,browsing
1568208645.158,1630,9,None,Move,browsing
1568208645.164,1632,9,None,Move,browsing
1568208645.174,1635,8,None,Move,browsing
1568208645.178,1639,6,None,Move,browsing
1568208645.184,1644,4,None,Move,browsing
1568208645.198,1651,2,None,Move,browsing
1568208645.204,1656,1,None,Move,browsing
1568208645.214,1662,-1,None,Move,browsing
1568208645.2270002,1672,-1,None,Move,browsing
1568208645.2329998,1676,-1,None,Move,browsing
1568208645.244,1679,-1,None,Move,browsing
1568208645.254,1686,0,None,Move,browsing
1568208645.269,1690,-1,None,Move,browsing
1568208645.274,1696,0,None,Move,browsing
1568208645.284,1701,0,None,Move,browsing
1568208645.294,1711,0,None,Move,browsing
1568208645.304,1714,0,None,Move,browsing
1568208645.314,1718,0,None,Move,browsing
1568208645.327,1724,1,None,Move,browsing
1568208645.333,1727,1,None,Move,browsing
1568208645.347,1729,2,None,Move,browsing
1568208645.354,1731,2,None,Move,browsing
1568208645.3679998,1736,2,None,Move,browsing
1568208645.3739998,1737,3,None,Move,browsing
1568208645.3839998,1738,4,None,Move,browsing
1568208645.394,1739,4,None,Move,browsing
1568208645.404,1740,4,None,Move,browsing
1568208645.414,1741,5,None,Move,browsing
1568208645.4329998,1741,5,None,Move,browsing
1568208645.447,1742,6,None,Move,browsing
1568208645.454,1742,7,None,Move,browsing
1568208645.464,1743,7,None,Move,browsing
1568208645.474,1743,7,None,Move,browsing
1568208645.484,1743,8,None,Move,browsing
1568208645.494,1744,8,None,Move,browsing
1568208645.504,1744,8,None,Move,browsing
1568208645.508,1745,8,None,Move,browsing
1568208645.514,1745,9,None,Move,browsing
1568208645.528,1746,9,None,Move,browsing
1568208645.532,1746,9,None,Move,browsing
1568208645.544,1747,10,None,Move,browsing
1568208645.546,1747,10,None,Move,browsing
1568208645.554,1748,11,None,Move,browsing
1568208645.564,1749,11,None,Move,browsing
1568208645.647,1749,11,None,Move,browsing
1568208645.658,1747,11,None,Move,browsing
1568208645.664,1745,11,None,Move,browsing
1568208645.674,1742,12,None,Move,browsing
1568208645.684,1739,13,None,Move,browsing
1568208645.694,1732,14,None,Move,browsing
1568208645.704,1727,14,None,Move,browsing
1568208645.714,1725,14,None,Move,browsing
1568208645.728,1722,15,None,Move,browsing
1568208645.732,1721,15,None,Move,browsing
1568208645.744,1721,15,None,Move,browsing
1568208645.814,1720,15,None,Move,browsing
1568208645.833,1718,15,None,Move,browsing
1568208645.847,1714,15,None,Move,browsing
1568208645.853,1712,15,None,Move,browsing
1568208645.863,1711,15,None,Move,browsing
1568208645.867,1709,15,None,Move,browsing
1568208645.873,1708,15,None,Move,browsing
1568208645.8839998,1708,15,None,Move,browsing
1568208645.894,1707,15,None,Move,browsing
1568208645.974,1706,15,None,Move,browsing
1568208645.988,1706,15,None,Move,browsing
1568208645.994,1705,15,None,Move,browsing
1568208646.008,1701,15,None,Move,browsing
1568208646.014,1699,15,None,Move,browsing
1568208646.028,1696,15,None,Move,browsing
1568208646.038,1693,15,None,Move,browsing
1568208646.048,1687,15,None,Move,browsing
1568208646.0579998,1685,15,None,Move,browsing
1568208646.064,1684,15,None,Move,browsing
1568208646.174,1684,15,Left,Pressed,browsing
1568208646.244,1684,15,Left,Released,browsing
1568208646.2770002,1684,15,None,Move,browsing
1568208646.414,1682,15,None,Move,browsing
1568208646.424,1680,15,None,Move,browsing
1568208646.434,1677,15,None,Move,browsing
1568208646.434,1675,15,None,Move,browsing
1568208646.444,1673,15,None,Move,browsing
1568208646.454,1669,15,None,Move,browsing
1568208646.464,1660,15,None,Move,browsing
1568208646.474,1655,15,None,Move,browsing
1568208646.484,1653,15,None,Move,browsing
1568208646.494,1650,15,None,Move,browsing
1568208646.504,1645,15,None,Move,browsing
1568208646.514,1643,15,None,Move,browsing
1568208646.524,1642,14,None,Move,browsing
1568208646.534,1640,14,None,Move,browsing
1568208646.534,1640,14,None,Move,browsing
1568208646.549,1640,14,None,Move,browsing
1568208646.564,1639,14,None,Move,browsing
1568208646.594,1639,13,None,Move,browsing
1568208646.603,1638,13,None,Move,browsing
1568208646.6179998,1636,12,None,Move,browsing
1568208646.6239998,1634,12,None,Move,browsing
1568208646.6339998,1634,12,None,Move,browsing
1568208646.6479998,1628,10,None,Move,browsing
1568208646.654,1625,10,None,Move,browsing
1568208646.664,1623,10,None,Move,browsing
1568208646.674,1619,10,None,Move,browsing
1568208646.684,1616,9,None,Move,browsing
1568208646.688,1613,9,None,Move,browsing
1568208646.694,1610,9,None,Move,browsing
1568208646.704,1607,9,None,Move,browsing
1568208646.714,1603,9,None,Move,browsing
1568208646.724,1603,9,None,Move,browsing
1568208646.734,1602,9,None,Move,browsing
1568208646.746,1601,9,None,Move,browsing
1568208646.754,1601,9,None,Move,browsing
1568208646.774,1601,9,None,Move,browsing
1568208646.784,1600,9,None,Move,browsing
1568208646.794,1600,10,None,Move,browsing
1568208646.814,1598,11,None,Move,browsing
1568208646.824,1598,12,None,Move,browsing
1568208646.835,1596,14,None,Move,browsing
1568208646.847,1595,14,None,Move,browsing
1568208646.854,1594,15,None,Move,browsing
1568208646.8620002,1593,16,None,Move,browsing
1568208646.869,1592,17,None,Move,browsing
1568208646.8739998,1590,18,None,Move,browsing
1568208646.883,1589,19,None,Move,browsing
1568208646.894,1585,21,None,Move,browsing
1568208646.904,1584,21,None,Move,browsing
1568208647.084,1584,21,None,Move,browsing
1568208647.094,1583,21,None,Move,browsing
1568208647.1079998,1581,22,None,Move,browsing
1568208647.1139998,1579,22,None,Move,browsing
1568208647.1239998,1579,22,None,Move,browsing
1568208647.135,1578,22,None,Move,browsing
1568208647.154,1578,22,None,Move,browsing
1568208647.184,1577,22,None,Move,browsing
1568208647.194,1577,22,None,Move,browsing
1568208647.204,1576,22,None,Move,browsing
1568208647.214,1575,22,None,Move,browsing
1568208647.224,1574,21,None,Move,browsing
1568208647.235,1573,21,None,Move,browsing
1568208647.2429998,1572,21,None,Move,browsing
1568208647.254,1572,20,None,Move,browsing
1568208647.264,1571,19,None,Move,browsing
1568208647.274,1570,19,None,Move,browsing
1568208647.284,1570,19,None,Move,browsing
1568208647.304,1569,19,None,Move,browsing
1568208647.314,1568,19,None,Move,browsing
1568208647.324,1567,20,None,Move,browsing
1568208647.336,1566,21,None,Move,browsing
1568208647.343,1565,21,None,Move,browsing
1568208647.3639998,1565,21,None,Move,browsing
1568208647.3779998,1565,22,None,Move,browsing
1568208647.464,1565,22,Left,Pressed,browsing
1568208647.464,1565,22,None,Drag,browsing
1568208647.484,1564,22,None,Drag,browsing
1568208647.484,1564,22,Left,Released,browsing
1568208647.5470002,1563,22,None,Move,browsing
1568208647.5670002,1563,22,None,Move,browsing
1568208647.5979998,1560,22,None,Move,browsing
1568208647.6079998,1559,22,None,Move,browsing
1568208647.6139998,1556,22,None,Move,browsing
1568208647.627,1550,22,None,Move,browsing
1568208647.6360002,1547,22,None,Move,browsing
1568208647.664,1542,22,None,Move,browsing
1568208647.674,1539,21,None,Move,browsing
1568208647.684,1539,21,None,Move,browsing
1568208647.698,1539,21,None,Move,browsing
1568208647.774,1539,20,None,Move,browsing
1568208647.904,1538,20,None,Move,browsing
1568208647.954,1538,20,None,Move,browsing
1568208647.964,1534,20,None,Move,browsing
1568208647.974,1530,20,None,Move,browsing
1568208647.984,1524,21,None,Move,browsing
1568208647.994,1515,22,None,Move,browsing
1568208648.004,1491,26,None,Move,browsing
1568208648.014,1462,31,None,Move,browsing
1568208648.024,1428,36,None,Move,browsing
1568208648.036,1342,47,None,Move,browsing
1568208648.043,1273,55,None,Move,browsing
1568208648.054,1207,64,None,Move,browsing
1568208648.064,1143,74,None,Move,browsing
1568208648.084,1013,95,None,Move,browsing
1568208648.094,952,105,None,Move,browsing
1568208648.097,893,115,None,Move,browsing
1568208648.104,740,151,None,Move,browsing
1568208648.1179998,681,167,None,Move,browsing
1568208648.1239998,635,181,None,Move,browsing
1568208648.1360002,597,193,None,Move,browsing
1568208648.143,517,221,None,Move,browsing
1568208648.164,502,227,None,Move,browsing
1568208648.174,473,241,None,Move,browsing
1568208648.184,467,244,None,Move,browsing
1568208648.194,458,250,None,Move,browsing
1568208648.204,456,251,None,Move,browsing
1568208648.22,454,254,None,Move,browsing
1568208648.242,452,256,None,Move,browsing
1568208648.264,451,256,None,Move,browsing
1568208648.284,451,257,None,Move,browsing
1568208648.324,451,258,None,Move,browsing
1568208648.383,451,258,None,Move,browsing
1568208648.387,451,258,None,Move,browsing
1568208648.437,452,259,None,Move,browsing
1568208648.4429998,454,261,None,Move,browsing
1568208648.454,458,269,None,Move,browsing
1568208648.464,461,278,None,Move,browsing
1568208648.468,466,294,None,Move,browsing
1568208648.474,468,306,None,Move,browsing
1568208648.484,472,335,None,Move,browsing
1568208648.4970002,474,372,None,Move,browsing
1568208648.5070002,474,400,None,Move,browsing
1568208648.514,474,411,None,Move,browsing
1568208648.524,473,422,None,Move,browsing
1568208648.543,472,431,None,Move,browsing
1568208648.554,472,442,None,Move,browsing
1568208648.564,472,449,None,Move,browsing
1568208648.574,472,457,None,Move,browsing
1568208648.594,471,468,None,Move,browsing
1568208648.5979998,471,472,None,Move,browsing
1568208648.6079998,471,474,None,Move,browsing
1568208648.6239998,471,476,None,Move,browsing
1568208648.637,471,477,None,Move,browsing
1568208648.654,471,477,None,Move,browsing
1568208648.664,471,477,None,Move,browsing
1568208649.194,471,477,None,Move,browsing
1568208649.204,473,477,None,Move,browsing
1568208649.214,479,472,None,Move,browsing
1568208649.224,488,466,None,Move,browsing
1568208649.234,507,452,None,Move,browsing
1568208649.2570002,549,421,None,Move,browsing
1568208649.268,560,412,None,Move,browsing
1568208649.294,639,345,None,Move,browsing
1568208649.304,667,322,None,Move,browsing
1568208649.3279998,752,250,None,Move,browsing
1568208649.334,775,228,None,Move,browsing
1568208649.3579998,838,171,None,Move,browsing
1568208649.363,848,161,None,Move,browsing
1568208649.373,858,152,None,Move,browsing
1568208649.3839998,870,142,None,Move,browsing
1568208649.387,879,133,None,Move,browsing
1568208649.3979998,888,125,None,Move,browsing
1568208649.408,895,119,None,Move,browsing
1568208649.414,904,110,None,Move,browsing
1568208649.424,913,102,None,Move,browsing
1568208649.444,928,88,None,Move,browsing
1568208649.447,934,81,None,Move,browsing
1568208649.457,938,77,None,Move,browsing
1568208649.474,949,63,None,Move,browsing
1568208649.484,952,57,None,Move,browsing
1568208649.488,955,51,None,Move,browsing
1568208649.494,958,45,None,Move,browsing
1568208649.504,962,38,None,Move,browsing
1568208649.528,971,19,None,Move,browsing
1568208649.534,973,15,None,Move,browsing
1568208649.544,976,8,None,Move,browsing
1568208649.5670002,985,-11,None,Move,browsing
1568208649.584,990,-11,None,Move,browsing
1568208649.597,998,-16,None,Move,browsing
1568208649.603,1009,-16,None,Move,browsing
1568208649.6179998,1014,-7,None,Move,browsing
1568208649.6339998,1022,-10,None,Move,browsing
1568208649.6479998,1031,-3,None,Move,browsing
1568208649.654,1031,-2,None,Move,browsing
1568208649.664,1032,0,None,Move,browsing
1568208649.684,1032,0,None,Move,browsing
1568208649.887,1032,-1,Left,Pressed,browsing
1568208649.887,1032,-1,None,Drag,browsing
1568208649.8879998,1032,-1,Left,Released,browsing
1568208650.064,1032,0,None,Move,browsing
1568208650.104,1032,1,None,Move,browsing
1568208650.434,1032,1,None,Move,browsing
1568208650.454,1032,1,None,Move,browsing
1568208650.468,1030,1,None,Move,browsing
1568208650.474,1028,2,None,Move,browsing
1568208650.484,1027,2,None,Move,browsing
1568208650.494,1026,3,None,Move,browsing
1568208650.504,1024,3,None,Move,browsing
1568208650.514,1024,3,None,Move,browsing
1568208650.524,1023,3,None,Move,browsing
1568208650.534,1022,3,None,Move,browsing
1568208650.574,1022,3,None,Move,browsing
1568208650.794,1021,3,None,Move,browsing
1568208650.804,1021,3,None,Move,browsing
1568208650.8170002,1019,4,None,Move,browsing
1568208650.824,1018,4,None,Move,browsing
1568208650.8379998,1017,4,None,Move,browsing
1568208650.845,1016,4,None,Move,browsing
1568208650.853,1016,5,None,Move,browsing
1568208650.8639998,1015,5,None,Move,browsing
1568208650.883,1015,5,None,Move,browsing
1568208650.8879998,1014,5,None,Move,browsing
1568208650.903,1014,5,None,Move,browsing
1568208650.917,1012,5,None,Move,browsing
1568208650.946,1012,5,None,Move,browsing
1568208651.093,1012,6,None,Move,browsing
1568208651.174,1011,7,None,Move,browsing
1568208651.184,1011,7,None,Move,browsing
1568208651.194,1010,8,None,Move,browsing
1568208651.198,1009,8,None,Move,browsing
1568208651.208,1008,8,None,Move,browsing
1568208651.218,1007,9,None,Move,browsing
1568208651.224,1007,10,None,Move,browsing
1568208651.228,1007,10,None,Move,browsing
1568208651.238,1006,10,None,Move,browsing
1568208651.2570002,1005,10,None,Move,browsing
1568208651.264,1005,11,None,Move,browsing
1568208651.278,1004,11,None,Move,browsing
1568208651.284,1003,11,None,Move,browsing
1568208651.3579998,1003,11,None,Move,browsing
1568208651.3739998,1003,11,None,Move,browsing
1568208651.394,1003,12,None,Move,browsing
1568208651.403,1003,12,None,Move,browsing
1568208651.418,1001,13,None,Move,browsing
1568208651.427,1001,14,None,Move,browsing
1568208651.434,1000,15,None,Move,browsing
1568208651.444,1000,15,None,Move,browsing
1568208651.4529998,1000,16,None,Move,browsing
1568208651.467,999,17,None,Move,browsing
1568208651.484,998,18,None,Move,browsing
1568208651.488,998,18,None,Move,browsing
1568208651.494,998,19,None,Move,browsing
1568208651.694,997,19,None,Move,browsing
1568208651.974,997,19,None,Move,browsing
1568208652.104,997,20,None,Move,browsing
1568208652.1239998,997,21,None,Move,browsing
1568208652.1339998,996,21,None,Move,browsing
1568208652.147,996,22,None,Move,browsing
1568208652.1520002,995,22,None,Move,browsing
1568208652.164,994,23,None,Move,browsing
1568208652.178,994,23,None,Move,browsing
1568208652.204,992,26,None,Move,browsing
1568208652.218,992,27,None,Move,browsing
1568208652.224,991,28,None,Move,browsing
1568208652.234,989,30,None,Move,browsing
1568208652.2470002,988,34,None,Move,browsing
1568208652.264,985,46,None,Move,browsing
1568208652.274,982,55,None,Move,browsing
1568208652.284,980,64,None,Move,browsing
1568208652.294,970,96,None,Move,browsing
1568208652.314,963,122,None,Move,browsing
1568208652.324,958,171,None,Move,browsing
1568208652.334,958,184,None,Move,browsing
1568208652.3479998,958,216,None,Move,browsing
1568208652.3579998,961,257,None,Move,browsing
1568208652.3639998,965,281,None,Move,browsing
1568208652.3739998,967,296,None,Move,browsing
1568208652.394,974,338,None,Move,browsing
1568208652.404,974,349,None,Move,browsing
1568208652.414,975,357,None,Move,browsing
1568208652.424,975,375,None,Move,browsing
1568208652.434,975,383,None,Move,browsing
1568208652.448,976,390,None,Move,browsing
1568208652.4529998,976,394,None,Move,browsing
1568208652.467,976,402,None,Move,browsing
1568208652.474,976,407,None,Move,browsing
1568208652.484,976,413,None,Move,browsing
1568208652.488,976,418,None,Move,browsing
1568208652.494,976,425,None,Move,browsing
1568208652.504,976,433,None,Move,browsing
1568208652.5170002,975,447,None,Move,browsing
1568208652.524,972,458,None,Move,browsing
1568208652.534,971,468,None,Move,browsing
1568208652.544,969,474,None,Move,browsing
1568208652.553,967,484,None,Move,browsing
1568208652.5579998,966,492,None,Move,browsing
1568208652.564,965,497,None,Move,browsing
1568208652.574,965,504,None,Move,browsing
1568208652.584,965,510,None,Move,browsing
1568208652.6139998,965,530,None,Move,browsing
1568208652.6239998,965,543,None,Move,browsing
1568208652.6339998,965,550,None,Move,browsing
1568208652.644,965,555,None,Move,browsing
1568208652.6520002,965,562,None,Move,browsing
1568208652.657,967,569,None,Move,browsing
1568208652.678,971,584,None,Move,browsing
1568208652.684,973,586,None,Move,browsing
1568208652.694,973,588,None,Move,browsing
1568208652.704,974,591,None,Move,browsing
1568208652.714,976,594,None,Move,browsing
1568208652.724,977,595,None,Move,browsing
1568208652.734,978,597,None,Move,browsing
1568208652.744,979,600,None,Move,browsing
1568208652.7529998,979,602,None,Move,browsing
1568208652.764,980,603,None,Move,browsing
1568208652.774,980,604,None,Move,browsing
1568208652.784,980,605,None,Move,browsing
1568208653.464,980,605,None,Move,browsing
1568208653.488,980,605,None,Move,browsing
1568208653.514,980,605,None,Move,browsing
1568208653.6139998,980,605,None,Move,browsing
1568208653.644,980,605,None,Move,browsing
1568208654.934,980,604,None,Move,browsing
1568208655.014,979,604,None,Move,browsing
1568208655.254,979,603,None,Move,browsing
1568208655.284,979,603,None,Move,browsing
1568208655.904,978,603,None,Move,browsing
1568208655.924,978,602,None,Move,browsing
1568208655.954,977,602,None,Move,browsing
1568208655.9770002,977,602,None,Move,browsing
1568208655.998,977,602,None,Move,browsing
1568208656.044,976,602,None,Move,browsing
1568208656.064,976,602,None,Move,browsing
1568208656.084,975,602,None,Move,browsing
1568208656.104,975,601,None,Move,browsing
1568208656.244,974,601,None,Move,browsing
1568208656.324,974,601,None,Move,browsing
1568208656.704,973,601,None,Move,browsing
1568208656.7370002,973,601,None,Move,browsing
1568208657.565,971,602,None,Move,browsing
1568208657.574,965,612,None,Move,browsing
1568208657.584,961,619,None,Move,browsing
1568208657.594,957,628,None,Move,browsing
1568208657.604,955,635,None,Move,browsing
1568208657.6139998,950,647,None,Move,browsing
1568208657.6339998,947,652,None,Move,browsing
1568208657.644,947,653,None,Move,browsing
1568208657.673,947,653,None,Move,browsing
1568208657.684,947,653,None,Move,browsing
1568208657.704,947,652,None,Move,browsing
1568208657.708,947,652,None,Move,browsing
1568208657.724,947,651,None,Move,browsing
1568208657.734,947,651,None,Move,browsing
1568208657.744,948,649,None,Move,browsing
1568208657.754,949,649,None,Move,browsing
1568208657.7670002,950,648,None,Move,browsing
1568208657.774,950,648,None,Move,browsing
1568208657.784,950,648,None,Move,browsing
1568208657.9729998,950,648,None,Move,browsing
1568208658.844,950,648,None,Move,browsing
1568208659.2870002,950,647,None,Move,browsing
1568208659.894,950,647,None,Move,browsing
1568208659.984,950,647,None,Move,browsing
1568208660.524,950,647,None,Move,browsing
1568208660.574,950,647,None,Move,browsing
1568208660.6139998,950,647,None,Move,browsing
1568208660.644,951,647,None,Move,browsing
1568208662.448,951,646,None,Move,browsing
1568208663.044,951,645,None,Move,browsing
1568208663.214,951,645,None,Move,browsing
1568208663.844,951,645,None,Move,browsing
1568208663.854,951,644,None,Move,browsing
1568208663.8639998,951,644,None,Move,browsing
1568208663.8739998,950,644,None,Move,browsing
1568208663.877,949,644,None,Move,browsing
1568208663.883,948,644,None,Move,browsing
1568208663.894,945,644,None,Move,browsing
1568208663.904,942,644,None,Move,browsing
1568208663.914,934,640,None,Move,browsing
1568208663.924,927,637,None,Move,browsing
1568208663.934,922,635,None,Move,browsing
1568208663.944,911,629,None,Move,browsing
1568208663.954,906,627,None,Move,browsing
1568208663.964,898,623,None,Move,browsing
1568208663.974,891,620,None,Move,browsing
1568208663.9829998,884,617,None,Move,browsing
1568208663.988,876,613,None,Move,browsing
1568208663.994,871,610,None,Move,browsing
1568208664.004,864,606,None,Move,browsing
1568208664.014,848,598,None,Move,browsing
1568208664.024,842,596,None,Move,browsing
1568208664.034,831,592,None,Move,browsing
1568208664.0570002,816,587,None,Move,browsing
1568208664.064,800,584,None,Move,browsing
1568208664.074,791,581,None,Move,browsing
1568208664.077,780,578,None,Move,browsing
1568208664.083,772,576,None,Move,browsing
1568208664.094,762,574,None,Move,browsing
1568208664.104,738,569,None,Move,browsing
1568208664.113,731,567,None,Move,browsing
1568208664.1239998,723,566,None,Move,browsing
1568208664.1339998,706,563,None,Move,browsing
1568208664.144,701,562,None,Move,browsing
1568208664.154,694,561,None,Move,browsing
1568208664.164,688,560,None,Move,browsing
1568208664.177,685,560,None,Move,browsing
1568208664.1829998,683,559,None,Move,browsing
1568208664.197,682,559,None,Move,browsing
1568208664.5579998,682,559,None,Move,browsing
1568208664.574,681,559,None,Move,browsing
1568208664.794,681,559,None,Move,browsing
1568208664.824,681,559,None,Move,browsing
1568208667.184,681,559,None,Move,browsing
1568208667.188,681,559,None,Move,browsing
1568208667.204,681,559,None,Move,browsing
1568208667.424,681,559,None,Move,browsing
1568208667.434,681,559,None,Move,browsing
1568208667.538,680,559,None,Move,file system
1568208667.574,680,559,None,Move,file system
1568208667.604,680,558,None,Move,file system
1568208667.6239998,679,557,None,Move,file system
1568208668.093,679,557,None,Move,file system
1568208668.104,679,556,None,Move,file system
1568208668.1139998,679,556,None,Move,office
1568208668.144,679,555,None,Move,office
1568208668.184,679,555,None,Move,office
1568208668.264,679,555,None,Move,office
1568208668.293,679,555,None,Move,office
1568208668.314,679,556,None,Move,office
1568208668.324,679,556,None,Move,office
1568208668.424,679,556,None,Move,office
1568208668.444,679,556,None,Move,office
1568208668.486,679,556,None,Move,office
1568208668.534,679,556,None,Move,office
1568208668.564,679,556,None,Move,office
1568208668.593,679,556,None,Move,office
1568208668.724,679,556,None,Move,office
1568208668.764,679,556,None,Move,office
1568208669.3860002,679,557,None,Move,office
1568208669.394,678,560,None,Move,office
1568208669.3979998,676,565,None,Move,office
1568208669.404,674,572,None,Move,office
1568208669.414,672,579,None,Move,office
1568208669.424,669,590,None,Move,office
1568208669.434,668,605,None,Move,office
1568208669.444,668,612,None,Move,office
1568208669.454,668,616,None,Move,office
1568208669.458,669,622,None,Move,office
1568208669.464,671,623,None,Move,office
1568208669.474,673,626,None,Move,office
1568208669.486,675,628,None,Move,office
1568208669.4929998,677,630,None,Move,office
1568208669.504,681,633,None,Move,office
1568208669.506,684,636,None,Move,office
1568208669.514,687,640,None,Move,office
1568208669.524,690,643,None,Move,office
1568208669.534,692,647,None,Move,office
1568208669.544,697,654,None,Move,office
1568208669.554,697,655,None,Move,office
1568208669.564,697,657,None,Move,office
1568208669.574,698,659,None,Move,office
1568208669.586,698,664,None,Move,office
1568208669.593,698,666,None,Move,office
1568208669.6139998,698,668,None,Move,office
1568208669.6239998,698,670,None,Move,office
1568208669.6339998,697,673,None,Move,office
1568208669.644,693,679,None,Move,office
1568208669.654,681,692,None,Move,office
1568208669.664,675,697,None,Move,office
1568208669.674,663,705,None,Move,office
1568208669.685,646,715,None,Move,office
1568208669.6920002,638,718,None,Move,office
1568208669.704,631,721,None,Move,office
1568208669.714,623,723,None,Move,office
1568208669.724,616,726,None,Move,office
1568208669.734,613,727,None,Move,office
1568208669.744,609,727,None,Move,office
1568208669.754,603,729,None,Move,office
1568208669.764,602,729,None,Move,office
1568208669.774,600,730,None,Move,office
1568208669.786,598,730,None,Move,office
1568208669.793,597,730,None,Move,office
1568208669.804,596,730,None,Move,office
1568208669.814,595,730,None,Move,office
1568208669.824,594,730,None,Move,office
1568208669.834,594,730,None,Move,office
1568208669.854,593,730,None,Move,office
1568208669.8639998,593,730,None,Move,office
1568208669.8739998,593,730,None,Move,office
1568208669.894,592,730,None,Move,office
1568208669.914,592,730,None,Move,office
1568208669.924,592,730,None,Move,office
1568208669.948,591,730,Left,Pressed,office
1568208669.948,591,730,None,Drag,office
1568208669.948,591,730,Left,Released,office
1568208670.024,590,730,None,Move,office
1568208670.034,588,730,None,Move,office
1568208670.044,583,730,None,Move,office
1568208670.054,578,730,None,Move,office
1568208670.064,573,730,None,Move,office
1568208670.0679998,567,730,None,Move,office
1568208670.074,564,730,None,Move,office
1568208670.085,559,730,None,Move,office
1568208670.093,555,730,None,Move,office
1568208670.106,542,727,None,Move,office
1568208670.1139998,536,726,None,Move,office
1568208670.1239998,531,726,None,Move,office
1568208670.133,525,726,None,Move,office
1568208670.144,520,726,None,Move,office
1568208670.154,517,726,None,Move,office
1568208670.164,515,726,None,Move,office
1568208670.178,513,726,None,Move,office
1568208670.185,513,726,None,Move,office
1568208670.224,513,727,None,Move,office
1568208670.254,513,727,None,Move,office
1568208670.274,513,728,None,Move,office
1568208670.286,513,728,None,Move,office
1568208670.298,513,728,None,Move,office
1568208670.304,513,729,None,Move,office
1568208670.314,514,729,None,Move,office
1568208670.3279998,516,731,None,Move,office
1568208670.334,517,733,None,Move,office
1568208670.343,519,733,None,Move,office
1568208670.354,521,734,None,Move,office
1568208670.3639998,526,736,None,Move,office
1568208670.3739998,528,736,None,Move,office
1568208670.3860002,531,736,None,Move,office
1568208670.393,533,736,None,Move,office
1568208670.3979998,534,736,None,Move,office
1568208670.404,536,736,None,Move,office
1568208670.414,537,736,None,Move,office
1568208670.424,538,736,None,Move,office
1568208670.438,539,736,None,Move,office
1568208670.444,541,736,None,Move,office
1568208670.454,541,736,None,Move,office
1568208670.764,541,736,None,Move,file system
1568208671.054,541,736,None,Move,browsing
1568208671.333,541,736,None,Move,browsing
1568208671.697,542,736,None,Move,file system
1568208671.706,544,735,None,Move,file system
1568208671.714,546,734,None,Move,file system
1568208671.764,555,727,None,Move,office
1568208671.774,558,724,None,Move,office
1568208671.784,561,722,None,Move,office
1568208671.793,562,722,None,Move,office
1568208671.804,564,721,None,Move,office
1568208671.814,564,720,None,Move,office
1568208671.834,566,719,None,Move,office
1568208671.844,567,719,None,Move,office
1568208671.853,567,719,None,Move,office
1568208671.964,567,719,None,Move,office
1568208671.974,567,720,None,Move,office
1568208671.984,567,721,None,Move,office
1568208671.9929998,567,722,None,Move,office
1568208671.998,567,724,None,Move,office
1568208672.004,567,724,None,Move,office
1568208672.014,567,726,None,Move,office
1568208672.028,567,727,None,Move,office
1568208672.034,567,729,None,Move,office
1568208672.044,567,730,None,Move,office
1568208672.054,567,731,None,Move,office
1568208672.064,567,731,None,Move,office
1568208672.0670002,567,732,None,Move,office
1568208672.074,567,732,None,Move,office
1568208673.1239998,567,732,None,Move,office
1568208673.1339998,566,734,None,Move,office
1568208673.1339998,565,734,None,Move,office
1568208673.1479998,564,735,None,Move,office
1568208673.154,562,736,None,Move,office
1568208673.168,562,736,None,Move,office
1568208673.174,561,737,None,Move,office
1568208673.178,560,737,None,Move,office
1568208673.184,559,738,None,Move,office
1568208673.194,557,738,None,Move,office
1568208673.204,557,739,None,Move,office
1568208673.214,556,739,None,Move,office
1568208673.224,555,739,None,Move,office
1568208673.234,555,739,None,Move,office
1568208673.244,554,740,None,Move,office
1568208673.264,553,740,None,Move,office
1568208673.274,553,740,None,Move,office
1568208673.284,553,740,None,Move,office
1568208673.294,552,740,None,Move,office
1568208673.304,552,741,None,Move,office
1568208673.314,550,742,None,Move,office
1568208673.324,549,743,None,Move,office
1568208673.334,549,743,None,Move,office
1568208673.344,548,744,None,Move,office
1568208673.3479998,547,744,None,Move,office
1568208673.354,546,746,None,Move,office
1568208673.3639998,546,746,None,Move,office
1568208673.3739998,546,747,None,Move,office
1568208673.3839998,545,748,None,Move,office
1568208673.404,544,749,None,Move,office
1568208673.424,544,750,None,Move,office
1568208673.434,543,750,None,Move,office
1568208673.444,543,750,None,Move,office
1568208673.458,543,751,None,Move,office
1568208673.584,543,751,None,Move,office
1568208673.599,544,751,None,Move,office
1568208673.604,545,750,None,Move,office
1568208673.6139998,546,749,None,Move,office
1568208673.6239998,548,747,None,Move,office
1568208673.6339998,551,746,None,Move,office
1568208673.644,555,743,None,Move,office
1568208673.654,556,741,None,Move,office
1568208673.664,559,739,None,Move,office
1568208673.674,560,738,None,Move,office
1568208673.684,560,738,None,Move,office
1568208673.694,561,738,None,Move,office
1568208673.714,561,737,None,Move,office
1568208673.724,562,736,None,Move,office
1568208673.734,562,735,None,Move,office
1568208673.744,563,733,None,Move,office
1568208673.754,563,733,None,Move,office
1568208673.764,563,732,None,Move,office
1568208673.768,564,731,None,Move,office
1568208673.778,564,730,None,Move,office
1568208673.784,565,730,None,Move,office
1568208673.794,565,729,None,Move,office
1568208673.804,565,729,None,Move,office
1568208673.814,565,728,None,Move,office
1568208673.834,565,728,None,Move,office
1568208673.844,565,727,None,Move,office
1568208673.8579998,565,727,None,Move,office
1568208673.8639998,565,726,None,Move,office
1568208673.873,565,726,None,Move,office
1568208673.8839998,565,725,None,Move,office
1568208673.894,565,725,None,Move,office
1568208673.904,565,723,None,Move,office
1568208673.914,566,721,None,Move,office
1568208673.918,567,719,None,Move,office
1568208673.924,568,717,None,Move,office
1568208673.934,570,715,None,Move,office
1568208673.944,572,714,None,Move,office
1568208673.954,573,712,None,Move,office
1568208673.964,574,711,None,Move,office
1568208673.974,574,711,None,Move,office
1568208673.984,574,711,None,Move,office
1568208674.044,574,711,None,Move,office
1568208674.054,574,712,None,Move,office
1568208674.0679998,574,713,None,Move,office
1568208674.074,574,714,None,Move,office
1568208674.084,574,715,None,Move,office
1568208674.094,574,719,None,Move,office
1568208674.103,572,720,None,Move,office
1568208674.1139998,572,721,None,Move,office
1568208674.1279998,570,724,None,Move,office
1568208674.1339998,569,725,None,Move,office
1568208674.144,568,726,None,Move,office
1568208674.154,567,726,None,Move,office
1568208674.164,567,727,None,Move,office
1568208674.174,563,728,None,Move,office
1568208674.184,562,728,None,Move,office
1568208674.194,560,729,None,Move,office
1568208674.204,557,731,None,Move,office
1568208674.214,555,732,None,Move,office
1568208674.224,555,733,None,Move,office
1568208674.234,555,734,None,Move,office
1568208674.264,555,734,None,Move,office
1568208674.294,555,734,None,Move,office
1568208674.304,555,734,None,Move,office
1568208674.314,556,733,None,Move,office
1568208674.324,557,733,None,Move,office
1568208674.334,557,732,None,Move,office
1568208674.344,557,732,None,Move,office
1568208674.354,557,731,None,Move,office
1568208674.3839998,557,731,None,Move,office
1568208674.394,556,731,None,Move,office
1568208674.404,556,731,None,Move,office
1568208674.414,555,731,None,Move,office
1568208674.428,554,731,None,Move,office
1568208674.434,553,731,None,Move,office
1568208674.444,552,731,None,Move,office
1568208674.504,552,731,None,Move,office
1568208674.514,552,731,None,Move,office
1568208674.528,551,732,None,Move,office
1568208674.534,550,732,None,Move,office
1568208674.544,550,732,None,Move,office
1568208674.554,549,733,None,Move,office
1568208674.5779998,548,733,None,Move,office
1568208674.594,548,733,None,Move,office
1568208674.604,547,733,None,Move,office
1568208674.613,547,733,None,Move,office
1568208674.6339998,546,733,None,Move,office
1568208674.644,546,733,None,Move,office
1568208674.664,545,733,None,Move,office
1568208674.704,544,733,None,Move,office
1568208674.724,544,733,None,Move,office
1568208674.734,543,733,None,Move,office
1568208674.738,543,733,None,Move,office
1568208674.746,542,733,None,Move,office
1568208674.764,542,733,None,Move,office
1568208674.768,541,733,None,Move,office
1568208674.784,540,733,None,Move,office
1568208674.834,540,733,None,Move,office
1568208674.8639998,540,733,None,Move,office
1568208674.873,540,732,None,Move,office
1568208674.904,540,731,None,Move,office
1568208674.918,540,731,None,Move,office
1568208674.924,540,730,None,Move,office
1568208674.954,540,730,None,Move,office
1568208688.8839998,541,732,None,Move,office
1568208688.914,541,732,None,Move,office
1568208688.924,541,732,None,Move,office
1568208688.934,541,732,None,Move,office
1568208688.974,541,732,None,Move,office
1568208688.984,541,732,None,Move,office
1568208688.994,541,732,None,Move,office
1568208688.996,541,733,None,Move,office
1568208689.0070002,542,733,None,Move,office
1568208689.014,543,733,None,Move,office
1568208689.024,544,733,None,Move,office
1568208689.0370002,545,733,None,Move,office
1568208689.084,545,733,None,Move,office
1568208689.094,545,732,None,Move,office
1568208689.103,545,731,None,Move,office
1568208689.1079998,545,730,None,Move,office
1568208689.1139998,545,730,None,Move,office
1568208689.1239998,544,728,None,Move,office
1568208689.1339998,543,728,None,Move,office
1568208689.1479998,534,727,None,Move,office
1568208689.154,528,727,None,Move,office
1568208689.164,524,726,None,Move,office
1568208689.174,521,726,None,Move,office
1568208689.184,517,726,None,Move,office
1568208689.196,515,726,None,Move,office
1568208689.2029998,515,726,None,Move,office
1568208689.214,513,726,None,Move,office
1568208689.217,510,727,None,Move,office
1568208689.224,503,729,None,Move,office
1568208689.234,498,730,None,Move,office
1568208689.244,485,732,None,Move,office
1568208689.254,465,732,None,Move,office
1568208689.264,452,732,None,Move,office
1568208689.274,441,732,None,Move,office
1568208689.284,423,732,None,Move,office
1568208689.296,399,736,None,Move,office
1568208689.303,382,738,None,Move,office
1568208689.314,371,740,None,Move,office
1568208689.3170002,360,743,None,Move,office
1568208689.324,354,745,None,Move,office
1568208689.334,345,747,None,Move,office
1568208689.344,340,749,None,Move,office
1568208689.354,334,753,None,Move,office
1568208689.3679998,331,754,None,Move,office
1568208689.3739998,329,756,None,Move,office
1568208689.3839998,328,757,None,Move,office
1568208689.394,326,758,None,Move,office
1568208689.396,326,759,None,Move,office
1568208689.403,326,760,None,Move,office
1568208689.414,326,760,None,Move,office
1568208689.424,325,760,None,Move,office
1568208689.464,325,761,None,Move,office
1568208689.464,323,761,None,Move,office
1568208689.474,319,763,None,Move,office
1568208689.484,316,765,None,Move,office
1568208689.494,313,765,None,Move,office
1568208689.496,307,768,None,Move,office
1568208689.5029998,304,769,None,Move,office
1568208689.514,301,771,None,Move,office
1568208689.524,299,771,None,Move,office
1568208689.534,296,771,None,Move,office
1568208689.5470002,292,771,None,Move,office
1568208689.554,291,771,None,Move,office
1568208689.564,289,771,None,Move,office
1568208689.5679998,286,771,None,Move,office
1568208689.574,285,770,None,Move,office
1568208689.584,283,770,None,Move,office
1568208689.593,280,769,None,Move,office
1568208689.603,278,767,None,Move,office
1568208689.617,274,764,None,Move,office
1568208689.627,273,764,None,Move,office
1568208689.6339998,273,762,None,Move,office
1568208689.644,272,761,None,Move,office
1568208689.654,271,761,None,Move,office
1568208689.664,271,760,None,Move,office
1568208689.674,271,759,None,Move,office
1568208689.7029998,271,759,None,Move,office
1568208689.744,271,758,None,Move,office
1568208689.764,271,758,Left,Pressed,office
1568208689.764,271,758,None,Drag,office
1568208689.774,271,757,None,Drag,office
1568208689.803,271,757,None,Drag,office
1568208689.803,271,757,Left,Released,office
1568208689.8739998,271,757,None,Move,office
1568208689.8879998,271,757,None,Move,office
1568208689.924,271,757,None,Move,office
1568208690.914,271,757,None,Move,office
1568208690.924,271,760,None,Move,office
1568208690.934,271,763,None,Move,office
1568208690.944,271,764,None,Move,office
1568208690.954,271,764,None,Move,office
1568208690.968,271,764,None,Move,office
1568208690.974,271,762,None,Move,office
1568208690.984,271,762,None,Move,office
1568208691.004,271,760,None,Move,office
1568208691.054,271,759,None,Move,office
1568208691.064,271,759,None,Move,office
1568208691.094,271,759,None,Move,office
1568208691.104,271,760,None,Move,office
1568208691.1139998,271,761,None,Move,office
1568208691.1339998,271,761,None,Move,office
1568208691.144,271,759,None,Move,office
1568208691.154,271,759,None,Move,office
1568208691.164,271,758,None,Move,office
1568208691.174,268,758,None,Move,office
1568208691.184,268,758,None,Move,office
1568208691.194,267,758,None,Move,office
1568208691.204,266,758,None,Move,office
1568208691.214,265,758,None,Move,office
1568208691.224,264,758,None,Move,office
1568208691.234,263,759,None,Move,office
1568208691.244,262,759,None,Move,office
1568208691.254,260,761,None,Move,office
1568208691.264,260,761,None,Move,office
1568208691.274,260,762,None,Move,office
1568208691.278,259,762,None,Move,office
1568208691.284,258,762,None,Move,office
1568208691.304,258,762,None,Move,office
1568208691.314,258,762,None,Move,office
1568208691.334,258,762,None,Move,office
1568208691.354,258,761,None,Move,office
1568208691.3639998,257,761,None,Move,office
1568208691.3739998,257,760,None,Move,office
1568208691.394,257,760,None,Move,office
1568208691.404,257,759,None,Move,office
1568208691.428,256,759,Left,Pressed,office
1568208691.428,256,759,None,Drag,office
1568208691.434,255,759,None,Drag,office
1568208691.444,253,758,None,Drag,office
1568208691.458,250,757,None,Drag,office
1568208691.468,247,756,None,Drag,office
1568208691.474,233,752,None,Drag,office
1568208691.484,226,750,None,Drag,office
1568208691.498,216,748,None,Drag,office
1568208691.504,199,743,None,Drag,office
1568208691.514,188,740,None,Drag,office
1568208691.524,180,737,None,Drag,office
1568208691.534,173,735,None,Drag,office
1568208691.544,167,733,None,Drag,office
1568208691.5579998,153,728,None,Drag,office
1568208691.564,142,725,None,Drag,office
1568208691.574,131,722,None,Drag,office
1568208691.584,113,717,None,Drag,office
1568208691.594,109,716,None,Drag,office
1568208691.6079998,98,712,None,Drag,office
1568208691.6179998,95,711,None,Drag,office
1568208691.6279998,93,709,None,Drag,office
1568208691.6339998,92,709,None,Drag,office
1568208691.644,92,708,None,Drag,office
1568208691.6479998,91,708,None,Drag,office
1568208691.664,90,707,None,Drag,office
1568208691.678,89,706,None,Drag,office
1568208691.694,88,705,None,Drag,office
1568208691.704,86,703,None,Drag,office
1568208691.714,84,701,None,Drag,office
1568208691.724,80,697,None,Drag,office
1568208691.7370002,77,695,None,Drag,office
1568208691.7470002,70,690,None,Drag,office
1568208691.768,63,686,None,Drag,office
1568208691.774,59,684,None,Drag,office
1568208691.784,50,680,None,Drag,office
1568208691.794,47,678,None,Drag,office
1568208691.805,44,676,None,Drag,office
1568208691.813,42,676,None,Drag,office
1568208691.8179998,42,675,None,Drag,office
1568208691.824,41,675,None,Drag,office
1568208691.844,41,674,None,Drag,office
1568208691.854,40,674,None,Drag,office
1568208691.8639998,40,673,None,Drag,office
1568208691.8739998,40,673,None,Drag,office
1568208691.8839998,39,673,None,Drag,office
1568208691.894,39,672,None,Drag,office
1568208691.905,39,672,None,Drag,office
1568208691.905,39,672,Left,Released,office
1568208692.084,38,671,None,Move,office
1568208692.0979998,38,670,None,Move,office
1568208692.1139998,38,669,None,Move,office
1568208692.244,38,669,None,Move,office
1568208692.313,38,669,None,Move,office
1568208692.414,38,669,None,Move,office
1568208692.424,38,669,None,Move,office
1568208692.444,38,670,None,Move,office
1568208692.468,41,670,None,Move,office
1568208692.484,58,678,None,Move,office
1568208692.488,68,685,None,Move,office
1568208692.494,76,694,None,Move,office
1568208692.5129998,90,709,None,Move,office
1568208692.5229998,97,721,None,Move,office
1568208692.548,123,773,None,Move,office
1568208692.554,130,785,None,Move,office
1568208692.564,138,803,None,Move,office
1568208692.574,151,829,None,Move,office
1568208692.584,155,836,None,Move,office
1568208692.594,161,847,None,Move,office
1568208692.605,169,862,None,Move,office
1568208692.613,175,873,None,Move,office
1568208692.6239998,185,894,None,Move,office
1568208692.6339998,192,906,None,Move,office
1568208692.643,202,926,None,Move,office
1568208692.654,206,932,None,Move,office
1568208692.664,210,937,None,Move,office
1568208692.674,214,945,None,Move,office
1568208692.684,216,948,None,Move,office
1568208692.694,218,950,None,Move,office
1568208692.705,223,956,None,Move,office
1568208692.7129998,226,961,None,Move,office
1568208692.724,231,965,None,Move,office
1568208692.738,240,973,None,Move,office
1568208692.744,249,979,None,Move,office
1568208692.7570002,255,982,None,Move,office
1568208692.764,258,983,None,Move,office
1568208692.774,264,985,None,Move,office
1568208692.778,269,986,None,Move,office
1568208692.784,275,987,None,Move,office
1568208692.794,279,988,None,Move,office
1568208692.804,288,989,None,Move,office
1568208692.805,293,990,None,Move,office
1568208692.8170002,297,990,None,Move,office
1568208692.824,303,991,None,Move,office
1568208692.834,307,991,None,Move,office
1568208692.847,316,993,None,Move,office
1568208692.853,320,993,None,Move,office
1568208692.8639998,324,994,None,Move,office
1568208692.8739998,328,994,None,Move,office
1568208692.8879998,337,997,None,Move,office
1568208692.906,342,999,None,Move,office
1568208692.913,351,1002,None,Move,office
1568208692.924,358,1005,None,Move,office
1568208692.937,370,1009,None,Move,office
1568208692.944,377,1012,None,Move,office
1568208692.954,394,1019,None,Move,office
1568208692.964,401,1021,None,Move,office
1568208692.974,409,1024,None,Move,office
1568208692.984,415,1026,None,Move,office
1568208692.988,421,1028,None,Move,office
1568208692.994,424,1028,None,Move,office
1568208693.005,428,1030,None,Move,office
1568208693.012,435,1033,None,Move,office
1568208693.024,439,1035,None,Move,office
1568208693.024,442,1037,None,Move,office
1568208693.034,442,1037,None,Move,office
1568208693.044,444,1038,None,Move,office
1568208693.054,446,1039,None,Move,office
1568208693.064,446,1039,None,Move,office
1568208693.074,447,1039,None,Move,office
1568208693.084,447,1039,None,Move,office
1568208693.0979998,449,1040,None,Move,office
1568208693.105,450,1040,None,Move,office
1568208693.113,451,1040,None,Move,office
1568208693.1239998,453,1041,None,Move,office
1568208693.127,453,1041,None,Move,office
1568208693.137,454,1042,None,Move,office
1568208693.144,454,1042,None,Move,office
1568208693.154,455,1042,None,Move,office
1568208693.164,456,1043,None,Move,office
1568208693.174,457,1044,None,Move,office
1568208693.184,458,1045,None,Move,office
1568208693.194,459,1045,None,Move,office
1568208693.206,462,1046,None,Move,office
1568208693.2129998,464,1047,None,Move,office
1568208693.224,465,1047,None,Move,office
1568208693.234,467,1047,None,Move,office
1568208693.244,467,1047,None,Move,office
1568208693.294,467,1048,None,Move,office
1568208693.304,468,1048,None,Move,office
1568208693.313,468,1048,None,Move,office
1568208693.324,469,1048,None,Move,office
1568208693.334,469,1048,None,Move,office
1568208693.344,470,1048,None,Move,office
1568208693.3639998,471,1049,None,Move,office
1568208693.444,472,1049,None,Move,office
1568208693.518,472,1049,Left,Pressed,office
1568208693.594,472,1049,Left,Released,office
1568208693.644,472,1050,None,Move,office
1568208693.734,473,1050,None,Move,office
1568208693.748,474,1050,None,Move,office
1568208693.758,475,1050,None,Move,office
1568208693.764,477,1050,None,Move,office
1568208693.774,478,1050,None,Move,office
1568208693.794,480,1050,None,Move,office
1568208693.806,483,1051,None,Move,office
1568208693.813,485,1051,None,Move,office
1568208693.824,487,1052,None,Move,office
1568208693.833,489,1052,None,Move,office
1568208693.847,492,1053,None,Move,office
1568208693.854,494,1054,None,Move,office
1568208693.863,498,1055,None,Move,office
1568208693.8739998,499,1055,None,Move,office
1568208693.8879998,504,1057,None,Move,office
1568208693.894,504,1057,None,Move,office
1568208693.904,505,1057,None,Move,office
1568208693.913,507,1057,None,Move,office
1568208693.924,510,1058,None,Move,office
1568208693.934,512,1058,None,Move,office
1568208693.944,515,1058,None,Move,office
1568208693.954,519,1058,None,Move,office
1568208693.964,520,1058,None,Move,office
1568208693.974,524,1056,None,Move,office
1568208693.988,529,1052,None,Move,office
1568208693.994,532,1048,None,Move,office
1568208694.0070002,533,1046,None,Move,office
1568208694.012,536,1043,None,Move,office
1568208694.0270002,540,1037,None,Move,office
1568208694.044,542,1034,None,Move,office
1568208694.064,542,1033,None,Move,office
1568208694.074,543,1032,None,Move,office
1568208694.1179998,543,1032,None,Move,office
1568208694.127,540,1032,None,Move,office
1568208694.1339998,538,1032,None,Move,office
1568208694.144,536,1032,None,Move,office
1568208694.154,533,1032,None,Move,office
1568208694.168,530,1033,None,Move,office
1568208694.174,527,1033,None,Move,office
1568208694.184,524,1034,None,Move,office
1568208694.194,522,1035,None,Move,office
1568208694.207,516,1037,None,Move,office
1568208694.2129998,514,1038,None,Move,office
1568208694.224,512,1039,None,Move,office
1568208694.234,511,1039,None,Move,office
1568208694.244,510,1040,None,Move,office
1568208694.254,509,1041,None,Move,office
1568208694.284,509,1041,None,Move,office
1568208694.413,509,1041,Left,Pressed,office
1568208694.504,509,1041,Left,Released,office
1568208694.794,509,1042,None,Move,development
1568208695.113,509,1042,None,Move,development
1568208695.127,511,1042,None,Move,development
1568208695.1339998,512,1042,None,Move,development
1568208695.144,513,1042,None,Move,development
1568208695.154,515,1042,None,Move,development
1568208695.168,519,1042,None,Move,development
1568208695.174,521,1042,None,Move,development
1568208695.184,523,1042,None,Move,development
1568208695.198,527,1042,None,Move,development
1568208695.204,530,1042,None,Move,development
1568208695.2129998,533,1042,None,Move,development
1568208695.224,535,1042,None,Move,development
1568208695.234,537,1042,None,Move,development
1568208695.244,541,1042,None,Move,development
1568208695.254,543,1042,None,Move,development
1568208695.268,547,1041,None,Move,development
1568208695.274,548,1041,None,Move,development
1568208695.284,549,1040,None,Move,development
1568208695.294,551,1040,None,Move,development
1568208695.304,553,1040,None,Move,development
1568208695.3079998,554,1040,None,Move,development
1568208695.312,556,1040,None,Move,development
1568208695.324,558,1040,None,Move,development
1568208695.334,560,1040,None,Move,development
1568208695.344,561,1040,None,Move,development
1568208695.353,562,1040,None,Move,development
1568208695.3639998,563,1039,None,Move,development
1568208695.373,563,1039,None,Move,development
1568208695.474,564,1039,None,Move,development
1568208695.484,565,1039,None,Move,development
1568208695.494,565,1039,None,Move,development
1568208695.504,566,1039,None,Move,development
1568208695.514,567,1039,None,Move,development
1568208695.518,567,1039,None,Move,development
1568208695.524,568,1039,None,Move,development
1568208695.534,568,1039,None,Move,development
1568208695.554,569,1039,None,Move,development
1568208695.564,571,1038,None,Move,development
1568208695.574,571,1038,None,Move,development
1568208695.584,572,1038,None,Move,development
1568208695.604,572,1038,None,Move,development
1568208695.6239998,573,1038,None,Move,development
1568208695.6379998,575,1038,None,Move,development
1568208695.644,576,1038,None,Move,development
1568208695.654,577,1038,None,Move,development
1568208695.664,581,1038,None,Move,development
1568208695.674,582,1038,None,Move,development
1568208695.684,584,1038,None,Move,development
1568208695.694,587,1039,None,Move,development
1568208695.698,589,1039,None,Move,development
1568208695.708,591,1039,None,Move,development
1568208695.714,593,1040,None,Move,development
1568208695.728,596,1040,None,Move,development
1568208695.734,600,1040,None,Move,development
1568208695.744,604,1041,None,Move,development
1568208695.754,608,1041,None,Move,development
1568208695.764,617,1041,None,Move,development
1568208695.774,621,1041,None,Move,development
1568208695.784,624,1041,None,Move,development
1568208695.794,628,1040,None,Move,development
1568208695.804,638,1037,None,Move,development
1568208695.814,641,1037,None,Move,development
1568208695.824,645,1035,None,Move,development
1568208695.834,651,1033,None,Move,development
1568208695.847,653,1033,None,Move,development
1568208695.857,655,1032,None,Move,development
1568208695.8639998,657,1031,None,Move,development
1568208695.873,659,1030,None,Move,development
1568208695.8839998,660,1029,None,Move,development
1568208695.894,662,1029,None,Move,development
1568208695.904,663,1028,None,Move,development
1568208695.914,664,1027,None,Move,development
1568208695.924,664,1027,None,Move,development
1568208695.934,665,1027,None,Move,development
1568208696.074,665,1027,None,Move,development
1568208696.104,666,1026,None,Move,development
1568208696.1139998,666,1026,None,Move,development
1568208696.1239998,667,1026,None,Move,development
1568208696.1279998,667,1025,None,Move,development
1568208696.1339998,668,1025,None,Move,development
1568208696.144,668,1025,None,Move,development
1568208696.154,669,1024,None,Move,development
1568208696.164,670,1024,None,Move,development
1568208696.174,670,1024,None,Move,development
1568208696.184,671,1023,None,Move,development
1568208696.194,671,1023,None,Move,development
1568208696.204,672,1023,None,Move,development
1568208696.214,673,1022,None,Move,development
1568208696.224,675,1022,None,Move,development
1568208696.234,675,1022,None,Move,development
1568208696.244,676,1022,None,Move,development
1568208696.254,676,1021,None,Move,development
1568208696.264,677,1020,None,Move,development
1568208696.274,678,1020,None,Move,development
1568208696.284,679,1020,None,Move,development
1568208696.288,679,1020,None,Move,development
1568208696.294,680,1019,None,Move,development
1568208696.304,680,1019,None,Move,development
1568208696.324,681,1019,None,Move,development
1568208696.334,683,1018,None,Move,development
1568208696.344,683,1018,None,Move,development
1568208696.354,685,1018,None,Move,development
1568208696.3639998,685,1017,None,Move,development
1568208696.3739998,688,1016,None,Move,development
1568208696.3839998,689,1016,None,Move,development
1568208696.394,690,1015,None,Move,development
1568208696.407,693,1014,None,Move,development
1568208696.414,695,1013,None,Move,development
1568208696.424,697,1012,None,Move,development
1568208696.434,698,1012,None,Move,development
1568208696.444,700,1011,None,Move,development
1568208696.454,703,1010,None,Move,development
1568208696.464,704,1010,None,Move,development
1568208696.468,706,1008,None,Move,development
1568208696.484,707,1007,None,Move,development
1568208696.494,708,1007,None,Move,development
1568208696.504,709,1007,None,Move,development
1568208696.514,710,1006,None,Move,development
1568208696.515,711,1006,None,Move,development
1568208696.5229998,711,1006,None,Move,development
1568208696.5370002,712,1006,None,Move,development
1568208696.544,712,1006,None,Move,development
1568208696.554,712,1005,None,Move,development
1568208696.615,714,1005,None,Move,development
1568208696.6339998,714,1005,None,Move,development
1568208696.644,714,1005,None,Move,development
1568208696.704,715,1005,None,Move,development
1568208696.715,715,1005,None,Move,development
1568208696.7229998,717,1005,None,Move,development
1568208696.7370002,720,1009,None,Move,development
1568208696.746,721,1010,None,Move,development
1568208696.754,722,1011,None,Move,development
1568208696.764,722,1012,None,Move,development
1568208696.774,722,1013,None,Move,development
1568208696.788,722,1013,None,Move,development
1568208696.794,722,1014,None,Move,development
1568208697.0229998,722,1014,None,Move,development
1568208703.984,722,1014,None,Move,development
1568208703.994,722,1012,None,Move,development
1568208704.004,724,1011,None,Move,development
1568208704.014,724,1009,None,Move,development
1568208704.054,724,1009,None,Move,development
1568208704.174,724,1009,None,Move,development
1568208704.184,723,1010,None,Move,development
1568208704.194,723,1012,None,Move,development
1568208704.204,722,1013,None,Move,development
1568208704.214,719,1017,None,Move,development
1568208704.224,717,1019,None,Move,development
1568208704.234,713,1021,None,Move,development
1568208704.242,708,1023,None,Move,development
1568208704.248,705,1024,None,Move,development
1568208704.254,700,1025,None,Move,development
1568208704.264,695,1026,None,Move,development
1568208704.274,690,1026,None,Move,development
1568208704.288,687,1026,None,Move,development
1568208704.294,685,1025,None,Move,development
1568208704.304,683,1025,None,Move,development
1568208704.324,676,1025,None,Move,development
1568208704.336,664,1025,None,Move,development
1568208704.343,657,1025,None,Move,development
1568208704.357,645,1025,None,Move,development
1568208704.3639998,639,1025,None,Move,development
1568208704.3739998,635,1025,None,Move,development
1568208704.3839998,628,1026,None,Move,development
1568208704.394,626,1026,None,Move,development
1568208704.404,624,1026,None,Move,development
1568208704.414,622,1026,None,Move,development
1568208704.424,619,1026,None,Move,development
1568208704.436,616,1026,None,Move,development
1568208704.4429998,615,1026,None,Move,development
1568208704.457,612,1026,None,Move,development
1568208704.464,609,1027,None,Move,development
1568208704.474,606,1027,None,Move,development
1568208704.484,602,1028,None,Move,development
1568208704.494,592,1029,None,Move,development
1568208704.504,584,1030,None,Move,development
1568208704.514,575,1031,None,Move,development
1568208704.5270002,550,1033,None,Move,development
1568208704.5370002,543,1034,None,Move,development
1568208704.543,532,1035,None,Move,development
1568208704.554,526,1036,None,Move,development
1568208704.564,522,1037,None,Move,development
1568208704.577,511,1041,None,Move,development
1568208704.584,508,1042,None,Move,development
1568208704.594,504,1044,None,Move,development
1568208704.604,500,1045,None,Move,development
1568208704.6139998,498,1047,None,Move,development
1568208704.6239998,497,1048,None,Move,development
1568208704.664,497,1049,None,Move,development
1568208704.784,497,1049,None,Move,development
1568208704.814,496,1049,None,Move,development
1568208704.824,495,1051,None,Move,development
1568208704.837,492,1052,None,Move,development
1568208704.843,490,1054,None,Move,development
1568208704.8479998,488,1056,None,Move,development
1568208704.857,485,1057,None,Move,development
1568208704.8639998,481,1059,None,Move,development
1568208704.8739998,480,1059,None,Move,development
1568208704.994,480,1060,Left,Pressed,development
1568208705.064,480,1060,Left,Released,development
1568208705.1420002,480,1060,None,Move,office
1568208705.188,480,1061,None,Move,office
1568208705.264,480,1058,None,Move,office
1568208705.274,480,1045,None,Move,office
1568208705.284,480,1035,None,Move,office
1568208705.294,479,1027,None,Move,office
1568208705.304,476,1020,None,Move,office
1568208705.314,472,1011,None,Move,office
1568208705.324,460,981,None,Move,office
1568208705.337,456,965,None,Move,office
1568208705.347,449,928,None,Move,office
1568208705.357,437,874,None,Move,office
1568208705.3639998,428,831,None,Move,office
1568208705.3779998,399,718,None,Move,office
1568208705.3839998,382,672,None,Move,office
1568208705.394,363,630,None,Move,office
1568208705.404,342,585,None,Move,office
1568208705.414,307,524,None,Move,office
1568208705.428,267,464,None,Move,office
1568208705.438,249,441,None,Move,office
1568208705.4420002,237,427,None,Move,office
1568208705.456,228,415,None,Move,office
1568208705.464,223,406,None,Move,office
1568208705.474,220,402,None,Move,office
1568208705.488,218,394,None,Move,office
1568208705.494,217,393,None,Move,office
1568208705.504,217,389,None,Move,office
1568208705.518,217,387,None,Move,office
1568208705.524,217,385,None,Move,office
1568208705.539,217,382,None,Move,office
1568208705.542,217,379,None,Move,office
1568208705.554,219,374,None,Move,office
1568208705.564,223,369,None,Move,office
1568208705.5679998,225,365,None,Move,office
1568208705.574,229,359,None,Move,office
1568208705.584,235,353,None,Move,office
1568208705.593,238,348,None,Move,office
1568208705.604,243,343,None,Move,office
1568208705.6139998,246,338,None,Move,office
1568208705.623,248,336,None,Move,office
1568208705.64,253,331,None,Move,office
1568208705.647,254,331,None,Move,office
1568208705.654,254,331,None,Move,office
1568208705.664,254,330,None,Move,office
1568208705.724,255,330,None,Move,office
1568208705.734,257,330,None,Move,office
1568208705.742,260,327,None,Move,office
1568208705.742,269,321,None,Move,office
1568208705.754,272,318,None,Move,office
1568208705.764,281,309,None,Move,office
1568208705.768,287,302,None,Move,office
1568208705.774,291,294,None,Move,office
1568208705.784,295,290,None,Move,office
1568208705.794,298,284,None,Move,office
1568208705.804,301,277,None,Move,office
1568208705.814,309,260,None,Move,office
1568208705.824,311,255,None,Move,office
1568208705.834,318,244,None,Move,office
1568208705.843,323,236,None,Move,office
1568208705.854,330,230,None,Move,office
1568208705.8639998,333,229,None,Move,office
1568208705.8739998,334,227,None,Move,office
1568208705.8839998,334,227,None,Move,office
1568208705.924,334,226,None,Move,office
1568208706.144,334,226,None,Move,office
1568208706.194,334,226,None,Move,office
1568208706.204,334,226,None,Move,office
1568208706.8079998,334,226,None,Move,office
1568208706.814,334,228,None,Move,office
1568208706.824,334,230,None,Move,office
1568208706.833,334,233,None,Move,office
1568208706.844,334,235,None,Move,office
1568208706.851,334,238,None,Move,office
1568208706.859,334,242,None,Move,office
1568208706.8660002,334,246,None,Move,office
1568208706.873,334,255,None,Move,office
1568208706.8839998,338,266,None,Move,office
1568208706.894,341,272,None,Move,office
1568208706.904,342,276,None,Move,office
1568208706.918,345,279,None,Move,office
1568208706.924,346,280,None,Move,office
1568208706.934,346,281,None,Move,office
1568208707.004,347,281,None,Move,office
1568208707.014,348,281,None,Move,office
1568208707.034,348,281,Left,Pressed,office
1568208707.104,348,281,Left,Released,office
1568208707.204,348,281,None,Move,office
1568208707.214,349,280,None,Move,office
1568208707.224,350,278,None,Move,office
1568208707.234,350,274,None,Move,office
1568208707.245,353,268,None,Move,office
1568208707.2589998,354,265,None,Move,office
1568208707.264,354,263,None,Move,office
1568208707.274,354,262,None,Move,office
1568208707.284,354,262,None,Move,office
1568208707.474,355,260,None,Move,office
1568208707.484,355,260,None,Move,office
1568208707.498,356,258,None,Move,office
1568208707.504,357,257,None,Move,office
1568208707.514,358,256,None,Move,office
1568208707.524,358,256,None,Move,office
1568208707.554,358,256,None,Move,office
1568208707.6139998,358,255,None,Move,office
1568208708.166,358,255,Left,Pressed,office
1568208708.264,358,255,Left,Released,office
1568208708.846,358,255,None,Move,office
1568208708.8579998,358,256,None,Move,office
1568208708.8639998,358,257,None,Move,office
1568208708.8739998,358,259,None,Move,office
1568208708.894,358,260,None,Move,office
1568208708.914,358,262,None,Move,office
1568208708.928,358,263,None,Move,office
1568208708.934,358,264,None,Move,office
1568208708.946,358,266,None,Move,office
1568208708.9529998,358,267,None,Move,office
1568208708.964,358,267,None,Move,office
1568208708.974,358,269,None,Move,office
1568208708.994,358,270,None,Move,office
1568208709.004,358,272,None,Move,office
1568208709.014,358,272,None,Move,office
1568208709.024,358,273,None,Move,office
1568208709.034,358,275,None,Move,office
1568208709.044,358,275,None,Move,office
1568208709.046,358,276,None,Move,office
1568208709.053,358,278,None,Move,office
1568208709.064,358,278,None,Move,office
1568208709.0779998,358,280,None,Move,office
1568208709.084,358,281,None,Move,office
1568208709.094,358,283,None,Move,office
1568208709.1139998,359,287,None,Move,office
1568208709.1239998,359,290,None,Move,office
1568208709.1339998,360,297,None,Move,office
1568208709.146,361,300,None,Move,office
1568208709.1520002,362,304,None,Move,office
1568208709.164,365,312,None,Move,office
1568208709.174,368,316,None,Move,office
1568208709.184,370,321,None,Move,office
1568208709.194,371,324,None,Move,office
1568208709.198,372,326,None,Move,office
1568208709.204,374,328,None,Move,office
1568208709.214,376,332,None,Move,office
1568208709.224,377,334,None,Move,office
1568208709.234,379,337,None,Move,office
1568208709.238,383,345,None,Move,office
1568208709.246,386,349,None,Move,office
1568208709.252,389,354,None,Move,office
1568208709.266,396,363,None,Move,office
1568208709.274,401,369,None,Move,office
1568208709.284,407,378,None,Move,office
1568208709.294,412,384,None,Move,office
1568208709.304,421,394,None,Move,office
1568208709.314,430,403,None,Move,office
1568208709.324,434,408,None,Move,office
1568208709.334,441,414,None,Move,office
1568208709.347,462,435,None,Move,office
1568208709.353,471,442,None,Move,office
1568208709.3639998,477,448,None,Move,office
1568208709.3739998,500,465,None,Move,office
1568208709.383,511,474,None,Move,office
1568208709.397,523,483,None,Move,office
1568208709.404,534,491,None,Move,office
1568208709.407,547,499,None,Move,office
1568208709.414,558,507,None,Move,office
1568208709.424,567,513,None,Move,office
1568208709.434,576,518,None,Move,office
1568208709.447,596,531,None,Move,office
1568208709.4529998,606,537,None,Move,office
1568208709.464,614,541,None,Move,office
1568208709.474,621,545,None,Move,office
1568208709.484,637,553,None,Move,office
1568208709.494,644,556,None,Move,office
1568208709.504,650,560,None,Move,office
1568208709.514,654,562,None,Move,office
1568208709.518,660,566,None,Move,office
1568208709.524,667,569,None,Move,office
1568208709.534,672,572,None,Move,office
1568208709.544,679,576,None,Move,office
1568208709.5470002,681,577,None,Move,office
1568208709.553,686,579,None,Move,office
1568208709.5670002,688,581,None,Move,office
1568208709.574,689,581,None,Move,office
1568208709.584,691,582,None,Move,office
1568208709.5879998,691,583,None,Move,office
1568208709.604,692,583,None,Move,office
1568208709.704,692,584,None,Move,office
1568208709.714,692,584,None,Move,office
1568208709.724,693,585,None,Move,office
1568208709.734,694,586,None,Move,office
1568208709.748,694,587,None,Move,office
1568208709.7529998,695,588,None,Move,office
1568208709.764,695,589,None,Move,office
1568208709.766,695,590,None,Move,office
1568208709.778,696,591,None,Move,office
1568208709.784,697,592,None,Move,office
1568208709.794,697,594,None,Move,office
1568208709.804,698,594,None,Move,office
1568208709.8179998,699,597,None,Move,office
1568208709.824,699,597,None,Move,office
1568208709.833,700,599,None,Move,office
1568208709.8379998,701,600,None,Move,office
1568208709.849,701,601,None,Move,office
1568208709.8520002,702,603,None,Move,office
1568208709.8639998,703,604,None,Move,office
1568208709.8739998,703,605,None,Move,office
1568208709.887,705,609,None,Move,office
1568208709.894,706,611,None,Move,office
1568208709.904,707,613,None,Move,office
1568208709.914,708,617,None,Move,office
1568208709.924,709,618,None,Move,office
1568208709.934,710,620,None,Move,office
1568208709.944,710,622,None,Move,office
1568208709.95,710,623,None,Move,office
1568208709.9529998,711,625,None,Move,office
1568208709.964,713,628,None,Move,office
1568208709.974,713,629,None,Move,office
1568208709.984,714,633,None,Move,office
1568208709.994,715,635,None,Move,office
1568208710.004,716,637,None,Move,office
1568208710.014,716,638,None,Move,office
1568208710.0270002,716,642,None,Move,office
1568208710.034,716,644,None,Move,office
1568208710.044,717,645,None,Move,office
1568208710.051,717,646,None,Move,office
1568208710.052,717,648,None,Move,office
1568208710.064,717,648,None,Move,office
1568208710.074,717,649,None,Move,office
1568208710.1339998,718,649,None,Move,office
1568208710.144,719,644,None,Move,office
1568208710.153,719,636,None,Move,office
1568208710.167,719,623,None,Move,office
1568208710.174,720,608,None,Move,office
1568208710.184,720,600,None,Move,office
1568208710.194,721,590,None,Move,office
1568208710.198,722,579,None,Move,office
1568208710.204,723,571,None,Move,office
1568208710.214,723,568,None,Move,office
1568208710.224,724,564,None,Move,office
1568208710.238,725,556,None,Move,office
1568208710.244,726,554,None,Move,office
1568208710.2529998,726,553,None,Move,office
1568208710.264,726,551,None,Move,office
1568208710.314,726,551,None,Move,office
1568208710.324,726,552,None,Move,office
1568208710.334,725,556,None,Move,office
1568208710.3479998,722,565,None,Move,office
1568208710.354,720,570,None,Move,office
1568208710.3639998,716,579,None,Move,office
1568208710.3779998,715,583,None,Move,office
1568208710.3839998,715,586,None,Move,office
1568208710.394,714,588,None,Move,office
1568208710.404,713,593,None,Move,office
1568208710.414,713,594,None,Move,office
1568208710.434,713,595,None,Move,office
1568208710.454,713,596,None,Move,office
1568208710.474,713,597,None,Move,office
1568208710.488,713,597,None,Move,office
1568208710.494,713,598,None,Move,office
1568208710.504,713,598,None,Move,office
1568208710.518,713,600,None,Move,office
1568208710.524,713,601,None,Move,office
1568208710.664,713,602,None,Move,office
1568208710.674,713,603,None,Move,office
1568208710.684,713,604,None,Move,office
1568208710.698,713,606,None,Move,office
1568208710.704,713,608,None,Move,office
1568208710.714,713,608,None,Move,office
1568208710.724,713,609,None,Move,office
1568208710.7470002,713,609,None,Move,office
1568208710.768,714,609,None,Move,office
1568208710.994,714,609,None,Move,office
1568208711.014,714,609,None,Move,office
1568208711.024,714,609,None,Move,office
1568208711.034,714,608,None,Move,office
1568208711.048,714,607,None,Move,office
1568208711.0670002,714,607,None,Move,office
1568208711.083,715,606,None,Move,office
1568208711.113,715,606,None,Move,office
1568208711.1239998,715,606,None,Move,office
1568208711.474,715,605,None,Move,office
1568208711.544,715,605,Left,Pressed,office
1568208711.6339998,715,605,Left,Released,office
1568208713.524,716,604,None,Move,browsing
1568208713.534,717,602,None,Move,browsing
1568208713.549,718,600,None,Move,browsing
1568208713.559,720,595,None,Move,browsing
1568208713.573,721,593,None,Move,browsing
1568208713.582,723,588,None,Move,browsing
1568208713.591,723,588,None,Move,browsing
1568208713.595,723,587,None,Move,browsing
1568208713.604,724,587,None,Move,browsing
1568208713.6139998,724,586,None,Move,browsing
1568208713.684,724,586,None,Move,browsing
1568208713.7029998,724,585,None,Move,browsing
1568208713.728,724,584,None,Move,browsing
1568208713.744,724,583,None,Move,browsing
1568208713.7610002,724,583,None,Move,browsing
1568208713.778,724,582,None,Move,browsing
1568208713.805,726,578,None,Move,browsing
1568208713.8179998,729,574,None,Move,browsing
1568208713.832,737,567,None,Move,browsing
1568208713.8479998,756,551,None,Move,browsing
1568208713.8639998,781,532,None,Move,browsing
1568208713.8739998,796,518,None,Move,browsing
1568208713.8979998,850,468,None,Move,browsing
1568208713.92,917,399,None,Move,browsing
1568208713.934,965,347,None,Move,browsing
1568208713.944,988,326,None,Move,browsing
1568208713.952,1018,294,None,Move,browsing
1568208713.964,1067,249,None,Move,browsing
1568208713.974,1087,230,None,Move,browsing
1568208713.984,1111,208,None,Move,browsing
1568208713.994,1140,183,None,Move,browsing
1568208714.004,1148,175,None,Move,browsing
1568208714.014,1158,166,None,Move,browsing
1568208714.024,1169,157,None,Move,browsing
1568208714.048,1196,133,None,Move,browsing
1568208714.0670002,1210,121,None,Move,browsing
1568208714.0879998,1226,111,None,Move,browsing
1568208714.094,1228,109,None,Move,browsing
1568208714.103,1231,107,None,Move,browsing
1568208714.1139998,1232,106,None,Move,browsing
1568208714.1239998,1236,104,None,Move,browsing
1568208714.1339998,1241,101,None,Move,browsing
1568208714.154,1251,98,None,Move,browsing
1568208714.218,1273,89,None,Move,browsing
1568208714.234,1273,88,None,Move,browsing
1568208714.524,1272,88,None,Move,browsing
1568208714.534,1269,91,None,Move,browsing
1568208714.548,1264,96,None,Move,browsing
1568208714.554,1261,98,None,Move,browsing
1568208714.564,1253,106,None,Move,browsing
1568208714.574,1231,125,None,Move,browsing
1568208714.5879998,1198,148,None,Move,browsing
1568208714.5979998,1186,157,None,Move,browsing
1568208714.604,1159,176,None,Move,browsing
1568208714.6139998,1132,193,None,Move,browsing
1568208714.623,1078,229,None,Move,browsing
1568208714.633,1056,242,None,Move,browsing
1568208714.644,1016,268,None,Move,browsing
1568208714.658,997,279,None,Move,browsing
1568208714.667,985,289,None,Move,browsing
1568208714.674,975,297,None,Move,browsing
1568208714.684,960,309,None,Move,browsing
1568208714.694,952,317,None,Move,browsing
1568208714.704,946,323,None,Move,browsing
1568208714.714,934,337,None,Move,browsing
1568208714.7229998,927,345,None,Move,browsing
1568208714.734,922,350,None,Move,browsing
1568208714.754,920,356,None,Move,browsing
1568208714.764,919,362,None,Move,browsing
1568208714.774,919,363,None,Move,browsing
1568208714.784,919,366,None,Move,browsing
1568208714.788,918,371,None,Move,browsing
1568208714.794,917,375,None,Move,browsing
1568208714.804,915,382,None,Move,browsing
1568208714.814,913,386,None,Move,browsing
1568208714.824,911,390,None,Move,browsing
1568208714.834,910,394,None,Move,browsing
1568208714.843,910,395,None,Move,browsing
1568208714.865,910,395,None,Move,browsing
1568208714.873,913,393,None,Move,browsing
1568208714.8839998,917,389,None,Move,browsing
1568208714.894,920,386,None,Move,browsing
1568208714.907,928,376,None,Move,browsing
1568208714.914,932,371,None,Move,browsing
1568208714.928,938,362,None,Move,browsing
1568208714.934,939,359,None,Move,browsing
1568208714.944,942,354,None,Move,browsing
1568208714.954,945,349,None,Move,browsing
1568208714.964,946,347,None,Move,browsing
1568208714.965,948,346,None,Move,browsing
1568208714.974,948,345,None,Move,browsing
1568208715.104,948,345,None,Move,browsing
1568208715.1339998,948,345,None,Move,browsing
1568208715.144,947,345,None,Move,browsing
1568208715.154,946,347,None,Move,browsing
1568208715.164,945,347,None,Move,browsing
1568208715.174,945,348,None,Move,browsing
1568208715.188,943,350,None,Move,browsing
1568208715.194,943,352,None,Move,browsing
1568208715.204,942,352,None,Move,browsing
1568208715.214,942,353,None,Move,browsing
1568208715.234,942,355,None,Move,browsing
1568208715.314,942,355,Left,Pressed,browsing
1568208715.365,942,355,Left,Released,browsing
1568208715.494,942,355,None,Move,browsing
1568208715.508,942,361,None,Move,browsing
1568208715.524,942,374,None,Move,browsing
1568208715.534,943,380,None,Move,browsing
1568208715.544,944,391,None,Move,browsing
1568208715.554,946,407,None,Move,browsing
1568208715.564,947,419,None,Move,browsing
1568208715.572,947,427,None,Move,browsing
1568208715.594,947,440,None,Move,browsing
1568208715.604,947,448,None,Move,browsing
1568208715.6139998,947,457,None,Move,browsing
1568208715.6279998,947,461,None,Move,browsing
1568208715.6339998,947,464,None,Move,browsing
1568208715.644,947,467,None,Move,browsing
1568208715.654,947,472,None,Move,browsing
1568208715.666,947,474,None,Move,browsing
1568208715.673,947,477,None,Move,browsing
1568208715.684,946,481,None,Move,browsing
1568208715.694,946,483,None,Move,browsing
1568208715.704,945,486,None,Move,browsing
1568208715.714,945,489,None,Move,browsing
1568208715.724,945,491,None,Move,browsing
1568208715.734,945,492,None,Move,browsing
1568208715.744,945,495,None,Move,browsing
1568208715.758,945,496,None,Move,browsing
1568208715.7729998,945,496,None,Move,browsing
1568208715.894,945,496,None,Move,browsing
1568208715.924,945,496,Left,Pressed,browsing
1568208716.004,945,496,Left,Released,browsing
1568208716.594,945,496,None,Move,browsing
1568208716.673,945,495,None,Move,browsing
1568208716.768,945,495,None,Move,browsing
1568208717.094,945,495,None,Move,browsing
1568208717.1139998,944,494,None,Move,browsing
1568208717.1239998,944,494,None,Move,browsing
1568208717.1379998,944,493,None,Move,browsing
1568208725.0879998,943,493,None,Move,browsing
1568208725.107,943,493,None,Move,browsing
1568208725.1120002,943,493,None,Move,browsing
1568208725.1260002,942,493,None,Move,browsing
1568208725.633,941,493,None,Move,browsing
1568208725.647,940,492,None,Move,browsing
1568208725.659,938,491,None,Move,browsing
1568208725.678,937,491,None,Move,browsing
1568208725.6829998,937,491,None,Move,browsing
1568208725.698,935,491,None,Move,browsing
1568208725.7129998,934,491,None,Move,browsing
1568208725.724,932,490,None,Move,browsing
1568208725.744,930,490,None,Move,browsing
1568208725.764,927,490,None,Move,browsing
1568208725.774,926,490,None,Move,browsing
1568208725.7870002,921,490,None,Move,browsing
1568208725.798,917,490,None,Move,browsing
1568208725.8179998,913,490,None,Move,browsing
1568208725.827,911,490,None,Move,browsing
1568208725.834,908,490,None,Move,browsing
1568208725.847,905,490,None,Move,browsing
1568208725.857,903,490,None,Move,browsing
1568208725.867,900,490,None,Move,browsing
1568208725.8779998,896,491,None,Move,browsing
1568208725.894,889,492,None,Move,browsing
1568208725.907,884,494,None,Move,browsing
1568208725.924,882,494,None,Move,browsing
1568208725.934,876,497,None,Move,browsing
1568208725.944,871,499,None,Move,browsing
1568208725.954,867,500,None,Move,browsing
1568208725.968,857,505,None,Move,browsing
1568208725.984,842,512,None,Move,browsing
1568208725.994,827,519,None,Move,browsing
1568208726.004,820,523,None,Move,browsing
1568208726.018,802,530,None,Move,browsing
1568208726.034,796,532,None,Move,browsing
1568208726.044,779,538,None,Move,browsing
1568208726.0579998,767,543,None,Move,browsing
1568208726.0670002,753,548,None,Move,browsing
1568208726.077,739,551,None,Move,browsing
1568208726.1139998,680,557,None,Move,browsing
1568208726.1239998,666,557,None,Move,browsing
1568208726.1339998,639,556,None,Move,browsing
1568208726.1479998,600,549,None,Move,browsing
1568208726.174,567,539,None,Move,browsing
1568208726.197,487,507,None,Move,browsing
1568208726.224,443,485,None,Move,browsing
1568208726.238,418,472,None,Move,browsing
1568208726.2489998,408,467,None,Move,browsing
1568208726.269,384,455,None,Move,browsing
1568208726.286,368,447,None,Move,browsing
1568208726.3070002,361,442,None,Move,browsing
1568208726.315,355,438,None,Move,browsing
1568208726.327,355,437,None,Move,browsing
1568208726.337,354,436,None,Move,browsing
1568208726.347,351,434,None,Move,browsing
1568208726.357,350,433,None,Move,browsing
1568208726.367,349,432,None,Move,browsing
1568208726.377,348,429,None,Move,browsing
1568208726.387,347,428,None,Move,browsing
1568208726.4,345,425,None,Move,browsing
1568208726.4120002,342,420,None,Move,browsing
1568208726.423,340,417,None,Move,browsing
1568208726.423,337,413,None,Move,browsing
1568208726.4429998,334,408,None,Move,browsing
1568208726.449,332,403,None,Move,browsing
1568208726.459,329,400,None,Move,browsing
1568208726.474,324,393,None,Move,browsing
1568208726.479,320,389,None,Move,browsing
1568208726.4989998,317,385,None,Move,browsing
1568208726.506,315,384,None,Move,browsing
1568208726.516,314,381,None,Move,browsing
1568208726.534,312,380,None,Move,browsing
1568208726.536,312,379,None,Move,browsing
1568208726.5570002,311,378,None,Move,browsing
1568208726.5679998,311,378,None,Move,browsing
1568208726.587,311,378,None,Move,browsing
1568208726.597,311,377,None,Move,browsing
1568208726.621,311,376,None,Move,browsing
1568208726.635,311,376,None,Move,browsing
1568208726.646,310,376,None,Move,browsing
1568208726.656,310,375,None,Move,browsing
1568208726.676,310,373,None,Move,browsing
1568208726.6920002,310,372,None,Move,browsing
1568208726.7029998,310,371,None,Move,browsing
1568208726.721,310,369,None,Move,browsing
1568208726.7970002,310,362,None,Move,browsing
1568208726.891,310,348,None,Move,browsing
1568208726.924,310,339,None,Move,browsing
1568208726.9420002,310,336,None,Move,browsing
1568208726.952,310,334,None,Move,browsing
1568208726.967,310,333,None,Move,browsing
1568208726.979,310,331,None,Move,browsing
1568208726.9889998,309,331,None,Move,browsing
1568208726.9970002,309,330,None,Move,browsing
1568208727.0110002,309,329,None,Move,browsing
1568208727.025,309,329,None,Move,browsing
1568208727.045,309,328,None,Move,browsing
1568208727.089,309,328,None,Move,browsing
1568208727.339,308,328,None,Move,browsing
1568208727.354,302,329,None,Move,browsing
1568208727.3639998,300,329,None,Move,browsing
1568208727.371,297,330,None,Move,browsing
1568208727.379,293,332,None,Move,browsing
1568208727.393,288,333,None,Move,browsing
1568208727.401,284,335,None,Move,browsing
1568208727.41,271,338,None,Move,browsing
1568208727.417,265,340,None,Move,browsing
1568208727.425,260,340,None,Move,browsing
1568208727.4329998,255,341,None,Move,browsing
1568208727.4429998,252,342,None,Move,browsing
1568208727.451,249,342,None,Move,browsing
1568208727.462,246,343,None,Move,browsing
1568208727.471,245,343,None,Move,browsing
1568208727.496,239,345,None,Move,browsing
1568208727.506,238,345,None,Move,browsing
1568208727.516,236,345,None,Move,browsing
1568208727.5270002,233,346,None,Move,browsing
1568208727.535,231,346,None,Move,browsing
1568208727.545,230,346,None,Move,browsing
1568208727.552,229,346,None,Move,browsing
1568208727.561,227,346,None,Move,browsing
1568208727.569,225,346,None,Move,browsing
1568208727.5779998,223,347,None,Move,browsing
1568208727.587,221,347,None,Move,browsing
1568208727.601,217,348,None,Move,browsing
1568208727.613,212,349,None,Move,browsing
1568208727.623,210,349,None,Move,browsing
1568208727.6320002,205,349,None,Move,browsing
1568208727.644,198,350,None,Move,browsing
1568208727.655,197,350,None,Move,browsing
1568208727.664,194,350,None,Move,browsing
1568208727.681,188,350,None,Move,browsing
1568208727.689,186,350,None,Move,browsing
1568208727.697,185,350,None,Move,browsing
1568208727.705,183,351,None,Move,browsing
1568208727.7129998,183,351,None,Move,browsing
1568208727.722,182,351,None,Move,browsing
1568208727.7329998,182,351,None,Move,browsing
1568208727.746,181,351,None,Move,browsing
1568208727.816,181,351,None,Move,browsing
1568208727.824,182,351,None,Move,browsing
1568208727.833,185,350,None,Move,browsing
1568208727.84,190,347,None,Move,browsing
1568208727.85,197,344,None,Move,browsing
1568208727.857,200,342,None,Move,browsing
1568208727.865,210,338,None,Move,browsing
1568208727.8720002,221,333,None,Move,browsing
1568208727.88,233,330,None,Move,browsing
1568208727.887,247,325,None,Move,browsing
1568208727.8979998,253,323,None,Move,browsing
1568208727.906,264,319,None,Move,browsing
1568208727.914,275,316,None,Move,browsing
1568208727.923,289,311,None,Move,browsing
1568208727.931,294,309,None,Move,browsing
1568208727.939,300,306,None,Move,browsing
1568208727.947,303,306,None,Move,browsing
1568208727.956,305,305,None,Move,browsing
1568208727.967,307,303,None,Move,browsing
1568208727.978,307,303,None,Move,browsing
1568208727.992,308,303,None,Move,browsing
1568208728.0029998,309,302,None,Move,browsing
1568208728.018,309,302,None,Move,browsing
1568208728.034,309,301,None,Move,browsing
1568208728.046,309,301,None,Move,browsing
1568208728.055,309,300,None,Move,browsing
1568208728.063,310,300,None,Move,browsing
1568208728.071,310,299,None,Move,browsing
1568208728.08,310,299,None,Move,browsing
1568208728.103,311,298,None,Move,browsing
1568208728.151,311,298,None,Move,browsing
1568208728.158,311,298,None,Move,browsing
1568208728.168,311,297,None,Move,browsing
1568208728.189,311,297,None,Move,browsing
1568208728.2129998,311,296,Left,Pressed,browsing
1568208728.2129998,311,296,None,Drag,browsing
1568208728.2129998,311,296,Left,Released,browsing
1568208728.447,311,296,None,Move,browsing
1568208728.813,311,297,None,Move,browsing
1568208728.823,310,298,None,Move,browsing
1568208728.836,310,300,None,Move,browsing
1568208728.846,308,302,None,Move,browsing
1568208728.859,306,303,None,Move,browsing
1568208728.8679998,306,304,None,Move,browsing
1568208728.879,304,306,None,Move,browsing
1568208728.889,304,308,None,Move,browsing
1568208728.899,301,311,None,Move,browsing
1568208728.908,299,313,None,Move,browsing
1568208728.92,298,316,None,Move,browsing
1568208728.928,296,318,None,Move,browsing
1568208728.936,294,321,None,Move,browsing
1568208728.946,291,325,None,Move,browsing
1568208728.955,290,326,None,Move,browsing
1568208728.965,285,333,None,Move,browsing
1568208728.976,283,335,None,Move,browsing
1568208728.985,282,337,None,Move,browsing
1568208728.998,278,343,None,Move,browsing
1568208729.006,274,348,None,Move,browsing
1568208729.016,271,353,None,Move,browsing
1568208729.026,267,363,None,Move,browsing
1568208729.038,265,367,None,Move,browsing
1568208729.0470002,262,371,None,Move,browsing
1568208729.055,257,382,None,Move,browsing
1568208729.063,256,385,None,Move,browsing
1568208729.073,254,388,None,Move,browsing
1568208729.092,253,395,None,Move,browsing
1568208729.104,252,397,None,Move,browsing
1568208729.1160002,252,398,None,Move,browsing
1568208729.127,252,398,None,Move,browsing
1568208729.1360002,251,401,None,Move,browsing
1568208729.147,251,403,None,Move,browsing
1568208729.161,250,408,None,Move,browsing
1568208729.171,250,410,None,Move,browsing
1568208729.18,250,412,None,Move,browsing
1568208729.187,250,414,None,Move,browsing
1568208729.194,249,414,None,Move,browsing
1568208729.2029998,249,415,None,Move,browsing
1568208729.883,249,416,None,Move,browsing
1568208729.893,249,417,None,Move,browsing
1568208729.903,249,417,None,Move,browsing
1568208729.91,249,418,None,Move,browsing
1568208729.928,249,418,None,Move,browsing
1568208729.939,249,419,None,Move,browsing
1568208729.9529998,249,420,None,Move,browsing
1568208730.219,249,419,None,Move,browsing
1568208730.23,250,416,None,Move,browsing
1568208730.242,251,411,None,Move,browsing
1568208730.2529998,254,403,None,Move,browsing
1568208730.2629998,256,399,None,Move,browsing
1568208730.2770002,257,394,None,Move,browsing
1568208730.289,259,388,None,Move,browsing
1568208730.3,261,382,None,Move,browsing
1568208730.3070002,262,379,None,Move,browsing
1568208730.316,262,378,None,Move,browsing
1568208730.33,262,375,None,Move,browsing
1568208730.3379998,263,373,None,Move,browsing
1568208730.347,263,373,None,Move,browsing
1568208730.361,264,372,None,Move,browsing
1568208730.5170002,264,372,None,Move,browsing
1568208730.603,264,372,None,Move,browsing
1568208730.6120002,264,373,None,Move,browsing
1568208730.621,263,374,None,Move,browsing
1568208730.631,263,376,None,Move,browsing
1568208730.64,261,379,None,Move,browsing
1568208730.649,260,381,None,Move,browsing
1568208730.659,257,384,None,Move,browsing
1568208730.667,254,386,None,Move,browsing
1568208730.679,254,387,None,Move,browsing
1568208730.697,251,391,None,Move,browsing
1568208730.719,251,391,None,Move,browsing
1568208730.7670002,251,391,None,Move,browsing
1568208730.782,251,391,None,Move,browsing
1568208730.792,250,390,None,Move,browsing
1568208730.837,246,384,None,Move,browsing
1568208730.851,245,382,None,Move,browsing
1568208730.861,244,381,None,Move,browsing
1568208730.8720002,243,380,None,Move,browsing
1568208730.8839998,242,380,None,Move,browsing
1568208730.8920002,242,380,None,Move,browsing
1568208730.9020002,241,380,None,Move,browsing
1568208730.908,240,380,None,Move,browsing
1568208730.916,239,380,None,Move,browsing
1568208730.924,237,380,None,Move,browsing
1568208730.9320002,236,380,None,Move,browsing
1568208730.941,234,380,None,Move,browsing
1568208730.951,232,381,None,Move,browsing
1568208730.958,230,382,None,Move,browsing
1568208730.967,228,383,None,Move,browsing
1568208730.979,224,384,None,Move,browsing
1568208730.9870002,221,385,None,Move,browsing
1568208730.995,219,385,None,Move,browsing
1568208731.004,217,385,None,Move,browsing
1568208731.0170002,215,387,None,Move,browsing
1568208731.03,213,387,None,Move,browsing
1568208731.042,211,388,None,Move,browsing
1568208731.054,209,389,None,Move,browsing
1568208731.064,207,391,None,Move,browsing
1568208731.074,205,391,None,Move,browsing
1568208731.082,205,392,None,Move,browsing
1568208731.089,203,393,None,Move,browsing
1568208731.103,201,395,None,Move,browsing
1568208731.115,200,397,None,Move,browsing
1568208731.13,197,401,None,Move,browsing
1568208731.14,196,403,None,Move,browsing
1568208731.149,195,406,None,Move,browsing
1568208731.156,195,409,None,Move,browsing
1568208731.167,193,413,None,Move,browsing
1568208731.176,193,416,None,Move,browsing
1568208731.186,191,420,None,Move,browsing
1568208731.197,191,425,None,Move,browsing
1568208731.208,191,427,None,Move,browsing
1568208731.219,190,428,None,Move,browsing
1568208731.228,190,428,None,Move,browsing
1568208731.421,190,428,None,Move,browsing
1568208731.43,190,428,Left,Pressed,browsing
1568208731.524,190,428,Left,Released,browsing
1568208731.867,191,428,None,Move,browsing
1568208731.877,194,428,None,Move,browsing
1568208731.887,199,428,None,Move,browsing
1568208731.8979998,209,429,None,Move,browsing
1568208731.907,251,434,None,Move,browsing
1568208731.916,280,441,None,Move,browsing
1568208731.925,312,448,None,Move,browsing
1568208731.934,369,464,None,Move,browsing
1568208731.946,480,498,None,Move,browsing
1568208731.959,537,517,None,Move,browsing
1568208731.967,616,545,None,Move,browsing
1568208731.975,692,571,None,Move,browsing
1568208731.985,763,597,None,Move,browsing
1568208732.0129998,1040,693,None,Move,browsing
1568208732.031,1164,730,None,Move,browsing
1568208732.045,1262,757,None,Move,browsing
1568208732.052,1313,773,None,Move,browsing
1568208732.063,1344,785,None,Move,browsing
1568208732.072,1415,815,None,Move,browsing
1568208732.082,1443,827,None,Move,browsing
1568208732.092,1456,833,None,Move,browsing
1568208732.103,1483,846,None,Move,browsing
1568208732.111,1492,850,None,Move,browsing
1568208732.12,1498,852,None,Move,browsing
1568208732.131,1508,855,None,Move,browsing
1568208732.14,1516,858,None,Move,browsing
1568208732.1520002,1527,863,None,Move,browsing
1568208732.161,1531,866,None,Move,browsing
1568208732.171,1537,869,None,Move,browsing
1568208732.1820002,1547,874,None,Move,browsing
1568208732.194,1549,876,None,Move,browsing
1568208732.202,1553,878,None,Move,browsing
1568208732.218,1560,882,None,Move,browsing
1568208732.234,1574,891,None,Move,browsing
1568208732.244,1580,895,None,Move,browsing
1568208732.254,1587,899,None,Move,browsing
1568208732.265,1599,908,None,Move,browsing
1568208732.2770002,1603,911,None,Move,browsing
1568208732.286,1611,916,None,Move,browsing
1568208732.303,1620,924,None,Move,browsing
1568208732.314,1625,929,None,Move,browsing
1568208732.324,1629,934,None,Move,browsing
1568208732.334,1635,938,None,Move,browsing
1568208732.337,1638,941,None,Move,browsing
1568208732.347,1650,951,None,Move,browsing
1568208732.357,1659,958,None,Move,browsing
1568208732.367,1665,962,None,Move,browsing
1568208732.377,1668,963,None,Move,browsing
1568208732.3879998,1675,968,None,Move,browsing
1568208732.3979998,1687,972,None,Move,browsing
1568208732.408,1693,974,None,Move,browsing
1568208732.417,1697,976,None,Move,browsing
1568208732.4329998,1713,981,None,Move,browsing
1568208732.439,1720,983,None,Move,browsing
1568208732.449,1729,987,None,Move,browsing
1568208732.458,1736,988,None,Move,browsing
1568208732.468,1747,990,None,Move,browsing
1568208732.478,1756,991,None,Move,browsing
1568208732.486,1762,991,None,Move,browsing
1568208732.4970002,1769,991,None,Move,browsing
1568208732.506,1773,991,None,Move,browsing
1568208732.514,1781,991,None,Move,browsing
1568208732.516,1785,991,None,Move,browsing
1568208732.528,1792,991,None,Move,browsing
1568208732.538,1797,991,None,Move,browsing
1568208732.548,1801,991,None,Move,browsing
1568208732.5579998,1804,991,None,Move,browsing
1568208732.5679998,1809,991,None,Move,browsing
1568208732.5779998,1810,991,None,Move,browsing
1568208732.5879998,1813,991,None,Move,browsing
1568208732.597,1814,991,None,Move,browsing
1568208732.607,1816,991,None,Move,browsing
1568208732.617,1818,991,None,Move,browsing
1568208732.6239998,1819,991,None,Move,browsing
1568208732.6339998,1821,992,None,Move,browsing
1568208732.644,1821,992,None,Move,browsing
1568208732.654,1824,994,None,Move,browsing
1568208732.674,1828,995,None,Move,browsing
1568208732.688,1831,998,None,Move,browsing
1568208732.704,1834,1000,None,Move,browsing
1568208732.718,1836,1001,None,Move,browsing
1568208732.734,1838,1001,None,Move,browsing
1568208732.7470002,1838,1002,None,Move,browsing
1568208732.754,1840,1002,None,Move,browsing
1568208732.764,1841,1003,None,Move,browsing
1568208732.778,1843,1004,None,Move,browsing
1568208732.784,1845,1005,None,Move,browsing
1568208732.794,1849,1005,None,Move,browsing
1568208732.804,1851,1005,None,Move,browsing
1568208732.814,1853,1006,None,Move,browsing
1568208732.824,1856,1006,None,Move,browsing
1568208732.834,1857,1006,None,Move,browsing
1568208732.843,1857,1007,None,Move,browsing
1568208732.854,1858,1007,None,Move,browsing
1568208732.867,1859,1007,None,Move,browsing
1568208732.8779998,1859,1007,None,Move,browsing
1568208733.014,1860,1007,None,Move,browsing
1568208733.064,1861,1007,None,Move,browsing
1568208733.074,1861,1008,None,Move,browsing
1568208733.084,1863,1008,None,Move,browsing
1568208733.094,1868,1009,None,Move,browsing
1568208733.1079998,1871,1010,None,Move,browsing
1568208733.113,1872,1011,None,Move,browsing
1568208733.1239998,1875,1011,None,Move,browsing
1568208733.1279998,1877,1011,None,Move,browsing
1568208733.1339998,1878,1011,None,Move,browsing
1568208733.144,1878,1012,None,Move,browsing
1568208733.244,1878,1012,Left,Pressed,browsing
1568208733.344,1878,1012,Left,Released,browsing
1568208733.458,1878,1012,None,Move,browsing
1568208733.468,1878,1011,None,Move,browsing
1568208733.474,1876,1010,None,Move,browsing
1568208733.494,1873,1008,None,Move,browsing
1568208733.518,1864,1001,None,Move,browsing
1568208733.528,1858,999,None,Move,browsing
1568208733.538,1852,995,None,Move,browsing
1568208733.544,1848,992,None,Move,browsing
1568208733.554,1845,991,None,Move,browsing
1568208733.5679998,1841,987,None,Move,browsing
1568208733.574,1839,985,None,Move,browsing
1568208733.584,1836,983,None,Move,browsing
1568208733.594,1833,980,None,Move,browsing
1568208733.604,1831,977,None,Move,browsing
1568208733.6139998,1830,976,None,Move,browsing
1568208733.6239998,1828,974,None,Move,browsing
1568208733.635,1828,973,None,Move,browsing
1568208733.643,1825,970,None,Move,browsing
1568208733.654,1824,969,None,Move,browsing
1568208733.664,1824,968,None,Move,browsing
1568208733.674,1822,967,None,Move,browsing
1568208733.684,1822,966,None,Move,browsing
1568208733.694,1821,965,None,Move,browsing
1568208733.704,1820,965,None,Move,browsing
1568208733.718,1818,963,None,Move,browsing
1568208733.724,1818,963,None,Move,browsing
1568208733.735,1817,963,None,Move,browsing
1568208733.7429998,1817,963,None,Move,browsing
1568208733.7570002,1816,962,None,Move,browsing
1568208733.764,1815,961,None,Move,browsing
1568208733.774,1815,961,None,Move,browsing
1568208733.784,1814,960,None,Move,browsing
1568208733.794,1814,960,None,Move,browsing
1568208733.8070002,1813,957,None,Move,browsing
1568208733.814,1813,956,None,Move,browsing
1568208733.824,1812,953,None,Move,browsing
1568208733.835,1812,952,None,Move,browsing
1568208733.843,1811,950,None,Move,browsing
1568208733.857,1810,945,None,Move,browsing
1568208733.8639998,1810,943,None,Move,browsing
1568208733.8679998,1810,940,None,Move,browsing
1568208733.8739998,1810,937,None,Move,browsing
1568208733.8839998,1810,935,None,Move,browsing
1568208733.894,1810,932,None,Move,browsing
1568208733.904,1810,930,None,Move,browsing
1568208733.914,1810,928,None,Move,browsing
1568208733.928,1810,927,None,Move,browsing
1568208733.936,1810,926,None,Move,browsing
1568208733.9420002,1810,925,None,Move,browsing
1568208733.954,1810,924,None,Move,browsing
1568208733.964,1810,923,None,Move,browsing
1568208733.974,1810,922,None,Move,browsing
1568208733.984,1810,922,None,Move,browsing
1568208733.994,1810,921,None,Move,browsing
1568208734.004,1810,920,None,Move,browsing
1568208734.014,1810,920,None,Move,browsing
1568208734.036,1811,918,None,Move,browsing
1568208734.056,1811,918,None,Move,browsing
1568208734.357,1810,918,None,Move,browsing
1568208734.3639998,1809,918,None,Move,browsing
1568208734.3739998,1801,918,None,Move,browsing
1568208734.3839998,1793,917,None,Move,browsing
1568208734.394,1783,916,None,Move,browsing
1568208734.404,1768,914,None,Move,browsing
1568208734.414,1756,912,None,Move,browsing
1568208734.418,1741,909,None,Move,browsing
1568208734.428,1709,904,None,Move,browsing
1568208734.437,1677,897,None,Move,browsing
1568208734.448,1648,889,None,Move,browsing
1568208734.457,1600,879,None,Move,browsing
1568208734.468,1529,860,None,Move,browsing
1568208734.474,1499,852,None,Move,browsing
1568208734.488,1469,842,None,Move,browsing
1568208734.4970002,1424,824,None,Move,browsing
1568208734.504,1413,818,None,Move,browsing
1568208734.514,1398,811,None,Move,browsing
1568208734.518,1393,808,None,Move,browsing
1568208734.534,1389,805,None,Move,browsing
1568208734.542,1387,804,None,Move,browsing
1568208734.6139998,1387,803,None,Move,browsing
1568208734.6239998,1387,803,Left,Pressed,browsing
1568208734.704,1387,803,Left,Released,browsing
1568208734.834,1387,803,None,Move,browsing
1568208734.837,1386,803,None,Move,browsing
1568208734.843,1385,803,None,Move,browsing
1568208734.857,1383,802,None,Move,browsing
1568208734.8639998,1381,802,None,Move,browsing
1568208734.8739998,1378,801,None,Move,browsing
1568208734.8779998,1375,799,None,Move,browsing
1568208734.8839998,1371,799,None,Move,browsing
1568208734.894,1369,798,None,Move,browsing
1568208734.904,1364,797,None,Move,browsing
1568208734.914,1357,795,None,Move,browsing
1568208734.924,1352,794,None,Move,browsing
1568208734.937,1348,793,None,Move,browsing
1568208734.9429998,1344,792,None,Move,browsing
1568208734.954,1335,790,None,Move,browsing
1568208734.964,1330,789,None,Move,browsing
1568208734.974,1322,787,None,Move,browsing
1568208734.984,1317,785,None,Move,browsing
1568208734.988,1311,784,None,Move,browsing
1568208734.998,1306,784,None,Move,browsing
1568208735.004,1299,783,None,Move,browsing
1568208735.0129998,1293,782,None,Move,browsing
1568208735.024,1286,781,None,Move,browsing
1568208735.034,1279,780,None,Move,browsing
1568208735.042,1276,779,None,Move,browsing
1568208735.056,1261,776,None,Move,browsing
1568208735.064,1253,775,None,Move,browsing
1568208735.074,1236,771,None,Move,browsing
1568208735.084,1231,770,None,Move,browsing
1568208735.0879998,1218,766,None,Move,browsing
1568208735.094,1209,764,None,Move,browsing
1568208735.1079998,1202,762,None,Move,browsing
1568208735.113,1191,760,None,Move,browsing
1568208735.127,1171,755,None,Move,browsing
1568208735.1360002,1161,753,None,Move,browsing
1568208735.143,1154,751,None,Move,browsing
1568208735.154,1142,747,None,Move,browsing
1568208735.157,1131,745,None,Move,browsing
1568208735.164,1124,743,None,Move,browsing
1568208735.174,1113,740,None,Move,browsing
1568208735.184,1099,736,None,Move,browsing
1568208735.194,1080,732,None,Move,browsing
1568208735.204,1067,729,None,Move,browsing
1568208735.214,1056,727,None,Move,browsing
1568208735.2270002,1030,721,None,Move,browsing
1568208735.236,1023,719,None,Move,browsing
1568208735.242,1009,717,None,Move,browsing
1568208735.254,999,714,None,Move,browsing
1568208735.268,978,710,None,Move,browsing
1568208735.274,966,709,None,Move,browsing
1568208735.284,955,707,None,Move,browsing
1568208735.294,948,706,None,Move,browsing
1568208735.304,919,702,None,Move,browsing
1568208735.314,909,701,None,Move,browsing
1568208735.324,885,697,None,Move,browsing
1568208735.336,863,693,None,Move,browsing
1568208735.343,853,691,None,Move,browsing
1568208735.354,845,689,None,Move,browsing
1568208735.363,835,686,None,Move,browsing
1568208735.3739998,824,685,None,Move,browsing
1568208735.3839998,818,684,None,Move,browsing
1568208735.394,813,684,None,Move,browsing
1568208735.404,809,684,None,Move,browsing
1568208735.407,803,684,None,Move,browsing
1568208735.414,800,684,None,Move,browsing
1568208735.424,795,684,None,Move,browsing
1568208735.434,791,684,None,Move,browsing
1568208735.4429998,787,684,None,Move,browsing
1568208735.457,781,683,None,Move,browsing
1568208735.464,778,683,None,Move,browsing
1568208735.4729998,776,683,None,Move,browsing
1568208735.478,774,683,None,Move,browsing
1568208735.484,772,683,None,Move,browsing
1568208735.494,768,683,None,Move,browsing
1568208735.504,764,683,None,Move,browsing
1568208735.518,756,684,None,Move,browsing
1568208735.528,750,685,None,Move,browsing
1568208735.5370002,747,686,None,Move,browsing
1568208735.542,742,686,None,Move,browsing
1568208735.554,733,688,None,Move,browsing
1568208735.564,729,688,None,Move,browsing
1568208735.574,723,688,None,Move,browsing
1568208735.584,719,689,None,Move,browsing
1568208735.594,707,690,None,Move,browsing
1568208735.604,700,690,None,Move,browsing
1568208735.6139998,694,691,None,Move,browsing
1568208735.6279998,682,691,None,Move,browsing
1568208735.637,677,691,None,Move,browsing
1568208735.643,671,691,None,Move,browsing
1568208735.657,664,691,None,Move,browsing
1568208735.664,660,691,None,Move,browsing
1568208735.674,655,692,None,Move,browsing
1568208735.684,652,692,None,Move,browsing
1568208735.694,649,693,None,Move,browsing
1568208735.714,644,695,None,Move,browsing
1568208735.728,640,696,None,Move,browsing
1568208735.734,638,697,None,Move,browsing
1568208735.7370002,636,698,None,Move,browsing
1568208735.7429998,636,698,None,Move,browsing
1568208735.7570002,634,698,None,Move,browsing
1568208735.764,632,699,None,Move,browsing
1568208735.774,632,700,None,Move,browsing
1568208735.784,631,700,None,Move,browsing
1568208735.794,630,701,None,Move,browsing
1568208735.804,628,703,None,Move,browsing
1568208735.814,627,704,None,Move,browsing
1568208735.824,625,706,None,Move,browsing
1568208735.837,621,711,None,Move,browsing
1568208735.8479998,620,713,None,Move,browsing
1568208735.853,617,716,None,Move,browsing
1568208735.8639998,616,718,None,Move,browsing
1568208735.8779998,614,720,None,Move,browsing
1568208735.8879998,613,721,None,Move,browsing
1568208735.904,613,722,None,Move,browsing
1568208735.924,613,722,None,Move,browsing
1568208735.934,612,722,None,Move,browsing
1568208735.9429998,612,723,None,Move,browsing
1568208735.954,612,724,None,Move,browsing
1568208735.964,611,724,None,Move,browsing
1568208735.974,610,724,None,Move,browsing
1568208735.994,610,725,None,Move,browsing
1568208736.014,610,726,None,Move,browsing
1568208736.087,610,726,None,Move,browsing
1568208736.107,610,726,None,Move,browsing
1568208736.1279998,610,727,None,Move,browsing
1568208736.177,610,727,None,Move,browsing
1568208736.194,611,727,None,Move,browsing
1568208736.198,612,728,None,Move,browsing
1568208736.204,613,728,None,Move,browsing
1568208736.214,615,729,None,Move,browsing
1568208736.224,617,729,None,Move,browsing
1568208736.228,619,729,None,Move,browsing
1568208736.2410002,621,729,None,Move,browsing
1568208736.248,623,729,None,Move,browsing
1568208736.254,626,729,None,Move,browsing
1568208736.264,629,730,None,Move,browsing
1568208736.274,631,730,None,Move,browsing
1568208736.278,634,730,None,Move,browsing
1568208736.288,636,730,None,Move,browsing
1568208736.294,639,730,None,Move,browsing
1568208736.3079998,645,731,None,Move,browsing
1568208736.314,648,731,None,Move,browsing
1568208736.324,651,731,None,Move,browsing
1568208736.342,658,732,None,Move,browsing
1568208736.343,661,732,None,Move,browsing
1568208736.357,665,732,None,Move,browsing
1568208736.3639998,669,732,None,Move,browsing
1568208736.367,673,733,None,Move,browsing
1568208736.377,677,734,None,Move,browsing
1568208736.3879998,682,736,None,Move,browsing
1568208736.394,685,737,None,Move,browsing
1568208736.404,687,738,None,Move,browsing
1568208736.414,691,739,None,Move,browsing
1568208736.424,697,740,None,Move,browsing
1568208736.434,703,741,None,Move,browsing
1568208736.438,708,742,None,Move,browsing
1568208736.4429998,714,742,None,Move,browsing
1568208736.454,719,743,None,Move,browsing
1568208736.464,721,743,None,Move,browsing
1568208736.474,730,744,None,Move,browsing
1568208736.484,734,744,None,Move,browsing
1568208736.494,735,744,None,Move,browsing
1568208736.504,738,744,None,Move,browsing
1568208736.514,743,744,None,Move,browsing
1568208736.524,745,744,None,Move,browsing
1568208736.534,747,744,None,Move,browsing
1568208736.544,750,744,None,Move,browsing
1568208736.548,751,744,None,Move,browsing
1568208736.554,752,744,None,Move,browsing
1568208736.564,754,744,None,Move,browsing
1568208736.574,754,744,None,Move,browsing
1568208736.584,755,744,None,Move,browsing
1568208736.5879998,755,743,None,Move,browsing
1568208736.594,756,743,None,Move,browsing
1568208736.654,756,743,None,Move,browsing
1568208736.994,756,743,None,Move,browsing
1568208737.004,758,743,None,Move,browsing
1568208737.014,758,743,None,Move,browsing
1568208737.024,759,743,None,Move,browsing
1568208737.034,760,742,None,Move,browsing
1568208737.044,761,742,None,Move,browsing
1568208737.044,763,742,None,Move,browsing
1568208737.054,764,742,None,Move,browsing
1568208737.064,765,742,None,Move,browsing
1568208737.074,767,742,None,Move,browsing
1568208737.0879998,772,743,None,Move,browsing
1568208737.094,775,743,None,Move,browsing
1568208737.104,777,744,None,Move,browsing
1568208737.1179998,779,745,None,Move,browsing
1568208737.1239998,782,746,None,Move,browsing
1568208737.1339998,785,746,None,Move,browsing
1568208737.144,793,748,None,Move,browsing
1568208737.154,797,749,None,Move,browsing
1568208737.164,800,751,None,Move,browsing
1568208737.174,813,753,None,Move,browsing
1568208737.188,817,753,None,Move,browsing
1568208737.194,821,753,None,Move,browsing
1568208737.204,826,754,None,Move,browsing
1568208737.214,833,755,None,Move,browsing
1568208737.224,836,755,None,Move,browsing
1568208737.234,841,755,None,Move,browsing
1568208737.244,843,755,None,Move,browsing
1568208737.254,847,755,None,Move,browsing
1568208737.264,849,755,None,Move,browsing
1568208737.274,850,755,None,Move,browsing
1568208737.284,852,754,None,Move,browsing
1568208737.294,853,754,None,Move,browsing
1568208737.304,857,753,None,Move,browsing
1568208737.314,858,753,None,Move,browsing
1568208737.324,859,752,None,Move,browsing
1568208737.334,860,752,None,Move,browsing
1568208737.344,860,752,None,Move,browsing
1568208737.3579998,861,752,None,Move,browsing
1568208737.3779998,862,752,None,Move,browsing
1568208737.3839998,862,752,None,Move,browsing
1568208737.394,863,752,None,Move,browsing
1568208737.3979998,863,752,None,Move,browsing
1568208737.408,864,752,None,Move,browsing
1568208737.414,865,752,None,Move,browsing
1568208737.424,867,752,None,Move,browsing
1568208737.434,869,751,None,Move,browsing
1568208737.447,871,751,None,Move,browsing
1568208737.458,873,751,None,Move,browsing
1568208737.464,874,751,None,Move,browsing
1568208737.474,876,750,None,Move,browsing
1568208737.488,879,750,None,Move,browsing
1568208737.494,880,750,None,Move,browsing
1568208737.504,880,750,None,Move,browsing
1568208737.514,882,750,None,Move,browsing
1568208737.524,883,750,None,Move,browsing
1568208737.534,883,750,None,Move,browsing
1568208737.5470002,884,750,None,Move,browsing
1568208737.644,884,750,None,Move,browsing
1568208737.664,884,749,None,Move,browsing
1568208737.684,885,749,None,Move,browsing
1568208737.704,886,749,None,Move,browsing
1568208737.974,886,749,None,Move,browsing
1568208737.984,885,749,None,Move,browsing
1568208737.994,884,749,None,Move,browsing
1568208738.004,883,749,None,Move,browsing
1568208738.014,882,749,None,Move,browsing
1568208738.024,881,749,None,Move,browsing
1568208738.034,880,749,None,Move,browsing
1568208738.044,878,749,None,Move,browsing
1568208738.054,877,749,None,Move,browsing
1568208738.064,875,749,None,Move,browsing
1568208738.077,871,749,None,Move,browsing
1568208738.0879998,868,749,None,Move,browsing
1568208738.094,865,749,None,Move,browsing
1568208738.104,862,750,None,Move,browsing
1568208738.1139998,852,750,None,Move,browsing
1568208738.1239998,848,750,None,Move,browsing
1568208738.1339998,843,750,None,Move,browsing
1568208738.144,836,750,None,Move,browsing
1568208738.154,831,750,None,Move,browsing
1568208738.164,816,750,None,Move,browsing
1568208738.174,810,750,None,Move,browsing
1568208738.184,788,749,None,Move,browsing
1568208738.194,773,749,None,Move,browsing
1568208738.204,759,749,None,Move,browsing
1568208738.22,747,749,None,Move,browsing
1568208738.224,731,749,None,Move,browsing
1568208738.234,717,749,None,Move,browsing
1568208738.238,704,748,None,Move,browsing
1568208738.244,689,747,None,Move,browsing
1568208738.254,678,747,None,Move,browsing
1568208738.264,655,744,None,Move,browsing
1568208738.274,648,743,None,Move,browsing
1568208738.284,640,742,None,Move,browsing
1568208738.298,630,742,None,Move,browsing
1568208738.304,627,742,None,Move,browsing
1568208738.314,624,742,None,Move,browsing
1568208738.324,621,742,None,Move,browsing
1568208738.334,617,742,None,Move,browsing
1568208738.344,615,742,None,Move,browsing
1568208738.354,612,742,None,Move,browsing
1568208738.3639998,609,742,None,Move,browsing
1568208738.3739998,607,742,None,Move,browsing
1568208738.383,606,742,None,Move,browsing
1568208738.394,604,742,None,Move,browsing
1568208738.404,602,742,None,Move,browsing
1568208738.414,600,743,None,Move,browsing
1568208738.424,598,744,None,Move,browsing
1568208738.438,594,745,None,Move,browsing
1568208738.448,591,745,None,Move,browsing
1568208738.454,589,745,None,Move,browsing
1568208738.464,588,746,None,Move,browsing
1568208738.514,588,746,None,Move,browsing
1568208738.524,588,747,None,Move,browsing
1568208738.534,587,747,None,Move,browsing
1568208738.545,586,747,None,Move,browsing
1568208738.553,586,748,None,Move,browsing
1568208738.645,586,749,None,Move,browsing
1568208738.653,586,749,None,Move,browsing
1568208738.664,586,751,None,Move,browsing
1568208738.674,586,751,None,Move,browsing
1568208738.684,586,752,None,Move,browsing
1568208738.694,586,753,None,Move,browsing
1568208738.714,586,754,None,Move,browsing
1568208738.784,586,754,None,Move,browsing
1568208738.794,585,754,None,Move,browsing
1568208738.8079998,585,754,None,Move,browsing
1568208738.814,584,754,None,Move,browsing
1568208738.824,584,754,None,Move,browsing
1568208738.834,582,754,None,Move,browsing
1568208738.845,582,754,None,Move,browsing
1568208738.853,581,754,None,Move,browsing
1568208738.8639998,578,754,None,Move,browsing
1568208738.873,577,754,None,Move,browsing
1568208738.883,576,754,None,Move,browsing
1568208738.894,575,754,None,Move,browsing
1568208738.904,575,754,None,Move,browsing
1568208738.924,575,753,None,Move,browsing
1568208738.938,575,752,None,Move,browsing
1568208738.9529998,575,752,None,Move,browsing
1568208738.964,574,752,None,Move,browsing
1568208738.974,574,750,None,Move,browsing
1568208738.984,573,750,None,Move,browsing
1568208738.994,573,750,None,Move,browsing
1568208739.004,572,749,None,Move,browsing
1568208739.014,571,749,None,Move,browsing
1568208739.024,571,749,None,Move,browsing
1568208739.0370002,570,749,None,Move,browsing
1568208739.052,570,748,None,Move,browsing
1568208739.064,570,748,None,Move,browsing
1568208739.074,569,748,None,Move,browsing
1568208739.084,569,748,None,Move,browsing
1568208739.1139998,569,747,None,Move,browsing
1568208739.146,569,747,None,Move,browsing
1568208739.204,569,747,Left,Pressed,browsing
1568208739.204,569,747,None,Drag,browsing
1568208739.214,571,747,None,Drag,browsing
1568208739.224,575,747,None,Drag,browsing
1568208739.234,577,747,None,Drag,browsing
1568208739.244,579,747,None,Drag,browsing
1568208739.252,582,747,None,Drag,browsing
1568208739.2570002,584,747,None,Drag,browsing
1568208739.266,586,747,None,Drag,browsing
1568208739.274,588,747,None,Drag,browsing
1568208739.284,590,747,None,Drag,browsing
1568208739.2970002,594,747,None,Drag,browsing
1568208739.304,595,747,None,Drag,browsing
1568208739.314,598,747,None,Drag,browsing
1568208739.324,600,747,None,Drag,browsing
1568208739.334,601,747,None,Drag,browsing
1568208739.346,602,747,None,Drag,browsing
1568208739.353,603,747,None,Drag,browsing
1568208739.3579998,604,747,None,Drag,browsing
1568208739.3639998,604,747,None,Drag,browsing
1568208739.3739998,606,747,None,Drag,browsing
1568208739.3839998,606,747,None,Drag,browsing
1568208739.464,607,747,None,Drag,browsing
1568208739.474,609,747,None,Drag,browsing
1568208739.484,611,748,None,Drag,browsing
1568208739.494,612,748,None,Drag,browsing
1568208739.508,616,748,None,Drag,browsing
1568208739.514,618,748,None,Drag,browsing
1568208739.524,620,748,None,Drag,browsing
1568208739.534,622,749,None,Drag,browsing
1568208739.546,623,749,None,Drag,browsing
1568208739.553,623,749,None,Drag,browsing
1568208739.574,624,749,None,Drag,browsing
1568208739.664,624,749,None,Drag,browsing
1568208739.674,625,749,None,Drag,browsing
1568208739.684,628,750,None,Drag,browsing
1568208739.694,629,750,None,Drag,browsing
1568208739.704,631,750,None,Drag,browsing
1568208739.714,635,750,None,Drag,browsing
1568208739.724,636,750,None,Drag,browsing
1568208739.734,638,750,None,Drag,browsing
1568208739.744,639,750,None,Drag,browsing
1568208739.7470002,641,751,None,Drag,browsing
1568208739.758,644,751,None,Drag,browsing
1568208739.764,645,751,None,Drag,browsing
1568208739.774,646,751,None,Drag,browsing
1568208739.784,647,751,None,Drag,browsing
1568208739.794,649,751,None,Drag,browsing
1568208739.804,649,751,None,Drag,browsing
1568208739.824,652,751,None,Drag,browsing
1568208739.834,653,751,None,Drag,browsing
1568208739.844,653,751,None,Drag,browsing
1568208739.847,654,751,None,Drag,browsing
1568208739.853,655,751,None,Drag,browsing
1568208739.863,656,751,None,Drag,browsing
1568208739.8739998,658,751,None,Drag,browsing
1568208739.8839998,660,751,None,Drag,browsing
1568208739.894,661,751,None,Drag,browsing
1568208739.907,663,751,None,Drag,browsing
1568208739.914,663,751,None,Drag,browsing
1568208739.924,664,751,None,Drag,browsing
1568208739.934,665,752,None,Drag,browsing
1568208739.947,665,752,None,Drag,browsing
1568208740.004,666,752,None,Drag,browsing
1568208740.014,667,752,None,Drag,browsing
1568208740.024,669,752,None,Drag,browsing
1568208740.034,670,752,None,Drag,browsing
1568208740.0470002,672,752,None,Drag,browsing
1568208740.053,675,752,None,Drag,browsing
1568208740.064,677,752,None,Drag,browsing
1568208740.074,680,752,None,Drag,browsing
1568208740.084,682,752,None,Drag,browsing
1568208740.093,684,753,None,Drag,browsing
1568208740.104,686,753,None,Drag,browsing
1568208740.1079998,688,753,None,Drag,browsing
1568208740.1239998,691,753,None,Drag,browsing
1568208740.1339998,695,753,None,Drag,browsing
1568208740.144,698,753,None,Drag,browsing
1568208740.153,703,754,None,Drag,browsing
1568208740.164,710,754,None,Drag,browsing
1568208740.174,712,754,None,Drag,browsing
1568208740.184,720,755,None,Drag,browsing
1568208740.194,723,755,None,Drag,browsing
1568208740.204,726,755,None,Drag,browsing
1568208740.214,731,755,None,Drag,browsing
1568208740.218,733,755,None,Drag,browsing
1568208740.224,735,755,None,Drag,browsing
1568208740.234,736,755,None,Drag,browsing
1568208740.2470002,739,755,None,Drag,browsing
1568208740.2529998,740,755,None,Drag,browsing
1568208740.2670002,743,755,None,Drag,browsing
1568208740.274,744,755,None,Drag,browsing
1568208740.284,746,755,None,Drag,browsing
1568208740.294,751,755,None,Drag,browsing
1568208740.304,754,755,None,Drag,browsing
1568208740.314,756,755,None,Drag,browsing
1568208740.327,762,755,None,Drag,browsing
1568208740.333,765,755,None,Drag,browsing
1568208740.344,768,755,None,Drag,browsing
1568208740.3520002,772,756,None,Drag,browsing
1568208740.357,775,756,None,Drag,browsing
1568208740.3639998,780,756,None,Drag,browsing
1568208740.3739998,785,757,None,Drag,browsing
1568208740.3839998,790,758,None,Drag,browsing
1568208740.3979998,799,760,None,Drag,browsing
1568208740.404,803,760,None,Drag,browsing
1568208740.414,811,761,None,Drag,browsing
1568208740.434,821,763,None,Drag,browsing
1568208740.447,827,764,None,Drag,browsing
1568208740.458,833,764,None,Drag,browsing
1568208740.464,838,765,None,Drag,browsing
1568208740.474,841,765,None,Drag,browsing
1568208740.484,848,765,None,Drag,browsing
1568208740.498,854,765,None,Drag,browsing
1568208740.504,857,765,None,Drag,browsing
1568208740.514,860,765,None,Drag,browsing
1568208740.524,863,765,None,Drag,browsing
1568208740.534,865,766,None,Drag,browsing
1568208740.5470002,869,767,None,Drag,browsing
1568208740.553,872,767,None,Drag,browsing
1568208740.564,874,767,None,Drag,browsing
1568208740.5670002,877,767,None,Drag,browsing
1568208740.574,878,767,None,Drag,browsing
1568208740.584,880,768,None,Drag,browsing
1568208740.594,882,768,None,Drag,browsing
1568208740.6079998,886,768,None,Drag,browsing
1568208740.6139998,887,768,None,Drag,browsing
1568208740.6239998,888,768,None,Drag,browsing
1568208740.6339998,890,768,None,Drag,browsing
1568208740.647,891,768,None,Drag,browsing
1568208740.653,892,768,None,Drag,browsing
1568208740.664,893,768,None,Drag,browsing
1568208740.674,894,768,None,Drag,browsing
1568208740.684,895,768,None,Drag,browsing
1568208740.694,895,768,None,Drag,browsing
1568208740.704,896,768,None,Drag,browsing
1568208740.714,897,768,None,Drag,browsing
1568208740.734,898,768,None,Drag,browsing
1568208740.7470002,898,768,None,Drag,browsing
1568208740.755,899,768,None,Drag,browsing
1568208740.774,899,768,None,Drag,browsing
1568208740.774,899,768,Left,Released,browsing
1568208741.066,900,768,None,Move,browsing
1568208741.0779998,900,769,None,Move,browsing
1568208741.084,900,771,None,Move,browsing
1568208741.095,902,774,None,Move,browsing
1568208741.104,902,778,None,Move,browsing
1568208741.1120002,903,781,None,Move,browsing
1568208741.119,903,785,None,Move,browsing
1568208741.123,904,791,None,Move,browsing
1568208741.1339998,905,797,None,Move,browsing
1568208741.144,907,804,None,Move,browsing
1568208741.147,908,811,None,Move,browsing
1568208741.153,909,816,None,Move,browsing
1568208741.167,909,823,None,Move,browsing
1568208741.177,909,826,None,Move,browsing
1568208741.184,909,828,None,Move,browsing
1568208741.194,909,829,None,Move,browsing
1568208741.204,910,831,None,Move,browsing
1568208741.218,910,831,None,Move,browsing
1568208741.274,910,831,Left,Pressed,browsing
1568208741.274,910,831,None,Drag,browsing
1568208741.274,910,831,Left,Released,browsing
1568208745.274,910,831,None,Move,browsing
1568208745.284,910,831,None,Move,browsing
1568208745.294,909,831,None,Move,browsing
1568208745.304,908,831,None,Move,browsing
1568208745.3179998,907,831,None,Move,browsing
1568208745.324,906,831,None,Move,browsing
1568208745.333,906,831,None,Move,browsing
1568208745.347,902,828,None,Move,browsing
1568208745.3579998,899,823,None,Move,browsing
1568208745.363,898,819,None,Move,browsing
1568208745.3739998,894,809,None,Move,browsing
1568208745.3839998,890,791,None,Move,browsing
1568208745.397,889,776,None,Move,browsing
1568208745.404,887,763,None,Move,browsing
1568208745.414,887,733,None,Move,browsing
1568208745.418,888,703,None,Move,browsing
1568208745.428,889,683,None,Move,browsing
1568208745.434,894,651,None,Move,browsing
1568208745.444,900,614,None,Move,browsing
1568208745.448,905,580,None,Move,browsing
1568208745.462,912,546,None,Move,browsing
1568208745.476,922,478,None,Move,browsing
1568208745.484,927,444,None,Move,browsing
1568208745.504,940,359,None,Move,browsing
1568208745.514,948,291,None,Move,browsing
1568208745.5370002,954,227,None,Move,browsing
1568208745.548,955,220,None,Move,browsing
1568208745.554,956,208,None,Move,browsing
1568208745.563,957,200,None,Move,browsing
1568208745.574,960,187,None,Move,browsing
1568208745.584,962,180,None,Move,browsing
1568208745.5979998,968,168,None,Move,browsing
1568208745.604,974,159,None,Move,browsing
1568208745.613,983,149,None,Move,browsing
1568208745.6279998,998,137,None,Move,browsing
1568208745.6339998,1008,130,None,Move,browsing
1568208745.644,1023,118,None,Move,browsing
1568208745.654,1035,111,None,Move,browsing
1568208745.663,1046,105,None,Move,browsing
1568208745.668,1058,98,None,Move,browsing
1568208745.674,1087,83,None,Move,browsing
1568208745.684,1113,72,None,Move,browsing
1568208745.698,1174,51,None,Move,browsing
1568208745.704,1204,41,None,Move,browsing
1568208745.714,1236,35,None,Move,browsing
1568208745.734,1265,30,None,Move,browsing
1568208745.744,1308,25,None,Move,browsing
1568208745.754,1332,25,None,Move,browsing
1568208745.7629998,1366,26,None,Move,browsing
1568208745.774,1378,27,None,Move,browsing
1568208745.784,1398,30,None,Move,browsing
1568208745.798,1409,32,None,Move,browsing
1568208745.8079998,1414,32,None,Move,browsing
1568208745.814,1425,33,None,Move,browsing
1568208745.824,1432,33,None,Move,browsing
1568208745.8379998,1454,33,None,Move,browsing
1568208745.844,1465,33,None,Move,browsing
1568208745.853,1474,32,None,Move,browsing
1568208745.863,1491,28,None,Move,browsing
1568208745.8739998,1504,25,None,Move,browsing
1568208745.8879998,1522,19,None,Move,browsing
1568208745.894,1533,17,None,Move,browsing
1568208745.904,1547,13,None,Move,browsing
1568208745.914,1557,10,None,Move,browsing
1568208745.924,1561,9,None,Move,browsing
1568208745.927,1572,6,None,Move,browsing
1568208745.948,1585,3,None,Move,browsing
1568208745.958,1588,2,None,Move,browsing
1568208745.968,1594,0,None,Move,browsing
1568208745.9770002,1596,0,None,Move,browsing
1568208745.984,1598,-1,None,Move,browsing
1568208745.9870002,1600,0,None,Move,browsing
1568208745.998,1601,0,None,Move,browsing
1568208746.008,1602,-1,None,Move,browsing
1568208746.018,1603,0,None,Move,browsing
1568208746.164,1602,0,None,Move,browsing
1568208746.168,1602,0,None,Move,browsing
1568208746.174,1601,1,None,Move,browsing
1568208746.184,1600,2,None,Move,browsing
1568208746.194,1598,3,None,Move,browsing
1568208746.208,1597,4,None,Move,browsing
1568208746.214,1595,5,None,Move,browsing
1568208746.224,1594,6,None,Move,browsing
1568208746.234,1591,8,None,Move,browsing
1568208746.2470002,1590,8,None,Move,browsing
1568208746.254,1590,8,None,Move,browsing
1568208746.264,1590,9,None,Move,browsing
1568208746.524,1590,9,Left,Pressed,browsing
1568208746.654,1590,9,Left,Released,browsing
1568208747.074,1589,9,None,Move,browsing
1568208747.084,1586,9,None,Move,browsing
1568208747.104,1583,10,None,Move,browsing
1568208747.1139998,1573,12,None,Move,browsing
1568208747.1339998,1554,14,None,Move,browsing
1568208747.144,1528,17,None,Move,browsing
1568208747.154,1508,19,None,Move,browsing
1568208747.167,1446,24,None,Move,browsing
1568208747.174,1408,26,None,Move,browsing
1568208747.194,1322,32,None,Move,browsing
1568208747.208,1210,41,None,Move,browsing
1568208747.2270002,1108,49,None,Move,browsing
1568208747.244,988,53,None,Move,browsing
1568208747.254,934,53,None,Move,browsing
1568208747.264,826,53,None,Move,browsing
1568208747.2670002,771,52,None,Move,browsing
1568208747.278,717,50,None,Move,browsing
1568208747.284,670,48,None,Move,browsing
1568208747.294,634,45,None,Move,browsing
1568208747.304,588,43,None,Move,browsing
1568208747.314,557,40,None,Move,browsing
1568208747.3170002,528,37,None,Move,browsing
1568208747.327,515,34,None,Move,browsing
1568208747.344,478,29,None,Move,browsing
1568208747.3639998,461,27,None,Move,browsing
1568208747.3839998,460,27,None,Move,browsing
1568208747.544,460,27,None,Move,browsing
1568208747.5570002,460,29,None,Move,browsing
1568208747.579,459,33,None,Move,browsing
1568208747.5979998,453,37,None,Move,browsing
1568208747.6139998,438,43,None,Move,browsing
1568208747.6239998,430,46,None,Move,browsing
1568208747.6339998,421,49,None,Move,browsing
1568208747.6379998,413,51,None,Move,browsing
1568208747.6479998,404,52,None,Move,browsing
1568208747.654,378,54,None,Move,browsing
1568208747.665,363,55,None,Move,browsing
1568208747.674,354,55,None,Move,browsing
1568208747.684,343,55,None,Move,browsing
1568208747.694,318,57,None,Move,browsing
1568208747.704,306,57,None,Move,browsing
1568208747.714,297,57,None,Move,browsing
1568208747.724,291,57,None,Move,browsing
1568208747.734,275,58,None,Move,browsing
1568208747.744,271,58,None,Move,browsing
1568208747.758,264,58,None,Move,browsing
1568208747.765,261,58,None,Move,browsing
1568208747.7729998,259,58,None,Move,browsing
1568208747.7870002,259,58,None,Move,browsing
1568208747.794,259,59,None,Move,browsing
1568208747.814,259,59,None,Move,browsing
1568208747.824,259,60,None,Move,browsing
1568208747.834,259,63,None,Move,browsing
1568208747.844,259,64,None,Move,browsing
1568208747.854,260,66,None,Move,browsing
1568208747.865,260,67,None,Move,browsing
1568208747.873,260,69,None,Move,browsing
1568208747.8839998,261,74,None,Move,browsing
1568208747.894,262,76,None,Move,browsing
1568208747.904,264,78,None,Move,browsing
1568208747.914,265,81,None,Move,browsing
1568208747.918,268,84,None,Move,browsing
1568208747.924,270,85,None,Move,browsing
1568208747.934,274,87,None,Move,browsing
1568208747.944,277,87,None,Move,browsing
1568208747.954,279,87,None,Move,browsing
1568208747.965,280,87,None,Move,browsing
1568208747.974,281,87,None,Move,browsing
1568208747.984,284,87,None,Move,browsing
1568208747.994,285,85,None,Move,browsing
1568208748.004,286,85,None,Move,browsing
1568208748.014,287,85,None,Move,browsing
1568208748.024,288,84,None,Move,browsing
1568208748.044,288,83,None,Move,browsing
1568208748.304,288,83,None,Move,browsing
1568208748.314,288,83,None,Move,browsing
1568208748.324,286,83,None,Move,browsing
1568208748.334,285,83,None,Move,browsing
1568208748.3479998,282,83,None,Move,browsing
1568208748.354,279,83,None,Move,browsing
1568208748.3639998,278,83,None,Move,browsing
1568208748.3660002,276,83,None,Move,browsing
1568208748.373,275,83,None,Move,browsing
1568208748.3839998,275,83,None,Move,browsing
1568208748.554,275,83,None,Move,browsing
1568208748.573,275,83,None,Move,browsing
1568208748.584,276,83,None,Move,browsing
1568208748.5979998,277,83,None,Move,browsing
1568208748.604,279,83,None,Move,browsing
1568208748.6139998,280,83,None,Move,browsing
1568208748.6239998,282,84,None,Move,browsing
1568208748.6339998,282,84,None,Move,browsing
1568208748.644,284,84,None,Move,browsing
1568208748.6479998,284,84,None,Move,browsing
1568208748.654,285,84,None,Move,browsing
1568208748.673,285,84,None,Move,browsing
1568208748.684,286,84,None,Move,browsing
1568208748.714,286,84,None,Move,browsing
1568208748.814,286,84,Left,Pressed,browsing
1568208748.814,286,84,None,Drag,browsing
1568208748.814,286,84,Left,Released,browsing
