client_timestamp,x,y,button,state,window
1571668016.677,1050,4,None,Move,browsing
1571668016.6920002,1056,10,None,Move,browsing
1571668016.7229998,1056,11,None,Move,browsing
1571668016.738,1053,13,None,Move,browsing
1571668016.7489998,1042,18,None,Move,browsing
1571668016.756,1029,26,None,Move,browsing
1571668016.768,1025,27,None,Move,browsing
1571668016.7770002,998,41,None,Move,browsing
1571668016.7870002,960,58,None,Move,browsing
1571668016.7970002,926,72,None,Move,browsing
1571668016.804,915,79,None,Move,browsing
1571668016.816,868,106,None,Move,browsing
1571668016.825,857,110,None,Move,browsing
1571668016.833,816,138,None,Move,browsing
1571668016.842,788,161,None,Move,browsing
1571668016.853,759,186,None,Move,browsing
1571668016.8620002,753,191,None,Move,browsing
1571668016.875,727,211,None,Move,browsing
1571668016.8839998,715,219,None,Move,browsing
1571668016.891,708,226,None,Move,browsing
1571668016.903,706,228,None,Move,browsing
1571668016.909,702,236,None,Move,browsing
1571668016.92,696,244,None,Move,browsing
1571668016.93,695,245,None,Move,browsing
1571668016.94,683,261,None,Move,browsing
1571668016.948,675,271,None,Move,browsing
1571668016.958,668,280,None,Move,browsing
1571668016.968,666,284,None,Move,browsing
1571668016.975,656,299,None,Move,browsing
1571668016.9870002,654,303,None,Move,browsing
1571668016.995,650,322,None,Move,browsing
1571668017.005,647,338,None,Move,browsing
1571668017.015,647,358,None,Move,browsing
1571668017.022,647,361,None,Move,browsing
1571668017.032,647,371,None,Move,browsing
1571668017.04,648,376,None,Move,browsing
1571668017.054,649,380,None,Move,browsing
1571668017.063,650,381,None,Move,browsing
1571668017.1279998,650,382,None,Move,browsing
1571668017.311,650,383,None,Move,browsing
1571668069.611,651,383,None,Move,browsing
1571668070.042,649,383,None,Move,browsing
1571668070.054,648,383,None,Move,browsing
1571668070.077,634,383,None,Move,browsing
1571668070.688,634,383,None,Move,browsing
1571668070.714,643,389,None,Move,browsing
1571668070.731,660,400,None,Move,browsing
1571668070.746,667,404,None,Move,browsing
1571668070.765,667,404,None,Move,browsing
1571668070.785,662,403,None,Move,browsing
1571668070.803,656,390,None,Move,browsing
1571668070.821,688,395,None,Move,browsing
1571668070.84,685,380,None,Move,browsing
1571668070.8579998,667,354,None,Move,browsing
1571668070.873,656,345,None,Move,browsing
1571668070.891,655,345,None,Move,browsing
1571668070.9220002,655,344,None,Move,browsing
1571668070.939,663,343,None,Move,browsing
1571668070.957,692,327,None,Move,browsing
1571668070.975,706,310,None,Move,browsing
1571668070.99,715,299,None,Move,browsing
1571668071.0110002,717,292,None,Move,browsing
1571668071.03,717,282,None,Move,browsing
1571668071.048,706,244,None,Move,browsing
1571668071.063,694,206,None,Move,browsing
1571668071.08,660,149,None,Move,browsing
1571668071.101,633,115,None,Move,browsing
1571668071.119,594,74,None,Move,browsing
1571668071.137,582,69,None,Move,browsing
1571668071.3979998,580,67,None,Move,browsing
1571668071.416,570,58,None,Move,browsing
1571668071.4329998,567,52,None,Move,browsing
1571668071.458,567,51,None,Move,browsing
1571668071.482,565,46,None,Move,browsing
1571668071.505,563,43,None,Move,browsing
1571668071.524,560,39,None,Move,browsing
1571668071.545,555,33,None,Move,browsing
1571668071.5679998,534,14,None,Move,browsing
1571668071.592,522,7,None,Move,browsing
1571668071.617,507,4,None,Move,browsing
1571668071.637,484,0,None,Move,browsing
1571668071.659,468,0,None,Move,browsing
1571668071.686,423,0,None,Move,browsing
1571668071.706,414,-1,None,Move,browsing
1571668071.73,389,0,None,Move,browsing
1571668071.754,376,3,None,Move,browsing
1571668071.775,374,3,None,Move,browsing
1571668071.806,370,5,None,Move,browsing
1571668071.829,365,5,None,Move,browsing
1571668071.851,363,5,None,Move,browsing
1571668071.88,362,5,None,Move,browsing
1571668071.985,361,6,None,Move,browsing
1571668072.01,361,8,None,Move,browsing
1571668072.16,361,8,Left,Pressed,browsing
1571668072.26,361,8,Left,Released,browsing
1571668072.907,364,10,None,Move,browsing
1571668072.926,370,15,None,Move,browsing
1571668072.944,381,18,None,Move,browsing
1571668072.962,387,15,None,Move,browsing
1571668072.974,433,28,None,Move,browsing
1571668072.986,476,34,None,Move,browsing
1571668072.9970002,587,43,None,Move,browsing
1571668073.01,674,43,None,Move,browsing
1571668073.022,690,43,None,Move,browsing
1571668073.03,742,42,None,Move,browsing
1571668073.041,847,42,None,Move,browsing
1571668073.051,914,42,None,Move,browsing
1571668073.062,938,41,None,Move,browsing
1571668073.072,972,37,None,Move,browsing
1571668073.0779998,977,36,None,Move,browsing
1571668073.0879998,987,30,None,Move,browsing
1571668073.1020002,989,29,None,Move,browsing
1571668073.109,995,21,None,Move,browsing
1571668073.1220002,996,19,None,Move,browsing
1571668073.1320002,999,10,None,Move,browsing
1571668073.143,997,4,None,Move,browsing
1571668073.1520002,995,-7,None,Move,browsing
1571668073.166,995,-2,None,Move,browsing
1571668073.175,995,-11,None,Move,browsing
1571668073.185,995,-3,None,Move,browsing
1571668073.195,997,-5,None,Move,browsing
1571668073.205,997,-1,None,Move,browsing
1571668073.215,998,-7,None,Move,browsing
1571668073.225,1000,-3,None,Move,browsing
1571668073.232,1002,-2,None,Move,browsing
1571668073.246,1002,-1,None,Move,browsing
1571668073.255,1004,-1,None,Move,browsing
1571668073.2670002,1008,-1,None,Move,browsing
1571668073.275,1008,-1,None,Move,browsing
1571668073.288,1008,-1,None,Move,browsing
1571668073.298,1008,-1,None,Move,browsing
1571668073.347,1006,0,None,Move,browsing
1571668073.36,1005,0,None,Move,browsing
1571668073.394,1001,0,None,Move,browsing
1571668073.421,993,4,None,Move,browsing
1571668073.466,966,9,None,Move,browsing
1571668073.494,947,11,None,Move,browsing
1571668073.5129998,945,11,None,Move,browsing
1571668073.529,944,11,None,Move,browsing
1571668073.546,942,11,None,Move,browsing
1571668073.563,940,11,None,Move,browsing
1571668073.574,935,11,None,Move,browsing
1571668073.591,933,11,None,Move,browsing
1571668073.613,920,11,None,Move,browsing
1571668073.631,917,11,None,Move,browsing
1571668073.646,915,11,None,Move,browsing
1571668073.663,914,11,None,Move,browsing
1571668073.681,914,11,Left,Pressed,browsing
1571668073.7729998,914,11,Left,Released,browsing
1571668073.8379998,914,12,None,Move,browsing
1571668073.845,915,12,None,Move,browsing
1571668073.857,919,15,None,Move,browsing
1571668073.8679998,921,16,None,Move,browsing
1571668073.875,927,17,None,Move,browsing
1571668073.883,933,17,None,Move,browsing
1571668073.895,945,18,None,Move,browsing
1571668073.904,948,19,None,Move,browsing
1571668073.914,958,20,None,Move,browsing
1571668073.925,979,25,None,Move,browsing
1571668073.937,999,25,None,Move,browsing
1571668073.946,1002,25,None,Move,browsing
1571668073.954,1011,25,None,Move,browsing
1571668073.964,1027,25,None,Move,browsing
1571668073.975,1035,25,None,Move,browsing
1571668073.984,1037,25,None,Move,browsing
1571668073.9929998,1041,25,None,Move,browsing
1571668074.0029998,1047,25,None,Move,browsing
1571668074.0110002,1048,25,None,Move,browsing
1571668074.021,1052,25,None,Move,browsing
1571668074.03,1054,25,None,Move,browsing
1571668074.04,1056,25,None,Move,browsing
1571668074.045,1058,25,None,Move,browsing
1571668074.0579998,1059,25,None,Move,browsing
1571668074.065,1059,25,None,Move,browsing
1571668074.076,1060,25,None,Move,browsing
1571668074.086,1061,25,None,Move,browsing
1571668074.095,1061,25,None,Move,browsing
1571668074.1120002,1062,25,None,Move,browsing
1571668079.13,1062,25,None,Move,browsing
1571668079.14,1062,23,None,Move,browsing
1571668079.1620002,1062,22,None,Move,browsing
1571668079.1820002,1061,22,None,Move,browsing
1571668079.286,1060,20,None,Move,browsing
1571668079.3,1059,19,None,Move,browsing
1571668079.323,1054,17,None,Move,browsing
1571668079.343,1053,17,None,Move,browsing
1571668079.3639998,1051,17,None,Move,browsing
1571668081.5170002,1051,17,None,Move,browsing
1571668081.573,1051,18,None,Move,browsing
1571668082.4829998,1051,18,None,Move,browsing
1571668082.506,1050,19,None,Move,browsing
1571668082.52,1050,19,None,Move,browsing
1571668082.531,1049,19,None,Move,browsing
1571668082.544,1049,19,None,Move,browsing
1571668082.56,1047,19,None,Move,browsing
1571668082.583,1047,19,None,Move,browsing
1571668082.597,1046,19,None,Move,browsing
1571668082.609,1044,19,None,Move,browsing
1571668082.6220002,1042,19,None,Move,browsing
1571668082.6339998,1039,20,None,Move,browsing
1571668082.645,1036,21,None,Move,browsing
1571668082.657,1030,22,None,Move,browsing
1571668082.668,1027,22,None,Move,browsing
1571668082.68,1026,22,None,Move,browsing
1571668082.705,1025,22,None,Move,browsing
1571668083.4020002,1025,22,None,Move,browsing
1571668083.42,1024,22,None,Move,browsing
1571668083.435,1019,22,None,Move,browsing
1571668083.46,1017,22,None,Move,browsing
1571668083.482,1014,22,None,Move,browsing
1571668083.506,1006,22,None,Move,browsing
1571668083.5270002,1000,22,None,Move,browsing
1571668083.546,987,24,None,Move,browsing
1571668083.574,941,34,None,Move,browsing
1571668083.601,879,51,None,Move,browsing
1571668083.6220002,787,58,None,Move,browsing
1571668083.641,638,73,None,Move,browsing
1571668083.665,552,90,None,Move,browsing
1571668083.69,499,107,None,Move,browsing
1571668083.7129998,486,81,None,Move,browsing
1571668083.735,489,59,None,Move,browsing
1571668083.755,496,27,None,Move,browsing
1571668083.7729998,507,10,None,Move,browsing
1571668083.802,529,-19,None,Move,browsing
1571668083.829,552,-22,None,Move,browsing
1571668083.8679998,576,-16,None,Move,browsing
1571668083.8839998,588,-3,None,Move,browsing
1571668083.896,597,-3,None,Move,browsing
1571668083.905,599,0,None,Move,browsing
1571668083.915,604,-1,None,Move,browsing
1571668083.924,605,-1,None,Move,browsing
1571668083.975,606,0,None,Move,browsing
1571668083.986,607,0,None,Move,browsing
1571668083.994,608,0,None,Move,browsing
1571668084.0070002,609,2,None,Move,browsing
1571668084.015,611,5,None,Move,browsing
1571668084.0229998,612,5,None,Move,browsing
1571668084.029,614,7,None,Move,browsing
1571668084.038,617,9,None,Move,browsing
1571668084.0470002,620,10,None,Move,browsing
1571668084.0570002,624,14,None,Move,browsing
1571668084.065,626,15,None,Move,browsing
1571668084.075,630,17,None,Move,browsing
1571668084.082,643,22,None,Move,browsing
1571668084.094,645,23,None,Move,browsing
1571668084.1,646,23,None,Move,browsing
1571668084.11,647,23,None,Move,browsing
1571668084.1220002,649,23,None,Move,browsing
1571668084.129,651,23,None,Move,browsing
1571668084.137,653,23,None,Move,browsing
1571668084.2410002,655,23,Left,Pressed,browsing
1571668084.2410002,655,23,None,Drag,browsing
1571668084.3,655,23,None,Drag,browsing
1571668084.316,652,23,None,Drag,browsing
1571668084.316,652,23,Left,Released,browsing
1571668084.356,652,23,None,Move,browsing
1571668084.438,651,23,None,Move,browsing
1571668084.451,650,23,None,Move,browsing
1571668084.457,649,23,None,Move,browsing
1571668084.471,647,23,None,Move,browsing
1571668084.479,646,23,None,Move,browsing
1571668084.4889998,639,31,None,Move,browsing
1571668084.496,633,41,None,Move,browsing
1571668084.5070002,630,46,None,Move,browsing
1571668084.514,625,57,None,Move,browsing
1571668084.526,609,85,None,Move,browsing
1571668084.535,609,106,None,Move,browsing
1571668084.543,609,112,None,Move,browsing
1571668084.55,605,130,None,Move,browsing
1571668084.562,600,161,None,Move,browsing
1571668084.57,599,167,None,Move,browsing
1571668084.582,597,194,None,Move,browsing
1571668084.592,597,206,None,Move,browsing
1571668084.603,593,227,None,Move,browsing
1571668084.611,591,232,None,Move,browsing
1571668084.6239998,581,259,None,Move,browsing
1571668084.635,578,271,None,Move,browsing
1571668084.643,574,298,None,Move,browsing
1571668084.653,573,302,None,Move,browsing
1571668084.661,570,325,None,Move,browsing
1571668084.669,569,331,None,Move,browsing
1571668084.68,563,346,None,Move,browsing
1571668084.69,563,348,None,Move,browsing
1571668084.698,560,349,None,Move,browsing
1571668084.708,557,349,None,Move,browsing
1571668084.719,548,349,None,Move,browsing
1571668084.7270002,548,350,None,Move,browsing
1571668084.823,547,350,None,Move,browsing
1571668084.847,546,349,None,Move,browsing
1571668084.8739998,547,348,None,Move,browsing
1571668084.893,547,345,None,Move,browsing
1571668084.915,546,342,None,Move,browsing
1571668084.939,545,342,None,Move,browsing
1571668084.96,543,340,None,Move,browsing
1571668085.39,544,340,None,Move,browsing
1571668085.449,545,340,None,Move,browsing
1571668085.48,546,341,None,Move,browsing
1571668085.496,548,342,None,Move,browsing
1571668085.522,552,342,None,Move,browsing
1571668085.875,553,342,None,Move,browsing
1571668085.897,553,340,None,Move,browsing
1571668085.923,551,337,None,Move,browsing
1571668085.949,548,335,None,Move,browsing
1571668086.054,548,334,None,Move,browsing
1571668086.077,548,334,None,Move,browsing
1571668086.095,548,330,None,Move,browsing
1571668086.111,551,328,None,Move,browsing
1571668086.1260002,551,327,None,Move,browsing
1571668086.14,555,323,None,Move,browsing
1571668086.157,557,322,None,Move,browsing
1571668086.171,558,322,None,Move,browsing
1571668086.187,559,322,None,Move,browsing
1571668086.198,560,322,None,Move,browsing
1571668086.216,563,322,None,Move,browsing
1571668086.23,564,322,None,Move,browsing
1571668086.242,565,322,None,Move,browsing
1571668086.258,571,326,None,Move,browsing
1571668086.272,572,332,None,Move,browsing
1571668086.282,572,332,None,Move,browsing
1571668086.301,579,342,None,Move,browsing
1571668086.315,584,352,None,Move,browsing
1571668086.329,584,355,None,Move,browsing
1571668086.339,591,363,None,Move,browsing
1571668086.353,591,367,None,Move,browsing
1571668086.379,591,367,None,Move,browsing
1571668086.4,591,366,None,Move,browsing
1571668086.418,588,366,None,Move,browsing
1571668086.68,588,366,None,Move,browsing
1571668086.716,587,365,None,Move,browsing
1571668086.734,587,364,None,Move,browsing
1571668086.952,586,364,None,Move,browsing
1571668087.006,586,363,None,Move,browsing
1571668087.026,586,362,None,Move,browsing
1571668087.045,588,362,None,Move,browsing
1571668087.0879998,590,362,None,Move,browsing
1571668087.1020002,590,361,None,Move,browsing
1571668087.1239998,591,361,None,Move,browsing
1571668087.146,591,360,None,Move,browsing
1571668087.27,592,360,None,Move,browsing
1571668087.32,593,360,None,Move,browsing
1571668087.335,594,360,None,Move,browsing
1571668087.354,596,363,None,Move,browsing
1571668087.375,596,368,None,Move,browsing
1571668087.394,597,371,None,Move,browsing
1571668087.413,600,377,None,Move,browsing
1571668087.435,604,387,None,Move,browsing
1571668087.456,607,394,None,Move,browsing
1571668087.469,607,396,None,Move,browsing
1571668087.481,607,396,None,Move,browsing
1571668087.49,607,397,None,Move,browsing
1571668087.5,607,399,None,Move,browsing
1571668087.51,616,411,None,Move,browsing
1571668087.52,618,417,None,Move,browsing
1571668087.529,619,420,None,Move,browsing
1571668087.539,627,433,None,Move,browsing
1571668087.5470002,634,440,None,Move,browsing
1571668087.561,636,443,None,Move,browsing
1571668087.57,640,449,None,Move,browsing
1571668087.577,642,451,None,Move,browsing
1571668087.589,645,458,None,Move,browsing
1571668087.5979998,646,461,None,Move,browsing
1571668087.605,653,469,None,Move,browsing
1571668087.617,654,472,None,Move,browsing
1571668087.625,655,477,None,Move,browsing
1571668087.6360002,655,478,None,Move,browsing
1571668087.643,657,481,None,Move,browsing
1571668087.655,657,483,None,Move,browsing
1571668087.664,657,487,None,Move,browsing
1571668087.671,657,491,None,Move,browsing
1571668087.87,657,491,None,Move,browsing
1571668087.887,661,491,None,Move,browsing
1571668087.9020002,663,491,None,Move,browsing
1571668087.923,663,491,None,Move,browsing
1571668087.9429998,664,491,None,Move,browsing
1571668087.992,664,491,None,Move,browsing
1571668088.0089998,666,493,None,Move,browsing
1571668088.024,668,495,None,Move,browsing
1571668088.046,671,498,None,Move,browsing
1571668088.0670002,671,499,None,Move,browsing
1571668088.084,674,501,None,Move,browsing
1571668088.104,676,504,None,Move,browsing
1571668088.123,678,507,None,Move,browsing
1571668088.141,678,509,None,Move,browsing
1571668088.16,680,511,None,Move,browsing
1571668088.176,681,514,None,Move,browsing
1571668088.198,681,515,None,Move,browsing
1571668088.514,682,515,None,Move,browsing
1571668088.551,683,515,None,Move,browsing
1571668088.734,683,514,None,Move,browsing
1571668088.774,684,513,None,Move,browsing
1571668088.792,685,513,None,Move,browsing
1571668088.814,688,513,None,Move,browsing
1571668088.832,689,512,None,Move,browsing
1571668088.851,690,512,None,Move,browsing
1571668088.8660002,692,510,None,Move,browsing
1571668088.885,695,508,None,Move,browsing
1571668088.905,698,505,None,Move,browsing
1571668088.927,698,504,None,Move,browsing
1571668088.951,700,503,None,Move,browsing
1571668088.967,701,501,None,Move,browsing
1571668088.9889998,702,501,None,Move,browsing
1571668089.008,704,500,None,Move,browsing
1571668089.024,705,499,None,Move,browsing
1571668089.073,706,498,None,Move,browsing
1571668089.202,706,497,None,Move,browsing
1571668089.22,706,497,None,Move,browsing
1571668089.258,706,496,None,Move,browsing
1571668089.28,706,495,None,Move,browsing
1571668089.768,706,495,None,Move,browsing
1571668089.958,705,495,None,Move,browsing
1571668090.034,704,495,None,Move,browsing
1571668090.276,703,495,None,Move,browsing
1571668090.296,702,495,None,Move,browsing
1571668090.313,701,495,None,Move,browsing
1571668090.333,700,495,None,Move,browsing
1571668090.451,699,495,None,Move,browsing
1571668090.471,699,495,None,Move,browsing
1571668090.518,698,496,None,Move,browsing
1571668091.206,698,496,None,Move,browsing
1571668091.229,697,496,None,Move,browsing
1571668091.296,697,498,None,Move,browsing
1571668091.31,697,498,None,Move,browsing
1571668091.383,695,498,None,Move,browsing
1571668091.419,695,498,None,Move,browsing
1571668091.472,694,498,None,Move,browsing
1571668091.582,693,498,None,Move,browsing
1571668091.718,692,498,None,Move,browsing
1571668091.744,691,498,None,Move,browsing
1571668091.7970002,691,498,None,Move,browsing
1571668092.179,690,499,None,Move,browsing
1571668092.235,689,499,None,Move,browsing
1571668092.281,689,499,None,Move,browsing
1571668099.908,689,499,None,Move,browsing
1571668099.921,691,510,None,Move,browsing
1571668100.006,691,511,None,Move,browsing
1571668100.826,691,511,None,Move,browsing
1571668101.419,691,512,None,Move,browsing
1571668101.522,692,512,None,Move,browsing
1571668102.524,693,512,None,Move,browsing
1571668102.576,693,512,None,Move,browsing
1571668102.59,690,512,None,Move,browsing
1571668102.609,687,510,None,Move,browsing
1571668102.629,684,510,None,Move,browsing
1571668102.6479998,682,509,None,Move,browsing
1571668102.668,680,508,None,Move,browsing
1571668102.6829998,678,508,None,Move,browsing
1571668102.6920002,677,507,None,Move,browsing
1571668102.709,676,507,None,Move,browsing
1571668102.729,676,507,None,Move,browsing
1571668102.758,674,506,None,Move,browsing
1571668102.7729998,673,506,None,Move,browsing
1571668102.798,672,506,None,Move,browsing
1571668102.834,672,506,None,Move,browsing
1571668102.8639998,671,506,None,Move,browsing
1571668102.91,669,506,None,Move,browsing
1571668102.936,669,506,None,Move,browsing
1571668102.971,668,506,None,Move,browsing
1571668103.033,667,506,None,Move,browsing
1571668103.0570002,666,506,None,Move,browsing
1571668103.074,666,506,None,Move,browsing
1571668103.1160002,665,506,None,Move,browsing
1571668103.1339998,664,506,None,Move,browsing
1571668103.16,664,506,None,Move,browsing
1571668103.8279998,663,506,None,Move,browsing
1571668103.847,662,506,None,Move,browsing
1571668103.863,661,506,None,Move,browsing
1571668103.883,655,504,None,Move,browsing
1571668103.901,652,504,None,Move,browsing
1571668103.919,649,503,None,Move,browsing
1571668103.939,648,503,None,Move,browsing
1571668103.96,647,503,None,Move,browsing
1571668103.981,641,501,None,Move,browsing
1571668103.998,640,501,None,Move,browsing
1571668104.016,639,501,None,Move,browsing
1571668104.038,637,501,None,Move,browsing
1571668104.063,635,501,None,Move,browsing
1571668104.086,634,501,None,Move,browsing
1571668104.1620002,633,501,None,Move,browsing
1571668106.016,633,501,None,Move,browsing
1571668106.51,633,501,None,Move,browsing
1571668106.5470002,633,502,None,Move,browsing
1571668107.11,633,502,None,Move,browsing
1571668107.127,632,502,None,Move,browsing
1571668107.1720002,631,502,None,Move,browsing
1571668107.272,630,501,None,Move,browsing
1571668107.845,630,501,None,Move,browsing
1571668107.965,629,501,None,Move,browsing
1571668107.994,627,500,None,Move,browsing
1571668108.0089998,623,499,None,Move,browsing
1571668108.0270002,617,499,None,Move,browsing
1571668108.044,611,497,None,Move,browsing
1571668108.826,610,497,None,Move,browsing
1571668108.839,610,496,None,Move,browsing
1571668108.859,614,494,None,Move,browsing
1571668109.34,615,494,None,Move,browsing
1571668109.5089998,615,494,None,Move,browsing
1571668109.531,614,494,None,Move,browsing
1571668113.954,616,492,None,Move,browsing
1571668113.966,631,482,None,Move,browsing
1571668113.974,636,480,None,Move,browsing
1571668113.9870002,682,462,None,Move,browsing
1571668113.9989998,716,432,None,Move,browsing
1571668114.0110002,727,422,None,Move,browsing
1571668114.022,715,401,None,Move,browsing
1571668114.032,712,392,None,Move,browsing
1571668114.044,709,383,None,Move,browsing
1571668114.054,704,378,None,Move,browsing
1571668114.06,699,373,None,Move,browsing
1571668114.075,698,372,None,Move,browsing
1571668114.092,695,372,None,Move,browsing
1571668114.104,686,370,None,Move,browsing
1571668114.115,645,373,None,Move,browsing
1571668114.1239998,630,386,None,Move,browsing
1571668114.133,623,394,None,Move,browsing
1571668114.144,596,427,None,Move,browsing
1571668114.156,563,459,None,Move,browsing
1571668114.165,554,473,None,Move,browsing
1571668114.174,553,474,None,Move,browsing
1571668114.187,549,485,None,Move,browsing
1571668114.1929998,548,489,None,Move,browsing
1571668114.205,545,494,None,Move,browsing
1571668114.218,540,499,None,Move,browsing
1571668114.225,535,499,None,Move,browsing
1571668114.2389998,532,499,None,Move,browsing
1571668114.2489998,530,499,None,Move,browsing
1571668114.302,531,499,None,Move,browsing
1571668114.322,535,499,None,Move,browsing
1571668114.345,543,497,None,Move,browsing
1571668114.3639998,544,497,None,Move,browsing
1571668114.3879998,544,497,None,Move,browsing
1571668114.4020002,545,497,None,Move,browsing
1571668114.421,547,501,None,Move,browsing
1571668114.439,552,507,None,Move,browsing
1571668114.461,554,508,None,Move,browsing
1571668114.481,557,511,None,Move,browsing
1571668114.4989998,558,511,None,Move,browsing
1571668114.516,560,512,None,Move,browsing
1571668114.533,563,514,None,Move,browsing
1571668114.554,565,516,None,Move,browsing
1571668114.577,572,522,None,Move,browsing
1571668114.592,578,524,None,Move,browsing
1571668114.615,581,524,None,Move,browsing
1571668114.633,591,524,None,Move,browsing
1571668114.6520002,608,508,None,Move,browsing
1571668114.67,608,465,None,Move,browsing
1571668114.689,608,454,None,Move,browsing
1571668115.0470002,608,453,None,Move,browsing
1571668115.0679998,607,451,None,Move,browsing
1571668115.086,602,448,None,Move,browsing
1571668115.105,600,447,None,Move,browsing
1571668115.146,599,445,None,Move,browsing
1571668115.186,599,444,None,Move,browsing
1571668115.336,598,443,None,Move,browsing
1571668115.354,598,443,None,Move,browsing
1571668115.968,596,443,None,Move,browsing
1571668115.9910002,596,443,None,Move,browsing
1571668116.0089998,596,443,None,Move,browsing
1571668116.399,597,444,None,Move,browsing
1571668116.421,599,446,None,Move,browsing
1571668116.439,601,451,None,Move,browsing
1571668116.458,605,455,None,Move,browsing
1571668116.4729998,607,457,None,Move,browsing
1571668116.495,609,459,None,Move,browsing
1571668116.5129998,609,459,None,Move,browsing
1571668116.824,610,460,None,Move,browsing
1571668116.8860002,610,460,None,Move,browsing
1571668116.904,610,461,None,Move,browsing
1571668116.926,610,462,None,Move,browsing
1571668116.986,610,463,None,Move,browsing
1571668117.0229998,610,463,None,Move,browsing
1571668117.104,610,464,None,Move,browsing
1571668117.1279998,610,465,None,Move,browsing
1571668117.592,610,466,None,Move,browsing
1571668147.077,610,466,None,Move,browsing
1571668147.096,613,471,None,Move,browsing
1571668148.992,614,471,None,Move,browsing
1571668149.0129998,615,471,None,Move,browsing
1571668149.029,618,472,None,Move,browsing
1571668149.05,622,473,None,Move,browsing
1571668149.066,629,478,None,Move,browsing
1571668149.083,640,486,None,Move,browsing
1571668149.107,656,503,None,Move,browsing
1571668149.1279998,662,519,None,Move,browsing
1571668149.151,666,527,None,Move,browsing
1571668149.171,671,549,None,Move,browsing
1571668149.18,671,560,None,Move,browsing
1571668149.195,671,564,None,Move,browsing
1571668149.208,672,578,None,Move,browsing
1571668149.219,672,579,None,Move,browsing
1571668149.229,670,585,None,Move,browsing
1571668149.24,661,588,None,Move,browsing
1571668149.252,656,587,None,Move,browsing
1571668149.268,655,587,None,Move,browsing
1571668149.283,655,587,None,Move,browsing
1571668149.303,654,587,None,Move,browsing
1571668149.345,653,587,None,Move,browsing
1571668149.3620002,651,587,None,Move,browsing
1571668149.377,649,587,None,Move,browsing
1571668149.3979998,644,587,None,Move,browsing
1571668149.413,633,574,None,Move,browsing
1571668149.434,627,568,None,Move,browsing
1571668149.452,627,568,None,Move,browsing
1571668149.6179998,627,568,None,Move,browsing
1571668149.637,625,568,None,Move,browsing
1571668149.657,624,567,None,Move,browsing
1571668149.707,624,566,None,Move,browsing
1571668149.7229998,625,565,None,Move,browsing
1571668149.744,625,563,None,Move,browsing
1571668149.7670002,626,563,None,Move,browsing
1571668149.783,627,563,None,Move,browsing
1571668149.802,628,563,None,Move,browsing
1571668149.82,629,562,None,Move,browsing
1571668149.837,634,560,None,Move,browsing
1571668149.855,635,559,None,Move,browsing
1571668149.881,641,556,None,Move,browsing
1571668149.896,642,555,None,Move,browsing
1571668149.9120002,645,554,None,Move,browsing
1571668149.923,647,554,None,Move,browsing
1571668149.934,649,553,None,Move,browsing
1571668149.948,652,551,None,Move,browsing
1571668149.957,655,550,None,Move,browsing
1571668149.9729998,656,549,None,Move,browsing
1571668149.981,658,549,None,Move,browsing
1571668149.998,662,549,None,Move,browsing
1571668150.0070002,663,549,None,Move,browsing
1571668150.021,667,546,None,Move,browsing
1571668150.031,668,545,None,Move,browsing
1571668150.046,670,544,None,Move,browsing
1571668150.059,676,543,None,Move,browsing
1571668150.069,678,542,None,Move,browsing
1571668150.08,682,540,None,Move,browsing
1571668150.093,684,538,None,Move,browsing
1571668150.107,687,538,None,Move,browsing
1571668150.1160002,689,538,None,Move,browsing
1571668150.13,690,537,None,Move,browsing
1571668150.14,692,535,None,Move,browsing
1571668150.155,694,535,None,Move,browsing
1571668150.165,696,531,None,Move,browsing
1571668150.176,698,530,None,Move,browsing
1571668150.1920002,701,529,None,Move,browsing
1571668150.201,703,525,None,Move,browsing
1571668150.212,705,524,None,Move,browsing
1571668150.226,707,521,None,Move,browsing
1571668150.2389998,707,521,None,Move,browsing
1571668150.252,708,520,None,Move,browsing
1571668150.264,708,519,None,Move,browsing
1571668150.275,710,518,None,Move,browsing
1571668150.288,711,517,None,Move,browsing
1571668150.296,711,517,None,Move,browsing
1571668150.31,712,516,None,Move,browsing
1571668150.321,712,514,None,Move,browsing
1571668150.336,712,514,None,Move,browsing
1571668150.345,713,513,None,Move,browsing
1571668150.359,714,513,None,Move,browsing
1571668150.3679998,715,512,None,Move,browsing
1571668150.383,715,512,None,Move,browsing
1571668150.395,716,512,None,Move,browsing
1571668150.43,717,512,None,Move,browsing
1571668150.452,718,512,None,Move,browsing
1571668150.5229998,718,512,None,Move,browsing
1571668150.541,721,511,None,Move,browsing
1571668150.559,723,510,None,Move,browsing
1571668150.589,724,510,None,Move,browsing
1571668150.605,725,509,None,Move,browsing
1571668150.625,727,508,None,Move,browsing
1571668150.6420002,728,507,None,Move,browsing
1571668150.66,731,506,None,Move,browsing
1571668150.68,735,503,None,Move,browsing
1571668150.695,738,501,None,Move,browsing
1571668150.716,740,499,None,Move,browsing
1571668150.735,747,498,None,Move,browsing
1571668150.754,749,495,None,Move,browsing
1571668150.772,755,492,None,Move,browsing
1571668150.792,757,485,None,Move,browsing
1571668150.811,758,481,None,Move,browsing
1571668150.83,758,470,None,Move,browsing
1571668150.8479998,759,468,None,Move,browsing
1571668150.87,760,464,None,Move,browsing
1571668150.8879998,760,463,None,Move,browsing
1571668150.907,761,462,None,Move,browsing
1571668150.925,762,460,None,Move,browsing
1571668150.94,762,457,None,Move,browsing
1571668150.961,763,456,None,Move,browsing
1571668150.9889998,763,455,None,Move,browsing
1571668151.055,763,455,None,Move,browsing
1571668151.073,763,454,None,Move,browsing
1571668151.089,763,452,None,Move,browsing
1571668151.103,763,451,None,Move,browsing
1571668151.1220002,763,449,None,Move,browsing
1571668151.139,763,447,None,Move,browsing
1571668151.165,763,445,None,Move,browsing
1571668151.185,762,443,None,Move,browsing
1571668151.206,761,440,None,Move,browsing
1571668151.226,761,437,None,Move,browsing
1571668151.245,761,430,None,Move,browsing
1571668151.264,760,427,None,Move,browsing
1571668151.28,760,421,None,Move,browsing
1571668151.303,760,412,None,Move,browsing
1571668151.321,760,406,None,Move,browsing
1571668151.336,760,399,None,Move,browsing
1571668151.3579998,760,396,None,Move,browsing
1571668151.4329998,760,395,None,Move,browsing
1571668153.7529998,760,394,None,Move,browsing
1571668154.635,760,394,None,Move,browsing
1571668154.661,760,396,None,Move,browsing
1571668154.681,760,397,None,Move,browsing
1571668154.701,760,399,None,Move,browsing
1571668154.72,760,401,None,Move,browsing
1571668154.738,760,402,None,Move,browsing
1571668154.756,760,402,None,Move,browsing
1571668154.7770002,760,403,None,Move,browsing
1571668154.796,760,404,None,Move,browsing
1571668154.823,760,405,None,Move,browsing
1571668154.843,760,406,None,Move,browsing
1571668154.859,760,406,None,Move,browsing
1571668154.899,760,408,None,Move,browsing
1571668154.919,760,408,None,Move,browsing
1571668154.938,760,409,None,Move,browsing
1571668154.956,760,410,None,Move,browsing
1571668155.005,760,410,None,Move,browsing
1571668155.024,759,411,None,Move,browsing
1571668155.1179998,759,412,None,Move,browsing
1571668155.281,759,413,None,Move,browsing
1571668155.877,759,413,None,Move,browsing
1571668156.0229998,759,413,None,Move,browsing
1571668156.073,757,414,None,Move,browsing
1571668156.117,756,415,None,Move,browsing
1571668156.262,755,417,None,Move,browsing
1571668156.371,755,417,None,Move,browsing
1571668156.397,754,417,None,Move,browsing
1571668156.419,754,417,None,Move,browsing
1571668156.445,753,418,None,Move,browsing
1571668156.464,753,419,None,Move,browsing
1571668156.479,752,419,None,Move,browsing
1571668156.4970002,751,420,None,Move,browsing
1571668156.515,751,420,None,Move,browsing
1571668156.535,750,421,None,Move,browsing
1571668158.631,750,421,None,Move,browsing
1571668158.6520002,748,424,None,Move,browsing
1571668158.663,746,425,None,Move,browsing
1571668158.679,745,425,None,Move,browsing
1571668158.6929998,743,427,None,Move,browsing
1571668158.706,743,428,None,Move,browsing
1571668158.717,742,429,None,Move,browsing
1571668158.731,741,430,None,Move,browsing
1571668158.742,739,432,None,Move,browsing
1571668158.7489998,736,433,None,Move,browsing
1571668158.7629998,735,434,None,Move,browsing
1571668158.776,731,437,None,Move,browsing
1571668158.783,731,438,None,Move,browsing
1571668158.7970002,728,442,None,Move,browsing
1571668158.809,725,444,None,Move,browsing
1571668158.8179998,725,450,None,Move,browsing
1571668158.831,720,453,None,Move,browsing
1571668158.842,710,457,None,Move,browsing
1571668158.8520002,704,461,None,Move,browsing
1571668158.861,693,471,None,Move,browsing
1571668158.8760002,692,473,None,Move,browsing
1571668158.887,672,487,None,Move,browsing
1571668158.903,662,499,None,Move,browsing
1571668158.915,660,501,None,Move,browsing
1571668158.926,653,512,None,Move,browsing
1571668158.937,643,532,None,Move,browsing
1571668158.949,639,539,None,Move,browsing
1571668158.96,623,559,None,Move,browsing
1571668158.971,614,573,None,Move,browsing
1571668158.984,603,595,None,Move,browsing
1571668158.994,601,601,None,Move,browsing
1571668159.004,605,630,None,Move,browsing
1571668159.0270002,589,658,None,Move,browsing
1571668159.039,573,679,None,Move,browsing
1571668159.048,566,687,None,Move,browsing
1571668159.06,558,695,None,Move,browsing
1571668159.073,550,703,None,Move,browsing
1571668159.081,548,705,None,Move,browsing
1571668159.2670002,544,705,None,Move,browsing
1571668159.282,532,699,None,Move,browsing
1571668159.3,531,698,None,Move,browsing
1571668159.3179998,531,698,None,Move,browsing
1571668159.339,527,698,None,Move,browsing
1571668159.356,523,698,None,Move,browsing
1571668159.371,515,699,None,Move,browsing
1571668159.3839998,507,703,None,Move,browsing
1571668159.393,496,705,None,Move,browsing
1571668159.407,485,711,None,Move,browsing
1571668159.418,470,717,None,Move,browsing
1571668159.428,461,720,None,Move,browsing
1571668159.4420002,458,721,None,Move,browsing
1571668159.4529998,439,728,None,Move,browsing
1571668159.4629998,430,729,None,Move,browsing
1571668159.4770002,421,730,None,Move,browsing
1571668159.484,414,730,None,Move,browsing
1571668159.4970002,411,730,None,Move,browsing
1571668159.508,407,730,None,Move,browsing
1571668159.5170002,406,731,None,Move,browsing
1571668159.5270002,404,732,None,Move,browsing
1571668159.54,398,736,None,Move,browsing
1571668159.552,397,737,None,Move,browsing
1571668159.562,396,738,None,Move,browsing
1571668159.571,393,738,None,Move,browsing
1571668159.581,391,738,None,Move,browsing
1571668159.596,386,738,None,Move,browsing
1571668159.606,380,738,None,Move,browsing
1571668159.619,369,738,None,Move,browsing
1571668159.631,366,738,None,Move,browsing
1571668159.644,365,738,None,Move,browsing
1571668159.651,355,739,None,Move,browsing
1571668159.663,353,740,None,Move,browsing
1571668159.676,349,740,None,Move,browsing
1571668159.688,346,740,None,Move,browsing
1571668159.696,344,740,None,Move,browsing
1571668159.731,343,740,None,Move,browsing
1571668159.7610002,342,740,None,Move,browsing
1571668159.776,341,740,None,Move,browsing
1571668159.796,338,740,None,Move,browsing
1571668159.813,332,740,None,Move,browsing
1571668159.83,332,740,None,Move,browsing
1571668159.847,331,741,None,Move,browsing
1571668159.8639998,330,742,None,Move,browsing
1571668159.88,327,743,None,Move,browsing
1571668159.9,325,744,None,Move,browsing
1571668159.915,323,746,None,Move,browsing
1571668159.941,322,746,None,Move,browsing
1571668159.959,321,746,None,Move,browsing
1571668159.9770002,320,746,None,Move,browsing
1571668159.99,320,746,None,Move,browsing
1571668160.01,320,746,Left,Pressed,browsing
1571668160.07,320,746,Left,Released,browsing
1571668160.089,319,746,None,Move,file system
1571668160.143,319,747,None,Move,file system
1571668160.154,319,747,None,Move,file system
1571668160.164,321,747,None,Move,file system
1571668160.1720002,329,746,None,Move,file system
1571668160.181,338,741,None,Move,file system
1571668160.189,346,739,None,Move,file system
1571668160.199,355,734,None,Move,file system
1571668160.209,355,733,None,Move,file system
1571668160.217,362,728,None,Move,file system
1571668160.228,367,720,None,Move,file system
1571668160.238,367,719,None,Move,file system
1571668160.246,369,718,None,Move,file system
1571668160.256,375,716,None,Move,file system
1571668160.264,377,714,None,Move,file system
1571668160.271,378,713,None,Move,file system
1571668160.279,380,711,None,Move,file system
1571668160.29,382,711,None,Move,file system
1571668160.3,382,709,None,Move,file system
1571668160.311,383,709,None,Move,file system
1571668160.324,385,709,None,Move,file system
1571668160.3379998,385,709,None,Move,file system
1571668160.351,386,709,None,Move,file system
1571668160.363,387,709,None,Move,file system
1571668160.38,392,707,None,Move,file system
1571668160.3979998,396,704,None,Move,file system
1571668160.415,399,700,None,Move,file system
1571668160.4320002,401,695,None,Move,file system
1571668160.45,401,690,None,Move,file system
1571668160.4729998,402,688,None,Move,file system
1571668160.506,403,688,Left,Pressed,file system
1571668160.506,403,688,None,Drag,file system
1571668160.506,403,688,Left,Released,file system
1571668160.576,403,688,None,Move,browsing
1571668160.6120002,399,691,None,Move,browsing
1571668160.625,399,691,None,Move,browsing
1571668160.6360002,398,692,None,Move,browsing
1571668160.6479998,396,692,None,Move,browsing
1571668160.655,390,692,None,Move,browsing
1571668160.665,382,692,None,Move,browsing
1571668160.676,374,692,None,Move,browsing
1571668160.685,360,692,None,Move,browsing
1571668160.7029998,337,675,None,Move,browsing
1571668160.711,337,667,None,Move,browsing
1571668161.021,337,666,None,Move,browsing
1571668161.043,342,656,None,Move,browsing
1571668161.073,369,610,None,Move,browsing
1571668161.097,407,555,None,Move,browsing
1571668161.1160002,424,524,None,Move,browsing
1571668161.146,451,483,None,Move,browsing
1571668161.171,477,451,None,Move,browsing
1571668161.186,483,445,None,Move,browsing
1571668161.2,484,440,None,Move,browsing
1571668161.214,485,435,None,Move,browsing
1571668161.2270002,485,433,None,Move,browsing
1571668161.24,486,431,None,Move,browsing
1571668161.2510002,488,429,None,Move,browsing
1571668161.2670002,489,428,None,Move,browsing
1571668161.281,493,426,None,Move,browsing
1571668161.294,507,416,None,Move,browsing
1571668161.305,523,407,None,Move,browsing
1571668161.3170002,545,397,None,Move,browsing
1571668161.333,598,388,None,Move,browsing
1571668161.343,663,369,None,Move,browsing
1571668161.36,733,348,None,Move,browsing
1571668161.371,806,317,None,Move,browsing
1571668161.385,856,292,None,Move,browsing
1571668161.4020002,896,273,None,Move,browsing
1571668161.415,938,258,None,Move,browsing
1571668161.429,962,252,None,Move,browsing
1571668161.4420002,982,244,None,Move,browsing
1571668161.452,1003,243,None,Move,browsing
1571668161.469,1016,243,None,Move,browsing
1571668161.482,1026,240,None,Move,browsing
1571668161.496,1038,237,None,Move,browsing
1571668161.5070002,1043,236,None,Move,browsing
1571668161.521,1050,236,None,Move,browsing
1571668161.535,1055,235,None,Move,browsing
1571668161.5470002,1057,234,None,Move,browsing
1571668161.611,1058,234,None,Move,browsing
1571668161.621,1058,234,None,Move,browsing
1571668161.63,1058,236,None,Move,browsing
1571668161.64,1058,243,None,Move,browsing
1571668161.65,1049,267,None,Move,browsing
1571668161.663,1044,278,None,Move,browsing
1571668161.673,1042,283,None,Move,browsing
1571668161.685,1038,294,None,Move,browsing
1571668161.701,1033,305,None,Move,browsing
1571668162.197,1033,305,None,Move,browsing
1571668162.214,1033,303,None,Move,browsing
1571668162.2370002,1022,292,None,Move,browsing
1571668162.255,1017,285,None,Move,browsing
1571668162.2729998,1000,270,None,Move,browsing
1571668162.282,999,268,None,Move,browsing
1571668162.295,998,267,None,Move,browsing
1571668162.3820002,997,266,None,Move,browsing
1571668162.403,995,260,None,Move,browsing
1571668162.42,973,234,None,Move,browsing
1571668162.4429998,948,220,None,Move,browsing
1571668162.4629998,937,219,None,Move,browsing
1571668162.4829998,928,218,None,Move,browsing
1571668162.4989998,925,218,None,Move,browsing
1571668162.569,925,218,None,Move,browsing
1571668162.587,925,218,None,Move,browsing
1571668162.615,925,218,None,Move,browsing
1571668162.633,920,212,None,Move,browsing
1571668162.65,914,203,None,Move,browsing
1571668162.668,906,195,None,Move,browsing
1571668162.684,905,193,None,Move,browsing
1571668162.699,902,193,None,Move,browsing
1571668162.718,882,193,None,Move,browsing
1571668162.7270002,879,193,None,Move,browsing
1571668162.7429998,865,196,None,Move,browsing
1571668162.756,854,199,None,Move,browsing
1571668162.766,827,205,None,Move,browsing
1571668162.782,782,223,None,Move,browsing
1571668162.795,753,231,None,Move,browsing
1571668162.8070002,686,236,None,Move,browsing
1571668162.821,629,237,None,Move,browsing
1571668162.837,577,237,None,Move,browsing
1571668162.85,555,237,None,Move,browsing
1571668162.8620002,517,237,None,Move,browsing
1571668162.877,489,238,None,Move,browsing
1571668162.89,484,240,None,Move,browsing
1571668162.903,477,241,None,Move,browsing
1571668162.9120002,473,242,None,Move,browsing
1571668162.9329998,463,248,None,Move,browsing
1571668162.947,439,264,None,Move,browsing
1571668162.961,413,284,None,Move,browsing
1571668162.9729998,401,295,None,Move,browsing
1571668162.9929998,379,324,None,Move,browsing
1571668163.006,366,331,None,Move,browsing
1571668163.015,342,339,None,Move,browsing
1571668163.028,310,352,None,Move,browsing
1571668163.046,275,360,None,Move,browsing
1571668163.0579998,256,363,None,Move,browsing
1571668163.069,240,371,None,Move,browsing
1571668163.087,232,382,None,Move,browsing
1571668163.096,226,388,None,Move,browsing
1571668163.113,226,398,None,Move,browsing
1571668163.1260002,226,413,None,Move,browsing
1571668163.139,228,422,None,Move,browsing
1571668163.153,231,429,None,Move,browsing
1571668163.166,242,443,None,Move,browsing
1571668163.179,250,445,None,Move,browsing
1571668163.3779998,250,445,None,Move,browsing
1571668163.411,251,445,None,Move,browsing
1571668163.4320002,251,445,None,Move,browsing
1571668163.45,253,445,None,Move,browsing
1571668163.468,255,442,None,Move,browsing
1571668163.486,262,434,None,Move,browsing
1571668163.5089998,281,427,None,Move,browsing
1571668163.529,295,423,None,Move,browsing
1571668163.549,306,420,None,Move,browsing
1571668163.566,339,413,None,Move,browsing
1571668163.589,387,411,None,Move,browsing
1571668163.609,426,410,None,Move,browsing
1571668163.627,454,407,None,Move,browsing
1571668163.654,522,407,None,Move,browsing
1571668163.681,561,406,None,Move,browsing
1571668163.699,565,405,None,Move,browsing
1571668163.715,565,405,None,Move,browsing
1571668163.728,565,405,None,Move,browsing
1571668163.7429998,560,406,None,Move,browsing
1571668163.756,544,415,None,Move,browsing
1571668163.769,519,437,None,Move,browsing
1571668163.782,505,446,None,Move,browsing
1571668163.794,477,468,None,Move,browsing
1571668163.8079998,448,491,None,Move,browsing
1571668163.82,434,506,None,Move,browsing
1571668163.831,409,534,None,Move,browsing
1571668163.847,388,569,None,Move,browsing
1571668163.86,386,588,None,Move,browsing
1571668163.875,377,606,None,Move,browsing
1571668163.8860002,372,629,None,Move,browsing
1571668163.897,370,639,None,Move,browsing
1571668163.914,362,657,None,Move,browsing
1571668163.926,356,663,None,Move,browsing
1571668163.94,344,674,None,Move,browsing
1571668163.951,336,683,None,Move,browsing
1571668163.969,335,683,None,Move,browsing
1571668163.984,335,683,None,Move,browsing
1571668164.0,336,682,None,Move,browsing
1571668164.0129998,336,679,None,Move,browsing
1571668164.169,336,678,None,Move,browsing
1571668164.184,337,674,None,Move,browsing
1571668164.208,334,663,None,Move,browsing
1571668164.234,327,658,None,Move,browsing
1571668164.2510002,301,646,None,Move,browsing
1571668164.291,264,625,None,Move,browsing
1571668164.311,250,617,None,Move,browsing
1571668164.333,202,584,None,Move,browsing
1571668164.354,180,568,None,Move,browsing
1571668164.3720002,124,522,None,Move,browsing
1571668164.391,100,507,None,Move,browsing
1571668164.407,75,503,None,Move,browsing
1571668164.428,60,503,None,Move,browsing
1571668164.45,43,523,None,Move,browsing
1571668164.472,37,536,None,Move,browsing
1571668164.4910002,33,568,None,Move,browsing
1571668164.508,31,600,None,Move,browsing
1571668164.526,31,626,None,Move,browsing
1571668164.543,26,652,None,Move,browsing
1571668164.563,18,656,None,Move,browsing
1571668164.581,15,659,None,Move,browsing
1571668164.6,10,663,None,Move,browsing
1571668164.6179998,8,663,None,Move,browsing
1571668164.6360002,7,663,None,Move,browsing
1571668164.7129998,8,663,None,Move,browsing
1571668164.728,12,664,None,Move,browsing
1571668164.75,23,666,None,Move,browsing
1571668164.768,30,672,None,Move,browsing
1571668164.785,45,680,None,Move,browsing
1571668164.8070002,53,685,None,Move,browsing
1571668164.824,64,692,None,Move,browsing
1571668164.843,80,705,None,Move,browsing
1571668164.86,84,708,None,Move,browsing
1571668164.8779998,92,717,None,Move,browsing
1571668164.901,94,720,None,Move,browsing
1571668164.921,96,723,None,Move,browsing
1571668164.948,96,723,None,Move,browsing
1571668165.15,96,723,None,Move,browsing
1571668165.1720002,96,722,None,Move,browsing
1571668165.191,95,720,None,Move,browsing
1571668165.2129998,95,719,None,Move,browsing
1571668165.234,93,717,None,Move,browsing
1571668165.2529998,92,716,None,Move,browsing
1571668165.272,90,714,None,Move,browsing
1571668165.361,89,714,None,Move,browsing
1571668165.389,89,714,None,Move,browsing
1571668165.408,90,713,None,Move,browsing
1571668165.4220002,107,712,None,Move,browsing
1571668165.446,128,714,None,Move,browsing
1571668165.462,144,714,None,Move,browsing
1571668165.484,154,716,None,Move,browsing
1571668165.5029998,168,717,None,Move,browsing
1571668165.677,168,717,None,Move,browsing
1571668165.696,167,718,None,Move,browsing
1571668165.7329998,167,718,None,Move,browsing
1571668165.752,166,718,None,Move,browsing
1571668165.769,165,718,None,Move,browsing
1571668165.788,164,718,None,Move,browsing
1571668165.804,163,718,None,Move,browsing
1571668165.827,162,718,None,Move,browsing
1571668165.847,162,718,None,Move,browsing
1571668165.867,161,718,None,Move,browsing
1571668165.899,159,718,None,Move,browsing
1571668165.918,157,718,None,Move,browsing
1571668165.934,155,717,None,Move,browsing
1571668165.956,152,716,None,Move,browsing
1571668165.975,151,715,None,Move,browsing
1571668166.032,150,715,None,Move,browsing
1571668166.645,150,715,None,Move,browsing
1571668167.0229998,150,714,None,Move,browsing
1571668167.157,150,713,None,Move,browsing
1571668167.275,150,713,None,Move,browsing
1571668167.351,150,713,Left,Pressed,browsing
1571668167.465,150,713,Left,Released,browsing
1571668167.583,150,712,None,Move,browsing
1571668167.594,150,711,None,Move,browsing
1571668167.6020002,150,710,None,Move,browsing
1571668167.613,151,708,None,Move,browsing
1571668167.623,152,706,None,Move,browsing
1571668167.6320002,154,704,None,Move,browsing
1571668167.644,157,702,None,Move,browsing
1571668167.654,162,698,None,Move,browsing
1571668167.663,166,696,None,Move,browsing
1571668167.671,172,692,None,Move,browsing
1571668167.6820002,178,687,None,Move,browsing
1571668167.6920002,181,686,None,Move,browsing
1571668167.7029998,194,676,None,Move,browsing
1571668167.712,212,662,None,Move,browsing
1571668167.721,215,655,None,Move,browsing
1571668167.729,217,652,None,Move,browsing
1571668167.738,233,637,None,Move,browsing
1571668167.75,254,624,None,Move,browsing
1571668167.76,260,620,None,Move,browsing
1571668167.768,264,617,None,Move,browsing
1571668167.7770002,275,610,None,Move,browsing
1571668167.784,282,604,None,Move,browsing
1571668167.792,291,597,None,Move,browsing
1571668167.803,304,589,None,Move,browsing
1571668167.81,308,584,None,Move,browsing
1571668167.821,325,571,None,Move,browsing
1571668167.83,342,553,None,Move,browsing
1571668167.835,359,531,None,Move,browsing
1571668167.845,384,495,None,Move,browsing
1571668167.855,409,454,None,Move,browsing
1571668167.8720002,439,408,None,Move,browsing
1571668167.885,453,392,None,Move,browsing
1571668167.903,468,382,None,Move,browsing
1571668167.919,485,375,None,Move,browsing
1571668167.935,488,371,None,Move,browsing
1571668167.9529998,498,361,None,Move,browsing
1571668167.97,501,356,None,Move,browsing
1571668167.9889998,515,337,None,Move,browsing
1571668168.004,516,325,None,Move,browsing
1571668168.188,516,325,None,Move,browsing
1571668168.216,516,325,None,Move,browsing
1571668168.2410002,517,325,None,Move,browsing
1571668168.2610002,504,304,None,Move,browsing
1571668168.2770002,486,288,None,Move,browsing
1571668168.2870002,476,278,None,Move,browsing
1571668168.295,471,273,None,Move,browsing
1571668168.3070002,452,258,None,Move,browsing
1571668168.311,432,246,None,Move,browsing
1571668168.324,418,240,None,Move,browsing
1571668168.331,412,238,None,Move,browsing
1571668168.339,391,234,None,Move,browsing
1571668168.345,381,232,None,Move,browsing
1571668168.357,369,231,None,Move,browsing
1571668168.365,358,231,None,Move,browsing
1571668168.373,354,231,None,Move,browsing
1571668168.381,340,231,None,Move,browsing
1571668168.391,334,231,None,Move,browsing
1571668168.399,330,231,None,Move,browsing
1571668168.408,326,231,None,Move,browsing
1571668168.416,324,231,None,Move,browsing
1571668168.424,320,231,None,Move,browsing
1571668168.434,316,231,None,Move,browsing
1571668168.441,314,231,None,Move,browsing
1571668168.45,312,231,None,Move,browsing
1571668168.46,304,229,None,Move,browsing
1571668168.471,304,229,None,Move,browsing
1571668168.4770002,302,229,None,Move,browsing
1571668168.488,300,229,None,Move,browsing
1571668168.498,299,229,None,Move,browsing
1571668168.505,296,229,None,Move,browsing
1571668168.515,296,229,None,Move,browsing
1571668168.524,294,229,None,Move,browsing
1571668168.534,293,231,None,Move,browsing
1571668168.54,291,233,None,Move,browsing
1571668168.552,290,233,None,Move,browsing
1571668168.56,288,233,None,Move,browsing
1571668168.57,285,233,None,Move,browsing
1571668168.575,284,233,None,Move,browsing
1571668168.584,281,233,None,Move,browsing
1571668168.594,279,233,None,Move,browsing
1571668168.604,275,232,None,Move,browsing
1571668168.6120002,266,226,None,Move,browsing
1571668168.62,263,226,None,Move,browsing
1571668168.63,252,223,None,Move,browsing
1571668168.6379998,240,221,None,Move,browsing
1571668168.645,232,221,None,Move,browsing
1571668168.655,230,221,None,Move,browsing
1571668168.664,225,221,None,Move,browsing
1571668168.671,215,221,None,Move,browsing
1571668168.681,213,221,None,Move,browsing
1571668168.689,207,221,None,Move,browsing
1571668168.699,206,221,None,Move,browsing
1571668168.712,200,221,None,Move,browsing
1571668168.726,198,220,None,Move,browsing
1571668168.736,193,218,None,Move,browsing
1571668168.75,190,215,None,Move,browsing
1571668168.765,187,213,None,Move,browsing
1571668168.7770002,186,212,None,Move,browsing
1571668168.789,184,212,None,Move,browsing
1571668168.804,182,211,None,Move,browsing
1571668168.816,181,211,None,Move,browsing
1571668168.83,180,211,None,Move,browsing
1571668168.842,178,208,None,Move,browsing
1571668168.859,177,208,None,Move,browsing
1571668168.869,176,208,None,Move,browsing
1571668168.8860002,171,204,None,Move,browsing
1571668168.8979998,169,200,None,Move,browsing
1571668168.913,168,200,None,Move,browsing
1571668168.926,166,198,None,Move,browsing
1571668169.051,166,198,Left,Pressed,browsing
1571668169.147,166,198,Left,Released,browsing
