client_timestamp,x,y,button,state,window
1573650529.599,751,20,None,Move,browsing
1573650529.61,749,21,None,Move,browsing
1573650541.144,749,21,None,Move,browsing
1573650541.1620002,29,-95,None,Move,browsing
1573650541.171,27,0,None,Move,browsing
1573650541.18,26,0,None,Move,browsing
1573650541.187,23,0,None,Move,browsing
1573650541.195,17,2,None,Move,browsing
1573650541.202,7,10,None,Move,browsing
1573650541.208,-5,21,None,Move,browsing
1573650541.22,-20,43,None,Move,browsing
1573650541.226,-5,48,None,Move,browsing
1573650541.236,-19,74,None,Move,browsing
1573650541.242,-4,79,None,Move,browsing
1573650541.2510002,-7,91,None,Move,browsing
1573650541.2570002,-8,103,None,Move,browsing
1573650541.265,-4,116,None,Move,browsing
1573650541.276,-11,152,None,Move,browsing
1573650541.283,-2,159,None,Move,browsing
1573650541.29,-4,180,None,Move,browsing
1573650541.296,-3,203,None,Move,browsing
1573650541.306,-4,222,None,Move,browsing
1573650541.312,-9,244,None,Move,browsing
1573650541.322,-9,258,None,Move,browsing
1573650541.332,-15,278,None,Move,browsing
1573650541.3379998,-3,279,None,Move,browsing
1573650541.3479998,-5,283,None,Move,browsing
1573650541.354,-6,287,None,Move,browsing
1573650541.3620002,-4,289,None,Move,browsing
1573650541.37,-3,292,None,Move,browsing
1573650541.38,-1,294,None,Move,browsing
1573650541.3860002,-2,295,None,Move,browsing
1573650541.396,-3,296,None,Move,browsing
1573650541.4020002,0,296,None,Move,browsing
1573650541.4120002,-2,298,None,Move,browsing
1573650541.418,-3,298,None,Move,browsing
1573650541.426,-3,298,None,Move,browsing
1573650541.436,-3,298,None,Move,browsing
1573650541.4420002,-1,297,None,Move,browsing
1573650541.452,-5,295,None,Move,browsing
1573650541.458,-6,291,None,Move,browsing
1573650541.468,-7,288,None,Move,browsing
1573650541.478,-11,285,None,Move,browsing
1573650541.484,-1,285,None,Move,browsing
1573650541.492,-1,285,None,Move,browsing
1573650541.508,-1,285,None,Move,browsing
1573650541.532,-1,285,None,Move,browsing
1573650541.542,-1,285,None,Move,browsing
1573650541.545,-1,285,None,Move,browsing
1573650541.553,-1,285,None,Move,browsing
1573650541.569,3,285,None,Move,browsing
1573650541.5879998,14,283,None,Move,browsing
1573650541.597,33,278,None,Move,browsing
1573650541.605,39,276,None,Move,browsing
1573650541.6139998,51,273,None,Move,browsing
1573650541.62,62,269,None,Move,browsing
1573650541.6279998,71,262,None,Move,browsing
1573650541.6360002,79,258,None,Move,browsing
1573650541.644,88,254,None,Move,browsing
1573650541.654,95,247,None,Move,browsing
1573650541.66,96,246,None,Move,browsing
1573650541.67,96,245,None,Move,browsing
1573650541.676,96,245,None,Move,browsing
1573650541.686,96,243,None,Move,browsing
1573650541.696,95,240,None,Move,browsing
1573650541.706,94,238,None,Move,browsing
1573650541.712,93,238,None,Move,browsing
1573650541.718,92,237,None,Move,browsing
1573650541.726,91,237,None,Move,browsing
1573650541.736,90,237,None,Move,browsing
1573650541.75,89,237,None,Move,browsing
1573650541.756,89,236,None,Move,browsing
1573650541.766,87,236,None,Move,browsing
1573650541.776,85,236,None,Move,browsing
1573650541.836,85,236,None,Move,browsing
1573650541.865,73,230,None,Move,browsing
1573650541.883,68,226,None,Move,browsing
1573650541.894,65,224,None,Move,browsing
1573650541.907,64,223,None,Move,browsing
1573650541.926,63,221,None,Move,browsing
1573650541.936,62,220,None,Move,browsing
1573650541.9420002,61,220,None,Move,browsing
1573650541.952,60,220,None,Move,browsing
1573650541.962,59,220,None,Move,browsing
1573650541.968,58,220,None,Move,browsing
1573650541.976,58,220,None,Move,browsing
1573650541.986,57,221,None,Move,browsing
1573650541.992,57,222,None,Move,browsing
1573650542.002,56,222,None,Move,browsing
1573650542.012,55,222,None,Move,browsing
1573650542.018,53,223,None,Move,browsing
1573650542.042,53,223,None,Move,browsing
1573650542.048,52,223,None,Move,browsing
1573650542.064,52,223,None,Move,browsing
1573650542.074,51,223,None,Move,browsing
1573650542.08,50,223,None,Move,browsing
1573650542.0879998,49,223,None,Move,browsing
1573650542.0979998,46,222,None,Move,browsing
1573650542.104,46,221,None,Move,browsing
1573650542.1139998,44,221,None,Move,browsing
1573650542.123,43,219,None,Move,browsing
1573650542.13,43,219,None,Move,browsing
1573650542.1379998,42,219,None,Move,browsing
1573650542.153,41,219,None,Move,browsing
1573650542.159,41,219,None,Move,browsing
1573650542.17,40,219,None,Move,browsing
1573650542.18,38,219,None,Move,browsing
1573650542.186,38,219,None,Move,browsing
1573650542.194,37,219,None,Move,browsing
1573650542.2,34,219,None,Move,browsing
1573650542.21,31,219,None,Move,browsing
1573650542.216,28,219,None,Move,browsing
1573650542.226,26,219,None,Move,browsing
1573650542.236,25,219,None,Move,browsing
1573650542.242,24,219,None,Move,browsing
1573650542.248,24,219,None,Move,browsing
1573650542.2570002,23,219,None,Move,browsing
1573650542.268,21,219,None,Move,browsing
1573650542.2729998,21,219,None,Move,browsing
1573650542.327,20,219,None,Move,browsing
1573650542.343,19,219,None,Move,browsing
1573650542.361,17,219,None,Move,browsing
1573650542.373,16,219,None,Move,browsing
1573650542.44,16,219,None,Move,browsing
1573650542.4429998,15,219,None,Move,browsing
1573650542.5570002,15,219,Left,Pressed,browsing
1573650542.6420002,15,219,Left,Released,browsing
1573650542.678,15,219,None,Move,browsing
1573650542.704,25,220,None,Move,browsing
1573650542.717,26,220,None,Move,browsing
1573650542.7229998,28,221,None,Move,browsing
1573650542.724,31,222,None,Move,browsing
1573650542.734,37,226,None,Move,browsing
1573650542.744,47,232,None,Move,browsing
1573650542.75,51,237,None,Move,browsing
1573650542.76,59,242,None,Move,browsing
1573650542.7670002,68,251,None,Move,browsing
1573650542.774,79,258,None,Move,browsing
1573650542.784,92,267,None,Move,browsing
1573650542.79,97,268,None,Move,browsing
1573650542.8,103,271,None,Move,browsing
1573650542.806,111,277,None,Move,browsing
1573650542.814,116,278,None,Move,browsing
1573650542.824,123,281,None,Move,browsing
1573650542.831,125,282,None,Move,browsing
1573650542.84,127,284,None,Move,browsing
1573650542.846,129,286,None,Move,browsing
1573650542.856,129,286,None,Move,browsing
1573650542.8660002,131,287,None,Move,browsing
1573650542.8760002,132,288,None,Move,browsing
1573650543.004,132,287,None,Move,browsing
1573650543.02,132,287,None,Move,browsing
1573650543.042,132,284,None,Move,browsing
1573650543.052,132,283,None,Move,browsing
1573650543.061,132,283,None,Move,browsing
1573650543.071,129,279,None,Move,browsing
1573650543.079,128,277,None,Move,browsing
1573650543.086,128,277,None,Move,browsing
1573650543.092,125,275,None,Move,browsing
1573650543.0979998,125,273,None,Move,browsing
1573650543.1079998,125,272,None,Move,browsing
1573650543.115,125,271,None,Move,browsing
1573650543.1220002,125,270,None,Move,browsing
1573650543.1279998,125,270,None,Move,browsing
1573650543.1379998,125,269,None,Move,browsing
1573650543.1479998,124,267,None,Move,browsing
1573650543.167,124,267,None,Move,browsing
1573650543.184,123,266,None,Move,browsing
1573650543.322,123,265,None,Move,browsing
1573650543.36,123,265,None,Move,browsing
1573650543.476,123,264,None,Move,browsing
1573650543.4910002,123,264,None,Move,browsing
1573650543.51,123,261,None,Move,browsing
1573650543.52,123,261,None,Move,browsing
1573650543.53,123,260,None,Move,browsing
1573650543.536,123,259,None,Move,browsing
1573650543.556,123,258,None,Move,browsing
1573650543.566,123,258,None,Move,browsing
1573650543.586,124,256,None,Move,browsing
1573650543.6520002,125,256,None,Move,browsing
1573650543.661,126,255,None,Move,browsing
1573650543.688,127,254,None,Move,browsing
1573650543.708,127,253,None,Move,browsing
1573650543.718,127,251,None,Move,browsing
1573650543.728,129,250,None,Move,browsing
1573650543.738,129,249,None,Move,browsing
1573650543.7489998,129,249,None,Move,browsing
1573650543.7589998,130,248,None,Move,browsing
1573650543.7670002,131,247,None,Move,browsing
1573650543.924,131,245,None,Move,browsing
1573650543.968,133,245,None,Move,browsing
1573650544.02,133,245,None,Move,browsing
1573650544.242,134,245,None,Move,browsing
1573650544.276,134,246,None,Move,browsing
1573650544.292,134,246,None,Move,browsing
1573650544.302,134,247,None,Move,browsing
1573650544.312,134,247,None,Move,browsing
1573650544.3179998,134,248,None,Move,browsing
1573650544.325,134,248,None,Move,browsing
1573650544.332,134,250,None,Move,browsing
1573650544.3379998,134,251,None,Move,browsing
1573650544.3479998,134,252,None,Move,browsing
1573650544.357,134,253,None,Move,browsing
1573650544.3639998,134,254,None,Move,browsing
1573650544.3720002,134,256,None,Move,browsing
1573650544.379,134,257,None,Move,browsing
1573650544.3879998,134,258,None,Move,browsing
1573650544.397,134,259,None,Move,browsing
1573650544.456,134,260,None,Move,browsing
1573650544.712,134,260,Left,Pressed,browsing
1573650544.816,134,260,Left,Released,browsing
1573650544.9020002,134,261,None,Move,browsing
1573650544.905,136,262,None,Move,browsing
1573650544.924,137,263,None,Move,browsing
1573650544.937,138,263,None,Move,browsing
1573650544.947,141,265,None,Move,browsing
1573650544.955,143,265,None,Move,browsing
1573650544.9629998,150,268,None,Move,browsing
1573650544.97,151,269,None,Move,browsing
1573650544.978,155,269,None,Move,browsing
1573650544.984,160,270,None,Move,browsing
1573650544.992,167,271,None,Move,browsing
1573650545.002,184,274,None,Move,browsing
1573650545.008,189,275,None,Move,browsing
1573650545.018,200,277,None,Move,browsing
1573650545.025,219,281,None,Move,browsing
1573650545.034,251,287,None,Move,browsing
1573650545.04,289,298,None,Move,browsing
1573650545.05,296,299,None,Move,browsing
1573650545.64,300,300,None,Move,browsing
1573650545.647,301,300,None,Move,browsing
1573650545.658,307,300,None,Move,browsing
1573650545.664,312,299,None,Move,browsing
1573650545.6720002,316,299,None,Move,browsing
1573650545.678,318,299,None,Move,browsing
1573650545.688,321,295,None,Move,browsing
1573650545.695,324,294,None,Move,browsing
1573650545.7029998,328,290,None,Move,browsing
1573650545.712,332,285,None,Move,browsing
1573650545.72,335,283,None,Move,browsing
1573650545.73,342,277,None,Move,browsing
1573650545.7370002,343,274,None,Move,browsing
1573650545.744,346,271,None,Move,browsing
1573650545.75,349,267,None,Move,browsing
1573650545.76,351,265,None,Move,browsing
1573650545.77,357,259,None,Move,browsing
1573650545.7770002,357,258,None,Move,browsing
1573650545.784,359,256,None,Move,browsing
1573650545.792,360,254,None,Move,browsing
1573650545.8,363,253,None,Move,browsing
1573650545.81,365,252,None,Move,browsing
1573650545.816,367,252,None,Move,browsing
1573650545.823,370,252,None,Move,browsing
1573650545.83,372,252,None,Move,browsing
1573650545.839,374,252,None,Move,browsing
1573650545.849,379,252,None,Move,browsing
1573650545.8579998,382,252,None,Move,browsing
1573650545.865,384,252,None,Move,browsing
1573650545.8720002,386,252,None,Move,browsing
1573650545.88,389,252,None,Move,browsing
1573650545.89,392,252,None,Move,browsing
1573650545.8979998,393,252,None,Move,browsing
1573650545.906,395,252,None,Move,browsing
1573650545.913,395,252,None,Move,browsing
1573650546.1279998,396,252,None,Move,browsing
1573650546.1420002,403,253,None,Move,browsing
1573650546.157,424,260,None,Move,browsing
1573650546.178,482,273,None,Move,browsing
1573650546.1929998,515,282,None,Move,browsing
1573650546.202,561,293,None,Move,browsing
1573650546.211,599,306,None,Move,browsing
1573650546.22,651,335,None,Move,browsing
1573650546.228,661,345,None,Move,browsing
1573650546.235,670,353,None,Move,browsing
1573650546.244,677,362,None,Move,browsing
1573650546.25,682,367,None,Move,browsing
1573650546.26,691,376,None,Move,browsing
1573650546.27,710,390,None,Move,browsing
1573650546.276,715,396,None,Move,browsing
1573650546.286,727,403,None,Move,browsing
1573650546.292,735,411,None,Move,browsing
1573650546.302,747,423,None,Move,browsing
1573650546.309,756,432,None,Move,browsing
1573650546.316,766,441,None,Move,browsing
1573650546.326,786,455,None,Move,browsing
1573650546.332,789,458,None,Move,browsing
1573650546.342,799,462,None,Move,browsing
1573650546.3479998,809,468,None,Move,browsing
1573650546.3579998,816,473,None,Move,browsing
1573650546.3639998,824,477,None,Move,browsing
1573650546.3720002,833,480,None,Move,browsing
1573650546.3839998,853,488,None,Move,browsing
1573650546.391,856,489,None,Move,browsing
1573650546.3979998,864,489,None,Move,browsing
1573650546.406,871,489,None,Move,browsing
1573650546.416,876,489,None,Move,browsing
1573650546.43,877,489,None,Move,browsing
1573650546.698,877,490,None,Move,browsing
1573650546.709,877,490,None,Move,browsing
1573650546.72,882,491,None,Move,browsing
1573650546.728,885,493,None,Move,browsing
1573650546.7389998,891,497,None,Move,browsing
1573650546.745,893,497,None,Move,browsing
1573650546.756,896,497,None,Move,browsing
1573650546.762,898,497,None,Move,browsing
1573650546.771,899,497,None,Move,browsing
1573650546.7770002,902,497,None,Move,browsing
1573650546.784,904,497,None,Move,browsing
1573650546.793,908,499,None,Move,browsing
1573650546.804,909,499,None,Move,browsing
1573650546.809,916,503,None,Move,browsing
1573650546.815,920,507,None,Move,browsing
1573650546.824,929,512,None,Move,browsing
1573650546.834,947,520,None,Move,browsing
1573650546.841,953,523,None,Move,browsing
1573650546.85,965,529,None,Move,browsing
1573650546.857,972,531,None,Move,browsing
1573650546.8660002,985,534,None,Move,browsing
1573650546.8760002,1010,540,None,Move,browsing
1573650546.8820002,1017,542,None,Move,browsing
1573650546.89,1034,544,None,Move,browsing
1573650546.9020002,1055,548,None,Move,browsing
1573650546.909,1095,555,None,Move,browsing
1573650546.915,1104,558,None,Move,browsing
1573650546.924,1144,569,None,Move,browsing
1573650546.929,1152,571,None,Move,browsing
1573650546.938,1176,578,None,Move,browsing
1573650546.944,1201,587,None,Move,browsing
1573650546.954,1231,597,None,Move,browsing
1573650546.966,1286,615,None,Move,browsing
1573650546.972,1295,618,None,Move,browsing
1573650546.978,1319,626,None,Move,browsing
1573650546.984,1338,631,None,Move,browsing
1573650546.994,1354,635,None,Move,browsing
1573650547.004,1379,643,None,Move,browsing
1573650547.01,1369,644,None,Move,browsing
1573650547.02,1374,646,None,Move,browsing
1573650547.026,1373,649,None,Move,browsing
1573650547.034,1374,652,None,Move,browsing
1573650547.044,1373,656,None,Move,browsing
1573650547.05,1366,656,None,Move,browsing
1573650547.06,1368,656,None,Move,browsing
1573650547.066,1366,656,None,Move,browsing
1573650547.166,1365,657,None,Move,browsing
1573650547.181,1365,658,None,Move,browsing
1573650547.197,1365,659,None,Move,browsing
1573650547.212,1364,660,None,Move,browsing
1573650547.226,1362,661,None,Move,browsing
1573650547.236,1361,662,None,Move,browsing
1573650547.246,1360,662,None,Move,browsing
1573650547.254,1359,664,None,Move,browsing
1573650547.262,1357,664,None,Move,browsing
1573650547.269,1356,665,None,Move,browsing
1573650547.2770002,1353,665,None,Move,browsing
1573650547.285,1349,665,None,Move,browsing
1573650547.293,1348,666,None,Move,browsing
1573650547.302,1346,666,None,Move,browsing
1573650547.3079998,1344,666,None,Move,browsing
1573650547.316,1343,667,None,Move,browsing
1573650547.327,1339,668,None,Move,browsing
1573650547.334,1338,669,None,Move,browsing
1573650547.342,1336,670,None,Move,browsing
1573650547.347,1334,671,None,Move,browsing
1573650547.3579998,1333,671,None,Move,browsing
1573650547.3679998,1329,672,None,Move,browsing
1573650547.3779998,1327,672,None,Move,browsing
1573650547.383,1327,672,None,Move,browsing
1573650547.39,1325,672,None,Move,browsing
1573650547.3979998,1323,672,None,Move,browsing
1573650547.408,1320,672,None,Move,browsing
1573650547.414,1319,672,None,Move,browsing
1573650547.4220002,1318,672,None,Move,browsing
1573650547.428,1316,672,None,Move,browsing
1573650547.438,1315,672,None,Move,browsing
1573650547.448,1312,672,None,Move,browsing
1573650547.454,1310,672,None,Move,browsing
1573650547.464,1309,672,None,Move,browsing
1573650547.471,1306,672,None,Move,browsing
1573650547.478,1301,672,None,Move,browsing
1573650547.488,1290,670,None,Move,browsing
1573650547.494,1287,669,None,Move,browsing
1573650547.504,1277,667,None,Move,browsing
1573650547.51,1267,666,None,Move,browsing
1573650547.518,1257,664,None,Move,browsing
1573650547.528,1238,660,None,Move,browsing
1573650547.534,1234,660,None,Move,browsing
1573650547.544,1222,659,None,Move,browsing
1573650547.55,1214,659,None,Move,browsing
1573650547.56,1202,658,None,Move,browsing
1573650547.57,1175,654,None,Move,browsing
1573650547.576,1169,653,None,Move,browsing
1573650547.584,1154,650,None,Move,browsing
1573650547.591,1135,646,None,Move,browsing
1573650547.6,1120,644,None,Move,browsing
1573650547.61,1088,637,None,Move,browsing
1573650547.6160002,1083,636,None,Move,browsing
1573650547.6239998,1069,634,None,Move,browsing
1573650547.63,1057,634,None,Move,browsing
1573650547.639,1045,634,None,Move,browsing
1573650547.649,1023,634,None,Move,browsing
1573650547.655,1018,634,None,Move,browsing
1573650547.663,1004,633,None,Move,browsing
1573650547.67,992,631,None,Move,browsing
1573650547.68,982,630,None,Move,browsing
1573650547.689,962,626,None,Move,browsing
1573650547.696,958,626,None,Move,browsing
1573650547.706,950,626,None,Move,browsing
1573650547.712,949,626,None,Move,browsing
1573650547.719,948,626,None,Move,browsing
1573650548.15,948,626,None,Move,browsing
1573650548.164,945,626,None,Move,browsing
1573650548.176,940,626,None,Move,browsing
1573650548.1829998,938,626,None,Move,browsing
1573650548.19,930,626,None,Move,browsing
1573650548.197,928,626,None,Move,browsing
1573650548.204,925,626,None,Move,browsing
1573650548.211,922,626,None,Move,browsing
1573650548.22,920,626,None,Move,browsing
1573650548.23,915,626,None,Move,browsing
1573650548.238,914,626,None,Move,browsing
1573650548.244,912,626,None,Move,browsing
1573650548.2510002,910,626,None,Move,browsing
1573650548.26,907,626,None,Move,browsing
1573650548.27,903,626,None,Move,browsing
1573650548.276,901,626,None,Move,browsing
1573650548.286,900,626,None,Move,browsing
1573650548.292,899,626,None,Move,browsing
1573650548.3,898,626,None,Move,browsing
1573650548.31,895,626,None,Move,browsing
1573650548.3170002,895,626,None,Move,browsing
1573650548.326,894,626,None,Move,browsing
1573650548.333,890,626,None,Move,browsing
1573650548.339,887,625,None,Move,browsing
1573650548.349,884,624,None,Move,browsing
1573650548.356,883,624,None,Move,browsing
1573650548.365,880,623,None,Move,browsing
1573650548.371,876,623,None,Move,browsing
1573650548.3820002,874,623,None,Move,browsing
1573650548.3920002,871,622,None,Move,browsing
1573650548.3979998,868,622,None,Move,browsing
1573650548.406,867,622,None,Move,browsing
1573650548.4120002,867,622,None,Move,browsing
1573650548.4220002,866,622,None,Move,browsing
1573650548.4320002,864,622,None,Move,browsing
1573650548.4420002,863,622,None,Move,browsing
1573650548.452,862,622,None,Move,browsing
1573650548.461,861,622,None,Move,browsing
1573650548.471,859,620,None,Move,browsing
1573650548.481,858,620,None,Move,browsing
1573650548.4870002,857,620,None,Move,browsing
1573650548.502,853,620,None,Move,browsing
1573650548.5110002,850,620,None,Move,browsing
1573650548.518,849,620,None,Move,browsing
1573650548.5270002,847,620,None,Move,browsing
1573650548.534,845,620,None,Move,browsing
1573650548.541,843,620,None,Move,browsing
1573650548.552,837,620,None,Move,browsing
1573650548.5570002,836,620,None,Move,browsing
1573650548.5679998,833,620,None,Move,browsing
1573650548.574,827,620,None,Move,browsing
1573650548.597,815,621,None,Move,browsing
1573650548.604,812,621,None,Move,browsing
1573650548.61,807,623,None,Move,browsing
1573650548.6160002,804,623,None,Move,browsing
1573650548.6239998,800,623,None,Move,browsing
1573650548.6339998,793,624,None,Move,browsing
1573650548.647,791,624,None,Move,browsing
1573650548.654,786,624,None,Move,browsing
1573650548.664,783,624,None,Move,browsing
1573650548.674,779,625,None,Move,browsing
1573650548.68,779,625,None,Move,browsing
1573650548.688,777,625,None,Move,browsing
1573650548.694,775,625,None,Move,browsing
1573650548.704,773,625,None,Move,browsing
1573650548.714,768,628,None,Move,browsing
1573650548.721,767,629,None,Move,browsing
1573650548.73,766,629,None,Move,browsing
1573650548.736,763,630,None,Move,browsing
1573650548.744,760,632,None,Move,browsing
1573650548.754,753,635,None,Move,browsing
1573650548.762,751,635,None,Move,browsing
1573650548.77,747,637,None,Move,browsing
1573650548.776,741,639,None,Move,browsing
1573650548.784,737,643,None,Move,browsing
1573650548.794,719,648,None,Move,browsing
1573650548.801,718,648,None,Move,browsing
1573650548.81,711,652,None,Move,browsing
1573650548.816,705,654,None,Move,browsing
1573650548.826,702,657,None,Move,browsing
1573650548.835,696,662,None,Move,browsing
1573650548.842,695,662,None,Move,browsing
1573650548.85,693,665,None,Move,browsing
1573650548.857,693,667,None,Move,browsing
1573650548.8660002,693,669,None,Move,browsing
1573650548.8760002,693,672,None,Move,browsing
1573650549.7670002,693,671,None,Move,browsing
1573650549.776,693,668,None,Move,browsing
1573650549.785,693,667,None,Move,browsing
1573650549.795,696,663,None,Move,browsing
1573650549.8079998,696,661,None,Move,browsing
1573650549.8170002,696,660,None,Move,browsing
1573650549.826,696,659,None,Move,browsing
1573650549.835,696,655,None,Move,browsing
1573650549.854,696,654,None,Move,browsing
1573650549.8639998,696,653,None,Move,browsing
1573650549.8739998,695,650,None,Move,browsing
1573650549.88,695,649,None,Move,browsing
1573650549.89,695,647,None,Move,browsing
1573650549.8979998,694,647,None,Move,browsing
1573650549.905,694,646,None,Move,browsing
1573650549.96,692,646,None,Move,browsing
1573650549.976,692,645,None,Move,browsing
1573650549.986,691,644,None,Move,browsing
1573650549.996,687,643,None,Move,browsing
1573650550.006,687,643,None,Move,browsing
1573650550.015,684,643,None,Move,browsing
1573650550.0229998,680,643,None,Move,browsing
1573650550.031,675,643,None,Move,browsing
1573650550.04,662,643,None,Move,browsing
1573650550.0470002,659,643,None,Move,browsing
1573650550.059,639,643,None,Move,browsing
1573650550.083,599,646,None,Move,browsing
1573650550.093,575,652,None,Move,browsing
1573650550.105,571,653,None,Move,browsing
1573650550.1160002,552,658,None,Move,browsing
1573650550.1220002,543,659,None,Move,browsing
1573650550.1320002,533,659,None,Move,browsing
1573650550.1379998,531,659,None,Move,browsing
1573650550.1479998,525,659,None,Move,browsing
1573650550.155,519,659,None,Move,browsing
1573650550.1620002,515,659,None,Move,browsing
1573650550.1720002,510,659,None,Move,browsing
1573650550.178,507,659,None,Move,browsing
1573650550.188,504,659,None,Move,browsing
1573650550.194,500,661,None,Move,browsing
1573650550.202,498,661,None,Move,browsing
1573650550.2129998,492,661,None,Move,browsing
1573650550.22,491,661,None,Move,browsing
1573650550.2270002,489,661,None,Move,browsing
1573650550.234,485,661,None,Move,browsing
1573650550.2429998,479,661,None,Move,browsing
1573650550.2529998,470,661,None,Move,browsing
1573650550.26,467,661,None,Move,browsing
1573650550.2670002,460,661,None,Move,browsing
1573650550.274,450,661,None,Move,browsing
1573650550.284,438,662,None,Move,browsing
1573650550.294,424,663,None,Move,browsing
1573650550.301,419,664,None,Move,browsing
1573650550.3079998,412,666,None,Move,browsing
1573650550.315,409,666,None,Move,browsing
1573650550.324,407,667,None,Move,browsing
1573650550.334,404,667,None,Move,browsing
1573650550.34,403,667,None,Move,browsing
1573650550.35,398,667,None,Move,browsing
1573650550.357,397,667,None,Move,browsing
1573650550.3660002,394,667,None,Move,browsing
1573650550.373,390,667,None,Move,browsing
1573650550.379,384,667,None,Move,browsing
1573650550.39,378,667,None,Move,browsing
1573650550.397,377,667,None,Move,browsing
1573650550.406,372,667,None,Move,browsing
1573650550.4120002,369,665,None,Move,browsing
1573650550.4220002,367,665,None,Move,browsing
1573650550.428,366,665,None,Move,browsing
1573650550.438,364,662,None,Move,browsing
1573650550.444,364,662,None,Move,browsing
1573650550.4529998,362,660,None,Move,browsing
1573650550.4629998,361,659,None,Move,browsing
1573650550.469,360,658,None,Move,browsing
1573650550.4770002,359,656,None,Move,browsing
1573650550.485,359,654,None,Move,browsing
1573650550.4929998,359,653,None,Move,browsing
1573650550.5,359,651,None,Move,browsing
1573650550.51,359,649,None,Move,browsing
1573650550.52,359,643,None,Move,browsing
1573650550.525,359,641,None,Move,browsing
1573650550.534,359,636,None,Move,browsing
1573650550.54,360,630,None,Move,browsing
1573650550.55,362,622,None,Move,browsing
1573650550.56,365,610,None,Move,browsing
1573650550.566,366,606,None,Move,browsing
1573650550.576,366,598,None,Move,browsing
1573650550.583,367,587,None,Move,browsing
1573650550.59,369,579,None,Move,browsing
1573650550.6,370,565,None,Move,browsing
1573650550.605,372,561,None,Move,browsing
1573650550.6160002,376,551,None,Move,browsing
1573650550.6220002,380,542,None,Move,browsing
1573650550.63,386,533,None,Move,browsing
1573650550.64,393,516,None,Move,browsing
1573650550.649,398,511,None,Move,browsing
1573650550.657,404,500,None,Move,browsing
1573650550.665,411,492,None,Move,browsing
1573650550.6720002,419,485,None,Move,browsing
1573650550.6820002,434,474,None,Move,browsing
1573650550.688,439,471,None,Move,browsing
1573650550.696,446,467,None,Move,browsing
1573650550.702,456,463,None,Move,browsing
1573650550.712,464,459,None,Move,browsing
1573650550.722,490,452,None,Move,browsing
1573650550.728,496,450,None,Move,browsing
1573650550.736,504,448,None,Move,browsing
1573650550.742,517,446,None,Move,browsing
1573650550.752,532,444,None,Move,browsing
1573650550.762,574,438,None,Move,browsing
1573650550.768,583,436,None,Move,browsing
1573650550.776,601,433,None,Move,browsing
1573650550.782,628,429,None,Move,browsing
1573650550.792,654,423,None,Move,browsing
1573650550.802,707,415,None,Move,browsing
1573650550.8079998,717,414,None,Move,browsing
1573650550.8179998,740,410,None,Move,browsing
1573650550.824,768,406,None,Move,browsing
1573650550.832,802,403,None,Move,browsing
1573650550.842,868,395,None,Move,browsing
1573650550.849,880,394,None,Move,browsing
1573650550.8579998,911,391,None,Move,browsing
1573650550.8639998,950,387,None,Move,browsing
1573650550.8720002,988,386,None,Move,browsing
1573650550.8820002,1046,377,None,Move,browsing
1573650550.887,1056,376,None,Move,browsing
1573650550.897,1078,374,None,Move,browsing
1573650550.905,1100,374,None,Move,browsing
1573650550.914,1115,374,None,Move,browsing
1573650550.924,1141,372,None,Move,browsing
1573650550.93,1147,372,None,Move,browsing
1573650550.938,1159,371,None,Move,browsing
1573650550.944,1168,369,None,Move,browsing
1573650550.954,1176,369,None,Move,browsing
1573650550.9629998,1184,369,None,Move,browsing
1573650550.969,1185,369,None,Move,browsing
1573650550.9770002,1188,369,None,Move,browsing
1573650550.984,1191,370,None,Move,browsing
1573650550.994,1192,370,None,Move,browsing
1573650551.004,1193,370,None,Move,browsing
1573650551.044,1194,370,None,Move,browsing
1573650551.194,1195,370,None,Move,browsing
1573650551.209,1197,370,None,Move,browsing
1573650551.224,1199,367,None,Move,browsing
1573650551.2370002,1200,362,None,Move,browsing
1573650551.246,1201,359,None,Move,browsing
1573650551.252,1201,358,None,Move,browsing
1573650551.2610002,1202,355,None,Move,browsing
1573650551.268,1202,352,None,Move,browsing
1573650551.276,1202,347,None,Move,browsing
1573650551.286,1202,340,None,Move,browsing
1573650551.293,1202,339,None,Move,browsing
1573650551.302,1202,336,None,Move,browsing
1573650551.3079998,1203,333,None,Move,browsing
1573650551.316,1206,329,None,Move,browsing
1573650551.326,1208,326,None,Move,browsing
1573650551.332,1210,324,None,Move,browsing
1573650551.342,1211,323,None,Move,browsing
1573650551.3479998,1214,321,None,Move,browsing
1573650551.356,1214,321,None,Move,browsing
1573650551.3679998,1216,317,None,Move,browsing
1573650551.3779998,1216,316,None,Move,browsing
1573650551.383,1216,315,None,Move,browsing
1573650551.389,1217,313,None,Move,browsing
1573650551.3979998,1218,313,None,Move,browsing
1573650551.408,1218,312,None,Move,browsing
1573650551.414,1218,311,None,Move,browsing
1573650551.4220002,1219,311,None,Move,browsing
1573650551.4320002,1219,310,None,Move,browsing
1573650551.4420002,1220,310,None,Move,browsing
1573650551.468,1220,309,None,Move,browsing
1573650551.484,1221,308,None,Move,browsing
1573650551.49,1222,307,None,Move,browsing
1573650551.518,1222,307,None,Move,browsing
1573650551.528,1223,307,None,Move,browsing
1573650551.56,1223,306,None,Move,browsing
1573650551.579,1224,306,None,Move,browsing
1573650551.586,1225,306,None,Move,browsing
1573650551.593,1226,305,None,Move,browsing
1573650551.599,1226,305,None,Move,browsing
1573650551.6139998,1227,304,None,Move,browsing
1573650551.6239998,1228,303,None,Move,browsing
1573650551.631,1229,303,None,Move,browsing
1573650551.64,1229,302,None,Move,browsing
1573650551.65,1230,301,None,Move,browsing
1573650551.66,1232,300,None,Move,browsing
1573650551.67,1233,299,None,Move,browsing
1573650551.68,1234,299,None,Move,browsing
1573650551.69,1234,298,None,Move,browsing
1573650551.71,1235,297,None,Move,browsing
1573650552.0129998,1235,297,None,Move,browsing
1573650552.029,1233,299,None,Move,browsing
1573650552.044,1217,303,None,Move,browsing
1573650552.065,1209,303,None,Move,browsing
1573650552.076,1209,304,None,Move,browsing
1573650552.329,1209,305,None,Move,browsing
1573650552.356,1208,305,None,Move,browsing
1573650552.3660002,1206,305,None,Move,browsing
1573650552.373,1206,305,None,Move,browsing
1573650552.381,1204,305,None,Move,browsing
1573650552.387,1201,305,None,Move,browsing
1573650552.395,1198,305,None,Move,browsing
1573650552.4020002,1194,305,None,Move,browsing
1573650552.411,1187,305,None,Move,browsing
1573650552.4220002,1175,305,None,Move,browsing
1573650552.429,1172,303,None,Move,browsing
1573650552.438,1160,301,None,Move,browsing
1573650552.444,1146,299,None,Move,browsing
1573650552.452,1135,297,None,Move,browsing
1573650552.462,1110,291,None,Move,browsing
1573650552.468,1102,290,None,Move,browsing
1573650552.478,1059,284,None,Move,browsing
1573650552.484,1049,282,None,Move,browsing
1573650552.494,1023,279,None,Move,browsing
1573650552.5,989,275,None,Move,browsing
1573650552.508,961,274,None,Move,browsing
1573650552.52,910,274,None,Move,browsing
1573650552.526,901,274,None,Move,browsing
1573650552.534,876,273,None,Move,browsing
1573650552.54,848,269,None,Move,browsing
1573650552.55,817,266,None,Move,browsing
1573650552.56,769,260,None,Move,browsing
1573650552.565,760,258,None,Move,browsing
1573650552.574,735,253,None,Move,browsing
1573650552.6,621,220,None,Move,browsing
1573650552.615,592,212,None,Move,browsing
1573650552.6239998,575,207,None,Move,browsing
1573650552.6320002,563,204,None,Move,browsing
1573650552.64,544,200,None,Move,browsing
1573650552.646,539,200,None,Move,browsing
1573650552.6520002,530,197,None,Move,browsing
1573650552.666,519,196,None,Move,browsing
1573650552.673,496,194,None,Move,browsing
1573650552.679,491,193,None,Move,browsing
1573650552.688,462,190,None,Move,browsing
1573650552.694,455,189,None,Move,browsing
1573650552.704,440,187,None,Move,browsing
1573650552.71,428,184,None,Move,browsing
1573650552.718,418,183,None,Move,browsing
1573650552.728,416,183,None,Move,browsing
1573650552.734,416,183,None,Move,browsing
1573650552.75,415,183,None,Move,browsing
1573650552.76,414,183,None,Move,browsing
1573650552.77,413,183,None,Move,browsing
1573650552.776,412,183,None,Move,browsing
1573650552.784,409,183,None,Move,browsing
1573650552.79,408,183,None,Move,browsing
1573650552.8,406,183,None,Move,browsing
1573650552.81,404,183,None,Move,browsing
1573650552.82,403,183,None,Move,browsing
1573650552.833,402,183,None,Move,browsing
1573650552.844,402,183,None,Move,browsing
1573650552.85,401,183,None,Move,browsing
1573650552.856,400,183,None,Move,browsing
1573650552.8660002,399,183,None,Move,browsing
1573650552.8720002,395,183,None,Move,browsing
1573650552.88,392,183,None,Move,browsing
1573650552.89,386,183,None,Move,browsing
1573650552.896,382,184,None,Move,browsing
1573650552.906,378,184,None,Move,browsing
1573650552.9120002,373,184,None,Move,browsing
1573650552.92,368,184,None,Move,browsing
1573650552.93,362,185,None,Move,browsing
1573650552.936,362,185,None,Move,browsing
1573650552.946,360,185,None,Move,browsing
1573650552.952,358,185,None,Move,browsing
1573650552.96,355,185,None,Move,browsing
1573650552.97,352,185,None,Move,browsing
1573650552.976,350,185,None,Move,browsing
1573650552.986,346,185,None,Move,browsing
1573650552.992,342,185,None,Move,browsing
1573650553.002,339,185,None,Move,browsing
1573650553.012,332,185,None,Move,browsing
1573650553.018,332,185,None,Move,browsing
1573650553.026,327,185,None,Move,browsing
1573650553.032,323,185,None,Move,browsing
1573650553.041,319,185,None,Move,browsing
1573650553.052,312,186,None,Move,browsing
1573650553.059,310,186,None,Move,browsing
1573650553.066,306,188,None,Move,browsing
1573650553.072,303,189,None,Move,browsing
1573650553.082,299,190,None,Move,browsing
1573650553.091,291,193,None,Move,browsing
1573650553.097,290,193,None,Move,browsing
1573650553.107,282,197,None,Move,browsing
1573650553.113,276,200,None,Move,browsing
1573650553.1220002,270,202,None,Move,browsing
1573650553.1320002,259,207,None,Move,browsing
1573650553.137,256,209,None,Move,browsing
1573650553.1479998,249,212,None,Move,browsing
1573650553.154,246,216,None,Move,browsing
1573650553.1620002,245,219,None,Move,browsing
1573650553.1720002,245,219,None,Move,browsing
1573650553.401,245,219,None,Move,browsing
1573650553.417,247,214,None,Move,browsing
1573650553.4320002,247,213,None,Move,browsing
1573650553.4429998,247,209,None,Move,browsing
1573650553.451,246,208,None,Move,browsing
1573650553.459,241,206,None,Move,browsing
1573650553.465,241,206,None,Move,browsing
1573650553.471,236,205,None,Move,browsing
1573650553.4770002,230,203,None,Move,browsing
1573650553.486,226,201,None,Move,browsing
1573650553.496,219,201,None,Move,browsing
1573650553.506,218,201,None,Move,browsing
1573650553.516,217,201,None,Move,browsing
1573650553.53,217,201,None,Move,browsing
1573650553.54,216,201,None,Move,browsing
1573650553.556,216,201,None,Move,browsing
1573650553.565,215,201,None,Move,browsing
1573650553.576,215,204,None,Move,browsing
1573650553.581,215,206,None,Move,browsing
1573650553.591,215,209,None,Move,browsing
1573650553.5979998,215,211,None,Move,browsing
1573650553.606,214,216,None,Move,browsing
1573650553.6160002,213,224,None,Move,browsing
1573650553.6220002,213,226,None,Move,browsing
1573650553.6320002,212,230,None,Move,browsing
1573650553.637,212,234,None,Move,browsing
1573650553.646,209,242,None,Move,browsing
1573650553.656,203,251,None,Move,browsing
1573650553.6620002,201,254,None,Move,browsing
1573650553.6720002,198,259,None,Move,browsing
1573650553.679,195,265,None,Move,browsing
1573650553.688,194,268,None,Move,browsing
1573650553.698,190,274,None,Move,browsing
1573650553.7029998,188,276,None,Move,browsing
1573650553.712,188,278,None,Move,browsing
1573650553.718,185,281,None,Move,browsing
1573650553.728,183,284,None,Move,browsing
1573650553.738,174,289,None,Move,browsing
1573650553.744,174,289,None,Move,browsing
1573650553.752,169,292,None,Move,browsing
1573650553.758,163,299,None,Move,browsing
1573650553.768,160,301,None,Move,browsing
1573650553.778,153,308,None,Move,browsing
1573650553.784,152,309,None,Move,browsing
1573650553.794,150,310,None,Move,browsing
1573650553.8,149,312,None,Move,browsing
1573650553.8170002,148,312,None,Move,browsing
1573650554.018,146,312,None,Move,browsing
1573650554.034,144,311,None,Move,browsing
1573650554.06,139,305,None,Move,browsing
1573650554.07,138,303,None,Move,browsing
1573650554.081,130,296,None,Move,browsing
1573650554.092,130,295,None,Move,browsing
1573650554.101,129,291,None,Move,browsing
1573650554.1120002,129,289,None,Move,browsing
1573650554.119,129,284,None,Move,browsing
1573650554.1320002,133,281,None,Move,browsing
1573650554.1420002,138,275,None,Move,browsing
1573650554.1479998,140,274,None,Move,browsing
1573650554.156,144,272,None,Move,browsing
1573650554.163,152,269,None,Move,browsing
1573650554.1720002,159,265,None,Move,browsing
1573650554.1820002,172,263,None,Move,browsing
1573650554.189,174,263,None,Move,browsing
1573650554.196,183,261,None,Move,browsing
1573650554.202,194,260,None,Move,browsing
1573650554.212,204,260,None,Move,browsing
1573650554.222,219,260,None,Move,browsing
1573650554.228,222,260,None,Move,browsing
1573650554.236,232,260,None,Move,browsing
1573650554.242,246,260,None,Move,browsing
1573650554.252,259,260,None,Move,browsing
1573650554.262,285,260,None,Move,browsing
1573650554.268,290,260,None,Move,browsing
1573650554.278,304,260,None,Move,browsing
1573650554.283,316,260,None,Move,browsing
1573650554.292,326,260,None,Move,browsing
1573650554.302,338,260,None,Move,browsing
1573650554.3079998,340,260,None,Move,browsing
1573650554.3179998,347,260,None,Move,browsing
1573650554.324,352,260,None,Move,browsing
1573650554.332,360,260,None,Move,browsing
1573650554.342,370,260,None,Move,browsing
1573650554.3479998,372,260,None,Move,browsing
1573650554.3579998,378,260,None,Move,browsing
1573650554.3639998,384,260,None,Move,browsing
1573650554.3739998,388,260,None,Move,browsing
1573650554.3839998,399,260,None,Move,browsing
1573650554.391,400,260,None,Move,browsing
1573650554.3979998,404,260,None,Move,browsing
1573650554.404,408,260,None,Move,browsing
1573650554.414,409,260,None,Move,browsing
1573650554.424,413,257,None,Move,browsing
1573650554.429,413,257,None,Move,browsing
1573650554.438,414,257,None,Move,browsing
1573650554.444,417,256,None,Move,browsing
1573650554.468,417,255,None,Move,browsing
1573650554.48,419,255,None,Move,browsing
1573650554.485,421,253,None,Move,browsing
1573650554.494,422,252,None,Move,browsing
1573650554.5029998,424,250,None,Move,browsing
1573650554.51,424,249,None,Move,browsing
1573650554.52,424,247,None,Move,browsing
1573650554.526,424,243,None,Move,browsing
1573650554.534,424,240,None,Move,browsing
1573650554.544,424,232,None,Move,browsing
1573650554.55,424,230,None,Move,browsing
1573650554.56,420,222,None,Move,browsing
1573650554.566,416,217,None,Move,browsing
1573650554.574,410,210,None,Move,browsing
1573650554.584,394,195,None,Move,browsing
1573650554.59,390,192,None,Move,browsing
1573650554.6,382,186,None,Move,browsing
1573650554.606,373,181,None,Move,browsing
1573650554.6160002,367,179,None,Move,browsing
1573650554.6260002,360,177,None,Move,browsing
1573650554.631,359,176,None,Move,browsing
1573650554.64,357,176,None,Move,browsing
1573650554.646,354,174,None,Move,browsing
1573650554.656,351,173,None,Move,browsing
1573650554.666,346,172,None,Move,browsing
1573650554.6720002,344,172,None,Move,browsing
1573650554.68,344,172,None,Move,browsing
1573650554.686,342,172,None,Move,browsing
1573650554.7,341,172,None,Move,browsing
1573650554.709,338,172,None,Move,browsing
1573650554.719,336,172,None,Move,browsing
1573650554.731,331,172,None,Move,browsing
1573650554.7410002,329,172,None,Move,browsing
1573650554.7470002,327,172,None,Move,browsing
1573650554.7529998,325,173,None,Move,browsing
1573650554.762,323,174,None,Move,browsing
1573650554.8979998,323,174,Left,Pressed,browsing
1573650554.985,323,174,Left,Released,browsing
1573650555.086,326,176,None,Move,browsing
1573650555.093,327,177,None,Move,browsing
1573650555.103,333,178,None,Move,browsing
1573650555.113,344,184,None,Move,browsing
1573650555.12,357,187,None,Move,browsing
1573650555.125,375,192,None,Move,browsing
1573650555.1339998,381,194,None,Move,browsing
1573650555.143,400,199,None,Move,browsing
1573650555.1520002,427,208,None,Move,browsing
1573650555.1620002,460,216,None,Move,browsing
1573650555.17,522,233,None,Move,browsing
1573650555.177,535,235,None,Move,browsing
1573650555.1829998,569,244,None,Move,browsing
1573650555.191,614,255,None,Move,browsing
1573650555.198,660,269,None,Move,browsing
1573650555.205,744,295,None,Move,browsing
1573650555.212,757,300,None,Move,browsing
1573650555.221,788,309,None,Move,browsing
1573650555.23,826,320,None,Move,browsing
1573650555.24,864,330,None,Move,browsing
1573650555.25,926,349,None,Move,browsing
1573650555.2589998,937,352,None,Move,browsing
1573650555.266,1000,375,None,Move,browsing
1573650555.276,1036,390,None,Move,browsing
1573650555.288,1089,410,None,Move,browsing
1573650555.295,1097,413,None,Move,browsing
1573650555.303,1117,419,None,Move,browsing
1573650555.31,1136,425,None,Move,browsing
1573650555.3179998,1150,430,None,Move,browsing
1573650555.3279998,1175,437,None,Move,browsing
1573650555.335,1179,438,None,Move,browsing
1573650555.345,1187,440,None,Move,browsing
1573650555.351,1196,444,None,Move,browsing
1573650555.359,1204,447,None,Move,browsing
1573650555.3679998,1215,449,None,Move,browsing
1573650555.3760002,1216,449,None,Move,browsing
1573650555.387,1222,450,None,Move,browsing
1573650555.396,1224,451,None,Move,browsing
1573650555.4020002,1226,451,None,Move,browsing
1573650555.408,1230,451,None,Move,browsing
1573650555.414,1234,451,None,Move,browsing
1573650555.424,1237,453,None,Move,browsing
1573650555.429,1239,453,None,Move,browsing
1573650555.44,1241,454,None,Move,browsing
1573650555.446,1244,454,None,Move,browsing
1573650555.454,1246,455,None,Move,browsing
1573650555.464,1251,456,None,Move,browsing
1573650555.47,1253,456,None,Move,browsing
1573650555.48,1257,457,None,Move,browsing
1573650555.486,1260,460,None,Move,browsing
1573650555.494,1262,460,None,Move,browsing
1573650555.504,1265,461,None,Move,browsing
1573650555.533,1265,462,None,Move,browsing
1573650555.543,1265,462,None,Move,browsing
1573650555.554,1265,462,None,Move,browsing
1573650555.5679998,1263,463,None,Move,browsing
1573650555.574,1263,463,None,Move,browsing
1573650555.584,1263,466,None,Move,browsing
1573650555.594,1263,469,None,Move,browsing
1573650555.599,1263,470,None,Move,browsing
1573650555.6079998,1263,473,None,Move,browsing
1573650555.6139998,1263,474,None,Move,browsing
1573650555.6239998,1263,475,None,Move,browsing
1573650555.6339998,1262,476,None,Move,browsing
1573650555.653,1261,476,None,Move,browsing
1573650555.664,1260,476,None,Move,browsing
1573650555.674,1260,476,None,Move,browsing
1573650555.684,1259,477,None,Move,browsing
1573650555.69,1258,478,None,Move,browsing
1573650555.7,1257,479,None,Move,browsing
1573650555.706,1257,479,None,Move,browsing
1573650555.714,1255,480,None,Move,browsing
1573650555.72,1255,480,None,Move,browsing
1573650555.734,1254,480,None,Move,browsing
1573650555.746,1254,480,None,Move,browsing
1573650555.756,1253,480,None,Move,browsing
1573650555.7629998,1252,480,None,Move,browsing
1573650555.776,1251,480,None,Move,browsing
1573650555.786,1250,480,None,Move,browsing
1573650555.796,1249,480,None,Move,browsing
1573650555.802,1248,480,None,Move,browsing
1573650555.81,1246,480,None,Move,browsing
1573650555.816,1245,480,None,Move,browsing
1573650555.826,1244,480,None,Move,browsing
1573650555.836,1238,478,None,Move,browsing
1573650555.846,1236,476,None,Move,browsing
1573650555.856,1233,476,None,Move,browsing
1573650555.8660002,1233,476,None,Move,browsing
1573650555.8760002,1231,475,None,Move,browsing
1573650555.934,1230,475,None,Move,browsing
1573650555.956,1230,475,Left,Pressed,browsing
1573650556.05,1230,475,Left,Released,browsing
1573650556.164,1229,475,None,Move,browsing
1573650556.174,1229,475,None,Move,browsing
1573650556.18,1228,475,None,Move,browsing
1573650556.188,1226,475,None,Move,browsing
1573650556.198,1222,475,None,Move,browsing
1573650556.204,1219,475,None,Move,browsing
1573650556.214,1215,475,None,Move,browsing
1573650556.22,1209,475,None,Move,browsing
1573650556.23,1201,478,None,Move,browsing
1573650556.24,1184,482,None,Move,browsing
1573650556.246,1179,485,None,Move,browsing
1573650556.254,1168,490,None,Move,browsing
1573650556.26,1157,496,None,Move,browsing
1573650556.27,1147,500,None,Move,browsing
1573650556.28,1117,512,None,Move,browsing
1573650556.286,1109,516,None,Move,browsing
1573650556.294,1089,524,None,Move,browsing
1573650556.301,1058,534,None,Move,browsing
1573650556.31,1026,545,None,Move,browsing
1573650556.32,966,561,None,Move,browsing
1573650556.3279998,957,566,None,Move,browsing
1573650556.336,929,574,None,Move,browsing
1573650556.343,898,588,None,Move,browsing
1573650556.35,870,598,None,Move,browsing
1573650556.36,818,616,None,Move,browsing
1573650556.365,810,618,None,Move,browsing
1573650556.3760002,786,623,None,Move,browsing
1573650556.3820002,761,626,None,Move,browsing
1573650556.39,736,626,None,Move,browsing
1573650556.4,687,626,None,Move,browsing
1573650556.406,679,626,None,Move,browsing
1573650556.416,641,626,None,Move,browsing
1573650556.4220002,633,626,None,Move,browsing
1573650556.4320002,614,625,None,Move,browsing
1573650556.438,601,624,None,Move,browsing
1573650556.448,588,623,None,Move,browsing
1573650556.458,565,621,None,Move,browsing
1573650556.464,561,621,None,Move,browsing
1573650556.472,550,621,None,Move,browsing
1573650556.478,541,618,None,Move,browsing
1573650556.488,533,617,None,Move,browsing
1573650556.498,519,616,None,Move,browsing
1573650556.504,517,616,None,Move,browsing
1573650556.512,510,615,None,Move,browsing
1573650556.518,504,613,None,Move,browsing
1573650556.528,498,612,None,Move,browsing
1573650556.538,495,610,None,Move,browsing
1573650556.548,494,609,None,Move,browsing
1573650556.564,494,609,None,Move,browsing
1573650556.574,494,608,None,Move,browsing
1573650556.58,494,607,None,Move,browsing
1573650556.5879998,494,606,None,Move,browsing
1573650556.593,494,604,None,Move,browsing
1573650556.6,494,604,None,Move,browsing
1573650556.6079998,494,603,None,Move,browsing
1573650556.6179998,494,595,None,Move,browsing
1573650556.6239998,494,593,None,Move,browsing
1573650556.6339998,494,587,None,Move,browsing
1573650556.64,494,580,None,Move,browsing
1573650556.6479998,494,576,None,Move,browsing
1573650556.658,494,570,None,Move,browsing
1573650556.664,494,568,None,Move,browsing
1573650556.674,494,565,None,Move,browsing
1573650556.68,494,562,None,Move,browsing
1573650556.69,496,559,None,Move,browsing
1573650556.7,498,553,None,Move,browsing
1573650556.706,499,551,None,Move,browsing
1573650556.714,501,548,None,Move,browsing
1573650556.72,504,543,None,Move,browsing
1573650556.73,506,541,None,Move,browsing
1573650556.736,509,537,None,Move,browsing
1573650556.746,512,534,None,Move,browsing
1573650556.752,515,531,None,Move,browsing
1573650556.762,518,528,None,Move,browsing
1573650556.772,529,521,None,Move,browsing
1573650556.778,535,517,None,Move,browsing
1573650556.788,546,512,None,Move,browsing
1573650556.794,549,511,None,Move,browsing
1573650556.804,565,505,None,Move,browsing
1573650556.81,568,504,None,Move,browsing
1573650556.82,575,504,None,Move,browsing
1573650556.826,586,502,None,Move,browsing
1573650556.834,594,498,None,Move,browsing
1573650556.844,613,496,None,Move,browsing
1573650556.85,615,496,None,Move,browsing
1573650556.86,621,494,None,Move,browsing
1573650556.8660002,631,491,None,Move,browsing
1573650556.8739998,640,488,None,Move,browsing
1573650556.8839998,652,486,None,Move,browsing
1573650556.89,655,485,None,Move,browsing
1573650556.9,660,483,None,Move,browsing
1573650556.906,669,482,None,Move,browsing
1573650556.916,675,482,None,Move,browsing
1573650556.926,694,482,None,Move,browsing
1573650556.935,698,482,None,Move,browsing
1573650556.941,711,482,None,Move,browsing
1573650556.947,722,482,None,Move,browsing
1573650556.956,735,482,None,Move,browsing
1573650556.966,763,480,None,Move,browsing
1573650556.9729998,769,480,None,Move,browsing
1573650556.98,785,480,None,Move,browsing
1573650556.986,807,480,None,Move,browsing
1573650556.996,828,480,None,Move,browsing
1573650557.006,880,480,None,Move,browsing
1573650557.012,889,480,None,Move,browsing
1573650557.022,915,480,None,Move,browsing
1573650557.028,945,480,None,Move,browsing
1573650557.038,973,481,None,Move,browsing
1573650557.044,1001,483,None,Move,browsing
1573650557.052,1023,483,None,Move,browsing
1573650557.062,1064,484,None,Move,browsing
1573650557.0679998,1071,484,None,Move,browsing
1573650557.0779998,1084,485,None,Move,browsing
1573650557.085,1095,486,None,Move,browsing
1573650557.092,1107,490,None,Move,browsing
1573650557.1020002,1120,492,None,Move,browsing
1573650557.1079998,1122,493,None,Move,browsing
1573650557.1179998,1124,493,None,Move,browsing
1573650557.1239998,1126,496,None,Move,browsing
1573650557.1339998,1128,496,None,Move,browsing
1573650557.144,1129,499,None,Move,browsing
1573650557.158,1129,499,None,Move,browsing
1573650557.164,1129,500,None,Move,browsing
1573650557.174,1129,501,None,Move,browsing
1573650557.184,1129,502,None,Move,browsing
1573650557.194,1129,504,None,Move,browsing
1573650557.204,1129,504,None,Move,browsing
1573650557.224,1129,505,None,Move,browsing
1573650557.314,1130,505,None,Move,browsing
1573650557.324,1130,504,None,Move,browsing
1573650557.3479998,1130,503,None,Move,browsing
1573650557.3579998,1130,501,None,Move,browsing
1573650557.365,1130,500,None,Move,browsing
1573650557.3720002,1131,498,None,Move,browsing
1573650557.379,1132,498,None,Move,browsing
1573650557.3860002,1132,494,None,Move,browsing
1573650557.3920002,1132,493,None,Move,browsing
1573650557.4,1134,493,None,Move,browsing
1573650557.406,1136,491,None,Move,browsing
1573650557.416,1137,490,None,Move,browsing
1573650557.426,1138,489,None,Move,browsing
1573650557.4320002,1138,488,None,Move,browsing
1573650557.44,1138,487,None,Move,browsing
1573650557.446,1138,485,None,Move,browsing
1573650557.456,1138,484,None,Move,browsing
1573650557.466,1138,482,None,Move,browsing
1573650557.4729998,1138,481,None,Move,browsing
1573650557.482,1139,479,None,Move,browsing
1573650557.488,1140,479,None,Move,browsing
1573650557.496,1140,478,None,Move,browsing
1573650557.506,1142,477,None,Move,browsing
1573650557.516,1143,476,None,Move,browsing
1573650557.522,1143,475,None,Move,browsing
1573650557.528,1144,475,None,Move,browsing
1573650557.536,1145,474,None,Move,browsing
1573650557.546,1145,473,None,Move,browsing
1573650557.582,1145,473,Left,Pressed,browsing
1573650557.6620002,1145,473,Left,Released,browsing
1573650557.678,1148,473,None,Move,browsing
1573650557.689,1152,473,None,Move,browsing
1573650557.698,1157,473,None,Move,browsing
1573650557.718,1173,473,None,Move,browsing
1573650557.726,1181,473,None,Move,browsing
1573650557.734,1191,473,None,Move,browsing
1573650557.7429998,1199,473,None,Move,browsing
1573650557.7510002,1212,473,None,Move,browsing
1573650557.7589998,1214,473,None,Move,browsing
1573650557.766,1219,473,None,Move,browsing
1573650557.774,1225,473,None,Move,browsing
1573650557.78,1230,473,None,Move,browsing
1573650557.7870002,1238,473,None,Move,browsing
1573650557.794,1239,473,None,Move,browsing
1573650557.804,1240,473,None,Move,browsing
1573650557.81,1240,473,None,Move,browsing
1573650557.8739998,1240,473,Left,Pressed,browsing
1573650557.962,1240,473,Left,Released,browsing
1573650558.0,1240,473,None,Move,browsing
1573650558.0070002,1240,473,None,Move,browsing
1573650558.015,1237,473,None,Move,browsing
1573650558.022,1234,473,None,Move,browsing
1573650558.03,1228,473,None,Move,browsing
1573650558.04,1226,473,None,Move,browsing
1573650558.0470002,1219,473,None,Move,browsing
1573650558.056,1212,476,None,Move,browsing
1573650558.063,1203,479,None,Move,browsing
1573650558.072,1184,482,None,Move,browsing
1573650558.0779998,1180,482,None,Move,browsing
1573650558.086,1170,486,None,Move,browsing
1573650558.092,1159,489,None,Move,browsing
1573650558.1020002,1139,491,None,Move,browsing
1573650558.1120002,1088,501,None,Move,browsing
1573650558.1179998,1077,503,None,Move,browsing
1573650558.1260002,1049,505,None,Move,browsing
1573650558.1320002,1019,505,None,Move,browsing
1573650558.1420002,986,505,None,Move,browsing
1573650558.1520002,924,505,None,Move,browsing
1573650558.158,913,505,None,Move,browsing
1573650558.168,891,505,None,Move,browsing
1573650558.174,860,503,None,Move,browsing
1573650558.1820002,824,499,None,Move,browsing
1573650558.1920002,763,489,None,Move,browsing
1573650558.198,752,487,None,Move,browsing
1573650558.208,719,478,None,Move,browsing
1573650558.214,683,467,None,Move,browsing
1573650558.222,647,454,None,Move,browsing
1573650558.232,596,437,None,Move,browsing
1573650558.238,586,433,None,Move,browsing
1573650558.2470002,560,423,None,Move,browsing
1573650558.256,532,412,None,Move,browsing
1573650558.2629998,506,400,None,Move,browsing
1573650558.272,464,383,None,Move,browsing
1573650558.278,459,380,None,Move,browsing
1573650558.29,431,372,None,Move,browsing
1573650558.296,426,370,None,Move,browsing
1573650558.304,417,365,None,Move,browsing
1573650558.31,411,364,None,Move,browsing
1573650558.32,406,360,None,Move,browsing
1573650558.33,399,354,None,Move,browsing
1573650558.336,398,353,None,Move,browsing
1573650558.344,394,351,None,Move,browsing
1573650558.351,391,349,None,Move,browsing
1573650558.36,388,346,None,Move,browsing
1573650558.3660002,381,343,None,Move,browsing
1573650558.3760002,379,340,None,Move,browsing
1573650558.3820002,372,335,None,Move,browsing
1573650558.3920002,366,330,None,Move,browsing
1573650558.399,358,322,None,Move,browsing
1573650558.408,353,317,None,Move,browsing
1573650558.418,344,312,None,Move,browsing
1573650558.424,343,312,None,Move,browsing
1573650558.434,341,311,None,Move,browsing
1573650558.44,337,309,None,Move,browsing
1573650558.448,336,309,None,Move,browsing
1573650558.457,332,308,None,Move,browsing
1573650558.464,331,308,None,Move,browsing
1573650558.474,330,307,None,Move,browsing
1573650558.4870002,330,307,None,Move,browsing
1573650558.562,330,307,None,Move,browsing
1573650558.577,334,307,None,Move,browsing
1573650558.593,343,310,None,Move,browsing
1573650558.613,348,311,None,Move,browsing
1573650558.621,357,313,None,Move,browsing
1573650558.627,358,313,None,Move,browsing
1573650558.6360002,364,313,None,Move,browsing
1573650558.6420002,368,313,None,Move,browsing
1573650558.65,376,315,None,Move,browsing
1573650558.66,388,316,None,Move,browsing
1573650558.666,391,316,None,Move,browsing
1573650558.676,398,319,None,Move,browsing
1573650558.6820002,410,322,None,Move,browsing
1573650558.69,422,326,None,Move,browsing
1573650558.699,442,332,None,Move,browsing
1573650558.706,445,333,None,Move,browsing
1573650558.716,457,339,None,Move,browsing
1573650558.722,468,342,None,Move,browsing
1573650558.73,479,345,None,Move,browsing
1573650558.74,495,350,None,Move,browsing
1573650558.746,498,352,None,Move,browsing
1573650558.756,506,355,None,Move,browsing
1573650558.7629998,510,357,None,Move,browsing
1573650558.772,517,361,None,Move,browsing
1573650558.781,520,361,None,Move,browsing
1573650558.788,522,362,None,Move,browsing
1573650558.795,524,363,None,Move,browsing
1573650558.802,526,363,None,Move,browsing
1573650558.812,528,365,None,Move,browsing
1573650558.822,533,367,None,Move,browsing
1573650558.8279998,533,367,None,Move,browsing
1573650558.836,537,367,None,Move,browsing
1573650558.842,538,367,None,Move,browsing
1573650558.8520002,539,367,None,Move,browsing
1573650558.9320002,540,367,None,Move,browsing
1573650558.948,540,367,None,Move,browsing
1573650558.962,541,367,None,Move,browsing
1573650559.478,542,368,None,Move,browsing
1573650559.498,542,369,None,Move,browsing
1573650559.5170002,542,369,None,Move,browsing
1573650559.554,542,371,None,Move,browsing
1573650559.564,542,372,None,Move,browsing
1573650560.569,542,372,None,Move,browsing
1573650560.581,542,372,None,Move,browsing
1573650560.591,540,373,None,Move,browsing
1573650560.6020002,539,374,None,Move,browsing
1573650560.6120002,536,375,None,Move,browsing
1573650560.619,534,376,None,Move,browsing
1573650560.6279998,534,377,None,Move,browsing
1573650560.6339998,531,378,None,Move,browsing
1573650560.6420002,530,378,None,Move,browsing
1573650560.6520002,528,379,None,Move,browsing
1573650560.658,527,379,None,Move,browsing
1573650560.668,526,379,None,Move,browsing
1573650560.678,525,379,None,Move,browsing
1573650560.691,524,380,None,Move,browsing
1573650560.698,524,380,None,Move,browsing
1573650560.708,523,380,None,Move,browsing
1573650560.714,523,380,None,Move,browsing
1573650560.724,521,380,None,Move,browsing
1573650560.734,520,381,None,Move,browsing
1573650560.7389998,519,381,None,Move,browsing
1573650560.748,519,382,None,Move,browsing
1573650560.755,518,383,None,Move,browsing
1573650560.783,517,384,None,Move,browsing
1573650560.796,516,385,None,Move,browsing
1573650560.8860002,516,386,None,Move,browsing
1573650560.8920002,516,386,None,Move,browsing
1573650560.9320002,516,387,None,Move,browsing
1573650560.966,516,388,None,Move,browsing
1573650560.975,516,389,None,Move,browsing
1573650560.992,516,389,None,Move,browsing
1573650561.248,517,389,Left,Pressed,browsing
1573650561.248,517,389,None,Drag,browsing
1573650561.2589998,518,389,None,Drag,browsing
1573650561.27,521,389,None,Drag,browsing
1573650561.281,532,389,None,Drag,browsing
1573650561.29,538,389,None,Drag,browsing
1573650561.299,547,389,None,Drag,browsing
1573650561.306,558,389,None,Drag,browsing
1573650561.315,584,389,None,Drag,browsing
1573650561.323,592,389,None,Drag,browsing
1573650561.332,612,389,None,Drag,browsing
1573650561.342,635,389,None,Drag,browsing
1573650561.35,679,387,None,Drag,browsing
1573650561.36,698,387,None,Drag,browsing
1573650561.37,742,387,None,Drag,browsing
1573650561.377,748,387,None,Drag,browsing
1573650561.3860002,763,386,None,Drag,browsing
1573650561.3920002,775,385,None,Drag,browsing
1573650561.4020002,787,385,None,Drag,browsing
1573650561.4120002,803,385,None,Drag,browsing
1573650561.418,806,385,None,Drag,browsing
1573650561.426,811,385,None,Drag,browsing
1573650561.4329998,819,385,None,Drag,browsing
1573650561.472,859,390,None,Drag,browsing
1573650561.479,861,390,None,Drag,browsing
1573650561.4870002,871,390,None,Drag,browsing
1573650561.495,871,390,None,Drag,browsing
1573650561.502,873,390,None,Drag,browsing
1573650561.514,874,390,None,Drag,browsing
1573650561.514,874,390,Left,Released,browsing
1573650561.566,874,390,None,Move,browsing
1573650561.573,873,390,None,Move,browsing
1573650561.579,870,388,None,Move,browsing
1573650561.5879998,868,388,None,Move,browsing
1573650561.596,866,388,None,Move,browsing
1573650561.604,864,388,None,Move,browsing
1573650561.613,860,388,None,Move,browsing
1573650561.6220002,856,388,None,Move,browsing
1573650561.63,855,388,None,Move,browsing
1573650561.6360002,854,388,None,Move,browsing
1573650561.643,850,388,None,Move,browsing
1573650561.6520002,847,388,None,Move,browsing
1573650561.6620002,840,388,None,Move,browsing
1573650561.667,838,388,None,Move,browsing
1573650561.676,834,388,None,Move,browsing
1573650561.681,830,388,None,Move,browsing
1573650561.6920002,823,388,None,Move,browsing
1573650561.702,811,385,None,Move,browsing
1573650561.708,809,385,None,Move,browsing
1573650561.716,801,382,None,Move,browsing
1573650561.722,791,378,None,Move,browsing
1573650561.732,780,375,None,Move,browsing
1573650561.742,762,367,None,Move,browsing
1573650561.748,756,365,None,Move,browsing
1573650561.758,745,359,None,Move,browsing
1573650561.764,737,357,None,Move,browsing
1573650561.772,721,354,None,Move,browsing
1573650561.782,686,343,None,Move,browsing
1573650561.788,680,341,None,Move,browsing
1573650561.798,662,336,None,Move,browsing
1573650561.803,643,329,None,Move,browsing
1573650561.812,625,322,None,Move,browsing
1573650561.822,596,314,None,Move,browsing
1573650561.8279998,591,312,None,Move,browsing
1573650561.8379998,585,310,None,Move,browsing
1573650561.846,577,308,None,Move,browsing
1573650561.854,571,307,None,Move,browsing
1573650561.8639998,563,303,None,Move,browsing
1573650561.87,561,302,None,Move,browsing
1573650561.8779998,555,301,None,Move,browsing
1573650561.8839998,552,299,None,Move,browsing
1573650561.894,544,297,None,Move,browsing
1573650561.904,528,292,None,Move,browsing
1573650561.91,525,290,None,Move,browsing
1573650561.918,518,287,None,Move,browsing
1573650561.924,509,283,None,Move,browsing
1573650561.934,505,280,None,Move,browsing
1573650561.944,496,278,None,Move,browsing
1573650561.95,496,277,None,Move,browsing
1573650561.958,491,275,None,Move,browsing
1573650561.964,488,274,None,Move,browsing
1573650561.974,485,272,None,Move,browsing
1573650561.984,475,266,None,Move,browsing
1573650561.99,473,265,None,Move,browsing
1573650562.0,468,263,None,Move,browsing
1573650562.006,464,262,None,Move,browsing
1573650562.014,459,260,None,Move,browsing
1573650562.0229998,454,259,None,Move,browsing
1573650562.031,452,258,None,Move,browsing
1573650562.04,448,257,None,Move,browsing
1573650562.0470002,446,257,None,Move,browsing
1573650562.054,444,256,None,Move,browsing
1573650562.064,441,256,None,Move,browsing
1573650562.069,440,256,None,Move,browsing
1573650562.08,438,256,None,Move,browsing
1573650562.086,437,256,None,Move,browsing
1573650562.096,437,255,None,Move,browsing
1573650562.105,436,255,None,Move,browsing
1573650562.1260002,435,255,None,Move,browsing
1573650562.14,435,255,None,Move,browsing
1573650562.146,434,255,None,Move,browsing
1573650562.154,432,255,None,Move,browsing
1573650562.16,432,255,None,Move,browsing
1573650562.168,430,256,None,Move,browsing
1573650562.174,428,257,None,Move,browsing
1573650562.184,426,259,None,Move,browsing
1573650562.2029998,421,263,None,Move,browsing
1573650562.222,417,268,None,Move,browsing
1573650562.23,411,271,None,Move,browsing
1573650562.236,406,277,None,Move,browsing
1573650562.244,403,280,None,Move,browsing
1573650562.2510002,401,282,None,Move,browsing
1573650562.2610002,400,283,None,Move,browsing
1573650562.2670002,398,285,None,Move,browsing
1573650562.272,396,285,None,Move,browsing
1573650562.28,396,285,None,Move,browsing
1573650562.29,394,287,None,Move,browsing
1573650562.296,394,288,None,Move,browsing
1573650562.306,393,289,None,Move,browsing
1573650562.455,393,289,None,Move,browsing
1573650562.471,393,288,None,Move,browsing
1573650562.486,393,288,None,Move,browsing
1573650562.508,393,287,None,Move,browsing
1573650562.528,394,287,None,Move,browsing
1573650562.538,394,286,None,Move,browsing
1573650562.56,395,286,None,Move,browsing
1573650562.58,395,285,None,Move,browsing
1573650562.59,396,284,None,Move,browsing
1573650562.65,396,283,None,Move,browsing
1573650562.68,396,283,None,Move,browsing
1573650562.721,396,283,Left,Pressed,browsing
1573650562.805,396,283,Left,Released,browsing
1573650562.851,397,282,None,Move,browsing
1573650562.8620002,398,282,None,Move,browsing
1573650562.8720002,400,283,None,Move,browsing
1573650562.877,401,284,None,Move,browsing
1573650562.8879998,401,285,None,Move,browsing
1573650562.894,401,287,None,Move,browsing
1573650562.9020002,401,289,None,Move,browsing
1573650562.9120002,403,292,None,Move,browsing
1573650562.918,403,293,None,Move,browsing
1573650562.928,403,297,None,Move,browsing
1573650562.935,404,298,None,Move,browsing
1573650562.9420002,405,299,None,Move,browsing
1573650562.952,407,304,None,Move,browsing
1573650562.958,408,304,None,Move,browsing
1573650562.971,409,305,None,Move,browsing
1573650562.992,410,306,None,Move,browsing
1573650562.9970002,410,307,None,Move,browsing
1573650563.143,410,307,None,Move,browsing
1573650563.159,410,307,None,Move,browsing
1573650563.221,410,306,None,Move,browsing
1573650563.304,410,306,Left,Pressed,browsing
1573650563.4120002,410,306,Left,Released,browsing
1573650563.5470002,410,306,None,Move,browsing
1573650563.562,410,303,None,Move,browsing
1573650563.5779998,409,301,None,Move,browsing
1573650563.59,409,300,None,Move,browsing
1573650563.603,409,300,None,Move,browsing
1573650563.6139998,409,298,None,Move,browsing
1573650563.62,409,298,None,Move,browsing
1573650563.6279998,408,297,None,Move,browsing
1573650563.6339998,408,294,None,Move,browsing
1573650563.644,408,292,None,Move,browsing
1573650563.654,406,290,None,Move,browsing
1573650563.66,406,290,None,Move,browsing
1573650563.668,405,288,None,Move,browsing
1573650563.675,404,282,None,Move,browsing
1573650563.684,403,278,None,Move,browsing
1573650563.694,401,272,None,Move,browsing
1573650563.7,400,270,None,Move,browsing
1573650563.71,400,269,None,Move,browsing
1573650563.716,400,267,None,Move,browsing
1573650563.724,400,266,None,Move,browsing
1573650563.734,400,263,None,Move,browsing
1573650563.74,400,262,None,Move,browsing
1573650563.75,399,261,None,Move,browsing
1573650563.756,398,258,None,Move,browsing
1573650563.764,398,256,None,Move,browsing
1573650563.774,398,252,None,Move,browsing
1573650563.779,397,250,None,Move,browsing
1573650563.7970002,396,248,None,Move,browsing
1573650563.804,396,247,None,Move,browsing
1573650563.836,396,246,None,Move,browsing
1573650563.85,396,245,None,Move,browsing
1573650563.86,396,244,None,Move,browsing
1573650563.906,396,244,None,Move,browsing
1573650563.919,396,243,None,Move,browsing
1573650563.92,396,243,None,Move,browsing
1573650563.956,396,242,None,Move,browsing
1573650563.982,396,241,None,Move,browsing
1573650563.9910002,396,241,None,Move,browsing
1573650563.9989998,397,240,None,Move,browsing
1573650564.026,397,239,None,Move,browsing
1573650564.036,398,238,None,Move,browsing
1573650564.052,398,237,None,Move,browsing
1573650564.062,398,237,None,Move,browsing
1573650564.072,399,236,None,Move,browsing
1573650564.1079998,399,236,None,Move,browsing
1573650564.202,399,234,None,Move,browsing
1573650564.218,400,234,None,Move,browsing
1573650564.356,400,234,None,Move,browsing
1573650564.472,400,234,Left,Pressed,browsing
1573650564.6020002,400,234,Left,Released,browsing
1573650567.181,401,234,None,Move,browsing
1573650567.2,401,234,None,Move,browsing
1573650567.205,398,230,None,Move,browsing
1573650567.211,394,226,None,Move,browsing
1573650567.22,386,217,None,Move,browsing
1573650567.226,386,214,None,Move,browsing
1573650567.234,384,207,None,Move,browsing
1573650567.244,384,204,None,Move,browsing
1573650567.403,384,204,None,Move,browsing
1573650567.419,385,218,None,Move,browsing
1573650567.435,386,228,None,Move,browsing
1573650567.457,387,245,None,Move,browsing
1573650567.468,390,255,None,Move,browsing
1573650567.478,391,258,None,Move,browsing
1573650567.4889998,394,265,None,Move,browsing
1573650567.4989998,394,267,None,Move,browsing
1573650567.506,395,269,None,Move,browsing
1573650567.512,396,271,None,Move,browsing
1573650567.519,396,273,None,Move,browsing
1573650567.528,396,273,None,Move,browsing
1573650567.53,397,274,None,Move,browsing
1573650567.619,397,276,None,Move,browsing
1573650567.729,397,276,None,Move,browsing
1573650567.745,397,275,None,Move,browsing
1573650567.766,397,274,None,Move,browsing
1573650567.776,397,274,None,Move,browsing
1573650567.786,398,272,None,Move,browsing
1573650567.796,398,272,None,Move,browsing
1573650567.803,398,271,None,Move,browsing
1573650567.826,398,270,None,Move,browsing
1573650567.837,399,269,None,Move,browsing
1573650567.8520002,399,268,None,Move,browsing
1573650567.861,399,268,None,Move,browsing
1573650567.896,399,266,None,Move,browsing
1573650567.906,399,265,None,Move,browsing
1573650567.914,400,265,None,Move,browsing
1573650567.9320002,400,264,None,Move,browsing
1573650567.9420002,400,263,None,Move,browsing
1573650567.9770002,401,263,None,Move,browsing
1573650567.988,401,262,None,Move,browsing
1573650567.994,402,261,None,Move,browsing
1573650568.008,405,258,None,Move,browsing
1573650568.018,405,258,None,Move,browsing
1573650568.028,406,257,None,Move,browsing
1573650568.035,406,256,None,Move,browsing
1573650568.042,407,255,None,Move,browsing
1573650568.1079998,408,254,None,Move,browsing
1573650568.158,408,254,Left,Pressed,browsing
1573650568.264,408,254,Left,Released,browsing
1573650568.322,408,253,None,Move,browsing
1573650568.337,408,253,None,Move,browsing
1573650568.3620002,408,252,None,Move,browsing
1573650568.373,408,252,None,Move,browsing
1573650571.5579998,408,250,None,Move,browsing
1573650571.5670002,395,236,None,Move,browsing
1573650571.575,392,233,None,Move,browsing
1573650571.584,385,228,None,Move,browsing
1573650571.59,382,228,None,Move,browsing
1573650571.5979998,381,227,None,Move,browsing
1573650571.6279998,381,227,None,Move,browsing
1573650571.637,381,228,None,Move,browsing
1573650571.65,383,237,None,Move,browsing
1573650571.657,387,238,None,Move,browsing
1573650571.664,397,246,None,Move,browsing
1573650571.67,408,254,None,Move,browsing
1573650571.68,420,261,None,Move,browsing
1573650571.689,443,280,None,Move,browsing
1573650571.695,445,281,None,Move,browsing
1573650571.704,459,290,None,Move,browsing
1573650571.712,484,310,None,Move,browsing
1573650571.72,516,328,None,Move,browsing
1573650571.73,584,358,None,Move,browsing
1573650571.735,597,364,None,Move,browsing
1573650571.744,638,378,None,Move,browsing
1573650571.75,695,394,None,Move,browsing
1573650571.76,749,406,None,Move,browsing
1573650571.77,842,424,None,Move,browsing
1573650571.778,863,427,None,Move,browsing
1573650571.786,916,435,None,Move,browsing
1573650571.793,966,440,None,Move,browsing
1573650571.8,1008,448,None,Move,browsing
1573650571.81,1075,463,None,Move,browsing
1573650571.816,1086,466,None,Move,browsing
1573650571.826,1115,475,None,Move,browsing
1573650571.832,1143,484,None,Move,browsing
1573650571.84,1166,494,None,Move,browsing
1573650571.85,1186,501,None,Move,browsing
1573650571.857,1187,501,None,Move,browsing
1573650571.9220002,1188,502,None,Move,browsing
1573650571.937,1189,502,None,Move,browsing
1573650571.946,1191,502,None,Move,browsing
1573650571.962,1191,502,None,Move,browsing
1573650571.972,1193,502,None,Move,browsing
1573650571.982,1193,501,None,Move,browsing
1573650572.052,1193,500,None,Move,browsing
1573650572.069,1194,494,None,Move,browsing
1573650572.087,1194,490,None,Move,browsing
1573650572.095,1194,486,None,Move,browsing
1573650572.103,1194,485,None,Move,browsing
1573650572.111,1194,483,None,Move,browsing
1573650572.1179998,1191,479,None,Move,browsing
1573650572.125,1190,477,None,Move,browsing
1573650572.133,1188,473,None,Move,browsing
1573650572.14,1186,470,None,Move,browsing
1573650572.15,1185,468,None,Move,browsing
1573650572.164,1184,468,None,Move,browsing
1573650572.174,1184,467,None,Move,browsing
1573650572.194,1184,467,None,Move,browsing
1573650572.204,1184,466,None,Move,browsing
1573650572.216,1184,464,None,Move,browsing
1573650572.232,1188,463,None,Move,browsing
1573650572.242,1190,463,None,Move,browsing
1573650572.2529998,1202,463,None,Move,browsing
1573650572.262,1211,463,None,Move,browsing
1573650572.27,1228,465,None,Move,browsing
1573650572.2770002,1231,465,None,Move,browsing
1573650572.286,1240,467,None,Move,browsing
1573650572.292,1250,469,None,Move,browsing
1573650572.302,1260,469,None,Move,browsing
1573650572.309,1264,469,None,Move,browsing
1573650572.316,1266,469,None,Move,browsing
1573650572.326,1269,469,None,Move,browsing
1573650572.336,1270,469,None,Move,browsing
1573650572.344,1271,469,None,Move,browsing
1573650572.3579998,1271,468,None,Move,browsing
1573650572.3679998,1272,468,None,Move,browsing
1573650572.3779998,1273,468,None,Move,browsing
1573650572.3839998,1276,468,None,Move,browsing
1573650572.394,1278,468,None,Move,browsing
1573650572.4,1279,468,None,Move,browsing
1573650572.406,1282,468,None,Move,browsing
1573650572.414,1284,468,None,Move,browsing
1573650572.424,1288,468,None,Move,browsing
1573650572.434,1289,468,None,Move,browsing
1573650572.44,1290,468,None,Move,browsing
1573650572.446,1290,468,None,Move,browsing
1573650572.454,1291,468,None,Move,browsing
1573650572.47,1292,468,None,Move,browsing
1573650572.484,1294,468,None,Move,browsing
1573650572.494,1295,468,None,Move,browsing
1573650572.504,1298,468,None,Move,browsing
1573650572.514,1299,468,None,Move,browsing
1573650572.52,1300,468,None,Move,browsing
1573650572.526,1301,468,None,Move,browsing
1573650572.534,1302,468,None,Move,browsing
1573650572.544,1303,467,None,Move,browsing
1573650572.56,1303,466,None,Move,browsing
1573650572.62,1303,466,Left,Pressed,browsing
1573650572.68,1303,466,Left,Released,browsing
1573650572.686,1304,466,None,Move,browsing
1573650572.785,1304,466,None,Move,browsing
1573650572.801,1302,466,None,Move,browsing
1573650572.813,1299,466,None,Move,browsing
1573650572.824,1296,467,None,Move,browsing
1573650572.831,1293,468,None,Move,browsing
1573650572.8379998,1291,468,None,Move,browsing
1573650572.844,1290,469,None,Move,browsing
1573650572.85,1290,469,None,Move,browsing
1573650572.8579998,1289,471,None,Move,browsing
1573650572.8639998,1287,472,None,Move,browsing
1573650572.873,1286,474,None,Move,browsing
1573650572.8839998,1279,475,None,Move,browsing
1573650572.89,1277,477,None,Move,browsing
1573650572.8979998,1273,479,None,Move,browsing
1573650572.904,1266,480,None,Move,browsing
1573650572.914,1258,484,None,Move,browsing
1573650572.924,1241,490,None,Move,browsing
1573650572.93,1238,491,None,Move,browsing
1573650572.94,1229,494,None,Move,browsing
1573650572.947,1219,497,None,Move,browsing
1573650572.954,1208,499,None,Move,browsing
1573650572.964,1192,504,None,Move,browsing
1573650572.971,1188,505,None,Move,browsing
1573650572.98,1177,507,None,Move,browsing
1573650572.9929998,1165,509,None,Move,browsing
1573650573.0070002,1133,511,None,Move,browsing
1573650573.019,1130,511,None,Move,browsing
1573650573.028,1107,512,None,Move,browsing
1573650573.038,1098,512,None,Move,browsing
1573650573.0470002,1073,512,None,Move,browsing
1573650573.056,1067,512,None,Move,browsing
1573650573.064,1053,512,None,Move,browsing
1573650573.071,1037,514,None,Move,browsing
1573650573.077,1020,515,None,Move,browsing
1573650573.086,993,520,None,Move,browsing
1573650573.092,988,520,None,Move,browsing
1573650573.1,974,522,None,Move,browsing
1573650573.106,961,522,None,Move,browsing
1573650573.1160002,948,522,None,Move,browsing
1573650573.1260002,925,526,None,Move,browsing
1573650573.1320002,918,526,None,Move,browsing
1573650573.14,905,528,None,Move,browsing
1573650573.146,888,529,None,Move,browsing
1573650573.156,873,531,None,Move,browsing
1573650573.166,839,535,None,Move,browsing
1573650573.1720002,831,535,None,Move,browsing
1573650573.1820002,813,535,None,Move,browsing
1573650573.189,791,535,None,Move,browsing
1573650573.196,769,535,None,Move,browsing
1573650573.206,721,535,None,Move,browsing
1573650573.212,711,536,None,Move,browsing
1573650573.222,690,540,None,Move,browsing
1573650573.229,669,544,None,Move,browsing
1573650573.236,648,548,None,Move,browsing
1573650573.246,613,555,None,Move,browsing
1573650573.2529998,607,557,None,Move,browsing
1573650573.262,594,558,None,Move,browsing
1573650573.268,582,558,None,Move,browsing
1573650573.278,569,560,None,Move,browsing
1573650573.288,548,562,None,Move,browsing
1573650573.2970002,543,562,None,Move,browsing
1573650573.306,531,562,None,Move,browsing
1573650573.315,520,563,None,Move,browsing
1573650573.322,511,563,None,Move,browsing
1573650573.3279998,499,566,None,Move,browsing
1573650573.336,498,566,None,Move,browsing
1573650573.342,493,567,None,Move,browsing
1573650573.3479998,490,568,None,Move,browsing
1573650573.357,483,570,None,Move,browsing
1573650573.367,472,572,None,Move,browsing
1573650573.3760002,470,573,None,Move,browsing
1573650573.383,463,575,None,Move,browsing
1573650573.39,456,576,None,Move,browsing
1573650573.3979998,450,578,None,Move,browsing
1573650573.408,442,578,None,Move,browsing
1573650573.414,441,578,None,Move,browsing
1573650573.424,438,579,None,Move,browsing
1573650573.43,435,581,None,Move,browsing
1573650573.438,433,581,None,Move,browsing
1573650573.448,430,584,None,Move,browsing
1573650573.464,430,584,None,Move,browsing
1573650573.47,429,584,None,Move,browsing
1573650573.478,427,584,None,Move,browsing
1573650573.488,423,584,None,Move,browsing
1573650573.494,420,584,None,Move,browsing
1573650573.504,417,584,None,Move,browsing
1573650573.5089998,410,584,None,Move,browsing
1573650573.52,405,584,None,Move,browsing
1573650573.53,397,582,None,Move,browsing
1573650573.536,396,582,None,Move,browsing
1573650573.544,394,582,None,Move,browsing
1573650573.55,391,581,None,Move,browsing
1573650573.56,389,581,None,Move,browsing
1573650573.57,384,581,None,Move,browsing
1573650573.576,382,581,None,Move,browsing
1573650573.584,375,581,None,Move,browsing
1573650573.591,370,580,None,Move,browsing
1573650573.6,364,579,None,Move,browsing
1573650573.61,356,579,None,Move,browsing
1573650573.6160002,354,578,None,Move,browsing
1573650573.6260002,351,578,None,Move,browsing
1573650573.631,348,578,None,Move,browsing
1573650573.64,344,578,None,Move,browsing
1573650573.65,341,577,None,Move,browsing
1573650573.656,339,577,None,Move,browsing
1573650573.666,339,577,None,Move,browsing
1573650573.673,337,577,None,Move,browsing
1573650573.679,332,577,None,Move,browsing
1573650573.69,328,574,None,Move,browsing
1573650573.696,327,574,None,Move,browsing
1573650573.706,324,574,None,Move,browsing
1573650573.712,320,573,None,Move,browsing
1573650573.72,316,573,None,Move,browsing
1573650573.732,310,571,None,Move,browsing
1573650573.738,309,571,None,Move,browsing
1573650573.746,305,571,None,Move,browsing
1573650573.752,303,571,None,Move,browsing
1573650573.762,300,571,None,Move,browsing
1573650573.772,300,571,None,Move,browsing
1573650573.778,299,571,None,Move,browsing
1573650573.792,297,571,None,Move,browsing
1573650573.802,295,570,None,Move,browsing
1573650573.812,293,570,None,Move,browsing
1573650573.8179998,292,570,None,Move,browsing
1573650573.826,288,570,None,Move,browsing
1573650573.831,285,570,None,Move,browsing
1573650573.842,281,570,None,Move,browsing
1573650573.8520002,277,570,None,Move,browsing
1573650573.8620002,276,570,None,Move,browsing
1573650573.8679998,275,570,None,Move,browsing
1573650573.875,274,570,None,Move,browsing
1573650573.8820002,273,570,None,Move,browsing
1573650573.8920002,272,570,None,Move,browsing
1573650573.8979998,271,570,None,Move,browsing
1573650573.908,270,570,None,Move,browsing
1573650573.914,269,570,None,Move,browsing
1573650573.9220002,268,569,None,Move,browsing
1573650573.9320002,267,568,None,Move,browsing
1573650573.938,265,567,None,Move,browsing
1573650573.948,264,567,None,Move,browsing
1573650573.966,264,567,None,Move,browsing
1573650574.0670002,264,567,Left,Pressed,browsing
1573650574.1420002,264,567,Left,Released,browsing
1573650574.168,263,567,None,Move,browsing
1573650574.2129998,263,567,None,Move,browsing
1573650574.224,261,568,None,Move,browsing
1573650574.234,261,568,None,Move,browsing
1573650574.24,260,569,None,Move,browsing
1573650574.246,260,570,None,Move,browsing
1573650574.255,260,573,None,Move,browsing
1573650574.266,260,575,None,Move,browsing
1573650574.272,260,576,None,Move,browsing
1573650574.278,260,576,None,Move,browsing
1573650574.286,260,580,None,Move,browsing
1573650574.296,261,581,None,Move,browsing
1573650574.657,261,582,None,Move,browsing
1573650574.694,261,582,None,Move,browsing
1573650574.704,261,583,None,Move,browsing
1573650574.7129998,261,583,None,Move,browsing
1573650574.83,262,583,None,Move,browsing
1573650574.847,264,583,None,Move,browsing
1573650574.857,266,583,None,Move,browsing
1573650574.8660002,267,583,None,Move,browsing
1573650574.8760002,273,586,None,Move,browsing
1573650574.883,273,586,None,Move,browsing
1573650574.8920002,276,586,None,Move,browsing
1573650574.8979998,277,587,None,Move,browsing
1573650574.909,278,587,None,Move,browsing
1573650574.916,280,589,None,Move,browsing
1573650574.923,282,590,None,Move,browsing
1573650574.955,283,590,None,Move,browsing
1573650574.982,284,591,None,Move,browsing
1573650574.996,284,591,None,Move,browsing
1573650575.0070002,285,592,None,Move,browsing
1573650575.018,285,592,None,Move,browsing
1573650575.028,286,593,None,Move,browsing
1573650575.048,286,593,None,Move,browsing
1573650575.056,287,594,None,Move,browsing
1573650575.879,287,594,None,Move,browsing
1573650575.897,288,594,None,Move,browsing
1573650575.916,289,594,None,Move,browsing
1573650575.923,294,594,None,Move,browsing
1573650575.93,300,594,None,Move,browsing
1573650575.94,316,594,None,Move,browsing
1573650575.946,323,594,None,Move,browsing
1573650575.956,343,594,None,Move,browsing
1573650575.962,374,597,None,Move,browsing
1573650575.97,412,597,None,Move,browsing
1573650575.98,495,597,None,Move,browsing
1573650575.986,512,597,None,Move,browsing
1573650575.996,566,596,None,Move,browsing
1573650576.0029998,619,588,None,Move,browsing
1573650576.01,677,580,None,Move,browsing
1573650576.02,776,562,None,Move,browsing
1573650576.026,794,560,None,Move,browsing
1573650576.036,856,547,None,Move,browsing
1573650576.042,914,539,None,Move,browsing
1573650576.052,967,531,None,Move,browsing
1573650576.062,1049,521,None,Move,browsing
1573650576.07,1061,518,None,Move,browsing
1573650576.076,1094,514,None,Move,browsing
1573650576.083,1128,511,None,Move,browsing
1573650576.092,1153,508,None,Move,browsing
1573650576.1020002,1189,497,None,Move,browsing
1573650576.1079998,1193,495,None,Move,browsing
1573650576.1160002,1203,491,None,Move,browsing
1573650576.1220002,1210,488,None,Move,browsing
1573650576.1320002,1214,483,None,Move,browsing
1573650576.1420002,1215,481,None,Move,browsing
1573650576.1479998,1215,480,None,Move,browsing
1573650576.158,1215,478,None,Move,browsing
1573650576.164,1215,476,None,Move,browsing
1573650576.1720002,1215,475,None,Move,browsing
1573650576.1820002,1215,471,None,Move,browsing
1573650576.1920002,1213,469,None,Move,browsing
1573650576.202,1211,468,None,Move,browsing
1573650576.212,1210,467,None,Move,browsing
1573650576.222,1207,466,None,Move,browsing
1573650576.228,1205,466,None,Move,browsing
1573650576.238,1204,464,None,Move,browsing
1573650576.244,1203,464,None,Move,browsing
1573650576.252,1202,463,None,Move,browsing
1573650576.262,1201,462,None,Move,browsing
1573650576.268,1201,461,None,Move,browsing
1573650576.278,1199,460,None,Move,browsing
1573650576.334,1199,458,None,Move,browsing
1573650576.346,1198,458,None,Move,browsing
1573650576.357,1198,457,None,Move,browsing
1573650576.371,1194,456,None,Move,browsing
1573650576.381,1193,456,None,Move,browsing
1573650576.3879998,1191,456,None,Move,browsing
1573650576.395,1190,456,None,Move,browsing
1573650576.404,1184,456,None,Move,browsing
1573650576.413,1181,458,None,Move,browsing
1573650576.424,1176,462,None,Move,browsing
1573650576.431,1175,462,None,Move,browsing
1573650576.44,1171,466,None,Move,browsing
1573650576.446,1170,466,None,Move,browsing
1573650576.456,1168,467,None,Move,browsing
1573650576.462,1167,467,None,Move,browsing
1573650576.469,1163,469,None,Move,browsing
1573650576.48,1160,471,None,Move,browsing
1573650576.486,1160,471,None,Move,browsing
1573650576.496,1158,473,None,Move,browsing
1573650576.502,1157,473,None,Move,browsing
1573650576.512,1155,473,None,Move,browsing
1573650576.522,1155,473,None,Move,browsing
1573650576.5270002,1154,473,None,Move,browsing
1573650576.536,1153,473,None,Move,browsing
1573650576.542,1153,473,None,Move,browsing
1573650576.552,1151,474,None,Move,browsing
1573650576.562,1150,474,None,Move,browsing
1573650576.572,1150,474,None,Move,browsing
1573650576.587,1149,475,None,Move,browsing
1573650576.646,1149,475,Left,Pressed,browsing
1573650576.735,1149,475,Left,Released,browsing
1573650576.78,1150,476,None,Move,browsing
1573650576.7870002,1151,477,None,Move,browsing
1573650576.796,1157,479,None,Move,browsing
1573650576.804,1162,480,None,Move,browsing
1573650576.81,1169,480,None,Move,browsing
1573650576.82,1178,480,None,Move,browsing
1573650576.837,1198,480,None,Move,browsing
1573650576.844,1205,480,None,Move,browsing
1573650576.8520002,1213,480,None,Move,browsing
1573650576.8579998,1217,480,None,Move,browsing
1573650576.8679998,1224,479,None,Move,browsing
1573650576.873,1225,479,None,Move,browsing
1573650576.8839998,1228,478,None,Move,browsing
1573650576.889,1228,477,None,Move,browsing
1573650577.083,1228,477,Left,Pressed,browsing
1573650577.1620002,1228,477,Left,Released,browsing
1573650577.206,1228,477,None,Move,browsing
1573650577.214,1220,477,None,Move,browsing
1573650577.222,1211,477,None,Move,browsing
1573650577.232,1195,477,None,Move,browsing
1573650577.238,1189,477,None,Move,browsing
1573650577.245,1170,482,None,Move,browsing
1573650577.2529998,1140,490,None,Move,browsing
1573650577.2610002,1102,501,None,Move,browsing
1573650577.271,1037,526,None,Move,browsing
1573650577.279,1022,531,None,Move,browsing
1573650577.2870002,979,544,None,Move,browsing
1573650577.293,933,560,None,Move,browsing
1573650577.301,878,576,None,Move,browsing
1573650577.311,792,600,None,Move,browsing
1573650577.3179998,774,603,None,Move,browsing
1573650577.327,722,608,None,Move,browsing
1573650577.334,680,612,None,Move,browsing
1573650577.341,637,612,None,Move,browsing
1573650577.351,572,612,None,Move,browsing
1573650577.357,563,612,None,Move,browsing
1573650577.3679998,538,612,None,Move,browsing
1573650577.373,511,612,None,Move,browsing
1573650577.3839998,484,612,None,Move,browsing
1573650577.39,459,612,None,Move,browsing
1573650577.3979998,440,612,None,Move,browsing
1573650577.408,408,612,None,Move,browsing
1573650577.414,402,612,None,Move,browsing
1573650577.424,390,612,None,Move,browsing
1573650577.43,380,612,None,Move,browsing
1573650577.439,371,611,None,Move,browsing
1573650577.449,357,606,None,Move,browsing
1573650577.455,356,606,None,Move,browsing
1573650577.4629998,351,605,None,Move,browsing
1573650577.469,345,603,None,Move,browsing
1573650577.479,340,599,None,Move,browsing
1573650577.4889998,333,598,None,Move,browsing
1573650577.496,332,597,None,Move,browsing
1573650577.5029998,328,596,None,Move,browsing
1573650577.5089998,326,596,None,Move,browsing
1573650577.519,324,596,None,Move,browsing
1573650577.53,320,594,None,Move,browsing
1573650577.536,319,594,None,Move,browsing
1573650577.546,316,592,None,Move,browsing
1573650577.552,314,592,None,Move,browsing
1573650577.56,312,591,None,Move,browsing
1573650577.57,305,591,None,Move,browsing
1573650577.576,303,591,None,Move,browsing
1573650577.586,300,590,None,Move,browsing
1573650577.591,296,590,None,Move,browsing
1573650577.6,294,590,None,Move,browsing
1573650577.609,292,590,None,Move,browsing
1573650577.62,289,589,None,Move,browsing
1573650577.6360002,288,589,None,Move,browsing
1573650577.643,288,589,None,Move,browsing
1573650577.6520002,285,589,None,Move,browsing
1573650577.658,284,588,None,Move,browsing
1573650577.666,282,586,None,Move,browsing
1573650577.6720002,280,585,None,Move,browsing
1573650577.6820002,276,583,None,Move,browsing
1573650577.6920002,273,583,None,Move,browsing
1573650577.698,270,581,None,Move,browsing
1573650577.708,266,579,None,Move,browsing
1573650577.714,263,578,None,Move,browsing
1573650577.722,259,575,None,Move,browsing
1573650577.728,255,573,None,Move,browsing
1573650577.738,253,573,None,Move,browsing
1573650577.744,249,571,None,Move,browsing
1573650577.754,248,570,None,Move,browsing
1573650577.76,247,570,None,Move,browsing
1573650577.776,246,569,None,Move,browsing
1573650577.806,246,569,None,Move,browsing
1573650577.846,246,568,None,Move,browsing
1573650577.911,246,567,None,Move,browsing
1573650577.938,246,565,None,Move,browsing
1573650577.962,246,565,Left,Pressed,browsing
1573650578.043,246,565,Left,Released,browsing
1573650578.074,246,565,None,Move,browsing
1573650578.083,247,565,None,Move,browsing
1573650578.093,247,566,None,Move,browsing
1573650578.101,250,567,None,Move,browsing
1573650578.109,253,569,None,Move,browsing
1573650578.119,258,572,None,Move,browsing
1573650578.1279998,260,572,None,Move,browsing
1573650578.135,266,573,None,Move,browsing
1573650578.143,272,574,None,Move,browsing
1573650578.151,279,575,None,Move,browsing
1573650578.16,288,576,None,Move,browsing
1573650578.168,291,577,None,Move,browsing
1573650578.176,297,578,None,Move,browsing
1573650578.184,299,578,None,Move,browsing
1573650578.1920002,301,578,None,Move,browsing
1573650578.2,305,578,None,Move,browsing
1573650578.207,306,578,None,Move,browsing
1573650578.215,309,578,None,Move,browsing
1573650578.221,311,579,None,Move,browsing
1573650578.23,313,579,None,Move,browsing
1573650578.24,316,581,None,Move,browsing
1573650578.246,317,581,None,Move,browsing
1573650578.256,320,581,None,Move,browsing
1573650578.2629998,323,581,None,Move,browsing
1573650578.271,325,581,None,Move,browsing
1573650578.28,328,581,None,Move,browsing
1573650578.2870002,329,581,None,Move,browsing
1573650578.296,329,581,None,Move,browsing
1573650578.304,330,581,None,Move,browsing
1573650578.311,331,581,None,Move,browsing
1573650578.326,332,581,None,Move,browsing
1573650578.342,332,581,None,Move,browsing
1573650578.408,332,581,None,Move,browsing
1573650578.423,332,580,None,Move,browsing
1573650578.4429998,331,580,None,Move,browsing
1573650578.454,330,580,None,Move,browsing
1573650578.465,330,580,None,Move,browsing
1573650578.472,329,580,None,Move,browsing
1573650578.482,328,580,None,Move,browsing
1573650578.492,328,580,None,Move,browsing
1573650578.4989998,327,580,None,Move,browsing
1573650578.505,326,580,None,Move,browsing
1573650578.512,325,581,None,Move,browsing
1573650578.522,324,581,None,Move,browsing
1573650578.531,322,582,None,Move,browsing
1573650578.548,321,582,None,Move,browsing
1573650578.562,320,583,None,Move,browsing
1573650578.574,319,584,None,Move,browsing
1573650578.581,319,584,None,Move,browsing
1573650578.587,318,585,None,Move,browsing
1573650578.604,317,587,None,Move,browsing
1573650578.6120002,316,587,None,Move,browsing
1573650578.62,316,588,None,Move,browsing
1573650578.6339998,315,588,None,Move,browsing
1573650578.684,315,588,None,Move,browsing
1573650578.6920002,312,589,None,Move,browsing
1573650578.72,310,589,None,Move,browsing
1573650578.764,310,589,None,Move,browsing
1573650578.806,309,589,None,Move,browsing
1573650578.83,308,590,None,Move,browsing
1573650578.84,306,591,None,Move,browsing
1573650578.85,305,591,None,Move,browsing
1573650578.86,304,592,None,Move,browsing
1573650578.8660002,304,592,None,Move,browsing
1573650578.8760002,301,593,None,Move,browsing
1573650578.9,300,594,None,Move,browsing
1573650579.71,300,594,Left,Pressed,browsing
1573650579.8479998,300,594,Left,Released,browsing
1573650580.397,300,593,None,Move,browsing
1573650580.4120002,300,589,None,Move,browsing
1573650580.4429998,300,581,None,Move,browsing
1573650580.472,300,562,None,Move,browsing
1573650580.48,299,558,None,Move,browsing
1573650580.49,298,543,None,Move,browsing
1573650580.498,297,541,None,Move,browsing
1573650580.506,297,536,None,Move,browsing
1573650580.514,296,530,None,Move,browsing
1573650580.522,295,525,None,Move,browsing
1573650580.53,291,514,None,Move,browsing
1573650580.536,291,512,None,Move,browsing
1573650580.546,290,507,None,Move,browsing
1573650580.552,288,501,None,Move,browsing
1573650580.56,282,490,None,Move,browsing
1573650580.57,279,478,None,Move,browsing
1573650580.577,279,476,None,Move,browsing
1573650580.586,277,468,None,Move,browsing
1573650580.592,276,463,None,Move,browsing
1573650580.6,276,460,None,Move,browsing
1573650580.61,276,456,None,Move,browsing
1573650580.62,276,455,None,Move,browsing
1573650580.6260002,275,453,None,Move,browsing
1573650580.633,275,451,None,Move,browsing
1573650580.639,275,449,None,Move,browsing
1573650580.651,274,446,None,Move,browsing
1573650580.658,274,443,None,Move,browsing
1573650580.666,274,440,None,Move,browsing
1573650580.6720002,273,436,None,Move,browsing
1573650580.6820002,272,429,None,Move,browsing
1573650580.6920002,271,423,None,Move,browsing
1573650580.698,270,420,None,Move,browsing
1573650580.706,268,417,None,Move,browsing
1573650580.712,267,414,None,Move,browsing
1573650580.722,265,410,None,Move,browsing
1573650580.732,264,406,None,Move,browsing
1573650580.738,264,405,None,Move,browsing
1573650580.752,263,404,None,Move,browsing
1573650580.762,262,403,None,Move,browsing
1573650580.772,261,401,None,Move,browsing
1573650580.778,260,399,None,Move,browsing
1573650580.788,260,397,None,Move,browsing
1573650580.794,259,396,None,Move,browsing
1573650580.802,258,394,None,Move,browsing
1573650580.812,255,392,None,Move,browsing
1573650580.8179998,254,390,None,Move,browsing
1573650580.8279998,252,387,None,Move,browsing
1573650580.834,251,384,None,Move,browsing
1573650580.842,246,381,None,Move,browsing
1573650580.8520002,242,377,None,Move,browsing
1573650580.859,240,376,None,Move,browsing
1573650580.8679998,239,375,None,Move,browsing
1573650580.8739998,238,375,None,Move,browsing
1573650580.894,238,374,None,Move,browsing
1573650580.908,237,374,None,Move,browsing
1573650580.913,237,374,None,Move,browsing
1573650580.928,236,373,None,Move,browsing
1573650580.934,235,373,None,Move,browsing
1573650580.948,234,373,None,Move,browsing
1573650580.958,233,373,None,Move,browsing
1573650581.014,232,373,None,Move,browsing
1573650581.02,232,373,None,Move,browsing
1573650581.049,232,376,None,Move,browsing
1573650581.0679998,233,379,None,Move,browsing
1573650581.08,234,384,None,Move,browsing
1573650581.089,235,385,None,Move,browsing
1573650581.099,236,387,None,Move,browsing
1573650581.106,236,388,None,Move,browsing
1573650581.1120002,236,391,None,Move,browsing
1573650581.1179998,237,391,None,Move,browsing
1573650581.1260002,238,392,None,Move,browsing
1573650581.4,238,392,Left,Pressed,browsing
1573650581.5010002,238,392,Left,Released,browsing
1573650581.585,238,392,None,Move,browsing
1573650581.6139998,240,394,None,Move,browsing
1573650581.62,241,395,None,Move,browsing
1573650581.63,242,396,None,Move,browsing
1573650581.644,243,397,None,Move,browsing
1573650581.664,244,397,None,Move,browsing
1573650582.104,244,396,None,Move,browsing
1573650582.119,244,394,None,Move,browsing
1573650582.143,244,393,None,Move,browsing
1573650582.1520002,244,390,None,Move,browsing
1573650582.16,244,389,None,Move,browsing
1573650582.17,244,389,None,Move,browsing
1573650582.176,244,387,None,Move,browsing
1573650582.1829998,246,386,None,Move,browsing
1573650582.189,246,384,None,Move,browsing
1573650582.2,248,379,None,Move,browsing
1573650582.21,250,376,None,Move,browsing
1573650582.216,250,376,None,Move,browsing
1573650582.2229998,252,374,None,Move,browsing
1573650582.23,254,372,None,Move,browsing
1573650582.2389998,256,368,None,Move,browsing
1573650582.246,257,365,None,Move,browsing
1573650582.256,258,361,None,Move,browsing
1573650582.262,259,354,None,Move,browsing
1573650582.27,261,351,None,Move,browsing
1573650582.28,266,342,None,Move,browsing
1573650582.2870002,267,342,None,Move,browsing
1573650582.295,270,340,None,Move,browsing
1573650582.302,275,335,None,Move,browsing
1573650582.31,280,331,None,Move,browsing
1573650582.32,289,323,None,Move,browsing
1573650582.3279998,290,320,None,Move,browsing
1573650582.336,294,316,None,Move,browsing
1573650582.342,297,312,None,Move,browsing
1573650582.35,300,310,None,Move,browsing
1573650582.36,304,307,None,Move,browsing
1573650582.3660002,305,307,None,Move,browsing
1573650582.3760002,306,306,None,Move,browsing
1573650582.3820002,308,303,None,Move,browsing
1573650582.3920002,311,301,None,Move,browsing
1573650582.4020002,315,297,None,Move,browsing
1573650582.408,315,296,None,Move,browsing
1573650582.416,317,295,None,Move,browsing
1573650582.4220002,320,293,None,Move,browsing
1573650582.4320002,320,292,None,Move,browsing
1573650582.4420002,322,290,None,Move,browsing
1573650582.448,322,290,None,Move,browsing
1573650582.462,324,289,None,Move,browsing
1573650582.472,326,288,None,Move,browsing
1573650582.482,329,287,None,Move,browsing
1573650582.488,329,287,None,Move,browsing
1573650582.498,330,286,None,Move,browsing
1573650582.522,331,286,None,Move,browsing
1573650582.5270002,331,286,None,Move,browsing
1573650582.542,332,286,None,Move,browsing
1573650582.552,333,286,None,Move,browsing
1573650582.562,334,285,None,Move,browsing
1573650582.5679998,334,285,None,Move,browsing
1573650582.5779998,335,285,None,Move,browsing
1573650582.584,338,285,None,Move,browsing
1573650582.592,339,285,None,Move,browsing
1573650582.604,343,284,None,Move,browsing
1573650582.6139998,344,284,None,Move,browsing
1573650582.6239998,347,284,None,Move,browsing
1573650582.6339998,347,284,None,Move,browsing
1573650582.644,349,284,None,Move,browsing
1573650582.65,350,284,None,Move,browsing
1573650582.664,350,284,None,Move,browsing
1573650582.76,351,284,None,Move,browsing
1573650582.783,351,284,None,Move,browsing
1573650582.793,352,284,None,Move,browsing
1573650582.804,354,282,None,Move,browsing
1573650582.814,355,282,None,Move,browsing
1573650582.82,356,282,None,Move,browsing
1573650582.827,357,282,None,Move,browsing
1573650582.834,359,281,None,Move,browsing
1573650582.846,361,280,None,Move,browsing
1573650582.86,362,280,None,Move,browsing
1573650582.865,363,279,None,Move,browsing
1573650582.8760002,363,279,None,Move,browsing
1573650582.889,364,279,None,Move,browsing
1573650582.906,364,279,None,Move,browsing
1573650582.916,365,279,None,Move,browsing
1573650582.926,367,279,None,Move,browsing
1573650582.9320002,368,279,None,Move,browsing
1573650582.94,369,278,None,Move,browsing
1573650582.946,370,278,None,Move,browsing
1573650582.956,371,278,None,Move,browsing
1573650582.966,372,278,None,Move,browsing
1573650582.972,373,278,None,Move,browsing
1573650582.986,374,278,None,Move,browsing
1573650582.996,375,278,None,Move,browsing
1573650583.006,376,278,None,Move,browsing
1573650583.015,377,278,None,Move,browsing
1573650583.036,377,278,None,Move,browsing
1573650583.046,378,278,None,Move,browsing
1573650583.062,379,278,None,Move,browsing
1573650583.0879998,381,278,None,Move,browsing
1573650583.1220002,381,278,None,Move,browsing
1573650583.139,383,278,None,Move,browsing
1573650583.1520002,383,278,None,Move,browsing
1573650583.1620002,384,278,None,Move,browsing
1573650583.171,384,278,None,Move,browsing
1573650583.188,385,278,None,Move,browsing
1573650584.121,385,278,Left,Pressed,browsing
1573650584.2129998,385,278,Left,Released,browsing
1573650584.314,387,278,None,Move,browsing
1573650584.329,390,284,None,Move,browsing
1573650584.347,394,289,None,Move,browsing
1573650584.357,395,290,None,Move,browsing
1573650584.3679998,397,294,None,Move,browsing
1573650584.3760002,398,295,None,Move,browsing
1573650584.383,399,296,None,Move,browsing
1573650584.391,399,297,None,Move,browsing
1573650584.413,399,297,None,Move,browsing
1573650584.448,399,298,None,Move,browsing
1573650584.506,399,299,None,Move,browsing
1573650584.87,399,299,Left,Pressed,browsing
1573650584.996,399,299,Left,Released,browsing
1573650585.123,399,299,None,Move,browsing
1573650585.1379998,400,300,None,Move,browsing
1573650585.145,401,301,None,Move,browsing
1573650585.167,402,302,None,Move,browsing
1573650585.178,403,302,None,Move,browsing
1573650585.188,405,305,None,Move,browsing
1573650585.197,408,307,None,Move,browsing
1573650585.208,414,308,None,Move,browsing
1573650585.215,415,309,None,Move,browsing
1573650585.222,421,311,None,Move,browsing
1573650585.228,431,314,None,Move,browsing
1573650585.238,443,319,None,Move,browsing
1573650585.2470002,461,326,None,Move,browsing
1573650585.255,468,328,None,Move,browsing
1573650585.264,488,333,None,Move,browsing
1573650585.27,512,339,None,Move,browsing
1573650585.278,539,345,None,Move,browsing
1573650585.288,592,355,None,Move,browsing
1573650585.294,603,356,None,Move,browsing
1573650585.301,634,360,None,Move,browsing
1573650585.311,671,368,None,Move,browsing
1573650585.3179998,710,371,None,Move,browsing
1573650585.326,750,378,None,Move,browsing
1573650585.336,827,389,None,Move,browsing
1573650585.342,839,391,None,Move,browsing
1573650585.3520002,874,397,None,Move,browsing
1573650585.3579998,921,405,None,Move,browsing
1573650585.3660002,961,412,None,Move,browsing
1573650585.3779998,1030,420,None,Move,browsing
1573650585.3839998,1042,423,None,Move,browsing
1573650585.3920002,1071,426,None,Move,browsing
1573650585.3979998,1099,429,None,Move,browsing
1573650585.408,1128,434,None,Move,browsing
1573650585.414,1142,435,None,Move,browsing
1573650585.424,1158,438,None,Move,browsing
1573650585.434,1184,443,None,Move,browsing
1573650585.44,1188,444,None,Move,browsing
1573650585.447,1200,444,None,Move,browsing
1573650585.4529998,1210,447,None,Move,browsing
1573650585.464,1218,448,None,Move,browsing
1573650585.474,1226,449,None,Move,browsing
1573650585.48,1229,450,None,Move,browsing
1573650585.49,1231,450,None,Move,browsing
1573650585.496,1234,450,None,Move,browsing
1573650585.51,1234,450,None,Move,browsing
1573650585.516,1235,450,None,Move,browsing
1573650585.554,1237,451,None,Move,browsing
1573650585.564,1238,452,None,Move,browsing
1573650585.572,1240,453,None,Move,browsing
1573650585.58,1248,456,None,Move,browsing
1573650585.589,1255,457,None,Move,browsing
1573650585.595,1264,459,None,Move,browsing
1573650585.6020002,1267,461,None,Move,browsing
1573650585.61,1273,462,None,Move,browsing
1573650585.6160002,1280,464,None,Move,browsing
1573650585.625,1286,466,None,Move,browsing
1573650585.6360002,1288,466,None,Move,browsing
1573650585.641,1288,466,None,Move,browsing
1573650585.65,1292,466,None,Move,browsing
1573650585.655,1292,466,None,Move,browsing
1573650585.666,1294,466,None,Move,browsing
1573650585.676,1300,468,None,Move,browsing
1573650585.6820002,1301,468,None,Move,browsing
1573650585.69,1309,472,None,Move,browsing
1573650585.695,1313,475,None,Move,browsing
1573650585.706,1317,476,None,Move,browsing
1573650585.716,1324,478,None,Move,browsing
1573650585.722,1325,478,None,Move,browsing
1573650585.732,1327,478,None,Move,browsing
1573650585.738,1328,478,None,Move,browsing
1573650585.746,1329,480,None,Move,browsing
1573650585.9120002,1329,480,Left,Pressed,browsing
1573650586.0110002,1329,480,Left,Released,browsing
1573650586.093,1329,480,None,Move,browsing
1573650586.101,1327,480,None,Move,browsing
1573650586.109,1319,481,None,Move,browsing
1573650586.119,1306,483,None,Move,browsing
1573650586.127,1300,484,None,Move,browsing
1573650586.1339998,1288,487,None,Move,browsing
1573650586.14,1278,489,None,Move,browsing
1573650586.15,1261,491,None,Move,browsing
1573650586.16,1211,499,None,Move,browsing
1573650586.166,1202,501,None,Move,browsing
1573650586.176,1171,505,None,Move,browsing
1573650586.1820002,1131,511,None,Move,browsing
1573650586.19,1089,518,None,Move,browsing
1573650586.2,1011,533,None,Move,browsing
1573650586.206,995,537,None,Move,browsing
1573650586.216,939,553,None,Move,browsing
1573650586.222,879,572,None,Move,browsing
1573650586.23,819,590,None,Move,browsing
1573650586.238,763,606,None,Move,browsing
1573650586.246,709,620,None,Move,browsing
1573650586.256,634,633,None,Move,browsing
1573650586.2629998,623,635,None,Move,browsing
1573650586.272,597,637,None,Move,browsing
1573650586.278,572,637,None,Move,browsing
1573650586.286,548,637,None,Move,browsing
1573650586.298,498,630,None,Move,browsing
1573650586.304,488,627,None,Move,browsing
1573650586.31,460,618,None,Move,browsing
1573650586.32,430,606,None,Move,browsing
1573650586.33,370,590,None,Move,browsing
1573650586.336,361,586,None,Move,browsing
1573650586.344,337,582,None,Move,browsing
1573650586.35,318,581,None,Move,browsing
1573650586.36,303,581,None,Move,browsing
1573650586.37,285,581,None,Move,browsing
1573650586.3760002,282,581,None,Move,browsing
1573650586.3860002,272,581,None,Move,browsing
1573650586.3920002,272,580,None,Move,browsing
1573650586.4,268,580,None,Move,browsing
1573650586.406,265,580,None,Move,browsing
1573650586.416,263,579,None,Move,browsing
1573650586.426,258,576,None,Move,browsing
1573650586.437,257,576,None,Move,browsing
1573650586.46,252,576,None,Move,browsing
1573650586.469,248,576,None,Move,browsing
1573650586.476,246,576,None,Move,browsing
1573650586.4829998,246,576,None,Move,browsing
1573650586.4889998,245,576,None,Move,browsing
1573650586.5010002,245,576,None,Move,browsing
1573650586.548,244,576,None,Move,browsing
1573650586.561,244,576,None,Move,browsing
1573650586.627,244,576,None,Move,browsing
1573650586.643,245,574,None,Move,browsing
1573650586.649,249,573,None,Move,browsing
1573650586.6720002,250,572,None,Move,browsing
1573650586.681,250,572,None,Move,browsing
1573650586.687,252,570,None,Move,browsing
1573650586.6929998,254,570,None,Move,browsing
1573650586.699,254,569,None,Move,browsing
1573650586.708,255,568,None,Move,browsing
1573650586.717,256,568,None,Move,browsing
1573650586.724,256,568,None,Move,browsing
1573650586.738,257,568,None,Move,browsing
1573650586.748,259,567,None,Move,browsing
1573650586.76,259,567,None,Move,browsing
1573650586.774,260,566,None,Move,browsing
1573650586.85,260,566,Left,Pressed,browsing
1573650586.95,260,566,Left,Released,browsing
1573650587.006,260,566,None,Move,browsing
1573650587.0129998,263,567,None,Move,browsing
1573650587.022,265,569,None,Move,browsing
1573650587.032,275,571,None,Move,browsing
1573650587.038,276,571,None,Move,browsing
1573650587.046,282,572,None,Move,browsing
1573650587.052,288,572,None,Move,browsing
1573650587.062,292,573,None,Move,browsing
1573650587.072,298,573,None,Move,browsing
1573650587.079,299,573,None,Move,browsing
1573650587.086,302,573,None,Move,browsing
1573650587.092,304,573,None,Move,browsing
1573650587.1020002,306,573,None,Move,browsing
1573650587.111,310,573,None,Move,browsing
1573650587.1179998,311,573,None,Move,browsing
1573650587.1279998,312,573,None,Move,browsing
1573650587.1339998,314,573,None,Move,browsing
1573650587.1420002,315,573,None,Move,browsing
1573650587.1520002,317,573,None,Move,browsing
1573650587.1620002,318,573,None,Move,browsing
1573650587.1720002,319,573,None,Move,browsing
1573650587.1820002,321,573,None,Move,browsing
1573650587.268,321,573,None,Move,browsing
1573650587.284,320,575,None,Move,browsing
1573650587.299,316,580,None,Move,browsing
1573650587.321,311,586,None,Move,browsing
1573650587.333,310,588,None,Move,browsing
1573650587.343,308,591,None,Move,browsing
1573650587.3520002,308,593,None,Move,browsing
1573650587.359,308,596,None,Move,browsing
1573650587.37,308,597,None,Move,browsing
1573650587.38,308,598,None,Move,browsing
1573650587.394,308,599,None,Move,browsing
1573650587.41,307,599,None,Move,browsing
1573650587.416,307,600,None,Move,browsing
1573650587.4910002,306,600,None,Move,browsing
1573650587.605,306,600,Left,Pressed,browsing
1573650587.722,306,600,Left,Released,browsing
1573650588.0879998,306,600,None,Move,browsing
1573650588.104,306,600,None,Move,browsing
1573650588.12,306,599,None,Move,browsing
1573650588.606,306,598,None,Move,browsing
1573650588.627,300,595,None,Move,browsing
1573650588.635,295,590,None,Move,browsing
1573650588.643,295,589,None,Move,browsing
1573650588.651,294,589,None,Move,browsing
1573650588.658,294,588,None,Move,browsing
1573650588.666,293,587,None,Move,browsing
1573650588.675,292,585,None,Move,browsing
1573650588.686,291,585,None,Move,browsing
1573650588.6920002,290,584,None,Move,browsing
1573650588.699,290,584,None,Move,browsing
1573650588.706,288,583,None,Move,browsing
1573650588.716,287,582,None,Move,browsing
1573650588.726,286,582,None,Move,browsing
1573650588.735,285,582,None,Move,browsing
1573650588.746,284,582,None,Move,browsing
1573650588.755,282,580,None,Move,browsing
1573650588.766,281,580,None,Move,browsing
1573650588.776,280,580,None,Move,browsing
1573650588.786,279,580,None,Move,browsing
1573650588.796,277,579,None,Move,browsing
1573650588.802,277,578,None,Move,browsing
1573650588.8579998,276,578,None,Move,browsing
1573650588.875,275,578,None,Move,browsing
1573650588.895,274,577,None,Move,browsing
1573650588.907,273,576,None,Move,browsing
1573650588.916,272,576,None,Move,browsing
1573650588.926,271,574,None,Move,browsing
1573650588.935,271,574,None,Move,browsing
1573650588.964,270,574,None,Move,browsing
1573650588.981,270,573,None,Move,browsing
1573650588.995,269,573,None,Move,browsing
1573650589.004,268,573,None,Move,browsing
1573650589.018,267,572,None,Move,browsing
1573650589.154,267,571,None,Move,browsing
1573650589.353,266,571,None,Move,browsing
1573650589.428,265,570,None,Move,browsing
1573650589.535,265,570,Left,Pressed,browsing
1573650589.66,265,570,Left,Released,browsing
1573650589.7610002,266,570,None,Move,browsing
1573650589.776,267,570,None,Move,browsing
1573650589.816,268,570,None,Move,browsing
1573650589.827,268,570,None,Move,browsing
1573650589.836,269,571,None,Move,browsing
1573650589.846,271,572,None,Move,browsing
1573650589.853,272,574,None,Move,browsing
1573650589.8620002,273,574,None,Move,browsing
1573650589.8679998,274,575,None,Move,browsing
1573650589.8820002,275,575,None,Move,browsing
1573650589.889,276,576,None,Move,browsing
1573650589.896,276,576,None,Move,browsing
1573650589.9020002,278,576,None,Move,browsing
1573650589.909,278,576,None,Move,browsing
1573650589.916,279,577,None,Move,browsing
1573650589.926,281,578,None,Move,browsing
1573650589.936,282,578,None,Move,browsing
1573650589.9429998,283,580,None,Move,browsing
1573650589.952,284,580,None,Move,browsing
1573650589.966,285,581,None,Move,browsing
1573650589.972,285,581,None,Move,browsing
1573650589.982,286,581,None,Move,browsing
1573650589.9889998,287,582,None,Move,browsing
1573650589.998,289,582,None,Move,browsing
1573650590.004,289,583,None,Move,browsing
1573650590.014,290,583,None,Move,browsing
1573650590.024,292,584,None,Move,browsing
1573650590.034,292,585,None,Move,browsing
1573650590.04,293,586,None,Move,browsing
1573650590.048,294,586,None,Move,browsing
1573650590.054,294,587,None,Move,browsing
1573650590.064,295,588,None,Move,browsing
1573650590.0779998,295,588,None,Move,browsing
1573650590.104,296,588,None,Move,browsing
1573650590.225,296,589,None,Move,browsing
1573650590.265,296,589,None,Move,browsing
1573650590.29,296,590,None,Move,browsing
1573650590.298,296,591,None,Move,browsing
1573650590.32,296,592,None,Move,browsing
1573650590.326,296,592,None,Move,browsing
1573650590.3520002,296,593,None,Move,browsing
1573650590.369,296,593,None,Move,browsing
1573650590.464,296,594,Left,Pressed,browsing
1573650590.464,296,594,None,Drag,browsing
1573650590.464,296,594,Left,Released,browsing
1573650590.9020002,296,594,None,Move,browsing
1573650590.918,298,594,None,Move,browsing
1573650590.9329998,310,591,None,Move,browsing
1573650590.955,322,587,None,Move,browsing
1573650590.962,326,587,None,Move,browsing
1573650590.97,338,585,None,Move,browsing
1573650590.976,350,582,None,Move,browsing
1573650590.9829998,358,580,None,Move,browsing
1573650590.992,390,573,None,Move,browsing
1573650590.998,397,571,None,Move,browsing
1573650591.006,418,565,None,Move,browsing
1573650591.012,442,561,None,Move,browsing
1573650591.022,466,557,None,Move,browsing
1573650591.032,516,551,None,Move,browsing
1573650591.039,525,550,None,Move,browsing
1573650591.046,548,546,None,Move,browsing
1573650591.056,590,542,None,Move,browsing
1573650591.064,598,540,None,Move,browsing
1573650591.073,623,536,None,Move,browsing
1573650591.084,653,526,None,Move,browsing
1573650591.094,689,513,None,Move,browsing
1573650591.1,741,495,None,Move,browsing
1573650591.1079998,750,493,None,Move,browsing
1573650591.1139998,780,487,None,Move,browsing
1573650591.121,812,481,None,Move,browsing
1573650591.127,848,475,None,Move,browsing
1573650591.1379998,911,469,None,Move,browsing
1573650591.144,922,467,None,Move,browsing
1573650591.1520002,951,463,None,Move,browsing
1573650591.158,980,460,None,Move,browsing
1573650591.168,1001,460,None,Move,browsing
1573650591.178,1034,460,None,Move,browsing
1573650591.184,1040,460,None,Move,browsing
1573650591.1920002,1049,460,None,Move,browsing
1573650591.198,1056,460,None,Move,browsing
1573650591.208,1060,460,None,Move,browsing
1573650591.218,1062,460,None,Move,browsing
1573650591.224,1063,460,None,Move,browsing
1573650591.232,1064,460,None,Move,browsing
1573650591.242,1064,460,None,Move,browsing
1573650591.2529998,1065,460,None,Move,browsing
1573650591.274,1065,460,None,Move,browsing
1573650591.279,1067,460,None,Move,browsing
1573650591.288,1072,460,None,Move,browsing
1573650591.298,1079,460,None,Move,browsing
1573650591.304,1081,460,None,Move,browsing
1573650591.314,1085,460,None,Move,browsing
1573650591.32,1088,460,None,Move,browsing
1573650591.3279998,1091,460,None,Move,browsing
1573650591.3379998,1093,460,None,Move,browsing
1573650591.343,1095,462,None,Move,browsing
1573650591.354,1098,463,None,Move,browsing
1573650591.36,1101,464,None,Move,browsing
1573650591.37,1107,467,None,Move,browsing
1573650591.38,1125,475,None,Move,browsing
1573650591.3860002,1128,476,None,Move,browsing
1573650591.394,1135,477,None,Move,browsing
1573650591.4,1146,480,None,Move,browsing
1573650591.41,1156,482,None,Move,browsing
1573650591.42,1177,486,None,Move,browsing
1573650591.426,1180,486,None,Move,browsing
1573650591.434,1189,487,None,Move,browsing
1573650591.441,1198,488,None,Move,browsing
1573650591.45,1203,488,None,Move,browsing
1573650591.46,1210,488,None,Move,browsing
1573650591.466,1211,488,None,Move,browsing
1573650591.474,1212,488,None,Move,browsing
1573650591.48,1215,488,None,Move,browsing
1573650591.49,1216,488,None,Move,browsing
1573650591.5,1217,488,None,Move,browsing
1573650591.516,1218,488,None,Move,browsing
1573650591.522,1218,488,None,Move,browsing
1573650591.53,1219,488,None,Move,browsing
1573650591.58,1219,488,None,Move,browsing
1573650591.585,1220,488,None,Move,browsing
1573650591.6,1222,488,None,Move,browsing
1573650591.629,1226,488,None,Move,browsing
1573650591.6379998,1226,488,None,Move,browsing
1573650591.646,1226,488,None,Move,browsing
1573650591.655,1227,487,None,Move,browsing
1573650591.6620002,1228,484,None,Move,browsing
1573650591.6720002,1228,484,None,Move,browsing
1573650591.6820002,1228,483,None,Move,browsing
1573650591.6920002,1228,483,None,Move,browsing
1573650591.702,1229,481,None,Move,browsing
1573650591.712,1230,481,None,Move,browsing
1573650591.718,1231,480,None,Move,browsing
1573650591.724,1232,479,None,Move,browsing
1573650591.732,1232,479,None,Move,browsing
1573650591.742,1233,478,None,Move,browsing
1573650591.792,1233,478,None,Move,browsing
1573650591.8,1234,477,None,Move,browsing
1573650591.834,1234,477,Left,Pressed,browsing
1573650591.916,1234,477,Left,Released,browsing
1573650591.931,1234,477,None,Move,browsing
1573650591.945,1233,475,None,Move,browsing
1573650591.9529998,1231,475,None,Move,browsing
1573650591.96,1227,475,None,Move,browsing
1573650591.968,1219,475,None,Move,browsing
1573650591.9770002,1210,475,None,Move,browsing
1573650591.985,1187,477,None,Move,browsing
1573650591.995,1182,481,None,Move,browsing
1573650592.0029998,1172,482,None,Move,browsing
1573650592.0129998,1152,487,None,Move,browsing
1573650592.014,1122,495,None,Move,browsing
1573650592.024,1063,514,None,Move,browsing
1573650592.04,1021,529,None,Move,browsing
1573650592.0470002,977,540,None,Move,browsing
1573650592.055,935,549,None,Move,browsing
1573650592.066,876,559,None,Move,browsing
1573650592.074,867,560,None,Move,browsing
1573650592.081,841,560,None,Move,browsing
1573650592.0879998,813,560,None,Move,browsing
1573650592.096,789,560,None,Move,browsing
1573650592.106,740,560,None,Move,browsing
1573650592.1120002,731,560,None,Move,browsing
1573650592.12,708,558,None,Move,browsing
1573650592.1260002,677,554,None,Move,browsing
1573650592.1360002,652,554,None,Move,browsing
1573650592.146,600,549,None,Move,browsing
1573650592.1520002,590,547,None,Move,browsing
1573650592.16,567,542,None,Move,browsing
1573650592.166,541,539,None,Move,browsing
1573650592.176,518,535,None,Move,browsing
1573650592.186,470,525,None,Move,browsing
1573650592.1920002,461,524,None,Move,browsing
1573650592.202,442,521,None,Move,browsing
1573650592.208,422,518,None,Move,browsing
1573650592.216,409,518,None,Move,browsing
1573650592.226,390,518,None,Move,browsing
1573650592.232,389,518,None,Move,browsing
1573650592.242,384,518,None,Move,browsing
1573650592.2470002,381,518,None,Move,browsing
1573650592.256,376,518,None,Move,browsing
1573650592.266,366,520,None,Move,browsing
1573650592.272,365,520,None,Move,browsing
1573650592.282,359,520,None,Move,browsing
1573650592.288,355,521,None,Move,browsing
1573650592.298,349,522,None,Move,browsing
1573650592.3079998,337,525,None,Move,browsing
1573650592.313,336,525,None,Move,browsing
1573650592.322,333,527,None,Move,browsing
1573650592.3279998,327,529,None,Move,browsing
1573650592.3379998,325,531,None,Move,browsing
1573650592.3479998,319,536,None,Move,browsing
1573650592.354,317,537,None,Move,browsing
1573650592.3620002,311,539,None,Move,browsing
1573650592.369,304,541,None,Move,browsing
1573650592.3779998,297,543,None,Move,browsing
1573650592.3879998,287,544,None,Move,browsing
1573650592.394,285,544,None,Move,browsing
1573650592.404,279,545,None,Move,browsing
1573650592.4120002,275,545,None,Move,browsing
1573650592.419,269,548,None,Move,browsing
1573650592.428,262,552,None,Move,browsing
1573650592.434,260,553,None,Move,browsing
1573650592.444,257,554,None,Move,browsing
1573650592.45,255,555,None,Move,browsing
1573650592.458,255,555,None,Move,browsing
1573650592.468,252,556,None,Move,browsing
1573650592.474,251,556,None,Move,browsing
1573650592.484,250,557,None,Move,browsing
1573650592.49,249,558,None,Move,browsing
1573650592.498,248,559,None,Move,browsing
1573650592.508,247,560,None,Move,browsing
1573650592.514,246,560,None,Move,browsing
1573650592.524,246,562,None,Move,browsing
1573650592.53,244,564,None,Move,browsing
1573650592.54,244,564,None,Move,browsing
1573650592.55,242,565,None,Move,browsing
1573650592.556,242,566,None,Move,browsing
1573650592.58,242,566,None,Move,browsing
1573650592.6160002,242,567,None,Move,browsing
1573650592.68,242,567,None,Move,browsing
1573650592.6820002,242,567,None,Move,browsing
1573650592.698,245,567,None,Move,browsing
1573650592.714,246,567,None,Move,browsing
1573650592.728,247,567,None,Move,browsing
1573650592.7370002,250,567,None,Move,browsing
1573650592.745,253,567,None,Move,browsing
1573650592.754,257,567,None,Move,browsing
1573650592.7610002,257,567,None,Move,browsing
1573650592.769,258,567,None,Move,browsing
1573650592.776,259,567,None,Move,browsing
1573650592.832,259,567,None,Move,browsing
1573650592.856,260,567,None,Move,browsing
1573650592.9320002,261,568,Left,Pressed,browsing
1573650592.9320002,261,568,None,Drag,browsing
1573650592.9320002,261,568,Left,Released,browsing
1573650593.048,262,569,None,Move,browsing
1573650593.063,265,569,None,Move,browsing
1573650593.084,268,569,None,Move,browsing
1573650593.096,272,569,None,Move,browsing
1573650593.105,273,569,None,Move,browsing
1573650593.113,277,569,None,Move,browsing
1573650593.121,278,569,None,Move,browsing
1573650593.13,279,569,None,Move,browsing
1573650593.1360002,280,569,None,Move,browsing
1573650593.143,281,569,None,Move,browsing
1573650593.154,283,569,None,Move,browsing
1573650593.16,284,569,None,Move,browsing
1573650593.17,284,569,None,Move,browsing
1573650593.176,286,569,None,Move,browsing
1573650593.184,287,569,None,Move,browsing
1573650593.194,288,569,None,Move,browsing
1573650593.21,290,569,None,Move,browsing
1573650593.22,290,569,None,Move,browsing
1573650593.256,291,570,None,Move,browsing
1573650593.266,291,570,None,Move,browsing
1573650593.276,292,571,None,Move,browsing
1573650593.283,292,571,None,Move,browsing
1573650593.29,292,572,None,Move,browsing
1573650593.296,292,573,None,Move,browsing
1573650593.306,292,575,None,Move,browsing
1573650593.316,292,577,None,Move,browsing
1573650593.322,292,577,None,Move,browsing
1573650593.332,292,578,None,Move,browsing
1573650593.3379998,292,578,None,Move,browsing
1573650593.346,292,579,None,Move,browsing
1573650593.356,292,580,None,Move,browsing
1573650593.365,292,581,None,Move,browsing
1573650593.4120002,292,581,None,Move,browsing
1573650593.423,292,582,None,Move,browsing
1573650593.431,292,582,None,Move,browsing
1573650593.441,292,583,None,Move,browsing
1573650593.458,292,584,None,Move,browsing
1573650593.468,292,584,None,Move,browsing
1573650593.478,292,585,None,Move,browsing
1573650593.502,292,586,None,Move,browsing
1573650593.518,292,587,None,Move,browsing
1573650593.564,292,587,None,Move,browsing
1573650593.565,292,588,None,Move,browsing
1573650593.6239998,292,588,None,Move,browsing
1573650593.631,292,589,None,Move,browsing
1573650593.658,292,589,None,Move,browsing
1573650593.684,292,591,None,Move,browsing
1573650593.72,292,591,None,Move,browsing
1573650593.73,292,592,None,Move,browsing
1573650593.736,292,592,None,Move,browsing
1573650593.7429998,291,593,None,Move,browsing
1573650593.76,291,593,None,Move,browsing
1573650593.77,291,594,None,Move,browsing
1573650593.851,291,594,Left,Pressed,browsing
1573650593.961,291,594,Left,Released,browsing
1573650594.197,291,595,None,Move,browsing
1573650594.217,291,595,None,Move,browsing
1573650594.2229998,296,595,None,Move,browsing
1573650594.234,301,595,None,Move,browsing
1573650594.244,314,595,None,Move,browsing
1573650594.25,317,595,None,Move,browsing
1573650594.26,326,595,None,Move,browsing
1573650594.266,343,594,None,Move,browsing
1573650594.274,362,593,None,Move,browsing
1573650594.284,421,585,None,Move,browsing
1573650594.29,431,584,None,Move,browsing
1573650594.3,464,582,None,Move,browsing
1573650594.306,510,582,None,Move,browsing
1573650594.314,558,582,None,Move,browsing
1573650594.324,656,578,None,Move,browsing
1573650594.33,673,577,None,Move,browsing
1573650594.34,736,575,None,Move,browsing
1573650594.346,796,571,None,Move,browsing
1573650594.354,843,565,None,Move,browsing
1573650594.3660002,928,552,None,Move,browsing
1573650594.371,944,550,None,Move,browsing
1573650594.38,989,542,None,Move,browsing
1573650594.387,1031,535,None,Move,browsing
1573650594.396,1071,528,None,Move,browsing
1573650594.406,1135,517,None,Move,browsing
1573650594.4120002,1147,515,None,Move,browsing
1573650594.42,1176,511,None,Move,browsing
1573650594.426,1204,508,None,Move,browsing
1573650594.436,1228,503,None,Move,browsing
1573650594.446,1261,500,None,Move,browsing
1573650594.452,1268,499,None,Move,browsing
1573650594.46,1280,499,None,Move,browsing
1573650594.466,1291,498,None,Move,browsing
1573650594.476,1299,497,None,Move,browsing
1573650594.486,1301,497,None,Move,browsing
1573650594.492,1302,497,None,Move,browsing
1573650594.526,1302,496,None,Move,browsing
1573650594.536,1302,496,None,Move,browsing
1573650594.546,1301,496,None,Move,browsing
1573650594.556,1299,496,None,Move,browsing
1573650594.566,1297,496,None,Move,browsing
1573650594.6279998,1296,496,None,Move,browsing
1573650594.637,1295,496,None,Move,browsing
1573650594.6479998,1292,495,None,Move,browsing
1573650594.654,1291,495,None,Move,browsing
1573650594.663,1289,494,None,Move,browsing
1573650594.671,1287,493,None,Move,browsing
1573650594.678,1284,492,None,Move,browsing
1573650594.688,1276,491,None,Move,browsing
1573650594.694,1273,490,None,Move,browsing
1573650594.702,1266,487,None,Move,browsing
1573650594.707,1254,484,None,Move,browsing
1573650594.721,1242,480,None,Move,browsing
1573650594.7270002,1230,479,None,Move,browsing
1573650594.734,1217,477,None,Move,browsing
1573650594.744,1195,477,None,Move,browsing
1573650594.7529998,1191,477,None,Move,browsing
1573650594.76,1183,477,None,Move,browsing
1573650594.766,1176,477,None,Move,browsing
1573650594.7729998,1170,477,None,Move,browsing
1573650594.783,1162,476,None,Move,browsing
1573650594.789,1159,476,None,Move,browsing
1573650594.8,1153,475,None,Move,browsing
1573650594.806,1150,474,None,Move,browsing
1573650594.814,1147,474,None,Move,browsing
1573650594.824,1145,472,None,Move,browsing
1573650594.83,1144,472,None,Move,browsing
1573650594.84,1141,471,None,Move,browsing
1573650594.846,1140,470,None,Move,browsing
1573650594.856,1139,469,None,Move,browsing
1573650594.8660002,1136,469,None,Move,browsing
1573650594.871,1134,469,None,Move,browsing
1573650594.88,1134,469,None,Move,browsing
1573650594.8860002,1133,469,None,Move,browsing
1573650594.896,1132,469,None,Move,browsing
1573650594.906,1130,468,None,Move,browsing
1573650594.9120002,1129,467,None,Move,browsing
1573650594.926,1129,467,None,Move,browsing
1573650595.0879998,1130,467,Left,Pressed,browsing
1573650595.0879998,1130,467,None,Drag,browsing
1573650595.094,1136,470,None,Drag,browsing
1573650595.094,1136,470,Left,Released,browsing
1573650595.1179998,1152,471,None,Move,browsing
1573650595.127,1164,472,None,Move,browsing
1573650595.135,1175,473,None,Move,browsing
1573650595.144,1183,473,None,Move,browsing
1573650595.15,1205,473,None,Move,browsing
1573650595.157,1211,473,None,Move,browsing
1573650595.164,1222,473,None,Move,browsing
1573650595.1720002,1234,473,None,Move,browsing
1573650595.18,1239,473,None,Move,browsing
1573650595.188,1244,473,None,Move,browsing
1573650595.194,1245,473,None,Move,browsing
1573650595.377,1245,474,Left,Pressed,browsing
1573650595.3779998,1245,474,None,Drag,browsing
1573650595.3779998,1245,474,Left,Released,browsing
1573650595.396,1241,474,None,Move,browsing
1573650595.406,1237,474,None,Move,browsing
1573650595.413,1232,474,None,Move,browsing
1573650595.42,1227,474,None,Move,browsing
1573650595.43,1213,480,None,Move,browsing
1573650595.436,1211,480,None,Move,browsing
1573650595.446,1202,482,None,Move,browsing
1573650595.4529998,1190,488,None,Move,browsing
1573650595.461,1182,491,None,Move,browsing
1573650595.47,1152,500,None,Move,browsing
1573650595.478,1143,502,None,Move,browsing
1573650595.486,1116,508,None,Move,browsing
1573650595.4929998,1076,513,None,Move,browsing
1573650595.5010002,1037,517,None,Move,browsing
1573650595.51,968,527,None,Move,browsing
1573650595.5170002,956,529,None,Move,browsing
1573650595.526,925,535,None,Move,browsing
1573650595.533,890,542,None,Move,browsing
1573650595.542,865,545,None,Move,browsing
1573650595.551,813,547,None,Move,browsing
1573650595.5570002,804,547,None,Move,browsing
1573650595.566,779,547,None,Move,browsing
1573650595.572,752,546,None,Move,browsing
1573650595.582,729,545,None,Move,browsing
1573650595.592,682,539,None,Move,browsing
1573650595.599,672,538,None,Move,browsing
1573650595.606,648,538,None,Move,browsing
1573650595.6120002,624,538,None,Move,browsing
1573650595.6220002,591,538,None,Move,browsing
1573650595.6320002,534,538,None,Move,browsing
1573650595.6379998,524,538,None,Move,browsing
1573650595.6479998,494,538,None,Move,browsing
1573650595.654,463,539,None,Move,browsing
1573650595.6620002,433,547,None,Move,browsing
1573650595.6720002,382,559,None,Move,browsing
1573650595.679,373,562,None,Move,browsing
1573650595.688,351,568,None,Move,browsing
1573650595.694,331,570,None,Move,browsing
1573650595.702,315,573,None,Move,browsing
1573650595.712,282,576,None,Move,browsing
1573650595.718,275,577,None,Move,browsing
1573650595.728,263,578,None,Move,browsing
1573650595.735,249,581,None,Move,browsing
1573650595.744,236,583,None,Move,browsing
1573650595.754,211,587,None,Move,browsing
1573650595.7610002,206,587,None,Move,browsing
1573650595.768,194,587,None,Move,browsing
1573650595.774,184,587,None,Move,browsing
1573650595.783,176,587,None,Move,browsing
1573650595.793,172,588,None,Move,browsing
1573650595.8,171,588,None,Move,browsing
1573650595.8079998,170,588,None,Move,browsing
1573650595.814,170,588,None,Move,browsing
1573650595.824,168,588,None,Move,browsing
1573650595.834,168,588,None,Move,browsing
1573650595.844,166,588,None,Move,browsing
1573650595.894,166,589,None,Move,browsing
1573650595.907,166,589,None,Move,browsing
1573650595.921,167,589,None,Move,browsing
1573650595.928,168,589,None,Move,browsing
1573650595.935,170,589,None,Move,browsing
1573650595.944,173,589,None,Move,browsing
1573650595.954,183,589,None,Move,browsing
1573650595.961,185,589,None,Move,browsing
1573650595.97,190,589,None,Move,browsing
1573650595.9770002,199,589,None,Move,browsing
1573650595.986,206,589,None,Move,browsing
1573650595.996,217,589,None,Move,browsing
1573650596.002,219,589,None,Move,browsing
1573650596.01,223,589,None,Move,browsing
1573650596.016,229,589,None,Move,browsing
1573650596.026,232,588,None,Move,browsing
1573650596.036,237,587,None,Move,browsing
1573650596.046,240,587,None,Move,browsing
1573650596.056,240,587,None,Move,browsing
1573650596.066,242,586,None,Move,browsing
1573650596.079,244,586,None,Move,browsing
1573650596.09,244,586,None,Move,browsing
1573650596.096,245,586,None,Move,browsing
1573650596.105,247,585,None,Move,browsing
1573650596.1160002,249,583,None,Move,browsing
1573650596.1220002,250,583,None,Move,browsing
1573650596.1320002,252,582,None,Move,browsing
1573650596.1379998,254,581,None,Move,browsing
1573650596.1520002,254,581,None,Move,browsing
1573650596.171,255,580,None,Move,browsing
1573650596.196,255,580,None,Move,browsing
1573650596.202,257,579,None,Move,browsing
1573650596.221,257,579,None,Move,browsing
1573650596.2270002,258,578,None,Move,browsing
1573650596.244,258,577,None,Move,browsing
1573650596.293,258,577,Left,Pressed,browsing
1573650596.3639998,258,577,Left,Released,browsing
1573650596.42,259,577,None,Move,browsing
1573650596.43,260,578,None,Move,browsing
1573650596.436,262,578,None,Move,browsing
1573650596.4429998,263,578,None,Move,browsing
1573650596.454,265,578,None,Move,browsing
1573650596.464,267,578,None,Move,browsing
1573650596.47,268,578,None,Move,browsing
1573650596.478,269,578,None,Move,browsing
1573650596.484,270,578,None,Move,browsing
1573650596.494,273,578,None,Move,browsing
1573650596.504,275,578,None,Move,browsing
1573650596.5110002,276,578,None,Move,browsing
1573650596.518,277,578,None,Move,browsing
1573650596.524,279,580,None,Move,browsing
1573650596.538,281,581,None,Move,browsing
1573650596.544,283,582,None,Move,browsing
1573650596.55,283,582,None,Move,browsing
1573650596.56,286,584,None,Move,browsing
1573650596.565,290,586,None,Move,browsing
1573650596.574,293,586,None,Move,browsing
1573650596.584,297,589,None,Move,browsing
1573650596.59,299,589,None,Move,browsing
1573650596.6,303,592,None,Move,browsing
1573650596.61,303,592,None,Move,browsing
1573650596.6160002,304,593,None,Move,browsing
1573650596.6260002,304,593,None,Move,browsing
1573650596.639,304,594,None,Move,browsing
1573650596.65,304,594,None,Move,browsing
1573650596.656,304,595,None,Move,browsing
1573650596.6620002,304,596,None,Move,browsing
1573650596.6720002,305,597,None,Move,browsing
1573650596.6820002,305,597,None,Move,browsing
1573650596.688,305,598,None,Move,browsing
1573650596.758,306,599,None,Move,browsing
1573650596.792,306,599,None,Move,browsing
1573650596.958,307,599,Left,Pressed,browsing
1573650596.958,307,599,None,Drag,browsing
1573650596.958,307,599,Left,Released,browsing
1573650597.393,307,598,None,Move,browsing
1573650597.4,308,596,None,Move,browsing
1573650597.4120002,308,593,None,Move,browsing
1573650597.4220002,308,588,None,Move,browsing
1573650597.429,309,587,None,Move,browsing
1573650597.438,309,584,None,Move,browsing
1573650597.446,311,582,None,Move,browsing
1573650597.452,311,580,None,Move,browsing
1573650597.462,311,579,None,Move,browsing
1573650597.468,311,576,None,Move,browsing
1573650597.478,311,573,None,Move,browsing
1573650597.484,311,569,None,Move,browsing
1573650597.494,311,566,None,Move,browsing
1573650597.504,311,557,None,Move,browsing
1573650597.51,311,554,None,Move,browsing
1573650597.518,310,547,None,Move,browsing
1573650597.524,309,540,None,Move,browsing
1573650597.534,308,530,None,Move,browsing
1573650597.544,306,513,None,Move,browsing
1573650597.55,306,510,None,Move,browsing
1573650597.5579998,305,499,None,Move,browsing
1573650597.565,305,487,None,Move,browsing
1573650597.574,304,476,None,Move,browsing
1573650597.584,301,459,None,Move,browsing
1573650597.59,301,457,None,Move,browsing
1573650597.6,301,450,None,Move,browsing
1573650597.606,301,447,None,Move,browsing
1573650597.6139998,301,444,None,Move,browsing
1573650597.6239998,300,441,None,Move,browsing
1573650597.63,300,439,None,Move,browsing
1573650597.64,299,435,None,Move,browsing
1573650597.646,298,435,None,Move,browsing
1573650597.654,298,434,None,Move,browsing
1573650597.664,295,429,None,Move,browsing
1573650597.674,295,429,None,Move,browsing
1573650597.68,295,428,None,Move,browsing
1573650597.686,294,428,None,Move,browsing
1573650597.694,293,425,None,Move,browsing
1573650597.706,292,424,None,Move,browsing
1573650597.716,292,424,None,Move,browsing
1573650597.726,291,423,None,Move,browsing
1573650597.74,291,422,None,Move,browsing
1573650597.746,291,422,None,Move,browsing
1573650597.766,290,421,None,Move,browsing
1573650597.776,290,421,None,Move,browsing
1573650597.786,288,418,None,Move,browsing
1573650597.792,287,417,None,Move,browsing
1573650597.8,286,416,None,Move,browsing
1573650597.806,283,415,None,Move,browsing
1573650597.816,282,415,None,Move,browsing
1573650597.826,279,413,None,Move,browsing
1573650597.832,278,412,None,Move,browsing
1573650597.938,278,411,Left,Pressed,browsing
1573650597.938,278,411,None,Drag,browsing
1573650597.969,277,407,None,Drag,browsing
1573650597.969,277,407,Left,Released,browsing
1573650598.106,277,407,None,Move,browsing
1573650598.1220002,277,409,None,Move,browsing
1573650598.137,280,415,None,Move,browsing
1573650598.149,286,421,None,Move,browsing
1573650598.158,287,423,None,Move,browsing
1573650598.167,292,426,None,Move,browsing
1573650598.174,296,432,None,Move,browsing
1573650598.18,302,436,None,Move,browsing
1573650598.19,309,444,None,Move,browsing
1573650598.196,311,445,None,Move,browsing
1573650598.204,314,449,None,Move,browsing
1573650598.21,320,453,None,Move,browsing
1573650598.22,323,457,None,Move,browsing
1573650598.23,323,459,None,Move,browsing
1573650598.24,323,460,None,Move,browsing
1573650598.246,324,460,None,Move,browsing
1573650598.2510002,324,462,None,Move,browsing
1573650598.26,319,462,None,Move,browsing
1573650598.27,318,463,None,Move,browsing
1573650598.28,315,463,None,Move,browsing
1573650598.286,311,463,None,Move,browsing
1573650598.292,310,463,None,Move,browsing
1573650598.6720002,309,463,None,Move,browsing
1573650598.704,309,463,None,Move,browsing
1573650598.721,310,463,None,Move,browsing
1573650598.76,311,463,None,Move,browsing
1573650598.841,311,463,None,Move,browsing
1573650598.8620002,311,463,None,Move,browsing
1573650598.988,312,464,None,Move,browsing
1573650599.016,312,464,None,Move,browsing
1573650599.026,314,464,None,Move,browsing
1573650599.036,314,461,None,Move,browsing
1573650599.043,315,460,None,Move,browsing
1573650599.052,315,460,None,Move,browsing
1573650599.062,315,459,None,Move,browsing
1573650599.0670002,315,458,None,Move,browsing
1573650599.076,316,458,None,Move,browsing
1573650599.082,317,457,None,Move,browsing
1573650599.242,317,457,None,Move,browsing
1573650599.3579998,318,457,None,Move,browsing
1573650599.3739998,318,457,None,Move,browsing
1573650599.4,320,457,None,Move,browsing
1573650599.416,321,457,None,Move,browsing
1573650599.427,322,457,None,Move,browsing
1573650599.439,323,457,None,Move,browsing
1573650599.45,325,457,None,Move,browsing
1573650599.462,328,457,None,Move,browsing
1573650599.468,330,457,None,Move,browsing
1573650599.4770002,336,457,None,Move,browsing
1573650599.484,337,457,None,Move,browsing
1573650599.492,340,458,None,Move,browsing
1573650599.498,343,458,None,Move,browsing
1573650599.505,345,458,None,Move,browsing
1573650599.512,348,459,None,Move,browsing
1573650599.52,348,459,None,Move,browsing
1573650599.5270002,350,459,None,Move,browsing
1573650599.534,350,459,None,Move,browsing
1573650599.544,352,460,None,Move,browsing
1573650599.551,354,461,None,Move,browsing
1573650599.56,356,463,None,Move,browsing
1573650599.566,357,464,None,Move,browsing
1573650599.576,359,465,None,Move,browsing
1573650599.586,360,466,None,Move,browsing
1573650599.592,360,466,None,Move,browsing
1573650599.6,361,467,None,Move,browsing
1573650599.606,362,467,None,Move,browsing
1573650599.625,362,468,None,Move,browsing
1573650600.336,363,468,None,Move,browsing
1573650600.346,366,469,None,Move,browsing
1573650600.355,371,470,None,Move,browsing
1573650600.367,373,470,None,Move,browsing
1573650600.3760002,375,471,None,Move,browsing
1573650600.3820002,377,472,None,Move,browsing
1573650600.389,380,474,None,Move,browsing
1573650600.3979998,384,475,None,Move,browsing
1573650600.408,390,476,None,Move,browsing
1573650600.418,391,476,None,Move,browsing
1573650600.424,393,478,None,Move,browsing
1573650600.43,396,478,None,Move,browsing
1573650600.437,400,479,None,Move,browsing
1573650600.448,407,481,None,Move,browsing
1573650600.454,409,483,None,Move,browsing
1573650600.462,415,484,None,Move,browsing
1573650600.468,419,484,None,Move,browsing
1573650600.478,423,485,None,Move,browsing
1573650600.488,433,487,None,Move,browsing
1573650600.494,434,487,None,Move,browsing
1573650600.504,436,488,None,Move,browsing
1573650600.51,439,489,None,Move,browsing
1573650600.518,442,492,None,Move,browsing
1573650600.528,444,494,None,Move,browsing
1573650600.534,445,494,None,Move,browsing
1573650600.544,445,494,None,Move,browsing
1573650600.55,447,495,None,Move,browsing
1573650600.5670002,449,496,None,Move,browsing
1573650600.573,449,496,None,Move,browsing
1573650600.6,450,496,None,Move,browsing
1573650600.61,451,496,None,Move,browsing
1573650600.6160002,453,496,None,Move,browsing
1573650600.814,453,497,None,Move,browsing
1573650600.8720002,453,497,None,Move,browsing
1573650600.89,452,497,None,Move,browsing
1573650600.9,451,497,None,Move,browsing
1573650600.938,451,497,None,Move,browsing
1573650600.984,450,497,None,Move,browsing
1573650601.012,449,496,None,Move,browsing
1573650601.032,449,496,None,Move,browsing
1573650601.049,449,495,None,Move,browsing
1573650601.074,449,494,None,Move,browsing
1573650601.094,449,493,None,Move,browsing
1573650601.104,449,492,None,Move,browsing
1573650601.111,449,491,None,Move,browsing
1573650601.12,449,490,None,Move,browsing
1573650601.1260002,449,490,None,Move,browsing
1573650601.1320002,449,489,None,Move,browsing
1573650601.14,449,489,None,Move,browsing
1573650601.149,449,487,None,Move,browsing
1573650601.19,449,486,None,Move,browsing
1573650601.22,449,485,None,Move,browsing
1573650601.246,449,484,None,Move,browsing
1573650601.262,450,483,None,Move,browsing
1573650601.292,451,481,None,Move,browsing
1573650601.302,451,481,None,Move,browsing
1573650601.312,453,480,None,Move,browsing
1573650601.319,453,479,None,Move,browsing
1573650601.326,454,479,None,Move,browsing
1573650601.333,455,478,None,Move,browsing
1573650601.342,456,478,None,Move,browsing
1573650601.3520002,457,476,None,Move,browsing
1573650601.3579998,457,476,None,Move,browsing
1573650601.3660002,458,475,None,Move,browsing
1573650601.3720002,459,474,None,Move,browsing
1573650601.3820002,461,474,None,Move,browsing
1573650601.3920002,462,472,None,Move,browsing
1573650601.3979998,463,472,None,Move,browsing
1573650601.408,465,472,None,Move,browsing
1573650601.414,467,472,None,Move,browsing
1573650601.4220002,468,470,None,Move,browsing
1573650601.4320002,471,470,None,Move,browsing
1573650601.438,472,469,None,Move,browsing
1573650601.448,474,469,None,Move,browsing
1573650601.454,475,469,None,Move,browsing
1573650601.464,477,467,None,Move,browsing
1573650601.47,479,467,None,Move,browsing
1573650601.478,482,467,None,Move,browsing
1573650601.488,484,467,None,Move,browsing
1573650601.494,485,467,None,Move,browsing
1573650601.504,487,466,None,Move,browsing
1573650601.51,489,465,None,Move,browsing
1573650601.52,492,465,None,Move,browsing
1573650601.53,496,465,None,Move,browsing
1573650601.536,496,464,None,Move,browsing
1573650601.544,497,464,None,Move,browsing
1573650601.55,500,464,None,Move,browsing
1573650601.56,503,464,None,Move,browsing
1573650601.5679998,503,463,None,Move,browsing
1573650601.5779998,504,463,None,Move,browsing
1573650601.5879998,505,463,None,Move,browsing
1573650601.594,506,463,None,Move,browsing
1573650601.6,506,463,None,Move,browsing
1573650601.6079998,507,463,None,Move,browsing
1573650601.6179998,508,463,None,Move,browsing
1573650601.6239998,509,463,None,Move,browsing
1573650601.6339998,511,463,None,Move,browsing
1573650601.64,514,463,None,Move,browsing
1573650601.6479998,518,463,None,Move,browsing
1573650601.658,528,463,None,Move,browsing
1573650601.664,530,463,None,Move,browsing
1573650601.674,535,464,None,Move,browsing
1573650601.68,542,464,None,Move,browsing
1573650601.688,544,465,None,Move,browsing
1573650601.698,551,468,None,Move,browsing
1573650601.704,553,468,None,Move,browsing
1573650601.714,557,469,None,Move,browsing
1573650601.72,559,470,None,Move,browsing
1573650601.728,561,472,None,Move,browsing
1573650601.74,564,473,None,Move,browsing
1573650601.746,564,473,None,Move,browsing
1573650601.754,565,474,None,Move,browsing
1573650601.76,566,474,None,Move,browsing
1573650601.77,568,476,None,Move,browsing
1573650601.78,571,479,None,Move,browsing
1573650601.794,572,480,None,Move,browsing
1573650601.8,572,480,None,Move,browsing
1573650601.809,573,481,None,Move,browsing
1573650601.82,573,482,None,Move,browsing
1573650601.825,573,482,None,Move,browsing
1573650601.88,574,482,None,Move,browsing
1573650602.2029998,574,483,None,Move,browsing
1573650602.219,574,484,None,Move,browsing
1573650602.234,574,484,None,Move,browsing
1573650602.242,574,485,None,Move,browsing
1573650602.258,574,486,None,Move,browsing
1573650602.274,574,486,None,Move,browsing
1573650602.282,574,487,None,Move,browsing
1573650602.289,574,489,None,Move,browsing
1573650602.295,573,489,None,Move,browsing
1573650602.302,573,490,None,Move,browsing
1573650602.3079998,572,490,None,Move,browsing
1573650602.32,569,490,None,Move,browsing
1573650602.326,568,490,None,Move,browsing
1573650602.334,566,491,None,Move,browsing
1573650602.34,564,491,None,Move,browsing
1573650602.35,561,491,None,Move,browsing
1573650602.36,556,493,None,Move,browsing
1573650602.3660002,555,493,None,Move,browsing
1573650602.38,555,493,None,Move,browsing
1573650602.574,554,493,None,Move,browsing
1573650602.59,554,495,None,Move,browsing
1573650602.617,554,495,None,Move,browsing
1573650602.627,554,496,None,Move,browsing
1573650602.6360002,554,497,None,Move,browsing
1573650602.644,554,498,None,Move,browsing
1573650602.656,554,499,None,Move,browsing
1573650602.6620002,554,501,None,Move,browsing
1573650602.6720002,554,501,None,Move,browsing
1573650602.6820002,555,502,None,Move,browsing
1573650602.688,556,503,None,Move,browsing
1573650602.698,556,503,None,Move,browsing
1573650602.704,556,504,None,Move,browsing
1573650602.712,557,507,None,Move,browsing
1573650602.722,557,508,None,Move,browsing
1573650602.728,557,508,None,Move,browsing
1573650602.738,558,510,None,Move,browsing
1573650602.744,558,513,None,Move,browsing
1573650602.754,558,513,None,Move,browsing
1573650602.76,558,514,None,Move,browsing
1573650602.768,558,516,None,Move,browsing
1573650602.78,558,516,None,Move,browsing
1573650602.786,559,518,None,Move,browsing
1573650602.796,559,518,None,Move,browsing
1573650602.802,559,519,None,Move,browsing
1573650602.812,559,521,None,Move,browsing
1573650602.8179998,558,522,None,Move,browsing
1573650602.824,556,524,None,Move,browsing
1573650602.834,554,526,None,Move,browsing
1573650602.844,553,526,None,Move,browsing
1573650602.863,552,526,None,Move,browsing
1573650603.169,552,526,None,Move,browsing
1573650603.176,552,526,None,Move,browsing
1573650603.196,549,526,None,Move,browsing
1573650603.206,547,524,None,Move,browsing
1573650603.212,546,523,None,Move,browsing
1573650603.226,546,523,None,Move,browsing
1573650603.2570002,546,522,None,Move,browsing
1573650603.268,546,521,None,Move,browsing
1573650603.282,546,520,None,Move,browsing
1573650603.292,544,518,None,Move,browsing
1573650603.302,544,517,None,Move,browsing
1573650603.312,543,516,None,Move,browsing
1573650603.3179998,543,516,None,Move,browsing
1573650603.3279998,543,515,None,Move,browsing
1573650603.334,542,515,None,Move,browsing
1573650603.342,542,513,None,Move,browsing
1573650603.3479998,542,513,None,Move,browsing
1573650603.3579998,542,512,None,Move,browsing
1573650603.37,542,511,None,Move,browsing
1573650603.3760002,541,510,None,Move,browsing
1573650603.3839998,541,510,None,Move,browsing
1573650603.39,541,509,None,Move,browsing
1573650603.3979998,540,507,None,Move,browsing
1573650603.408,539,504,None,Move,browsing
1573650603.418,538,501,None,Move,browsing
1573650603.424,538,501,None,Move,browsing
1573650603.43,537,500,None,Move,browsing
1573650603.444,537,497,None,Move,browsing
1573650603.48,537,497,None,Move,browsing
1573650603.49,537,496,None,Move,browsing
1573650603.594,537,495,None,Move,browsing
1573650603.6620002,537,494,None,Move,browsing
1573650603.678,537,493,None,Move,browsing
1573650603.697,537,493,None,Move,browsing
1573650603.712,537,492,None,Move,browsing
1573650603.778,537,491,None,Move,browsing
1573650603.824,537,490,None,Move,browsing
1573650603.895,537,489,None,Move,browsing
1573650604.8820002,537,488,None,Move,browsing
1573650604.938,537,488,None,Move,browsing
1573650604.948,538,488,None,Move,browsing
1573650604.988,538,489,None,Move,browsing
1573650604.994,539,491,None,Move,browsing
1573650605.004,539,491,None,Move,browsing
1573650605.014,539,492,None,Move,browsing
1573650605.034,540,492,None,Move,browsing
1573650605.043,540,493,None,Move,browsing
1573650605.2129998,540,492,None,Move,browsing
1573650605.229,537,487,None,Move,browsing
1573650605.252,531,477,None,Move,browsing
1573650605.2610002,524,458,None,Move,browsing
1573650605.27,520,447,None,Move,browsing
1573650605.278,518,435,None,Move,browsing
1573650605.286,517,426,None,Move,browsing
1573650605.296,512,408,None,Move,browsing
1573650605.303,510,402,None,Move,browsing
1573650605.31,507,389,None,Move,browsing
1573650605.316,503,376,None,Move,browsing
1573650605.326,499,365,None,Move,browsing
1573650605.336,490,349,None,Move,browsing
1573650605.342,487,344,None,Move,browsing
1573650605.3520002,481,335,None,Move,browsing
1573650605.3579998,472,327,None,Move,browsing
1573650605.3660002,465,320,None,Move,browsing
1573650605.3760002,449,309,None,Move,browsing
1573650605.383,446,306,None,Move,browsing
1573650605.3920002,433,299,None,Move,browsing
1573650605.399,431,298,None,Move,browsing
1573650605.408,428,297,None,Move,browsing
1573650605.414,426,295,None,Move,browsing
1573650605.4220002,425,293,None,Move,browsing
1573650605.434,424,293,None,Move,browsing
1573650605.63,424,293,None,Move,browsing
1573650605.646,424,292,None,Move,browsing
1573650605.771,425,292,None,Move,browsing
1573650605.786,426,292,None,Move,browsing
1573650605.796,427,291,None,Move,browsing
1573650605.802,428,291,None,Move,browsing
1573650605.812,429,291,None,Move,browsing
1573650605.819,430,289,None,Move,browsing
1573650605.826,430,289,None,Move,browsing
1573650605.836,432,288,None,Move,browsing
1573650605.843,432,287,None,Move,browsing
1573650605.8520002,433,286,None,Move,browsing
1573650605.859,434,286,None,Move,browsing
1573650605.8720002,435,285,None,Move,browsing
1573650606.033,435,285,Left,Pressed,browsing
1573650606.153,435,285,Left,Released,browsing
1573650606.285,435,286,None,Move,browsing
1573650606.302,434,287,None,Move,browsing
1573650606.311,433,290,None,Move,browsing
1573650606.32,433,291,None,Move,browsing
1573650606.326,433,293,None,Move,browsing
1573650606.336,433,294,None,Move,browsing
1573650606.343,433,295,None,Move,browsing
1573650606.35,432,296,None,Move,browsing
1573650606.3620002,432,298,None,Move,browsing
1573650606.37,432,298,None,Move,browsing
1573650606.3760002,431,300,None,Move,browsing
1573650606.3820002,430,303,None,Move,browsing
1573650606.3920002,429,305,None,Move,browsing
1573650606.4020002,429,309,None,Move,browsing
1573650606.408,429,309,None,Move,browsing
1573650606.416,427,311,None,Move,browsing
1573650606.4220002,427,314,None,Move,browsing
1573650606.4320002,427,315,None,Move,browsing
1573650606.4420002,427,316,None,Move,browsing
1573650606.5229998,426,316,None,Move,browsing
1573650606.552,426,317,None,Move,browsing
1573650606.562,425,318,None,Move,browsing
1573650606.571,425,319,None,Move,browsing
1573650606.58,425,321,None,Move,browsing
1573650606.596,425,322,None,Move,browsing
1573650606.604,425,322,None,Move,browsing
1573650606.6139998,425,323,None,Move,browsing
1573650606.6220002,425,323,None,Move,browsing
1573650606.6520002,425,324,None,Move,browsing
1573650606.6620002,425,325,None,Move,browsing
1573650606.6720002,425,326,None,Move,browsing
1573650606.6820002,425,327,None,Move,browsing
1573650606.6920002,425,328,None,Move,browsing
1573650606.698,425,329,None,Move,browsing
1573650606.708,425,329,None,Move,browsing
1573650606.714,425,331,None,Move,browsing
1573650606.728,425,332,None,Move,browsing
1573650606.744,425,333,None,Move,browsing
1573650606.88,425,333,Left,Pressed,browsing
1573650606.976,425,333,Left,Released,browsing
1573650607.039,425,333,None,Move,browsing
1573650607.059,426,334,None,Move,browsing
1573650607.075,440,340,None,Move,browsing
1573650607.099,448,342,None,Move,browsing
1573650607.1079998,460,346,None,Move,browsing
1573650607.115,475,348,None,Move,browsing
1573650607.1220002,481,349,None,Move,browsing
1573650607.129,496,353,None,Move,browsing
1573650607.135,518,359,None,Move,browsing
1573650607.141,541,362,None,Move,browsing
1573650607.1520002,587,373,None,Move,browsing
1573650607.159,595,375,None,Move,browsing
1573650607.168,616,379,None,Move,browsing
1573650607.175,647,389,None,Move,browsing
1573650607.1820002,680,401,None,Move,browsing
1573650607.1920002,734,420,None,Move,browsing
1573650607.198,744,424,None,Move,browsing
1573650607.208,774,436,None,Move,browsing
1573650607.214,805,450,None,Move,browsing
1573650607.222,836,464,None,Move,browsing
1573650607.232,885,481,None,Move,browsing
1573650607.238,893,484,None,Move,browsing
1573650607.248,916,491,None,Move,browsing
1573650607.254,937,496,None,Move,browsing
1573650607.262,957,501,None,Move,browsing
1573650607.272,994,508,None,Move,browsing
1573650607.278,1001,509,None,Move,browsing
1573650607.288,1016,513,None,Move,browsing
1573650607.294,1028,516,None,Move,browsing
1573650607.304,1042,519,None,Move,browsing
1573650607.314,1061,525,None,Move,browsing
1573650607.32,1067,525,None,Move,browsing
1573650607.326,1078,528,None,Move,browsing
1573650607.3379998,1087,530,None,Move,browsing
1573650607.343,1098,530,None,Move,browsing
1573650607.3520002,1106,530,None,Move,browsing
1573650607.3579998,1115,530,None,Move,browsing
1573650607.3679998,1122,530,None,Move,browsing
1573650607.3779998,1131,530,None,Move,browsing
1573650607.3839998,1134,527,None,Move,browsing
1573650607.394,1136,527,None,Move,browsing
1573650607.4,1139,526,None,Move,browsing
1573650607.408,1141,525,None,Move,browsing
1573650607.418,1145,524,None,Move,browsing
1573650607.424,1147,524,None,Move,browsing
1573650607.434,1149,523,None,Move,browsing
1573650607.44,1152,521,None,Move,browsing
1573650607.45,1154,520,None,Move,browsing
1573650607.456,1157,518,None,Move,browsing
1573650607.464,1162,513,None,Move,browsing
1573650607.474,1165,511,None,Move,browsing
1573650607.48,1166,509,None,Move,browsing
1573650607.49,1167,509,None,Move,browsing
1573650607.495,1168,506,None,Move,browsing
1573650607.506,1170,504,None,Move,browsing
1573650607.516,1172,502,None,Move,browsing
1573650607.522,1172,502,None,Move,browsing
1573650607.53,1174,502,None,Move,browsing
1573650607.535,1176,500,None,Move,browsing
1573650607.545,1176,499,None,Move,browsing
1573650607.556,1180,497,None,Move,browsing
1573650607.562,1181,497,None,Move,browsing
1573650607.572,1185,493,None,Move,browsing
1573650607.5779998,1187,491,None,Move,browsing
1573650607.586,1188,491,None,Move,browsing
1573650607.592,1191,488,None,Move,browsing
1573650607.6020002,1194,486,None,Move,browsing
1573650607.6120002,1202,483,None,Move,browsing
1573650607.6179998,1206,481,None,Move,browsing
1573650607.6279998,1211,477,None,Move,browsing
1573650607.6339998,1217,476,None,Move,browsing
1573650607.646,1228,473,None,Move,browsing
1573650607.6520002,1230,473,None,Move,browsing
1573650607.66,1240,469,None,Move,browsing
1573650607.666,1241,469,None,Move,browsing
1573650607.676,1246,469,None,Move,browsing
1573650607.6820002,1253,467,None,Move,browsing
1573650607.69,1259,466,None,Move,browsing
1573650607.7,1267,466,None,Move,browsing
1573650607.706,1269,465,None,Move,browsing
1573650607.716,1271,465,None,Move,browsing
1573650607.722,1273,464,None,Move,browsing
1573650607.736,1276,464,None,Move,browsing
1573650607.742,1278,464,None,Move,browsing
1573650607.748,1279,464,None,Move,browsing
1573650607.756,1282,464,None,Move,browsing
1573650607.762,1284,464,None,Move,browsing
1573650607.771,1287,464,None,Move,browsing
1573650607.782,1290,464,None,Move,browsing
1573650607.788,1292,464,None,Move,browsing
1573650607.796,1293,464,None,Move,browsing
1573650607.802,1293,464,None,Move,browsing
1573650607.812,1294,464,None,Move,browsing
1573650607.822,1295,464,None,Move,browsing
1573650607.8279998,1295,464,None,Move,browsing
1573650607.842,1296,464,None,Move,browsing
1573650607.8520002,1297,464,None,Move,browsing
1573650607.8620002,1300,464,None,Move,browsing
1573650607.8779998,1300,464,None,Move,browsing
1573650607.8839998,1302,466,None,Move,browsing
1573650607.8920002,1303,467,None,Move,browsing
1573650607.9020002,1304,467,None,Move,browsing
1573650607.908,1305,468,None,Move,browsing
1573650607.918,1305,468,None,Move,browsing
1573650607.9420002,1307,468,None,Move,browsing
1573650607.962,1307,468,None,Move,browsing
1573650607.9870002,1308,468,None,Move,browsing
1573650608.008,1310,468,None,Move,browsing
1573650608.069,1310,468,Left,Pressed,browsing
1573650608.169,1310,468,Left,Released,browsing
1573650608.22,1310,468,None,Move,browsing
1573650608.228,1310,468,None,Move,browsing
1573650608.235,1308,468,None,Move,browsing
1573650608.242,1306,468,None,Move,browsing
1573650608.2489998,1303,468,None,Move,browsing
1573650608.255,1299,468,None,Move,browsing
1573650608.265,1288,470,None,Move,browsing
1573650608.272,1285,470,None,Move,browsing
1573650608.28,1276,473,None,Move,browsing
1573650608.314,1232,486,None,Move,browsing
1573650608.323,1219,489,None,Move,browsing
1573650608.33,1206,493,None,Move,browsing
1573650608.3379998,1198,496,None,Move,browsing
1573650608.346,1164,502,None,Move,browsing
1573650608.355,1156,504,None,Move,browsing
1573650608.363,1133,509,None,Move,browsing
1573650608.369,1103,516,None,Move,browsing
1573650608.3760002,1075,521,None,Move,browsing
1573650608.3860002,1022,529,None,Move,browsing
1573650608.3920002,1012,531,None,Move,browsing
1573650608.4020002,987,536,None,Move,browsing
1573650608.408,955,541,None,Move,browsing
1573650608.416,924,546,None,Move,browsing
1573650608.428,862,559,None,Move,browsing
1573650608.434,850,562,None,Move,browsing
1573650608.4420002,819,566,None,Move,browsing
1573650608.448,783,572,None,Move,browsing
1573650608.458,742,581,None,Move,browsing
1573650608.468,673,591,None,Move,browsing
1573650608.474,664,592,None,Move,browsing
1573650608.482,633,597,None,Move,browsing
1573650608.488,600,598,None,Move,browsing
1573650608.498,570,598,None,Move,browsing
1573650608.508,521,598,None,Move,browsing
1573650608.5129998,513,598,None,Move,browsing
1573650608.522,495,598,None,Move,browsing
1573650608.5270002,476,598,None,Move,browsing
1573650608.538,459,598,None,Move,browsing
1573650608.548,429,598,None,Move,browsing
1573650608.554,424,598,None,Move,browsing
1573650608.564,412,598,None,Move,browsing
1573650608.57,400,598,None,Move,browsing
1573650608.577,389,599,None,Move,browsing
1573650608.587,376,599,None,Move,browsing
1573650608.593,374,599,None,Move,browsing
1573650608.604,369,599,None,Move,browsing
1573650608.61,365,599,None,Move,browsing
1573650608.6179998,362,599,None,Move,browsing
1573650608.6279998,358,599,None,Move,browsing
1573650608.6339998,357,599,None,Move,browsing
1573650608.644,356,599,None,Move,browsing
1573650608.65,356,599,None,Move,browsing
1573650608.658,355,599,None,Move,browsing
1573650608.669,354,599,None,Move,browsing
1573650608.684,354,599,None,Move,browsing
1573650608.71,353,599,None,Move,browsing
1573650608.716,353,599,None,Move,browsing
1573650608.724,351,599,None,Move,browsing
1573650608.729,351,598,None,Move,browsing
1573650608.74,350,598,None,Move,browsing
1573650608.796,350,597,None,Move,browsing
1573650608.812,348,595,None,Move,browsing
1573650608.827,347,593,None,Move,browsing
1573650608.837,342,588,None,Move,browsing
1573650608.8479998,341,586,None,Move,browsing
1573650608.857,339,586,None,Move,browsing
1573650608.865,337,585,None,Move,browsing
1573650608.8720002,333,585,None,Move,browsing
1573650608.8779998,332,585,None,Move,browsing
1573650608.8860002,331,584,None,Move,browsing
1573650608.8920002,330,584,None,Move,browsing
1573650608.9020002,329,584,None,Move,browsing
1573650608.9120002,326,584,None,Move,browsing
1573650608.918,325,583,None,Move,browsing
1573650608.926,323,583,None,Move,browsing
1573650608.9320002,320,582,None,Move,browsing
1573650608.9420002,316,582,None,Move,browsing
1573650608.948,312,581,None,Move,browsing
1573650608.958,307,580,None,Move,browsing
1573650608.964,302,578,None,Move,browsing
1573650608.974,296,577,None,Move,browsing
1573650608.984,288,576,None,Move,browsing
1573650608.99,286,576,None,Move,browsing
1573650608.998,284,575,None,Move,browsing
1573650609.004,278,574,None,Move,browsing
1573650609.014,276,574,None,Move,browsing
1573650609.024,272,572,None,Move,browsing
1573650609.03,271,572,None,Move,browsing
1573650609.044,269,572,None,Move,browsing
1573650609.054,269,571,None,Move,browsing
1573650609.064,268,570,None,Move,browsing
1573650609.08,266,570,None,Move,browsing
1573650609.0879998,266,570,None,Move,browsing
1573650609.094,265,570,None,Move,browsing
1573650609.104,265,570,None,Move,browsing
1573650609.125,263,569,None,Move,browsing
1573650609.146,262,569,None,Move,browsing
1573650609.2489998,262,569,None,Move,browsing
1573650609.649,261,569,None,Move,browsing
1573650609.7,261,569,None,Move,browsing
1573650609.707,261,569,None,Move,browsing
1573650609.716,261,570,None,Move,browsing
1573650609.73,261,571,None,Move,browsing
1573650609.74,261,572,None,Move,browsing
1573650609.75,261,572,None,Move,browsing
1573650609.762,261,573,None,Move,browsing
1573650609.772,261,574,None,Move,browsing
1573650609.782,261,576,None,Move,browsing
1573650609.789,261,576,None,Move,browsing
1573650609.796,261,578,None,Move,browsing
1573650609.802,261,580,None,Move,browsing
1573650609.812,261,584,None,Move,browsing
1573650609.822,262,586,None,Move,browsing
1573650609.8279998,262,587,None,Move,browsing
1573650609.834,264,589,None,Move,browsing
1573650609.844,264,591,None,Move,browsing
1573650609.853,267,592,None,Move,browsing
1573650609.86,267,594,None,Move,browsing
1573650609.87,269,596,None,Move,browsing
1573650609.8760002,270,597,None,Move,browsing
1573650609.8839998,272,600,None,Move,browsing
1573650609.894,277,605,None,Move,browsing
1573650609.9,281,607,None,Move,browsing
1573650609.91,289,618,None,Move,browsing
1573650609.916,290,622,None,Move,browsing
1573650609.926,295,627,None,Move,browsing
1573650609.931,300,633,None,Move,browsing
1573650609.9420002,304,636,None,Move,browsing
1573650609.952,308,641,None,Move,browsing
1573650609.957,308,642,None,Move,browsing
1573650609.966,309,642,None,Move,browsing
1573650609.972,310,643,None,Move,browsing
1573650610.146,310,643,None,Move,browsing
1573650610.161,310,642,None,Move,browsing
1573650610.194,310,642,None,Move,browsing
1573650610.214,310,640,None,Move,browsing
1573650610.224,310,639,None,Move,browsing
1573650610.238,310,638,None,Move,browsing
1573650610.248,310,638,None,Move,browsing
1573650610.258,310,637,None,Move,browsing
1573650610.284,310,636,None,Move,browsing
1573650610.294,311,634,None,Move,browsing
1573650610.314,312,634,None,Move,browsing
1573650610.32,313,634,None,Move,browsing
1573650610.33,315,634,None,Move,browsing
1573650610.337,318,633,None,Move,browsing
1573650610.344,321,633,None,Move,browsing
1573650610.354,327,633,None,Move,browsing
1573650610.36,328,633,None,Move,browsing
1573650610.37,331,633,None,Move,browsing
1573650610.3760002,335,633,None,Move,browsing
1573650610.3839998,342,633,None,Move,browsing
1573650610.396,354,631,None,Move,browsing
1573650610.403,358,631,None,Move,browsing
1573650610.41,368,629,None,Move,browsing
1573650610.416,380,628,None,Move,browsing
1573650610.426,389,628,None,Move,browsing
1573650610.436,406,624,None,Move,browsing
1573650610.4420002,412,623,None,Move,browsing
1573650610.45,427,621,None,Move,browsing
1573650610.457,445,618,None,Move,browsing
1573650610.466,468,617,None,Move,browsing
1573650610.476,514,615,None,Move,browsing
1573650610.482,523,615,None,Move,browsing
1573650610.49,547,615,None,Move,browsing
1573650610.496,573,617,None,Move,browsing
1573650610.506,604,620,None,Move,browsing
1573650610.516,663,632,None,Move,browsing
1573650610.522,673,634,None,Move,browsing
1573650610.532,700,642,None,Move,browsing
1573650610.538,731,647,None,Move,browsing
1573650610.546,764,655,None,Move,browsing
1573650610.556,828,672,None,Move,browsing
1573650610.563,839,675,None,Move,browsing
1573650610.572,867,681,None,Move,browsing
1573650610.577,901,688,None,Move,browsing
1573650610.586,933,693,None,Move,browsing
1573650610.596,992,707,None,Move,browsing
1573650610.6020002,1002,708,None,Move,browsing
1573650610.6120002,1024,712,None,Move,browsing
1573650610.6179998,1050,718,None,Move,browsing
1573650610.6279998,1074,723,None,Move,browsing
1573650610.6379998,1119,732,None,Move,browsing
1573650610.644,1126,734,None,Move,browsing
1573650610.654,1160,740,None,Move,browsing
1573650610.66,1167,742,None,Move,browsing
1573650610.668,1182,746,None,Move,browsing
1573650610.674,1195,749,None,Move,browsing
1573650610.684,1209,754,None,Move,browsing
1573650610.69,1223,756,None,Move,browsing
1573650610.699,1235,759,None,Move,browsing
1573650610.715,1259,765,None,Move,browsing
1573650610.73,1274,769,None,Move,browsing
1573650610.746,1279,767,None,Move,browsing
1573650610.762,1285,769,None,Move,browsing
1573650610.78,1297,768,None,Move,browsing
1573650610.792,1305,770,None,Move,browsing
1573650610.798,1307,767,None,Move,browsing
1573650610.804,1313,768,None,Move,browsing
1573650610.811,1319,769,None,Move,browsing
1573650610.822,1326,767,None,Move,browsing
1573650610.8279998,1326,767,None,Move,browsing
1573650610.832,1328,767,None,Move,browsing
1573650610.854,1330,767,None,Move,browsing
1573650610.86,1330,767,None,Move,browsing
1573650610.87,1332,767,None,Move,browsing
1573650610.88,1334,767,None,Move,browsing
1573650610.8860002,1335,767,None,Move,browsing
1573650610.894,1336,767,None,Move,browsing
1573650610.8979998,1338,767,None,Move,browsing
1573650610.914,1342,766,None,Move,browsing
1573650610.929,1344,764,None,Move,browsing
1573650610.945,1345,763,None,Move,browsing
1573650610.961,1346,760,None,Move,browsing
1573650610.976,1346,759,None,Move,browsing
1573650610.9829998,1346,759,None,Move,browsing
1573650610.9989998,1346,754,None,Move,browsing
1573650611.015,1346,753,None,Move,browsing
1573650611.03,1346,752,None,Move,browsing
1573650611.1139998,1346,752,None,Move,browsing
1573650611.13,1343,748,None,Move,browsing
1573650611.146,1342,747,None,Move,browsing
1573650611.161,1337,746,None,Move,browsing
1573650611.1829998,1334,744,None,Move,browsing
1573650611.199,1331,744,None,Move,browsing
1573650611.215,1330,744,None,Move,browsing
1573650611.23,1325,744,None,Move,browsing
1573650611.246,1321,744,None,Move,browsing
1573650611.262,1309,744,None,Move,browsing
1573650611.2770002,1299,744,None,Move,browsing
1573650611.284,1293,744,None,Move,browsing
1573650611.299,1278,744,None,Move,browsing
1573650611.315,1263,744,None,Move,browsing
1573650611.331,1249,744,None,Move,browsing
1573650611.346,1240,744,None,Move,browsing
1573650611.3620002,1226,744,None,Move,browsing
1573650611.377,1210,744,None,Move,browsing
1573650611.3839998,1200,743,None,Move,browsing
1573650611.4,1190,742,None,Move,browsing
1573650611.415,1178,742,None,Move,browsing
1573650611.431,1166,742,None,Move,browsing
1573650611.446,1155,742,None,Move,browsing
1573650611.462,1139,742,None,Move,browsing
1573650611.484,1114,742,None,Move,browsing
1573650611.5,1102,742,None,Move,browsing
1573650611.515,1044,738,None,Move,browsing
1573650611.531,1001,729,None,Move,browsing
1573650611.556,907,704,None,Move,browsing
1573650611.566,795,681,None,Move,browsing
1573650611.572,771,677,None,Move,browsing
1573650611.58,715,667,None,Move,browsing
1573650611.586,668,661,None,Move,browsing
1573650611.596,619,661,None,Move,browsing
1573650611.606,551,664,None,Move,browsing
1573650611.6120002,537,667,None,Move,browsing
1573650611.62,500,676,None,Move,browsing
1573650611.6260002,455,686,None,Move,browsing
1573650611.6360002,409,695,None,Move,browsing
1573650611.646,332,708,None,Move,browsing
1573650611.6520002,321,709,None,Move,browsing
1573650611.6620002,290,713,None,Move,browsing
1573650611.669,262,716,None,Move,browsing
1573650611.676,238,721,None,Move,browsing
1573650611.686,207,726,None,Move,browsing
1573650611.6920002,201,727,None,Move,browsing
1573650611.702,192,729,None,Move,browsing
1573650611.708,183,731,None,Move,browsing
1573650611.716,178,734,None,Move,browsing
1573650611.726,174,737,None,Move,browsing
1573650611.732,173,737,None,Move,browsing
1573650611.742,171,738,None,Move,browsing
1573650611.748,168,740,None,Move,browsing
1573650611.756,168,741,None,Move,browsing
1573650611.764,167,742,None,Move,browsing
1573650611.833,167,742,None,Move,browsing
1573650611.851,168,742,None,Move,browsing
1573650611.8620002,169,742,None,Move,browsing
1573650611.8720002,173,742,None,Move,browsing
1573650611.8820002,176,742,None,Move,browsing
1573650611.8879998,181,742,None,Move,browsing
1573650611.894,185,742,None,Move,browsing
1573650611.896,191,742,None,Move,browsing
1573650611.9120002,202,742,None,Move,browsing
1573650611.927,219,742,None,Move,browsing
1573650611.9429998,236,745,None,Move,browsing
1573650611.959,249,745,None,Move,browsing
1573650611.974,268,750,None,Move,browsing
1573650611.9870002,288,751,None,Move,browsing
1573650612.0029998,311,753,None,Move,browsing
1573650612.019,345,754,None,Move,browsing
1573650612.034,368,755,None,Move,browsing
1573650612.05,379,755,None,Move,browsing
1573650612.065,397,757,None,Move,browsing
1573650612.087,403,757,None,Move,browsing
1573650612.103,406,757,None,Move,browsing
1573650612.119,411,757,None,Move,browsing
1573650612.1339998,415,757,None,Move,browsing
1573650612.15,417,757,None,Move,browsing
1573650612.166,419,757,None,Move,browsing
1573650612.181,420,757,None,Move,browsing
1573650612.187,420,757,None,Move,browsing
1573650612.2029998,422,756,None,Move,browsing
1573650612.218,422,755,None,Move,browsing
1573650612.234,422,755,None,Move,browsing
1573650612.266,422,754,None,Move,browsing
1573650612.281,423,754,None,Move,browsing
1573650612.2870002,423,753,None,Move,browsing
1573650612.319,423,752,None,Move,browsing
1573650612.334,423,752,None,Move,browsing
1573650612.434,423,751,None,Move,browsing
1573650612.4870002,423,750,None,Move,browsing
1573650612.55,423,750,None,Move,browsing
1573650612.603,423,749,None,Move,browsing
1573650612.6820002,423,749,None,Move,browsing
1573650612.704,422,747,None,Move,browsing
1573650612.735,421,747,None,Move,browsing
1573650612.766,420,747,None,Move,browsing
1573650612.782,419,747,None,Move,browsing
1573650612.788,418,747,None,Move,browsing
1573650612.804,418,747,None,Move,browsing
1573650612.82,417,747,None,Move,browsing
1573650612.994,417,747,None,Move,browsing
1573650613.0089998,417,748,None,Move,browsing
1573650613.025,417,748,None,Move,browsing
1573650613.04,417,749,None,Move,browsing
1573650613.056,422,749,None,Move,browsing
1573650613.072,426,749,None,Move,browsing
1573650613.087,430,749,None,Move,browsing
1573650613.094,431,749,None,Move,browsing
1573650613.109,438,749,None,Move,browsing
1573650613.125,444,749,None,Move,browsing
1573650613.141,452,749,None,Move,browsing
1573650613.156,459,749,None,Move,browsing
1573650613.1720002,462,749,None,Move,browsing
1573650613.194,464,749,None,Move,browsing
1573650613.21,468,749,None,Move,browsing
1573650613.225,472,749,None,Move,browsing
1573650613.2410002,472,749,None,Move,browsing
1573650613.41,473,749,Left,Pressed,browsing
1573650613.41,473,749,None,Drag,browsing
1573650613.41,473,749,Left,Released,browsing
1573650613.945,473,749,None,Move,file system
1573650614.061,473,749,None,Move,file system
1573650614.099,471,747,None,Move,file system
1573650614.115,471,746,None,Move,file system
1573650614.13,473,743,None,Move,file system
1573650614.146,474,741,None,Move,file system
1573650614.161,476,738,None,Move,file system
1573650614.177,487,720,None,Move,file system
1573650614.194,489,718,None,Move,file system
1573650614.204,495,711,None,Move,file system
1573650614.21,498,707,None,Move,file system
1573650614.218,504,701,None,Move,file system
1573650614.224,510,695,None,Move,file system
1573650614.234,518,687,None,Move,file system
1573650614.244,530,677,None,Move,file system
1573650614.25,534,675,None,Move,file system
1573650614.2570002,544,666,None,Move,file system
1573650614.264,557,659,None,Move,file system
1573650614.274,570,646,None,Move,file system
1573650614.284,591,623,None,Move,file system
1573650614.289,596,617,None,Move,file system
1573650614.291,611,601,None,Move,file system
1573650614.299,632,578,None,Move,file system
1573650614.314,681,534,None,Move,file system
1573650614.33,685,531,None,Move,file system
1573650614.346,705,517,None,Move,file system
1573650614.361,728,503,None,Move,file system
1573650614.377,741,494,None,Move,file system
1573650614.3920002,756,478,None,Move,file system
1573650614.399,765,468,None,Move,file system
1573650614.415,795,441,None,Move,file system
1573650614.43,810,427,None,Move,file system
1573650614.446,837,408,None,Move,file system
1573650614.462,866,393,None,Move,file system
1573650614.4770002,886,379,None,Move,file system
1573650614.4989998,914,367,None,Move,file system
1573650614.515,939,353,None,Move,file system
1573650614.531,960,340,None,Move,file system
1573650614.546,971,336,None,Move,file system
1573650614.562,974,335,None,Move,file system
1573650614.815,974,334,None,Move,file system
1573650614.846,974,332,None,Move,file system
1573650614.8679998,974,330,None,Move,file system
1573650614.8779998,975,329,None,Move,file system
1573650614.8879998,980,328,None,Move,file system
1573650614.89,981,328,None,Move,file system
1573650614.9,985,326,None,Move,file system
1573650614.915,992,324,None,Move,file system
1573650614.931,1000,319,None,Move,file system
1573650614.947,1007,313,None,Move,file system
1573650614.962,1021,302,None,Move,file system
1573650614.978,1029,294,None,Move,file system
1573650615.0,1040,278,None,Move,file system
1573650615.016,1057,260,None,Move,file system
1573650615.031,1076,238,None,Move,file system
1573650615.0470002,1092,225,None,Move,file system
1573650615.063,1101,215,None,Move,file system
1573650615.0779998,1117,195,None,Move,file system
1573650615.094,1129,181,None,Move,file system
1573650615.1,1134,172,None,Move,file system
1573650615.1160002,1146,156,None,Move,file system
1573650615.1320002,1155,144,None,Move,file system
1573650615.147,1165,126,None,Move,file system
1573650615.163,1174,109,None,Move,file system
1573650615.179,1180,101,None,Move,file system
1573650615.194,1187,92,None,Move,file system
1573650615.201,1190,89,None,Move,file system
1573650615.216,1192,86,None,Move,file system
1573650615.232,1196,84,None,Move,file system
1573650615.248,1200,82,None,Move,file system
1573650615.2629998,1201,81,None,Move,file system
1573650615.332,1201,80,None,Move,file system
1573650615.379,1202,80,None,Move,file system
1573650615.394,1202,80,None,Move,file system
1573650615.401,1204,80,None,Move,file system
1573650615.416,1207,79,None,Move,file system
1573650615.4320002,1211,78,None,Move,file system
1573650615.448,1216,77,None,Move,file system
1573650615.4629998,1216,77,None,Move,file system
1573650615.479,1221,74,None,Move,file system
1573650615.495,1225,74,None,Move,file system
1573650615.5010002,1227,73,None,Move,file system
1573650615.5170002,1231,72,None,Move,file system
1573650615.532,1232,72,None,Move,file system
1573650615.548,1233,70,None,Move,file system
1573650615.564,1235,70,None,Move,file system
1573650615.579,1238,68,None,Move,file system
1573650615.601,1242,68,None,Move,file system
1573650615.664,1243,67,None,Move,file system
1573650615.68,1244,67,None,Move,file system
1573650615.702,1245,67,None,Move,file system
1573650615.717,1246,67,None,Move,file system
1573650615.7329998,1247,67,None,Move,file system
1573650615.764,1247,67,None,Move,file system
1573650615.795,1249,67,None,Move,file system
1573650615.801,1249,67,None,Move,file system
1573650615.8170002,1254,66,None,Move,file system
1573650615.833,1257,64,None,Move,file system
1573650615.856,1261,61,None,Move,file system
1573650615.8660002,1262,61,None,Move,file system
1573650615.873,1262,60,None,Move,file system
1573650615.879,1264,59,None,Move,file system
1573650615.8860002,1267,58,None,Move,file system
1573650615.889,1271,55,None,Move,file system
1573650615.901,1272,55,None,Move,file system
1573650615.917,1275,53,None,Move,file system
1573650615.9329998,1276,51,None,Move,file system
1573650615.964,1277,50,None,Move,file system
1573650615.98,1277,49,None,Move,file system
1573650616.0170002,1277,48,None,Move,file system
1573650616.033,1277,48,None,Move,file system
1573650616.049,1277,48,None,Move,file system
1573650616.064,1276,48,None,Move,file system
1573650616.08,1275,48,None,Move,file system
1573650616.096,1271,50,None,Move,file system
1573650616.1020002,1269,52,None,Move,file system
1573650616.1179998,1269,52,None,Move,file system
1573650616.133,1263,57,None,Move,file system
1573650616.149,1262,59,None,Move,file system
1573650616.18,1261,60,None,Move,file system
1573650616.196,1260,62,None,Move,file system
1573650616.202,1259,64,None,Move,file system
1573650616.234,1258,64,None,Move,file system
1573650616.334,1258,64,Left,Pressed,file system
1573650616.434,1258,64,Left,Released,file system
1573650616.541,1258,64,None,Move,browsing
1573650616.55,1257,65,None,Move,browsing
1573650616.561,1252,69,None,Move,browsing
1573650616.569,1248,72,None,Move,browsing
1573650616.58,1241,77,None,Move,browsing
1573650616.589,1223,91,None,Move,browsing
1573650616.597,1211,99,None,Move,browsing
1573650616.607,1200,107,None,Move,browsing
1573650616.6139998,1190,113,None,Move,browsing
1573650616.6239998,1157,134,None,Move,browsing
1573650616.631,1150,139,None,Move,browsing
1573650616.641,1125,154,None,Move,browsing
1573650616.6479998,1090,176,None,Move,browsing
1573650616.655,1045,201,None,Move,browsing
1573650616.664,966,255,None,Move,browsing
1573650616.6720002,951,264,None,Move,browsing
1573650616.679,900,293,None,Move,browsing
1573650616.686,849,321,None,Move,browsing
1573650616.695,804,344,None,Move,browsing
1573650616.704,735,379,None,Move,browsing
1573650616.712,724,383,None,Move,browsing
1573650616.718,696,394,None,Move,browsing
1573650616.728,668,405,None,Move,browsing
1573650616.735,647,416,None,Move,browsing
1573650616.744,611,430,None,Move,browsing
1573650616.7510002,605,433,None,Move,browsing
1573650616.76,593,438,None,Move,browsing
1573650616.766,582,442,None,Move,browsing
1573650616.776,572,445,None,Move,browsing
1573650616.783,559,447,None,Move,browsing
1573650616.793,557,448,None,Move,browsing
1573650616.801,551,449,None,Move,browsing
1573650616.809,547,449,None,Move,browsing
1573650616.815,543,450,None,Move,browsing
1573650616.824,539,450,None,Move,browsing
1573650616.83,538,450,None,Move,browsing
1573650616.836,535,450,None,Move,browsing
1573650616.8479998,532,450,None,Move,browsing
1573650616.857,529,450,None,Move,browsing
1573650616.865,527,450,None,Move,browsing
1573650616.8720002,524,451,None,Move,browsing
1573650616.8779998,520,452,None,Move,browsing
1573650616.8879998,517,452,None,Move,browsing
1573650616.8979998,511,454,None,Move,browsing
1573650616.904,509,454,None,Move,browsing
1573650616.9120002,504,455,None,Move,browsing
1573650616.918,501,455,None,Move,browsing
1573650616.928,496,455,None,Move,browsing
1573650616.938,485,455,None,Move,browsing
1573650616.944,483,455,None,Move,browsing
1573650616.952,475,455,None,Move,browsing
1573650616.958,469,454,None,Move,browsing
1573650616.968,462,452,None,Move,browsing
1573650616.978,443,448,None,Move,browsing
1573650616.984,438,447,None,Move,browsing
1573650616.994,429,446,None,Move,browsing
1573650617.0,422,446,None,Move,browsing
1573650617.008,414,445,None,Move,browsing
1573650617.018,395,443,None,Move,browsing
1573650617.024,390,443,None,Move,browsing
1573650617.034,379,442,None,Move,browsing
1573650617.04,369,440,None,Move,browsing
1573650617.046,360,440,None,Move,browsing
1573650617.055,352,439,None,Move,browsing
1573650617.066,337,438,None,Move,browsing
1573650617.072,333,437,None,Move,browsing
1573650617.082,326,436,None,Move,browsing
1573650617.0879998,323,435,None,Move,browsing
1573650617.0979998,320,434,None,Move,browsing
1573650617.1379998,319,434,None,Move,browsing
1573650617.1620002,317,432,None,Move,browsing
1573650617.1720002,317,432,None,Move,browsing
1573650617.1820002,316,431,None,Move,browsing
1573650617.188,316,431,None,Move,browsing
1573650617.195,314,430,None,Move,browsing
1573650617.204,314,430,None,Move,browsing
1573650617.21,313,430,None,Move,browsing
1573650617.218,311,429,None,Move,browsing
1573650617.228,311,429,None,Move,browsing
1573650617.234,309,429,None,Move,browsing
1573650617.248,308,429,None,Move,browsing
1573650617.264,308,429,None,Move,browsing
1573650617.278,307,429,None,Move,browsing
1573650617.296,305,429,None,Move,browsing
1573650617.306,305,429,None,Move,browsing
1573650617.315,303,430,None,Move,browsing
1573650617.331,302,430,Left,Pressed,browsing
1573650617.331,302,430,None,Drag,browsing
1573650617.339,302,431,None,Drag,browsing
1573650617.345,300,432,None,Drag,browsing
1573650617.346,300,432,Left,Released,browsing
1573650617.421,300,432,None,Move,browsing
1573650617.446,310,432,None,Move,browsing
1573650617.452,312,432,None,Move,browsing
1573650617.462,316,432,None,Move,browsing
1573650617.468,324,432,None,Move,browsing
1573650617.476,336,432,None,Move,browsing
1573650617.482,348,433,None,Move,browsing
1573650617.492,361,436,None,Move,browsing
1573650617.502,380,438,None,Move,browsing
1573650617.51,386,438,None,Move,browsing
1573650617.518,411,439,None,Move,browsing
1573650617.525,442,442,None,Move,browsing
1573650617.534,473,445,None,Move,browsing
1573650617.541,514,449,None,Move,browsing
1573650617.55,561,451,None,Move,browsing
1573650617.562,645,457,None,Move,browsing
1573650617.5679998,660,459,None,Move,browsing
1573650617.574,700,459,None,Move,browsing
1573650617.582,754,459,None,Move,browsing
1573650617.592,849,459,None,Move,browsing
1573650617.597,862,459,None,Move,browsing
1573650617.606,898,459,None,Move,browsing
1573650617.6120002,944,459,None,Move,browsing
1573650617.6220002,987,459,None,Move,browsing
1573650617.6320002,1060,459,None,Move,browsing
1573650617.6379998,1072,459,None,Move,browsing
1573650617.646,1104,459,None,Move,browsing
1573650617.6520002,1134,459,None,Move,browsing
1573650617.6620002,1164,459,None,Move,browsing
1573650617.6720002,1208,459,None,Move,browsing
1573650617.678,1212,459,None,Move,browsing
1573650617.688,1222,459,None,Move,browsing
1573650617.696,1232,459,None,Move,browsing
1573650617.704,1237,459,None,Move,browsing
1573650617.712,1241,457,None,Move,browsing
1573650617.722,1241,456,None,Move,browsing
1573650617.729,1241,456,None,Move,browsing
1573650617.738,1242,455,None,Move,browsing
1573650617.748,1242,455,None,Move,browsing
1573650617.754,1242,453,None,Move,browsing
1573650617.762,1243,453,None,Move,browsing
1573650617.774,1244,451,None,Move,browsing
1573650617.784,1245,450,None,Move,browsing
1573650617.794,1245,450,None,Move,browsing
1573650617.8,1245,449,None,Move,browsing
1573650617.8079998,1245,447,None,Move,browsing
1573650617.813,1245,445,None,Move,browsing
1573650617.823,1245,441,None,Move,browsing
1573650617.834,1241,438,None,Move,browsing
1573650617.853,1241,438,None,Move,browsing
1573650617.906,1240,438,None,Move,browsing
1573650617.9220002,1239,438,None,Move,browsing
1573650617.944,1237,438,None,Move,browsing
1573650617.955,1235,440,None,Move,browsing
1573650617.962,1233,442,None,Move,browsing
1573650617.97,1233,442,None,Move,browsing
1573650617.976,1231,444,None,Move,browsing
1573650617.984,1228,447,None,Move,browsing
1573650617.996,1223,450,None,Move,browsing
1573650618.0010002,1220,451,None,Move,browsing
1573650618.01,1214,452,None,Move,browsing
1573650618.016,1209,455,None,Move,browsing
1573650618.026,1202,456,None,Move,browsing
1573650618.036,1188,460,None,Move,browsing
1573650618.042,1185,460,None,Move,browsing
1573650618.05,1178,463,None,Move,browsing
1573650618.056,1171,464,None,Move,browsing
1573650618.066,1164,466,None,Move,browsing
1573650618.073,1160,466,None,Move,browsing
1573650618.082,1155,468,None,Move,browsing
1573650618.092,1146,469,None,Move,browsing
1573650618.0979998,1144,469,None,Move,browsing
1573650618.106,1142,469,None,Move,browsing
1573650618.1120002,1140,469,None,Move,browsing
1573650618.1220002,1138,469,None,Move,browsing
1573650618.1320002,1134,470,None,Move,browsing
1573650618.1479998,1133,470,None,Move,browsing
1573650618.1620002,1132,470,None,Move,browsing
1573650618.1720002,1132,470,None,Move,browsing
1573650618.3820002,1132,471,Left,Pressed,browsing
1573650618.3820002,1132,471,None,Drag,browsing
1573650618.3820002,1132,471,Left,Released,browsing
1573650618.41,1138,472,None,Move,browsing
1573650618.417,1147,472,None,Move,browsing
1573650618.425,1152,472,None,Move,browsing
1573650618.434,1159,473,None,Move,browsing
1573650618.444,1169,473,None,Move,browsing
1573650618.452,1183,474,None,Move,browsing
1573650618.461,1190,474,None,Move,browsing
1573650618.472,1205,474,None,Move,browsing
1573650618.478,1206,474,None,Move,browsing
1573650618.488,1211,474,None,Move,browsing
1573650618.494,1215,474,None,Move,browsing
1573650618.5029998,1221,474,None,Move,browsing
1573650618.512,1226,474,None,Move,browsing
1573650618.519,1227,474,None,Move,browsing
1573650618.526,1230,474,None,Move,browsing
1573650618.531,1233,474,None,Move,browsing
1573650618.542,1235,474,None,Move,browsing
1573650618.552,1238,474,None,Move,browsing
1573650618.5579998,1238,474,None,Move,browsing
1573650618.5679998,1240,474,None,Move,browsing
1573650618.575,1241,474,None,Move,browsing
1573650618.584,1242,474,None,Move,browsing
1573650618.59,1244,474,None,Move,browsing
1573650618.5979998,1245,474,None,Move,browsing
1573650618.6079998,1246,474,None,Move,browsing
1573650618.6160002,1248,474,None,Move,browsing
1573650618.6260002,1248,474,None,Move,browsing
1573650618.6920002,1249,474,Left,Pressed,browsing
1573650618.6920002,1249,474,None,Drag,browsing
1573650618.698,1249,474,None,Drag,browsing
1573650618.698,1249,474,Left,Released,browsing
1573650618.786,1249,474,None,Move,browsing
1573650618.7970002,1249,474,None,Move,browsing
1573650618.804,1246,474,None,Move,browsing
1573650618.811,1243,474,None,Move,browsing
1573650618.8179998,1241,475,None,Move,browsing
1573650618.825,1237,476,None,Move,browsing
1573650618.833,1234,478,None,Move,browsing
1573650618.842,1225,481,None,Move,browsing
1573650618.8479998,1223,481,None,Move,browsing
1573650618.8579998,1218,482,None,Move,browsing
1573650618.8639998,1211,484,None,Move,browsing
1573650618.8720002,1203,485,None,Move,browsing
1573650618.8820002,1187,490,None,Move,browsing
1573650618.8879998,1184,492,None,Move,browsing
1573650618.8979998,1172,493,None,Move,browsing
1573650618.904,1161,495,None,Move,browsing
1573650618.9120002,1147,499,None,Move,browsing
1573650618.918,1135,501,None,Move,browsing
1573650618.93,1122,503,None,Move,browsing
1573650618.94,1103,505,None,Move,browsing
1573650618.946,1097,507,None,Move,browsing
1573650618.954,1084,510,None,Move,browsing
1573650618.96,1067,511,None,Move,browsing
1573650618.97,1047,514,None,Move,browsing
1573650618.98,997,517,None,Move,browsing
1573650618.986,988,517,None,Move,browsing
1573650618.994,966,517,None,Move,browsing
1573650619.0,936,517,None,Move,browsing
1573650619.01,905,521,None,Move,browsing
1573650619.02,843,521,None,Move,browsing
1573650619.03,831,521,None,Move,browsing
1573650619.0370002,797,521,None,Move,browsing
1573650619.044,732,521,None,Move,browsing
1573650619.05,720,521,None,Move,browsing
1573650619.06,690,521,None,Move,browsing
1573650619.066,654,521,None,Move,browsing
1573650619.074,622,521,None,Move,browsing
1573650619.084,562,521,None,Move,browsing
1573650619.09,552,521,None,Move,browsing
1573650619.101,526,521,None,Move,browsing
1573650619.107,493,521,None,Move,browsing
1573650619.1160002,465,520,None,Move,browsing
1573650619.123,434,517,None,Move,browsing
1573650619.1320002,400,512,None,Move,browsing
1573650619.1379998,375,510,None,Move,browsing
1573650619.146,353,510,None,Move,browsing
1573650619.158,320,510,None,Move,browsing
1573650619.165,315,510,None,Move,browsing
1573650619.1720002,300,510,None,Move,browsing
1573650619.178,290,510,None,Move,browsing
1573650619.19,279,511,None,Move,browsing
1573650619.196,267,512,None,Move,browsing
1573650619.206,255,512,None,Move,browsing
1573650619.212,250,512,None,Move,browsing
1573650619.219,243,512,None,Move,browsing
1573650619.225,239,512,None,Move,browsing
1573650619.236,236,512,None,Move,browsing
1573650619.2410002,235,512,None,Move,browsing
1573650619.278,235,513,None,Move,browsing
1573650619.5570002,235,513,None,Move,browsing
1573650619.573,235,512,None,Move,browsing
1573650619.589,235,510,None,Move,browsing
1573650619.605,237,508,None,Move,browsing
1573650619.6160002,237,508,None,Move,browsing
1573650619.665,237,508,None,Move,browsing
1573650619.68,237,510,None,Move,browsing
1573650619.701,241,517,None,Move,browsing
1573650619.711,247,525,None,Move,browsing
1573650619.72,248,527,None,Move,browsing
1573650619.728,252,532,None,Move,browsing
1573650619.736,257,537,None,Move,browsing
1573650619.746,264,542,None,Move,browsing
1573650619.7529998,267,544,None,Move,browsing
1573650619.762,272,546,None,Move,browsing
1573650619.768,275,549,None,Move,browsing
1573650619.776,280,552,None,Move,browsing
1573650619.786,288,556,None,Move,browsing
1573650619.792,291,558,None,Move,browsing
1573650619.801,292,559,None,Move,browsing
1573650619.8079998,294,561,None,Move,browsing
1573650619.815,296,562,None,Move,browsing
1573650619.826,298,564,None,Move,browsing
1573650619.832,299,566,None,Move,browsing
1573650619.842,299,567,None,Move,browsing
1573650619.8479998,300,568,None,Move,browsing
1573650619.8579998,300,569,None,Move,browsing
1573650619.8679998,301,571,None,Move,browsing
1573650619.8779998,301,571,None,Move,browsing
1573650619.8839998,301,572,None,Move,browsing
1573650619.8920002,302,573,None,Move,browsing
1573650619.9020002,302,573,None,Move,browsing
1573650619.908,302,574,None,Move,browsing
1573650619.9220002,302,574,None,Move,browsing
1573650619.928,302,576,None,Move,browsing
1573650619.9420002,302,577,None,Move,browsing
1573650619.948,302,577,None,Move,browsing
1573650619.954,302,578,None,Move,browsing
1573650619.964,302,578,None,Move,browsing
1573650619.97,302,579,None,Move,browsing
1573650619.978,302,582,None,Move,browsing
1573650619.988,302,583,None,Move,browsing
1573650619.994,302,584,None,Move,browsing
1573650620.004,303,585,None,Move,browsing
1573650620.01,303,585,None,Move,browsing
1573650620.018,303,587,None,Move,browsing
1573650620.028,304,588,None,Move,browsing
1573650620.044,304,589,None,Move,browsing
1573650620.05,305,590,None,Move,browsing
1573650620.0579998,305,590,None,Move,browsing
1573650620.0679998,307,593,None,Move,browsing
1573650620.083,309,594,None,Move,browsing
1573650620.11,310,594,None,Move,browsing
1573650620.117,311,594,None,Move,browsing
1573650620.123,312,594,None,Move,browsing
1573650620.548,312,593,None,Move,browsing
1573650620.564,313,593,None,Move,browsing
1573650620.574,314,593,None,Move,browsing
1573650620.594,314,592,None,Move,browsing
1573650620.6079998,315,591,None,Move,browsing
1573650620.649,316,591,None,Move,browsing
1573650620.694,316,590,None,Move,browsing
1573650620.712,316,588,None,Move,browsing
1573650620.726,317,588,None,Move,browsing
1573650620.7370002,318,586,None,Move,browsing
1573650620.748,319,585,None,Move,browsing
1573650620.755,320,584,None,Move,browsing
1573650620.762,320,584,None,Move,browsing
1573650620.77,322,582,None,Move,browsing
1573650620.7770002,322,581,None,Move,browsing
1573650620.785,323,579,None,Move,browsing
1573650620.791,325,576,None,Move,browsing
1573650620.8,325,574,None,Move,browsing
1573650620.809,327,571,None,Move,browsing
1573650620.816,328,569,None,Move,browsing
1573650620.826,329,566,None,Move,browsing
1573650620.832,330,562,None,Move,browsing
1573650620.84,332,559,None,Move,browsing
1573650620.85,334,551,None,Move,browsing
1573650620.856,335,550,None,Move,browsing
1573650620.8660002,335,545,None,Move,browsing
1573650620.873,338,536,None,Move,browsing
1573650620.8820002,339,532,None,Move,browsing
1573650620.8920002,342,515,None,Move,browsing
1573650620.8979998,342,513,None,Move,browsing
1573650620.906,343,503,None,Move,browsing
1573650620.9120002,345,496,None,Move,browsing
1573650620.9220002,349,487,None,Move,browsing
1573650620.9320002,352,474,None,Move,browsing
1573650620.937,353,471,None,Move,browsing
1573650620.946,355,464,None,Move,browsing
1573650620.952,357,460,None,Move,browsing
1573650620.962,358,457,None,Move,browsing
1573650620.972,360,453,None,Move,browsing
1573650620.978,360,453,None,Move,browsing
1573650620.986,360,451,None,Move,browsing
1573650620.992,360,450,None,Move,browsing
1573650621.002,360,448,None,Move,browsing
1573650621.012,360,446,None,Move,browsing
1573650621.022,360,445,None,Move,browsing
1573650621.032,361,441,None,Move,browsing
1573650621.052,361,441,None,Move,browsing
1573650621.0570002,361,440,None,Move,browsing
1573650621.0679998,362,440,None,Move,browsing
1573650621.082,362,439,None,Move,browsing
1573650621.1020002,362,438,None,Move,browsing
1573650621.163,362,437,None,Move,browsing
1573650621.194,362,436,None,Move,browsing
1573650621.204,362,436,None,Move,browsing
1573650621.25,362,435,None,Move,browsing
1573650621.2629998,362,435,None,Move,browsing
1573650621.274,362,435,None,Move,browsing
1573650621.284,361,435,None,Move,browsing
1573650621.294,361,435,None,Move,browsing
1573650621.304,360,435,None,Move,browsing
1573650621.314,359,435,None,Move,browsing
1573650621.34,359,435,None,Move,browsing
1573650621.356,358,435,None,Move,browsing
1573650621.3660002,357,435,None,Move,browsing
1573650621.416,356,435,None,Move,browsing
1573650621.45,356,435,None,Move,browsing
1573650621.458,355,435,None,Move,browsing
1573650621.466,354,435,None,Move,browsing
1573650621.658,354,435,None,Move,browsing
1573650621.6620002,357,434,None,Move,browsing
1573650621.678,358,434,None,Move,browsing
1573650621.697,361,433,None,Move,browsing
1573650621.707,370,430,None,Move,browsing
1573650621.714,372,430,None,Move,browsing
1573650621.721,376,427,None,Move,browsing
1573650621.729,381,425,None,Move,browsing
1573650621.738,389,420,None,Move,browsing
1573650621.744,391,418,None,Move,browsing
1573650621.7529998,395,417,None,Move,browsing
1573650621.762,403,413,None,Move,browsing
1573650621.768,407,411,None,Move,browsing
1573650621.778,410,408,None,Move,browsing
1573650621.784,417,404,None,Move,browsing
1573650621.792,422,403,None,Move,browsing
1573650621.802,426,401,None,Move,browsing
1573650621.809,429,401,None,Move,browsing
1573650621.8179998,431,399,None,Move,browsing
1573650621.825,434,397,None,Move,browsing
1573650621.8379998,435,396,None,Move,browsing
1573650621.8639998,437,395,None,Move,browsing
1573650621.8839998,437,394,None,Move,browsing
1573650621.889,438,393,None,Move,browsing
1573650621.908,439,393,None,Move,browsing
1573650621.924,439,392,None,Move,browsing
1573650621.94,441,391,None,Move,browsing
1573650621.947,441,390,None,Move,browsing
1573650622.51,441,390,None,Move,browsing
1573650622.526,441,389,None,Move,browsing
1573650622.533,441,388,None,Move,browsing
1573650622.7489998,441,388,None,Move,browsing
1573650622.765,440,388,None,Move,browsing
1573650622.816,439,389,None,Move,browsing
1573650622.832,439,389,None,Move,browsing
1573650622.842,438,391,None,Move,browsing
1573650622.8520002,438,391,None,Move,browsing
1573650622.8579998,437,392,None,Move,browsing
1573650622.8820002,436,392,None,Move,browsing
1573650622.984,436,393,None,Move,browsing
1573650622.992,436,394,None,Move,browsing
1573650623.084,436,395,None,Move,browsing
1573650623.096,436,396,None,Move,browsing
1573650623.455,436,396,None,Move,browsing
1573650623.486,436,395,None,Move,browsing
1573650623.5070002,436,391,None,Move,browsing
1573650623.514,434,385,None,Move,browsing
1573650623.5229998,434,383,None,Move,browsing
1573650623.529,433,381,None,Move,browsing
1573650623.535,432,379,None,Move,browsing
1573650623.544,429,374,None,Move,browsing
1573650623.554,425,366,None,Move,browsing
1573650623.561,424,365,None,Move,browsing
1573650623.57,424,363,None,Move,browsing
1573650623.576,423,362,None,Move,browsing
1573650623.583,423,361,None,Move,browsing
1573650623.593,423,360,None,Move,browsing
1573650623.6,422,359,None,Move,browsing
1573650623.607,422,359,None,Move,browsing
1573650623.6160002,421,358,None,Move,browsing
1573650623.625,420,355,None,Move,browsing
1573650623.6360002,420,354,None,Move,browsing
1573650623.644,418,353,None,Move,browsing
1573650623.654,417,352,None,Move,browsing
1573650623.66,416,351,None,Move,browsing
1573650623.674,414,348,None,Move,browsing
1573650623.68,414,348,None,Move,browsing
1573650623.69,414,347,None,Move,browsing
1573650623.7,413,346,None,Move,browsing
1573650623.714,413,345,None,Move,browsing
1573650623.72,412,345,None,Move,browsing
1573650623.76,412,344,None,Move,browsing
1573650623.77,412,343,None,Move,browsing
1573650623.786,412,342,None,Move,browsing
1573650623.796,412,341,None,Move,browsing
1573650623.803,412,340,None,Move,browsing
1573650623.81,412,339,None,Move,browsing
1573650623.82,412,337,None,Move,browsing
1573650623.827,411,336,None,Move,browsing
1573650623.836,411,335,None,Move,browsing
1573650623.843,411,334,None,Move,browsing
1573650623.851,411,334,None,Move,browsing
1573650623.86,411,333,None,Move,browsing
1573650623.896,411,332,None,Move,browsing
1573650623.926,411,331,None,Move,browsing
1573650623.9420002,411,331,None,Move,browsing
1573650623.949,411,330,None,Move,browsing
1573650623.962,411,330,None,Move,browsing
1573650624.006,411,329,None,Move,browsing
1573650624.022,411,328,None,Move,browsing
1573650624.052,411,328,None,Move,browsing
1573650624.274,411,328,None,Move,browsing
1573650624.289,411,331,None,Move,browsing
1573650624.303,411,333,None,Move,browsing
1573650624.31,411,334,None,Move,browsing
1573650624.319,411,335,None,Move,browsing
1573650624.327,411,336,None,Move,browsing
1573650624.334,412,338,None,Move,browsing
1573650624.346,413,340,None,Move,browsing
1573650624.353,413,341,None,Move,browsing
1573650624.36,413,342,None,Move,browsing
1573650624.3679998,413,344,None,Move,browsing
1573650624.3760002,413,345,None,Move,browsing
1573650624.3860002,414,347,None,Move,browsing
1573650624.393,414,348,None,Move,browsing
1573650624.406,415,350,None,Move,browsing
1573650624.416,415,351,None,Move,browsing
1573650624.426,416,353,None,Move,browsing
1573650624.436,416,354,None,Move,browsing
1573650624.4420002,416,355,None,Move,browsing
1573650624.448,418,357,None,Move,browsing
1573650624.456,418,357,None,Move,browsing
1573650624.466,418,358,None,Move,browsing
1573650624.472,418,358,None,Move,browsing
1573650624.482,420,362,None,Move,browsing
1573650624.4889998,420,363,None,Move,browsing
1573650624.496,421,365,None,Move,browsing
1573650624.506,424,369,None,Move,browsing
1573650624.512,424,369,None,Move,browsing
1573650624.522,425,371,None,Move,browsing
1573650624.528,426,372,None,Move,browsing
1573650624.536,427,374,None,Move,browsing
1573650624.546,429,376,None,Move,browsing
1573650624.552,429,376,None,Move,browsing
1573650624.562,431,378,None,Move,browsing
1573650624.5679998,431,378,None,Move,browsing
1573650624.5779998,432,379,None,Move,browsing
1573650624.5879998,432,381,None,Move,browsing
1573650624.595,433,381,None,Move,browsing
1573650624.6079998,433,383,None,Move,browsing
1573650624.6179998,433,383,None,Move,browsing
1573650624.6279998,434,384,None,Move,browsing
1573650624.708,435,384,None,Move,browsing
1573650624.728,435,385,None,Move,browsing
1573650625.035,435,386,None,Move,browsing
1573650625.072,436,387,None,Move,browsing
1573650625.086,437,388,None,Move,browsing
1573650625.096,439,389,None,Move,browsing
1573650625.218,440,391,None,Move,browsing
1573650625.238,441,392,None,Move,browsing
1573650625.4970002,442,393,None,Move,browsing
1573650625.528,442,394,None,Move,browsing
1573650625.541,443,394,None,Move,browsing
1573650625.769,443,395,None,Move,browsing
1573650625.8,443,399,None,Move,browsing
1573650625.813,437,407,None,Move,browsing
1573650625.822,436,408,None,Move,browsing
1573650625.829,432,408,None,Move,browsing
1573650625.835,427,408,None,Move,browsing
1573650625.844,423,408,None,Move,browsing
1573650625.854,419,404,None,Move,browsing
1573650625.861,417,404,None,Move,browsing
1573650625.8679998,417,404,None,Move,browsing
1573650626.029,417,404,None,Move,browsing
1573650626.052,415,413,None,Move,browsing
1573650626.0670002,414,415,None,Move,browsing
1573650626.079,411,417,None,Move,browsing
1573650626.087,409,418,None,Move,browsing
1573650626.096,405,422,None,Move,browsing
1573650626.1020002,403,423,None,Move,browsing
1573650626.11,398,426,None,Move,browsing
1573650626.117,393,430,None,Move,browsing
1573650626.1260002,387,434,None,Move,browsing
1573650626.1360002,376,438,None,Move,browsing
1573650626.1420002,374,440,None,Move,browsing
1573650626.1520002,368,443,None,Move,browsing
1573650626.159,365,443,None,Move,browsing
1573650626.166,361,447,None,Move,browsing
1573650626.173,358,449,None,Move,browsing
1573650626.1820002,352,453,None,Move,browsing
1573650626.1920002,344,458,None,Move,browsing
1573650626.197,344,458,None,Move,browsing
1573650626.208,340,462,None,Move,browsing
1573650626.214,338,463,None,Move,browsing
1573650626.222,335,464,None,Move,browsing
1573650626.232,332,467,None,Move,browsing
1573650626.248,331,468,None,Move,browsing
1573650626.254,329,469,None,Move,browsing
1573650626.262,329,469,None,Move,browsing
1573650626.272,327,471,None,Move,browsing
1573650626.2770002,326,473,None,Move,browsing
1573650626.288,325,476,None,Move,browsing
1573650626.293,325,478,None,Move,browsing
1573650626.304,325,482,None,Move,browsing
1573650626.309,325,486,None,Move,browsing
1573650626.32,325,491,None,Move,browsing
1573650626.33,325,497,None,Move,browsing
1573650626.336,327,499,None,Move,browsing
1573650626.344,330,501,None,Move,browsing
1573650626.35,334,502,None,Move,browsing
1573650626.36,343,506,None,Move,browsing
1573650626.37,356,508,None,Move,browsing
1573650626.3760002,360,508,None,Move,browsing
1573650626.3860002,390,514,None,Move,browsing
1573650626.393,398,515,None,Move,browsing
1573650626.4020002,441,522,None,Move,browsing
1573650626.408,453,523,None,Move,browsing
1573650626.417,511,529,None,Move,browsing
1573650626.423,526,530,None,Move,browsing
1573650626.434,568,534,None,Move,browsing
1573650626.44,620,534,None,Move,browsing
1573650626.448,679,534,None,Move,browsing
1573650626.458,771,536,None,Move,browsing
1573650626.464,788,536,None,Move,browsing
1573650626.474,842,536,None,Move,browsing
1573650626.48,888,536,None,Move,browsing
1573650626.488,934,536,None,Move,browsing
1573650626.498,1008,533,None,Move,browsing
1573650626.505,1019,533,None,Move,browsing
1573650626.514,1050,530,None,Move,browsing
1573650626.52,1081,526,None,Move,browsing
1573650626.528,1109,523,None,Move,browsing
1573650626.54,1151,518,None,Move,browsing
1573650626.545,1160,517,None,Move,browsing
1573650626.554,1178,517,None,Move,browsing
1573650626.56,1200,515,None,Move,browsing
1573650626.57,1220,514,None,Move,browsing
1573650626.58,1256,512,None,Move,browsing
1573650626.586,1262,511,None,Move,browsing
1573650626.594,1272,509,None,Move,browsing
1573650626.6,1283,507,None,Move,browsing
1573650626.61,1288,505,None,Move,browsing
1573650626.619,1291,503,None,Move,browsing
1573650626.625,1292,503,None,Move,browsing
1573650626.6339998,1293,501,None,Move,browsing
1573650626.64,1293,499,None,Move,browsing
1573650626.65,1293,498,None,Move,browsing
1573650626.66,1293,496,None,Move,browsing
1573650626.666,1293,494,None,Move,browsing
1573650626.676,1293,492,None,Move,browsing
1573650626.6820002,1290,490,None,Move,browsing
1573650626.69,1290,490,None,Move,browsing
1573650626.7,1287,486,None,Move,browsing
1573650626.706,1285,486,None,Move,browsing
1573650626.716,1281,483,None,Move,browsing
1573650626.722,1274,480,None,Move,browsing
1573650626.73,1268,479,None,Move,browsing
1573650626.74,1255,475,None,Move,browsing
1573650626.746,1251,474,None,Move,browsing
1573650626.756,1244,470,None,Move,browsing
1573650626.762,1238,468,None,Move,browsing
1573650626.772,1234,467,None,Move,browsing
1573650626.781,1230,466,None,Move,browsing
1573650626.788,1229,466,None,Move,browsing
1573650626.796,1229,466,None,Move,browsing
1573650626.802,1227,465,None,Move,browsing
1573650626.812,1226,465,None,Move,browsing
1573650626.822,1225,465,None,Move,browsing
1573650626.842,1224,465,None,Move,browsing
1573650626.8520002,1224,463,None,Move,browsing
1573650626.8620002,1223,463,None,Move,browsing
1573650626.8720002,1222,463,None,Move,browsing
1573650626.8820002,1221,463,None,Move,browsing
1573650626.8920002,1221,463,None,Move,browsing
1573650626.901,1218,463,None,Move,browsing
1573650626.907,1216,463,None,Move,browsing
1573650626.917,1214,463,None,Move,browsing
1573650626.924,1211,463,None,Move,browsing
1573650626.9320002,1206,465,None,Move,browsing
1573650626.9420002,1200,466,None,Move,browsing
1573650626.947,1199,466,None,Move,browsing
1573650626.958,1197,466,None,Move,browsing
1573650626.964,1194,466,None,Move,browsing
1573650626.972,1192,466,None,Move,browsing
1573650626.982,1188,466,None,Move,browsing
1573650626.988,1186,466,None,Move,browsing
1573650626.998,1184,466,None,Move,browsing
1573650627.004,1181,467,None,Move,browsing
1573650627.014,1176,467,None,Move,browsing
1573650627.024,1172,468,None,Move,browsing
1573650627.03,1171,468,None,Move,browsing
1573650627.038,1169,468,None,Move,browsing
1573650627.044,1165,468,None,Move,browsing
1573650627.054,1159,468,None,Move,browsing
1573650627.063,1156,468,None,Move,browsing
1573650627.07,1156,470,None,Move,browsing
1573650627.0779998,1154,470,None,Move,browsing
1573650627.083,1152,470,None,Move,browsing
1573650627.094,1152,470,None,Move,browsing
1573650627.104,1149,471,None,Move,browsing
1573650627.168,1149,471,Left,Pressed,browsing
1573650627.255,1149,471,Left,Released,browsing
1573650627.276,1154,471,None,Move,browsing
1573650627.284,1157,471,None,Move,browsing
1573650627.286,1161,471,None,Move,browsing
1573650627.296,1168,471,None,Move,browsing
1573650627.306,1181,471,None,Move,browsing
1573650627.313,1183,471,None,Move,browsing
1573650627.32,1188,471,None,Move,browsing
1573650627.331,1194,470,None,Move,browsing
1573650627.34,1201,469,None,Move,browsing
1573650627.347,1212,469,None,Move,browsing
1573650627.354,1215,469,None,Move,browsing
1573650627.3620002,1220,469,None,Move,browsing
1573650627.3679998,1224,468,None,Move,browsing
1573650627.3760002,1229,468,None,Move,browsing
1573650627.3860002,1235,468,None,Move,browsing
1573650627.3920002,1235,468,None,Move,browsing
1573650627.4020002,1237,468,None,Move,browsing
1573650627.408,1238,468,None,Move,browsing
1573650627.4829998,1238,468,Left,Pressed,browsing
1573650627.5579998,1238,468,Left,Released,browsing
1573650627.5979998,1238,468,None,Move,browsing
1573650627.623,1232,468,None,Move,browsing
1573650627.631,1221,471,None,Move,browsing
1573650627.646,1212,475,None,Move,browsing
1573650627.655,1203,480,None,Move,browsing
1573650627.66,1196,482,None,Move,browsing
1573650627.667,1175,493,None,Move,browsing
1573650627.673,1170,495,None,Move,browsing
1573650627.6829998,1153,501,None,Move,browsing
1573650627.69,1146,503,None,Move,browsing
1573650627.699,1126,511,None,Move,browsing
1573650627.706,1102,519,None,Move,browsing
1573650627.716,1074,527,None,Move,browsing
1573650627.726,1024,537,None,Move,browsing
1573650627.732,1014,539,None,Move,browsing
1573650627.74,989,544,None,Move,browsing
1573650627.746,955,549,None,Move,browsing
1573650627.756,926,554,None,Move,browsing
1573650627.766,876,560,None,Move,browsing
1573650627.772,867,560,None,Move,browsing
1573650627.78,847,560,None,Move,browsing
1573650627.7870002,827,560,None,Move,browsing
1573650627.796,808,560,None,Move,browsing
1573650627.806,770,560,None,Move,browsing
1573650627.812,763,560,None,Move,browsing
1573650627.822,743,560,None,Move,browsing
1573650627.8279998,718,563,None,Move,browsing
1573650627.836,691,568,None,Move,browsing
1573650627.846,646,575,None,Move,browsing
1573650627.853,638,576,None,Move,browsing
1573650627.8620002,617,579,None,Move,browsing
1573650627.869,598,584,None,Move,browsing
1573650627.887,559,593,None,Move,browsing
1573650627.893,554,595,None,Move,browsing
1573650627.9020002,543,597,None,Move,browsing
1573650627.908,531,600,None,Move,browsing
1573650627.918,521,601,None,Move,browsing
1573650627.928,505,602,None,Move,browsing
1573650627.934,502,602,None,Move,browsing
1573650627.9420002,494,602,None,Move,browsing
1573650627.948,490,602,None,Move,browsing
1573650627.958,484,605,None,Move,browsing
1573650627.967,479,605,None,Move,browsing
1573650627.98,478,605,None,Move,browsing
1573650627.986,474,606,None,Move,browsing
1573650627.992,472,606,None,Move,browsing
1573650627.998,470,606,None,Move,browsing
1573650628.008,465,606,None,Move,browsing
1573650628.0129998,463,606,None,Move,browsing
1573650628.022,460,606,None,Move,browsing
1573650628.028,455,606,None,Move,browsing
1573650628.038,453,606,None,Move,browsing
1573650628.048,447,605,None,Move,browsing
1573650628.055,447,604,None,Move,browsing
1573650628.0670002,446,604,None,Move,browsing
1573650628.077,445,604,None,Move,browsing
1573650628.087,445,604,None,Move,browsing
1573650628.094,443,603,None,Move,browsing
1573650628.104,442,602,None,Move,browsing
1573650628.11,441,602,None,Move,browsing
1573650628.1179998,440,600,None,Move,browsing
1573650628.1279998,437,599,None,Move,browsing
1573650628.1339998,435,599,None,Move,browsing
1573650628.144,432,596,None,Move,browsing
1573650628.15,427,596,None,Move,browsing
1573650628.16,423,594,None,Move,browsing
1573650628.17,419,593,None,Move,browsing
1573650628.176,417,591,None,Move,browsing
1573650628.1829998,413,591,None,Move,browsing
1573650628.189,411,591,None,Move,browsing
1573650628.2,406,589,None,Move,browsing
1573650628.21,398,588,None,Move,browsing
1573650628.216,396,588,None,Move,browsing
1573650628.224,391,588,None,Move,browsing
1573650628.229,386,588,None,Move,browsing
1573650628.24,382,588,None,Move,browsing
1573650628.25,374,588,None,Move,browsing
1573650628.255,371,588,None,Move,browsing
1573650628.266,366,588,None,Move,browsing
1573650628.272,360,588,None,Move,browsing
1573650628.28,353,588,None,Move,browsing
1573650628.29,344,588,None,Move,browsing
1573650628.296,342,588,None,Move,browsing
1573650628.306,336,588,None,Move,browsing
1573650628.312,330,588,None,Move,browsing
1573650628.32,324,588,None,Move,browsing
1573650628.33,313,588,None,Move,browsing
1573650628.336,311,587,None,Move,browsing
1573650628.346,308,587,None,Move,browsing
1573650628.3520002,306,587,None,Move,browsing
1573650628.36,304,586,None,Move,browsing
1573650628.37,303,586,None,Move,browsing
1573650628.381,302,586,None,Move,browsing
1573650628.3920002,301,586,None,Move,browsing
1573650628.464,301,586,None,Move,browsing
1573650628.48,300,585,None,Move,browsing
1573650628.496,299,583,None,Move,browsing
1573650628.512,298,582,None,Move,browsing
1573650628.528,298,581,None,Move,browsing
1573650628.534,297,580,None,Move,browsing
1573650628.54,296,579,None,Move,browsing
1573650628.5470002,295,577,None,Move,browsing
1573650628.554,293,577,None,Move,browsing
1573650628.561,293,576,None,Move,browsing
1573650628.571,292,575,None,Move,browsing
1573650628.5779998,290,574,None,Move,browsing
1573650628.5879998,288,573,None,Move,browsing
1573650628.593,287,572,None,Move,browsing
1573650628.604,285,571,None,Move,browsing
1573650628.6139998,282,569,None,Move,browsing
1573650628.62,282,569,None,Move,browsing
1573650628.6279998,281,569,None,Move,browsing
1573650628.6360002,278,568,None,Move,browsing
1573650628.644,277,566,None,Move,browsing
1573650628.654,275,566,None,Move,browsing
1573650628.661,273,566,None,Move,browsing
1573650628.668,272,565,None,Move,browsing
1573650628.677,270,565,None,Move,browsing
1573650628.694,269,565,None,Move,browsing
1573650628.724,269,565,None,Move,browsing
1573650628.842,269,565,Left,Pressed,browsing
1573650628.93,269,565,Left,Released,browsing
1573650629.016,269,565,None,Move,browsing
1573650629.022,269,565,None,Move,browsing
1573650629.032,272,565,None,Move,browsing
1573650629.0370002,277,565,None,Move,browsing
1573650629.046,282,565,None,Move,browsing
1573650629.056,294,565,None,Move,browsing
1573650629.062,296,566,None,Move,browsing
1573650629.072,305,566,None,Move,browsing
1573650629.0779998,312,568,None,Move,browsing
1573650629.0879998,320,569,None,Move,browsing
1573650629.0979998,333,573,None,Move,browsing
1573650629.104,336,575,None,Move,browsing
1573650629.1120002,344,577,None,Move,browsing
1573650629.119,349,578,None,Move,browsing
1573650629.1279998,351,579,None,Move,browsing
1573650629.1379998,358,581,None,Move,browsing
1573650629.144,359,582,None,Move,browsing
1573650629.1520002,360,582,None,Move,browsing
1573650629.158,360,583,None,Move,browsing
1573650629.168,362,583,None,Move,browsing
1573650629.178,364,584,None,Move,browsing
1573650629.184,364,585,None,Move,browsing
1573650629.194,366,586,None,Move,browsing
1573650629.201,369,586,None,Move,browsing
1573650629.208,370,589,None,Move,browsing
1573650629.218,372,589,None,Move,browsing
1573650629.224,372,590,None,Move,browsing
1573650629.234,373,591,None,Move,browsing
1573650629.248,374,592,None,Move,browsing
1573650629.258,374,592,None,Move,browsing
1573650629.264,375,593,None,Move,browsing
1573650629.278,375,594,None,Move,browsing
1573650629.288,375,595,None,Move,browsing
1573650629.3,375,595,None,Move,browsing
1573650629.31,375,596,None,Move,browsing
1573650629.32,375,596,None,Move,browsing
1573650629.34,375,597,None,Move,browsing
1573650629.35,375,598,None,Move,browsing
1573650629.3660002,375,599,None,Move,browsing
1573650629.3760002,374,600,None,Move,browsing
1573650629.3860002,374,601,None,Move,browsing
1573650629.396,372,602,None,Move,browsing
1573650629.41,371,603,None,Move,browsing
1573650629.418,371,603,None,Move,browsing
1573650629.428,368,603,None,Move,browsing
1573650629.438,367,603,None,Move,browsing
1573650629.444,367,603,None,Move,browsing
1573650629.45,366,603,None,Move,browsing
1573650629.458,365,604,None,Move,browsing
1573650629.468,365,604,None,Move,browsing
1573650629.478,364,604,None,Move,browsing
1573650629.646,363,604,None,Move,browsing
1573650629.666,363,604,None,Move,browsing
1573650629.68,363,604,None,Move,browsing
1573650629.69,363,603,None,Move,browsing
1573650629.706,363,602,None,Move,browsing
1573650629.72,363,600,None,Move,browsing
1573650629.73,363,599,None,Move,browsing
1573650629.74,363,599,None,Move,browsing
1573650629.772,363,597,None,Move,browsing
1573650630.232,363,597,Left,Pressed,browsing
1573650630.327,363,597,Left,Released,browsing
1573650630.472,363,597,None,Move,browsing
1573650630.589,362,597,None,Move,browsing
1573650630.805,362,596,None,Move,browsing
1573650630.822,360,593,None,Move,browsing
1573650630.832,356,586,None,Move,browsing
1573650630.8379998,356,584,None,Move,browsing
1573650630.846,354,582,None,Move,browsing
1573650630.855,353,577,None,Move,browsing
1573650630.8639998,353,573,None,Move,browsing
1573650630.8720002,353,567,None,Move,browsing
1573650630.88,353,564,None,Move,browsing
1573650630.8860002,353,561,None,Move,browsing
1573650630.8920002,351,554,None,Move,browsing
1573650630.9020002,348,545,None,Move,browsing
1573650630.9120002,344,529,None,Move,browsing
1573650630.92,340,524,None,Move,browsing
1573650630.928,338,519,None,Move,browsing
1573650630.934,334,510,None,Move,browsing
1573650630.9420002,329,500,None,Move,browsing
1573650630.952,319,481,None,Move,browsing
1573650630.958,317,478,None,Move,browsing
1573650630.968,310,465,None,Move,browsing
1573650630.974,308,462,None,Move,browsing
1573650630.984,304,456,None,Move,browsing
1573650630.99,300,450,None,Move,browsing
1573650630.998,296,443,None,Move,browsing
1573650631.008,291,433,None,Move,browsing
1573650631.014,288,430,None,Move,browsing
1573650631.024,285,425,None,Move,browsing
1573650631.03,283,421,None,Move,browsing
1573650631.04,281,418,None,Move,browsing
1573650631.05,278,413,None,Move,browsing
1573650631.056,277,412,None,Move,browsing
1573650631.064,277,410,None,Move,browsing
1573650631.07,274,407,None,Move,browsing
1573650631.08,273,406,None,Move,browsing
1573650631.09,271,403,None,Move,browsing
1573650631.096,270,400,None,Move,browsing
1573650631.104,269,400,None,Move,browsing
1573650631.11,267,397,None,Move,browsing
1573650631.12,266,395,None,Move,browsing
1573650631.13,264,393,None,Move,browsing
1573650631.14,264,393,None,Move,browsing
1573650631.149,263,391,None,Move,browsing
1573650631.166,263,390,None,Move,browsing
1573650631.171,263,389,None,Move,browsing
1573650631.178,262,388,None,Move,browsing
1573650631.19,261,387,None,Move,browsing
1573650631.2,260,386,None,Move,browsing
1573650631.21,260,384,None,Move,browsing
1573650631.225,260,384,None,Move,browsing
1573650631.232,260,383,None,Move,browsing
1573650631.242,260,383,None,Move,browsing
1573650631.252,260,382,None,Move,browsing
1573650631.258,260,381,None,Move,browsing
1573650631.326,260,381,Left,Pressed,browsing
1573650631.425,260,381,Left,Released,browsing
1573650631.49,260,382,None,Move,browsing
1573650631.506,260,385,None,Move,browsing
1573650631.522,260,387,None,Move,browsing
1573650631.533,261,388,None,Move,browsing
1573650631.543,261,388,None,Move,browsing
1573650631.551,261,390,None,Move,browsing
1573650631.5570002,260,392,None,Move,browsing
1573650631.5779998,259,392,None,Move,browsing
1573650631.956,259,392,None,Move,browsing
1573650631.978,264,392,None,Move,browsing
1573650631.984,265,392,None,Move,browsing
1573650631.992,266,392,None,Move,browsing
1573650632.0,267,392,None,Move,browsing
1573650632.0070002,270,392,None,Move,browsing
1573650632.015,274,392,None,Move,browsing
1573650632.0229998,278,390,None,Move,browsing
1573650632.034,285,386,None,Move,browsing
1573650632.04,287,385,None,Move,browsing
1573650632.048,291,382,None,Move,browsing
1573650632.053,294,379,None,Move,browsing
1573650632.064,298,374,None,Move,browsing
1573650632.074,301,372,None,Move,browsing
1573650632.08,303,371,None,Move,browsing
1573650632.09,307,367,None,Move,browsing
1573650632.096,308,366,None,Move,browsing
1573650632.106,312,364,None,Move,browsing
1573650632.1120002,314,363,None,Move,browsing
1573650632.1220002,318,360,None,Move,browsing
1573650632.1279998,320,358,None,Move,browsing
1573650632.1379998,322,356,None,Move,browsing
1573650632.144,325,350,None,Move,browsing
1573650632.1520002,326,347,None,Move,browsing
1573650632.1620002,327,340,None,Move,browsing
1573650632.167,327,339,None,Move,browsing
1573650632.18,329,327,None,Move,browsing
1573650632.185,329,325,None,Move,browsing
1573650632.194,333,319,None,Move,browsing
1573650632.199,335,316,None,Move,browsing
1573650632.21,336,315,None,Move,browsing
1573650632.22,341,307,None,Move,browsing
1573650632.23,342,306,None,Move,browsing
1573650632.236,344,303,None,Move,browsing
1573650632.242,347,302,None,Move,browsing
1573650632.25,348,300,None,Move,browsing
1573650632.26,353,295,None,Move,browsing
1573650632.266,353,294,None,Move,browsing
1573650632.274,355,291,None,Move,browsing
1573650632.281,356,289,None,Move,browsing
1573650632.29,359,287,None,Move,browsing
1573650632.3,362,280,None,Move,browsing
1573650632.31,363,277,None,Move,browsing
1573650632.316,364,276,None,Move,browsing
1573650632.321,366,273,None,Move,browsing
1573650632.33,367,272,None,Move,browsing
1573650632.34,369,269,None,Move,browsing
1573650632.346,373,267,None,Move,browsing
1573650632.356,373,266,None,Move,browsing
1573650632.3620002,375,266,None,Move,browsing
1573650632.369,377,264,None,Move,browsing
1573650632.38,379,263,None,Move,browsing
1573650632.385,380,263,None,Move,browsing
1573650632.4,381,261,None,Move,browsing
1573650632.416,383,260,None,Move,browsing
1573650632.4220002,385,259,None,Move,browsing
1573650632.4320002,385,259,None,Move,browsing
1573650632.4420002,387,258,None,Move,browsing
1573650632.455,389,258,None,Move,browsing
1573650632.462,389,258,None,Move,browsing
1573650632.468,390,258,None,Move,browsing
1573650632.476,391,257,None,Move,browsing
1573650632.481,392,257,None,Move,browsing
1573650632.492,393,257,None,Move,browsing
1573650632.502,395,257,None,Move,browsing
1573650632.508,396,257,None,Move,browsing
1573650632.516,396,257,None,Move,browsing
1573650632.522,398,257,None,Move,browsing
1573650632.532,400,257,None,Move,browsing
1573650632.542,403,257,None,Move,browsing
1573650632.552,403,257,None,Move,browsing
1573650632.5579998,404,257,None,Move,browsing
1573650632.564,405,257,None,Move,browsing
1573650632.572,408,257,None,Move,browsing
1573650632.582,410,257,None,Move,browsing
1573650632.5879998,410,257,None,Move,browsing
1573650632.5979998,412,257,None,Move,browsing
1573650632.603,413,257,None,Move,browsing
1573650632.6179998,413,257,None,Move,browsing
1573650632.6239998,415,257,None,Move,browsing
1573650632.722,415,257,None,Move,browsing
1573650632.7370002,415,259,None,Move,browsing
1573650632.7529998,415,262,None,Move,browsing
1573650632.7629998,415,265,None,Move,browsing
1573650632.771,415,266,None,Move,browsing
1573650632.779,411,271,None,Move,browsing
1573650632.785,410,273,None,Move,browsing
1573650632.792,408,277,None,Move,browsing
1573650632.798,405,279,None,Move,browsing
1573650632.8070002,401,285,None,Move,browsing
1573650632.813,400,287,None,Move,browsing
1573650632.823,397,290,None,Move,browsing
1573650632.83,397,293,None,Move,browsing
1573650632.8379998,392,298,None,Move,browsing
1573650632.8479998,384,306,None,Move,browsing
1573650632.853,383,307,None,Move,browsing
1573650632.8639998,380,309,None,Move,browsing
1573650632.87,377,312,None,Move,browsing
1573650632.88,372,316,None,Move,browsing
1573650632.89,366,322,None,Move,browsing
1573650632.896,364,324,None,Move,browsing
1573650632.904,362,326,None,Move,browsing
1573650632.911,357,329,None,Move,browsing
1573650632.92,352,334,None,Move,browsing
1573650632.93,346,338,None,Move,browsing
1573650632.936,345,340,None,Move,browsing
1573650632.944,342,342,None,Move,browsing
1573650632.95,339,344,None,Move,browsing
1573650632.96,337,345,None,Move,browsing
1573650632.97,334,349,None,Move,browsing
1573650632.976,333,349,None,Move,browsing
1573650632.984,331,350,None,Move,browsing
1573650632.99,328,351,None,Move,browsing
1573650633.0,325,355,None,Move,browsing
1573650633.01,320,358,None,Move,browsing
1573650633.02,318,359,None,Move,browsing
1573650633.03,317,360,None,Move,browsing
1573650633.046,316,360,None,Move,browsing
1573650633.052,315,361,None,Move,browsing
1573650633.0579998,314,362,None,Move,browsing
1573650633.07,314,362,None,Move,browsing
1573650633.08,313,362,None,Move,browsing
1573650633.09,311,364,None,Move,browsing
1573650633.096,311,364,None,Move,browsing
1573650633.106,309,364,None,Move,browsing
1573650633.1320002,309,365,None,Move,browsing
1573650633.1379998,308,365,None,Move,browsing
1573650633.269,308,365,Left,Pressed,browsing
1573650633.383,308,365,Left,Released,browsing
1573650633.514,308,365,None,Move,browsing
1573650633.53,312,360,None,Move,browsing
1573650633.546,318,354,None,Move,browsing
1573650633.566,326,345,None,Move,browsing
1573650633.5779998,334,335,None,Move,browsing
1573650633.5879998,335,333,None,Move,browsing
1573650633.594,339,328,None,Move,browsing
1573650633.6,341,324,None,Move,browsing
1573650633.606,345,318,None,Move,browsing
1573650633.6160002,353,308,None,Move,browsing
1573650633.6220002,355,307,None,Move,browsing
1573650633.63,358,301,None,Move,browsing
1573650633.6360002,360,299,None,Move,browsing
1573650633.646,362,297,None,Move,browsing
1573650633.656,365,296,None,Move,browsing
1573650633.661,368,293,None,Move,browsing
1573650633.67,369,293,None,Move,browsing
1573650633.677,370,293,None,Move,browsing
1573650633.686,372,292,None,Move,browsing
1573650633.696,374,291,None,Move,browsing
1573650633.702,374,291,None,Move,browsing
1573650633.712,376,289,None,Move,browsing
1573650633.717,379,286,None,Move,browsing
1573650633.732,380,286,None,Move,browsing
1573650633.742,382,285,None,Move,browsing
1573650633.752,382,283,None,Move,browsing
1573650633.758,383,283,None,Move,browsing
1573650633.766,383,281,None,Move,browsing
1573650633.776,384,280,None,Move,browsing
1573650633.786,385,280,None,Move,browsing
1573650633.832,385,280,None,Move,browsing
1573650633.8479998,389,280,None,Move,browsing
1573650633.867,393,280,None,Move,browsing
1573650633.8839998,396,280,None,Move,browsing
1573650633.894,397,282,None,Move,browsing
1573650633.9020002,398,283,None,Move,browsing
1573650633.918,398,283,None,Move,browsing
1573650633.938,398,284,None,Move,browsing
1573650634.187,398,284,None,Move,browsing
1573650634.2029998,397,284,None,Move,browsing
1573650634.218,395,284,None,Move,browsing
1573650634.236,394,284,None,Move,browsing
1573650634.262,394,283,None,Move,browsing
1573650634.405,394,283,None,Move,browsing
1573650634.42,394,283,None,Move,browsing
1573650634.436,395,283,None,Move,browsing
1573650634.452,396,283,None,Move,browsing
1573650634.462,398,283,None,Move,browsing
1573650634.472,400,283,None,Move,browsing
1573650634.48,401,283,None,Move,browsing
1573650634.488,402,283,None,Move,browsing
1573650634.494,404,283,None,Move,browsing
1573650634.504,407,283,None,Move,browsing
1573650634.514,408,283,None,Move,browsing
1573650634.519,409,283,None,Move,browsing
1573650634.526,410,283,None,Move,browsing
1573650634.534,414,285,None,Move,browsing
1573650634.544,416,285,None,Move,browsing
1573650634.55,418,285,None,Move,browsing
1573650634.5579998,419,285,None,Move,browsing
1573650634.564,421,288,None,Move,browsing
1573650634.574,423,288,None,Move,browsing
1573650634.584,427,288,None,Move,browsing
1573650634.591,427,289,None,Move,browsing
1573650634.5979998,429,290,None,Move,browsing
1573650634.604,430,290,None,Move,browsing
1573650634.6139998,431,291,None,Move,browsing
1573650634.6239998,433,292,None,Move,browsing
1573650634.633,433,292,None,Move,browsing
1573650634.641,434,292,None,Move,browsing
1573650634.647,436,292,None,Move,browsing
1573650634.654,437,293,None,Move,browsing
1573650634.664,439,294,None,Move,browsing
1573650634.68,439,294,None,Move,browsing
1573650634.686,440,294,None,Move,browsing
1573650634.694,440,294,None,Move,browsing
1573650634.704,441,294,None,Move,browsing
1573650634.71,441,294,None,Move,browsing
1573650634.719,442,294,None,Move,browsing
1573650634.756,443,295,None,Move,browsing
1573650634.78,444,295,None,Move,browsing
1573650634.806,444,295,None,Move,browsing
1573650634.819,445,296,None,Move,browsing
1573650634.903,446,296,None,Move,browsing
1573650635.154,447,296,None,Move,browsing
1573650635.169,448,296,None,Move,browsing
1573650635.1920002,448,295,None,Move,browsing
1573650635.202,450,294,None,Move,browsing
1573650635.21,450,294,None,Move,browsing
1573650635.224,451,293,None,Move,browsing
1573650635.24,451,292,None,Move,browsing
1573650635.25,452,292,None,Move,browsing
1573650635.284,453,292,None,Move,browsing
1573650635.291,453,291,None,Move,browsing
1573650635.306,454,291,None,Move,browsing
1573650635.32,454,290,None,Move,browsing
1573650635.336,455,289,None,Move,browsing
1573650635.346,455,288,None,Move,browsing
1573650635.356,456,288,None,Move,browsing
1573650635.451,457,286,None,Move,browsing
1573650635.8860002,457,285,None,Move,browsing
1573650635.906,457,284,None,Move,browsing
1573650636.458,457,283,None,Move,browsing
1573650638.968,457,283,None,Move,browsing
1573650639.015,456,283,None,Move,browsing
1573650639.27,456,283,None,Move,browsing
1573650639.285,454,281,None,Move,browsing
1573650639.385,454,281,None,Move,browsing
1573650639.533,453,280,None,Move,browsing
1573650639.548,453,280,None,Move,browsing
1573650639.687,452,279,None,Move,browsing
1573650639.771,452,278,None,Move,browsing
1573650639.824,451,277,None,Move,browsing
1573650639.841,450,277,None,Move,browsing
1573650639.8579998,450,277,None,Move,browsing
1573650639.871,449,277,None,Move,browsing
1573650639.9429998,449,277,None,Move,browsing
1573650640.071,449,277,Left,Pressed,browsing
1573650640.171,449,277,Left,Released,browsing
1573650640.45,447,277,None,Move,browsing
1573650640.472,447,278,None,Move,browsing
1573650640.492,447,279,None,Move,browsing
1573650640.5089998,447,280,None,Move,browsing
1573650640.525,447,283,None,Move,browsing
1573650640.539,447,283,None,Move,browsing
1573650640.546,447,284,None,Move,browsing
1573650640.556,447,284,None,Move,browsing
1573650640.562,447,285,None,Move,browsing
1573650640.57,448,287,None,Move,browsing
1573650640.58,448,288,None,Move,browsing
1573650640.585,448,289,None,Move,browsing
1573650640.596,448,290,None,Move,browsing
1573650640.605,448,292,None,Move,browsing
1573650640.6120002,448,293,None,Move,browsing
1573650640.6320002,447,294,None,Move,browsing
1573650640.6379998,447,294,None,Move,browsing
1573650640.644,447,295,None,Move,browsing
1573650640.6520002,446,296,None,Move,browsing
1573650640.6620002,446,296,None,Move,browsing
1573650640.668,446,297,None,Move,browsing
1573650640.676,444,298,None,Move,browsing
1573650640.686,444,299,None,Move,browsing
1573650640.6920002,443,301,None,Move,browsing
1573650640.708,442,301,None,Move,browsing
1573650640.718,442,302,None,Move,browsing
1573650640.724,441,302,None,Move,browsing
1573650640.732,441,303,None,Move,browsing
1573650640.742,439,305,None,Move,browsing
1573650640.748,437,306,None,Move,browsing
1573650640.758,436,306,None,Move,browsing
1573650640.764,435,306,None,Move,browsing
1573650640.772,432,308,None,Move,browsing
1573650640.782,431,309,None,Move,browsing
1573650640.788,431,309,None,Move,browsing
1573650640.798,430,310,None,Move,browsing
1573650640.8079998,429,310,None,Move,browsing
1573650640.8179998,428,311,None,Move,browsing
1573650640.8279998,428,311,None,Move,browsing
1573650640.84,426,312,None,Move,browsing
1573650640.9889998,426,312,None,Move,browsing
1573650641.036,426,311,None,Move,browsing
1573650641.082,426,310,None,Move,browsing
1573650641.1020002,426,310,None,Move,browsing
1573650641.1120002,426,309,None,Move,browsing
1573650641.1220002,426,309,None,Move,browsing
1573650641.129,427,308,None,Move,browsing
1573650641.1520002,428,307,None,Move,browsing
1573650641.1620002,428,306,None,Move,browsing
1573650641.1720002,429,306,None,Move,browsing
1573650641.188,429,305,None,Move,browsing
1573650641.195,430,304,None,Move,browsing
1573650641.222,430,304,None,Move,browsing
1573650641.41,430,304,Left,Pressed,browsing
1573650641.5070002,430,304,Left,Released,browsing
1573650641.658,431,304,None,Move,browsing
1573650641.673,432,304,None,Move,browsing
1573650641.69,432,306,None,Move,browsing
1573650641.698,434,307,None,Move,browsing
1573650641.706,436,309,None,Move,browsing
1573650641.714,436,310,None,Move,browsing
1573650641.722,438,311,None,Move,browsing
1573650641.73,442,312,None,Move,browsing
1573650641.7370002,444,314,None,Move,browsing
1573650641.745,446,315,None,Move,browsing
1573650641.752,447,315,None,Move,browsing
1573650641.7589998,453,317,None,Move,browsing
1573650641.768,455,319,None,Move,browsing
1573650641.774,457,321,None,Move,browsing
1573650641.782,462,323,None,Move,browsing
1573650641.788,464,324,None,Move,browsing
1573650641.798,469,328,None,Move,browsing
1573650641.8070002,474,330,None,Move,browsing
1573650641.815,479,333,None,Move,browsing
1573650641.822,483,336,None,Move,browsing
1573650641.829,486,337,None,Move,browsing
1573650641.8379998,495,339,None,Move,browsing
1573650641.8479998,501,343,None,Move,browsing
1573650641.854,509,346,None,Move,browsing
1573650641.8639998,518,349,None,Move,browsing
1573650641.87,519,349,None,Move,browsing
1573650641.8779998,528,353,None,Move,browsing
1573650641.8879998,532,354,None,Move,browsing
1573650641.894,535,356,None,Move,browsing
1573650641.906,540,356,None,Move,browsing
1573650641.9120002,544,358,None,Move,browsing
1573650641.918,545,358,None,Move,browsing
1573650641.926,550,362,None,Move,browsing
1573650641.936,557,364,None,Move,browsing
1573650641.9429998,559,365,None,Move,browsing
1573650641.952,561,367,None,Move,browsing
1573650641.958,562,367,None,Move,browsing
1573650641.966,567,369,None,Move,browsing
1573650641.978,569,370,None,Move,browsing
1573650641.984,574,371,None,Move,browsing
1573650641.992,578,373,None,Move,browsing
1573650641.998,579,373,None,Move,browsing
1573650642.0070002,585,376,None,Move,browsing
1573650642.018,592,378,None,Move,browsing
1573650642.024,598,379,None,Move,browsing
1573650642.032,605,381,None,Move,browsing
1573650642.038,610,381,None,Move,browsing
1573650642.048,620,384,None,Move,browsing
1573650642.054,623,385,None,Move,browsing
1573650642.064,635,387,None,Move,browsing
1573650642.074,642,389,None,Move,browsing
1573650642.08,648,389,None,Move,browsing
1573650642.0879998,654,390,None,Move,browsing
1573650642.094,659,391,None,Move,browsing
1573650642.104,676,396,None,Move,browsing
1573650642.1139998,687,398,None,Move,browsing
1573650642.12,700,402,None,Move,browsing
1573650642.13,712,405,None,Move,browsing
1573650642.1360002,716,405,None,Move,browsing
1573650642.144,737,409,None,Move,browsing
1573650642.154,749,410,None,Move,browsing
1573650642.16,760,410,None,Move,browsing
1573650642.17,771,413,None,Move,browsing
1573650642.176,776,415,None,Move,browsing
1573650642.184,793,417,None,Move,browsing
1573650642.194,803,418,None,Move,browsing
1573650642.2,814,419,None,Move,browsing
1573650642.21,822,419,None,Move,browsing
1573650642.216,825,420,None,Move,browsing
1573650642.226,841,421,None,Move,browsing
1573650642.236,849,422,None,Move,browsing
1573650642.242,859,423,None,Move,browsing
1573650642.25,868,424,None,Move,browsing
1573650642.256,874,425,None,Move,browsing
1573650642.266,892,425,None,Move,browsing
1573650642.272,895,425,None,Move,browsing
1573650642.282,912,427,None,Move,browsing
1573650642.292,921,427,None,Move,browsing
1573650642.2970002,930,428,None,Move,browsing
1573650642.306,940,428,None,Move,browsing
1573650642.312,943,428,None,Move,browsing
1573650642.322,954,428,None,Move,browsing
1573650642.332,960,428,None,Move,browsing
1573650642.337,965,428,None,Move,browsing
1573650642.3479998,972,429,None,Move,browsing
1573650642.354,973,429,None,Move,browsing
1573650642.3620002,981,431,None,Move,browsing
1573650642.3720002,983,431,None,Move,browsing
1573650642.3779998,988,431,None,Move,browsing
1573650642.3879998,992,431,None,Move,browsing
1573650642.394,994,432,None,Move,browsing
1573650642.4020002,1001,432,None,Move,browsing
1573650642.4120002,1004,433,None,Move,browsing
1573650642.418,1009,434,None,Move,browsing
1573650642.428,1013,434,None,Move,browsing
1573650642.434,1014,434,None,Move,browsing
1573650642.444,1019,435,None,Move,browsing
1573650642.454,1022,435,None,Move,browsing
1573650642.46,1027,435,None,Move,browsing
1573650642.468,1030,436,None,Move,browsing
1573650642.474,1031,436,None,Move,browsing
1573650642.484,1035,436,None,Move,browsing
1573650642.494,1038,436,None,Move,browsing
1573650642.5,1042,436,None,Move,browsing
1573650642.508,1044,437,None,Move,browsing
1573650642.518,1046,438,None,Move,browsing
1573650642.524,1048,438,None,Move,browsing
1573650642.534,1049,439,None,Move,browsing
1573650642.54,1054,440,None,Move,browsing
1573650642.5470002,1055,440,None,Move,browsing
1573650642.553,1057,440,None,Move,browsing
1573650642.564,1062,441,None,Move,browsing
1573650642.574,1068,442,None,Move,browsing
1573650642.58,1072,442,None,Move,browsing
1573650642.59,1076,442,None,Move,browsing
1573650642.597,1078,443,None,Move,browsing
1573650642.604,1088,446,None,Move,browsing
1573650642.6139998,1094,446,None,Move,browsing
1573650642.62,1101,447,None,Move,browsing
1573650642.63,1107,448,None,Move,browsing
1573650642.6360002,1114,448,None,Move,browsing
1573650642.646,1120,448,None,Move,browsing
1573650642.6520002,1122,448,None,Move,browsing
1573650642.6620002,1130,448,None,Move,browsing
1573650642.668,1134,448,None,Move,browsing
1573650642.678,1139,449,None,Move,browsing
1573650642.684,1145,450,None,Move,browsing
1573650642.694,1152,450,None,Move,browsing
1573650642.7,1154,450,None,Move,browsing
1573650642.71,1161,451,None,Move,browsing
1573650642.72,1168,451,None,Move,browsing
1573650642.726,1174,454,None,Move,browsing
1573650642.734,1181,455,None,Move,browsing
1573650642.74,1182,455,None,Move,browsing
1573650642.75,1191,455,None,Move,browsing
1573650642.76,1196,455,None,Move,browsing
1573650642.766,1198,455,None,Move,browsing
1573650642.776,1199,456,None,Move,browsing
1573650642.782,1201,456,None,Move,browsing
1573650642.792,1204,456,None,Move,browsing
1573650642.798,1205,456,None,Move,browsing
1573650642.805,1208,457,None,Move,browsing
1573650642.816,1210,457,None,Move,browsing
1573650642.822,1211,457,None,Move,browsing
1573650642.832,1212,457,None,Move,browsing
1573650642.8379998,1213,457,None,Move,browsing
1573650642.846,1214,457,None,Move,browsing
1573650642.856,1216,457,None,Move,browsing
1573650642.8620002,1218,458,None,Move,browsing
1573650642.8720002,1219,459,None,Move,browsing
1573650642.8779998,1219,459,None,Move,browsing
1573650642.8860002,1221,459,None,Move,browsing
1573650642.896,1224,459,None,Move,browsing
1573650642.9020002,1226,459,None,Move,browsing
1573650642.9120002,1228,459,None,Move,browsing
1573650642.921,1230,461,None,Move,browsing
1573650642.931,1231,462,None,Move,browsing
1573650642.937,1232,462,None,Move,browsing
1573650642.9429998,1233,462,None,Move,browsing
1573650642.952,1235,462,None,Move,browsing
1573650642.958,1237,462,None,Move,browsing
1573650642.968,1244,462,None,Move,browsing
1573650642.9770002,1244,462,None,Move,browsing
1573650642.9829998,1246,462,None,Move,browsing
1573650642.992,1248,462,None,Move,browsing
1573650642.998,1249,462,None,Move,browsing
1573650643.0089998,1255,462,None,Move,browsing
1573650643.018,1257,462,None,Move,browsing
1573650643.024,1260,463,None,Move,browsing
1573650643.033,1262,463,None,Move,browsing
1573650643.04,1263,463,None,Move,browsing
1573650643.048,1268,464,None,Move,browsing
1573650643.0579998,1269,465,None,Move,browsing
1573650643.064,1272,465,None,Move,browsing
1573650643.073,1274,465,None,Move,browsing
1573650643.081,1274,466,None,Move,browsing
1573650643.087,1280,468,None,Move,browsing
1573650643.097,1283,468,None,Move,browsing
1573650643.104,1285,469,None,Move,browsing
1573650643.1139998,1288,469,None,Move,browsing
1573650643.12,1291,469,None,Move,browsing
1573650643.13,1293,469,None,Move,browsing
1573650643.1360002,1294,469,None,Move,browsing
1573650643.146,1297,470,None,Move,browsing
1573650643.16,1299,470,None,Move,browsing
1573650643.17,1299,470,None,Move,browsing
1573650643.186,1300,470,None,Move,browsing
1573650643.196,1300,470,None,Move,browsing
1573650643.202,1301,470,None,Move,browsing
1573650643.216,1302,470,None,Move,browsing
1573650643.226,1303,470,None,Move,browsing
1573650643.235,1305,471,None,Move,browsing
1573650643.245,1305,471,None,Move,browsing
1573650643.276,1306,471,None,Move,browsing
1573650643.387,1306,471,Left,Pressed,browsing
1573650643.504,1306,471,Left,Released,browsing
1573650643.704,1307,471,None,Move,browsing
1573650643.73,1307,471,None,Move,browsing
1573650643.736,1306,471,None,Move,browsing
1573650643.742,1306,471,None,Move,browsing
1573650643.75,1305,471,None,Move,browsing
1573650643.7589998,1303,471,None,Move,browsing
1573650643.766,1303,471,None,Move,browsing
1573650643.775,1302,471,None,Move,browsing
1573650643.7870002,1302,471,None,Move,browsing
1573650643.793,1301,471,None,Move,browsing
1573650643.8,1301,471,None,Move,browsing
1573650643.814,1299,471,None,Move,browsing
1573650643.824,1299,471,None,Move,browsing
1573650643.833,1297,471,None,Move,browsing
1573650643.839,1296,471,None,Move,browsing
1573650643.849,1295,471,None,Move,browsing
1573650643.857,1292,471,None,Move,browsing
1573650643.863,1289,471,None,Move,browsing
1573650643.87,1288,471,None,Move,browsing
1573650643.88,1284,471,None,Move,browsing
1573650643.89,1278,471,None,Move,browsing
1573650643.895,1275,471,None,Move,browsing
1573650643.904,1272,471,None,Move,browsing
1573650643.91,1271,471,None,Move,browsing
1573650643.92,1264,471,None,Move,browsing
1573650643.93,1261,471,None,Move,browsing
1573650643.935,1259,471,None,Move,browsing
1573650643.946,1255,471,None,Move,browsing
1573650643.951,1254,471,None,Move,browsing
1573650643.96,1250,472,None,Move,browsing
1573650643.97,1248,472,None,Move,browsing
1573650643.976,1248,472,None,Move,browsing
1573650643.986,1247,472,None,Move,browsing
1573650643.992,1246,472,None,Move,browsing
1573650644.0,1245,472,None,Move,browsing
1573650644.0089998,1244,472,None,Move,browsing
1573650644.015,1243,472,None,Move,browsing
1573650644.0579998,1242,472,None,Move,browsing
1573650644.0779998,1241,472,None,Move,browsing
1573650644.1520002,1241,472,None,Move,browsing
1573650644.168,1240,472,None,Move,browsing
1573650644.194,1239,472,None,Move,browsing
1573650644.208,1238,472,None,Move,browsing
1573650644.228,1238,472,None,Move,browsing
1573650644.238,1237,472,None,Move,browsing
1573650644.248,1237,472,None,Move,browsing
1573650644.26,1236,472,None,Move,browsing
1573650644.272,1235,472,None,Move,browsing
1573650644.282,1234,472,None,Move,browsing
1573650644.292,1234,472,None,Move,browsing
1573650644.298,1233,472,None,Move,browsing
1573650644.3179998,1232,472,None,Move,browsing
1573650644.324,1231,472,None,Move,browsing
1573650644.344,1231,472,None,Move,browsing
1573650644.354,1229,472,None,Move,browsing
1573650644.3639998,1229,472,None,Move,browsing
1573650644.3779998,1228,472,None,Move,browsing
1573650644.39,1227,472,None,Move,browsing
1573650644.399,1225,472,None,Move,browsing
1573650644.41,1224,472,None,Move,browsing
1573650644.42,1224,472,None,Move,browsing
1573650644.43,1223,472,None,Move,browsing
1573650644.436,1221,472,None,Move,browsing
1573650644.446,1219,472,None,Move,browsing
1573650644.452,1219,472,None,Move,browsing
1573650644.46,1217,472,None,Move,browsing
1573650644.47,1215,472,None,Move,browsing
1573650644.476,1215,472,None,Move,browsing
1573650644.486,1214,472,None,Move,browsing
1573650644.4910002,1212,472,None,Move,browsing
1573650644.5,1210,472,None,Move,browsing
1573650644.51,1209,472,None,Move,browsing
1573650644.516,1207,472,None,Move,browsing
1573650644.528,1205,472,None,Move,browsing
1573650644.536,1201,472,None,Move,browsing
1573650644.544,1198,472,None,Move,browsing
1573650644.551,1196,471,None,Move,browsing
1573650644.559,1192,470,None,Move,browsing
1573650644.5679998,1190,469,None,Move,browsing
1573650644.576,1187,469,None,Move,browsing
1573650644.584,1184,469,None,Move,browsing
1573650644.591,1183,469,None,Move,browsing
1573650644.5979998,1181,468,None,Move,browsing
1573650644.6079998,1180,468,None,Move,browsing
1573650644.613,1180,468,None,Move,browsing
1573650644.6220002,1178,468,None,Move,browsing
1573650644.633,1177,468,None,Move,browsing
1573650644.643,1176,468,None,Move,browsing
1573650644.668,1176,468,None,Move,browsing
1573650644.89,1176,468,Left,Pressed,browsing
1573650644.9829998,1176,468,Left,Released,browsing
1573650645.016,1176,468,None,Move,browsing
1573650645.026,1176,468,None,Move,browsing
1573650645.033,1177,468,None,Move,browsing
1573650645.041,1180,468,None,Move,browsing
1573650645.051,1185,468,None,Move,browsing
1573650645.06,1191,468,None,Move,browsing
1573650645.066,1197,468,None,Move,browsing
1573650645.074,1199,469,None,Move,browsing
1573650645.082,1208,471,None,Move,browsing
1573650645.092,1211,471,None,Move,browsing
1573650645.097,1213,471,None,Move,browsing
1573650645.1079998,1217,471,None,Move,browsing
1573650645.1139998,1218,471,None,Move,browsing
1573650645.1260002,1219,471,None,Move,browsing
1573650645.1360002,1220,471,None,Move,browsing
1573650645.199,1220,471,Left,Pressed,browsing
1573650645.265,1220,471,Left,Released,browsing
1573650645.285,1220,471,None,Move,browsing
1573650645.296,1220,470,None,Move,browsing
1573650645.304,1219,469,None,Move,browsing
1573650645.313,1218,469,None,Move,browsing
1573650645.322,1211,468,None,Move,browsing
1573650645.333,1204,468,None,Move,browsing
1573650645.342,1200,468,None,Move,browsing
1573650645.349,1185,468,None,Move,browsing
1573650645.357,1177,468,None,Move,browsing
1573650645.3639998,1164,468,None,Move,browsing
1573650645.3739998,1149,468,None,Move,browsing
1573650645.38,1143,468,None,Move,browsing
1573650645.3879998,1100,472,None,Move,browsing
1573650645.3979998,1068,477,None,Move,browsing
1573650645.406,1028,486,None,Move,browsing
1573650645.414,986,494,None,Move,browsing
1573650645.421,970,497,None,Move,browsing
1573650645.428,881,526,None,Move,browsing
1573650645.44,826,545,None,Move,browsing
1573650645.446,764,565,None,Move,browsing
1573650645.454,701,584,None,Move,browsing
1573650645.461,682,591,None,Move,browsing
1573650645.47,598,615,None,Move,browsing
1573650645.48,544,627,None,Move,browsing
1573650645.4870002,505,634,None,Move,browsing
1573650645.494,470,641,None,Move,browsing
1573650645.5,459,644,None,Move,browsing
1573650645.51,425,648,None,Move,browsing
1573650645.52,407,649,None,Move,browsing
1573650645.526,394,649,None,Move,browsing
1573650645.534,381,649,None,Move,browsing
1573650645.54,375,649,None,Move,browsing
1573650645.55,352,645,None,Move,browsing
1573650645.56,340,641,None,Move,browsing
1573650645.566,329,637,None,Move,browsing
1573650645.576,318,635,None,Move,browsing
1573650645.582,311,632,None,Move,browsing
1573650645.592,307,632,None,Move,browsing
1573650645.5979998,306,631,None,Move,browsing
1573650645.6079998,305,630,None,Move,browsing
1573650645.6139998,304,629,None,Move,browsing
1573650645.633,304,629,None,Move,browsing
1573650645.644,304,628,None,Move,browsing
1573650645.654,304,626,None,Move,browsing
1573650645.664,305,623,None,Move,browsing
1573650645.67,307,623,None,Move,browsing
1573650645.68,309,622,None,Move,browsing
1573650645.686,310,622,None,Move,browsing
1573650645.696,314,619,None,Move,browsing
1573650645.705,315,617,None,Move,browsing
1573650645.712,317,615,None,Move,browsing
1573650645.72,319,613,None,Move,browsing
1573650645.726,319,613,None,Move,browsing
1573650645.736,320,607,None,Move,browsing
1573650645.746,321,602,None,Move,browsing
1573650645.752,321,599,None,Move,browsing
1573650645.76,321,596,None,Move,browsing
1573650645.765,321,595,None,Move,browsing
1573650645.776,321,593,None,Move,browsing
1573650645.786,321,590,None,Move,browsing
1573650645.791,321,588,None,Move,browsing
1573650645.801,319,585,None,Move,browsing
1573650645.8070002,319,582,None,Move,browsing
1573650645.816,316,576,None,Move,browsing
1573650645.826,313,572,None,Move,browsing
1573650645.832,305,564,None,Move,browsing
1573650645.842,301,560,None,Move,browsing
1573650645.8479998,299,560,None,Move,browsing
1573650645.855,290,555,None,Move,browsing
1573650645.8660002,284,553,None,Move,browsing
1573650645.8720002,279,552,None,Move,browsing
1573650645.8820002,273,551,None,Move,browsing
1573650645.891,270,551,None,Move,browsing
1573650645.897,263,551,None,Move,browsing
1573650645.908,258,551,None,Move,browsing
1573650645.914,256,551,None,Move,browsing
1573650645.924,253,551,None,Move,browsing
1573650645.93,250,551,None,Move,browsing
1573650645.938,246,551,None,Move,browsing
1573650645.944,245,551,None,Move,browsing
1573650645.954,242,551,None,Move,browsing
1573650645.964,239,551,None,Move,browsing
1573650645.97,238,551,None,Move,browsing
1573650645.978,236,551,None,Move,browsing
1573650645.985,235,551,None,Move,browsing
1573650645.994,233,551,None,Move,browsing
1573650646.004,232,551,None,Move,browsing
1573650646.02,232,551,None,Move,browsing
1573650646.025,231,551,None,Move,browsing
1573650646.083,231,552,None,Move,browsing
1573650646.097,231,554,None,Move,browsing
1573650646.1239998,237,556,None,Move,browsing
1573650646.137,238,557,None,Move,browsing
1573650646.15,239,558,None,Move,browsing
1573650646.215,239,558,None,Move,browsing
1573650646.231,241,559,None,Move,browsing
1573650646.266,241,559,None,Move,browsing
1573650646.276,242,559,None,Move,browsing
1573650646.3,242,559,None,Move,browsing
1573650646.31,244,559,None,Move,browsing
1573650646.316,245,559,None,Move,browsing
1573650646.326,247,559,None,Move,browsing
1573650646.332,248,559,None,Move,browsing
1573650646.34,250,559,None,Move,browsing
1573650646.35,252,559,None,Move,browsing
1573650646.356,252,559,None,Move,browsing
1573650646.3720002,253,559,None,Move,browsing
1573650646.3820002,255,559,None,Move,browsing
1573650646.4020002,256,559,None,Move,browsing
1573650646.4220002,257,559,None,Move,browsing
1573650646.438,258,559,None,Move,browsing
1573650646.528,258,559,Left,Pressed,browsing
1573650646.528,258,559,None,Drag,browsing
1573650646.531,259,559,None,Drag,browsing
1573650646.531,259,559,Left,Released,browsing
1573650646.694,259,560,None,Move,browsing
1573650646.7,259,560,None,Move,browsing
1573650646.729,260,562,None,Move,browsing
1573650646.7389998,264,563,None,Move,browsing
1573650646.75,268,564,None,Move,browsing
1573650646.76,273,566,None,Move,browsing
1573650646.77,276,566,None,Move,browsing
1573650646.776,279,566,None,Move,browsing
1573650646.786,283,566,None,Move,browsing
1573650646.792,284,566,None,Move,browsing
1573650646.8,290,566,None,Move,browsing
1573650646.81,292,566,None,Move,browsing
1573650646.816,295,566,None,Move,browsing
1573650646.826,297,566,None,Move,browsing
1573650646.832,297,566,None,Move,browsing
1573650646.842,301,566,None,Move,browsing
1573650646.8520002,303,566,None,Move,browsing
1573650646.8579998,306,566,None,Move,browsing
1573650646.8660002,308,566,None,Move,browsing
1573650646.871,309,567,None,Move,browsing
1573650646.8820002,311,567,None,Move,browsing
1573650646.8920002,311,567,None,Move,browsing
1573650646.8979998,312,568,None,Move,browsing
1573650646.916,312,568,None,Move,browsing
1573650646.9220002,312,569,None,Move,browsing
1573650646.9320002,312,570,None,Move,browsing
1573650646.938,312,572,None,Move,browsing
1573650646.948,312,573,None,Move,browsing
1573650646.954,312,574,None,Move,browsing
1573650646.962,313,577,None,Move,browsing
1573650646.972,313,580,None,Move,browsing
1573650646.9770002,313,580,None,Move,browsing
1573650646.988,313,582,None,Move,browsing
1573650646.998,313,584,None,Move,browsing
1573650647.004,313,585,None,Move,browsing
1573650647.012,313,585,None,Move,browsing
1573650647.019,313,587,None,Move,browsing
1573650647.038,313,587,None,Move,browsing
1573650647.044,313,589,None,Move,browsing
1573650647.0579998,313,590,None,Move,browsing
1573650647.074,313,591,None,Move,browsing
1573650647.146,313,591,None,Move,browsing
1573650647.161,313,592,None,Move,browsing
1573650647.42,313,592,Left,Pressed,browsing
1573650647.52,313,592,Left,Released,browsing
1573650647.809,313,592,None,Move,browsing
1573650647.825,313,591,None,Move,browsing
1573650647.841,313,588,None,Move,browsing
1573650647.853,313,585,None,Move,browsing
1573650647.86,313,581,None,Move,browsing
1573650647.867,313,579,None,Move,browsing
1573650647.8760002,313,576,None,Move,browsing
1573650647.883,313,574,None,Move,browsing
1573650647.89,313,571,None,Move,browsing
1573650647.9,314,569,None,Move,browsing
1573650647.906,314,567,None,Move,browsing
1573650647.916,314,565,None,Move,browsing
1573650647.9220002,314,564,None,Move,browsing
1573650647.931,314,560,None,Move,browsing
1573650647.938,314,558,None,Move,browsing
1573650647.946,314,551,None,Move,browsing
1573650647.952,313,547,None,Move,browsing
1573650647.9629998,310,538,None,Move,browsing
1573650647.97,308,533,None,Move,browsing
1573650647.979,305,520,None,Move,browsing
1573650647.986,302,516,None,Move,browsing
1573650647.995,300,499,None,Move,browsing
1573650648.006,297,483,None,Move,browsing
1573650648.012,296,469,None,Move,browsing
1573650648.02,295,452,None,Move,browsing
1573650648.025,295,447,None,Move,browsing
1573650648.035,294,432,None,Move,browsing
1573650648.045,292,424,None,Move,browsing
1573650648.051,289,419,None,Move,browsing
1573650648.06,288,416,None,Move,browsing
1573650648.066,286,415,None,Move,browsing
1573650648.076,282,411,None,Move,browsing
1573650648.086,281,411,None,Move,browsing
1573650648.092,279,407,None,Move,browsing
1573650648.1020002,277,407,None,Move,browsing
1573650648.1079998,277,406,None,Move,browsing
1573650648.1160002,274,404,None,Move,browsing
1573650648.156,274,403,None,Move,browsing
1573650648.166,274,402,None,Move,browsing
1573650648.173,274,401,None,Move,browsing
1573650648.1820002,274,400,None,Move,browsing
1573650648.188,274,400,None,Move,browsing
1573650648.195,274,399,None,Move,browsing
1573650648.208,274,399,None,Move,browsing
1573650648.214,275,397,None,Move,browsing
1573650648.232,275,397,None,Move,browsing
1573650648.3279998,276,397,Left,Pressed,browsing
1573650648.3279998,276,397,None,Drag,browsing
1573650648.354,276,397,None,Drag,browsing
1573650648.354,276,397,Left,Released,browsing
1573650648.4770002,278,397,None,Move,browsing
1573650648.4929998,279,397,None,Move,browsing
1573650648.5270002,282,397,None,Move,browsing
1573650648.535,289,395,None,Move,browsing
1573650648.544,291,394,None,Move,browsing
1573650648.552,293,394,None,Move,browsing
1573650648.559,300,390,None,Move,browsing
1573650648.57,306,388,None,Move,browsing
1573650648.576,309,385,None,Move,browsing
1573650648.586,315,381,None,Move,browsing
1573650648.594,319,379,None,Move,browsing
1573650648.601,326,375,None,Move,browsing
1573650648.61,332,370,None,Move,browsing
1573650648.6160002,338,368,None,Move,browsing
1573650648.6260002,343,363,None,Move,browsing
1573650648.6320002,348,359,None,Move,browsing
1573650648.64,356,352,None,Move,browsing
1573650648.65,362,348,None,Move,browsing
1573650648.656,371,342,None,Move,browsing
1573650648.666,376,339,None,Move,browsing
1573650648.6720002,379,335,None,Move,browsing
1573650648.6820002,389,331,None,Move,browsing
1573650648.6920002,396,327,None,Move,browsing
1573650648.7,405,324,None,Move,browsing
1573650648.706,409,321,None,Move,browsing
1573650648.7129998,412,320,None,Move,browsing
1573650648.722,421,316,None,Move,browsing
1573650648.732,424,315,None,Move,browsing
1573650648.738,427,315,None,Move,browsing
1573650648.746,428,315,None,Move,browsing
1573650648.752,430,314,None,Move,browsing
1573650648.7610002,432,313,None,Move,browsing
1573650648.772,434,313,None,Move,browsing
1573650648.778,437,311,None,Move,browsing
1573650648.788,439,310,None,Move,browsing
1573650648.794,440,309,None,Move,browsing
1573650648.802,444,307,None,Move,browsing
1573650648.812,446,306,None,Move,browsing
1573650648.832,446,306,None,Move,browsing
1573650649.171,447,305,None,Move,browsing
1573650649.236,447,304,None,Move,browsing
1573650649.246,447,304,None,Move,browsing
1573650649.272,447,303,None,Move,browsing
1573650649.281,447,302,None,Move,browsing
1573650649.289,447,302,None,Move,browsing
1573650649.316,447,301,None,Move,browsing
1573650649.326,448,301,None,Move,browsing
1573650649.336,448,300,None,Move,browsing
1573650649.343,448,299,None,Move,browsing
1573650649.3579998,448,298,None,Move,browsing
1573650649.3679998,448,298,None,Move,browsing
1573650649.397,448,297,None,Move,browsing
1573650649.408,448,297,None,Move,browsing
1573650649.418,448,296,None,Move,browsing
1573650649.424,448,296,None,Move,browsing
1573650649.4320002,448,294,None,Move,browsing
1573650649.452,448,293,None,Move,browsing
1573650649.462,449,292,None,Move,browsing
1573650649.508,449,291,None,Move,browsing
1573650649.544,449,291,None,Move,browsing
1573650649.554,449,290,None,Move,browsing
1573650649.584,449,289,None,Move,browsing
1573650649.63,449,288,None,Move,browsing
1573650649.708,449,288,None,Move,browsing
1573650649.779,449,287,None,Move,browsing
1573650649.795,449,287,None,Move,browsing
1573650649.813,449,286,None,Move,browsing
1573650651.498,449,285,None,Move,browsing
1573650651.52,449,285,None,Move,browsing
1573650651.53,449,285,None,Move,browsing
1573650651.546,448,285,None,Move,browsing
1573650651.576,448,285,None,Move,browsing
1573650651.582,447,285,None,Move,browsing
1573650651.6120002,447,285,None,Move,browsing
1573650651.6220002,445,285,None,Move,browsing
1573650651.6360002,443,286,None,Move,browsing
1573650651.646,443,286,None,Move,browsing
1573650651.656,441,287,None,Move,browsing
1573650651.6720002,440,289,None,Move,browsing
1573650651.6820002,439,289,None,Move,browsing
1573650651.689,438,289,None,Move,browsing
1573650651.698,436,291,None,Move,browsing
1573650651.704,436,291,None,Move,browsing
1573650651.712,431,292,None,Move,browsing
1573650651.718,430,293,None,Move,browsing
1573650651.728,427,294,None,Move,browsing
1573650651.738,423,296,None,Move,browsing
1573650651.745,423,297,None,Move,browsing
1573650651.752,417,298,None,Move,browsing
1573650651.758,416,299,None,Move,browsing
1573650651.768,412,301,None,Move,browsing
1573650651.778,409,303,None,Move,browsing
1573650651.784,408,304,None,Move,browsing
1573650651.794,401,307,None,Move,browsing
1573650651.8,400,307,None,Move,browsing
1573650651.8079998,397,310,None,Move,browsing
1573650651.8179998,393,313,None,Move,browsing
1573650651.825,392,313,None,Move,browsing
1573650651.834,389,315,None,Move,browsing
1573650651.841,388,315,None,Move,browsing
1573650651.8479998,386,317,None,Move,browsing
1573650651.8579998,381,320,None,Move,browsing
1573650651.865,381,321,None,Move,browsing
1573650651.8739998,376,325,None,Move,browsing
1573650651.881,376,325,None,Move,browsing
1573650651.8879998,374,326,None,Move,browsing
1573650651.9,371,328,None,Move,browsing
1573650651.906,370,331,None,Move,browsing
1573650651.914,364,335,None,Move,browsing
1573650651.92,363,336,None,Move,browsing
1573650651.93,361,339,None,Move,browsing
1573650651.939,355,343,None,Move,browsing
1573650651.946,353,344,None,Move,browsing
1573650651.955,347,349,None,Move,browsing
1573650651.962,345,349,None,Move,browsing
1573650651.971,339,356,None,Move,browsing
1573650651.978,337,357,None,Move,browsing
1573650651.986,331,362,None,Move,browsing
1573650651.992,329,363,None,Move,browsing
1573650652.002,325,366,None,Move,browsing
1573650652.0110002,319,371,None,Move,browsing
1573650652.0170002,318,372,None,Move,browsing
1573650652.028,315,375,None,Move,browsing
1573650652.033,315,376,None,Move,browsing
1573650652.048,315,378,None,Move,browsing
1573650652.054,315,378,None,Move,browsing
1573650652.06,317,378,None,Move,browsing
1573650652.0670002,320,378,None,Move,browsing
1573650652.084,320,378,None,Move,browsing
1573650652.094,321,378,None,Move,browsing
1573650652.46,321,378,None,Move,browsing
1573650652.476,320,378,None,Move,browsing
1573650652.502,320,378,None,Move,browsing
1573650652.534,320,377,None,Move,browsing
1573650652.5370002,320,377,None,Move,browsing
1573650652.55,321,377,None,Move,browsing
1573650652.5670002,324,377,None,Move,browsing
1573650652.581,325,376,None,Move,browsing
1573650652.591,326,375,None,Move,browsing
1573650652.6,327,374,None,Move,browsing
1573650652.6120002,329,372,None,Move,browsing
1573650652.6260002,329,371,None,Move,browsing
1573650652.6320002,330,369,None,Move,browsing
1573650652.646,331,369,None,Move,browsing
1573650652.656,331,368,None,Move,browsing
1573650652.6620002,331,366,None,Move,browsing
1573650652.671,332,365,None,Move,browsing
1573650652.677,333,364,None,Move,browsing
1573650652.686,333,364,None,Move,browsing
1573650652.696,334,363,None,Move,browsing
1573650652.704,334,363,None,Move,browsing
1573650652.903,334,362,None,Move,browsing
1573650653.5470002,334,361,None,Move,browsing
1573650653.563,334,360,None,Move,browsing
1573650653.574,335,360,None,Move,browsing
1573650653.61,335,359,None,Move,browsing
1573650653.619,335,358,None,Move,browsing
1573650653.6360002,335,357,None,Move,browsing
1573650653.65,335,356,None,Move,browsing
1573650653.676,335,355,None,Move,browsing
1573650653.696,335,354,None,Move,browsing
1573650653.994,336,353,None,Move,browsing
1573650654.0089998,337,351,None,Move,browsing
1573650654.024,338,350,None,Move,browsing
1573650654.034,340,349,None,Move,browsing
1573650654.054,341,349,None,Move,browsing
1573650654.063,341,349,None,Move,browsing
1573650654.073,342,349,None,Move,browsing
1573650654.082,343,347,None,Move,browsing
1573650654.092,344,347,None,Move,browsing
1573650654.101,346,346,None,Move,browsing
1573650654.109,346,346,None,Move,browsing
1573650654.1160002,348,344,None,Move,browsing
1573650654.1220002,350,344,None,Move,browsing
1573650654.13,353,342,None,Move,browsing
1573650654.14,356,340,None,Move,browsing
1573650654.146,356,340,None,Move,browsing
1573650654.154,360,337,None,Move,browsing
1573650654.16,361,337,None,Move,browsing
1573650654.17,365,335,None,Move,browsing
1573650654.18,370,332,None,Move,browsing
1573650654.186,371,332,None,Move,browsing
1573650654.194,375,328,None,Move,browsing
1573650654.2,377,328,None,Move,browsing
1573650654.21,380,326,None,Move,browsing
1573650654.22,384,323,None,Move,browsing
1573650654.226,386,322,None,Move,browsing
1573650654.236,391,317,None,Move,browsing
1573650654.242,393,317,None,Move,browsing
1573650654.25,395,313,None,Move,browsing
1573650654.26,400,306,None,Move,browsing
1573650654.266,402,305,None,Move,browsing
1573650654.276,406,301,None,Move,browsing
1573650654.282,408,299,None,Move,browsing
1573650654.29,410,296,None,Move,browsing
1573650654.3,416,292,None,Move,browsing
1573650654.306,417,290,None,Move,browsing
1573650654.316,421,288,None,Move,browsing
1573650654.323,422,287,None,Move,browsing
1573650654.332,424,286,None,Move,browsing
1573650654.342,429,282,None,Move,browsing
1573650654.356,429,282,None,Move,browsing
1573650654.3620002,430,282,None,Move,browsing
1573650654.3720002,430,281,None,Move,browsing
1573650654.496,432,281,None,Move,browsing
1573650654.512,433,280,None,Move,browsing
1573650656.2570002,433,280,None,Move,browsing
1573650656.2670002,433,280,None,Move,browsing
1573650656.2870002,432,280,None,Move,browsing
1573650656.2970002,432,280,None,Move,browsing
1573650656.691,431,280,None,Move,browsing
1573650657.709,431,280,None,Move,browsing
1573650657.717,430,280,None,Move,browsing
1573650657.735,429,280,None,Move,browsing
1573650657.7489998,429,281,None,Move,browsing
1573650657.7589998,429,283,None,Move,browsing
1573650657.776,429,283,None,Move,browsing
1573650657.786,428,284,None,Move,browsing
1573650657.812,428,285,None,Move,browsing
1573650657.856,428,286,None,Move,browsing
1573650657.9120002,428,286,None,Move,browsing
1573650657.926,428,288,None,Move,browsing
1573650657.927,428,289,None,Move,browsing
1573650657.955,428,291,None,Move,browsing
1573650657.971,428,293,None,Move,browsing
1573650657.9829998,428,296,None,Move,browsing
1573650657.9929998,428,297,None,Move,browsing
1573650658.0029998,428,297,None,Move,browsing
1573650658.01,428,300,None,Move,browsing
1573650658.02,428,303,None,Move,browsing
1573650658.03,428,305,None,Move,browsing
1573650658.036,428,307,None,Move,browsing
1573650658.044,428,310,None,Move,browsing
1573650658.05,428,312,None,Move,browsing
1573650658.06,429,315,None,Move,browsing
1573650658.07,429,315,None,Move,browsing
1573650658.076,429,318,None,Move,browsing
1573650658.084,429,320,None,Move,browsing
1573650658.091,429,321,None,Move,browsing
1573650658.1,430,324,None,Move,browsing
1573650658.106,430,325,None,Move,browsing
1573650658.1139998,430,327,None,Move,browsing
1573650658.1220002,430,329,None,Move,browsing
1573650658.1320002,430,334,None,Move,browsing
1573650658.1420002,430,336,None,Move,browsing
1573650658.1479998,430,340,None,Move,browsing
1573650658.158,430,341,None,Move,browsing
1573650658.165,430,344,None,Move,browsing
1573650658.174,430,347,None,Move,browsing
1573650658.184,430,349,None,Move,browsing
1573650658.189,430,351,None,Move,browsing
1573650658.196,430,351,None,Move,browsing
1573650658.204,428,354,None,Move,browsing
1573650658.214,428,355,None,Move,browsing
1573650658.224,428,357,None,Move,browsing
1573650658.23,427,357,None,Move,browsing
1573650658.236,427,357,None,Move,browsing
1573650658.244,425,358,None,Move,browsing
1573650658.254,424,359,None,Move,browsing
1573650658.26,422,361,None,Move,browsing
1573650658.27,418,363,None,Move,browsing
1573650658.28,418,364,None,Move,browsing
1573650658.29,417,364,None,Move,browsing
1573650658.296,416,364,None,Move,browsing
1573650658.302,416,364,None,Move,browsing
1573650658.33,415,364,None,Move,browsing
1573650658.7510002,414,364,None,Move,browsing
1573650658.7629998,414,364,None,Move,browsing
1573650658.794,414,363,None,Move,browsing
1573650658.801,414,363,None,Move,browsing
1573650658.8079998,414,362,None,Move,browsing
1573650658.814,414,361,None,Move,browsing
1573650658.824,414,360,None,Move,browsing
1573650658.834,412,358,None,Move,browsing
1573650658.84,412,357,None,Move,browsing
1573650658.85,410,353,None,Move,browsing
1573650658.86,410,351,None,Move,browsing
1573650658.867,407,347,None,Move,browsing
1573650658.8760002,405,344,None,Move,browsing
1573650658.8820002,405,343,None,Move,browsing
1573650658.89,402,338,None,Move,browsing
1573650658.896,401,334,None,Move,browsing
1573650658.906,399,328,None,Move,browsing
1573650658.9120002,399,327,None,Move,browsing
1573650658.92,396,321,None,Move,browsing
1573650658.931,394,316,None,Move,browsing
1573650658.937,393,315,None,Move,browsing
1573650658.946,391,308,None,Move,browsing
1573650658.952,391,307,None,Move,browsing
1573650658.962,388,301,None,Move,browsing
1573650658.972,387,296,None,Move,browsing
1573650658.978,387,295,None,Move,browsing
1573650658.986,385,290,None,Move,browsing
1573650658.992,385,288,None,Move,browsing
1573650659.002,382,282,None,Move,browsing
1573650659.012,382,281,None,Move,browsing
1573650659.018,382,279,None,Move,browsing
1573650659.026,379,274,None,Move,browsing
1573650659.031,379,273,None,Move,browsing
1573650659.042,376,267,None,Move,browsing
1573650659.052,376,264,None,Move,browsing
1573650659.062,374,262,None,Move,browsing
1573650659.0679998,374,261,None,Move,browsing
1573650659.074,374,260,None,Move,browsing
1573650659.1020002,374,260,None,Move,browsing
1573650659.1079998,374,259,None,Move,browsing
1573650659.194,373,259,None,Move,browsing
1573650659.207,372,258,None,Move,browsing
1573650659.248,372,257,None,Move,browsing
1573650659.2570002,372,255,None,Move,browsing
1573650659.2670002,371,255,None,Move,browsing
1573650659.274,370,254,None,Move,browsing
1573650659.283,369,252,None,Move,browsing
1573650659.293,369,249,None,Move,browsing
1573650659.3,369,249,None,Move,browsing
1573650659.31,368,247,None,Move,browsing
1573650659.316,368,246,None,Move,browsing
1573650659.323,366,243,None,Move,browsing
1573650659.334,365,241,None,Move,browsing
1573650659.34,364,240,None,Move,browsing
1573650659.35,362,239,None,Move,browsing
1573650659.356,362,239,None,Move,browsing
1573650659.37,360,237,None,Move,browsing
1573650659.39,360,237,None,Move,browsing
1573650659.396,359,237,None,Move,browsing
1573650659.406,358,237,None,Move,browsing
1573650659.416,357,237,None,Move,browsing
1573650659.4220002,356,237,None,Move,browsing
1573650659.43,354,237,None,Move,browsing
1573650659.436,352,237,None,Move,browsing
1573650659.446,349,240,None,Move,browsing
1573650659.456,346,242,None,Move,browsing
1573650659.462,345,243,None,Move,browsing
1573650659.47,339,249,None,Move,browsing
1573650659.476,337,251,None,Move,browsing
1573650659.486,327,259,None,Move,browsing
1573650659.496,321,265,None,Move,browsing
1573650659.502,319,267,None,Move,browsing
1573650659.512,307,275,None,Move,browsing
1573650659.518,306,276,None,Move,browsing
1573650659.526,297,281,None,Move,browsing
1573650659.536,293,285,None,Move,browsing
1573650659.542,289,289,None,Move,browsing
1573650659.552,276,294,None,Move,browsing
1573650659.56,271,298,None,Move,browsing
1573650659.566,255,309,None,Move,browsing
1573650659.576,245,315,None,Move,browsing
1573650659.582,240,317,None,Move,browsing
1573650659.592,225,329,None,Move,browsing
1573650659.5979998,220,329,None,Move,browsing
1573650659.606,205,341,None,Move,browsing
1573650659.6160002,197,344,None,Move,browsing
1573650659.6220002,194,344,None,Move,browsing
1573650659.6320002,187,347,None,Move,browsing
1573650659.6379998,185,348,None,Move,browsing
1573650659.6479998,181,350,None,Move,browsing
1573650659.658,179,350,None,Move,browsing
1573650659.668,179,350,None,Move,browsing
1573650659.674,178,350,None,Move,browsing
1573650659.68,178,350,None,Move,browsing
1573650659.688,177,350,None,Move,browsing
1573650659.712,176,350,None,Move,browsing
1573650659.718,176,350,None,Move,browsing
1573650659.728,175,350,None,Move,browsing
1573650659.738,171,348,None,Move,browsing
1573650659.744,171,348,None,Move,browsing
1573650659.754,169,345,None,Move,browsing
1573650659.76,168,345,None,Move,browsing
1573650659.768,167,343,None,Move,browsing
1573650659.778,166,342,None,Move,browsing
1573650659.784,166,341,None,Move,browsing
1573650659.794,164,339,None,Move,browsing
1573650659.8,164,339,None,Move,browsing
1573650659.8079998,160,335,None,Move,browsing
1573650659.8179998,158,329,None,Move,browsing
1573650659.8279998,155,326,None,Move,browsing
1573650659.834,155,325,None,Move,browsing
1573650659.84,155,324,None,Move,browsing
1573650659.85,153,319,None,Move,browsing
1573650659.861,152,316,None,Move,browsing
1573650659.867,151,312,None,Move,browsing
1573650659.8760002,151,311,None,Move,browsing
1573650659.883,151,310,None,Move,browsing
1573650659.89,150,308,None,Move,browsing
1573650659.9,148,307,None,Move,browsing
1573650659.906,148,306,None,Move,browsing
1573650659.92,148,306,None,Move,browsing
1573650659.93,148,304,None,Move,browsing
1573650659.936,148,303,None,Move,browsing
1573650659.946,148,300,None,Move,browsing
1573650659.951,148,300,None,Move,browsing
1573650659.962,145,295,None,Move,browsing
1573650659.972,145,294,None,Move,browsing
1573650659.979,144,293,None,Move,browsing
1573650659.988,144,293,None,Move,browsing
1573650659.994,142,291,None,Move,browsing
1573650660.004,141,289,None,Move,browsing
1573650660.014,140,289,None,Move,browsing
1573650660.02,139,288,None,Move,browsing
1573650660.03,138,287,None,Move,browsing
1573650660.036,137,287,None,Move,browsing
1573650660.044,136,285,None,Move,browsing
1573650660.05,136,284,None,Move,browsing
1573650660.06,134,282,None,Move,browsing
1573650660.066,134,282,None,Move,browsing
1573650660.074,133,281,None,Move,browsing
1573650660.086,131,279,None,Move,browsing
1573650660.092,131,278,None,Move,browsing
1573650660.1,129,276,None,Move,browsing
1573650660.106,127,273,None,Move,browsing
1573650660.1160002,126,271,None,Move,browsing
1573650660.125,124,270,None,Move,browsing
1573650660.1339998,124,269,None,Move,browsing
1573650660.14,124,269,None,Move,browsing
1573650660.146,124,268,None,Move,browsing
1573650660.155,124,265,None,Move,browsing
1573650660.165,123,264,None,Move,browsing
1573650660.176,122,262,None,Move,browsing
1573650660.181,122,261,None,Move,browsing
1573650660.187,122,261,None,Move,browsing
1573650660.195,121,258,None,Move,browsing
1573650660.206,121,257,None,Move,browsing
1573650660.212,121,255,None,Move,browsing
1573650660.221,119,250,None,Move,browsing
1573650660.231,119,250,None,Move,browsing
1573650660.238,119,248,None,Move,browsing
1573650660.246,119,246,None,Move,browsing
1573650660.256,119,245,None,Move,browsing
1573650660.262,119,244,None,Move,browsing
1573650660.276,119,243,None,Move,browsing
1573650660.286,119,243,None,Move,browsing
1573650660.296,119,242,None,Move,browsing
1573650660.321,119,241,None,Move,browsing
1573650660.3279998,119,240,None,Move,browsing
1573650660.341,119,240,None,Move,browsing
1573650660.357,119,239,None,Move,browsing
1573650660.3779998,119,239,None,Move,browsing
1573650660.3979998,119,238,None,Move,browsing
1573650660.915,119,238,Left,Pressed,browsing
1573650661.021,119,238,Left,Released,browsing
1573650661.15,121,238,None,Move,browsing
1573650661.16,122,238,None,Move,browsing
1573650661.167,123,238,None,Move,browsing
1573650661.174,124,238,None,Move,browsing
1573650661.181,127,238,None,Move,browsing
1573650661.191,130,238,None,Move,browsing
1573650661.204,133,238,None,Move,browsing
1573650661.214,143,238,None,Move,browsing
1573650661.221,153,238,None,Move,browsing
1573650661.229,160,238,None,Move,browsing
1573650661.235,165,239,None,Move,browsing
1573650661.245,183,239,None,Move,browsing
1573650661.2529998,188,239,None,Move,browsing
1573650661.2589998,208,239,None,Move,browsing
1573650661.269,220,239,None,Move,browsing
1573650661.276,223,239,None,Move,browsing
1573650661.285,239,239,None,Move,browsing
1573650661.305,261,239,None,Move,browsing
1573650661.312,271,239,None,Move,browsing
1573650661.322,274,239,None,Move,browsing
1573650661.329,285,239,None,Move,browsing
1573650661.3379998,288,239,None,Move,browsing
1573650661.344,297,239,None,Move,browsing
1573650661.3520002,303,239,None,Move,browsing
1573650661.36,306,239,None,Move,browsing
1573650661.367,315,240,None,Move,browsing
1573650661.375,318,240,None,Move,browsing
1573650661.3820002,330,241,None,Move,browsing
1573650661.3920002,336,242,None,Move,browsing
1573650661.3979998,338,243,None,Move,browsing
1573650661.406,344,243,None,Move,browsing
1573650661.413,347,244,None,Move,browsing
1573650661.4220002,350,244,None,Move,browsing
1573650661.4320002,353,244,None,Move,browsing
1573650661.441,353,244,None,Move,browsing
1573650661.447,357,244,None,Move,browsing
1573650661.455,358,244,None,Move,browsing
1573650661.462,362,244,None,Move,browsing
1573650661.472,366,244,None,Move,browsing
1573650661.479,367,244,None,Move,browsing
1573650661.488,373,244,None,Move,browsing
1573650661.495,376,244,None,Move,browsing
1573650661.502,382,244,None,Move,browsing
1573650661.512,385,244,None,Move,browsing
1573650661.52,386,244,None,Move,browsing
1573650661.528,391,244,None,Move,browsing
1573650661.534,392,244,None,Move,browsing
1573650661.542,393,244,None,Move,browsing
1573650661.5670002,393,244,None,Move,browsing
1573650661.583,394,244,None,Move,browsing
1573650661.593,395,244,None,Move,browsing
1573650661.613,395,244,None,Move,browsing
1573650661.623,396,244,None,Move,browsing
1573650661.637,396,244,None,Move,browsing
1573650661.647,397,244,None,Move,browsing
1573650661.663,397,244,None,Move,browsing
1573650661.673,398,244,None,Move,browsing
1573650661.6829998,399,244,None,Move,browsing
1573650661.694,400,244,None,Move,browsing
1573650661.7029998,402,245,None,Move,browsing
1573650661.714,403,248,None,Move,browsing
1573650661.724,403,248,None,Move,browsing
1573650661.744,402,249,None,Move,browsing
1573650662.188,402,249,None,Move,browsing
1573650662.198,401,249,None,Move,browsing
1573650662.206,397,247,None,Move,browsing
1573650662.216,394,247,None,Move,browsing
1573650662.228,388,241,None,Move,browsing
1573650662.238,387,240,None,Move,browsing
1573650662.258,386,240,None,Move,browsing
1573650662.268,386,239,None,Move,browsing
1573650662.28,385,239,None,Move,browsing
1573650662.29,385,239,None,Move,browsing
1573650662.334,385,239,None,Move,browsing
1573650662.34,385,240,None,Move,browsing
1573650662.35,385,241,None,Move,browsing
1573650662.363,385,242,None,Move,browsing
1573650662.3739998,385,242,None,Move,browsing
1573650662.38,385,243,None,Move,browsing
1573650662.39,386,246,None,Move,browsing
1573650662.406,386,247,None,Move,browsing
1573650662.416,386,247,None,Move,browsing
1573650662.426,386,248,None,Move,browsing
1573650662.502,387,249,None,Move,browsing
1573650662.526,388,249,None,Move,browsing
1573650662.542,389,249,None,Move,browsing
1573650662.552,390,249,None,Move,browsing
1573650662.562,391,250,None,Move,browsing
1573650662.57,392,250,None,Move,browsing
1573650662.577,393,251,None,Move,browsing
1573650662.583,393,251,None,Move,browsing
1573650662.592,395,251,None,Move,browsing
1573650662.5979998,395,251,None,Move,browsing
1573650662.6079998,397,251,None,Move,browsing
1573650662.6139998,398,251,None,Move,browsing
1573650662.6239998,402,251,None,Move,browsing
1573650662.6339998,405,251,None,Move,browsing
1573650662.64,406,251,None,Move,browsing
1573650662.6479998,411,251,None,Move,browsing
1573650662.654,413,251,None,Move,browsing
1573650662.664,418,251,None,Move,browsing
1573650662.673,422,251,None,Move,browsing
1573650662.679,423,251,None,Move,browsing
1573650662.688,429,251,None,Move,browsing
1573650662.694,430,251,None,Move,browsing
1573650662.704,435,251,None,Move,browsing
1573650662.714,437,251,None,Move,browsing
1573650662.72,438,251,None,Move,browsing
1573650662.728,440,251,None,Move,browsing
1573650662.7329998,441,251,None,Move,browsing
1573650662.744,443,251,None,Move,browsing
1573650662.754,444,251,None,Move,browsing
1573650662.762,444,251,None,Move,browsing
1573650662.77,448,251,None,Move,browsing
1573650662.78,451,251,None,Move,browsing
1573650662.786,453,251,None,Move,browsing
1573650662.794,456,249,None,Move,browsing
1573650662.8,458,248,None,Move,browsing
1573650662.81,464,243,None,Move,browsing
1573650662.815,465,242,None,Move,browsing
1573650662.824,468,239,None,Move,browsing
1573650662.834,469,236,None,Move,browsing
1573650662.84,469,234,None,Move,browsing
1573650662.85,469,230,None,Move,browsing
1573650662.856,469,229,None,Move,browsing
1573650662.8660002,469,228,None,Move,browsing
1573650662.8760002,469,226,None,Move,browsing
1573650662.8820002,469,225,None,Move,browsing
1573650662.89,467,222,None,Move,browsing
1573650662.895,466,221,None,Move,browsing
1573650662.906,458,216,None,Move,browsing
1573650662.916,450,211,None,Move,browsing
1573650662.9220002,447,210,None,Move,browsing
1573650662.93,430,200,None,Move,browsing
1573650662.936,424,199,None,Move,browsing
1573650662.946,406,192,None,Move,browsing
1573650662.956,400,190,None,Move,browsing
1573650662.962,398,190,None,Move,browsing
1573650662.972,396,189,None,Move,browsing
1573650662.979,395,189,None,Move,browsing
1573650662.9870002,393,187,None,Move,browsing
1573650662.996,390,187,None,Move,browsing
1573650663.004,390,186,None,Move,browsing
1573650663.012,389,186,None,Move,browsing
1573650663.022,389,185,None,Move,browsing
1573650663.032,388,184,None,Move,browsing
1573650663.076,388,184,None,Move,browsing
1573650663.0879998,386,184,None,Move,browsing
1573650663.1,385,184,None,Move,browsing
1573650663.1139998,383,184,None,Move,browsing
1573650663.127,379,188,None,Move,browsing
1573650663.139,376,189,None,Move,browsing
1573650663.1479998,374,189,None,Move,browsing
1573650663.158,373,189,None,Move,browsing
1573650663.168,371,189,None,Move,browsing
1573650663.186,370,189,None,Move,browsing
1573650663.194,368,189,None,Move,browsing
1573650663.201,368,189,None,Move,browsing
1573650663.208,367,189,None,Move,browsing
1573650663.224,366,189,None,Move,browsing
1573650663.23,365,189,None,Move,browsing
1573650663.238,364,189,None,Move,browsing
1573650663.248,362,188,None,Move,browsing
1573650663.254,362,188,None,Move,browsing
1573650663.264,360,188,None,Move,browsing
1573650663.27,358,186,None,Move,browsing
1573650663.278,358,186,None,Move,browsing
1573650663.284,357,186,None,Move,browsing
1573650663.294,356,186,None,Move,browsing
1573650663.324,355,185,None,Move,browsing
1573650663.33,355,185,Left,Pressed,browsing
1573650663.415,355,185,Left,Released,browsing
1573650663.485,355,185,None,Move,browsing
1573650663.495,355,187,None,Move,browsing
1573650663.5029998,355,188,None,Move,browsing
1573650663.51,355,190,None,Move,browsing
1573650663.522,355,190,None,Move,browsing
1573650663.53,356,191,None,Move,browsing
1573650663.538,357,192,None,Move,browsing
1573650663.546,358,193,None,Move,browsing
1573650663.553,358,193,None,Move,browsing
1573650663.561,359,193,None,Move,browsing
1573650663.569,360,194,None,Move,browsing
1573650663.5779998,362,195,None,Move,browsing
1573650663.5879998,364,196,None,Move,browsing
1573650663.596,368,197,None,Move,browsing
1573650663.603,375,202,None,Move,browsing
1573650663.61,377,202,None,Move,browsing
1573650663.6160002,387,206,None,Move,browsing
1573650663.6260002,393,210,None,Move,browsing
1573650663.6339998,396,212,None,Move,browsing
1573650663.6420002,409,219,None,Move,browsing
1573650663.651,411,219,None,Move,browsing
1573650663.66,421,221,None,Move,browsing
1573650663.67,426,224,None,Move,browsing
1573650663.678,427,225,None,Move,browsing
1573650663.686,436,229,None,Move,browsing
1573650663.6929998,437,229,None,Move,browsing
1573650663.701,443,231,None,Move,browsing
1573650663.709,447,232,None,Move,browsing
1573650663.717,448,232,None,Move,browsing
1573650663.725,454,235,None,Move,browsing
1573650663.734,456,235,None,Move,browsing
1573650663.742,459,237,None,Move,browsing
1573650663.75,463,238,None,Move,browsing
1573650663.7570002,464,239,None,Move,browsing
1573650663.764,468,241,None,Move,browsing
1573650663.7729998,468,242,None,Move,browsing
1573650663.78,471,242,None,Move,browsing
1573650663.7870002,472,243,None,Move,browsing
1573650663.798,472,243,None,Move,browsing
1573650663.8070002,473,243,None,Move,browsing
1573650663.813,475,243,None,Move,browsing
1573650663.819,475,244,None,Move,browsing
1573650663.8279998,477,245,None,Move,browsing
1573650663.834,478,245,None,Move,browsing
1573650663.842,482,248,None,Move,browsing
1573650663.8479998,484,249,None,Move,browsing
1573650663.8579998,492,253,None,Move,browsing
1573650663.8679998,500,257,None,Move,browsing
1573650663.8739998,502,258,None,Move,browsing
1573650663.8839998,513,265,None,Move,browsing
1573650663.89,515,265,None,Move,browsing
1573650663.8979998,527,269,None,Move,browsing
1573650663.908,536,273,None,Move,browsing
1573650663.914,540,275,None,Move,browsing
1573650663.924,558,279,None,Move,browsing
1573650663.9320002,561,279,None,Move,browsing
1573650663.94,579,287,None,Move,browsing
1573650663.948,588,289,None,Move,browsing
1573650663.954,593,293,None,Move,browsing
1573650663.964,613,298,None,Move,browsing
1573650663.97,618,299,None,Move,browsing
1573650663.98,640,306,None,Move,browsing
1573650663.986,646,307,None,Move,browsing
1573650663.994,669,313,None,Move,browsing
1573650664.006,680,316,None,Move,browsing
1573650664.012,684,317,None,Move,browsing
1573650664.02,707,319,None,Move,browsing
1573650664.026,711,320,None,Move,browsing
1573650664.036,724,323,None,Move,browsing
1573650664.046,734,325,None,Move,browsing
1573650664.052,739,326,None,Move,browsing
1573650664.06,756,328,None,Move,browsing
1573650664.066,760,329,None,Move,browsing
1573650664.076,775,331,None,Move,browsing
1573650664.086,786,332,None,Move,browsing
1573650664.092,790,332,None,Move,browsing
1573650664.1,807,336,None,Move,browsing
1573650664.107,811,336,None,Move,browsing
1573650664.1160002,826,337,None,Move,browsing
1573650664.1260002,834,337,None,Move,browsing
1573650664.1320002,837,337,None,Move,browsing
1573650664.1420002,849,337,None,Move,browsing
1573650664.147,851,337,None,Move,browsing
1573650664.156,859,337,None,Move,browsing
1573650664.166,863,337,None,Move,browsing
1573650664.1720002,864,337,None,Move,browsing
1573650664.181,866,337,None,Move,browsing
1573650664.188,866,337,None,Move,browsing
1573650664.222,867,337,None,Move,browsing
1573650664.229,867,337,None,Move,browsing
1573650664.238,864,331,None,Move,browsing
1573650664.2470002,858,326,None,Move,browsing
1573650664.254,855,324,None,Move,browsing
1573650664.262,845,316,None,Move,browsing
1573650664.269,842,314,None,Move,browsing
1573650664.278,832,310,None,Move,browsing
1573650664.288,827,307,None,Move,browsing
1573650664.295,823,306,None,Move,browsing
1573650664.302,810,300,None,Move,browsing
1573650664.3079998,805,299,None,Move,browsing
1573650664.3179998,789,296,None,Move,browsing
1573650664.3279998,780,294,None,Move,browsing
1573650664.334,777,294,None,Move,browsing
1573650664.342,758,290,None,Move,browsing
1573650664.3479998,754,289,None,Move,browsing
1573650664.3579998,733,288,None,Move,browsing
1573650664.3639998,729,287,None,Move,browsing
1573650664.3739998,710,286,None,Move,browsing
1573650664.3839998,698,285,None,Move,browsing
1573650664.39,693,284,None,Move,browsing
1573650664.4,674,281,None,Move,browsing
1573650664.406,668,281,None,Move,browsing
1573650664.414,643,275,None,Move,browsing
1573650664.424,624,271,None,Move,browsing
1573650664.43,618,270,None,Move,browsing
1573650664.44,593,269,None,Move,browsing
1573650664.446,588,269,None,Move,browsing
1573650664.456,570,269,None,Move,browsing
1573650664.462,567,269,None,Move,browsing
1573650664.472,559,269,None,Move,browsing
1573650664.478,557,270,None,Move,browsing
1573650664.488,545,273,None,Move,browsing
1573650664.498,541,275,None,Move,browsing
1573650664.5029998,538,276,None,Move,browsing
1573650664.514,529,280,None,Move,browsing
1573650664.52,528,280,None,Move,browsing
1573650664.528,519,283,None,Move,browsing
1573650664.534,519,283,None,Move,browsing
1573650664.544,514,287,None,Move,browsing
1573650664.554,512,289,None,Move,browsing
1573650664.56,511,289,None,Move,browsing
1573650664.5679998,508,294,None,Move,browsing
1573650664.574,508,295,None,Move,browsing
1573650664.586,507,300,None,Move,browsing
1573650664.592,506,302,None,Move,browsing
1573650664.6,506,307,None,Move,browsing
1573650664.61,506,310,None,Move,browsing
1573650664.6160002,506,310,None,Move,browsing
1573650664.6260002,506,313,None,Move,browsing
1573650664.6320002,508,314,None,Move,browsing
1573650664.64,511,316,None,Move,browsing
1573650664.65,511,316,None,Move,browsing
1573650664.656,512,317,None,Move,browsing
1573650664.666,513,317,None,Move,browsing
1573650664.695,514,318,None,Move,browsing
1573650664.706,515,319,None,Move,browsing
1573650664.712,517,321,None,Move,browsing
1573650664.722,526,327,None,Move,browsing
1573650664.732,531,331,None,Move,browsing
1573650664.738,533,333,None,Move,browsing
1573650664.746,549,342,None,Move,browsing
1573650664.752,553,344,None,Move,browsing
1573650664.762,577,352,None,Move,browsing
1573650664.772,590,356,None,Move,browsing
1573650664.7770002,593,357,None,Move,browsing
1573650664.786,614,360,None,Move,browsing
1573650664.792,620,361,None,Move,browsing
1573650664.802,635,363,None,Move,browsing
1573650664.812,643,364,None,Move,browsing
1573650664.8179998,646,364,None,Move,browsing
1573650664.8279998,657,368,None,Move,browsing
1573650664.834,659,368,None,Move,browsing
1573650664.842,670,371,None,Move,browsing
1573650664.8520002,675,373,None,Move,browsing
1573650664.8579998,677,373,None,Move,browsing
1573650664.8679998,689,377,None,Move,browsing
1573650664.8739998,694,377,None,Move,browsing
1573650664.881,707,381,None,Move,browsing
1573650664.8920002,714,385,None,Move,browsing
1573650664.8979998,720,386,None,Move,browsing
1573650664.908,732,388,None,Move,browsing
1573650664.914,734,389,None,Move,browsing
1573650664.924,746,391,None,Move,browsing
1573650664.934,755,393,None,Move,browsing
1573650664.9420002,759,394,None,Move,browsing
1573650664.948,776,396,None,Move,browsing
1573650664.954,780,396,None,Move,browsing
1573650664.964,796,397,None,Move,browsing
1573650664.9729998,804,397,None,Move,browsing
1573650664.98,807,397,None,Move,browsing
1573650664.988,818,397,None,Move,browsing
1573650664.994,821,397,None,Move,browsing
1573650665.004,831,397,None,Move,browsing
1573650665.014,839,398,None,Move,browsing
1573650665.02,843,398,None,Move,browsing
1573650665.028,858,399,None,Move,browsing
1573650665.034,864,400,None,Move,browsing
1573650665.043,886,400,None,Move,browsing
1573650665.054,900,400,None,Move,browsing
1573650665.06,907,400,None,Move,browsing
1573650665.07,937,400,None,Move,browsing
1573650665.076,943,400,None,Move,browsing
1573650665.086,973,400,None,Move,browsing
1573650665.092,979,400,None,Move,browsing
1573650665.1020002,1010,403,None,Move,browsing
1573650665.107,1018,404,None,Move,browsing
1573650665.1179998,1057,411,None,Move,browsing
1573650665.1239998,1065,412,None,Move,browsing
1573650665.1320002,1108,420,None,Move,browsing
1573650665.1420002,1134,421,None,Move,browsing
1573650665.1479998,1165,424,None,Move,browsing
1573650665.16,1194,431,None,Move,browsing
1573650665.166,1203,432,None,Move,browsing
1573650665.174,1243,440,None,Move,browsing
1573650665.18,1251,441,None,Move,browsing
1573650665.19,1286,445,None,Move,browsing
1573650665.2,1309,448,None,Move,browsing
1573650665.206,1316,449,None,Move,browsing
1573650665.216,1346,451,None,Move,browsing
1573650665.222,1351,451,None,Move,browsing
1573650665.229,1368,451,None,Move,browsing
1573650665.24,1371,451,None,Move,browsing
1573650665.246,1367,451,None,Move,browsing
1573650665.254,1371,451,None,Move,browsing
1573650665.295,1365,452,None,Move,browsing
1573650665.326,1364,454,None,Move,browsing
1573650665.335,1362,455,None,Move,browsing
1573650665.343,1361,455,None,Move,browsing
1573650665.3520002,1357,455,None,Move,browsing
1573650665.36,1351,455,None,Move,browsing
1573650665.3660002,1349,455,None,Move,browsing
1573650665.3760002,1343,456,None,Move,browsing
1573650665.383,1342,457,None,Move,browsing
1573650665.3920002,1332,458,None,Move,browsing
1573650665.4020002,1328,459,None,Move,browsing
1573650665.408,1324,459,None,Move,browsing
1573650665.416,1316,459,None,Move,browsing
1573650665.4220002,1313,459,None,Move,browsing
1573650665.4320002,1302,459,None,Move,browsing
1573650665.4420002,1290,459,None,Move,browsing
1573650665.449,1285,459,None,Move,browsing
1573650665.456,1267,459,None,Move,browsing
1573650665.462,1265,459,None,Move,browsing
1573650665.472,1251,459,None,Move,browsing
1573650665.482,1241,459,None,Move,browsing
1573650665.488,1232,459,None,Move,browsing
1573650665.498,1224,459,None,Move,browsing
1573650665.505,1220,459,None,Move,browsing
1573650665.514,1207,459,None,Move,browsing
1573650665.52,1204,459,None,Move,browsing
1573650665.528,1192,459,None,Move,browsing
1573650665.538,1185,459,None,Move,browsing
1573650665.544,1182,459,None,Move,browsing
1573650665.554,1175,459,None,Move,browsing
1573650665.5670002,1173,459,None,Move,browsing
1573650665.573,1168,459,None,Move,browsing
1573650665.579,1166,459,None,Move,browsing
1573650665.585,1163,459,None,Move,browsing
1573650665.594,1161,459,None,Move,browsing
1573650665.6,1160,459,None,Move,browsing
1573650665.6079998,1158,461,None,Move,browsing
1573650665.619,1157,461,None,Move,browsing
1573650665.6260002,1157,461,None,Move,browsing
1573650665.6339998,1156,462,None,Move,browsing
1573650665.64,1155,462,None,Move,browsing
1573650665.65,1154,462,None,Move,browsing
1573650665.664,1153,462,None,Move,browsing
1573650665.674,1152,463,None,Move,browsing
1573650665.684,1152,463,None,Move,browsing
1573650665.69,1152,464,None,Move,browsing
1573650665.7,1152,464,None,Move,browsing
1573650665.71,1152,465,None,Move,browsing
1573650665.717,1152,466,None,Move,browsing
1573650665.795,1152,467,None,Move,browsing
1573650665.81,1151,467,None,Move,browsing
1573650665.8520002,1151,468,None,Move,browsing
1573650665.965,1151,468,Left,Pressed,browsing
1573650665.965,1151,468,None,Drag,browsing
1573650665.965,1151,468,Left,Released,browsing
1573650665.998,1158,475,None,Move,browsing
1573650666.004,1159,475,None,Move,browsing
1573650666.014,1166,477,None,Move,browsing
1573650666.021,1169,477,None,Move,browsing
1573650666.028,1177,478,None,Move,browsing
1573650666.038,1184,478,None,Move,browsing
1573650666.046,1186,478,None,Move,browsing
1573650666.054,1194,478,None,Move,browsing
1573650666.061,1197,478,None,Move,browsing
1573650666.0679998,1208,478,None,Move,browsing
1573650666.08,1216,478,None,Move,browsing
1573650666.086,1218,478,None,Move,browsing
1573650666.094,1224,478,None,Move,browsing
1573650666.1,1227,478,None,Move,browsing
1573650666.11,1231,478,None,Move,browsing
1573650666.1160002,1233,477,None,Move,browsing
1573650666.1279998,1235,477,None,Move,browsing
1573650666.1339998,1235,476,None,Move,browsing
1573650666.1420002,1236,476,None,Move,browsing
1573650666.238,1236,475,Left,Pressed,browsing
1573650666.238,1236,475,None,Drag,browsing
1573650666.248,1236,475,None,Drag,browsing
1573650666.2570002,1236,475,None,Drag,browsing
1573650666.265,1235,475,None,Drag,browsing
1573650666.265,1235,475,Left,Released,browsing
1573650666.279,1234,475,None,Move,browsing
1573650666.286,1232,475,None,Move,browsing
1573650666.294,1228,475,None,Move,browsing
1573650666.304,1225,475,None,Move,browsing
1573650666.311,1225,475,None,Move,browsing
1573650666.32,1219,475,None,Move,browsing
1573650666.326,1218,476,None,Move,browsing
1573650666.335,1210,476,None,Move,browsing
1573650666.345,1207,477,None,Move,browsing
1573650666.353,1204,477,None,Move,browsing
1573650666.359,1196,478,None,Move,browsing
1573650666.3660002,1194,478,None,Move,browsing
1573650666.3760002,1181,478,None,Move,browsing
1573650666.385,1174,479,None,Move,browsing
1573650666.3920002,1171,479,None,Move,browsing
1573650666.401,1158,482,None,Move,browsing
1573650666.408,1155,482,None,Move,browsing
1573650666.415,1143,482,None,Move,browsing
1573650666.421,1140,482,None,Move,browsing
1573650666.431,1122,482,None,Move,browsing
1573650666.4420002,1110,482,None,Move,browsing
1573650666.448,1106,482,None,Move,browsing
1573650666.458,1084,482,None,Move,browsing
1573650666.465,1078,482,None,Move,browsing
1573650666.472,1058,482,None,Move,browsing
1573650666.482,1045,482,None,Move,browsing
1573650666.488,1037,482,None,Move,browsing
1573650666.498,1004,485,None,Move,browsing
1573650666.504,996,485,None,Move,browsing
1573650666.512,956,490,None,Move,browsing
1573650666.522,924,497,None,Move,browsing
1573650666.528,913,498,None,Move,browsing
1573650666.538,874,503,None,Move,browsing
1573650666.544,865,503,None,Move,browsing
1573650666.554,823,503,None,Move,browsing
1573650666.564,798,503,None,Move,browsing
1573650666.57,790,503,None,Move,browsing
1573650666.577,753,499,None,Move,browsing
1573650666.584,746,498,None,Move,browsing
1573650666.594,716,494,None,Move,browsing
1573650666.604,705,492,None,Move,browsing
1573650666.61,700,492,None,Move,browsing
1573650666.6179998,684,485,None,Move,browsing
1573650666.6239998,683,485,None,Move,browsing
1573650666.6339998,669,478,None,Move,browsing
1573650666.643,663,472,None,Move,browsing
1573650666.649,660,468,None,Move,browsing
1573650666.66,648,458,None,Move,browsing
1573650666.666,645,454,None,Move,browsing
1573650666.674,634,442,None,Move,browsing
1573650666.684,630,435,None,Move,browsing
1573650666.69,628,433,None,Move,browsing
1573650666.7,626,428,None,Move,browsing
1573650666.706,625,426,None,Move,browsing
1573650666.718,620,420,None,Move,browsing
1573650666.724,617,417,None,Move,browsing
1573650666.732,613,413,None,Move,browsing
1573650666.738,612,412,None,Move,browsing
1573650666.748,607,409,None,Move,browsing
1573650666.754,604,408,None,Move,browsing
1573650666.764,597,405,None,Move,browsing
1573650666.774,596,405,None,Move,browsing
1573650666.78,595,404,None,Move,browsing
1573650666.788,594,404,None,Move,browsing
1573650666.798,593,403,None,Move,browsing
1573650666.8079998,593,402,None,Move,browsing
1573650666.814,592,402,None,Move,browsing
1573650666.82,591,401,None,Move,browsing
1573650666.8279998,589,400,None,Move,browsing
1573650666.834,589,399,None,Move,browsing
1573650666.844,584,396,None,Move,browsing
1573650666.854,581,392,None,Move,browsing
1573650666.86,579,390,None,Move,browsing
1573650666.8679998,570,386,None,Move,browsing
1573650666.8739998,568,384,None,Move,browsing
1573650666.8839998,559,381,None,Move,browsing
1573650666.894,555,380,None,Move,browsing
1573650666.9,553,380,None,Move,browsing
1573650666.909,548,378,None,Move,browsing
1573650666.915,545,378,None,Move,browsing
1573650666.923,542,378,None,Move,browsing
1573650666.9329998,540,378,None,Move,browsing
1573650666.94,539,378,None,Move,browsing
1573650666.95,537,377,None,Move,browsing
1573650666.955,536,377,None,Move,browsing
1573650666.9629998,532,377,None,Move,browsing
1573650666.974,530,376,None,Move,browsing
1573650666.98,530,376,None,Move,browsing
1573650666.99,524,375,None,Move,browsing
1573650666.996,524,375,None,Move,browsing
1573650667.006,520,373,None,Move,browsing
1573650667.016,517,373,None,Move,browsing
1573650667.022,516,373,None,Move,browsing
1573650667.03,511,370,None,Move,browsing
1573650667.036,509,370,None,Move,browsing
1573650667.046,505,369,None,Move,browsing
1573650667.056,501,368,None,Move,browsing
1573650667.062,499,368,None,Move,browsing
1573650667.07,491,366,None,Move,browsing
1573650667.076,489,365,None,Move,browsing
1573650667.086,479,361,None,Move,browsing
1573650667.096,475,360,None,Move,browsing
1573650667.1020002,473,360,None,Move,browsing
1573650667.11,468,358,None,Move,browsing
1573650667.1160002,467,357,None,Move,browsing
1573650667.1260002,463,356,None,Move,browsing
1573650667.1360002,460,354,None,Move,browsing
1573650667.1420002,458,353,None,Move,browsing
1573650667.1520002,454,352,None,Move,browsing
1573650667.158,452,352,None,Move,browsing
1573650667.166,449,351,None,Move,browsing
1573650667.176,448,350,None,Move,browsing
1573650667.1820002,448,349,None,Move,browsing
1573650667.1920002,447,349,None,Move,browsing
1573650667.212,447,348,None,Move,browsing
1573650667.232,447,347,None,Move,browsing
1573650667.252,447,347,None,Move,browsing
1573650667.264,447,346,None,Move,browsing
1573650667.486,447,346,None,Move,browsing
1573650667.502,447,346,None,Move,browsing
1573650667.518,447,346,None,Move,browsing
1573650667.533,448,346,None,Move,browsing
1573650667.553,449,346,None,Move,browsing
1573650667.559,451,346,None,Move,browsing
1573650667.565,452,346,None,Move,browsing
1573650667.572,454,346,None,Move,browsing
1573650667.579,455,346,None,Move,browsing
1573650667.586,458,346,None,Move,browsing
1573650667.596,459,346,None,Move,browsing
1573650667.606,460,346,None,Move,browsing
1573650667.6720002,460,346,None,Move,browsing
1573650667.6820002,461,346,None,Move,browsing
1573650667.6920002,464,348,None,Move,browsing
1573650667.698,464,350,None,Move,browsing
1573650667.712,468,353,None,Move,browsing
1573650667.732,468,354,None,Move,browsing
1573650667.748,470,354,None,Move,browsing
1573650667.758,470,354,None,Move,browsing
1573650667.768,471,354,None,Move,browsing
1573650667.7770002,472,356,None,Move,browsing
1573650667.8679998,473,356,None,Move,browsing
1573650667.8820002,474,357,None,Move,browsing
1573650667.901,475,357,None,Move,browsing
1573650667.91,475,357,None,Move,browsing
1573650667.964,476,358,None,Move,browsing
1573650667.975,476,358,None,Move,browsing
1573650667.99,477,359,None,Move,browsing
1573650668.01,478,362,None,Move,browsing
1573650668.024,478,363,None,Move,browsing
1573650668.0370002,478,363,None,Move,browsing
1573650668.0470002,478,364,None,Move,browsing
1573650668.053,478,365,None,Move,browsing
1573650668.066,478,366,None,Move,browsing
1573650668.11,478,367,None,Move,browsing
1573650668.12,478,367,None,Move,browsing
1573650668.1360002,478,368,None,Move,browsing
1573650668.1479998,478,369,None,Move,browsing
1573650668.196,478,369,None,Move,browsing
1573650668.254,478,370,None,Move,browsing
1573650668.274,478,370,None,Move,browsing
1573650668.299,478,373,None,Move,browsing
1573650668.311,478,373,None,Move,browsing
1573650668.322,478,374,None,Move,browsing
1573650668.332,478,374,None,Move,browsing
1573650668.3379998,478,375,None,Move,browsing
1573650668.3520002,478,376,None,Move,browsing
1573650668.3620002,478,377,None,Move,browsing
1573650668.3720002,478,378,None,Move,browsing
1573650668.383,478,379,None,Move,browsing
1573650668.394,478,380,None,Move,browsing
1573650668.404,478,380,None,Move,browsing
1573650668.41,478,381,None,Move,browsing
1573650668.418,478,381,None,Move,browsing
1573650668.423,478,383,None,Move,browsing
1573650668.434,478,384,None,Move,browsing
1573650668.44,478,385,None,Move,browsing
1573650668.452,478,387,None,Move,browsing
1573650668.461,478,387,None,Move,browsing
1573650668.471,478,388,None,Move,browsing
1573650668.481,478,390,None,Move,browsing
1573650668.488,478,390,None,Move,browsing
1573650668.498,478,391,None,Move,browsing
1573650668.508,478,392,None,Move,browsing
1573650668.514,478,394,None,Move,browsing
1573650668.524,478,394,None,Move,browsing
1573650668.53,478,395,None,Move,browsing
1573650668.538,478,396,None,Move,browsing
1573650668.548,478,397,None,Move,browsing
1573650668.5579998,477,401,None,Move,browsing
1573650668.574,477,402,None,Move,browsing
1573650668.581,477,402,None,Move,browsing
1573650668.589,477,403,None,Move,browsing
1573650668.595,477,404,None,Move,browsing
1573650668.604,477,404,None,Move,browsing
1573650668.61,477,405,None,Move,browsing
1573650668.62,477,407,None,Move,browsing
1573650668.64,477,408,None,Move,browsing
1573650668.66,477,408,None,Move,browsing
1573650668.68,476,409,None,Move,browsing
1573650669.4929998,476,409,None,Move,browsing
1573650669.508,477,409,None,Move,browsing
1573650669.521,478,407,None,Move,browsing
1573650669.531,481,404,None,Move,browsing
1573650669.538,481,404,None,Move,browsing
1573650669.548,483,402,None,Move,browsing
1573650669.556,485,398,None,Move,browsing
1573650669.563,491,388,None,Move,browsing
1573650669.572,494,384,None,Move,browsing
1573650669.581,496,381,None,Move,browsing
1573650669.589,498,376,None,Move,browsing
1573650669.595,499,374,None,Move,browsing
1573650669.6020002,501,372,None,Move,browsing
1573650669.611,502,369,None,Move,browsing
1573650669.6220002,503,366,None,Move,browsing
1573650669.637,504,365,None,Move,browsing
1573650669.643,504,364,None,Move,browsing
1573650669.654,505,364,None,Move,browsing
1573650669.708,505,363,None,Move,browsing
1573650669.904,505,363,None,Move,browsing
1573650669.919,506,360,None,Move,browsing
1573650669.951,508,360,None,Move,browsing
1573650669.961,510,358,None,Move,browsing
1573650669.97,510,358,None,Move,browsing
1573650669.98,511,357,None,Move,browsing
1573650669.99,513,355,None,Move,browsing
1573650670.042,513,355,None,Move,browsing
1573650670.054,515,354,None,Move,browsing
1573650670.076,515,354,None,Move,browsing
1573650670.0879998,516,353,None,Move,browsing
1573650670.1179998,516,353,None,Move,browsing
1573650670.254,517,353,Left,Pressed,browsing
1573650670.254,517,353,None,Drag,browsing
1573650670.264,518,351,None,Drag,browsing
1573650670.278,519,351,None,Drag,browsing
1573650670.2870002,522,351,None,Drag,browsing
1573650670.295,524,351,None,Drag,browsing
1573650670.305,535,351,None,Drag,browsing
1573650670.313,544,351,None,Drag,browsing
1573650670.322,549,351,None,Drag,browsing
1573650670.33,567,351,None,Drag,browsing
1573650670.3379998,571,351,None,Drag,browsing
1573650670.344,603,351,None,Drag,browsing
1573650670.354,625,353,None,Drag,browsing
1573650670.361,633,353,None,Drag,browsing
1573650670.37,672,354,None,Drag,browsing
1573650670.3779998,679,354,None,Drag,browsing
1573650670.3839998,721,356,None,Drag,browsing
1573650670.394,743,356,None,Drag,browsing
1573650670.4,751,356,None,Drag,browsing
1573650670.41,784,360,None,Drag,browsing
1573650670.416,790,361,None,Drag,browsing
1573650670.424,817,365,None,Drag,browsing
1573650670.434,830,369,None,Drag,browsing
1573650670.4420002,834,371,None,Drag,browsing
1573650670.45,852,376,None,Drag,browsing
1573650670.457,853,376,None,Drag,browsing
1573650670.466,861,378,None,Drag,browsing
1573650670.478,864,379,None,Drag,browsing
1573650670.486,864,379,None,Drag,browsing
1573650670.4929998,865,379,None,Drag,browsing
1573650670.516,865,379,None,Drag,browsing
1573650670.516,865,379,Left,Released,browsing
1573650670.666,865,379,None,Move,browsing
1573650670.677,865,379,None,Move,browsing
1573650670.687,863,379,None,Move,browsing
1573650670.697,861,379,None,Move,browsing
1573650670.704,861,379,None,Move,browsing
1573650670.711,857,379,None,Move,browsing
1573650670.718,856,379,None,Move,browsing
1573650670.725,849,378,None,Move,browsing
1573650670.734,844,378,None,Move,browsing
1573650670.7410002,843,378,None,Move,browsing
1573650670.748,831,376,None,Move,browsing
1573650670.755,829,375,None,Move,browsing
1573650670.764,817,371,None,Move,browsing
1573650670.774,807,368,None,Move,browsing
1573650670.781,801,366,None,Move,browsing
1573650670.788,785,360,None,Move,browsing
1573650670.794,781,360,None,Move,browsing
1573650670.802,773,357,None,Move,browsing
1573650670.812,755,350,None,Move,browsing
1573650670.822,748,348,None,Move,browsing
1573650670.8279998,737,345,None,Move,browsing
1573650670.8379998,727,341,None,Move,browsing
1573650670.844,721,339,None,Move,browsing
1573650670.854,703,329,None,Move,browsing
1573650670.861,699,328,None,Move,browsing
1573650670.869,666,315,None,Move,browsing
1573650670.8779998,643,304,None,Move,browsing
1573650670.885,635,301,None,Move,browsing
1573650670.894,593,288,None,Move,browsing
1573650670.9,584,286,None,Move,browsing
1573650670.91,544,278,None,Move,browsing
1573650670.916,536,277,None,Move,browsing
1573650670.926,506,274,None,Move,browsing
1573650670.9320002,500,273,None,Move,browsing
1573650670.9420002,480,272,None,Move,browsing
1573650670.959,467,270,None,Move,browsing
1573650670.965,461,268,None,Move,browsing
1573650670.972,460,268,None,Move,browsing
1573650670.982,457,267,None,Move,browsing
1573650670.992,454,267,None,Move,browsing
1573650670.998,452,266,None,Move,browsing
1573650671.006,451,265,None,Move,browsing
1573650671.012,450,265,None,Move,browsing
1573650671.021,449,265,None,Move,browsing
1573650671.034,448,264,None,Move,browsing
1573650671.11,447,264,None,Move,browsing
1573650671.1260002,447,265,None,Move,browsing
1573650671.147,446,267,None,Move,browsing
1573650671.166,445,267,None,Move,browsing
1573650671.1820002,445,268,None,Move,browsing
1573650671.194,444,269,None,Move,browsing
1573650671.206,443,270,None,Move,browsing
1573650671.217,443,270,None,Move,browsing
1573650671.232,443,271,None,Move,browsing
1573650671.2429998,442,272,None,Move,browsing
1573650671.302,442,273,None,Move,browsing
1573650671.3170002,441,273,None,Move,browsing
1573650671.333,441,274,None,Move,browsing
1573650671.347,440,276,None,Move,browsing
1573650671.3579998,440,276,None,Move,browsing
1573650671.464,440,276,Left,Pressed,browsing
1573650671.534,440,276,Left,Released,browsing
1573650671.563,439,277,None,Move,browsing
1573650671.573,439,279,None,Move,browsing
1573650671.579,439,279,None,Move,browsing
1573650671.586,439,280,None,Move,browsing
1573650671.594,439,283,None,Move,browsing
1573650671.604,437,286,None,Move,browsing
1573650671.61,437,286,None,Move,browsing
1573650671.62,436,288,None,Move,browsing
1573650671.6260002,435,290,None,Move,browsing
1573650671.6360002,434,290,None,Move,browsing
1573650671.646,433,291,None,Move,browsing
1573650671.6520002,433,291,None,Move,browsing
1573650671.66,432,292,None,Move,browsing
1573650671.665,432,292,None,Move,browsing
1573650671.676,431,294,None,Move,browsing
1573650671.69,430,294,None,Move,browsing
1573650671.726,430,295,None,Move,browsing
1573650671.742,429,295,None,Move,browsing
1573650671.752,429,296,None,Move,browsing
1573650671.782,427,296,None,Move,browsing
1573650671.988,427,296,Left,Pressed,browsing
1573650672.0879998,427,296,Left,Released,browsing
1573650672.3679998,425,296,None,Move,browsing
1573650672.3839998,425,296,None,Move,browsing
1573650672.405,424,296,None,Move,browsing
1573650672.415,424,295,None,Move,browsing
1573650672.428,423,295,None,Move,browsing
1573650672.437,422,294,None,Move,browsing
1573650672.474,421,294,None,Move,browsing
1573650672.4910002,421,293,None,Move,browsing
1573650672.51,419,292,None,Move,browsing
1573650672.529,418,290,None,Move,browsing
1573650672.548,415,287,None,Move,browsing
1573650672.562,413,285,None,Move,browsing
1573650672.573,412,284,None,Move,browsing
1573650672.584,409,282,None,Move,browsing
1573650672.594,407,280,None,Move,browsing
1573650672.605,407,280,None,Move,browsing
1573650672.615,405,278,None,Move,browsing
1573650672.6220002,403,277,None,Move,browsing
1573650672.6279998,402,276,None,Move,browsing
1573650672.6339998,401,274,None,Move,browsing
1573650672.644,399,270,None,Move,browsing
1573650672.65,398,269,None,Move,browsing
1573650672.66,396,263,None,Move,browsing
1573650672.666,394,260,None,Move,browsing
1573650672.676,391,256,None,Move,browsing
1573650672.686,390,254,None,Move,browsing
1573650672.6920002,389,253,None,Move,browsing
1573650672.7,388,252,None,Move,browsing
1573650672.716,388,251,None,Move,browsing
1573650672.726,388,250,None,Move,browsing
1573650672.736,388,250,None,Move,browsing
1573650672.8879998,388,249,None,Move,browsing
1573650672.899,388,247,None,Move,browsing
1573650672.9220002,388,245,None,Move,browsing
1573650672.9320002,388,244,None,Move,browsing
1573650672.9429998,388,242,None,Move,browsing
1573650672.952,388,242,None,Move,browsing
1573650672.958,388,240,None,Move,browsing
1573650672.968,388,238,None,Move,browsing
1573650672.974,388,238,None,Move,browsing
1573650672.982,389,235,None,Move,browsing
1573650672.988,389,234,None,Move,browsing
1573650672.998,389,232,None,Move,browsing
1573650673.008,389,230,None,Move,browsing
1573650673.014,389,229,None,Move,browsing
1573650673.024,389,226,None,Move,browsing
1573650673.03,389,225,None,Move,browsing
1573650673.038,389,224,None,Move,browsing
1573650673.054,389,224,None,Move,browsing
1573650673.14,389,223,None,Move,browsing
1573650673.155,389,222,None,Move,browsing
1573650673.246,389,222,Left,Pressed,browsing
1573650673.379,389,222,Left,Released,browsing
1573650675.2610002,391,221,None,Move,browsing
1573650675.281,393,221,None,Move,browsing
1573650675.292,393,221,None,Move,browsing
1573650675.546,393,221,None,Move,browsing
1573650675.562,387,225,None,Move,browsing
1573650675.577,375,239,None,Move,browsing
1573650675.594,375,245,None,Move,browsing
1573650675.604,375,253,None,Move,browsing
1573650675.615,380,269,None,Move,browsing
1573650675.6220002,383,276,None,Move,browsing
1573650675.629,386,287,None,Move,browsing
1573650675.6379998,386,298,None,Move,browsing
1573650675.644,386,301,None,Move,browsing
1573650675.653,386,307,None,Move,browsing
1573650675.66,383,314,None,Move,browsing
1573650675.67,378,320,None,Move,browsing
1573650675.676,370,324,None,Move,browsing
1573650675.686,360,328,None,Move,browsing
1573650675.696,341,337,None,Move,browsing
1573650675.7029998,335,341,None,Move,browsing
1573650675.71,323,344,None,Move,browsing
1573650675.717,313,348,None,Move,browsing
1573650675.726,301,354,None,Move,browsing
1573650675.736,282,359,None,Move,browsing
1573650675.742,276,362,None,Move,browsing
1573650675.75,267,364,None,Move,browsing
1573650675.756,259,364,None,Move,browsing
1573650675.766,255,364,None,Move,browsing
1573650675.776,248,366,None,Move,browsing
1573650675.782,247,367,None,Move,browsing
1573650675.792,244,370,None,Move,browsing
1573650675.798,241,370,None,Move,browsing
1573650675.806,238,372,None,Move,browsing
1573650675.816,237,373,None,Move,browsing
1573650675.916,239,373,None,Move,browsing
1573650675.931,254,372,None,Move,browsing
1573650675.95,262,370,None,Move,browsing
1573650675.961,280,365,None,Move,browsing
1573650675.971,287,364,None,Move,browsing
1573650675.981,292,364,None,Move,browsing
1573650675.988,298,361,None,Move,browsing
1573650675.995,303,360,None,Move,browsing
1573650676.0010002,304,360,None,Move,browsing
1573650676.01,307,359,None,Move,browsing
1573650676.016,311,358,None,Move,browsing
1573650676.024,311,358,None,Move,browsing
1573650676.034,313,358,None,Move,browsing
1573650676.092,313,357,None,Move,browsing
1573650676.1260002,313,356,None,Move,browsing
1573650676.176,313,356,None,Move,browsing
1573650676.186,313,356,None,Move,browsing
1573650676.1920002,312,355,None,Move,browsing
1573650676.206,310,355,None,Move,browsing
1573650676.216,310,355,None,Move,browsing
1573650676.226,309,355,None,Move,browsing
1573650676.236,308,355,None,Move,browsing
1573650676.246,307,355,None,Move,browsing
1573650676.2610002,307,355,Left,Pressed,browsing
1573650676.356,307,355,Left,Released,browsing
1573650676.3739998,307,355,None,Move,browsing
1573650676.3979998,305,353,None,Move,browsing
1573650676.476,305,353,None,Move,browsing
1573650676.492,311,354,None,Move,browsing
1573650676.502,327,355,None,Move,browsing
1573650676.524,344,355,None,Move,browsing
1573650676.535,353,355,None,Move,browsing
1573650676.546,362,353,None,Move,browsing
1573650676.556,372,351,None,Move,browsing
1573650676.569,392,347,None,Move,browsing
1573650676.58,409,344,None,Move,browsing
1573650676.59,418,343,None,Move,browsing
1573650676.601,437,341,None,Move,browsing
1573650676.61,443,339,None,Move,browsing
1573650676.617,454,338,None,Move,browsing
1573650676.6239998,466,336,None,Move,browsing
1573650676.6320002,487,332,None,Move,browsing
1573650676.639,490,331,None,Move,browsing
1573650676.646,500,329,None,Move,browsing
1573650676.654,507,326,None,Move,browsing
1573650676.664,519,321,None,Move,browsing
1573650676.671,520,320,None,Move,browsing
1573650676.678,524,316,None,Move,browsing
1573650676.684,527,312,None,Move,browsing
1573650676.6929998,530,309,None,Move,browsing
1573650676.704,535,304,None,Move,browsing
1573650676.711,536,304,None,Move,browsing
1573650676.72,537,303,None,Move,browsing
1573650676.726,539,301,None,Move,browsing
1573650676.734,540,301,None,Move,browsing
1573650676.7429998,545,300,None,Move,browsing
1573650676.75,545,300,None,Move,browsing
1573650676.7589998,546,299,None,Move,browsing
1573650676.766,549,299,None,Move,browsing
1573650676.774,551,298,None,Move,browsing
1573650676.784,554,297,None,Move,browsing
1573650676.79,554,297,None,Move,browsing
1573650676.8,557,295,None,Move,browsing
1573650676.806,559,294,None,Move,browsing
1573650676.816,564,292,None,Move,browsing
1573650676.825,568,291,None,Move,browsing
1573650676.831,570,290,None,Move,browsing
1573650676.839,574,287,None,Move,browsing
1573650676.846,577,287,None,Move,browsing
1573650676.856,581,287,None,Move,browsing
1573650676.8660002,589,287,None,Move,browsing
1573650676.871,591,286,None,Move,browsing
1573650676.879,593,284,None,Move,browsing
1573650676.885,595,284,None,Move,browsing
1573650676.896,598,283,None,Move,browsing
1573650676.906,598,282,None,Move,browsing
1573650676.9120002,599,280,None,Move,browsing
1573650676.9220002,600,280,None,Move,browsing
1573650676.928,600,279,None,Move,browsing
1573650676.936,600,279,None,Move,browsing
1573650676.946,600,277,None,Move,browsing
1573650676.956,600,275,None,Move,browsing
1573650676.962,600,274,None,Move,browsing
1573650676.968,599,273,None,Move,browsing
1573650676.976,597,272,None,Move,browsing
1573650677.006,597,271,None,Move,browsing
1573650677.015,595,271,None,Move,browsing
1573650677.028,594,269,None,Move,browsing
1573650677.034,593,269,None,Move,browsing
1573650677.042,590,267,None,Move,browsing
1573650677.048,588,266,None,Move,browsing
1573650677.0579998,584,266,None,Move,browsing
1573650677.0679998,579,264,None,Move,browsing
1573650677.074,578,264,None,Move,browsing
1573650677.082,575,264,None,Move,browsing
1573650677.0879998,571,264,None,Move,browsing
1573650677.0979998,569,262,None,Move,browsing
1573650677.1079998,567,262,None,Move,browsing
1573650677.115,566,262,None,Move,browsing
1573650677.1220002,565,261,None,Move,browsing
1573650677.1279998,563,260,None,Move,browsing
1573650677.1379998,563,260,None,Move,browsing
1573650677.1479998,562,260,None,Move,browsing
1573650677.154,561,259,None,Move,browsing
1573650677.164,561,258,None,Move,browsing
1573650677.174,560,258,None,Move,browsing
1573650677.204,560,257,None,Move,browsing
1573650677.215,559,256,None,Move,browsing
1573650677.23,559,256,None,Move,browsing
1573650677.248,558,255,None,Move,browsing
1573650677.269,558,254,None,Move,browsing
