client_timestamp,x,y,button,state,window
1573648354.658,1090,985,None,Move,browsing
1573648354.67,1091,985,None,Move,browsing
1573648354.701,1091,985,None,Move,browsing
1573648354.7729998,1092,986,None,Move,browsing
1573648354.811,1093,986,None,Move,browsing
1573648354.819,1095,986,None,Move,browsing
1573648354.827,1096,986,None,Move,browsing
1573648354.835,1098,986,None,Move,browsing
1573648354.843,1099,986,None,Move,browsing
1573648354.85,1099,986,None,Move,browsing
1573648415.996,1100,986,None,Move,browsing
1573648416.012,1101,987,None,Move,browsing
1573648416.103,1105,987,None,Move,browsing
1573648416.111,1119,984,None,Move,browsing
1573648416.119,1132,983,None,Move,browsing
1573648416.127,1142,981,None,Move,browsing
1573648416.135,1150,980,None,Move,browsing
1573648416.143,1157,978,None,Move,browsing
1573648416.149,1160,977,None,Move,browsing
1573648416.157,1162,975,None,Move,browsing
1573648416.165,1166,973,None,Move,browsing
1573648416.173,1169,971,None,Move,browsing
1573648416.181,1172,968,None,Move,browsing
1573648416.189,1176,966,None,Move,browsing
1573648416.197,1186,958,None,Move,browsing
1573648416.205,1195,948,None,Move,browsing
1573648416.225,1206,939,None,Move,browsing
1573648416.226,1217,929,None,Move,browsing
1573648416.2270002,1227,920,None,Move,browsing
1573648416.235,1233,911,None,Move,browsing
1573648416.242,1238,904,None,Move,browsing
1573648416.2510002,1243,897,None,Move,browsing
1573648416.2589998,1245,892,None,Move,browsing
1573648416.2670002,1248,887,None,Move,browsing
1573648416.275,1249,885,None,Move,browsing
1573648416.282,1249,883,None,Move,browsing
1573648416.29,1249,882,None,Move,browsing
1573648416.298,1246,882,None,Move,browsing
1573648416.306,1237,882,None,Move,browsing
1573648416.312,1224,883,None,Move,browsing
1573648416.32,1206,884,None,Move,browsing
1573648416.3279998,1182,883,None,Move,browsing
1573648416.336,1146,877,None,Move,browsing
1573648416.344,1104,862,None,Move,browsing
1573648416.3520002,1051,846,None,Move,browsing
1573648416.36,991,830,None,Move,browsing
1573648416.3679998,937,811,None,Move,browsing
1573648416.3760002,879,789,None,Move,browsing
1573648416.3839998,827,762,None,Move,browsing
1573648416.39,790,747,None,Move,browsing
1573648416.3979998,766,733,None,Move,browsing
1573648416.407,751,724,None,Move,browsing
1573648416.415,740,714,None,Move,browsing
1573648416.423,730,705,None,Move,browsing
1573648416.431,725,697,None,Move,browsing
1573648416.439,720,690,None,Move,browsing
1573648416.447,718,682,None,Move,browsing
1573648416.455,715,675,None,Move,browsing
1573648416.4629998,715,672,None,Move,browsing
1573648416.471,714,667,None,Move,browsing
1573648416.4770002,713,665,None,Move,browsing
1573648416.485,713,664,None,Move,browsing
1573648416.4970002,713,663,None,Move,browsing
1573648416.521,712,663,None,Move,browsing
1573648416.529,711,662,None,Move,browsing
1573648416.5370002,710,661,None,Move,browsing
1573648416.545,709,661,None,Move,browsing
1573648416.583,708,661,None,Move,browsing
1573648416.623,707,661,None,Move,browsing
1573648416.668,707,661,None,Move,browsing
1573648416.676,706,662,None,Move,browsing
1573648416.684,704,664,None,Move,browsing
1573648416.6920002,700,667,None,Move,browsing
1573648416.7,698,671,None,Move,browsing
1573648416.708,694,676,None,Move,browsing
1573648416.716,690,681,None,Move,browsing
1573648416.724,688,688,None,Move,browsing
1573648416.73,685,696,None,Move,browsing
1573648416.738,683,707,None,Move,browsing
1573648416.746,683,719,None,Move,browsing
1573648416.754,685,731,None,Move,browsing
1573648416.7629998,693,742,None,Move,browsing
1573648416.771,703,757,None,Move,browsing
1573648416.779,716,770,None,Move,browsing
1573648416.7870002,729,782,None,Move,browsing
1573648416.794,749,794,None,Move,browsing
1573648416.803,768,805,None,Move,browsing
1573648416.809,791,816,None,Move,browsing
1573648416.8170002,811,827,None,Move,browsing
1573648416.825,828,837,None,Move,browsing
1573648416.833,839,847,None,Move,browsing
1573648416.841,844,850,None,Move,browsing
1573648416.849,848,854,None,Move,browsing
1573648416.857,850,857,None,Move,browsing
1573648416.865,850,859,None,Move,browsing
1573648416.873,850,861,None,Move,browsing
1573648416.881,849,862,None,Move,browsing
1573648416.887,847,864,None,Move,browsing
1573648416.895,843,865,None,Move,browsing
1573648416.903,840,866,None,Move,browsing
1573648416.911,835,869,None,Move,browsing
1573648416.919,827,872,None,Move,browsing
1573648416.927,816,878,None,Move,browsing
1573648416.935,801,886,None,Move,browsing
1573648416.9429998,784,896,None,Move,browsing
1573648416.951,761,911,None,Move,browsing
1573648416.959,733,929,None,Move,browsing
1573648416.967,709,945,None,Move,browsing
1573648416.9729998,685,959,None,Move,browsing
1573648416.981,667,973,None,Move,browsing
1573648416.9889998,650,985,None,Move,browsing
1573648416.9970002,637,995,None,Move,browsing
1573648417.004,626,1001,None,Move,browsing
1573648417.012,618,1004,None,Move,browsing
1573648417.02,613,1006,None,Move,browsing
1573648417.028,606,1009,None,Move,browsing
1573648417.036,598,1010,None,Move,browsing
1573648417.044,585,1012,None,Move,browsing
1573648417.05,571,1012,None,Move,browsing
1573648417.0579998,557,1012,None,Move,browsing
1573648417.066,539,1010,None,Move,browsing
1573648417.074,523,1006,None,Move,browsing
1573648417.082,509,1003,None,Move,browsing
1573648417.09,496,1000,None,Move,browsing
1573648417.0979998,484,997,None,Move,browsing
1573648417.106,475,994,None,Move,browsing
1573648417.1139998,466,991,None,Move,browsing
1573648417.1220002,460,988,None,Move,browsing
1573648417.13,455,987,None,Move,browsing
1573648417.1360002,447,987,None,Move,browsing
1573648417.144,438,989,None,Move,browsing
1573648417.153,428,992,None,Move,browsing
1573648417.16,417,995,None,Move,browsing
1573648417.168,409,998,None,Move,browsing
1573648417.176,404,1001,None,Move,browsing
1573648417.185,401,1003,None,Move,browsing
1573648417.1920002,401,1004,None,Move,browsing
1573648417.201,401,1004,None,Move,browsing
1573648417.209,401,1005,None,Move,browsing
1573648417.217,401,1006,None,Move,browsing
1573648417.2229998,404,1007,None,Move,browsing
1573648417.231,406,1009,None,Move,browsing
1573648417.2389998,408,1011,None,Move,browsing
1573648417.2470002,410,1014,None,Move,browsing
1573648417.255,412,1016,None,Move,browsing
1573648417.2629998,414,1018,None,Move,browsing
1573648417.271,416,1019,None,Move,browsing
1573648417.279,420,1022,None,Move,browsing
1573648417.2870002,422,1029,None,Move,browsing
1573648417.295,425,1036,None,Move,browsing
1573648417.301,427,1039,None,Move,browsing
1573648417.325,428,1040,None,Move,browsing
1573648417.333,433,1046,None,Move,browsing
1573648417.341,436,1048,None,Move,browsing
1573648417.349,437,1048,None,Move,browsing
1573648417.599,438,1048,None,Move,browsing
1573648417.607,440,1042,None,Move,browsing
1573648417.615,441,1039,None,Move,browsing
1573648417.637,442,1038,None,Move,browsing
1573648417.645,442,1036,None,Move,browsing
1573648417.653,441,1034,None,Move,browsing
1573648417.661,439,1032,None,Move,browsing
1573648417.669,433,1031,None,Move,browsing
1573648417.677,429,1031,None,Move,browsing
1573648417.685,426,1031,None,Move,browsing
1573648417.6929998,422,1031,None,Move,browsing
1573648417.701,420,1031,None,Move,browsing
1573648417.709,418,1032,None,Move,browsing
1573648417.715,416,1032,None,Move,browsing
1573648417.722,414,1032,None,Move,browsing
1573648417.731,412,1034,None,Move,browsing
1573648417.738,410,1035,None,Move,browsing
1573648417.7470002,408,1036,None,Move,browsing
1573648417.755,407,1037,None,Move,browsing
1573648417.762,406,1039,None,Move,browsing
1573648417.77,404,1040,None,Move,browsing
1573648417.779,402,1042,None,Move,browsing
1573648417.7870002,400,1043,None,Move,browsing
1573648417.794,398,1043,None,Move,browsing
1573648417.801,396,1043,None,Move,browsing
1573648417.809,394,1043,None,Move,browsing
1573648417.816,392,1043,None,Move,browsing
1573648417.824,390,1043,None,Move,browsing
1573648417.832,387,1043,None,Move,browsing
1573648417.84,384,1043,None,Move,browsing
1573648417.8479998,380,1043,None,Move,browsing
1573648417.856,378,1042,None,Move,browsing
1573648417.8639998,376,1042,None,Move,browsing
1573648417.8720002,374,1042,None,Move,browsing
1573648417.88,372,1041,None,Move,browsing
1573648417.8860002,370,1041,None,Move,browsing
1573648417.894,369,1041,None,Move,browsing
1573648417.903,366,1041,None,Move,browsing
1573648417.91,363,1041,None,Move,browsing
1573648417.918,360,1042,None,Move,browsing
1573648417.926,355,1042,None,Move,browsing
1573648417.935,352,1042,None,Move,browsing
1573648417.9429998,350,1042,None,Move,browsing
1573648417.951,348,1042,None,Move,browsing
1573648417.959,345,1042,None,Move,browsing
1573648417.965,341,1042,None,Move,browsing
1573648417.9729998,333,1042,None,Move,browsing
1573648417.981,325,1042,None,Move,browsing
1573648417.9889998,315,1042,None,Move,browsing
1573648417.9970002,307,1042,None,Move,browsing
1573648418.005,300,1042,None,Move,browsing
1573648418.0129998,296,1043,None,Move,browsing
1573648418.021,292,1043,None,Move,browsing
1573648418.029,290,1043,None,Move,browsing
1573648418.0370002,288,1043,None,Move,browsing
1573648418.045,286,1042,None,Move,browsing
1573648418.051,285,1041,None,Move,browsing
1573648418.059,285,1041,None,Move,browsing
1573648418.0670002,283,1040,None,Move,browsing
1573648418.079,283,1039,None,Move,browsing
1573648418.087,282,1039,None,Move,browsing
1573648418.127,281,1038,None,Move,browsing
1573648418.1360002,280,1038,None,Move,browsing
1573648418.145,280,1037,None,Move,browsing
1573648418.3170002,280,1038,None,Move,browsing
1573648418.324,279,1040,None,Move,browsing
1573648418.333,278,1041,None,Move,browsing
1573648418.341,278,1042,None,Move,browsing
1573648418.554,277,1042,None,Move,browsing
1573648419.111,277,1043,None,Move,browsing
1573648419.133,277,1043,None,Move,browsing
1573648419.197,277,1044,None,Move,browsing
1573648419.3979998,277,1045,None,Move,browsing
1573648419.459,277,1045,None,Move,browsing
1573648419.467,276,1042,None,Move,browsing
1573648419.4729998,274,1034,None,Move,browsing
1573648419.481,271,1026,None,Move,browsing
1573648419.4889998,268,1013,None,Move,browsing
1573648419.4970002,265,1001,None,Move,browsing
1573648419.504,262,988,None,Move,browsing
1573648419.5129998,259,976,None,Move,browsing
1573648419.521,255,963,None,Move,browsing
1573648419.529,253,955,None,Move,browsing
1573648419.5370002,250,950,None,Move,browsing
1573648419.545,249,947,None,Move,browsing
1573648419.553,249,943,None,Move,browsing
1573648419.559,248,941,None,Move,browsing
1573648419.5670002,247,939,None,Move,browsing
1573648419.583,247,938,None,Move,browsing
1573648419.635,246,938,None,Move,browsing
1573648419.641,245,937,None,Move,browsing
1573648419.649,244,936,None,Move,browsing
1573648419.657,244,935,None,Move,browsing
1573648420.439,244,935,Left,Pressed,browsing
1573648420.559,244,935,Left,Released,file system
1573648420.803,244,935,None,Move,office
1573648420.813,244,935,None,Move,office
1573648420.821,245,934,None,Move,office
1573648420.833,246,933,None,Move,office
1573648420.841,247,932,None,Move,office
1573648420.849,247,932,None,Move,office
1573648420.857,248,931,None,Move,office
1573648420.865,249,929,None,Move,office
1573648420.873,249,927,None,Move,office
1573648420.881,250,925,None,Move,office
1573648420.887,249,920,None,Move,office
1573648420.895,249,914,None,Move,office
1573648420.903,248,904,None,Move,office
1573648420.911,248,896,None,Move,office
1573648420.919,248,886,None,Move,office
1573648420.927,248,874,None,Move,office
1573648420.935,250,859,None,Move,office
1573648420.9420002,253,847,None,Move,office
1573648420.95,256,834,None,Move,office
1573648420.959,256,820,None,Move,office
1573648420.966,260,802,None,Move,office
1573648420.9729998,267,779,None,Move,office
1573648420.98,277,753,None,Move,office
1573648420.988,288,730,None,Move,office
1573648420.996,298,715,None,Move,office
1573648421.004,305,700,None,Move,office
1573648421.012,310,686,None,Move,office
1573648421.02,313,673,None,Move,office
1573648421.028,316,661,None,Move,office
1573648421.036,319,650,None,Move,office
1573648421.044,322,640,None,Move,office
1573648421.05,325,627,None,Move,office
1573648421.0579998,330,615,None,Move,office
1573648421.066,334,604,None,Move,office
1573648421.074,339,593,None,Move,office
1573648421.082,345,584,None,Move,office
1573648421.091,351,577,None,Move,office
1573648421.0979998,357,568,None,Move,office
1573648421.107,363,559,None,Move,office
1573648421.1139998,369,550,None,Move,office
1573648421.123,372,547,None,Move,office
1573648421.13,374,543,None,Move,office
1573648421.1360002,375,541,None,Move,office
1573648421.145,376,540,None,Move,office
1573648421.1520002,376,539,None,Move,office
1573648421.161,376,539,None,Move,office
1573648421.2429998,376,538,None,Move,office
1573648421.255,375,535,None,Move,office
1573648421.2629998,366,525,None,Move,office
1573648421.271,355,514,None,Move,office
1573648421.279,343,500,None,Move,office
1573648421.2870002,330,487,None,Move,office
1573648421.295,319,474,None,Move,office
1573648421.301,305,463,None,Move,office
1573648421.309,292,451,None,Move,office
1573648421.3170002,279,441,None,Move,office
1573648421.325,266,432,None,Move,office
1573648421.332,253,422,None,Move,office
1573648421.34,240,412,None,Move,office
1573648421.3479998,231,406,None,Move,office
1573648421.357,223,403,None,Move,office
1573648421.3639998,219,401,None,Move,office
1573648421.3720002,217,399,None,Move,office
1573648421.3779998,215,398,None,Move,office
1573648421.419,214,398,None,Move,office
1573648421.426,213,399,None,Move,office
1573648421.434,212,401,None,Move,office
1573648421.4420002,212,407,None,Move,office
1573648421.45,212,418,None,Move,office
1573648421.459,212,430,None,Move,office
1573648421.464,215,444,None,Move,office
1573648421.481,221,478,None,Move,office
1573648421.4889998,224,495,None,Move,office
1573648421.496,228,515,None,Move,office
1573648421.504,232,543,None,Move,office
1573648421.5129998,236,586,None,Move,office
1573648421.52,241,636,None,Move,office
1573648421.529,255,700,None,Move,office
1573648421.5370002,269,764,None,Move,office
1573648421.543,280,824,None,Move,office
1573648421.551,285,874,None,Move,office
1573648421.559,288,924,None,Move,office
1573648421.5670002,290,966,None,Move,office
1573648421.575,294,1004,None,Move,office
1573648421.583,298,1023,None,Move,office
1573648421.591,301,1033,None,Move,office
1573648421.599,303,1035,None,Move,office
1573648421.607,303,1036,None,Move,office
1573648421.649,303,1036,None,Move,office
1573648421.661,302,1036,None,Move,office
1573648421.734,301,1036,None,Move,office
1573648421.771,301,1037,None,Move,office
1573648421.915,301,1038,None,Move,office
1573648421.927,301,1039,None,Move,office
1573648421.935,300,1040,None,Move,office
1573648421.9429998,299,1041,None,Move,office
1573648421.951,296,1042,None,Move,office
1573648421.959,294,1045,None,Move,office
1573648421.965,291,1047,None,Move,office
1573648421.9729998,288,1048,None,Move,office
1573648421.981,284,1049,None,Move,office
1573648421.9889998,281,1050,None,Move,office
1573648421.9970002,278,1050,None,Move,office
1573648422.005,275,1050,None,Move,office
1573648422.0129998,271,1050,None,Move,office
1573648422.021,268,1050,None,Move,office
1573648422.029,266,1051,None,Move,office
1573648422.0370002,263,1052,None,Move,office
1573648422.043,261,1053,None,Move,office
1573648422.051,259,1055,None,Move,office
1573648422.059,257,1058,None,Move,office
1573648422.0670002,256,1060,None,Move,office
1573648422.075,256,1062,None,Move,office
1573648422.083,256,1062,None,Move,office
1573648422.091,256,1063,None,Move,office
1573648422.107,256,1064,None,Move,office
1573648422.188,255,1064,Left,Pressed,office
1573648422.188,255,1064,None,Drag,office
1573648422.201,254,1064,None,Drag,office
1573648422.21,253,1064,None,Drag,office
1573648422.254,253,1065,None,Drag,office
1573648422.254,253,1065,Left,Released,office
1573648422.278,253,1066,None,Move,file system
1573648422.286,253,1067,None,Move,file system
1573648422.3079998,253,1068,None,Move,file system
1573648422.539,252,1068,None,Move,file system
1573648422.5470002,252,1066,None,Move,file system
1573648422.555,251,1064,None,Move,file system
1573648422.563,250,1061,None,Move,file system
1573648422.571,249,1057,None,Move,file system
1573648422.579,249,1053,None,Move,file system
1573648422.586,246,1045,None,Move,file system
1573648422.594,245,1036,None,Move,file system
1573648422.603,242,1026,None,Move,file system
1573648422.611,239,1017,None,Move,file system
1573648422.619,236,1005,None,Move,file system
1573648422.625,230,992,None,Move,file system
1573648422.6320002,225,979,None,Move,file system
1573648422.64,222,971,None,Move,file system
1573648422.6479998,218,964,None,Move,file system
1573648422.656,215,957,None,Move,file system
1573648422.664,213,954,None,Move,file system
1573648422.6720002,211,950,None,Move,file system
1573648422.68,208,948,None,Move,file system
1573648422.688,207,946,None,Move,file system
1573648422.833,207,946,Left,Pressed,file system
1573648422.833,207,946,None,Drag,file system
1573648422.833,207,946,Left,Released,file system
1573648422.926,207,946,None,Move,office
1573648423.0,207,946,None,Move,office
1573648423.012,207,944,None,Move,office
1573648423.021,207,937,None,Move,office
1573648423.029,205,924,None,Move,office
1573648423.0370002,203,908,None,Move,office
1573648423.043,200,883,None,Move,office
1573648423.051,196,852,None,Move,office
1573648423.0579998,193,814,None,Move,office
1573648423.066,193,774,None,Move,office
1573648423.074,193,741,None,Move,office
1573648423.082,191,711,None,Move,office
1573648423.091,189,681,None,Move,office
1573648423.0979998,188,661,None,Move,office
1573648423.107,188,641,None,Move,office
1573648423.115,192,623,None,Move,office
1573648423.12,195,605,None,Move,office
1573648423.129,198,589,None,Move,office
1573648423.1360002,198,573,None,Move,office
1573648423.145,200,556,None,Move,office
1573648423.153,202,542,None,Move,office
1573648423.161,202,530,None,Move,office
1573648423.169,201,518,None,Move,office
1573648423.177,198,507,None,Move,office
1573648423.185,195,497,None,Move,office
1573648423.1929998,192,486,None,Move,office
1573648423.201,189,480,None,Move,office
1573648423.207,188,473,None,Move,office
1573648423.215,188,469,None,Move,office
1573648423.2229998,188,463,None,Move,office
1573648423.231,187,459,None,Move,office
1573648423.2389998,187,456,None,Move,office
1573648423.2470002,187,454,None,Move,office
1573648423.255,187,452,None,Move,office
1573648423.2629998,187,450,None,Move,office
1573648423.271,187,447,None,Move,office
1573648423.279,188,445,None,Move,office
1573648423.2870002,189,443,None,Move,office
1573648423.293,191,440,None,Move,office
1573648423.301,193,436,None,Move,office
1573648423.309,196,433,None,Move,office
1573648423.3170002,198,430,None,Move,office
1573648423.325,200,426,None,Move,office
1573648423.332,202,423,None,Move,office
1573648423.341,205,419,None,Move,office
1573648423.3479998,207,415,None,Move,office
1573648423.357,210,410,None,Move,office
1573648423.365,212,406,None,Move,office
1573648423.37,214,400,None,Move,office
1573648423.379,217,389,None,Move,office
1573648423.399,222,379,None,Move,office
1573648423.4,228,366,None,Move,office
1573648423.4020002,233,353,None,Move,office
1573648423.411,239,341,None,Move,office
1573648423.419,244,328,None,Move,office
1573648423.426,249,315,None,Move,office
1573648423.434,254,303,None,Move,office
1573648423.4420002,257,290,None,Move,office
1573648423.448,261,280,None,Move,office
1573648423.456,266,269,None,Move,office
1573648423.464,270,258,None,Move,office
1573648423.472,273,250,None,Move,office
1573648423.48,276,241,None,Move,office
1573648423.4889998,279,232,None,Move,office
1573648423.4970002,282,224,None,Move,office
1573648423.505,283,215,None,Move,office
1573648423.5129998,286,207,None,Move,office
1573648423.521,288,198,None,Move,office
1573648423.529,291,190,None,Move,office
1573648423.535,292,181,None,Move,office
1573648423.543,293,175,None,Move,office
1573648423.551,295,168,None,Move,office
1573648423.559,295,162,None,Move,office
1573648423.5670002,295,157,None,Move,office
1573648423.575,295,154,None,Move,office
1573648423.583,295,151,None,Move,office
1573648423.591,295,149,None,Move,office
1573648423.599,295,147,None,Move,office
1573648423.607,295,145,None,Move,office
1573648423.615,295,144,None,Move,office
1573648423.621,294,143,None,Move,office
1573648423.945,293,142,None,Move,office
1573648423.9529998,291,138,None,Move,office
1573648423.961,288,133,None,Move,office
1573648423.969,286,129,None,Move,office
1573648423.9770002,284,126,None,Move,office
1573648423.985,281,124,None,Move,office
1573648423.9929998,279,122,None,Move,office
1573648424.0010002,277,120,None,Move,office
1573648424.0089998,275,119,None,Move,office
1573648424.0170002,274,117,None,Move,office
1573648424.025,272,117,None,Move,office
1573648424.031,271,117,None,Move,office
1573648424.039,270,116,None,Move,office
1573648424.0470002,270,116,None,Move,office
1573648424.055,268,115,None,Move,office
1573648424.063,268,114,None,Move,office
1573648424.07,267,112,None,Move,office
1573648424.079,267,106,None,Move,office
1573648424.087,267,96,None,Move,office
1573648424.094,267,86,None,Move,office
1573648424.1020002,272,70,None,Move,office
1573648424.11,279,51,None,Move,office
1573648424.127,297,23,None,Move,office
1573648424.129,322,-18,None,Move,office
1573648424.1320002,349,-55,None,Move,office
1573648424.14,382,-91,None,Move,office
1573648424.1479998,419,-127,None,Move,office
1573648424.156,455,-163,None,Move,office
1573648424.164,491,-197,None,Move,office
1573648424.1720002,523,-227,None,Move,office
1573648424.181,556,-260,None,Move,office
1573648424.189,593,-302,None,Move,office
1573648424.195,625,-340,None,Move,office
1573648424.2029998,654,-378,None,Move,office
1573648424.21,681,-419,None,Move,office
1573648424.218,704,-462,None,Move,office
1573648424.2270002,722,-510,None,Move,office
1573648424.235,741,-565,None,Move,office
1573648424.242,757,-613,None,Move,office
1573648424.2510002,772,-655,None,Move,office
1573648424.258,785,-692,None,Move,office
1573648424.266,795,-730,None,Move,office
1573648424.275,803,-763,None,Move,office
1573648424.281,813,-794,None,Move,office
1573648424.289,818,-821,None,Move,office
1573648424.2970002,821,-843,None,Move,office
1573648424.305,824,-855,None,Move,office
1573648424.313,826,-862,None,Move,office
1573648424.321,827,-865,None,Move,office
1573648424.329,827,-869,None,Move,office
1573648424.337,826,-870,None,Move,office
1573648424.345,825,-871,None,Move,office
1573648424.353,822,-871,None,Move,office
1573648424.359,818,-871,None,Move,office
1573648424.367,813,-871,None,Move,office
1573648424.375,806,-869,None,Move,office
1573648424.383,798,-864,None,Move,office
1573648424.391,793,-861,None,Move,office
1573648424.399,787,-859,None,Move,office
1573648424.407,783,-857,None,Move,office
1573648424.415,778,-856,None,Move,office
1573648424.423,772,-856,None,Move,office
1573648424.431,764,-865,None,Move,office
1573648424.439,758,-876,None,Move,office
1573648424.445,754,-887,None,Move,office
1573648424.4529998,752,-895,None,Move,office
1573648424.462,750,-904,None,Move,office
1573648424.468,746,-911,None,Move,office
1573648424.4770002,739,-916,None,Move,office
1573648424.485,728,-920,None,Move,office
1573648424.492,716,-922,None,Move,office
1573648424.5010002,698,-922,None,Move,office
1573648424.508,673,-922,None,Move,office
1573648424.516,641,-919,None,Move,office
1573648424.522,611,-911,None,Move,office
1573648424.531,581,-906,None,Move,office
1573648424.539,559,-903,None,Move,office
1573648424.5470002,536,-899,None,Move,office
1573648424.555,518,-898,None,Move,office
1573648424.563,500,-897,None,Move,office
1573648424.57,481,-894,None,Move,office
1573648424.579,464,-891,None,Move,office
1573648424.586,447,-888,None,Move,office
1573648424.594,434,-885,None,Move,office
1573648424.6020002,422,-883,None,Move,office
1573648424.6079998,412,-881,None,Move,office
1573648424.6160002,401,-880,None,Move,office
1573648424.6239998,391,-879,None,Move,office
1573648424.6320002,379,-876,None,Move,office
1573648424.641,367,-874,None,Move,office
1573648424.649,359,-872,None,Move,office
1573648424.657,353,-870,None,Move,office
1573648424.665,349,-868,None,Move,office
1573648424.673,347,-867,None,Move,office
1573648424.681,346,-866,None,Move,office
1573648424.687,344,-866,None,Move,office
1573648424.695,342,-864,None,Move,office
1573648424.7029998,340,-862,None,Move,office
1573648424.7129998,337,-860,None,Move,office
1573648424.719,335,-859,None,Move,office
1573648424.7270002,331,-857,None,Move,office
1573648424.735,325,-856,None,Move,office
1573648424.7429998,315,-853,None,Move,office
1573648424.7610002,305,-851,None,Move,office
1573648424.7629998,294,-850,None,Move,office
1573648424.7670002,284,-850,None,Move,office
1573648424.7729998,274,-850,None,Move,office
1573648424.781,264,-850,None,Move,office
1573648424.789,255,-851,None,Move,office
1573648424.7970002,245,-854,None,Move,office
1573648424.805,235,-858,None,Move,office
1573648424.813,224,-863,None,Move,office
1573648424.821,212,-868,None,Move,office
1573648424.829,194,-877,None,Move,office
1573648424.837,165,-889,None,Move,office
1573648424.845,133,-905,None,Move,office
1573648424.851,97,-920,None,Move,office
1573648424.859,65,-934,None,Move,office
1573648424.867,36,-939,None,Move,office
1573648424.875,16,-944,None,Move,office
1573648424.883,0,-949,None,Move,office
1573648424.8920002,-8,-955,None,Move,office
1573648424.899,-4,-957,None,Move,office
1573648424.906,-1,-959,None,Move,office
1573648424.915,1,-961,None,Move,office
1573648424.923,0,-962,None,Move,office
1573648424.931,1,-964,None,Move,office
1573648424.937,1,-966,None,Move,office
1573648424.945,1,-967,None,Move,office
1573648424.952,2,-968,None,Move,office
1573648424.961,2,-970,None,Move,office
1573648424.968,2,-970,None,Move,office
1573648424.976,2,-971,None,Move,office
1573648424.984,3,-973,None,Move,office
1573648424.992,5,-974,None,Move,office
1573648425.0,6,-975,None,Move,office
1573648425.008,8,-976,None,Move,office
1573648425.014,10,-978,None,Move,office
1573648425.022,12,-980,None,Move,office
1573648425.03,13,-981,None,Move,office
1573648425.038,15,-981,None,Move,office
1573648425.046,17,-981,None,Move,office
1573648425.054,18,-981,None,Move,office
1573648425.062,20,-981,None,Move,office
1573648425.07,21,-981,None,Move,office
1573648425.0779998,24,-981,None,Move,office
1573648425.087,27,-979,None,Move,office
1573648425.093,30,-977,None,Move,office
1573648425.1,34,-974,None,Move,office
1573648425.109,37,-972,None,Move,office
1573648425.117,40,-969,None,Move,office
1573648425.125,41,-967,None,Move,office
1573648425.133,43,-965,None,Move,office
1573648425.141,44,-965,None,Move,office
1573648425.149,45,-964,None,Move,office
1573648425.161,45,-964,None,Move,office
1573648425.169,45,-963,None,Move,office
1573648425.191,46,-963,None,Move,office
1573648425.288,46,-963,None,Move,office
1573648425.304,46,-963,None,Move,office
1573648425.485,46,-963,Left,Pressed,office
1573648425.617,46,-963,Left,Released,office
1573648425.71,46,-962,None,Move,office
1573648425.724,46,-961,None,Move,office
1573648425.735,48,-959,None,Move,office
1573648425.738,52,-953,None,Move,office
1573648425.746,58,-948,None,Move,office
1573648425.809,64,-942,None,Move,office
1573648425.811,211,-848,None,Move,office
1573648425.816,250,-831,None,Move,office
1573648425.824,295,-810,None,Move,office
1573648425.832,340,-792,None,Move,office
1573648425.84,377,-773,None,Move,office
1573648425.846,409,-757,None,Move,office
1573648425.854,442,-740,None,Move,office
1573648425.8620002,467,-730,None,Move,office
1573648425.871,489,-721,None,Move,office
1573648425.879,506,-717,None,Move,office
1573648425.887,523,-711,None,Move,office
1573648425.894,540,-709,None,Move,office
1573648425.9020002,557,-704,None,Move,office
1573648425.91,576,-698,None,Move,office
1573648425.919,604,-689,None,Move,office
1573648425.926,639,-677,None,Move,office
1573648425.9320002,678,-671,None,Move,office
1573648425.94,718,-660,None,Move,office
1573648425.948,760,-647,None,Move,office
1573648425.956,797,-634,None,Move,office
1573648425.964,833,-620,None,Move,office
1573648425.972,867,-608,None,Move,office
1573648425.981,899,-594,None,Move,office
1573648425.9889998,927,-574,None,Move,office
1573648425.9970002,947,-562,None,Move,office
1573648426.004,961,-554,None,Move,office
1573648426.01,970,-547,None,Move,office
1573648426.018,973,-546,None,Move,office
1573648426.0270002,973,-545,None,Move,office
1573648426.071,973,-545,None,Move,office
1573648426.082,973,-545,None,Move,office
1573648426.09,972,-545,None,Move,office
1573648426.096,972,-545,None,Move,office
1573648426.104,971,-546,None,Move,office
1573648426.1160002,970,-546,None,Move,office
1573648426.1239998,969,-548,None,Move,office
1573648426.1320002,969,-548,None,Move,office
1573648426.14,969,-549,None,Move,office
1573648426.1479998,968,-550,None,Move,office
1573648426.156,967,-550,None,Move,office
1573648426.164,967,-550,None,Move,office
1573648426.1720002,966,-551,None,Move,office
1573648426.206,966,-552,None,Move,office
1573648426.329,965,-550,None,Move,office
1573648426.337,964,-541,None,Move,office
1573648426.343,961,-528,None,Move,office
1573648426.351,958,-511,None,Move,office
1573648426.359,956,-494,None,Move,office
1573648426.367,948,-476,None,Move,office
1573648426.375,940,-458,None,Move,office
1573648426.383,930,-433,None,Move,office
1573648426.391,916,-404,None,Move,office
1573648426.399,902,-368,None,Move,office
1573648426.407,889,-331,None,Move,office
1573648426.415,875,-283,None,Move,office
1573648426.423,861,-226,None,Move,office
1573648426.429,851,-163,None,Move,office
1573648426.437,839,-97,None,Move,office
1573648426.4529998,824,-30,None,Move,office
1573648426.454,815,33,None,Move,office
1573648426.46,812,107,None,Move,office
1573648426.468,809,176,None,Move,office
1573648426.476,809,237,None,Move,office
1573648426.484,809,286,None,Move,office
1573648426.492,809,319,None,Move,office
1573648426.5,809,339,None,Move,office
1573648426.506,807,357,None,Move,office
1573648426.514,804,370,None,Move,office
1573648426.522,801,380,None,Move,office
1573648426.53,798,389,None,Move,office
1573648426.538,795,397,None,Move,office
1573648426.546,793,406,None,Move,office
1573648426.554,790,415,None,Move,office
1573648426.563,787,421,None,Move,office
1573648426.571,786,430,None,Move,office
1573648426.579,784,436,None,Move,office
1573648426.587,783,443,None,Move,office
1573648426.592,782,447,None,Move,office
1573648426.6,781,451,None,Move,office
1573648426.6079998,780,457,None,Move,office
1573648426.617,778,463,None,Move,office
1573648426.625,775,472,None,Move,office
1573648426.6420002,774,481,None,Move,office
1573648426.643,772,493,None,Move,office
1573648426.649,771,503,None,Move,office
1573648426.657,771,513,None,Move,office
1573648426.665,769,523,None,Move,office
1573648426.671,769,532,None,Move,office
1573648426.679,769,536,None,Move,office
1573648426.687,769,538,None,Move,office
1573648426.695,769,539,None,Move,office
1573648426.7610002,769,539,None,Move,office
1573648426.769,769,538,None,Move,office
1573648427.0779998,768,535,Left,Pressed,office
1573648427.0779998,768,535,None,Drag,office
1573648427.086,766,533,None,Drag,office
1573648427.092,764,530,None,Drag,office
1573648427.092,764,530,Left,Released,office
1573648427.1,762,528,None,Move,office
1573648427.1079998,760,524,None,Move,office
1573648427.1160002,758,522,None,Move,office
1573648427.1239998,757,521,None,Move,office
1573648427.133,755,519,None,Move,office
1573648427.141,754,517,None,Move,office
1573648427.149,753,516,None,Move,office
1573648427.157,751,515,None,Move,office
1573648427.165,749,513,None,Move,office
1573648427.173,747,512,None,Move,office
1573648427.179,744,510,None,Move,office
1573648427.187,741,509,None,Move,office
1573648427.195,739,508,None,Move,office
1573648427.2029998,737,508,None,Move,office
1573648427.211,735,508,None,Move,office
1573648427.219,732,512,None,Move,office
1573648427.2270002,726,519,None,Move,office
1573648427.235,720,528,None,Move,office
1573648427.2429998,714,537,None,Move,office
1573648427.2510002,711,545,None,Move,office
1573648427.2570002,708,554,None,Move,office
1573648427.265,706,563,None,Move,office
1573648427.2729998,706,569,None,Move,office
1573648427.281,704,572,None,Move,office
1573648427.289,704,574,None,Move,office
1573648427.296,704,575,None,Move,office
1573648427.585,704,576,None,Move,office
1573648427.597,705,576,None,Move,office
1573648446.258,705,576,None,Move,office
1573648446.266,697,569,None,Move,office
1573648446.275,684,559,None,Move,office
1573648446.283,669,547,None,Move,office
1573648446.291,656,534,None,Move,office
1573648446.299,642,523,None,Move,office
1573648446.3070002,629,511,None,Move,office
1573648446.313,618,501,None,Move,office
1573648446.321,607,492,None,Move,office
1573648446.329,598,486,None,Move,office
1573648446.337,589,481,None,Move,office
1573648446.345,580,475,None,Move,office
1573648446.353,575,473,None,Move,office
1573648446.361,566,470,None,Move,office
1573648446.369,559,466,None,Move,office
1573648446.377,553,463,None,Move,office
1573648446.385,548,461,None,Move,office
1573648446.393,543,458,None,Move,office
1573648446.399,541,456,None,Move,office
1573648446.407,539,455,None,Move,office
1573648446.415,537,455,None,Move,office
1573648446.4220002,532,455,None,Move,office
1573648446.431,529,457,None,Move,office
1573648446.439,527,460,None,Move,office
1573648446.447,524,462,None,Move,office
1573648446.455,522,465,None,Move,office
1573648446.4629998,520,467,None,Move,office
1573648446.48,519,471,None,Move,office
1573648446.481,517,474,None,Move,office
1573648446.485,515,476,None,Move,office
1573648446.4929998,512,479,None,Move,office
1573648446.5010002,510,483,None,Move,office
1573648446.5089998,507,486,None,Move,office
1573648446.5170002,499,494,None,Move,office
1573648446.525,490,501,None,Move,office
1573648446.533,479,511,None,Move,office
1573648446.541,462,521,None,Move,office
1573648446.549,443,531,None,Move,office
1573648446.5570002,424,542,None,Move,office
1573648446.563,407,547,None,Move,office
1573648446.571,393,550,None,Move,office
1573648446.579,381,551,None,Move,office
1573648446.587,369,551,None,Move,office
1573648446.595,356,551,None,Move,office
1573648446.6020002,346,548,None,Move,office
1573648446.61,336,546,None,Move,office
1573648446.619,325,545,None,Move,office
1573648446.627,311,543,None,Move,office
1573648446.6339998,299,542,None,Move,office
1573648446.64,283,540,None,Move,office
1573648446.6479998,269,540,None,Move,office
1573648446.656,254,537,None,Move,office
1573648446.664,238,534,None,Move,office
1573648446.6720002,226,532,None,Move,office
1573648446.68,213,529,None,Move,office
1573648446.688,203,526,None,Move,office
1573648446.696,194,525,None,Move,office
1573648446.704,188,523,None,Move,office
1573648446.712,180,523,None,Move,office
1573648446.72,174,523,None,Move,office
1573648446.726,167,522,None,Move,office
1573648446.734,164,522,None,Move,office
1573648446.7429998,162,522,None,Move,office
1573648446.7510002,160,522,None,Move,office
1573648446.7589998,158,521,None,Move,office
1573648446.7670002,156,520,None,Move,office
1573648446.775,154,519,None,Move,office
1573648446.783,151,517,None,Move,office
1573648446.791,146,516,None,Move,office
1573648446.799,143,515,None,Move,office
1573648446.805,137,515,None,Move,office
1573648446.813,129,515,None,Move,office
1573648446.821,120,515,None,Move,office
1573648446.829,112,517,None,Move,office
1573648446.837,103,518,None,Move,office
1573648446.845,97,519,None,Move,office
1573648446.853,94,520,None,Move,office
1573648446.861,92,520,None,Move,office
1573648446.869,90,520,None,Move,office
1573648446.877,89,520,None,Move,office
1573648446.883,88,520,None,Move,office
1573648446.891,86,520,None,Move,office
1573648446.899,84,520,None,Move,office
1573648446.907,82,520,None,Move,office
1573648446.915,80,521,None,Move,office
1573648446.9220002,78,522,None,Move,office
1573648446.931,76,523,None,Move,office
1573648446.939,75,523,None,Move,office
1573648446.947,74,524,None,Move,office
1573648446.962,74,524,None,Move,office
1573648446.984,73,524,None,Move,office
1573648446.996,72,524,None,Move,office
1573648447.029,71,524,None,Move,office
1573648447.041,70,524,None,Move,office
1573648447.049,69,524,None,Move,office
1573648447.054,69,524,None,Move,office
1573648447.066,69,523,None,Move,office
1573648447.0779998,68,523,None,Move,office
1573648447.1279998,68,523,None,Move,office
1573648447.1360002,68,523,None,Move,office
1573648447.145,70,524,None,Move,office
1573648447.153,72,525,None,Move,office
1573648447.161,74,526,None,Move,office
1573648447.169,76,529,None,Move,office
1573648447.177,79,531,None,Move,office
1573648447.185,77,530,None,Move,office
1573648447.1929998,75,528,None,Move,office
1573648447.215,73,527,None,Move,office
1573648447.2229998,65,525,None,Move,office
1573648447.231,61,522,None,Move,office
1573648447.2389998,57,520,None,Move,office
1573648447.2470002,55,518,None,Move,office
1573648447.255,53,516,None,Move,office
1573648447.2629998,52,514,None,Move,office
1573648447.271,51,512,None,Move,office
1573648447.279,51,510,None,Move,office
1573648447.2870002,51,509,None,Move,office
1573648447.2970002,51,508,None,Move,office
1573648447.365,51,506,None,Move,office
1573648447.3720002,51,503,None,Move,office
1573648447.379,51,500,None,Move,office
1573648447.387,51,498,None,Move,office
1573648447.394,51,497,None,Move,office
1573648447.4020002,51,496,None,Move,office
1573648447.468,50,496,None,Move,office
1573648447.476,47,494,None,Move,office
1573648447.485,44,493,None,Move,office
1573648447.492,40,491,None,Move,office
1573648447.51,38,490,None,Move,office
1573648447.5110002,36,488,None,Move,office
1573648447.516,34,487,None,Move,office
1573648447.525,33,487,None,Move,office
1573648447.542,32,487,None,Move,office
1573648447.595,32,486,None,Move,office
1573648447.607,31,486,None,Move,office
1573648447.615,30,485,None,Move,office
1573648447.681,28,484,None,Move,office
1573648447.6929998,27,483,None,Move,office
1573648447.701,26,483,None,Move,office
1573648447.708,24,481,None,Move,office
1573648447.714,24,480,None,Move,office
1573648447.722,23,480,None,Move,office
1573648447.731,23,480,None,Move,office
1573648447.738,22,480,None,Move,office
1573648447.746,22,479,None,Move,office
1573648447.755,21,479,None,Move,office
1573648447.7629998,21,478,None,Move,office
1573648447.8279998,20,478,None,Move,office
1573648447.915,19,478,None,Move,office
1573648447.961,19,477,None,Move,office
1573648447.985,18,477,Left,Pressed,office
1573648447.985,18,477,None,Drag,office
1573648447.9929998,18,477,None,Drag,office
1573648448.0010002,17,477,None,Drag,office
1573648448.0089998,16,477,None,Drag,office
1573648448.0170002,15,477,None,Drag,office
1573648448.025,14,477,None,Drag,office
1573648448.041,13,477,None,Drag,office
1573648448.041,13,477,Left,Released,office
1573648448.373,13,477,None,Move,office
1573648448.387,14,478,None,Move,office
1573648448.399,16,478,None,Move,office
1573648492.7970002,16,479,None,Move,office
1573648492.804,17,494,None,Move,office
1573648492.812,19,514,None,Move,office
1573648492.82,19,534,None,Move,office
1573648492.8279998,18,552,None,Move,office
1573648492.836,18,564,None,Move,office
1573648492.844,17,574,None,Move,office
1573648492.85,17,584,None,Move,office
1573648492.87,17,592,None,Move,office
1573648492.8720002,17,604,None,Move,office
1573648492.8739998,17,616,None,Move,office
1573648492.8820002,17,630,None,Move,office
1573648492.89,20,645,None,Move,office
1573648492.8979998,22,659,None,Move,office
1573648492.907,22,673,None,Move,office
1573648492.915,23,685,None,Move,office
1573648492.923,23,695,None,Move,office
1573648492.929,23,703,None,Move,office
1573648492.937,23,708,None,Move,office
1573648492.945,23,711,None,Move,office
1573648492.9529998,22,715,None,Move,office
1573648492.96,20,717,None,Move,office
1573648492.968,18,720,None,Move,office
1573648492.9770002,17,723,None,Move,office
1573648492.985,16,728,None,Move,office
1573648492.9929998,13,735,None,Move,office
1573648493.0010002,13,743,None,Move,office
1573648493.0089998,15,751,None,Move,office
1573648493.015,18,760,None,Move,office
1573648493.0229998,21,769,None,Move,office
1573648493.031,23,777,None,Move,office
1573648493.039,29,786,None,Move,office
1573648493.0470002,35,795,None,Move,office
1573648493.055,38,804,None,Move,office
1573648493.063,41,813,None,Move,office
1573648493.071,44,821,None,Move,office
1573648493.079,47,830,None,Move,office
1573648493.087,50,839,None,Move,office
1573648493.095,58,850,None,Move,office
1573648493.1120002,67,863,None,Move,office
1573648493.117,89,911,None,Move,office
1573648493.125,101,937,None,Move,office
1573648493.133,117,968,None,Move,office
1573648493.141,133,993,None,Move,office
1573648493.149,145,1010,None,Move,office
1573648493.157,154,1023,None,Move,office
1573648493.165,161,1036,None,Move,office
1573648493.173,164,1042,None,Move,office
1573648493.179,166,1046,None,Move,office
1573648493.186,167,1048,None,Move,office
1573648493.195,168,1050,None,Move,office
1573648493.246,168,1051,None,Move,office
1573648493.268,169,1052,None,Move,office
1573648493.276,176,1054,None,Move,office
1573648493.284,188,1057,None,Move,office
1573648493.293,200,1060,None,Move,office
1573648493.3,211,1063,None,Move,office
1573648493.3079998,221,1065,None,Move,office
1573648493.3170002,229,1065,None,Move,office
1573648493.325,236,1064,None,Move,office
1573648493.333,238,1063,None,Move,office
1573648493.341,240,1061,None,Move,office
1573648493.347,241,1059,None,Move,office
1573648493.355,241,1056,None,Move,office
1573648493.363,241,1050,None,Move,office
1573648493.371,241,1040,None,Move,office
1573648493.379,241,1028,None,Move,office
1573648493.387,239,1019,None,Move,office
1573648493.404,238,1016,None,Move,office
1573648493.406,237,1014,None,Move,office
1573648493.411,237,1013,None,Move,office
1573648493.515,237,1014,None,Move,office
1573648493.5229998,237,1016,None,Move,office
1573648493.531,238,1018,None,Move,office
1573648493.539,240,1020,None,Move,office
1573648493.5470002,243,1022,None,Move,office
1573648493.555,245,1024,None,Move,office
1573648493.562,247,1026,None,Move,office
1573648493.57,248,1027,None,Move,office
1573648493.5779998,248,1027,None,Move,office
1573648493.62,250,1028,None,Move,office
1573648493.6320002,251,1028,None,Move,office
1573648493.64,261,1029,None,Move,office
1573648493.6479998,273,1033,None,Move,office
1573648493.656,286,1036,None,Move,office
1573648493.664,296,1040,None,Move,office
1573648493.67,307,1043,None,Move,office
1573648493.678,314,1046,None,Move,office
1573648493.689,317,1048,None,Move,office
1573648493.695,318,1049,None,Move,office
1573648493.7029998,319,1049,None,Move,office
1573648493.793,320,1049,None,Move,office
1573648493.801,324,1049,None,Move,office
1573648493.809,327,1047,None,Move,office
1573648493.8170002,330,1047,None,Move,office
1573648493.825,333,1046,None,Move,office
1573648493.833,335,1046,None,Move,office
1573648493.841,337,1046,None,Move,office
1573648493.847,339,1046,None,Move,office
1573648493.855,341,1046,None,Move,office
1573648493.863,344,1046,None,Move,office
1573648493.871,348,1045,None,Move,office
1573648493.879,351,1045,None,Move,office
1573648493.887,355,1045,None,Move,office
1573648493.895,359,1043,None,Move,office
1573648493.9020002,361,1043,None,Move,office
1573648493.911,362,1043,None,Move,office
1573648493.918,363,1043,None,Move,office
1573648493.988,364,1043,None,Move,office
1573648494.0010002,365,1043,None,Move,office
1573648494.006,366,1044,None,Move,office
1573648494.014,368,1045,None,Move,office
1573648494.022,369,1047,None,Move,office
1573648494.03,371,1048,None,Move,office
1573648494.038,372,1050,None,Move,office
1573648494.046,374,1051,None,Move,office
1573648494.055,375,1052,None,Move,office
1573648494.063,376,1052,None,Move,office
1573648494.071,376,1053,None,Move,office
1573648494.101,377,1053,None,Move,office
1573648494.109,378,1053,None,Move,office
1573648494.117,379,1054,None,Move,office
1573648494.125,381,1056,None,Move,office
1573648494.133,383,1057,None,Move,office
1573648494.141,385,1058,None,Move,office
1573648494.149,387,1060,None,Move,office
1573648494.157,389,1061,None,Move,office
1573648494.165,391,1062,None,Move,office
1573648494.171,393,1063,None,Move,office
1573648494.179,394,1064,None,Move,office
1573648494.187,395,1064,None,Move,office
1573648494.195,396,1064,None,Move,office
1573648494.211,397,1064,None,Move,office
1573648494.2389998,397,1064,Left,Pressed,office
1573648494.3860002,397,1064,Left,Released,office
1573648494.645,397,1064,None,Move,file system
1573648494.657,396,1063,None,Move,file system
1573648494.665,391,1055,None,Move,file system
1573648494.673,385,1044,None,Move,file system
1573648494.679,377,1031,None,Move,file system
1573648494.687,371,1020,None,Move,file system
1573648494.695,366,1009,None,Move,file system
1573648494.702,360,1000,None,Move,file system
1573648494.711,357,994,None,Move,file system
1573648494.719,355,990,None,Move,file system
1573648494.7270002,353,987,None,Move,file system
1573648494.734,351,985,None,Move,file system
1573648494.742,350,983,None,Move,file system
1573648494.7510002,349,982,None,Move,file system
1573648494.7570002,349,980,None,Move,file system
1573648494.765,348,980,None,Move,file system
1573648494.772,347,980,None,Move,file system
1573648494.78,346,979,None,Move,file system
1573648494.788,345,978,None,Move,file system
1573648494.796,344,977,None,Move,file system
1573648494.804,340,976,None,Move,file system
1573648494.812,338,976,None,Move,file system
1573648494.82,337,974,None,Move,file system
1573648494.8279998,335,972,None,Move,file system
1573648494.836,329,970,None,Move,file system
1573648494.842,318,967,None,Move,file system
1573648494.85,313,964,None,Move,file system
1573648494.8579998,311,962,None,Move,file system
1573648494.867,309,961,None,Move,file system
1573648494.8739998,307,959,None,Move,file system
1573648494.8820002,305,957,None,Move,file system
1573648494.891,305,956,None,Move,file system
1573648494.903,304,956,None,Move,file system
1573648494.915,304,955,None,Move,file system
1573648494.957,304,954,None,Move,file system
1573648494.969,304,953,None,Move,file system
1573648494.9770002,304,951,None,Move,file system
1573648494.985,304,949,None,Move,file system
1573648494.9929998,305,947,None,Move,file system
1573648495.0010002,307,945,None,Move,file system
1573648495.0070002,311,943,None,Move,file system
1573648495.015,317,940,None,Move,file system
1573648495.0229998,324,938,None,Move,file system
1573648495.031,333,933,None,Move,file system
1573648495.039,341,930,None,Move,file system
1573648495.0470002,352,927,None,Move,file system
1573648495.055,361,925,None,Move,file system
1573648495.063,369,923,None,Move,file system
1573648495.071,378,920,None,Move,file system
1573648495.079,382,919,None,Move,file system
1573648495.086,386,918,None,Move,file system
1573648495.093,393,915,None,Move,file system
1573648495.101,406,912,None,Move,file system
1573648495.109,424,909,None,Move,file system
1573648495.117,442,907,None,Move,file system
1573648495.125,460,907,None,Move,file system
1573648495.133,480,907,None,Move,file system
1573648495.14,500,907,None,Move,file system
1573648495.1479998,518,908,None,Move,file system
1573648495.156,530,909,None,Move,file system
1573648495.165,542,913,None,Move,file system
1573648495.17,551,914,None,Move,file system
1573648495.179,553,914,None,Move,file system
1573648495.186,554,914,None,Move,file system
1573648495.4220002,554,915,None,Move,file system
1573648495.429,552,917,None,Move,file system
1573648495.437,550,919,None,Move,file system
1573648495.444,549,920,None,Move,file system
1573648495.452,548,920,None,Move,file system
1573648495.46,547,921,None,Move,file system
1573648495.468,546,921,None,Move,file system
1573648495.476,544,922,None,Move,file system
1573648495.484,543,922,None,Move,file system
1573648495.492,543,923,None,Move,file system
1573648495.5,542,923,None,Move,file system
1573648495.645,541,923,Left,Pressed,file system
1573648495.645,541,923,None,Drag,file system
1573648495.645,541,923,Left,Released,file system
1573648495.813,541,922,None,Move,browsing
1573648495.821,541,920,None,Move,browsing
1573648495.829,541,919,None,Move,browsing
1573648495.837,542,916,None,Move,browsing
1573648495.842,543,914,None,Move,browsing
1573648495.851,544,912,None,Move,browsing
1573648495.8579998,544,910,None,Move,browsing
1573648495.8660002,545,908,None,Move,browsing
1573648495.8739998,547,907,None,Move,browsing
1573648495.883,550,906,None,Move,browsing
1573648495.89,557,909,None,Move,browsing
1573648495.899,568,919,None,Move,browsing
1573648495.906,581,928,None,Move,browsing
1573648495.915,594,942,None,Move,browsing
1573648495.92,618,961,None,Move,browsing
1573648495.929,639,977,None,Move,browsing
1573648495.937,659,1005,None,Move,browsing
1573648495.945,677,1037,None,Move,browsing
1573648495.9529998,680,1041,None,Move,browsing
1573648496.12,680,1041,None,Move,browsing
1573648496.129,680,1040,None,Move,browsing
1573648496.149,680,1039,None,Move,browsing
1573648496.156,677,1029,None,Move,browsing
1573648496.164,669,1013,None,Move,browsing
1573648496.17,652,992,None,Move,browsing
1573648496.179,633,957,None,Move,browsing
1573648496.187,606,930,None,Move,browsing
1573648496.195,594,918,None,Move,browsing
1573648496.2029998,585,909,None,Move,browsing
1573648496.211,576,900,None,Move,browsing
1573648496.219,566,890,None,Move,browsing
1573648496.2270002,557,877,None,Move,browsing
1573648496.235,547,863,None,Move,browsing
1573648496.2429998,537,848,None,Move,browsing
1573648496.2510002,527,833,None,Move,browsing
1573648496.2570002,517,820,None,Move,browsing
1573648496.265,507,805,None,Move,browsing
1573648496.2729998,501,790,None,Move,browsing
1573648496.281,496,778,None,Move,browsing
1573648496.289,490,765,None,Move,browsing
1573648496.2970002,483,750,None,Move,browsing
1573648496.305,475,737,None,Move,browsing
1573648496.313,467,725,None,Move,browsing
1573648496.321,459,710,None,Move,browsing
1573648496.329,449,695,None,Move,browsing
1573648496.335,439,682,None,Move,browsing
1573648496.342,429,667,None,Move,browsing
1573648496.351,420,656,None,Move,browsing
1573648496.3579998,412,647,None,Move,browsing
1573648496.367,406,639,None,Move,browsing
1573648496.3739998,401,632,None,Move,browsing
1573648496.383,398,630,None,Move,browsing
1573648496.39,396,627,None,Move,browsing
1573648496.399,394,625,None,Move,browsing
1573648496.406,393,623,None,Move,browsing
1573648496.415,392,621,None,Move,browsing
1573648496.421,392,619,None,Move,browsing
1573648496.429,392,618,None,Move,browsing
1573648496.437,392,617,None,Move,browsing
1573648496.444,391,615,None,Move,browsing
1573648496.452,390,613,None,Move,browsing
1573648496.46,390,611,None,Move,browsing
1573648496.469,389,609,None,Move,browsing
1573648496.4770002,389,607,None,Move,browsing
1573648496.485,389,606,None,Move,browsing
1573648496.5070002,389,605,None,Move,browsing
1573648496.715,389,605,Left,Pressed,browsing
1573648496.829,389,605,Left,Released,browsing
1573648496.965,389,605,None,Move,browsing
1573648496.9729998,391,598,None,Move,browsing
1573648496.981,396,589,None,Move,browsing
1573648496.9889998,398,580,None,Move,browsing
1573648496.9970002,401,570,None,Move,browsing
1573648497.0029998,405,557,None,Move,browsing
1573648497.0110002,408,543,None,Move,browsing
1573648497.019,409,523,None,Move,browsing
1573648497.0270002,409,503,None,Move,browsing
1573648497.035,409,483,None,Move,browsing
1573648497.043,409,467,None,Move,browsing
1573648497.051,409,455,None,Move,browsing
1573648497.059,411,445,None,Move,browsing
1573648497.0670002,414,436,None,Move,browsing
1573648497.075,417,428,None,Move,browsing
1573648497.083,421,419,None,Move,browsing
1573648497.089,427,410,None,Move,browsing
1573648497.105,446,391,None,Move,browsing
1573648497.1120002,455,382,None,Move,browsing
1573648497.121,464,372,None,Move,browsing
1573648497.129,472,365,None,Move,browsing
1573648497.137,477,361,None,Move,browsing
1573648497.145,480,358,None,Move,browsing
1573648497.153,484,355,None,Move,browsing
1573648497.16,487,353,None,Move,browsing
1573648497.166,495,351,None,Move,browsing
1573648497.174,505,349,None,Move,browsing
1573648497.1820002,523,349,None,Move,browsing
1573648497.19,548,349,None,Move,browsing
1573648497.198,586,353,None,Move,browsing
1573648497.207,641,358,None,Move,browsing
1573648497.215,715,366,None,Move,browsing
1573648497.222,793,369,None,Move,browsing
1573648497.23,860,378,None,Move,browsing
1573648497.238,919,386,None,Move,browsing
1573648497.246,954,390,None,Move,browsing
1573648497.2529998,977,394,None,Move,browsing
1573648497.271,983,396,None,Move,browsing
1573648497.272,984,396,None,Move,browsing
1573648497.285,983,396,None,Move,browsing
1573648497.293,977,392,None,Move,browsing
1573648497.301,968,390,None,Move,browsing
1573648497.3079998,961,385,None,Move,browsing
1573648497.3170002,955,383,None,Move,browsing
1573648497.325,950,380,None,Move,browsing
1573648497.331,944,376,None,Move,browsing
1573648497.339,937,369,None,Move,browsing
1573648497.347,931,360,None,Move,browsing
1573648497.355,923,351,None,Move,browsing
1573648497.363,915,338,None,Move,browsing
1573648497.371,907,327,None,Move,browsing
1573648497.379,903,318,None,Move,browsing
1573648497.387,900,311,None,Move,browsing
1573648497.395,899,309,None,Move,browsing
1573648497.403,899,307,None,Move,browsing
1573648497.411,899,306,None,Move,browsing
1573648497.417,899,305,None,Move,browsing
1573648497.425,899,305,None,Move,browsing
1573648497.4329998,899,304,None,Move,browsing
1573648497.441,901,303,None,Move,browsing
1573648497.449,902,302,None,Move,browsing
1573648497.457,903,301,None,Move,browsing
1573648497.465,903,300,None,Move,browsing
1573648497.4729998,904,299,None,Move,browsing
1573648497.481,904,299,None,Move,browsing
1573648497.488,904,298,None,Move,browsing
1573648497.495,905,297,None,Move,browsing
1573648497.502,905,296,None,Move,browsing
1573648497.51,906,294,None,Move,browsing
1573648497.518,907,293,None,Move,browsing
1573648497.526,909,291,None,Move,browsing
1573648497.534,910,289,None,Move,browsing
1573648497.542,912,287,None,Move,browsing
1573648497.55,914,284,None,Move,browsing
1573648497.5579998,917,279,None,Move,browsing
1573648497.566,919,274,None,Move,browsing
1573648497.574,922,267,None,Move,browsing
1573648497.58,925,259,None,Move,browsing
1573648497.5879998,926,250,None,Move,browsing
1573648497.596,928,244,None,Move,browsing
1573648497.605,927,239,None,Move,browsing
1573648497.6120002,926,234,None,Move,browsing
1573648497.62,925,232,None,Move,browsing
1573648497.6279998,923,229,None,Move,browsing
1573648497.6360002,923,226,None,Move,browsing
1573648497.645,922,224,None,Move,browsing
1573648497.6520002,922,219,None,Move,browsing
1573648497.661,921,215,None,Move,browsing
1573648497.667,921,213,None,Move,browsing
1573648497.675,920,208,None,Move,browsing
1573648497.6829998,920,205,None,Move,browsing
1573648497.691,919,203,None,Move,browsing
1573648497.699,916,200,None,Move,browsing
1573648497.707,915,198,None,Move,browsing
1573648497.715,915,197,None,Move,browsing
1573648497.7229998,914,196,None,Move,browsing
1573648497.7970002,914,195,None,Move,browsing
1573648497.805,913,193,None,Move,browsing
1573648497.813,913,192,None,Move,browsing
1573648497.821,912,190,None,Move,browsing
1573648497.829,912,189,None,Move,browsing
1573648497.835,911,189,None,Move,browsing
1573648497.843,911,188,None,Move,browsing
1573648497.851,910,188,None,Move,browsing
1573648497.9020002,910,188,Left,Pressed,browsing
1573648498.079,910,188,Left,Released,browsing
1573648498.617,910,188,None,Move,browsing
1573648498.6279998,911,188,None,Move,browsing
1573648498.6360002,913,190,None,Move,browsing
1573648498.644,913,190,None,Move,browsing
1573648498.6520002,913,191,None,Move,browsing
1573648498.678,914,191,None,Move,browsing
1573648498.7489998,914,192,None,Move,browsing
1573648498.895,915,192,None,Move,browsing
1573648498.907,916,192,None,Move,browsing
1573648498.915,931,193,None,Move,browsing
1573648498.921,957,197,None,Move,browsing
1573648498.929,999,202,None,Move,browsing
1573648498.937,1062,210,None,Move,browsing
1573648498.945,1129,218,None,Move,browsing
1573648498.9529998,1201,233,None,Move,browsing
1573648498.961,1272,244,None,Move,browsing
1573648498.969,1339,250,None,Move,browsing
1573648498.9770002,1407,267,None,Move,browsing
1573648498.985,1469,286,None,Move,browsing
1573648498.992,1517,299,None,Move,browsing
1573648499.0010002,1548,303,None,Move,browsing
1573648499.006,1571,307,None,Move,browsing
1573648499.015,1589,308,None,Move,browsing
1573648499.0229998,1599,310,None,Move,browsing
1573648499.031,1608,311,None,Move,browsing
1573648499.038,1613,314,None,Move,browsing
1573648499.0470002,1616,316,None,Move,browsing
1573648499.055,1618,317,None,Move,browsing
1573648499.063,1621,318,None,Move,browsing
1573648499.07,1625,320,None,Move,browsing
1573648499.0779998,1630,323,None,Move,browsing
1573648499.084,1638,326,None,Move,browsing
1573648499.092,1645,328,None,Move,browsing
1573648499.1,1654,333,None,Move,browsing
1573648499.1079998,1661,337,None,Move,browsing
1573648499.1160002,1666,342,None,Move,browsing
1573648499.1239998,1668,346,None,Move,browsing
1573648499.1320002,1670,348,None,Move,browsing
1573648499.14,1670,350,None,Move,browsing
1573648499.149,1670,352,None,Move,browsing
1573648499.419,1670,352,None,Move,browsing
1573648499.429,1667,353,None,Move,browsing
1573648499.437,1648,354,None,Move,browsing
1573648499.445,1622,358,None,Move,browsing
1573648499.4529998,1589,360,None,Move,browsing
1573648499.461,1569,360,None,Move,browsing
1573648499.469,1559,360,None,Move,browsing
1573648499.476,1556,362,None,Move,browsing
1573648499.485,1558,370,None,Move,browsing
1573648499.492,1561,386,None,Move,browsing
1573648499.5,1563,406,None,Move,browsing
1573648499.506,1565,431,None,Move,browsing
1573648499.514,1567,453,None,Move,browsing
1573648499.522,1570,473,None,Move,browsing
1573648499.53,1573,491,None,Move,browsing
1573648499.539,1576,504,None,Move,browsing
1573648499.5470002,1579,516,None,Move,browsing
1573648499.555,1582,525,None,Move,browsing
1573648499.562,1585,528,None,Move,browsing
1573648499.571,1586,530,None,Move,browsing
1573648499.5779998,1588,532,None,Move,browsing
1573648499.585,1590,533,None,Move,browsing
1573648499.592,1592,534,None,Move,browsing
1573648499.601,1593,534,None,Move,browsing
1573648499.617,1593,534,None,Move,browsing
1573648499.625,1594,534,None,Move,browsing
1573648499.633,1596,533,None,Move,browsing
1573648499.64,1600,530,None,Move,browsing
1573648499.6479998,1602,529,None,Move,browsing
1573648499.656,1603,529,None,Move,browsing
1573648499.6829998,1603,529,None,Move,browsing
1573648499.69,1604,529,None,Move,browsing
1573648499.699,1606,530,None,Move,browsing
1573648499.707,1608,531,None,Move,browsing
1573648499.715,1609,533,None,Move,browsing
1573648499.7229998,1610,533,None,Move,browsing
1573648499.7429998,1611,533,None,Move,browsing
1573648499.7510002,1612,533,None,Move,browsing
1573648499.7570002,1612,533,None,Move,browsing
1573648499.903,1613,533,None,Move,browsing
1573648499.925,1613,533,None,Move,browsing
1573648500.324,1614,533,None,Move,browsing
1573648500.334,1617,534,None,Move,browsing
1573648500.343,1619,536,None,Move,browsing
1573648500.351,1621,538,None,Move,browsing
1573648500.359,1624,540,None,Move,browsing
1573648500.367,1627,544,None,Move,browsing
1573648500.375,1633,551,None,Move,browsing
1573648500.383,1639,560,None,Move,browsing
1573648500.391,1645,571,None,Move,browsing
1573648500.399,1650,582,None,Move,browsing
1573648500.407,1655,598,None,Move,browsing
1573648500.415,1658,614,None,Move,browsing
1573648500.421,1659,629,None,Move,browsing
1573648500.429,1663,641,None,Move,browsing
1573648500.437,1664,653,None,Move,browsing
1573648500.445,1667,662,None,Move,browsing
1573648500.4529998,1670,669,None,Move,browsing
1573648500.461,1671,673,None,Move,browsing
1573648500.469,1672,675,None,Move,browsing
1573648500.4770002,1673,676,None,Move,browsing
1573648500.5070002,1673,676,None,Move,browsing
1573648500.515,1672,676,None,Move,browsing
1573648500.5229998,1671,676,None,Move,browsing
1573648500.531,1670,676,None,Move,browsing
1573648500.539,1670,675,None,Move,browsing
1573648500.5470002,1668,673,None,Move,browsing
1573648500.555,1666,671,None,Move,browsing
1573648500.563,1664,668,None,Move,browsing
1573648500.571,1663,666,None,Move,browsing
1573648500.576,1662,664,None,Move,browsing
1573648500.584,1661,662,None,Move,browsing
1573648500.592,1661,661,None,Move,browsing
1573648500.6,1660,661,None,Move,browsing
1573648500.6079998,1660,659,None,Move,browsing
1573648500.6160002,1660,657,None,Move,browsing
1573648500.6239998,1659,655,None,Move,browsing
1573648500.6320002,1659,653,None,Move,browsing
1573648500.64,1658,650,None,Move,browsing
1573648500.6479998,1657,646,None,Move,browsing
1573648500.654,1656,643,None,Move,browsing
1573648500.6620002,1655,641,None,Move,browsing
1573648500.67,1655,639,None,Move,browsing
1573648500.678,1655,638,None,Move,browsing
1573648500.906,1653,638,Left,Pressed,browsing
1573648500.907,1653,638,None,Drag,browsing
1573648500.9120002,1647,636,None,Drag,browsing
1573648500.921,1638,633,None,Drag,browsing
1573648500.929,1629,630,None,Drag,browsing
1573648500.936,1621,629,None,Drag,browsing
1573648500.944,1613,629,None,Drag,browsing
1573648500.952,1605,629,None,Drag,browsing
1573648500.96,1597,629,None,Drag,browsing
1573648500.969,1588,629,None,Drag,browsing
1573648500.9770002,1584,629,None,Drag,browsing
1573648500.9929998,1576,629,None,Drag,browsing
1573648500.998,1572,629,None,Drag,browsing
1573648501.006,1569,629,None,Drag,browsing
1573648501.014,1565,629,None,Drag,browsing
1573648501.022,1561,629,None,Drag,browsing
1573648501.03,1558,629,None,Drag,browsing
1573648501.038,1556,629,None,Drag,browsing
1573648501.046,1554,629,None,Drag,browsing
1573648501.054,1552,628,None,Drag,browsing
1573648501.063,1549,625,None,Drag,browsing
1573648501.071,1547,624,None,Drag,browsing
1573648501.077,1544,622,None,Drag,browsing
1573648501.085,1541,620,None,Drag,browsing
1573648501.093,1536,620,None,Drag,browsing
1573648501.101,1530,620,None,Drag,browsing
1573648501.1079998,1522,620,None,Drag,browsing
1573648501.117,1512,620,None,Drag,browsing
1573648501.125,1505,620,None,Drag,browsing
1573648501.133,1502,621,None,Drag,browsing
1573648501.141,1499,624,None,Drag,browsing
1573648501.149,1497,625,None,Drag,browsing
1573648501.155,1495,625,None,Drag,browsing
1573648501.163,1494,625,None,Drag,browsing
1573648501.171,1493,625,None,Drag,browsing
1573648501.1829998,1492,625,None,Drag,browsing
1573648501.191,1491,625,None,Drag,browsing
1573648501.199,1491,625,None,Drag,browsing
1573648501.207,1489,625,None,Drag,browsing
1573648501.215,1487,625,None,Drag,browsing
1573648501.2229998,1485,626,None,Drag,browsing
1573648501.231,1483,626,None,Drag,browsing
1573648501.2370002,1481,626,None,Drag,browsing
1573648501.245,1479,626,None,Drag,browsing
1573648501.2529998,1478,626,None,Drag,browsing
1573648501.2610002,1476,626,None,Drag,browsing
1573648501.269,1474,626,None,Drag,browsing
1573648501.2770002,1474,626,None,Drag,browsing
1573648501.285,1472,626,None,Drag,browsing
1573648501.293,1471,626,None,Drag,browsing
1573648501.301,1469,626,None,Drag,browsing
1573648501.309,1467,626,None,Drag,browsing
1573648501.3170002,1463,626,None,Drag,browsing
1573648501.323,1457,626,None,Drag,browsing
1573648501.33,1453,628,None,Drag,browsing
1573648501.339,1450,629,None,Drag,browsing
1573648501.347,1447,629,None,Drag,browsing
1573648501.355,1444,629,None,Drag,browsing
1573648501.3620002,1442,629,None,Drag,browsing
1573648501.371,1440,629,None,Drag,browsing
1573648501.3779998,1438,629,None,Drag,browsing
1573648501.3860002,1436,629,None,Drag,browsing
1573648501.394,1435,629,None,Drag,browsing
1573648501.401,1433,629,None,Drag,browsing
1573648501.409,1432,629,None,Drag,browsing
1573648501.417,1432,629,None,Drag,browsing
1573648501.424,1431,629,None,Drag,browsing
1573648501.649,1431,629,None,Drag,browsing
1573648501.659,1432,629,None,Drag,browsing
1573648501.667,1434,629,None,Drag,browsing
1573648501.675,1436,629,None,Drag,browsing
1573648501.6820002,1438,629,None,Drag,browsing
1573648501.69,1439,629,None,Drag,browsing
1573648501.698,1440,630,None,Drag,browsing
1573648501.71,1441,630,None,Drag,browsing
1573648501.722,1442,630,None,Drag,browsing
1573648501.738,1442,630,None,Drag,browsing
1573648501.744,1443,630,None,Drag,browsing
1573648501.752,1444,630,None,Drag,browsing
1573648501.769,1445,630,None,Drag,browsing
1573648501.769,1445,630,Left,Released,browsing
1573648503.359,1445,630,None,Move,browsing
1573648503.367,1440,626,None,Move,browsing
1573648503.375,1436,624,None,Move,browsing
1573648503.383,1433,622,None,Move,browsing
1573648503.391,1429,620,None,Move,browsing
1573648503.399,1426,617,None,Move,browsing
1573648503.407,1424,616,None,Move,browsing
1573648503.415,1422,615,None,Move,browsing
1573648503.421,1419,614,None,Move,browsing
1573648503.429,1415,612,None,Move,browsing
1573648503.437,1414,611,None,Move,browsing
1573648503.444,1414,611,None,Move,browsing
1573648503.456,1414,610,None,Move,browsing
1573648503.464,1412,609,None,Move,browsing
1573648503.4729998,1411,607,None,Move,browsing
1573648503.481,1411,606,None,Move,browsing
1573648503.4889998,1410,606,None,Move,browsing
1573648503.496,1409,604,None,Move,browsing
1573648503.502,1409,602,None,Move,browsing
1573648503.51,1409,599,None,Move,browsing
1573648503.518,1409,595,None,Move,browsing
1573648503.526,1409,592,None,Move,browsing
1573648503.535,1410,589,None,Move,browsing
1573648503.543,1412,585,None,Move,browsing
1573648503.551,1415,581,None,Move,browsing
1573648503.559,1419,575,None,Move,browsing
1573648503.5670002,1426,568,None,Move,browsing
1573648503.575,1433,561,None,Move,browsing
1573648503.581,1444,553,None,Move,browsing
1573648503.589,1456,543,None,Move,browsing
1573648503.611,1467,535,None,Move,browsing
1573648503.6120002,1480,527,None,Move,browsing
1573648503.613,1492,519,None,Move,browsing
1573648503.621,1505,514,None,Move,browsing
1573648503.629,1518,510,None,Move,browsing
1573648503.637,1530,505,None,Move,browsing
1573648503.645,1543,500,None,Move,browsing
1573648503.653,1554,496,None,Move,browsing
1573648503.661,1562,493,None,Move,browsing
1573648503.679,1569,490,None,Move,browsing
1573648503.6820002,1571,488,None,Move,browsing
1573648503.6820002,1573,488,None,Move,browsing
1573648503.691,1573,487,None,Move,browsing
1573648503.7389998,1574,487,None,Move,browsing
1573648503.764,1576,487,None,Move,browsing
1573648503.772,1578,487,None,Move,browsing
1573648503.78,1578,487,None,Move,browsing
1573648503.788,1579,487,None,Move,browsing
1573648503.796,1580,486,None,Move,browsing
1573648503.9929998,1582,486,None,Move,browsing
1573648503.9989998,1584,488,None,Move,browsing
1573648504.0070002,1586,489,None,Move,browsing
1573648504.101,1587,489,None,Move,browsing
1573648504.2229998,1587,489,None,Move,browsing
1573648504.235,1586,490,None,Move,browsing
1573648504.2429998,1586,490,None,Move,browsing
1573648504.2489998,1585,490,None,Move,browsing
1573648504.2570002,1583,490,None,Move,browsing
1573648504.265,1580,490,None,Move,browsing
1573648504.2729998,1572,490,None,Move,browsing
1573648504.281,1562,490,None,Move,browsing
1573648504.289,1549,488,None,Move,browsing
1573648504.2970002,1535,488,None,Move,browsing
1573648504.305,1520,488,None,Move,browsing
1573648504.313,1500,488,None,Move,browsing
1573648504.321,1472,488,None,Move,browsing
1573648504.327,1438,484,None,Move,browsing
1573648504.335,1404,482,None,Move,browsing
1573648504.343,1363,482,None,Move,browsing
1573648504.351,1328,485,None,Move,browsing
1573648504.359,1288,485,None,Move,browsing
1573648504.367,1242,484,None,Move,browsing
1573648504.375,1187,479,None,Move,browsing
1573648504.383,1121,470,None,Move,browsing
1573648504.391,1045,456,None,Move,browsing
1573648504.399,964,438,None,Move,browsing
1573648504.407,884,417,None,Move,browsing
1573648504.413,802,393,None,Move,browsing
1573648504.421,720,362,None,Move,browsing
1573648504.429,655,339,None,Move,browsing
1573648504.437,593,317,None,Move,browsing
1573648504.445,546,296,None,Move,browsing
1573648504.4529998,496,278,None,Move,browsing
1573648504.461,455,263,None,Move,browsing
1573648504.468,418,254,None,Move,browsing
1573648504.476,388,250,None,Move,browsing
1573648504.484,361,246,None,Move,browsing
1573648504.492,339,244,None,Move,browsing
1573648504.498,321,243,None,Move,browsing
1573648504.506,305,243,None,Move,browsing
1573648504.514,293,243,None,Move,browsing
1573648504.5229998,280,245,None,Move,browsing
1573648504.53,272,248,None,Move,browsing
1573648504.539,263,249,None,Move,browsing
1573648504.546,260,251,None,Move,browsing
1573648504.555,258,253,None,Move,browsing
1573648504.562,257,253,None,Move,browsing
1573648504.571,255,253,None,Move,browsing
1573648504.577,254,254,None,Move,browsing
1573648504.585,252,256,None,Move,browsing
1573648504.593,250,258,None,Move,browsing
1573648504.601,249,263,None,Move,browsing
1573648504.609,248,266,None,Move,browsing
1573648504.617,248,272,None,Move,browsing
1573648504.625,247,279,None,Move,browsing
1573648504.633,244,291,None,Move,browsing
1573648504.641,240,304,None,Move,browsing
1573648504.649,237,320,None,Move,browsing
1573648504.655,234,338,None,Move,browsing
1573648504.663,234,358,None,Move,browsing
1573648504.671,235,378,None,Move,browsing
1573648504.679,238,398,None,Move,browsing
1573648504.687,243,418,None,Move,browsing
1573648504.695,246,436,None,Move,browsing
1573648504.7029998,250,453,None,Move,browsing
1573648504.711,253,469,None,Move,browsing
1573648504.718,256,483,None,Move,browsing
1573648504.7270002,259,496,None,Move,browsing
1573648504.735,262,508,None,Move,browsing
1573648504.7410002,265,519,None,Move,browsing
1573648504.748,268,527,None,Move,browsing
1573648504.7570002,269,536,None,Move,browsing
1573648504.764,271,544,None,Move,browsing
1573648504.772,273,548,None,Move,browsing
1573648504.78,274,551,None,Move,browsing
1573648504.789,274,553,None,Move,browsing
1573648504.796,274,555,None,Move,browsing
1573648504.804,274,557,None,Move,browsing
1573648504.9120002,274,557,None,Move,browsing
1573648504.921,274,559,None,Move,browsing
1573648504.929,274,561,None,Move,browsing
1573648504.937,274,562,None,Move,browsing
1573648504.945,274,564,None,Move,browsing
1573648504.9529998,273,566,None,Move,browsing
1573648504.961,272,568,None,Move,browsing
1573648504.969,272,571,None,Move,browsing
1573648504.9770002,270,574,None,Move,browsing
1573648504.9829998,269,578,None,Move,browsing
1573648504.9910002,269,582,None,Move,browsing
1573648504.9989998,269,585,None,Move,browsing
1573648505.0070002,269,590,None,Move,browsing
1573648505.015,269,593,None,Move,browsing
1573648505.0229998,269,596,None,Move,browsing
1573648505.031,269,598,None,Move,browsing
1573648505.039,270,600,None,Move,browsing
1573648505.0470002,271,601,None,Move,browsing
1573648505.055,271,602,None,Move,browsing
1573648505.069,271,603,None,Move,browsing
1573648505.077,271,605,None,Move,browsing
1573648505.085,272,608,None,Move,browsing
1573648505.093,272,616,None,Move,browsing
1573648505.101,272,624,None,Move,browsing
1573648505.109,272,632,None,Move,browsing
1573648505.117,272,642,None,Move,browsing
1573648505.125,273,652,None,Move,browsing
1573648505.133,275,661,None,Move,browsing
1573648505.141,276,669,None,Move,browsing
1573648505.146,278,678,None,Move,browsing
1573648505.154,278,684,None,Move,browsing
1573648505.1620002,279,692,None,Move,browsing
1573648505.171,280,699,None,Move,browsing
1573648505.178,280,703,None,Move,browsing
1573648505.187,280,705,None,Move,browsing
1573648505.195,281,707,None,Move,browsing
1573648505.202,281,708,None,Move,browsing
1573648505.2729998,281,708,None,Move,browsing
1573648505.28,281,702,None,Move,browsing
1573648505.289,281,693,None,Move,browsing
1573648505.2970002,281,681,None,Move,browsing
1573648505.305,281,669,None,Move,browsing
1573648505.311,278,655,None,Move,browsing
1573648505.319,274,640,None,Move,browsing
1573648505.327,271,628,None,Move,browsing
1573648505.335,270,620,None,Move,browsing
1573648505.343,270,613,None,Move,browsing
1573648505.351,270,610,None,Move,browsing
1573648505.359,270,607,None,Move,browsing
1573648505.367,270,605,None,Move,browsing
1573648505.375,269,603,None,Move,browsing
1573648505.383,269,602,None,Move,browsing
1573648505.391,269,601,None,Move,browsing
1573648505.429,269,602,None,Move,browsing
1573648505.437,269,608,None,Move,browsing
1573648505.445,270,617,None,Move,browsing
1573648505.4529998,272,625,None,Move,browsing
1573648505.461,272,635,None,Move,browsing
1573648505.469,273,645,None,Move,browsing
1573648505.4770002,276,658,None,Move,browsing
1573648505.4829998,278,668,None,Move,browsing
1573648505.4910002,279,679,None,Move,browsing
1573648505.498,281,691,None,Move,browsing
1573648505.506,284,699,None,Move,browsing
1573648505.515,285,708,None,Move,browsing
1573648505.522,288,716,None,Move,browsing
1573648505.53,291,723,None,Move,browsing
1573648505.538,293,728,None,Move,browsing
1573648505.546,295,732,None,Move,browsing
1573648505.554,296,734,None,Move,browsing
1573648505.56,297,736,None,Move,browsing
1573648505.5679998,298,737,None,Move,browsing
1573648505.576,299,738,None,Move,browsing
1573648506.035,299,738,None,Move,browsing
1573648506.043,299,732,None,Move,browsing
1573648506.051,299,724,None,Move,browsing
1573648506.06,299,716,None,Move,browsing
1573648506.0679998,301,703,None,Move,browsing
1573648506.073,301,691,None,Move,browsing
1573648506.081,301,679,None,Move,browsing
1573648506.089,300,667,None,Move,browsing
1573648506.097,299,651,None,Move,browsing
1573648506.105,299,639,None,Move,browsing
1573648506.113,299,627,None,Move,browsing
1573648506.121,299,617,None,Move,browsing
1573648506.129,299,611,None,Move,browsing
1573648506.137,299,609,None,Move,browsing
1573648506.145,299,607,None,Move,browsing
1573648506.153,299,605,None,Move,browsing
1573648506.159,299,604,None,Move,browsing
1573648506.167,299,603,None,Move,browsing
1573648506.175,299,602,None,Move,browsing
1573648506.1829998,299,601,None,Move,browsing
1573648506.191,299,601,None,Move,browsing
1573648506.199,299,601,None,Move,browsing
1573648506.207,299,600,None,Move,browsing
1573648506.215,299,598,None,Move,browsing
1573648506.2229998,299,597,None,Move,browsing
1573648506.231,300,595,None,Move,browsing
1573648506.2370002,301,593,None,Move,browsing
1573648506.245,301,591,None,Move,browsing
1573648506.252,302,589,None,Move,browsing
1573648506.2610002,303,587,None,Move,browsing
1573648506.269,304,585,None,Move,browsing
1573648506.2770002,305,583,None,Move,browsing
1573648506.284,305,580,None,Move,browsing
1573648506.292,307,574,None,Move,browsing
1573648506.3,308,570,None,Move,browsing
1573648506.3079998,308,563,None,Move,browsing
1573648506.314,308,555,None,Move,browsing
1573648506.322,308,548,None,Move,browsing
1573648506.33,306,540,None,Move,browsing
1573648506.3379998,303,531,None,Move,browsing
1573648506.346,300,526,None,Move,browsing
1573648506.354,298,523,None,Move,browsing
1573648506.363,296,519,None,Move,browsing
1573648506.37,295,516,None,Move,browsing
1573648506.3779998,293,513,None,Move,browsing
1573648506.3860002,292,511,None,Move,browsing
1573648506.394,291,509,None,Move,browsing
1573648506.4,291,507,None,Move,browsing
1573648506.409,291,505,None,Move,browsing
1573648506.417,291,504,None,Move,browsing
1573648506.425,291,502,None,Move,browsing
1573648506.4329998,291,501,None,Move,browsing
1573648506.597,291,501,None,Move,browsing
1573648506.609,291,503,None,Move,browsing
1573648506.6160002,292,511,None,Move,browsing
1573648506.6239998,293,519,None,Move,browsing
1573648506.6320002,296,530,None,Move,browsing
1573648506.64,299,544,None,Move,browsing
1573648506.646,299,558,None,Move,browsing
1573648506.654,301,570,None,Move,browsing
1573648506.6620002,301,584,None,Move,browsing
1573648506.67,302,597,None,Move,browsing
1573648506.678,302,607,None,Move,browsing
1573648506.687,302,617,None,Move,browsing
1573648506.694,302,625,None,Move,browsing
1573648506.702,302,633,None,Move,browsing
1573648506.71,302,641,None,Move,browsing
1573648506.718,302,648,None,Move,browsing
1573648506.726,304,656,None,Move,browsing
1573648506.732,305,661,None,Move,browsing
1573648506.74,308,670,None,Move,browsing
1573648506.748,309,678,None,Move,browsing
1573648506.756,312,687,None,Move,browsing
1573648506.764,315,695,None,Move,browsing
1573648506.7729998,316,704,None,Move,browsing
1573648506.78,319,712,None,Move,browsing
1573648506.788,320,719,None,Move,browsing
1573648506.7970002,323,724,None,Move,browsing
1573648506.804,324,726,None,Move,browsing
1573648506.813,324,728,None,Move,browsing
1573648506.827,325,728,None,Move,browsing
1573648506.887,325,728,None,Move,browsing
1573648506.901,326,725,None,Move,browsing
1573648506.909,328,716,None,Move,browsing
1573648506.917,332,703,None,Move,browsing
1573648506.925,335,691,None,Move,browsing
1573648506.9329998,338,672,None,Move,browsing
1573648506.941,341,654,None,Move,browsing
1573648506.949,343,636,None,Move,browsing
1573648506.957,345,620,None,Move,browsing
1573648506.965,344,606,None,Move,browsing
1573648506.972,341,594,None,Move,browsing
1573648506.979,338,581,None,Move,browsing
1573648506.9870002,335,569,None,Move,browsing
1573648506.995,332,560,None,Move,browsing
1573648507.002,329,551,None,Move,browsing
1573648507.0110002,326,543,None,Move,browsing
1573648507.018,323,536,None,Move,browsing
1573648507.0270002,321,533,None,Move,browsing
1573648507.034,320,529,None,Move,browsing
1573648507.043,319,526,None,Move,browsing
1573648507.05,319,522,None,Move,browsing
1573648507.059,318,519,None,Move,browsing
1573648507.064,318,518,None,Move,browsing
1573648507.072,318,517,None,Move,browsing
1573648507.08,318,516,None,Move,browsing
1573648507.0879998,318,515,None,Move,browsing
1573648507.37,318,515,Left,Pressed,browsing
1573648507.37,318,515,None,Drag,browsing
1573648507.37,318,515,Left,Released,browsing
1573648507.565,319,515,None,Move,browsing
1573648507.577,319,515,None,Move,browsing
1573648507.584,320,516,None,Move,browsing
1573648507.593,322,518,None,Move,browsing
1573648507.601,323,518,None,Move,browsing
1573648507.609,324,518,None,Move,browsing
1573648507.617,325,519,None,Move,browsing
1573648507.633,326,520,None,Move,browsing
1573648508.019,326,520,None,Move,browsing
1573648508.0270002,335,519,None,Move,browsing
1573648508.035,355,519,None,Move,browsing
1573648508.043,380,521,None,Move,browsing
1573648508.051,411,526,None,Move,browsing
1573648508.059,446,532,None,Move,browsing
1573648508.0670002,484,546,None,Move,browsing
1573648508.073,529,562,None,Move,browsing
1573648508.081,576,582,None,Move,browsing
1573648508.0879998,619,602,None,Move,browsing
1573648508.097,661,617,None,Move,browsing
1573648508.105,698,631,None,Move,browsing
1573648508.113,741,649,None,Move,browsing
1573648508.121,772,667,None,Move,browsing
1573648508.129,795,678,None,Move,browsing
1573648508.137,812,688,None,Move,browsing
1573648508.145,825,698,None,Move,browsing
1573648508.151,833,706,None,Move,browsing
1573648508.159,836,708,None,Move,browsing
1573648508.167,838,710,None,Move,browsing
1573648508.175,839,712,None,Move,browsing
1573648508.1829998,840,714,None,Move,browsing
1573648508.191,841,716,None,Move,browsing
1573648508.199,842,718,None,Move,browsing
1573648508.207,842,721,None,Move,browsing
1573648508.215,843,725,None,Move,browsing
1573648508.2229998,844,729,None,Move,browsing
1573648508.231,847,734,None,Move,browsing
1573648508.2370002,849,739,None,Move,browsing
1573648508.245,852,742,None,Move,browsing
1573648508.2529998,853,747,None,Move,browsing
1573648508.2610002,855,752,None,Move,browsing
1573648508.269,856,755,None,Move,browsing
1573648508.2770002,857,757,None,Move,browsing
1573648508.284,858,759,None,Move,browsing
1573648508.293,858,761,None,Move,browsing
1573648508.301,858,763,None,Move,browsing
1573648508.309,858,765,None,Move,browsing
1573648508.314,858,767,None,Move,browsing
1573648508.322,858,770,None,Move,browsing
1573648508.33,858,774,None,Move,browsing
1573648508.3379998,858,778,None,Move,browsing
1573648508.346,858,782,None,Move,browsing
1573648508.354,858,790,None,Move,browsing
1573648508.3620002,860,797,None,Move,browsing
1573648508.371,861,805,None,Move,browsing
1573648508.379,861,813,None,Move,browsing
1573648508.3860002,863,822,None,Move,browsing
1573648508.395,865,830,None,Move,browsing
1573648508.4,867,839,None,Move,browsing
1573648508.409,870,847,None,Move,browsing
1573648508.416,873,856,None,Move,browsing
1573648508.424,876,868,None,Move,browsing
1573648508.4320002,879,883,None,Move,browsing
1573648508.45,883,893,None,Move,browsing
1573648508.451,886,900,None,Move,browsing
1573648508.457,888,902,None,Move,browsing
1573648508.465,889,904,None,Move,browsing
1573648508.481,889,906,None,Move,browsing
1573648508.4870002,890,908,None,Move,browsing
1573648508.495,893,915,None,Move,browsing
1573648508.5029998,896,923,None,Move,browsing
1573648508.5110002,899,932,None,Move,browsing
1573648508.519,901,937,None,Move,browsing
1573648508.5270002,903,940,None,Move,browsing
1573648508.535,905,942,None,Move,browsing
1573648508.543,908,945,None,Move,browsing
1573648508.551,909,947,None,Move,browsing
1573648508.559,910,947,None,Move,browsing
1573648508.6320002,910,949,None,Move,browsing
1573648508.641,912,955,None,Move,browsing
1573648508.646,913,959,None,Move,browsing
1573648508.665,914,962,None,Move,browsing
1573648508.666,915,964,None,Move,browsing
1573648508.67,916,966,None,Move,browsing
1573648508.678,917,966,None,Move,browsing
1573648508.686,917,967,None,Move,browsing
1573648508.695,918,967,None,Move,browsing
1573648508.891,918,967,Left,Pressed,browsing
1573648509.072,918,967,Left,Released,browsing
1573648510.105,918,967,None,Move,browsing
1573648510.117,917,967,None,Move,browsing
1573648522.696,917,967,None,Move,browsing
1573648522.71,918,967,None,Move,browsing
1573648522.734,917,967,None,Move,browsing
1573648522.742,915,966,None,Move,browsing
1573648522.75,908,964,None,Move,browsing
1573648522.758,897,957,None,Move,browsing
1573648522.766,878,947,None,Move,browsing
1573648522.774,860,939,None,Move,browsing
1573648522.782,841,932,None,Move,browsing
1573648522.788,827,927,None,Move,browsing
1573648522.796,812,920,None,Move,browsing
1573648522.804,800,914,None,Move,browsing
1573648522.812,787,908,None,Move,browsing
1573648522.82,776,903,None,Move,browsing
1573648522.829,767,895,None,Move,browsing
1573648522.837,760,891,None,Move,browsing
1573648522.845,757,889,None,Move,browsing
1573648522.8520002,754,887,None,Move,browsing
1573648522.86,752,885,None,Move,browsing
1573648522.869,750,883,None,Move,browsing
1573648522.8739998,748,880,None,Move,browsing
1573648522.8820002,746,878,None,Move,browsing
1573648522.89,744,876,None,Move,browsing
1573648522.899,741,873,None,Move,browsing
1573648522.907,738,869,None,Move,browsing
1573648522.915,734,862,None,Move,browsing
1573648522.923,725,853,None,Move,browsing
1573648522.931,715,844,None,Move,browsing
1573648522.939,706,834,None,Move,browsing
1573648522.947,697,825,None,Move,browsing
1573648522.955,687,816,None,Move,browsing
1573648522.961,680,807,None,Move,browsing
1573648522.969,672,797,None,Move,browsing
1573648522.9770002,663,790,None,Move,browsing
1573648522.985,655,781,None,Move,browsing
1573648522.9929998,651,775,None,Move,browsing
1573648523.0,647,768,None,Move,browsing
1573648523.0089998,641,761,None,Move,browsing
1573648523.0170002,635,752,None,Move,browsing
1573648523.025,629,743,None,Move,browsing
1573648523.033,623,732,None,Move,browsing
1573648523.039,615,719,None,Move,browsing
1573648523.0470002,607,706,None,Move,browsing
1573648523.055,597,693,None,Move,browsing
1573648523.063,587,680,None,Move,browsing
1573648523.071,578,671,None,Move,browsing
1573648523.079,571,664,None,Move,browsing
1573648523.087,563,656,None,Move,browsing
1573648523.095,558,651,None,Move,browsing
1573648523.103,556,648,None,Move,browsing
1573648523.111,552,645,None,Move,browsing
1573648523.119,549,643,None,Move,browsing
1573648523.125,545,641,None,Move,browsing
1573648523.133,541,638,None,Move,browsing
1573648523.141,535,635,None,Move,browsing
1573648523.149,529,632,None,Move,browsing
1573648523.157,520,629,None,Move,browsing
1573648523.165,511,626,None,Move,browsing
1573648523.173,503,623,None,Move,browsing
1573648523.18,492,620,None,Move,browsing
1573648523.189,480,617,None,Move,browsing
1573648523.197,468,616,None,Move,browsing
1573648523.2029998,457,616,None,Move,browsing
1573648523.211,449,614,None,Move,browsing
1573648523.219,441,614,None,Move,browsing
1573648523.2270002,435,614,None,Move,browsing
1573648523.235,427,614,None,Move,browsing
1573648523.242,418,614,None,Move,browsing
1573648523.2510002,412,614,None,Move,browsing
1573648523.258,409,614,None,Move,browsing
1573648523.266,406,614,None,Move,browsing
1573648523.275,404,614,None,Move,browsing
1573648523.28,402,614,None,Move,browsing
1573648523.289,401,614,None,Move,browsing
1573648523.2970002,400,614,None,Move,browsing
1573648523.305,399,614,None,Move,browsing
1573648523.312,399,615,None,Move,browsing
1573648523.32,398,615,None,Move,browsing
1573648523.332,397,615,None,Move,browsing
1573648523.399,397,615,Left,Pressed,browsing
1573648523.539,397,615,Left,Released,browsing
1573648523.625,397,616,None,Move,browsing
1573648523.6360002,398,617,None,Move,browsing
1573648523.644,400,618,None,Move,browsing
1573648523.6520002,408,622,None,Move,browsing
1573648523.66,422,631,None,Move,browsing
1573648523.669,444,642,None,Move,browsing
1573648523.677,483,661,None,Move,browsing
1573648523.684,530,682,None,Move,browsing
1573648523.6920002,576,700,None,Move,browsing
1573648523.698,638,722,None,Move,browsing
1573648523.706,692,744,None,Move,browsing
1573648523.714,739,765,None,Move,browsing
1573648523.722,777,781,None,Move,browsing
1573648523.73,807,794,None,Move,browsing
1573648523.748,824,799,None,Move,browsing
1573648523.75,835,804,None,Move,browsing
1573648523.754,837,806,None,Move,browsing
1573648523.7629998,838,807,None,Move,browsing
1573648523.833,838,808,None,Move,browsing
1573648523.841,839,811,None,Move,browsing
1573648523.849,842,816,None,Move,browsing
1573648523.857,844,821,None,Move,browsing
1573648523.865,847,825,None,Move,browsing
1573648523.871,849,829,None,Move,browsing
1573648523.879,851,832,None,Move,browsing
1573648523.887,853,834,None,Move,browsing
1573648523.895,854,838,None,Move,browsing
1573648523.9020002,857,840,None,Move,browsing
1573648523.911,858,842,None,Move,browsing
1573648523.919,859,844,None,Move,browsing
1573648523.927,860,846,None,Move,browsing
1573648523.935,861,848,None,Move,browsing
1573648523.9420002,862,851,None,Move,browsing
1573648523.948,864,858,None,Move,browsing
1573648523.956,867,866,None,Move,browsing
1573648523.965,869,875,None,Move,browsing
1573648523.972,869,883,None,Move,browsing
1573648523.98,870,891,None,Move,browsing
1573648523.988,870,896,None,Move,browsing
1573648523.9970002,870,899,None,Move,browsing
1573648524.005,870,901,None,Move,browsing
1573648524.012,871,902,None,Move,browsing
1573648524.021,871,903,None,Move,browsing
1573648524.026,871,903,None,Move,browsing
1573648524.034,872,904,None,Move,browsing
1573648524.043,874,906,None,Move,browsing
1573648524.05,876,908,None,Move,browsing
1573648524.059,879,911,None,Move,browsing
1573648524.066,881,913,None,Move,browsing
1573648524.075,883,914,None,Move,browsing
1573648524.082,885,915,None,Move,browsing
1573648524.09,886,915,None,Move,browsing
1573648524.255,887,916,None,Move,browsing
1573648524.2629998,891,918,None,Move,browsing
1573648524.271,898,922,None,Move,browsing
1573648524.2770002,905,926,None,Move,browsing
1573648524.285,912,932,None,Move,browsing
1573648524.293,916,934,None,Move,browsing
1573648524.3,918,936,None,Move,browsing
1573648524.3079998,920,938,None,Move,browsing
1573648524.316,922,939,None,Move,browsing
1573648524.325,923,940,None,Move,browsing
1573648524.4220002,924,941,None,Move,browsing
1573648524.444,925,942,None,Move,browsing
1573648524.452,927,944,None,Move,browsing
1573648524.461,929,946,None,Move,browsing
1573648524.469,931,948,None,Move,browsing
1573648524.4770002,932,950,None,Move,browsing
1573648524.485,933,951,None,Move,browsing
1573648524.492,935,952,None,Move,browsing
1573648524.5010002,936,953,None,Move,browsing
1573648524.508,936,954,None,Move,browsing
1573648524.5270002,937,954,None,Move,browsing
1573648524.775,938,954,None,Move,browsing
1573648524.7970002,938,955,None,Move,browsing
1573648524.805,941,956,None,Move,browsing
1573648524.812,943,959,None,Move,browsing
1573648524.832,945,961,None,Move,browsing
1573648524.833,947,962,None,Move,browsing
1573648524.836,949,963,None,Move,browsing
1573648524.844,952,965,None,Move,browsing
1573648524.8520002,954,966,None,Move,browsing
1573648524.859,956,967,None,Move,browsing
1573648524.8660002,957,967,None,Move,browsing
1573648524.875,957,968,None,Move,browsing
1573648524.887,958,968,None,Move,browsing
1573648524.894,959,969,None,Move,browsing
1573648524.9020002,960,969,None,Move,browsing
1573648524.915,960,970,None,Move,browsing
1573648524.923,961,970,None,Move,browsing
1573648525.035,962,970,None,Move,browsing
1573648525.0470002,964,972,None,Move,browsing
1573648525.055,966,974,None,Move,browsing
1573648525.063,969,977,None,Move,browsing
1573648525.071,971,979,None,Move,browsing
1573648525.079,973,981,None,Move,browsing
1573648525.087,975,983,None,Move,browsing
1573648525.095,978,984,None,Move,browsing
1573648525.101,980,986,None,Move,browsing
1573648525.109,982,987,None,Move,browsing
1573648525.125,982,988,None,Move,browsing
1573648525.69,982,988,None,Move,browsing
1573648525.702,981,986,None,Move,browsing
1573648525.71,981,984,None,Move,browsing
1573648525.732,981,984,None,Move,browsing
1573648540.452,981,984,None,Move,browsing
1573648540.637,981,984,None,Move,browsing
1573648540.707,981,984,None,Move,browsing
1573648540.731,980,984,None,Move,browsing
1573648540.875,979,984,None,Move,browsing
1573648540.891,978,986,None,Move,browsing
1573648540.899,976,994,None,Move,browsing
1573648540.907,973,1003,None,Move,browsing
1573648540.914,971,1009,None,Move,browsing
1573648540.92,971,1016,None,Move,browsing
1573648540.929,970,1020,None,Move,browsing
1573648540.936,970,1024,None,Move,browsing
1573648540.944,970,1027,None,Move,browsing
1573648540.952,971,1034,None,Move,browsing
1573648540.96,973,1043,None,Move,browsing
1573648540.968,976,1052,None,Move,browsing
1573648540.976,979,1060,None,Move,browsing
1573648540.984,982,1067,None,Move,browsing
1573648540.992,984,1072,None,Move,browsing
1573648540.998,985,1074,None,Move,browsing
1573648541.006,986,1076,None,Move,browsing
1573648541.014,988,1077,None,Move,browsing
1573648541.0229998,988,1078,None,Move,browsing
1573648541.062,989,1078,None,Move,browsing
1573648541.071,990,1076,None,Move,browsing
1573648541.079,991,1072,None,Move,browsing
1573648541.085,991,1069,None,Move,browsing
1573648541.092,993,1064,None,Move,browsing
1573648541.101,994,1061,None,Move,browsing
1573648541.109,995,1053,None,Move,browsing
1573648541.117,995,1047,None,Move,browsing
1573648541.125,995,1039,None,Move,browsing
1573648541.133,995,1030,None,Move,browsing
1573648541.141,995,1022,None,Move,browsing
1573648541.149,995,1014,None,Move,browsing
1573648541.157,993,1007,None,Move,browsing
1573648541.165,991,1005,None,Move,browsing
1573648541.171,991,1003,None,Move,browsing
1573648541.179,990,1003,None,Move,browsing
1573648541.3379998,989,1002,None,Move,browsing
1573648541.35,989,1002,None,Move,browsing
1573648541.3579998,987,999,None,Move,browsing
1573648541.3660002,986,997,None,Move,browsing
1573648541.3739998,983,994,None,Move,browsing
1573648541.3820002,982,992,None,Move,browsing
1573648541.391,980,990,None,Move,browsing
1573648541.3979998,979,988,None,Move,browsing
1573648541.407,978,986,None,Move,browsing
1573648541.4320002,978,985,None,Move,browsing
1573648541.445,977,985,None,Move,browsing
1573648541.502,977,985,None,Move,browsing
1573648542.371,977,985,None,Move,browsing
1573648554.269,977,984,None,Move,browsing
1573648554.2770002,974,974,None,Move,browsing
1573648554.285,968,963,None,Move,browsing
1573648554.293,960,952,None,Move,browsing
1573648554.301,951,943,None,Move,browsing
1573648554.309,937,930,None,Move,browsing
1573648554.3170002,924,920,None,Move,browsing
1573648554.323,915,910,None,Move,browsing
1573648554.331,907,901,None,Move,browsing
1573648554.339,902,894,None,Move,browsing
1573648554.347,896,887,None,Move,browsing
1573648554.355,889,881,None,Move,browsing
1573648554.363,879,872,None,Move,browsing
1573648554.371,868,862,None,Move,browsing
1573648554.3779998,855,852,None,Move,browsing
1573648554.3860002,842,841,None,Move,browsing
1573648554.394,829,829,None,Move,browsing
1573648554.401,816,820,None,Move,browsing
1573648554.409,803,810,None,Move,browsing
1573648554.427,792,800,None,Move,browsing
1573648554.428,779,794,None,Move,browsing
1573648554.4320002,768,786,None,Move,browsing
1573648554.441,757,778,None,Move,browsing
1573648554.448,746,769,None,Move,browsing
1573648554.456,733,759,None,Move,browsing
1573648554.464,718,749,None,Move,browsing
1573648554.472,703,739,None,Move,browsing
1573648554.48,688,729,None,Move,browsing
1573648554.4870002,671,719,None,Move,browsing
1573648554.494,652,709,None,Move,browsing
1573648554.502,636,700,None,Move,browsing
1573648554.5110002,614,690,None,Move,browsing
1573648554.518,592,680,None,Move,browsing
1573648554.526,575,672,None,Move,browsing
1573648554.534,562,666,None,Move,browsing
1573648554.542,554,663,None,Move,browsing
1573648554.551,545,658,None,Move,browsing
1573648554.5579998,536,655,None,Move,browsing
1573648554.564,528,654,None,Move,browsing
1573648554.573,518,653,None,Move,browsing
1573648554.58,507,651,None,Move,browsing
1573648554.589,497,651,None,Move,browsing
1573648554.596,487,650,None,Move,browsing
1573648554.604,474,646,None,Move,browsing
1573648554.6120002,464,645,None,Move,browsing
1573648554.621,455,642,None,Move,browsing
1573648554.6279998,447,639,None,Move,browsing
1573648554.637,438,636,None,Move,browsing
1573648554.645,428,633,None,Move,browsing
1573648554.65,419,630,None,Move,browsing
1573648554.659,408,627,None,Move,browsing
1573648554.667,396,624,None,Move,browsing
1573648554.675,384,621,None,Move,browsing
1573648554.6829998,369,618,None,Move,browsing
1573648554.691,357,615,None,Move,browsing
1573648554.699,344,612,None,Move,browsing
1573648554.707,334,610,None,Move,browsing
1573648554.715,326,609,None,Move,browsing
1573648554.7229998,317,606,None,Move,browsing
1573648554.729,309,605,None,Move,browsing
1573648554.7370002,305,605,None,Move,browsing
1573648554.745,304,605,None,Move,browsing
1573648554.972,304,605,None,Move,browsing
1573648554.9829998,304,605,None,Move,browsing
1573648554.9910002,304,605,None,Move,browsing
1573648555.0070002,305,605,None,Move,browsing
1573648555.031,306,606,None,Move,browsing
1573648555.043,307,607,None,Move,browsing
1573648555.051,310,609,None,Move,browsing
1573648555.059,312,611,None,Move,browsing
1573648555.065,315,613,None,Move,browsing
1573648555.073,319,616,None,Move,browsing
1573648555.081,321,618,None,Move,browsing
1573648555.089,324,619,None,Move,browsing
1573648555.097,326,621,None,Move,browsing
1573648555.105,328,621,None,Move,browsing
1573648555.113,329,622,None,Move,browsing
1573648555.121,330,622,None,Move,browsing
1573648555.129,332,622,None,Move,browsing
1573648555.137,333,622,None,Move,browsing
1573648555.147,333,622,None,Move,browsing
1573648555.155,334,622,None,Move,browsing
1573648555.1620002,335,622,None,Move,browsing
1573648555.17,337,622,None,Move,browsing
1573648555.179,338,622,None,Move,browsing
1573648555.187,339,622,None,Move,browsing
1573648555.194,340,622,None,Move,browsing
1573648555.202,340,622,None,Move,browsing
1573648555.342,341,622,Left,Pressed,browsing
1573648555.342,341,622,None,Drag,browsing
1573648555.342,341,622,Left,Released,browsing
1573648555.702,344,624,None,Move,browsing
1573648555.71,377,643,None,Move,browsing
1573648555.718,430,679,None,Move,browsing
1573648555.726,507,732,None,Move,browsing
1573648555.735,576,777,None,Move,browsing
1573648555.74,621,808,None,Move,browsing
1573648555.748,661,834,None,Move,browsing
1573648555.7570002,697,853,None,Move,browsing
1573648555.765,738,881,None,Move,browsing
1573648555.7729998,768,906,None,Move,browsing
1573648555.781,794,928,None,Move,browsing
1573648555.789,815,943,None,Move,browsing
1573648555.7970002,830,955,None,Move,browsing
1573648555.805,839,963,None,Move,browsing
1573648555.813,846,970,None,Move,browsing
1573648555.83,852,977,None,Move,browsing
1573648555.831,856,982,None,Move,browsing
1573648555.835,858,985,None,Move,browsing
1573648555.843,859,987,None,Move,browsing
1573648555.851,861,989,None,Move,browsing
1573648555.859,862,991,None,Move,browsing
1573648555.867,863,993,None,Move,browsing
1573648555.875,866,995,None,Move,browsing
1573648555.883,869,997,None,Move,browsing
1573648555.891,872,1001,None,Move,browsing
1573648555.8979998,878,1005,None,Move,browsing
1573648555.905,885,1010,None,Move,browsing
1573648555.9120002,894,1016,None,Move,browsing
1573648555.921,903,1022,None,Move,browsing
1573648555.929,912,1027,None,Move,browsing
1573648555.937,921,1033,None,Move,browsing
1573648555.945,927,1035,None,Move,browsing
1573648555.9529998,931,1038,None,Move,browsing
1573648555.96,933,1040,None,Move,browsing
1573648555.968,935,1042,None,Move,browsing
1573648555.9770002,937,1044,None,Move,browsing
1573648555.982,940,1048,None,Move,browsing
1573648555.99,942,1050,None,Move,browsing
1573648555.998,944,1053,None,Move,browsing
1573648556.0070002,946,1055,None,Move,browsing
1573648556.015,948,1057,None,Move,browsing
1573648556.0229998,950,1059,None,Move,browsing
1573648556.031,952,1060,None,Move,browsing
1573648556.039,953,1060,None,Move,browsing
1573648556.046,955,1060,None,Move,browsing
1573648556.055,956,1060,None,Move,browsing
1573648556.0670002,957,1060,None,Move,browsing
1573648556.073,957,1060,None,Move,browsing
1573648556.08,958,1059,None,Move,browsing
1573648556.0879998,958,1057,None,Move,browsing
1573648556.096,958,1054,None,Move,browsing
1573648556.105,959,1049,None,Move,browsing
1573648556.113,960,1044,None,Move,browsing
1573648556.121,960,1036,None,Move,browsing
1573648556.129,960,1028,None,Move,browsing
1573648556.137,960,1020,None,Move,browsing
1573648556.145,960,1012,None,Move,browsing
1573648556.153,960,1005,None,Move,browsing
1573648556.159,960,1002,None,Move,browsing
1573648556.167,957,999,None,Move,browsing
1573648556.175,956,997,None,Move,browsing
1573648556.1829998,954,995,None,Move,browsing
1573648556.191,954,993,None,Move,browsing
1573648556.199,953,991,None,Move,browsing
1573648556.207,953,989,None,Move,browsing
1573648556.215,952,987,None,Move,browsing
1573648556.2229998,952,985,None,Move,browsing
1573648556.246,952,983,None,Move,browsing
1573648556.2470002,952,981,None,Move,browsing
1573648556.2610002,952,980,None,Move,browsing
1573648556.448,952,979,Left,Pressed,browsing
1573648556.448,952,979,None,Drag,browsing
1573648556.449,952,979,Left,Released,browsing
1573648556.576,952,979,None,Move,browsing
1573648556.8179998,950,980,None,Move,browsing
1573648556.83,947,980,None,Move,browsing
1573648556.8379998,933,983,None,Move,browsing
1573648556.846,910,986,None,Move,browsing
1573648556.855,877,989,None,Move,browsing
1573648556.863,835,991,None,Move,browsing
1573648556.871,784,996,None,Move,browsing
1573648556.879,738,1001,None,Move,browsing
1573648556.887,703,1005,None,Move,browsing
1573648556.895,672,1009,None,Move,browsing
1573648556.903,652,1011,None,Move,browsing
1573648556.909,639,1011,None,Move,browsing
1573648556.917,630,1011,None,Move,browsing
1573648556.925,628,1011,None,Move,browsing
1573648556.9329998,628,1011,None,Move,browsing
1573648557.121,629,1010,None,Move,browsing
1573648557.129,637,1008,None,Move,browsing
1573648557.137,644,1003,None,Move,browsing
1573648557.145,648,1001,None,Move,browsing
1573648557.151,651,999,None,Move,browsing
1573648557.159,653,998,None,Move,browsing
1573648557.167,654,997,None,Move,browsing
1573648557.174,654,996,None,Move,browsing
1573648557.1820002,655,996,None,Move,browsing
1573648557.191,657,995,None,Move,browsing
1573648557.199,659,993,None,Move,browsing
1573648557.207,662,991,None,Move,browsing
1573648557.214,665,990,None,Move,browsing
1573648557.222,672,987,None,Move,browsing
1573648557.231,680,986,None,Move,browsing
1573648557.236,687,984,None,Move,browsing
1573648557.244,693,984,None,Move,browsing
1573648557.252,697,984,None,Move,browsing
1573648557.26,699,984,None,Move,browsing
1573648557.268,701,984,None,Move,browsing
1573648557.276,703,984,None,Move,browsing
1573648557.284,704,984,None,Move,browsing
1573648557.296,705,984,None,Move,browsing
1573648557.304,706,984,None,Move,browsing
1573648557.312,706,984,None,Move,browsing
1573648557.322,707,984,None,Move,browsing
1573648557.334,707,983,None,Move,browsing
1573648557.346,707,982,None,Move,browsing
1573648557.355,707,981,None,Move,browsing
1573648557.375,707,980,None,Move,browsing
1573648557.395,707,979,None,Move,browsing
1573648557.401,708,978,None,Move,browsing
1573648557.409,710,977,None,Move,browsing
1573648557.417,712,974,None,Move,browsing
1573648557.425,714,973,None,Move,browsing
1573648557.4329998,716,972,None,Move,browsing
1573648557.441,718,972,None,Move,browsing
1573648557.449,720,972,None,Move,browsing
1573648557.457,722,972,None,Move,browsing
1573648557.465,723,973,None,Move,browsing
1573648557.4729998,724,974,None,Move,browsing
1573648557.481,726,975,None,Move,browsing
1573648557.4870002,727,976,None,Move,browsing
1573648557.495,728,976,None,Move,browsing
1573648557.502,728,977,None,Move,browsing
1573648557.519,728,977,None,Move,browsing
1573648557.551,728,977,Left,Pressed,browsing
1573648557.675,728,977,Left,Released,browsing
1573648557.891,729,977,None,Move,browsing
1573648557.901,730,977,None,Move,browsing
1573648557.909,731,977,None,Move,browsing
1573648557.924,732,977,None,Move,browsing
1573648557.9320002,733,977,None,Move,browsing
1573648557.94,735,977,None,Move,browsing
1573648557.948,737,975,None,Move,browsing
1573648557.956,741,972,None,Move,browsing
1573648557.965,745,970,None,Move,browsing
1573648557.972,750,968,None,Move,browsing
1573648557.981,753,965,None,Move,browsing
1573648557.986,758,960,None,Move,browsing
1573648557.994,769,951,None,Move,browsing
1573648558.002,778,943,None,Move,browsing
1573648558.01,784,939,None,Move,browsing
1573648558.018,789,937,None,Move,browsing
1573648558.026,792,933,None,Move,browsing
1573648558.034,794,930,None,Move,browsing
1573648558.042,796,928,None,Move,browsing
1573648558.051,799,924,None,Move,browsing
1573648558.059,801,920,None,Move,browsing
1573648558.066,803,916,None,Move,browsing
1573648558.073,806,910,None,Move,browsing
1573648558.081,806,907,None,Move,browsing
1573648558.0879998,806,901,None,Move,browsing
1573648558.097,806,896,None,Move,browsing
1573648558.105,806,892,None,Move,browsing
1573648558.1120002,805,888,None,Move,browsing
1573648558.121,802,884,None,Move,browsing
1573648558.129,801,880,None,Move,browsing
1573648558.137,799,875,None,Move,browsing
1573648558.145,798,872,None,Move,browsing
1573648558.151,797,870,None,Move,browsing
1573648558.159,795,867,None,Move,browsing
1573648558.167,795,864,None,Move,browsing
1573648558.175,795,859,None,Move,browsing
1573648558.1829998,795,855,None,Move,browsing
1573648558.191,795,850,None,Move,browsing
1573648558.199,795,846,None,Move,browsing
1573648558.207,796,840,None,Move,browsing
1573648558.215,796,836,None,Move,browsing
1573648558.2229998,796,833,None,Move,browsing
1573648558.231,796,828,None,Move,browsing
1573648558.2370002,794,825,None,Move,browsing
1573648558.245,792,819,None,Move,browsing
1573648558.2529998,789,814,None,Move,browsing
1573648558.2610002,787,811,None,Move,browsing
1573648558.269,785,806,None,Move,browsing
1573648558.2770002,783,804,None,Move,browsing
1573648558.285,781,802,None,Move,browsing
1573648558.293,779,799,None,Move,browsing
1573648558.301,777,797,None,Move,browsing
1573648558.309,776,795,None,Move,browsing
1573648558.314,775,793,None,Move,browsing
1573648558.323,774,791,None,Move,browsing
1573648558.33,773,789,None,Move,browsing
1573648558.3379998,772,787,None,Move,browsing
1573648558.346,771,786,None,Move,browsing
1573648558.354,771,785,None,Move,browsing
1573648558.363,771,785,None,Move,browsing
1573648558.371,771,785,None,Move,browsing
1573648558.379,771,784,None,Move,browsing
1573648558.405,770,783,None,Move,browsing
1573648558.413,768,781,None,Move,browsing
1573648558.421,766,779,None,Move,browsing
1573648558.429,762,777,None,Move,browsing
1573648558.437,760,774,None,Move,browsing
1573648558.445,757,772,None,Move,browsing
1573648558.4529998,750,770,None,Move,browsing
1573648558.461,747,767,None,Move,browsing
1573648558.469,742,765,None,Move,browsing
1573648558.4770002,737,762,None,Move,browsing
1573648558.4829998,734,760,None,Move,browsing
1573648558.4910002,732,758,None,Move,browsing
1573648558.4989998,730,756,None,Move,browsing
1573648558.5070002,729,754,None,Move,browsing
1573648558.515,728,752,None,Move,browsing
1573648558.5229998,727,750,None,Move,browsing
1573648558.531,727,748,None,Move,browsing
1573648558.539,727,746,None,Move,browsing
1573648558.5470002,727,743,None,Move,browsing
1573648558.555,727,739,None,Move,browsing
1573648558.561,727,736,None,Move,browsing
1573648558.569,727,733,None,Move,browsing
1573648558.577,727,731,None,Move,browsing
1573648558.584,727,729,None,Move,browsing
1573648558.593,726,727,None,Move,browsing
1573648558.6,726,725,None,Move,browsing
1573648558.609,725,724,None,Move,browsing
1573648558.6160002,725,722,None,Move,browsing
1573648558.625,724,720,None,Move,browsing
1573648558.6320002,724,718,None,Move,browsing
1573648558.641,724,717,None,Move,browsing
1573648558.649,724,715,None,Move,browsing
1573648558.655,724,713,None,Move,browsing
1573648558.663,724,710,None,Move,browsing
1573648558.67,724,707,None,Move,browsing
1573648558.678,725,705,None,Move,browsing
1573648558.686,725,704,None,Move,browsing
1573648558.695,725,702,None,Move,browsing
1573648558.7029998,725,700,None,Move,browsing
1573648558.711,725,699,None,Move,browsing
1573648558.719,725,698,None,Move,browsing
1573648558.7270002,725,697,None,Move,browsing
1573648558.7329998,725,696,None,Move,browsing
1573648558.7410002,725,695,None,Move,browsing
1573648558.7489998,725,695,None,Move,browsing
1573648558.7570002,725,694,None,Move,browsing
1573648558.769,725,693,None,Move,browsing
1573648558.7770002,725,692,None,Move,browsing
1573648558.785,725,691,None,Move,browsing
1573648558.793,725,690,None,Move,browsing
1573648558.801,725,689,None,Move,browsing
1573648558.811,725,689,None,Move,browsing
1573648558.9329998,726,687,None,Move,browsing
1573648558.941,726,685,None,Move,browsing
1573648558.949,727,684,None,Move,browsing
1573648558.956,727,683,None,Move,browsing
1573648558.964,727,682,None,Move,browsing
1573648559.2729998,727,682,None,Move,browsing
1573648559.281,736,682,None,Move,browsing
1573648559.289,752,682,None,Move,browsing
1573648559.2970002,770,686,None,Move,browsing
1573648559.305,790,689,None,Move,browsing
1573648559.313,810,692,None,Move,browsing
1573648559.319,832,694,None,Move,browsing
1573648559.327,854,696,None,Move,browsing
1573648559.335,876,693,None,Move,browsing
1573648559.343,907,689,None,Move,browsing
1573648559.351,931,684,None,Move,browsing
1573648559.359,947,679,None,Move,browsing
1573648559.3660002,956,677,None,Move,browsing
1573648559.375,958,676,None,Move,browsing
1573648559.4320002,958,676,None,Move,browsing
1573648559.444,957,676,None,Move,browsing
1573648559.555,957,676,None,Move,browsing
1573648559.564,958,675,None,Move,browsing
1573648559.625,958,675,None,Move,browsing
1573648559.633,957,674,None,Move,browsing
1573648559.641,954,674,None,Move,browsing
1573648559.647,951,674,None,Move,browsing
1573648559.655,948,673,None,Move,browsing
1573648559.663,946,673,None,Move,browsing
1573648559.671,944,673,None,Move,browsing
1573648559.679,942,673,None,Move,browsing
1573648559.687,941,672,None,Move,browsing
1573648559.695,940,672,None,Move,browsing
1573648559.702,940,672,None,Move,browsing
1573648559.711,939,672,None,Move,browsing
1573648559.718,938,672,None,Move,browsing
1573648559.7270002,937,672,None,Move,browsing
1573648559.732,935,672,None,Move,browsing
1573648559.7410002,934,672,None,Move,browsing
1573648559.7489998,933,672,None,Move,browsing
1573648559.7570002,933,672,None,Move,browsing
1573648559.765,932,671,None,Move,browsing
1573648559.7729998,931,671,None,Move,browsing
1573648559.905,931,671,Left,Pressed,browsing
1573648559.995,931,671,Left,Released,browsing
1573648560.137,931,671,None,Move,browsing
1573648560.147,932,671,None,Move,browsing
1573648560.154,932,671,None,Move,browsing
1573648560.1620002,935,672,None,Move,browsing
1573648560.171,942,673,None,Move,browsing
1573648560.179,950,674,None,Move,browsing
1573648560.186,958,676,None,Move,browsing
1573648560.194,967,679,None,Move,browsing
1573648560.202,983,680,None,Move,browsing
1573648560.21,1014,684,None,Move,browsing
1573648560.218,1049,689,None,Move,browsing
1573648560.224,1083,691,None,Move,browsing
1573648560.232,1118,695,None,Move,browsing
1573648560.24,1158,704,None,Move,browsing
1573648560.2489998,1193,711,None,Move,browsing
1573648560.256,1229,718,None,Move,browsing
1573648560.264,1255,720,None,Move,browsing
1573648560.272,1274,720,None,Move,browsing
1573648560.281,1286,720,None,Move,browsing
1573648560.289,1295,720,None,Move,browsing
1573648560.2970002,1301,720,None,Move,browsing
1573648560.305,1305,720,None,Move,browsing
1573648560.311,1307,721,None,Move,browsing
1573648560.319,1309,721,None,Move,browsing
1573648560.327,1310,721,None,Move,browsing
1573648560.335,1311,721,None,Move,browsing
1573648560.343,1313,721,None,Move,browsing
1573648560.351,1316,721,None,Move,browsing
1573648560.359,1322,722,None,Move,browsing
1573648560.367,1331,725,None,Move,browsing
1573648560.375,1341,728,None,Move,browsing
1573648560.383,1356,736,None,Move,browsing
1573648560.389,1373,748,None,Move,browsing
1573648560.397,1396,763,None,Move,browsing
1573648560.405,1421,782,None,Move,browsing
1573648560.413,1438,800,None,Move,browsing
1573648560.421,1449,817,None,Move,browsing
1573648560.429,1458,832,None,Move,browsing
1573648560.437,1461,844,None,Move,browsing
1573648560.445,1464,857,None,Move,browsing
1573648560.452,1464,869,None,Move,browsing
1573648560.461,1464,879,None,Move,browsing
1573648560.469,1463,887,None,Move,browsing
1573648560.475,1463,896,None,Move,browsing
1573648560.482,1464,904,None,Move,browsing
1573648560.4910002,1467,914,None,Move,browsing
1573648560.4989998,1471,925,None,Move,browsing
1573648560.5070002,1479,938,None,Move,browsing
1573648560.515,1489,951,None,Move,browsing
1573648560.5229998,1502,964,None,Move,browsing
1573648560.53,1519,974,None,Move,browsing
1573648560.55,1541,985,None,Move,browsing
1573648560.551,1562,992,None,Move,browsing
1573648560.552,1584,1002,None,Move,browsing
1573648560.56,1605,1007,None,Move,browsing
1573648560.5679998,1628,1012,None,Move,browsing
1573648560.576,1648,1015,None,Move,browsing
1573648560.584,1664,1017,None,Move,browsing
1573648560.592,1674,1018,None,Move,browsing
1573648560.6,1679,1018,None,Move,browsing
1573648560.609,1680,1019,None,Move,browsing
1573648560.617,1680,1019,None,Move,browsing
1573648560.6820002,1681,1019,None,Move,browsing
1573648560.699,1683,1019,None,Move,browsing
1573648560.707,1688,1019,None,Move,browsing
1573648560.715,1692,1019,None,Move,browsing
1573648560.72,1697,1019,None,Move,browsing
1573648560.729,1701,1019,None,Move,browsing
1573648560.7370002,1706,1019,None,Move,browsing
1573648560.745,1710,1018,None,Move,browsing
1573648560.7529998,1717,1015,None,Move,browsing
1573648560.7610002,1724,1012,None,Move,browsing
1573648560.769,1732,1010,None,Move,browsing
1573648560.7770002,1741,1007,None,Move,browsing
1573648560.785,1750,1004,None,Move,browsing
1573648560.793,1754,1003,None,Move,browsing
1573648560.799,1756,1002,None,Move,browsing
1573648560.8070002,1757,1002,None,Move,browsing
1573648560.815,1758,1002,None,Move,browsing
1573648560.823,1760,1002,None,Move,browsing
1573648560.831,1762,1002,None,Move,browsing
1573648560.839,1763,1002,None,Move,browsing
1573648560.847,1766,1001,None,Move,browsing
1573648560.855,1772,999,None,Move,browsing
1573648560.863,1782,996,None,Move,browsing
1573648560.871,1795,993,None,Move,browsing
1573648560.879,1811,990,None,Move,browsing
1573648560.887,1825,987,None,Move,browsing
1573648560.893,1838,985,None,Move,browsing
1573648560.9,1850,985,None,Move,browsing
1573648560.909,1858,985,None,Move,browsing
1573648560.917,1864,986,None,Move,browsing
1573648560.924,1868,987,None,Move,browsing
1573648560.9320002,1870,987,None,Move,browsing
1573648560.941,1872,988,None,Move,browsing
1573648560.986,1872,988,None,Move,browsing
1573648561.084,1874,986,None,Move,browsing
1573648561.092,1877,982,None,Move,browsing
1573648561.1,1879,980,None,Move,browsing
1573648561.1079998,1881,978,None,Move,browsing
1573648561.1160002,1883,976,None,Move,browsing
1573648561.1239998,1884,975,None,Move,browsing
1573648561.131,1884,974,None,Move,browsing
1573648561.245,1884,974,None,Move,browsing
1573648561.2570002,1883,974,None,Move,browsing
1573648561.265,1882,974,None,Move,browsing
1573648561.2729998,1881,974,None,Move,browsing
1573648561.281,1879,974,None,Move,browsing
1573648561.289,1877,974,None,Move,browsing
1573648561.295,1875,974,None,Move,browsing
1573648561.303,1873,973,None,Move,browsing
1573648561.311,1871,973,None,Move,browsing
1573648561.319,1869,973,None,Move,browsing
1573648561.331,1868,972,None,Move,browsing
1573648561.339,1867,972,None,Move,browsing
1573648561.351,1866,972,None,Move,browsing
1573648561.375,1866,972,Left,Pressed,browsing
1573648561.535,1866,972,Left,Released,browsing
1573648561.916,1866,972,None,Move,browsing
1573648561.9320002,1867,972,None,Move,browsing
1573648561.965,1868,972,None,Move,browsing
1573648561.971,1869,972,None,Move,browsing
1573648561.9829998,1870,972,None,Move,browsing
1573648561.9910002,1870,973,None,Move,browsing
1573648561.9989998,1872,974,None,Move,browsing
1573648562.0070002,1873,974,None,Move,browsing
1573648562.015,1874,975,None,Move,browsing
1573648562.0229998,1875,976,None,Move,browsing
1573648562.031,1876,977,None,Move,browsing
1573648562.039,1877,978,None,Move,browsing
1573648562.061,1877,978,None,Move,browsing
1573648562.252,1877,978,None,Move,browsing
1573648562.26,1869,979,None,Move,browsing
1573648562.269,1859,980,None,Move,browsing
1573648562.2770002,1847,980,None,Move,browsing
1573648562.284,1835,980,None,Move,browsing
1573648562.293,1823,980,None,Move,browsing
1573648562.299,1811,980,None,Move,browsing
1573648562.306,1799,980,None,Move,browsing
1573648562.315,1785,980,None,Move,browsing
1573648562.337,1767,978,None,Move,browsing
1573648562.3379998,1729,975,None,Move,browsing
1573648562.347,1717,975,None,Move,browsing
1573648562.355,1713,976,None,Move,browsing
1573648562.363,1711,977,None,Move,browsing
1573648562.371,1709,977,None,Move,browsing
1573648562.379,1703,975,None,Move,browsing
1573648562.385,1689,972,None,Move,browsing
1573648562.393,1663,969,None,Move,browsing
1573648562.401,1622,969,None,Move,browsing
1573648562.409,1581,969,None,Move,browsing
1573648562.417,1523,973,None,Move,browsing
1573648562.425,1465,971,None,Move,browsing
1573648562.4329998,1398,963,None,Move,browsing
1573648562.441,1314,945,None,Move,browsing
1573648562.449,1226,927,None,Move,browsing
1573648562.457,1142,909,None,Move,browsing
1573648562.4629998,1058,891,None,Move,browsing
1573648562.471,973,869,None,Move,browsing
1573648562.479,889,851,None,Move,browsing
1573648562.486,804,833,None,Move,browsing
1573648562.495,728,816,None,Move,browsing
1573648562.502,655,792,None,Move,browsing
1573648562.5110002,593,773,None,Move,browsing
1573648562.519,543,754,None,Move,browsing
1573648562.526,498,739,None,Move,browsing
1573648562.535,456,724,None,Move,browsing
1573648562.543,422,711,None,Move,browsing
1573648562.549,394,703,None,Move,browsing
1573648562.5570002,372,696,None,Move,browsing
1573648562.565,354,691,None,Move,browsing
1573648562.573,342,687,None,Move,browsing
1573648562.581,329,684,None,Move,browsing
1573648562.589,319,681,None,Move,browsing
1573648562.597,306,678,None,Move,browsing
1573648562.605,296,675,None,Move,browsing
1573648562.613,283,672,None,Move,browsing
1573648562.621,271,669,None,Move,browsing
1573648562.629,258,666,None,Move,browsing
1573648562.635,244,663,None,Move,browsing
1573648562.643,232,660,None,Move,browsing
1573648562.651,215,655,None,Move,browsing
1573648562.658,197,651,None,Move,browsing
1573648562.667,181,648,None,Move,browsing
1573648562.674,166,645,None,Move,browsing
1573648562.6829998,152,640,None,Move,browsing
1573648562.69,137,635,None,Move,browsing
1573648562.699,123,632,None,Move,browsing
1573648562.706,109,629,None,Move,browsing
1573648562.712,96,626,None,Move,browsing
1573648562.72,84,623,None,Move,browsing
1573648562.728,76,621,None,Move,browsing
1573648562.736,69,619,None,Move,browsing
1573648562.744,66,619,None,Move,browsing
1573648562.752,63,618,None,Move,browsing
1573648562.76,62,618,None,Move,browsing
1573648562.855,61,618,None,Move,browsing
1573648562.867,60,618,None,Move,browsing
1573648562.8739998,58,621,None,Move,browsing
1573648562.881,57,623,None,Move,browsing
1573648562.889,56,625,None,Move,browsing
1573648562.897,56,626,None,Move,browsing
1573648562.905,56,627,None,Move,browsing
1573648562.913,57,629,None,Move,browsing
1573648562.921,59,630,None,Move,browsing
1573648562.929,61,631,None,Move,browsing
1573648562.937,63,632,None,Move,browsing
1573648562.945,64,632,None,Move,browsing
1573648562.9910002,64,632,None,Move,browsing
1573648563.002,65,632,None,Move,browsing
1573648563.0110002,73,632,None,Move,browsing
1573648563.019,86,629,None,Move,browsing
1573648563.026,100,625,None,Move,browsing
1573648563.035,115,622,None,Move,browsing
1573648563.043,129,621,None,Move,browsing
1573648563.048,143,621,None,Move,browsing
1573648563.0570002,153,621,None,Move,browsing
1573648563.065,161,621,None,Move,browsing
1573648563.073,168,622,None,Move,browsing
1573648563.081,170,625,None,Move,browsing
1573648563.0879998,172,625,None,Move,browsing
1573648563.097,173,625,None,Move,browsing
1573648563.167,174,625,None,Move,browsing
1573648563.2410002,174,626,None,Move,browsing
1573648563.2489998,178,631,None,Move,browsing
1573648563.2570002,185,636,None,Move,browsing
1573648563.265,190,642,None,Move,browsing
1573648563.2729998,198,649,None,Move,browsing
1573648563.281,203,653,None,Move,browsing
1573648563.289,206,657,None,Move,browsing
1573648563.295,211,659,None,Move,browsing
1573648563.303,213,661,None,Move,browsing
1573648563.311,216,663,None,Move,browsing
1573648563.319,218,665,None,Move,browsing
1573648563.326,220,668,None,Move,browsing
1573648563.335,222,671,None,Move,browsing
1573648563.343,224,674,None,Move,browsing
1573648563.351,226,676,None,Move,browsing
1573648563.3579998,229,680,None,Move,browsing
1573648563.367,232,683,None,Move,browsing
1573648563.3739998,234,685,None,Move,browsing
1573648563.381,238,688,None,Move,browsing
1573648563.3879998,241,690,None,Move,browsing
1573648563.397,244,692,None,Move,browsing
1573648563.405,247,694,None,Move,browsing
1573648563.413,249,695,None,Move,browsing
1573648563.421,251,696,None,Move,browsing
1573648563.429,253,697,None,Move,browsing
1573648563.441,254,697,None,Move,browsing
1573648563.958,254,698,None,Move,browsing
1573648564.056,254,698,None,Move,browsing
1573648564.0679998,255,698,None,Move,browsing
1573648564.2610002,256,698,None,Move,browsing
1573648564.294,257,698,None,Move,browsing
1573648564.347,259,694,None,Move,browsing
1573648564.354,273,666,None,Move,browsing
1573648564.363,311,620,None,Move,browsing
1573648564.37,357,566,None,Move,browsing
1573648564.3779998,417,502,None,Move,browsing
1573648564.385,497,419,None,Move,browsing
1573648564.404,573,343,None,Move,browsing
1573648564.405,644,272,None,Move,browsing
1573648564.408,720,200,None,Move,browsing
1573648564.417,785,149,None,Move,browsing
1573648564.424,843,106,None,Move,browsing
1573648564.4329998,884,77,None,Move,browsing
1573648564.449,910,65,None,Move,browsing
1573648564.45,925,60,None,Move,browsing
1573648564.456,934,57,None,Move,browsing
1573648564.4629998,937,55,None,Move,browsing
1573648564.471,939,53,None,Move,browsing
1573648564.479,941,52,None,Move,browsing
1573648564.4870002,943,52,None,Move,browsing
1573648564.494,946,52,None,Move,browsing
1573648564.5029998,954,51,None,Move,browsing
1573648564.5110002,964,51,None,Move,browsing
1573648564.519,976,51,None,Move,browsing
1573648564.5270002,994,53,None,Move,browsing
1573648564.535,1012,53,None,Move,browsing
1573648564.543,1032,53,None,Move,browsing
1573648564.549,1052,53,None,Move,browsing
1573648564.5570002,1068,51,None,Move,browsing
1573648564.565,1080,49,None,Move,browsing
1573648564.573,1091,48,None,Move,browsing
1573648564.581,1099,48,None,Move,browsing
1573648564.589,1102,48,None,Move,browsing
1573648564.597,1107,48,None,Move,browsing
1573648564.605,1109,48,None,Move,browsing
1573648564.613,1110,48,None,Move,browsing
1573648564.621,1114,48,None,Move,browsing
1573648564.629,1120,49,None,Move,browsing
1573648564.635,1126,50,None,Move,browsing
1573648564.643,1135,53,None,Move,browsing
1573648564.651,1145,55,None,Move,browsing
1573648564.659,1156,58,None,Move,browsing
1573648564.667,1166,59,None,Move,browsing
1573648564.674,1177,62,None,Move,browsing
1573648564.691,1185,64,None,Move,browsing
1573648564.6920002,1193,64,None,Move,browsing
1573648564.699,1198,65,None,Move,browsing
1573648564.706,1200,65,None,Move,browsing
1573648564.7129998,1202,65,None,Move,browsing
1573648564.76,1203,65,None,Move,browsing
1573648564.772,1204,64,None,Move,browsing
1573648564.78,1206,61,None,Move,browsing
1573648564.786,1208,58,None,Move,browsing
1573648564.794,1210,54,None,Move,browsing
1573648564.802,1212,52,None,Move,browsing
1573648564.811,1213,50,None,Move,browsing
1573648564.8179998,1214,49,None,Move,browsing
1573648564.937,1214,48,None,Move,browsing
1573648564.945,1214,47,None,Move,browsing
1573648564.9529998,1214,45,None,Move,browsing
1573648564.961,1214,43,None,Move,browsing
1573648564.967,1214,42,None,Move,browsing
1573648564.975,1214,41,None,Move,browsing
1573648565.019,1214,41,None,Move,browsing
1573648565.1620002,1210,43,None,Move,browsing
1573648565.17,1187,58,None,Move,browsing
1573648565.178,1150,86,None,Move,browsing
1573648565.195,1101,121,None,Move,browsing
1573648565.196,1040,162,None,Move,browsing
1573648565.2029998,979,199,None,Move,browsing
1573648565.208,911,241,None,Move,browsing
1573648565.216,824,278,None,Move,browsing
1573648565.224,736,332,None,Move,browsing
1573648565.2329998,644,383,None,Move,browsing
1573648565.2410002,557,420,None,Move,browsing
1573648565.2489998,476,444,None,Move,browsing
1573648565.2570002,402,467,None,Move,browsing
1573648565.265,341,487,None,Move,browsing
1573648565.2729998,295,502,None,Move,browsing
1573648565.281,262,513,None,Move,browsing
1573648565.2870002,244,522,None,Move,browsing
1573648565.295,231,530,None,Move,browsing
1573648565.303,222,536,None,Move,browsing
1573648565.311,213,542,None,Move,browsing
1573648565.319,206,546,None,Move,browsing
1573648565.327,203,553,None,Move,browsing
1573648565.335,197,560,None,Move,browsing
1573648565.343,193,569,None,Move,browsing
1573648565.351,190,577,None,Move,browsing
1573648565.359,187,588,None,Move,browsing
1573648565.367,184,598,None,Move,browsing
1573648565.373,181,611,None,Move,browsing
1573648565.381,179,623,None,Move,browsing
1573648565.389,179,633,None,Move,browsing
1573648565.397,179,641,None,Move,browsing
1573648565.405,181,650,None,Move,browsing
1573648565.413,182,653,None,Move,browsing
1573648565.421,185,658,None,Move,browsing
1573648565.428,187,661,None,Move,browsing
1573648565.437,188,665,None,Move,browsing
1573648565.444,189,669,None,Move,browsing
1573648565.451,189,676,None,Move,browsing
1573648565.458,189,680,None,Move,browsing
1573648565.467,187,688,None,Move,browsing
1573648565.474,184,697,None,Move,browsing
1573648565.4829998,182,705,None,Move,browsing
1573648565.49,179,714,None,Move,browsing
1573648565.498,176,722,None,Move,browsing
1573648565.506,173,731,None,Move,browsing
1573648565.514,170,740,None,Move,browsing
1573648565.522,167,750,None,Move,browsing
1573648565.53,166,757,None,Move,browsing
1573648565.536,164,763,None,Move,browsing
1573648565.544,164,767,None,Move,browsing
1573648565.552,164,770,None,Move,browsing
1573648565.56,164,772,None,Move,browsing
1573648565.5679998,164,773,None,Move,browsing
1573648565.58,164,773,None,Move,browsing
1573648565.617,165,773,None,Move,browsing
1573648565.627,166,773,None,Move,browsing
1573648565.6339998,167,773,None,Move,browsing
1573648565.6420002,167,772,None,Move,browsing
1573648565.65,168,770,None,Move,browsing
1573648565.659,168,769,None,Move,browsing
1573648565.667,168,768,None,Move,browsing
1573648565.675,168,767,None,Move,browsing
1573648565.717,168,766,None,Move,browsing
1573648565.729,168,766,None,Move,browsing
1573648565.7370002,169,766,None,Move,browsing
1573648565.745,169,765,None,Move,browsing
1573648565.7529998,170,765,None,Move,browsing
1573648565.772,171,765,None,Move,browsing
1573648565.779,171,765,None,Move,browsing
1573648565.7870002,173,763,None,Move,browsing
1573648565.794,176,761,None,Move,browsing
1573648565.802,178,758,None,Move,browsing
1573648565.81,180,756,None,Move,browsing
1573648565.819,181,753,None,Move,browsing
1573648565.827,183,751,None,Move,browsing
1573648565.834,184,749,None,Move,browsing
1573648565.842,185,748,None,Move,browsing
1573648565.851,185,747,None,Move,browsing
1573648566.0070002,186,747,None,Move,browsing
1573648566.015,187,747,None,Move,browsing
1573648566.135,187,747,Left,Pressed,browsing
1573648566.135,187,747,None,Drag,browsing
1573648566.187,187,747,None,Drag,browsing
1573648566.187,187,747,Left,Released,browsing
1573648566.196,187,746,None,Move,browsing
1573648566.204,189,746,None,Move,browsing
1573648566.212,191,746,None,Move,browsing
1573648566.221,191,745,None,Move,browsing
1573648566.229,192,745,None,Move,browsing
1573648566.306,192,745,None,Move,browsing
1573648566.3579998,191,745,None,Move,browsing
1573648566.5029998,191,745,None,Move,browsing
1573648566.515,190,745,None,Move,browsing
1573648567.303,190,741,None,Move,browsing
1573648567.311,195,718,None,Move,browsing
1573648567.319,198,698,None,Move,browsing
1573648567.327,198,680,None,Move,browsing
1573648567.335,198,660,None,Move,browsing
1573648567.343,198,642,None,Move,browsing
1573648567.351,200,628,None,Move,browsing
1573648567.359,202,614,None,Move,browsing
1573648567.367,203,602,None,Move,browsing
1573648567.373,206,589,None,Move,browsing
1573648567.381,209,577,None,Move,browsing
1573648567.389,211,566,None,Move,browsing
1573648567.396,211,560,None,Move,browsing
1573648567.405,211,557,None,Move,browsing
1573648567.4120002,211,555,None,Move,browsing
1573648567.421,211,554,None,Move,browsing
1573648567.429,211,552,None,Move,browsing
1573648567.63,212,551,None,Move,browsing
1573648567.6420002,213,550,None,Move,browsing
1573648567.65,218,540,None,Move,browsing
1573648567.658,221,529,None,Move,browsing
1573648567.666,224,521,None,Move,browsing
1573648567.674,227,512,None,Move,browsing
1573648567.6829998,228,504,None,Move,browsing
1573648567.69,228,500,None,Move,browsing
1573648567.699,228,499,None,Move,browsing
1573648567.705,228,498,None,Move,browsing
1573648567.712,228,497,None,Move,browsing
1573648567.764,229,497,Left,Pressed,browsing
1573648567.764,229,497,None,Drag,browsing
1573648567.764,229,497,Left,Released,browsing
1573648568.002,230,497,None,Move,browsing
1573648568.049,230,497,None,Move,browsing
1573648568.0570002,232,505,None,Move,browsing
1573648568.065,235,517,None,Move,browsing
1573648568.073,238,528,None,Move,browsing
1573648568.081,242,540,None,Move,browsing
1573648568.089,244,549,None,Move,browsing
1573648568.097,248,561,None,Move,browsing
1573648568.105,251,572,None,Move,browsing
1573648568.113,253,581,None,Move,browsing
1573648568.121,256,587,None,Move,browsing
1573648568.127,259,592,None,Move,browsing
1573648568.135,261,594,None,Move,browsing
1573648568.143,262,597,None,Move,browsing
1573648568.151,262,598,None,Move,browsing
1573648568.159,263,601,None,Move,browsing
1573648568.167,263,602,None,Move,browsing
1573648568.174,263,603,None,Move,browsing
1573648568.1820002,263,604,None,Move,browsing
1573648568.248,263,605,None,Move,browsing
1573648568.2729998,263,606,None,Move,browsing
1573648568.281,262,607,None,Move,browsing
1573648568.2870002,262,608,None,Move,browsing
1573648568.294,262,608,None,Move,browsing
1573648568.654,264,611,None,Move,browsing
1573648568.663,278,626,None,Move,browsing
1573648568.67,297,650,None,Move,browsing
1573648568.678,314,668,None,Move,browsing
1573648568.686,334,691,None,Move,browsing
1573648568.694,353,708,None,Move,browsing
1573648568.702,380,735,None,Move,browsing
1573648568.708,417,759,None,Move,browsing
1573648568.716,443,781,None,Move,browsing
1573648568.724,468,800,None,Move,browsing
1573648568.732,496,817,None,Move,browsing
1573648568.7410002,521,834,None,Move,browsing
1573648568.748,555,847,None,Move,browsing
1573648568.7570002,577,857,None,Move,browsing
1573648568.765,598,864,None,Move,browsing
1573648568.7729998,614,867,None,Move,browsing
1573648568.781,627,868,None,Move,browsing
1573648568.789,635,871,None,Move,browsing
1573648568.795,642,873,None,Move,browsing
1573648568.803,648,874,None,Move,browsing
1573648568.811,652,876,None,Move,browsing
1573648568.819,655,878,None,Move,browsing
1573648568.827,658,881,None,Move,browsing
1573648568.835,663,883,None,Move,browsing
1573648568.843,672,887,None,Move,browsing
1573648568.851,685,896,None,Move,browsing
1573648568.859,700,902,None,Move,browsing
1573648568.867,718,909,None,Move,browsing
1573648568.873,734,912,None,Move,browsing
1573648568.881,755,917,None,Move,browsing
1573648568.889,775,920,None,Move,browsing
1573648568.897,793,924,None,Move,browsing
1573648568.905,805,925,None,Move,browsing
1573648568.9120002,817,927,None,Move,browsing
1573648568.921,822,928,None,Move,browsing
1573648568.929,825,929,None,Move,browsing
1573648568.937,827,931,None,Move,browsing
1573648568.944,829,932,None,Move,browsing
1573648568.951,832,934,None,Move,browsing
1573648568.958,834,936,None,Move,browsing
1573648568.967,836,939,None,Move,browsing
1573648568.975,838,941,None,Move,browsing
1573648568.9829998,840,943,None,Move,browsing
1573648568.9910002,841,945,None,Move,browsing
1573648568.998,843,946,None,Move,browsing
1573648569.006,843,947,None,Move,browsing
1573648569.014,844,948,None,Move,browsing
1573648569.081,844,948,None,Move,browsing
1573648569.089,845,949,None,Move,browsing
1573648569.097,845,951,None,Move,browsing
1573648569.105,847,953,None,Move,browsing
1573648569.113,848,954,None,Move,browsing
1573648569.123,849,955,None,Move,browsing
1573648569.131,850,955,None,Move,browsing
1573648569.139,850,956,None,Move,browsing
1573648569.147,851,956,None,Move,browsing
1573648569.155,852,956,None,Move,browsing
1573648569.163,853,956,None,Move,browsing
1573648569.195,853,956,Left,Pressed,browsing
1573648569.3760002,853,956,Left,Released,browsing
1573648569.4989998,853,956,None,Move,browsing
1573648569.5070002,853,957,None,Move,browsing
1573648569.515,851,958,None,Move,browsing
1573648569.5229998,849,958,None,Move,browsing
1573648575.265,846,955,None,Move,browsing
1573648575.272,837,946,None,Move,browsing
1573648575.281,827,924,None,Move,browsing
1573648575.289,819,899,None,Move,browsing
1573648575.2970002,816,879,None,Move,browsing
1573648575.304,812,860,None,Move,browsing
1573648575.312,809,850,None,Move,browsing
1573648575.32,807,845,None,Move,browsing
1573648575.326,804,842,None,Move,browsing
1573648575.334,802,840,None,Move,browsing
1573648575.342,801,839,None,Move,browsing
1573648575.3579998,801,839,None,Move,browsing
1573648575.37,800,838,None,Move,browsing
1573648575.3779998,799,836,None,Move,browsing
1573648575.3860002,796,830,None,Move,browsing
1573648575.394,794,823,None,Move,browsing
1573648575.4,787,810,None,Move,browsing
1573648575.409,777,797,None,Move,browsing
1573648575.417,767,780,None,Move,browsing
1573648575.425,752,758,None,Move,browsing
1573648575.4329998,742,741,None,Move,browsing
1573648575.441,732,726,None,Move,browsing
1573648575.448,723,713,None,Move,browsing
1573648575.457,716,702,None,Move,browsing
1573648575.465,713,692,None,Move,browsing
1573648575.472,710,681,None,Move,browsing
1573648575.48,709,673,None,Move,browsing
1573648575.4889998,708,664,None,Move,browsing
1573648575.495,708,656,None,Move,browsing
1573648575.5029998,708,646,None,Move,browsing
1573648575.5110002,708,634,None,Move,browsing
1573648575.519,708,622,None,Move,browsing
1573648575.5270002,708,610,None,Move,browsing
1573648575.535,704,597,None,Move,browsing
1573648575.543,701,583,None,Move,browsing
1573648575.551,698,567,None,Move,browsing
1573648575.559,695,554,None,Move,browsing
1573648575.5670002,693,542,None,Move,browsing
1573648575.573,693,530,None,Move,browsing
1573648575.581,695,521,None,Move,browsing
1573648575.589,698,513,None,Move,browsing
1573648575.597,701,504,None,Move,browsing
1573648575.605,709,495,None,Move,browsing
1573648575.613,715,486,None,Move,browsing
1573648575.621,721,475,None,Move,browsing
1573648575.629,729,464,None,Move,browsing
1573648575.637,735,451,None,Move,browsing
1573648575.645,740,439,None,Move,browsing
1573648575.651,745,426,None,Move,browsing
1573648575.659,749,414,None,Move,browsing
1573648575.667,754,401,None,Move,browsing
1573648575.675,760,390,None,Move,browsing
1573648575.6820002,768,377,None,Move,browsing
1573648575.69,778,364,None,Move,browsing
1573648575.698,790,351,None,Move,browsing
1573648575.706,803,340,None,Move,browsing
1573648575.715,818,328,None,Move,browsing
1573648575.722,833,318,None,Move,browsing
1573648575.731,849,306,None,Move,browsing
1573648575.736,870,289,None,Move,browsing
1573648575.745,894,273,None,Move,browsing
1573648575.752,919,257,None,Move,browsing
1573648575.7610002,947,239,None,Move,browsing
1573648575.768,968,224,None,Move,browsing
1573648575.7770002,983,211,None,Move,browsing
1573648575.784,995,199,None,Move,browsing
1573648575.792,1001,190,None,Move,browsing
1573648575.8,1003,187,None,Move,browsing
1573648575.809,1003,185,None,Move,browsing
1573648575.815,1003,182,None,Move,browsing
1573648575.822,1000,177,None,Move,browsing
1573648575.83,998,172,None,Move,browsing
1573648575.839,994,168,None,Move,browsing
1573648575.847,991,163,None,Move,browsing
1573648575.855,988,160,None,Move,browsing
1573648575.8620002,985,155,None,Move,browsing
1573648575.871,980,148,None,Move,browsing
1573648575.879,973,141,None,Move,browsing
1573648575.887,965,131,None,Move,browsing
1573648575.895,956,122,None,Move,browsing
1573648575.9,943,114,None,Move,browsing
1573648575.909,926,104,None,Move,browsing
1573648575.917,904,89,None,Move,browsing
1573648575.935,872,71,None,Move,browsing
1573648575.936,826,53,None,Move,browsing
1573648575.941,777,37,None,Move,browsing
1573648575.949,722,16,None,Move,browsing
1573648575.957,676,-5,None,Move,browsing
1573648575.965,640,-22,None,Move,browsing
1573648575.9729998,623,-33,None,Move,browsing
1573648575.981,616,-38,None,Move,browsing
1573648575.9870002,615,-39,None,Move,browsing
1573648575.995,615,-39,None,Move,browsing
1573648576.0029998,615,-39,None,Move,browsing
1573648576.0110002,617,-37,None,Move,browsing
1573648576.018,622,-35,None,Move,browsing
1573648576.0270002,630,-33,None,Move,browsing
1573648576.034,638,-30,None,Move,browsing
1573648576.043,644,-28,None,Move,browsing
1573648576.051,647,-26,None,Move,browsing
1573648576.059,649,-25,None,Move,browsing
1573648576.065,650,-24,None,Move,browsing
1573648576.073,652,-22,None,Move,browsing
1573648576.08,654,-22,None,Move,browsing
1573648576.089,658,-20,None,Move,browsing
1573648576.097,665,-18,None,Move,browsing
1573648576.104,673,-17,None,Move,browsing
1573648576.113,683,-17,None,Move,browsing
1573648576.12,698,-17,None,Move,browsing
1573648576.129,715,-18,None,Move,browsing
1573648576.137,735,-24,None,Move,browsing
1573648576.145,760,-35,None,Move,browsing
1573648576.15,777,-39,None,Move,browsing
1573648576.159,787,-41,None,Move,browsing
1573648576.167,792,-41,None,Move,browsing
1573648576.175,794,-41,None,Move,browsing
1573648576.1829998,795,-41,None,Move,browsing
1573648576.191,795,-41,None,Move,browsing
1573648576.199,796,-39,None,Move,browsing
1573648576.207,796,-35,None,Move,browsing
1573648576.215,796,-29,None,Move,browsing
1573648576.2229998,796,-24,None,Move,browsing
1573648576.231,796,-19,None,Move,browsing
1573648576.2370002,797,-12,None,Move,browsing
1573648576.245,799,-8,None,Move,browsing
1573648576.2529998,801,-4,None,Move,browsing
1573648576.2610002,803,1,None,Move,browsing
1573648576.269,807,6,None,Move,browsing
1573648576.2770002,810,9,None,Move,browsing
1573648576.285,812,13,None,Move,browsing
1573648576.293,814,15,None,Move,browsing
1573648576.301,816,19,None,Move,browsing
1573648576.309,819,24,None,Move,browsing
1573648576.314,821,29,None,Move,browsing
1573648576.323,824,36,None,Move,browsing
1573648576.33,827,43,None,Move,browsing
1573648576.339,831,52,None,Move,browsing
1573648576.347,838,58,None,Move,browsing
1573648576.355,848,65,None,Move,browsing
1573648576.363,857,71,None,Move,browsing
1573648576.371,865,74,None,Move,browsing
1573648576.379,874,77,None,Move,browsing
1573648576.3860002,882,80,None,Move,browsing
1573648576.393,889,83,None,Move,browsing
1573648576.4,895,83,None,Move,browsing
1573648576.408,899,84,None,Move,browsing
1573648576.416,901,84,None,Move,browsing
1573648576.425,903,84,None,Move,browsing
1573648576.4320002,906,84,None,Move,browsing
1573648576.44,909,81,None,Move,browsing
1573648576.449,914,79,None,Move,browsing
1573648576.457,921,75,None,Move,browsing
1573648576.465,925,70,None,Move,browsing
1573648576.4729998,929,64,None,Move,browsing
1573648576.479,931,59,None,Move,browsing
1573648576.495,934,56,None,Move,browsing
1573648576.496,934,51,None,Move,browsing
1573648576.5029998,934,48,None,Move,browsing
1573648576.5110002,934,46,None,Move,browsing
1573648576.518,933,45,None,Move,browsing
1573648576.5270002,933,45,None,Move,browsing
1573648576.593,932,45,None,Move,browsing
1573648576.605,930,44,None,Move,browsing
1573648576.613,929,44,None,Move,browsing
1573648576.629,928,43,None,Move,browsing
1573648576.637,927,43,None,Move,browsing
1573648576.901,927,42,None,Move,browsing
1573648576.913,928,41,None,Move,browsing
1573648576.921,929,40,None,Move,browsing
1573648577.039,930,39,None,Move,browsing
1573648577.1239998,931,39,None,Move,browsing
1573648578.457,930,39,None,Move,browsing
1573648578.464,927,39,None,Move,browsing
1573648578.472,924,39,None,Move,browsing
1573648578.48,920,39,None,Move,browsing
1573648578.488,918,40,None,Move,browsing
1573648578.495,916,40,None,Move,browsing
1573648578.502,916,40,None,Move,browsing
1573648578.51,914,41,None,Move,browsing
1573648578.518,913,43,None,Move,browsing
1573648578.526,910,47,None,Move,browsing
1573648578.534,905,52,None,Move,browsing
1573648578.542,896,65,None,Move,browsing
1573648578.55,882,82,None,Move,browsing
1573648578.559,864,104,None,Move,browsing
1573648578.575,843,127,None,Move,browsing
1573648578.576,821,147,None,Move,browsing
1573648578.58,794,171,None,Move,browsing
1573648578.5879998,765,194,None,Move,browsing
1573648578.596,733,212,None,Move,browsing
1573648578.604,698,229,None,Move,browsing
1573648578.613,662,250,None,Move,browsing
1573648578.62,626,269,None,Move,browsing
1573648578.629,591,288,None,Move,browsing
1573648578.6360002,564,300,None,Move,browsing
1573648578.645,541,312,None,Move,browsing
1573648578.6520002,522,322,None,Move,browsing
1573648578.659,507,334,None,Move,browsing
1573648578.667,494,344,None,Move,browsing
1573648578.675,485,352,None,Move,browsing
1573648578.6829998,475,361,None,Move,browsing
1573648578.69,470,365,None,Move,browsing
1573648578.698,468,368,None,Move,browsing
1573648578.707,466,370,None,Move,browsing
1573648578.715,465,374,None,Move,browsing
1573648578.722,464,376,None,Move,browsing
1573648578.731,464,378,None,Move,browsing
1573648578.736,463,381,None,Move,browsing
1573648578.745,463,384,None,Move,browsing
1573648578.752,461,390,None,Move,browsing
1573648578.7610002,461,396,None,Move,browsing
1573648578.769,460,403,None,Move,browsing
1573648578.7770002,460,407,None,Move,browsing
1573648578.785,460,411,None,Move,browsing
1573648578.793,460,413,None,Move,browsing
1573648578.8,461,413,None,Move,browsing
1573648578.809,462,414,None,Move,browsing
1573648578.8170002,464,415,None,Move,browsing
1573648578.823,466,416,None,Move,browsing
1573648578.831,467,417,None,Move,browsing
1573648578.839,467,417,None,Move,browsing
1573648578.883,467,419,None,Move,browsing
1573648578.891,465,425,None,Move,browsing
1573648578.899,462,432,None,Move,browsing
1573648578.919,461,439,None,Move,browsing
1573648578.919,460,442,None,Move,browsing
1573648578.92,460,446,None,Move,browsing
1573648578.929,459,449,None,Move,browsing
1573648578.937,458,451,None,Move,browsing
1573648578.945,457,453,None,Move,browsing
1573648578.952,454,457,None,Move,browsing
1573648578.96,452,462,None,Move,browsing
1573648578.968,444,472,None,Move,browsing
1573648578.976,434,485,None,Move,browsing
1573648578.982,423,498,None,Move,browsing
1573648578.99,411,513,None,Move,browsing
1573648578.9989998,400,526,None,Move,browsing
1573648579.006,390,537,None,Move,browsing
1573648579.015,385,544,None,Move,browsing
1573648579.022,382,547,None,Move,browsing
1573648579.03,381,550,None,Move,browsing
1573648579.038,380,550,None,Move,browsing
1573648579.195,380,550,Left,Pressed,browsing
1573648579.323,380,550,Left,Released,browsing
1573648579.925,380,550,None,Move,browsing
1573648579.9329998,382,550,None,Move,browsing
1573648579.945,383,550,None,Move,browsing
1573648579.957,384,550,None,Move,browsing
1573648580.059,387,551,None,Move,browsing
1573648580.0670002,398,560,None,Move,browsing
1573648580.072,418,574,None,Move,browsing
1573648580.08,459,603,None,Move,browsing
1573648580.0879998,505,641,None,Move,browsing
1573648580.097,554,673,None,Move,browsing
1573648580.105,603,706,None,Move,browsing
1573648580.1120002,645,743,None,Move,browsing
1573648580.12,687,777,None,Move,browsing
1573648580.1279998,714,801,None,Move,browsing
1573648580.1360002,739,820,None,Move,browsing
1573648580.144,752,832,None,Move,browsing
1573648580.1520002,761,841,None,Move,browsing
1573648580.16,773,851,None,Move,browsing
1573648580.166,784,860,None,Move,browsing
1573648580.174,795,870,None,Move,browsing
1573648580.1829998,806,879,None,Move,browsing
1573648580.19,819,889,None,Move,browsing
1573648580.198,836,903,None,Move,browsing
1573648580.22,861,919,None,Move,browsing
1573648580.222,882,935,None,Move,browsing
1573648580.2229998,897,948,None,Move,browsing
1573648580.23,910,960,None,Move,browsing
1573648580.238,922,969,None,Move,browsing
1573648580.245,931,978,None,Move,browsing
1573648580.2529998,935,987,None,Move,browsing
1573648580.26,939,991,None,Move,browsing
1573648580.269,941,994,None,Move,browsing
1573648580.2870002,943,996,None,Move,browsing
1573648580.288,945,998,None,Move,browsing
1573648580.293,947,1001,None,Move,browsing
1573648580.3,948,1003,None,Move,browsing
1573648580.309,949,1003,None,Move,browsing
1573648580.3170002,950,1003,None,Move,browsing
1573648580.573,950,1003,None,Move,browsing
1573648580.58,952,999,None,Move,browsing
1573648580.589,955,996,None,Move,browsing
1573648580.597,957,993,None,Move,browsing
1573648580.604,959,990,None,Move,browsing
1573648580.613,961,988,None,Move,browsing
1573648580.62,963,986,None,Move,browsing
1573648580.629,965,984,None,Move,browsing
1573648580.637,969,982,None,Move,browsing
1573648580.645,972,979,None,Move,browsing
1573648580.653,974,977,None,Move,browsing
1573648580.659,978,975,None,Move,browsing
1573648580.667,982,973,None,Move,browsing
1573648580.675,989,970,None,Move,browsing
1573648580.6829998,996,967,None,Move,browsing
1573648580.691,999,965,None,Move,browsing
1573648580.699,1004,965,None,Move,browsing
1573648580.707,1012,962,None,Move,browsing
1573648580.715,1018,962,None,Move,browsing
1573648580.7229998,1024,961,None,Move,browsing
1573648580.731,1033,960,None,Move,browsing
1573648580.7389998,1041,958,None,Move,browsing
1573648580.745,1046,957,None,Move,browsing
1573648580.7529998,1049,957,None,Move,browsing
1573648580.771,1052,957,None,Move,browsing
1573648580.772,1054,957,None,Move,browsing
1573648580.7770002,1056,957,None,Move,browsing
1573648580.785,1058,957,None,Move,browsing
1573648580.793,1062,959,None,Move,browsing
1573648580.8,1065,962,None,Move,browsing
1573648580.809,1070,964,None,Move,browsing
1573648580.8170002,1075,967,None,Move,browsing
1573648580.822,1080,969,None,Move,browsing
1573648580.83,1083,971,None,Move,browsing
1573648580.839,1088,972,None,Move,browsing
1573648580.846,1091,975,None,Move,browsing
1573648580.854,1093,976,None,Move,browsing
1573648580.863,1095,977,None,Move,browsing
1573648580.87,1097,978,None,Move,browsing
1573648580.879,1099,979,None,Move,browsing
1573648580.887,1101,979,None,Move,browsing
1573648580.895,1103,979,None,Move,browsing
1573648580.9020002,1105,979,None,Move,browsing
1573648580.908,1107,980,None,Move,browsing
1573648580.917,1108,980,None,Move,browsing
1573648580.925,1109,980,None,Move,browsing
1573648580.9320002,1109,980,None,Move,browsing
1573648581.429,1109,980,Left,Pressed,browsing
1573648581.583,1109,980,Left,Released,browsing
1573648584.18,1110,980,None,Move,browsing
1573648584.196,1112,980,None,Move,browsing
1573648584.204,1114,980,None,Move,browsing
1573648584.21,1116,980,None,Move,browsing
1573648584.218,1118,979,None,Move,browsing
1573648584.226,1120,977,None,Move,browsing
1573648584.235,1121,975,None,Move,browsing
1573648584.242,1123,974,None,Move,browsing
1573648584.25,1125,971,None,Move,browsing
1573648584.2589998,1126,969,None,Move,browsing
1573648584.266,1127,967,None,Move,browsing
1573648584.274,1130,965,None,Move,browsing
1573648584.282,1132,963,None,Move,browsing
1573648584.289,1134,962,None,Move,browsing
1573648584.2970002,1136,960,None,Move,browsing
1573648584.305,1138,959,None,Move,browsing
1573648584.313,1139,957,None,Move,browsing
1573648584.321,1141,955,None,Move,browsing
1573648584.341,1142,953,None,Move,browsing
1573648584.342,1144,951,None,Move,browsing
1573648584.345,1145,950,None,Move,browsing
1573648584.353,1146,949,None,Move,browsing
1573648584.361,1147,947,None,Move,browsing
1573648584.373,1148,947,None,Move,browsing
1573648584.379,1148,946,None,Move,browsing
1573648584.637,1150,945,None,Move,browsing
1573648584.649,1151,944,None,Move,browsing
1573648584.657,1151,943,None,Move,browsing
1573648584.665,1152,942,None,Move,browsing
1573648584.673,1153,942,None,Move,browsing
1573648584.681,1153,940,None,Move,browsing
1573648584.689,1154,939,None,Move,browsing
1573648584.697,1155,938,None,Move,browsing
1573648584.707,1156,938,None,Move,browsing
1573648584.715,1156,937,None,Move,browsing
1573648584.735,1157,936,None,Move,browsing
1573648584.746,1157,936,None,Move,browsing
1573648584.754,1158,936,None,Move,browsing
1573648584.853,1159,936,None,Move,browsing
1573648584.903,1159,936,None,Move,browsing
1573648584.911,1159,938,None,Move,browsing
1573648584.919,1158,940,None,Move,browsing
1573648584.927,1157,942,None,Move,browsing
1573648584.935,1155,944,None,Move,browsing
1573648584.9429998,1154,948,None,Move,browsing
1573648584.951,1152,952,None,Move,browsing
1573648584.959,1149,959,None,Move,browsing
1573648584.965,1146,964,None,Move,browsing
1573648584.972,1144,969,None,Move,browsing
1573648584.981,1139,978,None,Move,browsing
1573648584.9889998,1135,985,None,Move,browsing
1573648584.9970002,1131,994,None,Move,browsing
1573648585.005,1128,1001,None,Move,browsing
1573648585.025,1124,1008,None,Move,browsing
1573648585.029,1118,1017,None,Move,browsing
1573648585.0370002,1115,1020,None,Move,browsing
1573648585.042,1113,1022,None,Move,browsing
1573648585.05,1112,1023,None,Move,browsing
1573648585.121,1111,1023,None,Move,browsing
1573648585.133,1111,1022,None,Move,browsing
1573648585.14,1110,1019,None,Move,browsing
1573648585.149,1109,1017,None,Move,browsing
1573648585.157,1109,1014,None,Move,browsing
1573648585.165,1109,1012,None,Move,browsing
1573648585.173,1109,1009,None,Move,browsing
1573648585.18,1109,1006,None,Move,browsing
1573648585.189,1110,1002,None,Move,browsing
1573648585.197,1111,998,None,Move,browsing
1573648585.205,1112,995,None,Move,browsing
1573648585.21,1113,993,None,Move,browsing
1573648585.218,1114,990,None,Move,browsing
1573648585.226,1114,989,None,Move,browsing
1573648585.235,1114,987,None,Move,browsing
1573648585.242,1115,985,None,Move,browsing
1573648585.25,1115,983,None,Move,browsing
1573648585.258,1115,982,None,Move,browsing
1573648585.2670002,1115,981,None,Move,browsing
1573648585.357,1115,981,None,Move,browsing
1573648585.365,1113,981,None,Move,browsing
1573648585.373,1113,981,None,Move,browsing
1573648585.379,1111,981,None,Move,browsing
1573648585.387,1109,982,None,Move,browsing
1573648585.395,1108,982,None,Move,browsing
1573648585.403,1107,982,None,Move,browsing
1573648585.411,1107,982,None,Move,browsing
1573648585.419,1107,982,None,Move,browsing
1573648585.427,1107,980,None,Move,browsing
1573648597.894,1106,980,None,Move,browsing
1573648597.9020002,1104,978,None,Move,browsing
1573648597.91,1102,977,None,Move,browsing
1573648597.918,1100,976,None,Move,browsing
1573648597.926,1098,974,None,Move,browsing
1573648597.934,1095,972,None,Move,browsing
1573648597.94,1091,969,None,Move,browsing
1573648597.948,1084,967,None,Move,browsing
1573648597.957,1075,964,None,Move,browsing
1573648597.965,1067,961,None,Move,browsing
1573648597.9729998,1058,956,None,Move,browsing
1573648597.981,1051,952,None,Move,browsing
1573648597.9889998,1044,948,None,Move,browsing
1573648598.005,1027,935,None,Move,browsing
1573648598.0129998,1018,925,None,Move,browsing
1573648598.021,1011,918,None,Move,browsing
1573648598.0270002,1001,910,None,Move,browsing
1573648598.035,994,905,None,Move,browsing
1573648598.043,989,899,None,Move,browsing
1573648598.051,982,893,None,Move,browsing
1573648598.059,974,888,None,Move,browsing
1573648598.0670002,967,880,None,Move,browsing
1573648598.075,958,873,None,Move,browsing
1573648598.083,947,863,None,Move,browsing
1573648598.091,938,855,None,Move,browsing
1573648598.099,928,848,None,Move,browsing
1573648598.106,919,838,None,Move,browsing
1573648598.113,910,834,None,Move,browsing
1573648598.121,901,828,None,Move,browsing
1573648598.1279998,890,823,None,Move,browsing
1573648598.1360002,879,814,None,Move,browsing
1573648598.144,866,804,None,Move,browsing
1573648598.1520002,847,794,None,Move,browsing
1573648598.16,815,775,None,Move,browsing
1573648598.169,776,756,None,Move,browsing
1573648598.187,728,726,None,Move,browsing
1573648598.189,676,696,None,Move,browsing
1573648598.19,628,670,None,Move,browsing
1573648598.199,585,650,None,Move,browsing
1573648598.207,538,626,None,Move,browsing
1573648598.215,486,596,None,Move,browsing
1573648598.222,439,575,None,Move,browsing
1573648598.231,400,553,None,Move,browsing
1573648598.238,364,534,None,Move,browsing
1573648598.2470002,332,516,None,Move,browsing
1573648598.254,306,503,None,Move,browsing
1573648598.262,286,493,None,Move,browsing
1573648598.271,272,485,None,Move,browsing
1573648598.276,263,478,None,Move,browsing
1573648598.285,255,473,None,Move,browsing
1573648598.292,253,469,None,Move,browsing
1573648598.301,251,467,None,Move,browsing
1573648598.3079998,250,465,None,Move,browsing
1573648598.3170002,250,463,None,Move,browsing
1573648598.324,250,462,None,Move,browsing
1573648598.332,250,462,None,Move,browsing
1573648598.34,250,461,None,Move,browsing
1573648598.3479998,249,460,None,Move,browsing
1573648598.3660002,248,460,None,Move,browsing
1573648598.3739998,247,460,None,Move,browsing
1573648598.3820002,246,460,None,Move,browsing
1573648598.39,245,460,None,Move,browsing
1573648598.3979998,243,460,None,Move,browsing
1573648598.407,241,461,None,Move,browsing
1573648598.415,239,463,None,Move,browsing
1573648598.423,237,465,None,Move,browsing
1573648598.431,236,467,None,Move,browsing
1573648598.437,235,468,None,Move,browsing
1573648598.445,234,470,None,Move,browsing
1573648598.4529998,234,471,None,Move,browsing
1573648598.461,234,472,None,Move,browsing
1573648598.469,234,472,None,Move,browsing
1573648598.4770002,234,473,None,Move,browsing
1573648598.485,234,475,None,Move,browsing
1573648598.4929998,234,481,None,Move,browsing
1573648598.5010002,237,492,None,Move,browsing
1573648598.5089998,243,505,None,Move,browsing
1573648598.5170002,252,523,None,Move,browsing
1573648598.5229998,262,538,None,Move,browsing
1573648598.531,274,555,None,Move,browsing
1573648598.539,287,568,None,Move,browsing
1573648598.5470002,298,579,None,Move,browsing
1573648598.555,307,589,None,Move,browsing
1573648598.563,317,596,None,Move,browsing
1573648598.571,324,602,None,Move,browsing
1573648598.579,327,604,None,Move,browsing
1573648598.587,329,605,None,Move,browsing
1573648598.595,329,606,None,Move,browsing
1573648598.605,329,607,None,Move,browsing
1573648598.613,330,607,None,Move,browsing
1573648598.621,330,608,None,Move,browsing
1573648598.706,330,608,None,Move,browsing
1573648598.714,330,608,None,Move,browsing
1573648598.804,331,610,None,Move,browsing
1573648598.812,338,621,None,Move,browsing
1573648598.82,345,634,None,Move,browsing
1573648598.8279998,351,645,None,Move,browsing
1573648598.837,355,654,None,Move,browsing
1573648598.845,358,662,None,Move,browsing
1573648598.853,361,669,None,Move,browsing
1573648598.8579998,363,673,None,Move,browsing
1573648598.867,364,676,None,Move,browsing
1573648598.875,366,677,None,Move,browsing
1573648598.883,367,679,None,Move,browsing
1573648598.895,368,680,None,Move,browsing
1573648598.915,368,681,None,Move,browsing
1573648598.923,368,686,None,Move,browsing
1573648598.931,365,693,None,Move,browsing
1573648598.937,358,702,None,Move,browsing
1573648598.945,352,707,None,Move,browsing
1573648598.9529998,348,713,None,Move,browsing
1573648598.961,344,718,None,Move,browsing
1573648598.969,342,721,None,Move,browsing
1573648598.9770002,340,723,None,Move,browsing
1573648598.985,339,725,None,Move,browsing
1573648598.9929998,338,725,None,Move,browsing
1573648599.0010002,338,726,None,Move,browsing
1573648599.038,337,726,None,Move,browsing
1573648599.184,336,726,None,Move,browsing
1573648599.194,336,726,None,Move,browsing
1573648599.202,336,724,None,Move,browsing
1573648599.21,334,716,None,Move,browsing
1573648599.218,334,708,None,Move,browsing
1573648599.226,334,698,None,Move,browsing
1573648599.234,334,688,None,Move,browsing
1573648599.242,333,677,None,Move,browsing
1573648599.25,331,669,None,Move,browsing
1573648599.258,330,659,None,Move,browsing
1573648599.266,327,646,None,Move,browsing
1573648599.272,324,638,None,Move,browsing
1573648599.28,321,631,None,Move,browsing
1573648599.289,319,627,None,Move,browsing
1573648599.296,318,625,None,Move,browsing
1573648599.304,318,625,None,Move,browsing
1573648599.313,318,624,None,Move,browsing
1573648599.379,317,624,None,Move,browsing
1573648599.681,317,624,None,Move,browsing
1573648599.689,324,631,None,Move,browsing
1573648599.695,334,646,None,Move,browsing
1573648599.7029998,344,659,None,Move,browsing
1573648599.71,355,672,None,Move,browsing
1573648599.719,367,685,None,Move,browsing
1573648599.726,378,694,None,Move,browsing
1573648599.735,387,702,None,Move,browsing
1573648599.7429998,395,711,None,Move,browsing
1573648599.7510002,402,715,None,Move,browsing
1573648599.7589998,405,718,None,Move,browsing
1573648599.7670002,407,720,None,Move,browsing
1573648599.775,409,722,None,Move,browsing
1573648599.781,412,723,None,Move,browsing
1573648599.789,413,723,None,Move,browsing
1573648599.7970002,414,723,None,Move,browsing
1573648599.805,415,723,None,Move,browsing
1573648599.813,417,723,None,Move,browsing
1573648599.829,418,723,None,Move,browsing
1573648599.867,418,723,None,Move,browsing
1573648599.879,419,722,None,Move,browsing
1573648599.887,419,720,None,Move,browsing
1573648599.895,419,720,None,Move,browsing
1573648599.903,420,719,None,Move,browsing
1573648599.911,420,718,None,Move,browsing
1573648599.919,420,716,None,Move,browsing
1573648599.926,420,715,None,Move,browsing
1573648599.934,420,713,None,Move,browsing
1573648599.9420002,421,710,None,Move,browsing
1573648599.948,422,702,None,Move,browsing
1573648599.956,423,692,None,Move,browsing
1573648599.964,425,680,None,Move,browsing
1573648599.972,425,664,None,Move,browsing
1573648599.981,424,650,None,Move,browsing
1573648599.988,421,633,None,Move,browsing
1573648599.996,418,621,None,Move,browsing
1573648600.005,413,608,None,Move,browsing
1573648600.012,409,600,None,Move,browsing
1573648600.021,406,595,None,Move,browsing
1573648600.026,404,592,None,Move,browsing
1573648600.035,403,590,None,Move,browsing
1573648600.042,403,590,None,Move,browsing
1573648601.665,403,586,None,Move,browsing
1573648601.673,402,578,None,Move,browsing
1573648601.681,399,569,None,Move,browsing
1573648601.688,396,561,None,Move,browsing
1573648601.696,395,552,None,Move,browsing
1573648601.705,392,547,None,Move,browsing
1573648601.712,391,543,None,Move,browsing
1573648601.719,391,541,None,Move,browsing
1573648601.726,390,539,None,Move,browsing
1573648601.7389998,390,538,None,Move,browsing
1573648601.833,390,538,None,Move,browsing
1573648601.841,389,547,None,Move,browsing
1573648601.849,389,559,None,Move,browsing
1573648601.857,387,571,None,Move,browsing
1573648601.865,386,586,None,Move,browsing
1573648601.873,386,598,None,Move,browsing
1573648601.879,386,606,None,Move,browsing
1573648601.8860002,386,616,None,Move,browsing
1573648601.894,386,624,None,Move,browsing
1573648601.9020002,386,629,None,Move,browsing
1573648601.91,387,631,None,Move,browsing
1573648601.918,387,633,None,Move,browsing
1573648601.926,387,635,None,Move,browsing
1573648601.934,387,636,None,Move,browsing
1573648601.947,388,636,None,Move,browsing
1573648602.083,388,637,None,Move,browsing
1573648602.091,388,643,None,Move,browsing
1573648602.099,389,647,None,Move,browsing
1573648602.107,389,649,None,Move,browsing
1573648602.115,389,652,None,Move,browsing
1573648602.123,390,656,None,Move,browsing
1573648602.129,390,661,None,Move,browsing
1573648602.137,390,664,None,Move,browsing
1573648602.145,390,667,None,Move,browsing
1573648602.153,390,670,None,Move,browsing
1573648602.161,390,674,None,Move,browsing
1573648602.169,390,677,None,Move,browsing
1573648602.177,390,680,None,Move,browsing
1573648602.185,390,682,None,Move,browsing
1573648602.1929998,390,685,None,Move,browsing
1573648602.201,390,687,None,Move,browsing
1573648602.207,390,689,None,Move,browsing
1573648602.215,390,692,None,Move,browsing
1573648602.2229998,390,697,None,Move,browsing
1573648602.231,390,701,None,Move,browsing
1573648602.2389998,391,706,None,Move,browsing
1573648602.2470002,391,712,None,Move,browsing
1573648602.255,391,718,None,Move,browsing
1573648602.2629998,393,721,None,Move,browsing
1573648602.271,394,725,None,Move,browsing
1573648602.279,395,728,None,Move,browsing
1573648602.2870002,396,730,None,Move,browsing
1573648602.294,397,732,None,Move,browsing
1573648602.301,397,733,None,Move,browsing
1573648602.3079998,398,735,None,Move,browsing
1573648602.32,398,736,None,Move,browsing
1573648602.4770002,398,736,None,Move,browsing
1573648602.4889998,398,735,None,Move,browsing
1573648602.4970002,400,721,None,Move,browsing
1573648602.505,404,696,None,Move,browsing
1573648602.5129998,406,662,None,Move,browsing
1573648602.521,405,628,None,Move,browsing
1573648602.529,398,593,None,Move,browsing
1573648602.5370002,386,552,None,Move,browsing
1573648602.545,372,514,None,Move,browsing
1573648602.551,353,479,None,Move,browsing
1573648602.559,338,451,None,Move,browsing
1573648602.5670002,327,428,None,Move,browsing
1573648602.575,318,406,None,Move,browsing
1573648602.583,314,383,None,Move,browsing
1573648602.591,311,363,None,Move,browsing
1573648602.609,307,343,None,Move,browsing
1573648602.61,307,323,None,Move,browsing
1573648602.615,307,305,None,Move,browsing
1573648602.623,307,287,None,Move,browsing
1573648602.629,307,269,None,Move,browsing
1573648602.637,310,249,None,Move,browsing
1573648602.644,313,229,None,Move,browsing
1573648602.653,315,211,None,Move,browsing
1573648602.66,316,197,None,Move,browsing
1573648602.669,316,185,None,Move,browsing
1573648602.676,313,172,None,Move,browsing
1573648602.685,310,163,None,Move,browsing
1573648602.6920002,308,155,None,Move,browsing
1573648602.7,307,147,None,Move,browsing
1573648602.708,307,142,None,Move,browsing
1573648602.714,307,139,None,Move,browsing
1573648602.722,308,136,None,Move,browsing
1573648602.731,311,131,None,Move,browsing
1573648602.738,314,127,None,Move,browsing
1573648602.7470002,319,123,None,Move,browsing
1573648602.754,324,121,None,Move,browsing
1573648602.762,333,118,None,Move,browsing
1573648602.77,338,116,None,Move,browsing
1573648602.779,346,114,None,Move,browsing
1573648602.7870002,352,114,None,Move,browsing
1573648602.795,359,114,None,Move,browsing
1573648602.801,362,114,None,Move,browsing
1573648602.809,365,114,None,Move,browsing
1573648602.8170002,368,115,None,Move,browsing
1573648602.825,372,118,None,Move,browsing
1573648602.833,376,120,None,Move,browsing
1573648602.841,383,121,None,Move,browsing
1573648602.849,388,124,None,Move,browsing
1573648602.857,393,126,None,Move,browsing
1573648602.865,401,128,None,Move,browsing
1573648602.873,414,131,None,Move,browsing
1573648602.881,432,134,None,Move,browsing
1573648602.887,448,137,None,Move,browsing
1573648602.895,463,142,None,Move,browsing
1573648602.903,475,145,None,Move,browsing
1573648602.911,486,148,None,Move,browsing
1573648602.919,496,153,None,Move,browsing
1573648602.927,505,157,None,Move,browsing
1573648602.935,512,163,None,Move,browsing
1573648602.9429998,520,172,None,Move,browsing
1573648602.951,528,181,None,Move,browsing
1573648602.959,537,191,None,Move,browsing
1573648602.965,543,200,None,Move,browsing
1573648602.972,546,210,None,Move,browsing
1573648602.981,549,221,None,Move,browsing
1573648602.988,551,233,None,Move,browsing
1573648602.9970002,551,249,None,Move,browsing
1573648603.005,551,267,None,Move,browsing
1573648603.012,546,296,None,Move,browsing
1573648603.021,531,337,None,Move,browsing
1573648603.028,516,387,None,Move,browsing
1573648603.0370002,503,435,None,Move,browsing
1573648603.044,487,488,None,Move,browsing
1573648603.051,477,540,None,Move,browsing
1573648603.059,472,591,None,Move,browsing
1573648603.066,467,633,None,Move,browsing
1573648603.075,464,675,None,Move,browsing
1573648603.082,462,705,None,Move,browsing
1573648603.09,462,724,None,Move,browsing
1573648603.0979998,462,744,None,Move,browsing
1573648603.106,461,762,None,Move,browsing
1573648603.1139998,458,777,None,Move,browsing
1573648603.1220002,454,791,None,Move,browsing
1573648603.1279998,451,802,None,Move,browsing
1573648603.1360002,450,808,None,Move,browsing
1573648603.144,450,810,None,Move,browsing
1573648603.1520002,450,811,None,Move,browsing
1573648603.201,450,809,None,Move,browsing
1573648603.209,452,791,None,Move,browsing
1573648603.215,454,767,None,Move,browsing
1573648603.2229998,453,733,None,Move,browsing
1573648603.231,448,690,None,Move,browsing
1573648603.2389998,443,632,None,Move,browsing
1573648603.2470002,437,566,None,Move,browsing
1573648603.255,432,503,None,Move,browsing
1573648603.262,426,433,None,Move,browsing
1573648603.271,421,363,None,Move,browsing
1573648603.278,415,300,None,Move,browsing
1573648603.2870002,407,237,None,Move,browsing
1573648603.295,397,186,None,Move,browsing
1573648603.301,381,140,None,Move,browsing
1573648603.309,369,95,None,Move,browsing
1573648603.3170002,354,54,None,Move,browsing
1573648603.342,340,16,None,Move,browsing
1573648603.343,326,-37,None,Move,browsing
1573648603.349,322,-54,None,Move,browsing
1573648603.3660002,319,-69,None,Move,browsing
1573648603.367,317,-81,None,Move,browsing
1573648603.373,314,-91,None,Move,browsing
1573648603.379,313,-101,None,Move,browsing
1573648603.387,313,-110,None,Move,browsing
1573648603.395,312,-118,None,Move,browsing
1573648603.4020002,312,-125,None,Move,browsing
1573648603.411,313,-134,None,Move,browsing
1573648603.418,315,-140,None,Move,browsing
1573648603.426,318,-145,None,Move,browsing
1573648603.435,320,-151,None,Move,browsing
1573648603.4429998,321,-154,None,Move,browsing
1573648603.451,322,-155,None,Move,browsing
1573648603.459,322,-156,None,Move,browsing
1573648603.464,322,-157,None,Move,browsing
1573648603.528,322,-157,None,Move,browsing
1573648603.645,322,-157,None,Move,browsing
1573648603.653,321,-157,None,Move,browsing
1573648603.661,319,-156,None,Move,browsing
1573648603.669,318,-155,None,Move,browsing
1573648603.677,316,-153,None,Move,browsing
1573648603.685,315,-152,None,Move,browsing
1573648603.6929998,314,-151,None,Move,browsing
1573648603.701,313,-149,None,Move,browsing
1573648603.709,313,-149,None,Move,browsing
1573648603.717,313,-149,None,Move,browsing
1573648603.7229998,312,-147,None,Move,browsing
1573648603.731,310,-145,None,Move,browsing
1573648603.7389998,309,-142,None,Move,browsing
1573648603.7470002,308,-137,None,Move,browsing
1573648603.755,307,-130,None,Move,browsing
1573648603.762,306,-123,None,Move,browsing
1573648603.771,306,-117,None,Move,browsing
1573648603.779,306,-111,None,Move,browsing
1573648603.7870002,306,-111,None,Move,browsing
1573648603.836,306,-109,None,Move,browsing
1573648603.844,308,-103,None,Move,browsing
1573648603.8520002,310,-95,None,Move,browsing
1573648603.86,313,-87,None,Move,browsing
1573648603.8679998,315,-79,None,Move,browsing
1573648603.8760002,318,-72,None,Move,browsing
1573648603.8820002,321,-65,None,Move,browsing
1573648603.89,324,-58,None,Move,browsing
1573648603.8979998,326,-50,None,Move,browsing
1573648603.906,328,-45,None,Move,browsing
1573648603.914,330,-41,None,Move,browsing
1573648603.923,332,-38,None,Move,browsing
1573648603.93,334,-35,None,Move,browsing
1573648603.938,336,-32,None,Move,browsing
1573648603.946,337,-30,None,Move,browsing
1573648603.954,338,-29,None,Move,browsing
1573648603.9629998,339,-27,None,Move,browsing
1573648603.969,339,-26,None,Move,browsing
1573648603.976,339,-25,None,Move,browsing
1573648603.985,340,-25,None,Move,browsing
1573648603.9929998,340,-24,None,Move,browsing
1573648604.0170002,340,-23,None,Move,browsing
1573648604.161,341,-23,None,Move,office
1573648604.1720002,341,-21,None,Move,office
1573648604.18,343,-18,None,Move,office
1573648604.188,348,-12,None,Move,office
1573648604.196,356,-2,None,Move,office
1573648604.204,365,9,None,Move,office
1573648604.212,379,24,None,Move,office
1573648604.218,392,39,None,Move,office
1573648604.226,406,56,None,Move,office
1573648604.238,421,70,None,Move,office
1573648604.2429998,436,83,None,Move,office
1573648604.25,454,97,None,Move,office
1573648604.258,467,107,None,Move,office
1573648604.266,478,116,None,Move,office
1573648604.274,487,124,None,Move,office
1573648604.282,493,131,None,Move,office
1573648604.29,498,135,None,Move,office
1573648604.298,501,137,None,Move,office
1573648604.304,505,141,None,Move,office
1573648604.312,508,144,None,Move,office
1573648604.32,514,150,None,Move,office
1573648604.3279998,523,159,None,Move,office
1573648604.336,532,167,None,Move,office
1573648604.344,541,176,None,Move,office
1573648604.3520002,551,185,None,Move,office
1573648604.36,562,195,None,Move,office
1573648604.3679998,573,206,None,Move,office
1573648604.377,583,215,None,Move,office
1573648604.385,592,225,None,Move,office
1573648604.391,596,230,None,Move,office
1573648604.399,598,233,None,Move,office
1573648604.407,600,235,None,Move,office
1573648604.415,602,237,None,Move,office
1573648604.423,603,240,None,Move,office
1573648604.431,604,242,None,Move,office
1573648604.439,606,244,None,Move,office
1573648604.447,609,249,None,Move,office
1573648604.455,611,253,None,Move,office
1573648604.4629998,614,258,None,Move,office
1573648604.469,616,263,None,Move,office
1573648604.4770002,619,270,None,Move,office
1573648604.485,622,277,None,Move,office
1573648604.4929998,624,284,None,Move,office
1573648604.5010002,627,289,None,Move,office
1573648604.5089998,630,297,None,Move,office
1573648604.5170002,633,306,None,Move,office
1573648604.525,636,315,None,Move,office
1573648604.533,638,323,None,Move,office
1573648604.541,641,330,None,Move,office
1573648604.5470002,644,339,None,Move,office
1573648604.555,647,345,None,Move,office
1573648604.563,649,352,None,Move,office
1573648604.571,652,361,None,Move,office
1573648604.579,655,370,None,Move,office
1573648604.586,658,378,None,Move,office
1573648604.594,661,385,None,Move,office
1573648604.6020002,663,392,None,Move,office
1573648604.61,666,400,None,Move,office
1573648604.6179998,669,407,None,Move,office
1573648604.6260002,670,414,None,Move,office
1573648604.6320002,670,418,None,Move,office
1573648604.64,670,423,None,Move,office
1573648604.6479998,669,431,None,Move,office
1573648604.656,666,435,None,Move,office
1573648604.664,664,442,None,Move,office
1573648604.6820002,661,446,None,Move,office
1573648604.6829998,659,449,None,Move,office
1573648604.688,657,452,None,Move,office
1573648604.696,655,456,None,Move,office
1573648604.705,651,461,None,Move,office
1573648604.7129998,649,464,None,Move,office
1573648604.719,645,466,None,Move,office
1573648604.7270002,639,469,None,Move,office
1573648604.734,632,472,None,Move,office
1573648604.742,623,479,None,Move,office
1573648604.75,614,485,None,Move,office
1573648604.758,605,490,None,Move,office
1573648604.766,596,494,None,Move,office
1573648604.774,587,498,None,Move,office
1573648604.783,579,501,None,Move,office
1573648604.791,572,504,None,Move,office
1573648604.7970002,565,507,None,Move,office
1573648604.805,558,509,None,Move,office
1573648604.813,553,512,None,Move,office
1573648604.821,549,513,None,Move,office
1573648604.829,544,516,None,Move,office
1573648604.837,535,518,None,Move,office
1573648604.845,527,521,None,Move,office
1573648604.853,518,524,None,Move,office
1573648604.861,511,527,None,Move,office
1573648604.869,508,529,None,Move,office
1573648604.877,504,531,None,Move,office
1573648604.883,502,532,None,Move,office
1573648604.895,502,533,None,Move,office
1573648604.915,502,534,None,Move,office
1573648604.9220002,500,535,None,Move,office
1573648604.93,500,536,None,Move,office
1573648604.972,499,537,None,Move,office
1573648604.984,498,537,None,Move,office
1573648605.008,497,538,None,Move,office
1573648605.02,496,539,None,Move,office
1573648605.028,495,539,None,Move,office
1573648605.036,495,539,None,Move,office
1573648605.048,494,540,None,Move,office
1573648605.054,493,540,None,Move,office
1573648605.066,492,541,None,Move,office
1573648605.074,491,541,None,Move,office
1573648605.082,490,541,None,Move,office
1573648605.111,489,541,None,Move,office
1573648605.133,489,542,None,Move,office
1573648605.141,481,547,None,Move,office
1573648605.149,472,553,None,Move,office
1573648605.167,464,557,None,Move,office
1573648605.168,455,560,None,Move,office
1573648605.173,446,563,None,Move,office
1573648605.181,440,566,None,Move,office
1573648605.189,435,567,None,Move,office
1573648605.197,432,568,None,Move,office
1573648605.205,430,569,None,Move,office
1573648605.2129998,428,570,None,Move,office
1573648605.219,423,571,None,Move,office
1573648605.2270002,420,571,None,Move,office
1573648605.235,415,572,None,Move,office
1573648605.2429998,410,573,None,Move,office
1573648605.2510002,406,574,None,Move,office
1573648605.2589998,404,574,None,Move,office
1573648605.2670002,402,576,None,Move,office
1573648605.275,401,576,None,Move,office
1573648605.283,400,576,None,Move,office
1573648605.29,399,576,None,Move,office
1573648605.299,399,577,None,Move,office
1573648605.9889998,399,578,None,Move,office
1573648607.349,398,578,None,Move,office
1573648607.385,398,577,None,Move,office
1573648607.529,396,576,None,Move,office
1573648607.545,392,575,None,Move,office
1573648607.553,383,575,None,Move,office
1573648607.561,371,576,None,Move,office
1573648607.569,357,579,None,Move,office
1573648607.575,340,582,None,Move,office
1573648607.583,328,585,None,Move,office
1573648607.591,316,589,None,Move,office
1573648607.599,307,590,None,Move,office
1573648607.607,298,593,None,Move,office
1573648607.6139998,292,596,None,Move,office
1573648607.6220002,285,600,None,Move,office
1573648607.63,276,604,None,Move,office
1573648607.6379998,267,612,None,Move,office
1573648607.646,254,622,None,Move,office
1573648607.6520002,243,629,None,Move,office
1573648607.66,232,636,None,Move,office
1573648607.668,221,644,None,Move,office
1573648607.676,211,651,None,Move,office
1573648607.684,204,655,None,Move,office
1573648607.6920002,202,658,None,Move,office
1573648607.7,200,659,None,Move,office
1573648607.708,199,659,None,Move,office
1573648607.802,199,660,None,Move,office
1573648607.815,199,660,None,Move,office
1573648607.885,199,661,None,Move,office
1573648607.907,200,662,None,Move,office
1573648607.919,200,663,None,Move,office
1573648607.927,200,664,None,Move,office
1573648607.935,200,665,None,Move,office
1573648611.256,200,665,None,Move,office
1573648611.269,200,664,None,Move,office
1573648611.275,198,662,None,Move,office
1573648611.283,189,653,None,Move,office
1573648611.291,169,639,None,Move,office
1573648611.299,128,611,None,Move,office
1573648611.3070002,87,586,None,Move,office
1573648611.315,78,580,None,Move,office
1573648611.327,79,579,None,Move,office
1573648611.335,86,572,None,Move,office
1573648611.343,95,563,None,Move,office
1573648611.351,105,551,None,Move,office
1573648611.357,114,542,None,Move,office
1573648611.365,124,533,None,Move,office
1573648611.373,130,524,None,Move,office
1573648611.381,136,515,None,Move,office
1573648611.389,143,505,None,Move,office
1573648611.397,149,496,None,Move,office
1573648611.405,157,485,None,Move,office
1573648611.413,165,474,None,Move,office
1573648611.421,175,460,None,Move,office
1573648611.429,189,442,None,Move,office
1573648611.445,200,427,None,Move,office
1573648611.446,212,412,None,Move,office
1573648611.451,227,392,None,Move,office
1573648611.459,240,372,None,Move,office
1573648611.466,249,359,None,Move,office
1573648611.475,255,352,None,Move,office
1573648611.482,257,348,None,Move,office
1573648611.4910002,257,348,None,Move,office
1573648611.498,257,347,None,Move,office
1573648611.506,258,347,None,Move,office
1573648611.589,259,347,None,Move,office
1573648611.601,260,347,None,Move,office
1573648611.606,261,348,None,Move,office
1573648611.615,262,350,None,Move,office
1573648611.623,264,354,None,Move,office
1573648611.631,266,359,None,Move,office
1573648611.639,269,364,None,Move,office
1573648611.647,271,368,None,Move,office
1573648611.655,277,372,None,Move,office
1573648611.663,285,375,None,Move,office
1573648611.671,294,378,None,Move,office
1573648611.679,303,381,None,Move,office
1573648611.687,311,384,None,Move,office
1573648611.6929998,320,385,None,Move,office
1573648611.701,325,388,None,Move,office
1573648611.709,328,390,None,Move,office
1573648611.717,330,392,None,Move,office
1573648611.725,332,396,None,Move,office
1573648611.7329998,333,399,None,Move,office
1573648611.7410002,333,402,None,Move,office
1573648611.7489998,335,407,None,Move,office
1573648611.7570002,336,410,None,Move,office
1573648611.765,337,412,None,Move,office
1573648611.771,338,414,None,Move,office
1573648611.779,339,414,None,Move,office
1573648611.7870002,339,415,None,Move,office
1573648611.971,339,415,Left,Pressed,office
1573648611.971,339,415,None,Drag,office
1573648611.9829998,340,415,None,Drag,office
1573648611.9910002,342,414,None,Drag,office
1573648611.998,344,413,None,Drag,office
1573648611.998,344,413,Left,Released,office
1573648612.006,346,413,None,Move,office
1573648612.015,349,413,None,Move,office
1573648634.309,350,413,None,Move,office
1573648634.4420002,351,413,None,Move,office
1573648634.471,352,414,None,Move,office
1573648634.481,355,417,None,Move,office
1573648634.488,361,426,None,Move,office
1573648634.4970002,363,428,None,Move,office
1573648634.504,364,430,None,Move,office
1573648634.512,366,432,None,Move,office
1573648634.52,368,434,None,Move,office
1573648634.528,371,438,None,Move,office
1573648634.536,373,440,None,Move,office
1573648634.544,376,443,None,Move,office
1573648634.552,380,450,None,Move,office
1573648634.5579998,388,456,None,Move,office
1573648634.566,393,461,None,Move,office
1573648634.574,402,466,None,Move,office
1573648634.582,410,469,None,Move,office
1573648634.59,421,472,None,Move,office
1573648634.599,432,475,None,Move,office
1573648634.607,440,475,None,Move,office
1573648634.6139998,450,474,None,Move,office
1573648634.6220002,459,471,None,Move,office
1573648634.63,467,469,None,Move,office
1573648634.6360002,476,466,None,Move,office
1573648634.645,481,463,None,Move,office
1573648634.6520002,490,460,None,Move,office
1573648634.661,495,458,None,Move,office
1573648634.669,501,455,None,Move,office
1573648634.677,508,452,None,Move,office
1573648634.685,515,450,None,Move,office
1573648634.6920002,522,447,None,Move,office
1573648634.701,527,444,None,Move,office
1573648634.709,530,442,None,Move,office
1573648634.726,532,440,None,Move,office
1573648634.7270002,534,439,None,Move,office
1573648634.73,536,438,None,Move,office
1573648634.7389998,538,437,None,Move,office
1573648634.7470002,540,436,None,Move,office
1573648634.755,542,435,None,Move,office
1573648634.7629998,544,435,None,Move,office
1573648634.771,546,434,None,Move,office
1573648634.779,548,434,None,Move,office
1573648634.7870002,550,433,None,Move,office
1573648634.795,551,433,None,Move,office
1573648634.801,552,433,None,Move,office
1573648634.89,552,432,None,Move,office
1573648634.918,552,431,None,Move,office
1573648634.93,551,430,None,Move,office
1573648634.938,551,429,None,Move,office
1573648634.946,551,427,None,Move,office
1573648634.954,551,425,None,Move,office
1573648634.962,551,423,None,Move,office
1573648634.97,551,422,None,Move,office
1573648634.976,551,421,None,Move,office
1573648634.984,551,420,None,Move,office
1573648634.992,551,419,None,Move,office
1573648635.0,552,418,None,Move,office
1573648635.008,553,417,None,Move,office
1573648635.016,554,416,None,Move,office
1573648635.028,555,415,None,Move,office
1573648635.036,555,414,None,Move,office
1573648635.044,555,413,None,Move,office
1573648635.052,557,411,None,Move,office
1573648635.0579998,558,410,None,Move,office
1573648635.066,558,409,None,Move,office
1573648635.074,559,409,None,Move,office
1573648635.082,560,408,None,Move,office
1573648635.09,561,407,None,Move,office
1573648635.0979998,563,406,None,Move,office
1573648635.106,564,405,None,Move,office
1573648635.115,566,405,None,Move,office
1573648635.123,566,404,None,Move,office
1573648635.131,567,404,None,Move,office
1573648635.139,568,404,None,Move,office
1573648635.145,570,404,None,Move,office
1573648635.153,571,404,None,Move,office
1573648635.161,573,404,None,Move,office
1573648635.169,573,404,None,Move,office
1573648635.177,575,404,None,Move,office
1573648635.185,576,404,None,Move,office
1573648635.1929998,577,404,None,Move,office
1573648635.201,578,404,None,Move,office
1573648635.208,579,404,None,Move,office
1573648635.217,579,405,None,Move,office
1573648635.225,580,405,None,Move,office
1573648635.231,581,405,None,Move,office
1573648635.238,582,406,None,Move,office
1573648635.2510002,583,406,None,Move,office
1573648635.262,584,407,None,Move,office
1573648635.274,585,407,None,Move,office
1573648635.306,585,407,None,Move,office
1573648635.496,585,408,None,Move,office
1573648635.688,585,408,Left,Pressed,office
1573648635.688,585,408,None,Drag,office
1573648635.696,584,408,None,Drag,office
1573648635.704,582,408,None,Drag,office
1573648635.712,580,408,None,Drag,office
1573648635.72,579,408,None,Drag,office
1573648635.726,577,408,None,Drag,office
1573648635.734,575,408,None,Drag,office
1573648635.742,573,408,None,Drag,office
1573648635.7510002,572,408,None,Drag,office
1573648635.758,570,408,None,Drag,office
1573648635.766,568,408,None,Drag,office
1573648635.775,566,408,None,Drag,office
1573648635.782,564,408,None,Drag,office
1573648635.79,561,408,None,Drag,office
1573648635.799,558,406,None,Drag,office
1573648635.8070002,557,406,None,Drag,office
1573648635.812,555,405,None,Drag,office
1573648635.821,553,405,None,Drag,office
1573648635.829,551,404,None,Drag,office
1573648635.837,549,404,None,Drag,office
1573648635.845,547,404,None,Drag,office
1573648635.8520002,545,403,None,Drag,office
1573648635.861,544,403,None,Drag,office
1573648635.869,542,403,None,Drag,office
1573648635.877,540,402,None,Drag,office
1573648635.885,538,402,None,Drag,office
1573648635.893,536,402,None,Drag,office
1573648635.899,535,402,None,Drag,office
1573648635.907,534,402,None,Drag,office
1573648635.981,534,402,None,Drag,office
1573648635.992,533,402,None,Drag,office
1573648636.0010002,532,401,None,Drag,office
1573648636.008,530,401,None,Drag,office
1573648636.016,528,401,None,Drag,office
1573648636.024,526,400,None,Drag,office
1573648636.032,525,400,None,Drag,office
1573648636.04,524,400,None,Drag,office
1573648636.048,523,400,None,Drag,office
1573648636.056,522,400,None,Drag,office
1573648636.062,522,399,None,Drag,office
1573648636.07,521,399,None,Drag,office
1573648636.184,520,399,None,Drag,office
1573648636.197,519,399,None,Drag,office
1573648636.43,518,399,None,Drag,office
1573648636.4420002,517,398,None,Drag,office
1573648636.45,517,398,None,Drag,office
1573648636.492,516,398,None,Drag,office
1573648636.95,515,398,None,Drag,office
1573648636.959,513,398,None,Drag,office
1573648636.967,513,397,None,Drag,office
1573648636.975,512,397,None,Drag,office
1573648637.029,512,398,None,Drag,office
1573648637.0370002,512,400,None,Drag,office
1573648637.045,512,401,None,Drag,office
1573648637.0570002,512,402,None,Drag,office
1573648637.478,512,402,None,Drag,office
1573648637.479,512,402,Left,Released,office
1573648637.512,512,403,None,Move,office
1573648637.54,513,404,None,Move,office
1573648637.552,515,405,None,Move,office
1573648637.57,517,407,None,Move,office
1573648637.571,519,409,None,Move,office
1573648637.574,523,414,None,Move,office
1573648637.582,527,419,None,Move,office
1573648637.59,530,423,None,Move,office
1573648637.5979998,533,425,None,Move,office
1573648637.606,538,429,None,Move,office
1573648637.6139998,542,431,None,Move,office
1573648637.6220002,547,435,None,Move,office
1573648637.63,554,438,None,Move,office
1573648637.639,560,440,None,Move,office
1573648637.647,562,442,None,Move,office
1573648637.654,566,443,None,Move,office
1573648637.66,568,446,None,Move,office
1573648637.669,569,446,None,Move,office
1573648637.677,570,446,None,Move,office
1573648637.685,571,447,None,Move,office
1573648637.6920002,573,448,None,Move,office
1573648637.701,575,448,None,Move,office
1573648637.709,577,449,None,Move,office
1573648637.717,579,449,None,Move,office
1573648637.725,581,449,None,Move,office
1573648637.7329998,585,451,None,Move,office
1573648637.7389998,589,451,None,Move,office
1573648637.7470002,595,451,None,Move,office
1573648637.755,600,450,None,Move,office
1573648637.7629998,603,450,None,Move,office
1573648637.771,605,449,None,Move,office
1573648637.779,607,449,None,Move,office
1573648637.7870002,609,448,None,Move,office
1573648637.795,611,447,None,Move,office
1573648637.803,613,447,None,Move,office
1573648637.811,615,445,None,Move,office
1573648637.8170002,617,444,None,Move,office
1573648637.825,619,442,None,Move,office
1573648637.833,626,438,None,Move,office
1573648637.841,638,432,None,Move,office
1573648637.849,651,425,None,Move,office
1573648637.857,664,419,None,Move,office
1573648637.865,678,414,None,Move,office
1573648637.873,691,411,None,Move,office
1573648637.881,703,408,None,Move,office
1573648637.889,712,407,None,Move,office
1573648637.897,720,405,None,Move,office
1573648637.9020002,722,404,None,Move,office
1573648637.91,723,404,None,Move,office
1573648637.919,724,404,None,Move,office
1573648638.008,725,403,None,Move,office
1573648638.02,725,402,None,Move,office
1573648638.029,724,399,None,Move,office
1573648655.863,722,399,None,Move,office
1573648655.871,712,394,None,Move,office
1573648655.879,710,393,None,Move,office
1573648655.949,710,393,None,Move,office
1573648655.957,712,395,None,Move,office
1573648655.965,719,395,None,Move,office
1573648655.971,726,393,None,Move,office
1573648655.979,735,390,None,Move,office
1573648655.9870002,738,388,None,Move,office
1573648655.995,742,386,None,Move,office
1573648656.002,742,385,None,Move,office
1573648656.0110002,743,384,None,Move,office
1573648656.019,744,382,None,Move,office
1573648656.0270002,745,380,None,Move,office
1573648656.034,746,378,None,Move,office
1573648656.042,746,377,None,Move,office
1573648656.05,746,376,None,Move,office
1573648656.147,746,376,None,Move,office
1573648656.174,746,376,None,Move,office
1573648656.1820002,744,377,None,Move,office
1573648656.19,743,377,None,Move,office
1573648656.199,742,377,None,Move,office
1573648656.215,741,377,None,Move,office
1573648656.221,739,374,None,Move,office
1573648656.228,737,366,None,Move,office
1573648656.2370002,734,358,None,Move,office
1573648656.245,729,349,None,Move,office
1573648656.2529998,723,340,None,Move,office
1573648656.2610002,716,332,None,Move,office
1573648656.269,710,327,None,Move,office
1573648656.2770002,708,325,None,Move,office
1573648656.285,707,323,None,Move,office
1573648656.293,706,322,None,Move,office
1573648656.301,706,321,None,Move,office
1573648656.3070002,704,319,None,Move,office
1573648656.363,703,318,None,Move,office
1573648656.375,703,317,None,Move,office
1573648656.383,702,314,None,Move,office
1573648656.391,702,313,None,Move,office
1573648656.397,701,310,None,Move,office
1573648656.405,700,308,None,Move,office
1573648656.413,700,307,None,Move,office
1573648656.421,700,305,None,Move,office
1573648656.429,699,303,None,Move,office
1573648656.437,699,301,None,Move,office
1573648656.445,699,299,None,Move,office
1573648656.457,699,298,None,Move,office
1573648656.5070002,699,298,Left,Pressed,office
1573648656.643,699,298,Left,Released,office
1573648656.711,699,298,None,Move,office
1573648658.605,699,298,None,Move,office
1573648658.617,698,298,None,Move,office
1573648658.7489998,697,297,None,Move,office
1573648658.7570002,690,290,None,Move,office
1573648658.765,682,281,None,Move,office
1573648658.7729998,679,278,None,Move,office
1573648658.813,679,278,None,Move,office
1573648658.82,681,280,None,Move,office
1573648658.826,683,283,None,Move,office
1573648658.834,685,286,None,Move,office
1573648658.843,687,288,None,Move,office
1573648658.851,688,290,None,Move,office
1573648658.859,689,291,None,Move,office
1573648658.875,689,292,None,Move,office
1573648658.883,689,296,None,Move,office
1573648658.891,689,299,None,Move,office
1573648658.8979998,688,304,None,Move,office
1573648658.906,688,305,None,Move,office
1573648658.9120002,687,310,None,Move,office
1573648658.92,685,313,None,Move,office
1573648658.928,684,315,None,Move,office
1573648658.936,682,319,None,Move,office
1573648658.944,680,321,None,Move,office
1573648658.952,678,323,None,Move,office
1573648658.97,676,325,None,Move,office
1573648658.972,674,327,None,Move,office
1573648658.9770002,670,330,None,Move,office
1573648658.985,667,333,None,Move,office
1573648658.9910002,663,335,None,Move,office
1573648658.998,661,337,None,Move,office
1573648659.0070002,659,340,None,Move,office
1573648659.014,657,341,None,Move,office
1573648659.022,654,343,None,Move,office
1573648659.031,649,345,None,Move,office
1573648659.039,642,348,None,Move,office
1573648659.0470002,634,351,None,Move,office
1573648659.055,625,354,None,Move,office
1573648659.063,616,357,None,Move,office
1573648659.071,608,359,None,Move,office
1573648659.077,597,362,None,Move,office
1573648659.085,588,365,None,Move,office
1573648659.093,580,368,None,Move,office
1573648659.101,573,370,None,Move,office
1573648659.109,570,370,None,Move,office
1573648659.117,568,370,None,Move,office
1573648659.125,566,370,None,Move,office
1573648659.133,564,370,None,Move,office
1573648659.141,561,370,None,Move,office
1573648659.149,559,370,None,Move,office
1573648659.155,556,370,None,Move,office
1573648659.163,553,370,None,Move,office
1573648659.171,550,370,None,Move,office
1573648659.179,546,370,None,Move,office
1573648659.187,544,370,None,Move,office
1573648659.195,543,370,None,Move,office
1573648659.2029998,541,370,None,Move,office
1573648659.211,539,370,None,Move,office
1573648659.219,538,370,None,Move,office
1573648659.2270002,537,370,None,Move,office
1573648659.238,536,370,None,Move,office
1573648659.3739998,535,370,None,Move,office
1573648659.3820002,533,371,None,Move,office
1573648659.391,531,374,None,Move,office
1573648659.3979998,529,376,None,Move,office
1573648659.405,529,377,None,Move,office
1573648659.413,528,377,None,Move,office
1573648659.421,527,378,None,Move,office
1573648659.429,527,379,None,Move,office
1573648659.437,525,380,None,Move,office
1573648659.445,524,382,None,Move,office
1573648659.4529998,523,383,None,Move,office
1573648659.461,522,384,None,Move,office
1573648659.469,521,384,None,Move,office
1573648659.516,521,384,Left,Pressed,office
1573648659.658,521,384,Left,Released,office
1573648659.823,520,386,None,Move,office
1573648659.831,517,394,None,Move,office
1573648659.839,513,402,None,Move,office
1573648659.846,510,413,None,Move,office
1573648659.855,504,424,None,Move,office
1573648659.863,496,437,None,Move,office
1573648659.871,488,450,None,Move,office
1573648659.879,480,463,None,Move,office
1573648659.887,472,475,None,Move,office
1573648659.895,462,490,None,Move,office
1573648659.903,451,509,None,Move,office
1573648659.909,437,533,None,Move,office
1573648659.917,420,561,None,Move,office
1573648659.925,403,590,None,Move,office
1573648659.9329998,391,613,None,Move,office
1573648659.941,380,636,None,Move,office
1573648659.949,373,654,None,Move,office
1573648659.957,370,668,None,Move,office
1573648659.965,370,675,None,Move,office
1573648659.9729998,370,677,None,Move,office
1573648659.981,371,677,None,Move,office
1573648659.9870002,372,677,None,Move,office
1573648659.995,374,677,None,Move,office
1573648660.002,376,677,None,Move,office
1573648660.0110002,377,677,None,Move,office
1573648660.019,378,677,None,Move,office
1573648660.026,379,677,None,Move,office
1573648660.034,380,677,None,Move,office
1573648660.0470002,381,677,None,Move,office
1573648660.235,381,677,Left,Pressed,office
1573648660.235,381,677,None,Drag,office
1573648660.235,381,677,Left,Released,office
1573648660.51,381,678,None,Move,office
1573648660.522,381,680,None,Move,office
1573648660.53,381,682,None,Move,office
1573648660.538,381,683,None,Move,office
1573648660.546,381,685,None,Move,office
1573648660.554,381,687,None,Move,office
1573648660.562,381,687,None,Move,office
1573648660.621,380,687,None,Move,office
1573648660.764,380,687,None,Move,office
1573648660.776,381,688,None,Move,office
1573648660.784,382,688,None,Move,office
1573648660.792,384,688,None,Move,office
1573648660.8,388,689,None,Move,office
1573648660.8079998,392,691,None,Move,office
1573648660.816,401,692,None,Move,office
1573648660.822,405,693,None,Move,office
1573648660.83,410,693,None,Move,office
1573648660.8379998,412,694,None,Move,office
1573648660.846,415,694,None,Move,office
1573648660.854,417,694,None,Move,office
1573648660.8620002,419,694,None,Move,office
1573648660.87,421,694,None,Move,office
1573648660.8779998,422,694,None,Move,office
1573648660.8860002,422,693,None,Move,office
1573648660.894,423,693,None,Move,office
1573648660.903,425,691,None,Move,office
1573648660.909,427,689,None,Move,office
1573648660.917,430,685,None,Move,office
1573648660.925,432,683,None,Move,office
1573648660.9329998,434,677,None,Move,office
1573648660.941,440,671,None,Move,office
1573648660.949,444,662,None,Move,office
1573648660.957,452,653,None,Move,office
1573648660.965,461,642,None,Move,office
1573648660.9729998,471,629,None,Move,office
1573648660.981,486,609,None,Move,office
1573648660.9870002,504,587,None,Move,office
1573648660.995,528,561,None,Move,office
1573648661.0029998,555,533,None,Move,office
1573648661.0110002,584,503,None,Move,office
1573648661.019,614,465,None,Move,office
1573648661.0270002,635,432,None,Move,office
1573648661.035,658,399,None,Move,office
1573648661.043,686,362,None,Move,office
1573648661.051,717,317,None,Move,office
1573648661.059,743,277,None,Move,office
1573648661.065,757,249,None,Move,office
1573648661.082,768,232,None,Move,office
1573648661.083,772,222,None,Move,office
1573648661.089,777,213,None,Move,office
1573648661.097,779,204,None,Move,office
1573648661.105,784,195,None,Move,office
1573648661.113,790,186,None,Move,office
1573648661.121,794,177,None,Move,office
1573648661.129,800,168,None,Move,office
1573648661.1360002,804,163,None,Move,office
1573648661.144,806,160,None,Move,office
1573648661.15,809,158,None,Move,office
1573648661.158,811,156,None,Move,office
1573648661.166,812,153,None,Move,office
1573648661.174,814,152,None,Move,office
1573648661.1820002,816,150,None,Move,office
1573648661.19,817,148,None,Move,office
1573648661.198,819,146,None,Move,office
1573648661.206,821,145,None,Move,office
1573648661.214,823,143,None,Move,office
1573648661.222,825,141,None,Move,office
1573648661.228,829,139,None,Move,office
1573648661.236,832,137,None,Move,office
1573648661.244,835,136,None,Move,office
1573648661.252,839,135,None,Move,office
1573648661.26,845,134,None,Move,office
1573648661.269,850,133,None,Move,office
1573648661.2770002,858,133,None,Move,office
1573648661.285,864,133,None,Move,office
1573648661.293,872,131,None,Move,office
1573648661.3,884,130,None,Move,office
1573648661.309,901,128,None,Move,office
1573648661.315,919,125,None,Move,office
1573648661.323,941,122,None,Move,office
1573648661.331,976,117,None,Move,office
1573648661.339,1012,111,None,Move,office
1573648661.347,1045,108,None,Move,office
1573648661.355,1080,104,None,Move,office
1573648661.363,1111,100,None,Move,office
1573648661.371,1137,98,None,Move,office
1573648661.379,1161,98,None,Move,office
1573648661.387,1184,101,None,Move,office
1573648661.393,1219,105,None,Move,office
1573648661.401,1257,107,None,Move,office
1573648661.409,1298,106,None,Move,office
1573648661.417,1352,103,None,Move,office
1573648661.425,1410,101,None,Move,office
1573648661.4329998,1476,95,None,Move,office
1573648661.441,1542,93,None,Move,office
1573648661.449,1604,87,None,Move,office
1573648661.457,1657,87,None,Move,office
1573648661.465,1702,87,None,Move,office
1573648661.4729998,1727,87,None,Move,office
1573648661.479,1741,87,None,Move,office
1573648661.4870002,1751,87,None,Move,office
1573648661.495,1754,87,None,Move,office
1573648661.502,1755,86,None,Move,office
1573648661.596,1755,85,None,Move,office
1573648661.609,1755,85,None,Move,office
1573648661.617,1755,84,None,Move,office
1573648661.625,1755,82,None,Move,office
1573648661.6360002,1755,81,None,Move,office
1573648661.6420002,1755,79,None,Move,office
1573648661.651,1756,77,None,Move,office
1573648661.659,1760,75,None,Move,office
1573648661.667,1763,73,None,Move,office
1573648661.675,1766,69,None,Move,office
1573648661.6829998,1770,67,None,Move,office
1573648661.691,1775,65,None,Move,office
1573648661.699,1778,62,None,Move,office
1573648661.707,1781,60,None,Move,office
1573648661.714,1785,58,None,Move,office
1573648661.7229998,1787,56,None,Move,office
1573648661.729,1787,55,None,Move,office
1573648661.7370002,1787,53,None,Move,office
1573648661.745,1787,52,None,Move,office
1573648661.7529998,1786,50,None,Move,office
1573648661.7610002,1785,48,None,Move,office
1573648661.769,1783,46,None,Move,office
1573648661.7770002,1781,44,None,Move,office
1573648661.785,1778,42,None,Move,office
1573648661.793,1776,40,None,Move,office
1573648661.801,1774,37,None,Move,office
1573648661.809,1771,35,None,Move,office
1573648661.815,1766,33,None,Move,office
1573648661.823,1763,31,None,Move,office
1573648661.831,1759,28,None,Move,office
1573648661.839,1757,26,None,Move,office
1573648661.847,1755,24,None,Move,office
1573648661.855,1753,23,None,Move,office
1573648661.863,1751,23,None,Move,office
1573648661.871,1749,22,None,Move,office
1573648661.883,1748,22,None,Move,office
1573648661.904,1747,22,None,Move,office
1573648661.9120002,1746,22,None,Move,office
1573648661.92,1745,22,None,Move,office
1573648661.929,1743,23,None,Move,office
1573648661.937,1742,24,None,Move,office
1573648661.945,1741,24,None,Move,office
1573648662.069,1741,25,Left,Pressed,office
1573648662.069,1741,25,None,Drag,office
1573648662.069,1741,25,Left,Released,office
1573648662.205,1741,25,None,Move,browsing
1573648662.24,1741,26,None,Move,browsing
1573648662.248,1741,28,None,Move,browsing
1573648662.256,1739,36,None,Move,browsing
1573648662.264,1733,45,None,Move,browsing
1573648662.2729998,1723,57,None,Move,browsing
1573648662.28,1712,68,None,Move,browsing
1573648662.289,1694,84,None,Move,browsing
1573648662.296,1643,108,None,Move,browsing
1573648662.313,1577,134,None,Move,browsing
1573648662.314,1489,155,None,Move,browsing
1573648662.3179998,1377,174,None,Move,browsing
1573648662.327,1260,207,None,Move,browsing
1573648662.335,1143,233,None,Move,browsing
1573648662.342,1029,236,None,Move,browsing
1573648662.35,918,249,None,Move,browsing
1573648662.3579998,816,255,None,Move,browsing
1573648662.367,710,261,None,Move,browsing
1573648662.375,623,270,None,Move,browsing
1573648662.3820002,556,279,None,Move,browsing
1573648662.404,503,292,None,Move,browsing
1573648662.406,454,315,None,Move,browsing
1573648662.4120002,441,323,None,Move,browsing
1573648662.42,433,332,None,Move,browsing
1573648662.429,428,338,None,Move,browsing
1573648662.436,425,343,None,Move,browsing
1573648662.445,422,350,None,Move,browsing
1573648662.452,418,358,None,Move,browsing
1573648662.461,412,368,None,Move,browsing
1573648662.469,406,378,None,Move,browsing
1573648662.475,398,389,None,Move,browsing
1573648662.4829998,392,402,None,Move,browsing
1573648662.4910002,387,411,None,Move,browsing
1573648662.4989998,384,420,None,Move,browsing
1573648662.5070002,383,430,None,Move,browsing
1573648662.515,380,442,None,Move,browsing
1573648662.534,377,455,None,Move,browsing
1573648662.535,374,465,None,Move,browsing
1573648662.539,371,474,None,Move,browsing
1573648662.5470002,369,481,None,Move,browsing
1573648662.553,369,487,None,Move,browsing
1573648662.561,366,495,None,Move,browsing
1573648662.569,365,504,None,Move,browsing
1573648662.577,362,516,None,Move,browsing
1573648662.585,359,529,None,Move,browsing
1573648662.593,356,543,None,Move,browsing
1573648662.601,352,557,None,Move,browsing
1573648662.609,349,570,None,Move,browsing
1573648662.617,346,582,None,Move,browsing
1573648662.6239998,343,593,None,Move,browsing
1573648662.633,339,602,None,Move,browsing
1573648662.6379998,336,608,None,Move,browsing
1573648662.647,331,614,None,Move,browsing
1573648662.654,327,616,None,Move,browsing
1573648662.6620002,325,618,None,Move,browsing
1573648662.67,324,618,None,Move,browsing
1573648662.789,323,619,None,Move,browsing
1573648662.799,322,620,None,Move,browsing
1573648662.8070002,321,621,None,Move,browsing
1573648662.815,319,623,None,Move,browsing
1573648662.823,317,626,None,Move,browsing
1573648662.831,313,633,None,Move,browsing
1573648662.839,310,641,None,Move,browsing
1573648662.847,307,648,None,Move,browsing
1573648662.855,304,657,None,Move,browsing
1573648662.863,301,665,None,Move,browsing
1573648662.871,300,670,None,Move,browsing
1573648662.879,300,674,None,Move,browsing
1573648662.885,300,678,None,Move,browsing
1573648662.893,301,680,None,Move,browsing
1573648662.901,302,682,None,Move,browsing
1573648662.909,303,683,None,Move,browsing
1573648662.917,305,684,None,Move,browsing
1573648662.925,306,684,None,Move,browsing
1573648662.9329998,306,685,None,Move,browsing
1573648662.941,307,685,None,Move,browsing
1573648663.178,307,685,None,Move,browsing
1573648663.202,307,685,None,Move,browsing
1573648663.21,307,683,None,Move,browsing
1573648663.216,307,681,None,Move,browsing
1573648663.224,307,678,None,Move,browsing
1573648663.2329998,307,674,None,Move,browsing
1573648663.2410002,307,670,None,Move,browsing
1573648663.248,307,664,None,Move,browsing
1573648663.2570002,310,655,None,Move,browsing
1573648663.265,311,647,None,Move,browsing
1573648663.272,312,639,None,Move,browsing
1573648663.28,315,634,None,Move,browsing
1573648663.288,318,627,None,Move,browsing
1573648663.2970002,320,623,None,Move,browsing
1573648663.302,322,619,None,Move,browsing
1573648663.311,325,614,None,Move,browsing
1573648663.319,326,609,None,Move,browsing
1573648663.326,329,602,None,Move,browsing
1573648663.335,331,595,None,Move,browsing
1573648663.342,334,587,None,Move,browsing
1573648663.351,337,580,None,Move,browsing
1573648663.359,338,575,None,Move,browsing
1573648663.367,341,570,None,Move,browsing
1573648663.375,341,567,None,Move,browsing
1573648663.381,341,565,None,Move,browsing
1573648663.389,341,563,None,Move,browsing
1573648663.397,341,563,None,Move,browsing
1573648663.405,341,562,None,Move,browsing
1573648663.691,341,561,None,Move,browsing
1573648663.702,341,560,None,Move,browsing
1573648663.711,343,554,None,Move,browsing
1573648663.716,345,551,None,Move,browsing
1573648663.724,347,548,None,Move,browsing
1573648663.732,349,546,None,Move,browsing
1573648663.74,352,542,None,Move,browsing
1573648663.748,354,539,None,Move,browsing
1573648663.756,356,534,None,Move,browsing
1573648663.764,359,529,None,Move,browsing
1573648663.772,361,526,None,Move,browsing
1573648663.78,365,521,None,Move,browsing
1573648663.788,369,516,None,Move,browsing
1573648663.796,371,511,None,Move,browsing
1573648663.802,373,509,None,Move,browsing
1573648663.81,376,504,None,Move,browsing
1573648663.8179998,378,500,None,Move,browsing
1573648663.826,380,496,None,Move,browsing
1573648663.834,381,492,None,Move,browsing
1573648663.842,382,488,None,Move,browsing
1573648663.85,385,484,None,Move,browsing
1573648663.859,387,480,None,Move,browsing
1573648663.867,388,476,None,Move,browsing
1573648663.875,389,474,None,Move,browsing
1573648663.881,390,472,None,Move,browsing
1573648663.889,390,470,None,Move,browsing
1573648663.897,391,469,None,Move,browsing
1573648663.905,391,469,None,Move,browsing
1573648663.913,391,468,None,Move,browsing
1573648664.0270002,391,468,None,Move,browsing
1573648664.035,391,473,None,Move,browsing
1573648664.043,388,482,None,Move,browsing
1573648664.049,387,490,None,Move,browsing
1573648664.0570002,385,502,None,Move,browsing
1573648664.064,384,513,None,Move,browsing
1573648664.072,382,525,None,Move,browsing
1573648664.08,379,537,None,Move,browsing
1573648664.0879998,376,550,None,Move,browsing
1573648664.096,373,562,None,Move,browsing
1573648664.104,370,573,None,Move,browsing
1573648664.1120002,368,581,None,Move,browsing
1573648664.12,367,588,None,Move,browsing
1573648664.1279998,367,591,None,Move,browsing
1573648664.1339998,367,593,None,Move,browsing
1573648664.1420002,367,595,None,Move,browsing
1573648664.15,367,597,None,Move,browsing
1573648664.158,367,598,None,Move,browsing
1573648664.166,367,602,None,Move,browsing
1573648664.174,367,605,None,Move,browsing
1573648664.1820002,368,607,None,Move,browsing
1573648664.191,369,612,None,Move,browsing
1573648664.199,369,615,None,Move,browsing
1573648664.207,370,617,None,Move,browsing
1573648664.2129998,372,619,None,Move,browsing
1573648664.221,372,621,None,Move,browsing
1573648664.229,372,623,None,Move,browsing
1573648664.236,372,624,None,Move,browsing
1573648664.245,372,624,None,Move,browsing
1573648664.2529998,372,625,None,Move,browsing
1573648664.343,373,625,None,Move,browsing
1573648664.351,373,627,None,Move,browsing
1573648664.359,374,629,None,Move,browsing
1573648664.367,374,630,None,Move,browsing
1573648664.375,374,631,None,Move,browsing
1573648664.381,375,632,None,Move,browsing
1573648664.6,375,632,Left,Pressed,browsing
1573648664.7489998,375,632,Left,Released,browsing
1573648665.409,376,633,None,Move,browsing
1573648665.421,377,633,None,Move,browsing
1573648665.429,385,640,None,Move,browsing
1573648665.437,396,647,None,Move,browsing
1573648665.445,409,657,None,Move,browsing
1573648665.4529998,428,668,None,Move,browsing
1573648665.459,456,682,None,Move,browsing
1573648665.467,482,695,None,Move,browsing
1573648665.475,520,709,None,Move,browsing
1573648665.4829998,563,726,None,Move,browsing
1573648665.4910002,605,744,None,Move,browsing
1573648665.4989998,643,758,None,Move,browsing
1573648665.5070002,674,773,None,Move,browsing
1573648665.515,701,788,None,Move,browsing
1573648665.5229998,723,797,None,Move,browsing
1573648665.531,738,806,None,Move,browsing
1573648665.538,749,812,None,Move,browsing
1573648665.544,758,816,None,Move,browsing
1573648665.553,763,820,None,Move,browsing
1573648665.561,765,822,None,Move,browsing
1573648665.569,767,823,None,Move,browsing
1573648665.576,767,824,None,Move,browsing
1573648665.585,768,826,None,Move,browsing
1573648665.592,769,828,None,Move,browsing
1573648665.601,771,830,None,Move,browsing
1573648665.6079998,774,834,None,Move,browsing
1573648665.617,776,837,None,Move,browsing
1573648665.6239998,778,840,None,Move,browsing
1573648665.633,780,844,None,Move,browsing
1573648665.639,782,847,None,Move,browsing
1573648665.646,785,849,None,Move,browsing
1573648665.654,787,852,None,Move,browsing
1573648665.6620002,789,855,None,Move,browsing
1573648665.671,791,857,None,Move,browsing
1573648665.678,794,862,None,Move,browsing
1573648665.687,795,865,None,Move,browsing
1573648665.695,797,870,None,Move,browsing
1573648665.7029998,800,876,None,Move,browsing
1573648665.711,801,885,None,Move,browsing
1573648665.717,804,895,None,Move,browsing
1573648665.738,807,908,None,Move,browsing
1573648665.7389998,810,922,None,Move,browsing
1573648665.7410002,814,936,None,Move,browsing
1573648665.7489998,817,951,None,Move,browsing
1573648665.756,820,963,None,Move,browsing
1573648665.765,825,976,None,Move,browsing
1573648665.7729998,829,987,None,Move,browsing
1573648665.781,832,995,None,Move,browsing
1573648665.789,837,1006,None,Move,browsing
1573648665.805,844,1023,None,Move,browsing
1573648665.811,847,1028,None,Move,browsing
1573648665.819,849,1032,None,Move,browsing
1573648665.827,851,1034,None,Move,browsing
1573648665.835,852,1035,None,Move,browsing
1573648665.843,852,1036,None,Move,browsing
1573648665.851,853,1036,None,Move,browsing
1573648665.901,853,1037,None,Move,browsing
1573648665.908,855,1038,None,Move,browsing
1573648665.917,856,1038,None,Move,browsing
1573648665.925,858,1039,None,Move,browsing
1573648665.9320002,860,1039,None,Move,browsing
1573648665.94,862,1039,None,Move,browsing
1573648665.948,864,1039,None,Move,browsing
1573648665.954,867,1039,None,Move,browsing
1573648665.962,870,1039,None,Move,browsing
1573648665.97,872,1037,None,Move,browsing
1573648665.978,876,1036,None,Move,browsing
1573648665.986,879,1035,None,Move,browsing
1573648665.994,882,1032,None,Move,browsing
1573648666.002,886,1030,None,Move,browsing
1573648666.01,891,1028,None,Move,browsing
1573648666.018,894,1026,None,Move,browsing
1573648666.026,896,1023,None,Move,browsing
1573648666.034,899,1021,None,Move,browsing
1573648666.04,902,1019,None,Move,browsing
1573648666.048,904,1017,None,Move,browsing
1573648666.056,906,1015,None,Move,browsing
1573648666.065,908,1013,None,Move,browsing
1573648666.072,909,1012,None,Move,browsing
1573648666.081,911,1010,None,Move,browsing
1573648666.093,911,1009,None,Move,browsing
1573648666.105,911,1008,None,Move,browsing
1573648666.113,912,1007,None,Move,browsing
1573648666.121,912,1006,None,Move,browsing
1573648666.127,912,1006,None,Move,browsing
1573648666.135,913,1005,None,Move,browsing
1573648666.143,914,1004,None,Move,browsing
1573648666.155,914,1003,None,Move,browsing
1573648666.342,915,1002,None,Move,browsing
1573648666.35,915,1000,None,Move,browsing
1573648666.3579998,915,998,None,Move,browsing
1573648666.3660002,915,997,None,Move,browsing
1573648666.3720002,915,995,None,Move,browsing
1573648666.38,915,994,None,Move,browsing
1573648666.3879998,915,992,None,Move,browsing
1573648666.396,915,991,None,Move,browsing
1573648666.405,915,989,None,Move,browsing
1573648666.413,915,988,None,Move,browsing
1573648666.421,915,988,None,Move,browsing
1573648666.4320002,915,987,None,Move,browsing
1573648666.445,915,986,None,Move,browsing
1573648666.4529998,915,985,None,Move,browsing
1573648666.459,915,984,None,Move,browsing
1573648666.467,915,983,None,Move,browsing
1573648666.475,915,982,None,Move,browsing
1573648666.4829998,915,981,None,Move,browsing
1573648666.49,915,980,None,Move,browsing
1573648666.4989998,915,979,None,Move,browsing
1573648666.5070002,915,977,None,Move,browsing
1573648666.519,915,976,None,Move,browsing
1573648666.5270002,915,975,None,Move,browsing
1573648666.541,915,975,None,Move,browsing
1573648666.549,915,974,None,Move,browsing
1573648666.5570002,915,973,None,Move,browsing
1573648666.565,914,972,None,Move,browsing
1573648666.581,914,971,None,Move,browsing
1573648666.593,914,970,None,Move,browsing
1573648666.716,914,970,Left,Pressed,browsing
1573648666.873,914,970,Left,Released,browsing
1573648666.881,914,970,None,Move,browsing
1573648667.167,914,971,None,Move,browsing
1573648667.179,913,972,None,Move,browsing
1573648667.186,910,979,None,Move,browsing
1573648667.195,905,988,None,Move,browsing
1573648667.2029998,902,991,None,Move,browsing
1573648667.2229998,900,991,None,Move,browsing
1573648696.883,899,992,None,Move,browsing
1573648696.891,907,1003,None,Move,browsing
1573648696.899,915,1016,None,Move,browsing
1573648696.907,917,1023,None,Move,browsing
1573648696.915,917,1025,None,Move,browsing
1573648696.923,917,1025,None,Move,browsing
1573648696.931,916,1025,None,Move,browsing
1573648696.939,915,1026,None,Move,browsing
1573648696.947,913,1027,None,Move,browsing
1573648696.955,911,1028,None,Move,browsing
1573648696.9629998,908,1028,None,Move,browsing
1573648696.969,904,1029,None,Move,browsing
1573648696.9770002,902,1030,None,Move,browsing
1573648696.985,900,1032,None,Move,browsing
1573648696.9929998,898,1034,None,Move,browsing
1573648697.0010002,896,1037,None,Move,browsing
1573648697.0089998,895,1041,None,Move,browsing
1573648697.016,894,1045,None,Move,browsing
1573648697.025,892,1049,None,Move,browsing
1573648697.033,891,1051,None,Move,browsing
1573648697.041,890,1053,None,Move,browsing
1573648697.0470002,887,1055,None,Move,browsing
1573648697.055,879,1058,None,Move,browsing
1573648697.063,867,1061,None,Move,browsing
1573648697.07,848,1066,None,Move,browsing
1573648697.079,830,1072,None,Move,browsing
1573648697.087,817,1079,None,Move,browsing
1573648697.095,808,1083,None,Move,browsing
1573648697.103,805,1080,None,Move,browsing
1573648697.11,803,1079,None,Move,browsing
1573648697.119,801,1079,None,Move,browsing
1573648697.127,799,1079,None,Move,browsing
1573648697.1320002,798,1079,None,Move,browsing
1573648697.141,797,1079,None,Move,browsing
1573648697.1479998,795,1079,None,Move,browsing
1573648697.156,790,1079,None,Move,browsing
1573648697.164,779,1079,None,Move,browsing
1573648697.1720002,761,1082,None,Move,browsing
1573648697.18,741,1083,None,Move,browsing
1573648697.189,725,1082,None,Move,browsing
1573648697.197,712,1080,None,Move,browsing
1573648697.204,702,1081,None,Move,browsing
1573648697.211,690,1079,None,Move,browsing
1573648697.219,678,1077,None,Move,browsing
1573648697.226,659,1068,None,Move,browsing
1573648697.234,636,1053,None,Move,browsing
1573648697.2429998,607,1030,None,Move,browsing
1573648697.2510002,573,1001,None,Move,browsing
1573648697.258,531,967,None,Move,browsing
1573648697.2670002,483,920,None,Move,browsing
1573648697.274,436,872,None,Move,browsing
1573648697.282,393,832,None,Move,browsing
1573648697.29,355,802,None,Move,browsing
1573648697.2970002,330,783,None,Move,browsing
1573648697.304,317,769,None,Move,browsing
1573648697.313,307,760,None,Move,browsing
1573648697.321,301,753,None,Move,browsing
1573648697.329,299,750,None,Move,browsing
1573648697.336,297,747,None,Move,browsing
1573648697.345,296,745,None,Move,browsing
1573648697.3520002,296,739,None,Move,browsing
1573648697.361,296,735,None,Move,browsing
1573648697.369,296,732,None,Move,browsing
1573648697.377,296,730,None,Move,browsing
1573648697.383,296,728,None,Move,browsing
1573648697.391,296,726,None,Move,browsing
1573648697.399,296,724,None,Move,browsing
1573648697.407,296,723,None,Move,browsing
1573648697.415,295,722,None,Move,browsing
1573648697.427,295,721,None,Move,browsing
1573648697.435,295,721,None,Move,browsing
1573648697.4420002,296,719,None,Move,browsing
1573648697.451,298,717,None,Move,browsing
1573648697.459,301,713,None,Move,browsing
1573648697.465,307,707,None,Move,browsing
1573648697.4729998,315,699,None,Move,browsing
1573648697.481,324,690,None,Move,browsing
1573648697.4889998,332,681,None,Move,browsing
1573648697.4970002,337,673,None,Move,browsing
1573648697.504,339,671,None,Move,browsing
1573648697.512,342,668,None,Move,browsing
1573648697.52,343,666,None,Move,browsing
1573648697.529,343,664,None,Move,browsing
1573648697.536,343,662,None,Move,browsing
1573648697.543,343,660,None,Move,browsing
1573648697.551,343,658,None,Move,browsing
1573648697.5579998,343,655,None,Move,browsing
1573648697.5670002,343,652,None,Move,browsing
1573648697.574,342,648,None,Move,browsing
1573648697.583,342,644,None,Move,browsing
1573648697.59,342,639,None,Move,browsing
1573648697.5979998,344,634,None,Move,browsing
1573648697.606,345,632,None,Move,browsing
1573648697.615,346,630,None,Move,browsing
1573648697.6220002,347,628,None,Move,browsing
1573648697.629,347,627,None,Move,browsing
1573648697.6360002,347,627,None,Move,browsing
1573648697.645,348,627,None,Move,browsing
1573648697.665,348,626,None,Move,browsing
1573648697.673,348,625,None,Move,browsing
1573648697.681,348,622,None,Move,browsing
1573648697.689,348,620,None,Move,browsing
1573648697.697,348,617,None,Move,browsing
1573648697.704,349,613,None,Move,browsing
1573648697.711,350,611,None,Move,browsing
1573648697.719,350,611,None,Move,browsing
1573648697.7670002,351,611,Left,Pressed,browsing
1573648697.7670002,351,611,None,Drag,browsing
1573648697.779,352,611,None,Drag,browsing
1573648697.7870002,352,611,None,Drag,browsing
1573648697.793,352,612,None,Drag,browsing
1573648697.837,352,612,None,Drag,browsing
1573648697.849,353,612,None,Drag,browsing
1573648697.856,355,610,None,Drag,browsing
1573648697.857,355,610,Left,Released,browsing
1573648698.3479998,355,610,None,Move,browsing
1573648698.5170002,355,611,None,Move,browsing
1573648698.563,356,611,None,Move,browsing
1573648698.611,356,612,None,Move,browsing
1573648698.6220002,357,613,None,Move,browsing
1573648698.629,359,615,None,Move,browsing
1573648698.637,366,617,None,Move,browsing
1573648698.645,370,620,None,Move,browsing
1573648698.653,379,621,None,Move,browsing
1573648698.661,387,623,None,Move,browsing
1573648698.669,398,624,None,Move,browsing
1573648698.677,406,625,None,Move,browsing
1573648698.684,415,628,None,Move,browsing
1573648698.6920002,425,631,None,Move,browsing
1573648698.7,436,634,None,Move,browsing
1573648698.708,448,637,None,Move,browsing
1573648698.714,463,641,None,Move,browsing
1573648698.722,475,645,None,Move,browsing
1573648698.73,488,650,None,Move,browsing
1573648698.738,498,655,None,Move,browsing
1573648698.746,507,658,None,Move,browsing
1573648698.754,514,660,None,Move,browsing
1573648698.7629998,519,663,None,Move,browsing
1573648698.77,521,665,None,Move,browsing
1573648698.779,523,665,None,Move,browsing
1573648698.7870002,524,666,None,Move,browsing
1573648698.792,525,666,None,Move,browsing
1573648698.801,525,666,None,Move,browsing
1573648698.809,526,666,None,Move,browsing
1573648698.8170002,526,666,None,Move,browsing
1573648698.825,528,666,None,Move,browsing
1573648698.833,530,665,None,Move,browsing
1573648698.841,533,665,None,Move,browsing
1573648698.849,535,665,None,Move,browsing
1573648698.857,540,665,None,Move,browsing
1573648698.865,543,665,None,Move,browsing
1573648698.873,546,667,None,Move,browsing
1573648698.879,549,669,None,Move,browsing
1573648698.887,552,672,None,Move,browsing
1573648698.895,555,674,None,Move,browsing
1573648698.903,557,676,None,Move,browsing
1573648698.911,560,678,None,Move,browsing
1573648698.919,562,680,None,Move,browsing
1573648698.927,564,681,None,Move,browsing
1573648698.935,566,682,None,Move,browsing
1573648698.9429998,568,684,None,Move,browsing
1573648698.951,570,685,None,Move,browsing
1573648698.957,572,688,None,Move,browsing
1573648698.965,575,690,None,Move,browsing
1573648698.972,578,691,None,Move,browsing
1573648698.981,580,693,None,Move,browsing
1573648698.988,583,696,None,Move,browsing
1573648698.9970002,585,699,None,Move,browsing
1573648699.004,590,701,None,Move,browsing
1573648699.012,595,706,None,Move,browsing
1573648699.02,605,714,None,Move,browsing
1573648699.028,618,724,None,Move,browsing
1573648699.036,633,737,None,Move,browsing
1573648699.042,648,751,None,Move,browsing
1573648699.05,668,765,None,Move,browsing
1573648699.0579998,692,782,None,Move,browsing
1573648699.0670002,717,798,None,Move,browsing
1573648699.074,740,809,None,Move,browsing
1573648699.083,760,822,None,Move,browsing
1573648699.09,777,832,None,Move,browsing
1573648699.0979998,792,846,None,Move,browsing
1573648699.106,805,859,None,Move,browsing
1573648699.1139998,819,871,None,Move,browsing
1573648699.1220002,830,882,None,Move,browsing
1573648699.1279998,841,890,None,Move,browsing
1573648699.1360002,849,893,None,Move,browsing
1573648699.154,856,896,None,Move,browsing
1573648699.161,858,896,None,Move,browsing
1573648699.169,859,896,None,Move,browsing
1573648699.176,861,896,None,Move,browsing
1573648699.185,862,896,None,Move,browsing
1573648699.1929998,862,896,None,Move,browsing
1573648699.201,863,895,None,Move,browsing
1573648699.206,864,894,None,Move,browsing
1573648699.215,864,893,None,Move,browsing
1573648699.235,865,893,None,Move,browsing
1573648699.2429998,866,893,None,Move,browsing
1573648699.2510002,867,893,None,Move,browsing
1573648699.2589998,868,893,None,Move,browsing
1573648699.2670002,869,893,None,Move,browsing
1573648699.275,871,893,None,Move,browsing
1573648699.283,873,894,None,Move,browsing
1573648699.289,875,894,None,Move,browsing
1573648699.2970002,878,894,None,Move,browsing
1573648699.305,880,894,None,Move,browsing
1573648699.313,882,894,None,Move,browsing
1573648699.321,884,894,None,Move,browsing
1573648699.329,886,894,None,Move,browsing
1573648699.337,889,894,None,Move,browsing
1573648699.345,895,894,None,Move,browsing
1573648699.353,906,895,None,Move,browsing
1573648699.361,918,898,None,Move,browsing
1573648699.369,932,900,None,Move,browsing
1573648699.3739998,945,903,None,Move,browsing
1573648699.383,959,906,None,Move,browsing
1573648699.39,971,909,None,Move,browsing
1573648699.3979998,984,912,None,Move,browsing
1573648699.406,994,915,None,Move,browsing
1573648699.414,1003,918,None,Move,browsing
1573648699.4220002,1010,921,None,Move,browsing
1573648699.431,1012,922,None,Move,browsing
1573648699.438,1013,923,None,Move,browsing
1573648699.447,1014,924,None,Move,browsing
1573648699.538,1014,924,None,Move,browsing
1573648699.55,1015,924,None,Move,browsing
1573648699.5579998,1016,924,None,Move,browsing
1573648699.566,1017,924,None,Move,browsing
1573648699.574,1018,923,None,Move,browsing
1573648699.583,1020,923,None,Move,browsing
1573648699.591,1021,922,None,Move,browsing
1573648699.607,1021,921,None,Move,browsing
1573648699.615,1022,921,None,Move,browsing
1573648699.633,1023,921,None,Move,browsing
1573648699.649,1024,921,None,Move,browsing
1573648699.657,1025,922,None,Move,browsing
1573648699.665,1028,926,None,Move,browsing
1573648699.673,1033,932,None,Move,browsing
1573648699.681,1037,937,None,Move,browsing
1573648699.689,1047,944,None,Move,browsing
1573648699.697,1060,954,None,Move,browsing
1573648699.705,1073,964,None,Move,browsing
1573648699.711,1085,972,None,Move,browsing
1573648699.718,1094,976,None,Move,browsing
1573648699.7270002,1101,979,None,Move,browsing
1573648699.735,1103,981,None,Move,browsing
1573648699.742,1105,982,None,Move,browsing
1573648699.7510002,1106,982,None,Move,browsing
1573648699.821,1108,983,None,Move,browsing
1573648699.8279998,1110,984,None,Move,browsing
1573648699.836,1112,986,None,Move,browsing
1573648699.844,1114,987,None,Move,browsing
1573648699.853,1116,988,None,Move,browsing
1573648699.8720002,1117,989,None,Move,browsing
1573648699.875,1118,990,None,Move,browsing
1573648699.911,1118,990,None,Move,browsing
1573648700.071,1118,990,Left,Pressed,browsing
1573648700.219,1118,990,Left,Released,browsing
1573648700.357,1118,990,None,Move,browsing
1573648700.369,1118,988,None,Move,browsing
1573648700.375,1118,987,None,Move,browsing
1573648700.383,1118,985,None,Move,browsing
1573648700.391,1118,983,None,Move,browsing
1573648700.399,1118,981,None,Move,browsing
1573648700.407,1118,980,None,Move,browsing
1573648700.415,1118,979,None,Move,browsing
1573648701.149,1118,979,Left,Pressed,browsing
1573648701.282,1118,979,Left,Released,browsing
