client_timestamp,x,y,button,state,window
1578560891.08,356,562,Left,Pressed,office
1578560891.196,356,562,Left,Released,office
1578560902.52,356,560,None,Move,office
1578560902.53,356,559,None,Move,office
1578560902.539,356,558,None,Move,office
1578560902.541,356,553,None,Move,office
1578560902.551,356,550,None,Move,office
1578560902.561,356,547,None,Move,office
1578560902.571,356,547,None,Move,office
1578560902.579,356,545,None,Move,office
1578560902.581,356,543,None,Move,office
1578560902.591,356,543,None,Move,office
1578560902.731,356,539,None,Move,office
1578560902.7329998,356,538,None,Move,office
1578560902.7410002,356,535,None,Move,office
1578560902.7510002,356,534,None,Move,office
1578560902.7670002,356,533,None,Move,office
1578560902.782,356,532,None,Move,office
1578560902.798,356,528,None,Move,office
1578560902.813,356,527,None,Move,office
1578560902.829,356,523,None,Move,office
1578560902.8520002,356,522,None,Move,office
1578560902.867,356,518,None,Move,office
1578560902.883,356,511,None,Move,office
1578560902.9,356,508,None,Move,office
1578560902.904,356,506,None,Move,office
1578560903.03,356,503,None,Move,office
1578560903.046,356,503,None,Move,office
1578560903.57,356,501,None,Move,office
1578560903.585,356,500,None,Move,office
1578560903.601,356,496,None,Move,office
1578560903.617,357,495,None,Move,office
1578560903.6320002,360,491,None,Move,office
1578560903.6479998,362,485,None,Move,office
1578560903.654,362,484,None,Move,office
1578560903.67,364,481,None,Move,office
1578560904.2510002,365,481,Left,Pressed,office
1578560904.389,365,481,Left,Released,office
1578560906.712,365,480,None,Move,office
1578560906.813,365,480,None,Move,office
1578560906.8279998,365,480,None,Move,office
1578560906.859,365,485,None,Move,office
1578560906.8660002,365,485,None,Move,office
1578560906.944,365,486,None,Move,office
1578560906.959,365,487,None,Move,office
1578560906.966,365,489,None,Move,office
1578560906.982,365,490,None,Move,office
1578560906.9970002,367,493,None,Move,office
1578560907.0129998,367,497,None,Move,office
1578560907.028,368,500,None,Move,office
1578560907.044,368,500,None,Move,office
1578560907.066,369,505,None,Move,office
1578560907.082,369,509,None,Move,office
1578560907.097,374,520,None,Move,office
1578560907.113,374,525,None,Move,office
1578560907.129,375,533,None,Move,office
1578560907.144,375,537,None,Move,office
1578560907.198,375,537,Left,Pressed,office
1578560907.345,375,537,Left,Released,office
1578560911.4320002,375,539,None,Move,office
1578560911.435,375,539,None,Move,office
1578560911.4429998,375,539,None,Move,office
1578560911.455,375,536,None,Move,office
1578560911.464,375,531,None,Move,office
1578560911.474,375,513,None,Move,office
1578560911.4889998,375,496,None,Move,office
1578560911.505,375,486,None,Move,office
1578560911.521,375,482,None,Move,office
1578560911.5370002,375,481,None,Move,office
1578560911.674,375,478,None,Move,office
1578560911.706,375,478,None,Move,office
1578560911.721,375,478,Left,Pressed,office
1578560911.829,375,478,Left,Released,office
1578560914.492,375,476,None,Move,office
1578560914.796,375,476,None,Move,office
1578560914.805,375,477,None,Move,office
1578560914.815,375,479,None,Move,office
1578560914.831,375,481,None,Move,office
1578560914.847,375,484,None,Move,office
1578560914.8620002,375,484,None,Move,office
1578560915.1160002,375,486,None,Move,office
1578560917.474,375,487,None,Move,office
1578560917.5270002,375,489,None,Move,office
1578560917.543,375,489,None,Move,office
1578560917.875,376,492,None,Move,office
1578560917.89,376,492,None,Move,office
1578560917.906,377,494,None,Move,office
1578560917.928,377,495,None,Move,office
1578560917.944,377,496,None,Move,office
1578560917.96,377,497,None,Move,office
1578560917.975,379,501,None,Move,office
1578560917.9910002,379,504,None,Move,office
1578560918.006,380,507,None,Move,office
1578560918.045,381,511,None,Move,office
1578560918.0979998,382,514,None,Move,office
1578560918.1139998,382,514,None,Move,office
1578560918.161,382,517,None,Move,office
1578560919.528,382,518,Left,Pressed,office
1578560919.653,382,518,Left,Released,office
1578560919.738,382,518,Left,Pressed,office
1578560919.854,382,518,Left,Released,office
1578560920.623,382,518,None,Move,office
1578560920.639,381,517,None,Move,office
1578560920.655,378,509,None,Move,office
1578560920.67,366,489,None,Move,office
1578560920.6920002,355,475,None,Move,office
1578560920.708,340,452,None,Move,office
1578560920.724,324,431,None,Move,office
1578560920.7389998,312,409,None,Move,office
1578560920.755,301,388,None,Move,office
1578560920.7629998,298,379,None,Move,office
1578560920.764,294,368,None,Move,office
1578560920.78,291,360,None,Move,office
1578560920.793,283,340,None,Move,office
1578560920.8079998,277,324,None,Move,office
1578560920.824,272,308,None,Move,office
1578560920.84,265,293,None,Move,office
1578560920.855,259,276,None,Move,office
1578560920.871,253,270,None,Move,office
1578560920.8860002,253,266,None,Move,office
1578560920.893,252,264,None,Move,office
1578560920.909,251,262,None,Move,office
1578560920.924,247,259,None,Move,office
1578560920.94,242,253,None,Move,office
1578560920.955,234,245,None,Move,office
1578560920.971,226,240,None,Move,office
1578560920.9870002,217,236,None,Move,office
1578560920.9929998,210,231,None,Move,office
1578560921.0089998,190,220,None,Move,office
1578560921.024,164,210,None,Move,office
1578560921.04,138,199,None,Move,office
1578560921.056,117,189,None,Move,office
1578560921.071,99,182,None,Move,office
1578560921.087,92,178,None,Move,office
1578560921.093,84,174,None,Move,office
1578560921.109,78,171,None,Move,office
1578560921.125,75,169,None,Move,office
1578560921.156,75,168,None,Move,office
1578560921.209,75,165,None,Move,office
1578560921.228,75,165,None,Move,office
1578560921.229,75,163,None,Move,office
1578560921.245,75,162,None,Move,office
1578560921.26,75,161,None,Move,office
1578560921.276,77,158,None,Move,office
1578560921.292,84,157,None,Move,office
1578560921.294,88,156,None,Move,office
1578560921.309,98,152,None,Move,office
1578560921.325,102,151,None,Move,office
1578560921.381,106,151,None,Move,office
1578560921.5110002,106,151,Left,Pressed,office
1578560921.595,106,151,Left,Released,office
1578560921.696,107,151,None,Move,office
1578560921.711,110,155,None,Move,office
1578560921.7270002,110,161,None,Move,office
1578560921.742,111,166,None,Move,office
1578560921.758,114,173,None,Move,office
1578560921.774,115,181,None,Move,office
1578560921.796,116,183,None,Move,office
1578560921.812,118,189,None,Move,office
1578560921.827,119,193,None,Move,office
1578560921.843,122,200,None,Move,office
1578560921.859,124,204,None,Move,office
1578560921.8739998,125,210,None,Move,office
1578560921.89,127,213,None,Move,office
1578560921.896,128,215,None,Move,office
1578560921.9120002,130,218,None,Move,office
1578560921.928,132,221,None,Move,office
1578560922.012,133,222,None,Move,office
1578560922.028,133,223,None,Move,office
1578560922.275,133,223,Left,Pressed,office
1578560922.3920002,133,223,Left,Released,office
1578560922.529,135,224,None,Move,office
1578560922.561,137,225,None,Move,office
1578560922.576,138,225,None,Move,office
1578560922.6139998,139,226,None,Move,office
1578560922.83,141,228,None,Move,office
1578560922.861,142,230,None,Move,office
1578560922.877,145,234,None,Move,office
1578560922.893,149,239,None,Move,office
1578560922.899,151,242,None,Move,office
1578560922.915,154,246,None,Move,office
1578560922.93,168,259,None,Move,office
1578560922.946,178,271,None,Move,office
1578560922.962,191,287,None,Move,office
1578560922.9770002,202,300,None,Move,office
1578560922.9989998,214,314,None,Move,office
1578560923.015,226,329,None,Move,office
1578560923.031,238,348,None,Move,office
1578560923.046,253,368,None,Move,office
1578560923.062,261,377,None,Move,office
1578560923.077,282,405,None,Move,office
1578560923.1,291,414,None,Move,office
1578560923.115,299,421,None,Move,office
1578560923.131,301,422,None,Move,office
1578560923.147,303,425,None,Move,office
1578560923.1620002,304,425,None,Move,office
1578560923.178,306,428,None,Move,office
1578560923.2,308,428,None,Move,office
1578560923.216,309,428,None,Move,office
1578560923.231,311,429,None,Move,office
1578560923.2470002,314,430,None,Move,office
1578560923.3779998,314,430,Left,Pressed,office
1578560923.479,314,430,Left,Released,office
1578560923.548,314,430,Left,Pressed,office
1578560923.679,314,430,Left,Released,office
1578560924.4020002,314,430,None,Move,office
1578560924.429,314,428,None,Move,office
1578560924.451,304,409,None,Move,office
1578560924.467,287,381,None,Move,office
1578560924.482,267,349,None,Move,office
1578560924.502,262,340,None,Move,office
1578560924.5129998,258,331,None,Move,office
1578560924.534,249,308,None,Move,office
1578560924.546,246,301,None,Move,office
1578560924.5470002,235,282,None,Move,office
1578560924.5679998,226,264,None,Move,office
1578560924.5879998,223,255,None,Move,office
1578560924.603,210,238,None,Move,office
1578560924.619,207,235,None,Move,office
1578560924.6339998,201,226,None,Move,office
1578560924.65,194,221,None,Move,office
1578560924.665,191,219,None,Move,office
1578560924.681,185,216,None,Move,office
1578560924.7029998,180,213,None,Move,office
1578560924.719,174,208,None,Move,office
1578560924.734,166,203,None,Move,office
1578560924.75,157,199,None,Move,office
1578560924.766,147,193,None,Move,office
1578560924.781,143,190,None,Move,office
1578560924.7970002,138,184,None,Move,office
1578560924.803,138,184,None,Move,office
1578560924.819,133,179,None,Move,office
1578560924.835,128,177,None,Move,office
1578560924.85,126,175,None,Move,office
1578560924.8660002,125,171,None,Move,office
1578560924.8820002,122,169,None,Move,office
1578560924.904,121,167,None,Move,office
1578560924.982,121,164,None,Move,office
1578560925.02,121,164,Left,Pressed,office
1578560925.137,121,164,Left,Released,office
1578560925.2370002,121,164,None,Move,office
1578560925.252,121,165,None,Move,office
1578560925.268,121,165,None,Move,office
1578560925.283,121,169,None,Move,office
1578560925.299,122,171,None,Move,office
1578560925.306,122,173,None,Move,office
1578560925.321,123,175,None,Move,office
1578560925.337,123,177,None,Move,office
1578560925.3520002,126,181,None,Move,office
1578560925.3679998,126,181,None,Move,office
1578560925.3839998,127,183,None,Move,office
1578560925.399,128,186,None,Move,office
1578560925.406,128,187,None,Move,office
1578560925.4220002,130,190,None,Move,office
1578560925.437,130,192,None,Move,office
1578560925.4529998,131,195,None,Move,office
1578560925.468,132,196,None,Move,office
1578560925.484,133,199,None,Move,office
1578560925.5,134,200,None,Move,office
1578560925.522,134,202,None,Move,office
1578560925.5370002,134,202,None,Move,office
1578560925.569,135,206,None,Move,office
1578560925.584,135,206,None,Move,office
1578560925.6,137,209,None,Move,office
1578560925.606,137,209,None,Move,office
1578560925.6220002,137,214,None,Move,office
1578560925.637,139,220,None,Move,office
1578560925.653,140,223,None,Move,office
1578560925.669,141,225,None,Move,office
1578560925.684,141,227,None,Move,office
1578560925.7,142,229,None,Move,office
1578560925.707,143,231,None,Move,office
1578560925.738,145,235,None,Move,office
1578560925.7529998,145,242,None,Move,office
1578560925.769,147,245,None,Move,office
1578560925.785,149,252,None,Move,office
1578560925.8,150,255,None,Move,office
1578560925.8070002,150,256,None,Move,office
1578560925.822,150,257,None,Move,office
1578560925.8379998,150,259,None,Move,office
1578560925.854,150,261,None,Move,office
1578560925.869,152,262,None,Move,office
1578560925.985,154,266,None,Move,office
1578560926.0010002,155,266,None,Move,office
1578560926.07,155,266,Left,Pressed,office
1578560926.186,155,266,Left,Released,office
1578560926.988,155,267,None,Move,office
1578560927.01,157,270,None,Move,office
1578560927.026,158,270,None,Move,office
1578560927.042,161,273,None,Move,office
1578560927.0570002,164,277,None,Move,office
1578560927.073,170,280,None,Move,office
1578560927.089,176,285,None,Move,office
1578560927.104,184,291,None,Move,office
1578560927.111,190,294,None,Move,office
1578560927.1260002,198,301,None,Move,office
1578560927.1420002,213,308,None,Move,office
1578560927.158,232,318,None,Move,office
1578560927.173,250,329,None,Move,office
1578560927.189,267,338,None,Move,office
1578560927.204,276,342,None,Move,office
1578560927.211,281,344,None,Move,office
1578560927.217,289,347,None,Move,office
1578560927.232,300,352,None,Move,office
1578560927.248,310,356,None,Move,office
1578560927.264,316,358,None,Move,office
1578560927.279,321,361,None,Move,office
1578560927.295,323,361,None,Move,office
1578560927.311,326,363,None,Move,office
1578560927.411,326,363,Left,Pressed,office
1578560927.543,326,363,Left,Released,office
1578560931.746,326,363,None,Move,office
1578560931.7770002,328,366,None,Move,office
1578560931.792,331,369,None,Move,office
1578560931.83,336,375,None,Move,office
1578560931.846,337,376,None,Move,office
1578560931.8620002,339,377,None,Move,office
1578560931.877,339,378,None,Move,office
1578560931.8920002,341,379,None,Move,office
1578560931.962,342,380,None,Move,office
1578560932.031,344,380,None,Move,office
1578560932.052,347,380,None,Move,office
1578560932.0679998,348,380,None,Move,office
1578560932.084,351,380,None,Move,office
1578560932.1,353,380,None,Move,office
1578560932.115,362,380,None,Move,office
1578560932.131,369,380,None,Move,office
1578560932.147,378,380,None,Move,office
1578560932.1620002,392,376,None,Move,office
1578560932.1720002,398,374,None,Move,office
1578560932.175,405,373,None,Move,office
1578560932.191,415,368,None,Move,office
1578560932.207,426,364,None,Move,office
1578560932.222,439,361,None,Move,office
1578560932.231,446,360,None,Move,office
1578560932.2470002,453,358,None,Move,office
1578560932.2629998,460,356,None,Move,office
1578560932.347,464,354,None,Move,office
1578560932.363,464,353,None,Move,office
1578560932.4320002,466,351,None,Move,office
1578560932.448,468,349,None,Move,office
1578560932.464,474,346,None,Move,office
1578560932.479,480,344,None,Move,office
1578560932.495,492,338,None,Move,office
1578560932.51,500,338,None,Move,office
1578560932.533,515,338,None,Move,office
1578560932.548,528,338,None,Move,office
1578560932.564,535,338,None,Move,office
1578560932.565,536,338,None,Move,office
1578560932.649,537,338,None,Move,office
1578560932.665,537,338,None,Move,office
1578560932.68,540,338,None,Move,office
1578560932.8660002,540,338,Left,Pressed,office
1578560932.928,540,338,Left,Released,office
1578560933.028,540,340,None,Move,office
1578560933.034,539,341,None,Move,office
1578560933.05,535,345,None,Move,office
1578560933.066,532,348,None,Move,office
1578560933.081,527,351,None,Move,office
1578560933.097,520,355,None,Move,office
1578560933.113,513,358,None,Move,office
1578560933.1279998,503,362,None,Move,office
1578560933.135,497,365,None,Move,office
1578560933.15,486,370,None,Move,office
1578560933.166,474,376,None,Move,office
1578560933.1820002,466,380,None,Move,office
1578560933.197,456,387,None,Move,office
1578560933.2129998,451,391,None,Move,office
1578560933.228,448,394,None,Move,office
1578560933.235,446,395,None,Move,office
1578560933.2510002,446,396,None,Move,office
1578560933.266,442,401,None,Move,office
1578560933.282,439,405,None,Move,office
1578560933.2970002,434,416,None,Move,office
1578560933.313,428,426,None,Move,office
1578560933.329,427,432,None,Move,office
1578560933.335,425,436,None,Move,office
1578560933.351,423,442,None,Move,office
1578560933.367,420,450,None,Move,office
1578560933.3820002,419,458,None,Move,office
1578560933.4020002,419,460,None,Move,office
1578560933.404,418,460,None,Move,office
1578560933.564,418,461,Left,Pressed,office
1578560933.564,418,461,None,Drag,office
1578560933.564,418,461,Left,Released,office
1578560934.131,418,462,None,Move,office
1578560934.137,418,463,None,Move,office
1578560934.153,416,468,None,Move,office
1578560934.174,414,475,None,Move,office
1578560934.19,412,480,None,Move,office
1578560934.199,411,484,None,Move,office
1578560934.2029998,410,486,None,Move,office
1578560934.219,405,499,None,Move,office
1578560934.238,396,521,None,Move,office
1578560934.2529998,385,546,None,Move,office
1578560934.269,373,570,None,Move,office
1578560934.285,362,595,None,Move,office
1578560934.3,351,619,None,Move,office
1578560934.316,337,647,None,Move,office
1578560934.331,322,675,None,Move,office
1578560934.3379998,313,691,None,Move,office
1578560934.354,292,724,None,Move,office
1578560934.369,268,759,None,Move,office
1578560934.385,240,795,None,Move,office
1578560934.4,209,837,None,Move,office
1578560934.416,196,855,None,Move,office
1578560934.4220002,183,872,None,Move,office
1578560934.438,164,899,None,Move,office
1578560934.454,148,919,None,Move,office
1578560934.469,136,934,None,Move,office
1578560934.485,128,944,None,Move,office
1578560934.496,125,949,None,Move,office
1578560934.4970002,123,950,None,Move,office
1578560934.5129998,119,957,None,Move,office
1578560934.528,117,961,None,Move,office
1578560934.538,116,962,None,Move,office
1578560934.554,114,965,None,Move,office
1578560934.639,115,965,None,Move,office
1578560934.654,117,965,None,Move,office
1578560934.67,125,961,None,Move,office
1578560934.686,135,956,None,Move,office
1578560934.7029998,150,942,None,Move,office
1578560934.706,161,932,None,Move,office
1578560934.721,183,910,None,Move,office
1578560934.7389998,207,889,None,Move,office
1578560934.755,218,880,None,Move,office
1578560934.77,238,863,None,Move,office
1578560934.786,253,851,None,Move,office
1578560934.801,268,838,None,Move,office
1578560934.8170002,282,824,None,Move,office
1578560934.839,297,803,None,Move,office
1578560934.855,303,793,None,Move,office
1578560934.87,304,791,None,Move,office
1578560934.8860002,304,790,None,Move,office
1578560934.9020002,304,789,None,Move,office
1578560934.917,304,785,None,Move,office
1578560934.9329998,304,776,None,Move,office
1578560934.94,304,772,None,Move,office
1578560934.955,300,767,None,Move,office
1578560934.971,295,764,None,Move,office
1578560934.986,293,764,None,Move,office
1578560935.002,287,762,None,Move,office
1578560935.024,283,757,None,Move,office
1578560935.025,282,756,None,Move,office
1578560935.04,281,756,None,Move,office
1578560935.155,280,754,None,Move,office
1578560935.252,279,753,None,Move,office
1578560935.262,279,752,None,Move,office
1578560935.272,275,754,None,Move,office
1578560935.282,266,761,None,Move,office
1578560935.293,262,765,None,Move,office
1578560935.303,257,771,None,Move,office
1578560935.311,254,775,None,Move,office
1578560935.313,247,784,None,Move,office
1578560935.323,238,797,None,Move,office
1578560935.333,226,811,None,Move,office
1578560935.343,213,829,None,Move,office
1578560935.351,200,849,None,Move,office
1578560935.353,187,867,None,Move,office
1578560935.363,176,884,None,Move,office
1578560935.371,165,901,None,Move,office
1578560935.381,156,917,None,Move,office
1578560935.397,141,945,None,Move,office
1578560935.413,131,964,None,Move,office
1578560935.428,128,967,None,Move,office
1578560935.444,127,970,None,Move,office
1578560935.7589998,128,971,None,Move,office
1578560935.775,130,970,None,Move,office
1578560935.783,132,968,None,Move,office
1578560935.799,140,964,None,Move,office
1578560935.814,151,957,None,Move,office
1578560935.83,161,954,None,Move,office
1578560935.846,175,949,None,Move,office
1578560935.861,193,942,None,Move,office
1578560935.877,214,936,None,Move,office
1578560935.883,223,933,None,Move,office
1578560935.899,240,927,None,Move,office
1578560935.915,255,922,None,Move,office
1578560935.93,265,918,None,Move,office
1578560935.946,267,916,None,Move,office
1578560935.962,269,915,None,Move,office
1578560935.984,270,913,None,Move,office
1578560936.0,272,912,None,Move,office
1578560936.015,275,909,None,Move,office
1578560936.035,275,909,None,Move,office
1578560936.051,276,906,None,Move,office
1578560936.1020002,276,905,None,Move,office
1578560936.1179998,276,903,None,Move,office
1578560936.1339998,276,903,None,Move,office
1578560936.149,264,903,None,Move,office
1578560936.165,256,904,None,Move,office
1578560936.18,246,907,None,Move,office
1578560936.187,239,910,None,Move,office
1578560936.2029998,218,918,None,Move,office
1578560936.222,207,924,None,Move,office
1578560936.2270002,197,929,None,Move,office
1578560936.242,165,941,None,Move,office
1578560936.258,157,944,None,Move,office
1578560936.274,150,948,None,Move,office
1578560936.2870002,149,948,None,Move,office
1578560936.303,147,948,None,Move,office
1578560936.3179998,143,952,None,Move,office
1578560936.334,139,955,None,Move,office
1578560936.35,138,956,None,Move,office
1578560936.387,135,959,None,Move,office
1578560936.403,132,962,None,Move,office
1578560936.419,132,962,None,Move,office
1578560936.434,127,969,None,Move,office
1578560936.45,125,973,None,Move,office
1578560936.466,123,979,None,Move,office
1578560936.488,121,981,None,Move,office
1578560936.5029998,118,985,None,Move,office
1578560936.535,115,986,None,Move,office
1578560936.55,114,988,None,Move,office
1578560936.566,112,989,None,Move,office
1578560936.582,103,994,None,Move,office
1578560936.5879998,100,995,None,Move,office
1578560936.604,98,996,None,Move,office
1578560936.619,86,998,None,Move,office
1578560936.635,61,1003,None,Move,office
1578560936.788,60,1003,None,Move,office
1578560936.804,60,1003,None,Move,office
1578560936.82,61,997,None,Move,office
1578560936.835,65,992,None,Move,office
1578560936.851,69,989,None,Move,office
1578560936.867,75,983,None,Move,office
1578560936.8820002,79,981,None,Move,office
1578560936.904,81,980,None,Move,office
1578560937.0670002,82,980,Left,Pressed,office
1578560937.151,82,980,Left,Released,office
1578560937.9220002,84,979,None,Move,office
1578560937.938,86,976,None,Move,office
1578560937.9529998,89,973,None,Move,office
1578560937.969,92,970,None,Move,office
1578560937.984,107,953,None,Move,office
1578560937.9910002,109,948,None,Move,office
1578560938.0070002,118,930,None,Move,office
1578560938.022,124,919,None,Move,office
1578560938.038,139,888,None,Move,office
1578560938.053,164,820,None,Move,office
1578560938.069,172,790,None,Move,office
1578560938.085,187,726,None,Move,office
1578560938.091,195,693,None,Move,office
1578560938.107,202,635,None,Move,office
1578560938.123,204,586,None,Move,office
1578560938.1379998,204,553,None,Move,office
1578560938.154,204,518,None,Move,office
1578560938.169,204,482,None,Move,office
1578560938.185,204,447,None,Move,office
1578560938.1920002,204,431,None,Move,office
1578560938.207,201,400,None,Move,office
1578560938.2229998,199,389,None,Move,office
1578560938.238,193,355,None,Move,office
1578560938.254,189,340,None,Move,office
1578560938.27,183,326,None,Move,office
1578560938.285,181,319,None,Move,office
1578560938.292,176,311,None,Move,office
1578560938.3070002,169,302,None,Move,office
1578560938.323,166,298,None,Move,office
1578560938.339,163,296,None,Move,office
1578560938.354,161,296,None,Move,office
1578560938.37,156,295,None,Move,office
1578560938.3920002,154,294,None,Move,office
1578560938.408,151,294,None,Move,office
1578560938.424,148,294,None,Move,office
1578560938.439,144,294,None,Move,office
1578560938.455,140,294,None,Move,office
1578560938.47,133,296,None,Move,office
1578560938.486,123,304,None,Move,office
1578560938.492,121,306,None,Move,office
1578560938.508,116,310,None,Move,office
1578560938.524,110,314,None,Move,office
1578560938.54,105,321,None,Move,office
1578560938.555,103,323,None,Move,office
1578560938.571,101,328,None,Move,office
1578560938.586,98,334,None,Move,office
1578560938.593,96,337,None,Move,office
1578560938.609,94,343,None,Move,office
1578560938.6239998,93,346,None,Move,office
1578560938.64,92,348,None,Move,office
1578560938.655,92,348,None,Move,office
1578560938.6929998,91,352,None,Move,office
1578560938.771,88,355,None,Move,office
1578560938.793,88,356,None,Move,office
1578560938.809,86,356,None,Move,office
1578560938.824,82,360,None,Move,office
1578560938.84,74,363,None,Move,office
1578560938.856,65,369,None,Move,office
1578560938.871,57,374,None,Move,office
1578560938.8839998,54,377,None,Move,office
1578560938.885,52,378,None,Move,office
1578560938.893,51,378,None,Move,office
1578560938.909,51,379,None,Move,office
1578560939.157,51,379,Left,Pressed,office
1578560939.2729998,51,379,Left,Released,office
1578560939.611,51,380,None,Move,office
1578560939.627,51,380,None,Move,office
1578560939.643,53,381,None,Move,office
1578560939.658,60,386,None,Move,office
1578560939.674,68,388,None,Move,office
1578560939.69,78,394,None,Move,office
1578560939.696,84,396,None,Move,office
1578560939.712,98,401,None,Move,office
1578560939.7270002,107,406,None,Move,office
1578560939.7429998,120,417,None,Move,office
1578560939.758,129,426,None,Move,office
1578560939.774,146,442,None,Move,office
1578560939.79,171,458,None,Move,office
1578560939.796,187,467,None,Move,office
1578560939.812,206,476,None,Move,office
1578560939.827,257,498,None,Move,office
1578560939.843,319,517,None,Move,office
1578560939.859,371,535,None,Move,office
1578560939.8739998,393,544,None,Move,office
1578560939.89,434,562,None,Move,office
1578560939.897,454,574,None,Move,office
1578560939.9120002,463,579,None,Move,office
1578560939.928,470,584,None,Move,office
1578560939.9429998,484,594,None,Move,office
1578560939.959,496,603,None,Move,office
1578560939.975,508,613,None,Move,office
1578560939.99,514,618,None,Move,office
1578560939.9970002,520,624,None,Move,office
1578560940.016,535,646,None,Move,office
1578560940.022,537,650,None,Move,office
1578560940.038,540,658,None,Move,office
1578560940.053,541,662,None,Move,office
1578560940.085,542,663,None,Move,office
1578560940.097,542,664,None,Move,office
1578560940.1120002,540,669,None,Move,office
1578560940.1279998,536,674,None,Move,office
1578560940.144,525,679,None,Move,office
1578560940.159,500,692,None,Move,office
1578560940.175,457,711,None,Move,office
1578560940.19,407,729,None,Move,office
1578560940.197,386,737,None,Move,office
1578560940.212,354,752,None,Move,office
1578560940.228,353,753,None,Move,office
1578560940.413,353,754,None,Move,office
1578560940.428,355,757,None,Move,office
1578560940.444,356,757,None,Move,office
1578560940.544,358,757,None,Move,office
1578560940.56,361,757,None,Move,office
1578560940.676,362,757,None,Move,office
1578560940.691,363,757,None,Move,office
1578560940.698,365,757,None,Move,office
1578560940.7129998,366,757,None,Move,office
1578560940.776,367,757,None,Move,office
1578560940.798,368,757,None,Move,office
1578560940.814,372,757,None,Move,office
1578560940.83,377,757,None,Move,office
1578560940.845,379,757,None,Move,office
1578560940.861,380,757,None,Move,office
1578560940.915,381,757,None,Move,office
1578560940.93,382,757,None,Move,office
1578560940.946,382,758,None,Move,office
1578560940.961,385,760,None,Move,office
1578560940.9770002,385,762,None,Move,office
1578560940.9929998,386,764,None,Move,office
1578560940.9989998,387,766,None,Move,office
1578560941.015,390,768,None,Move,office
1578560941.03,392,769,None,Move,office
1578560941.046,393,773,None,Move,office
1578560941.062,394,775,None,Move,office
1578560941.077,396,777,None,Move,office
1578560941.115,396,780,None,Move,office
1578560941.131,398,783,None,Move,office
1578560941.147,401,787,None,Move,office
1578560941.1620002,403,791,None,Move,office
1578560941.5170002,404,792,Left,Pressed,office
1578560941.802,404,792,Left,Released,office
1578560941.8170002,404,793,None,Move,office
1578560941.833,404,794,None,Move,office
1578560941.9329998,404,794,Left,Pressed,office
1578560942.08,404,794,Left,Released,office
1578560942.782,404,794,None,Move,office
1578560942.804,404,792,None,Move,office
1578560942.82,404,781,None,Move,office
1578560942.836,404,765,None,Move,office
1578560942.851,404,731,None,Move,office
1578560942.867,404,680,None,Move,office
1578560942.8820002,404,618,None,Move,office
1578560942.8979998,404,591,None,Move,office
1578560942.905,402,559,None,Move,office
1578560942.92,398,503,None,Move,office
1578560942.936,391,448,None,Move,office
1578560942.951,383,399,None,Move,office
1578560942.967,376,354,None,Move,office
1578560942.9829998,370,306,None,Move,office
1578560943.005,367,273,None,Move,office
1578560943.02,364,248,None,Move,office
1578560943.036,359,230,None,Move,office
1578560943.052,355,219,None,Move,office
1578560943.0670002,351,210,None,Move,office
1578560943.083,348,200,None,Move,office
1578560943.099,347,196,None,Move,office
1578560943.105,345,194,None,Move,office
1578560943.121,341,191,None,Move,office
1578560943.1360002,337,187,None,Move,office
1578560943.1520002,328,184,None,Move,office
1578560943.168,321,182,None,Move,office
1578560943.1829998,316,180,None,Move,office
1578560943.199,305,178,None,Move,office
1578560943.205,299,176,None,Move,office
1578560943.221,281,172,None,Move,office
1578560943.2370002,276,171,None,Move,office
1578560943.252,274,170,None,Move,office
1578560943.268,271,170,None,Move,office
1578560943.284,269,170,None,Move,office
1578560943.299,264,170,None,Move,office
1578560943.305,262,170,None,Move,office
1578560943.321,260,170,None,Move,office
1578560943.337,258,170,None,Move,office
1578560943.3520002,255,170,None,Move,office
1578560943.3679998,253,170,None,Move,office
1578560943.383,251,169,None,Move,office
1578560943.404,248,169,None,Move,office
1578560943.406,247,169,None,Move,office
1578560943.421,244,169,None,Move,office
1578560943.437,243,169,None,Move,office
1578560943.452,242,169,None,Move,office
1578560943.468,238,169,None,Move,office
1578560943.484,229,166,None,Move,office
1578560943.4989998,222,164,None,Move,office
1578560943.506,219,164,None,Move,office
1578560943.522,214,162,None,Move,office
1578560943.5370002,213,162,None,Move,office
1578560943.669,211,160,None,Move,office
1578560943.685,210,160,None,Move,office
1578560943.754,210,160,Left,Pressed,office
1578560943.854,210,160,Left,Released,office
1578560943.923,210,160,None,Move,office
1578560943.939,210,160,None,Move,office
1578560943.954,211,161,None,Move,office
1578560943.97,211,162,None,Move,office
1578560943.985,211,164,None,Move,office
1578560944.0010002,212,166,None,Move,office
1578560944.008,212,167,None,Move,office
1578560944.0229998,212,168,None,Move,office
1578560944.039,212,170,None,Move,office
1578560944.06,212,173,None,Move,office
1578560944.075,215,175,None,Move,office
1578560944.091,215,177,None,Move,office
1578560944.1079998,215,178,None,Move,office
1578560944.1239998,217,179,None,Move,office
1578560944.139,218,182,None,Move,office
1578560944.155,218,183,None,Move,office
1578560944.187,218,184,None,Move,office
1578560944.208,218,185,None,Move,office
1578560944.224,219,186,None,Move,office
1578560944.24,219,189,None,Move,office
1578560944.271,220,192,None,Move,office
1578560944.2870002,222,193,None,Move,office
1578560944.302,222,195,None,Move,office
1578560944.309,222,196,None,Move,office
1578560944.363,222,199,None,Move,office
1578560944.3779998,222,199,None,Move,office
1578560944.564,222,200,None,Move,office
1578560944.581,224,200,None,Move,office
1578560944.596,228,200,None,Move,office
1578560944.61,233,200,None,Move,office
1578560944.6260002,237,199,None,Move,office
1578560944.641,239,199,None,Move,office
1578560944.657,241,196,None,Move,office
1578560944.673,243,194,None,Move,office
1578560944.688,247,191,None,Move,office
1578560944.704,249,189,None,Move,office
1578560944.71,250,189,None,Move,office
1578560944.726,252,187,None,Move,office
1578560944.742,256,185,None,Move,office
1578560944.7570002,257,184,None,Move,office
1578560944.7729998,261,183,None,Move,office
1578560944.789,262,183,None,Move,office
1578560944.804,267,182,None,Move,office
1578560944.81,271,181,None,Move,office
1578560944.826,281,180,None,Move,office
1578560944.843,290,176,None,Move,office
1578560944.859,301,173,None,Move,office
1578560944.8739998,305,172,None,Move,office
1578560944.89,307,170,None,Move,office
1578560944.906,311,168,None,Move,office
1578560944.911,312,166,None,Move,office
1578560944.926,314,165,None,Move,office
1578560944.9420002,315,164,None,Move,office
1578560945.073,315,164,Left,Pressed,office
1578560945.173,315,164,Left,Released,office
1578560945.56,315,164,None,Move,office
1578560945.591,315,166,None,Move,office
1578560945.606,315,167,None,Move,office
1578560945.629,315,169,None,Move,office
1578560945.644,315,170,None,Move,office
1578560945.66,315,174,None,Move,office
1578560945.675,315,174,None,Move,office
1578560945.7129998,315,175,None,Move,office
1578560945.729,316,176,None,Move,office
1578560945.744,317,178,None,Move,office
1578560945.76,317,179,None,Move,office
1578560945.776,318,183,None,Move,office
1578560945.829,320,185,None,Move,office
1578560945.86,321,186,None,Move,office
1578560945.8760002,321,189,None,Move,office
1578560945.8920002,322,191,None,Move,office
1578560945.914,322,192,None,Move,office
1578560946.0010002,324,195,None,Move,office
1578560946.03,324,196,None,Move,office
1578560946.046,324,197,None,Move,office
1578560946.061,324,197,None,Move,office
1578560946.092,324,199,None,Move,office
1578560946.1079998,324,200,None,Move,office
1578560946.13,324,200,None,Move,office
1578560946.146,325,203,None,Move,office
1578560946.161,326,205,None,Move,office
1578560946.177,327,206,None,Move,office
1578560946.215,327,208,None,Move,office
1578560946.262,328,212,None,Move,office
1578560946.283,328,214,None,Move,office
1578560946.331,328,216,None,Move,office
1578560946.346,328,217,None,Move,office
1578560946.6160002,328,217,Left,Pressed,office
1578560947.135,328,217,Left,Released,office
1578560948.103,330,219,None,Move,office
1578560948.123,333,225,None,Move,office
1578560948.127,334,230,None,Move,office
1578560948.143,338,240,None,Move,office
1578560948.158,344,254,None,Move,office
1578560948.174,354,282,None,Move,office
1578560948.189,365,322,None,Move,office
1578560948.205,378,363,None,Move,office
1578560948.22,389,404,None,Move,office
1578560948.225,394,422,None,Move,office
1578560948.2410002,399,437,None,Move,office
1578560948.256,405,463,None,Move,office
1578560948.272,410,482,None,Move,office
1578560948.2870002,415,496,None,Move,office
1578560948.303,418,501,None,Move,office
1578560948.341,419,504,None,Move,office
1578560948.356,421,508,None,Move,office
1578560948.3720002,422,510,None,Move,office
1578560948.3879998,425,517,None,Move,office
1578560948.403,428,526,None,Move,office
1578560948.419,434,539,None,Move,office
1578560948.425,436,543,None,Move,office
1578560948.441,438,546,None,Move,office
1578560948.457,440,552,None,Move,office
1578560948.475,446,567,None,Move,office
1578560948.4910002,448,572,None,Move,office
1578560948.5070002,451,579,None,Move,office
1578560948.528,454,587,None,Move,office
1578560948.534,456,591,None,Move,office
1578560948.55,463,602,None,Move,office
1578560948.566,466,607,None,Move,office
1578560948.581,471,615,None,Move,office
1578560948.688,472,616,Left,Pressed,office
1578560948.804,472,616,Left,Released,office
1578560951.052,472,617,None,Move,office
1578560951.054,472,618,None,Move,office
1578560951.069,473,616,None,Move,office
1578560951.085,472,615,None,Move,office
1578560951.197,471,612,None,Move,office
1578560951.212,471,611,None,Move,office
1578560951.228,470,608,None,Move,office
1578560951.234,469,606,None,Move,office
1578560951.25,468,603,None,Move,office
1578560951.266,464,598,None,Move,office
1578560951.281,463,595,None,Move,office
1578560951.2970002,462,592,None,Move,office
1578560951.316,461,591,None,Move,office
1578560951.3170002,460,590,None,Move,office
1578560951.335,460,589,None,Move,office
1578560951.373,459,585,None,Move,office
1578560951.3739998,459,585,None,Move,office
1578560951.39,458,582,None,Move,office
1578560951.405,458,582,None,Move,office
1578560951.421,455,578,None,Move,office
1578560951.436,455,576,None,Move,office
1578560951.467,454,573,None,Move,office
1578560951.53,452,572,None,Move,office
1578560951.536,450,570,None,Move,office
1578560951.551,449,568,None,Move,office
1578560951.5670002,447,564,None,Move,office
1578560951.5879998,447,563,None,Move,office
1578560951.6360002,446,561,None,Move,office
1578560951.651,446,560,None,Move,office
1578560951.666,446,558,None,Move,office
1578560951.6820002,446,555,None,Move,office
1578560951.714,446,553,None,Move,office
1578560951.729,446,552,None,Move,office
1578560952.215,446,553,None,Move,office
1578560952.231,447,556,None,Move,office
1578560952.2370002,448,561,None,Move,office
1578560952.2529998,448,569,None,Move,office
1578560952.268,454,579,None,Move,office
1578560952.284,454,585,None,Move,office
1578560952.3,457,596,None,Move,office
1578560952.315,459,606,None,Move,office
1578560952.331,463,625,None,Move,office
1578560952.337,466,636,None,Move,office
1578560952.353,471,652,None,Move,office
1578560952.369,472,658,None,Move,office
1578560952.671,472,659,None,Move,office
1578560952.686,472,657,None,Move,office
1578560952.701,472,651,None,Move,office
1578560952.717,472,636,None,Move,office
1578560952.74,472,617,None,Move,office
1578560952.756,469,603,None,Move,office
1578560952.771,467,597,None,Move,office
1578560952.7870002,466,593,None,Move,office
1578560952.803,464,590,None,Move,office
1578560952.8179998,462,588,None,Move,office
1578560953.1339998,462,586,None,Move,office
1578560953.14,462,585,None,Move,office
1578560953.156,462,584,None,Move,office
1578560953.1720002,462,584,None,Move,office
1578560953.187,462,580,None,Move,office
1578560953.2029998,462,577,None,Move,office
1578560953.218,462,575,None,Move,office
1578560953.246,462,573,None,Move,office
1578560953.454,462,571,Left,Pressed,office
1578560953.454,462,571,None,Drag,office
1578560953.454,462,571,Left,Released,office
1578560953.522,462,571,None,Move,office
1578560953.538,464,571,None,Move,office
1578560953.553,466,571,None,Move,office
1578560953.569,472,571,None,Move,office
1578560953.585,481,575,None,Move,office
1578560953.6,495,585,None,Move,office
1578560953.6160002,502,587,None,Move,office
1578560953.6220002,510,592,None,Move,office
1578560953.6379998,520,601,None,Move,office
1578560953.653,527,610,None,Move,office
1578560953.669,530,617,None,Move,office
1578560953.685,534,624,None,Move,office
1578560953.7,535,627,None,Move,office
1578560953.716,539,636,None,Move,office
1578560953.722,541,638,None,Move,office
1578560953.738,541,644,None,Move,office
1578560953.754,543,650,None,Move,office
1578560953.775,546,660,None,Move,office
1578560953.79,551,673,None,Move,office
1578560953.806,554,687,None,Move,office
1578560953.823,557,704,None,Move,office
1578560953.8379998,561,725,None,Move,office
1578560953.854,563,748,None,Move,office
1578560953.87,566,772,None,Move,office
1578560953.885,568,791,None,Move,office
1578560953.901,568,804,None,Move,office
1578560953.916,568,812,None,Move,office
1578560953.923,568,814,None,Move,office
1578560953.939,568,818,None,Move,office
1578560953.954,569,821,None,Move,office
1578560953.97,569,824,None,Move,office
1578560953.985,569,828,None,Move,office
1578560954.0010002,570,830,None,Move,office
1578560954.0229998,570,833,None,Move,office
1578560954.039,571,835,None,Move,office
1578560954.055,572,838,None,Move,office
1578560954.07,573,841,None,Move,office
1578560954.086,574,844,None,Move,office
1578560954.103,576,850,None,Move,office
1578560954.109,578,853,None,Move,office
1578560954.123,580,857,None,Move,office
1578560954.186,580,858,None,Move,office
1578560954.202,581,859,None,Move,office
1578560954.324,582,859,None,Move,office
1578560954.339,583,859,None,Move,office
1578560954.355,586,859,None,Move,office
1578560954.37,588,859,None,Move,office
1578560954.3860002,596,859,None,Move,office
1578560954.4020002,608,859,None,Move,office
1578560954.424,628,859,None,Move,office
1578560954.44,645,859,None,Move,office
1578560954.455,661,859,None,Move,office
1578560954.471,673,859,None,Move,office
1578560954.486,682,859,None,Move,office
1578560954.502,685,859,None,Move,office
1578560954.518,686,859,None,Move,office
1578560954.524,688,859,None,Move,office
1578560954.54,691,859,None,Move,office
1578560954.555,698,859,None,Move,office
1578560954.571,706,859,None,Move,office
1578560954.587,711,859,None,Move,office
1578560954.6020002,717,859,None,Move,office
1578560954.6239998,721,859,None,Move,office
1578560954.64,727,859,None,Move,office
1578560954.656,734,859,None,Move,office
1578560954.671,737,859,None,Move,office
1578560954.687,738,859,Left,Pressed,office
1578560954.772,738,859,Left,Released,office
1578560954.803,738,859,None,Move,office
1578560954.8179998,733,859,None,Move,office
1578560954.825,729,859,None,Move,office
1578560954.84,720,859,None,Move,office
1578560954.856,715,857,None,Move,office
1578560954.8720002,705,853,None,Move,office
1578560954.887,690,846,None,Move,office
1578560954.903,669,836,None,Move,office
1578560954.919,641,821,None,Move,office
1578560954.925,627,812,None,Move,office
1578560954.941,600,791,None,Move,office
1578560954.956,588,780,None,Move,office
1578560954.972,566,762,None,Move,office
1578560954.988,549,749,None,Move,office
1578560955.0029998,537,737,None,Move,office
1578560955.019,534,731,None,Move,office
1578560955.025,534,727,None,Move,office
1578560955.041,532,718,None,Move,office
1578560955.0570002,529,710,None,Move,office
1578560955.072,527,707,None,Move,office
1578560955.0879998,524,704,None,Move,office
1578560955.103,520,699,None,Move,office
1578560955.119,514,689,None,Move,office
1578560955.1260002,513,688,None,Move,office
1578560955.141,511,685,None,Move,office
1578560955.1720002,511,684,None,Move,office
1578560955.204,511,684,None,Move,office
1578560955.304,511,682,None,Move,office
1578560955.319,511,682,None,Move,office
1578560955.4729998,510,681,None,Move,office
1578560955.52,506,681,None,Move,office
1578560955.526,506,681,None,Move,office
1578560955.542,503,684,None,Move,office
1578560955.5579998,499,687,None,Move,office
1578560955.573,494,691,None,Move,office
1578560955.589,493,693,None,Move,office
1578560955.605,490,699,None,Move,office
1578560955.62,488,704,None,Move,office
1578560955.627,485,710,None,Move,office
1578560955.6420002,479,716,None,Move,office
1578560955.66,477,721,None,Move,office
1578560955.663,476,724,None,Move,office
1578560955.679,474,728,None,Move,office
1578560955.702,473,734,None,Move,office
1578560955.718,472,742,None,Move,office
1578560955.7270002,472,743,None,Move,office
1578560955.7429998,472,748,None,Move,office
1578560955.758,472,756,None,Move,office
1578560955.774,472,760,None,Move,office
1578560955.789,472,767,None,Move,office
1578560955.805,472,772,None,Move,office
1578560956.607,472,773,None,Move,office
1578560956.8079998,472,773,None,Move,office
1578560956.832,473,768,None,Move,office
1578560956.8479998,478,752,None,Move,office
1578560956.8639998,481,741,None,Move,office
1578560956.879,485,731,None,Move,office
1578560956.895,488,723,None,Move,office
1578560956.911,490,717,None,Move,office
1578560956.93,492,714,None,Move,office
1578560956.946,494,710,None,Move,office
1578560956.961,496,704,None,Move,office
1578560956.9770002,497,699,None,Move,office
1578560956.9929998,498,695,None,Move,office
1578560957.008,499,691,None,Move,office
1578560957.031,499,689,None,Move,office
1578560957.051,499,688,None,Move,office
1578560957.65,499,688,Left,Pressed,office
1578560957.65,499,688,None,Drag,office
1578560957.666,498,693,None,Drag,office
1578560957.681,496,698,None,Drag,office
1578560957.697,494,707,None,Drag,office
1578560957.7129998,493,712,None,Drag,office
1578560957.728,491,721,None,Drag,office
1578560957.735,491,725,None,Drag,office
1578560957.756,490,732,None,Drag,office
1578560957.758,489,737,None,Drag,office
1578560957.7729998,487,746,None,Drag,office
1578560957.789,485,756,None,Drag,office
1578560957.805,483,764,None,Drag,office
1578560957.82,483,766,None,Drag,office
1578560957.835,483,770,None,Drag,office
1578560957.851,483,774,None,Drag,office
1578560957.8660002,483,778,None,Drag,office
1578560957.8820002,482,783,None,Drag,office
1578560957.897,482,785,None,Drag,office
1578560957.913,482,789,None,Drag,office
1578560957.935,482,793,None,Drag,office
1578560957.951,482,797,None,Drag,office
1578560957.967,482,800,None,Drag,office
1578560957.982,482,802,None,Drag,office
1578560957.998,482,804,None,Drag,office
1578560958.014,482,805,None,Drag,office
1578560958.036,482,807,None,Drag,office
1578560958.056,482,810,None,Drag,office
1578560958.0570002,482,812,None,Drag,office
1578560958.073,482,814,None,Drag,office
1578560958.104,482,817,None,Drag,office
1578560958.12,482,821,None,Drag,office
1578560958.1360002,482,826,None,Drag,office
1578560958.1520002,482,837,None,Drag,office
1578560958.167,481,843,None,Drag,office
1578560958.167,481,843,Left,Released,office
1578560958.917,479,844,None,Move,office
1578560958.9320002,476,844,None,Move,office
1578560958.939,473,844,None,Move,office
1578560958.954,469,844,None,Move,office
1578560958.97,462,844,None,Move,office
1578560958.986,448,845,None,Move,office
1578560959.0010002,421,848,None,Move,office
1578560959.0170002,386,853,None,Move,office
1578560959.033,367,856,None,Move,office
1578560959.039,347,861,None,Move,office
1578560959.055,305,874,None,Move,office
1578560959.071,261,892,None,Move,office
1578560959.086,219,914,None,Move,office
1578560959.1020002,179,937,None,Move,office
1578560959.117,151,954,None,Move,office
1578560959.133,131,966,None,Move,office
1578560959.14,122,971,None,Move,office
1578560959.155,118,973,None,Move,office
1578560959.171,115,977,None,Move,office
1578560959.187,113,979,None,Move,office
1578560959.3879998,113,979,None,Move,office
1578560959.419,116,977,None,Move,office
1578560959.434,126,972,None,Move,office
1578560959.441,139,967,None,Move,office
1578560959.457,153,960,None,Move,office
1578560959.462,173,952,None,Move,office
1578560959.4770002,230,927,None,Move,office
1578560959.4929998,290,902,None,Move,office
1578560959.5089998,331,884,None,Move,office
1578560959.524,356,873,None,Move,office
1578560959.541,365,867,None,Move,office
1578560959.56,367,866,None,Move,office
1578560959.564,370,866,None,Move,office
1578560959.58,374,862,None,Move,office
1578560959.595,379,860,None,Move,office
1578560959.611,390,857,None,Move,office
1578560959.627,395,853,None,Move,office
1578560959.641,405,849,None,Move,office
1578560959.657,417,842,None,Move,office
1578560959.6720002,419,841,None,Move,office
1578560959.688,430,837,None,Move,office
1578560959.704,438,832,None,Move,office
1578560960.591,435,834,None,Move,office
1578560960.606,432,835,None,Move,office
1578560960.6220002,421,841,None,Move,office
1578560960.637,398,852,None,Move,office
1578560960.644,367,868,None,Move,office
1578560960.66,347,879,None,Move,office
1578560960.675,297,907,None,Move,office
1578560960.691,248,934,None,Move,office
1578560960.707,208,957,None,Move,office
1578560960.722,182,975,None,Move,office
1578560960.744,165,990,None,Move,office
1578560960.76,153,999,None,Move,office
1578560960.776,143,1006,None,Move,office
1578560960.791,131,1016,None,Move,office
1578560960.8070002,116,1024,None,Move,office
1578560960.823,103,1029,None,Move,office
1578560960.8379998,97,1031,None,Move,office
1578560960.845,94,1031,None,Move,office
1578560960.86,90,1031,None,Move,office
1578560960.8760002,86,1031,None,Move,office
1578560960.8920002,79,1031,None,Move,office
1578560960.908,71,1031,None,Move,office
1578560960.945,70,1031,None,Move,office
1578560960.961,69,1029,None,Move,office
1578560960.976,69,1028,None,Move,office
1578560960.992,67,1026,None,Move,office
1578560961.0070002,67,1023,None,Move,office
1578560961.0229998,65,1016,None,Move,office
1578560961.039,63,1007,None,Move,office
1578560961.045,62,1002,None,Move,office
1578560961.061,62,997,None,Move,office
1578560961.077,62,989,None,Move,office
1578560961.092,60,985,None,Move,office
1578560961.1079998,59,980,None,Move,office
1578560961.123,56,975,None,Move,office
1578560961.129,55,974,None,Move,office
1578560961.145,53,972,None,Move,office
1578560961.161,48,969,None,Move,office
1578560961.176,45,969,None,Move,office
1578560961.1920002,41,969,None,Move,office
1578560961.208,37,969,None,Move,office
1578560961.292,34,969,None,Move,office
1578560961.3079998,26,970,None,Move,office
1578560961.324,23,972,None,Move,office
1578560961.393,22,972,Left,Pressed,office
1578560961.5089998,22,972,Left,Released,office
1578560961.546,23,972,None,Move,office
1578560961.5779998,24,972,None,Move,office
1578560961.609,27,972,None,Move,office
1578560961.6279998,32,972,None,Move,office
1578560961.633,35,972,None,Move,office
1578560961.647,39,968,None,Move,office
1578560961.6620002,40,967,None,Move,office
1578560961.794,43,967,None,Move,office
1578560961.809,43,967,None,Move,office
1578560961.825,46,966,None,Move,office
1578560961.841,47,965,None,Move,office
1578560961.863,49,964,None,Move,office
1578560961.8779998,50,964,None,Move,office
1578560961.894,53,961,None,Move,office
1578560961.908,53,960,None,Move,office
1578560961.909,56,960,None,Move,office
1578560961.925,61,958,None,Move,office
1578560961.947,66,952,None,Move,office
1578560961.9629998,73,949,None,Move,office
1578560961.978,81,944,None,Move,office
1578560961.994,98,934,None,Move,office
1578560962.01,116,922,None,Move,office
1578560962.028,142,910,None,Move,office
1578560962.031,158,903,None,Move,office
1578560962.0470002,198,885,None,Move,office
1578560962.063,244,866,None,Move,office
1578560962.085,293,841,None,Move,office
1578560962.101,337,812,None,Move,office
1578560962.1160002,389,769,None,Move,office
1578560962.1320002,401,754,None,Move,office
1578560962.147,413,723,None,Move,office
1578560962.163,423,701,None,Move,office
1578560962.179,427,680,None,Move,office
1578560962.194,431,656,None,Move,office
1578560962.21,433,631,None,Move,office
1578560962.226,433,601,None,Move,office
1578560962.2410002,433,570,None,Move,office
1578560962.248,431,551,None,Move,office
1578560962.2629998,418,509,None,Move,office
1578560962.279,408,490,None,Move,office
1578560962.295,392,458,None,Move,office
1578560962.31,383,442,None,Move,office
1578560962.326,371,416,None,Move,office
1578560962.342,364,401,None,Move,office
1578560962.3479998,360,397,None,Move,office
1578560962.3639998,357,395,None,Move,office
1578560962.379,355,392,None,Move,office
1578560962.395,352,391,None,Move,office
1578560962.411,349,390,None,Move,office
1578560962.426,346,384,None,Move,office
1578560962.4420002,341,376,None,Move,office
1578560962.448,339,372,None,Move,office
1578560962.464,336,365,None,Move,office
1578560962.48,336,365,None,Move,office
1578560962.495,336,363,None,Move,office
1578560962.5110002,336,362,None,Move,office
1578560962.611,336,362,Left,Pressed,office
1578560962.7270002,336,362,Left,Released,office
1578560963.197,336,363,None,Move,office
1578560963.2129998,336,364,None,Move,office
1578560963.228,336,370,None,Move,office
1578560963.244,336,373,None,Move,office
1578560963.25,336,377,None,Move,office
1578560963.2670002,336,386,None,Move,office
1578560963.268,338,394,None,Move,office
1578560963.284,341,402,None,Move,office
1578560963.3,346,423,None,Move,office
1578560963.315,351,450,None,Move,office
1578560963.331,360,485,None,Move,office
1578560963.347,370,531,None,Move,office
1578560963.351,375,557,None,Move,office
1578560963.3660002,383,603,None,Move,office
1578560963.3820002,389,637,None,Move,office
1578560963.397,394,665,None,Move,office
1578560963.413,397,689,None,Move,office
1578560963.429,398,712,None,Move,office
1578560963.451,398,734,None,Move,office
1578560963.466,397,754,None,Move,office
1578560963.482,389,775,None,Move,office
1578560963.498,374,797,None,Move,office
1578560963.5129998,353,819,None,Move,office
1578560963.529,341,829,None,Move,office
1578560963.545,300,855,None,Move,office
1578560963.551,286,863,None,Move,office
1578560963.5670002,259,877,None,Move,office
1578560963.582,246,884,None,Move,office
1578560963.5979998,224,895,None,Move,office
1578560963.6139998,211,901,None,Move,office
1578560963.629,203,905,None,Move,office
1578560963.6520002,199,907,None,Move,office
1578560963.668,192,911,None,Move,office
1578560963.684,182,915,None,Move,office
1578560963.699,174,921,None,Move,office
1578560963.715,171,922,None,Move,office
1578560963.83,170,923,None,Move,office
1578560963.8520002,168,925,None,Move,office
1578560963.8679998,165,929,None,Move,office
1578560963.87,162,931,None,Move,office
1578560963.8860002,160,932,None,Move,office
1578560963.901,154,936,None,Move,office
1578560963.917,148,938,None,Move,office
1578560963.9320002,146,939,None,Move,office
1578560963.952,139,944,None,Move,office
1578560963.968,128,949,None,Move,office
1578560963.9829998,121,952,None,Move,office
1578560963.9989998,115,954,None,Move,office
1578560964.052,112,954,None,Move,office
1578560964.0679998,112,954,None,Move,office
1578560964.083,112,953,None,Move,office
1578560964.099,112,949,None,Move,office
1578560964.115,120,938,None,Move,office
1578560964.13,131,925,None,Move,office
1578560964.1520002,148,907,None,Move,office
1578560964.168,180,862,None,Move,office
1578560964.184,228,772,None,Move,office
1578560964.199,280,651,None,Move,office
1578560964.215,316,542,None,Move,office
1578560964.23,337,483,None,Move,office
1578560964.248,344,451,None,Move,office
1578560964.2529998,345,439,None,Move,office
1578560964.269,347,416,None,Move,office
1578560964.284,347,401,None,Move,office
1578560964.3,347,389,None,Move,office
1578560964.718,346,389,None,Move,office
1578560964.7329998,344,392,None,Move,office
1578560964.7489998,342,395,None,Move,office
1578560964.755,340,396,None,Move,office
1578560964.802,336,402,None,Move,office
1578560964.8179998,335,403,None,Move,office
1578560964.839,334,404,None,Move,office
1578560964.855,332,408,None,Move,office
1578560965.5579998,330,408,None,Move,office
1578560965.659,332,406,None,Move,office
1578560965.675,345,394,None,Move,office
1578560968.0470002,357,387,None,Move,office
1578560968.063,364,387,None,Move,office
1578560968.069,378,389,None,Move,office
1578560968.085,420,409,None,Move,office
1578560968.103,452,450,None,Move,office
1578560968.119,476,516,None,Move,office
1578560968.135,486,578,None,Move,office
1578560968.15,488,623,None,Move,office
1578560968.169,488,662,None,Move,office
1578560968.185,488,695,None,Move,office
1578560968.2,487,725,None,Move,office
1578560968.216,485,746,None,Move,office
1578560968.232,483,756,None,Move,office
1578560968.395,482,758,None,Move,office
1578560968.457,480,758,None,Move,office
1578560968.47,479,758,None,Move,office
1578560968.485,483,754,None,Move,office
1578560968.5010002,487,748,None,Move,office
1578560968.57,489,749,None,Move,office
1578560968.586,489,750,None,Move,office
1578560968.6020002,489,752,None,Move,office
1578560968.633,489,753,None,Move,office
1578560968.649,489,757,None,Move,office
1578560968.671,488,761,None,Move,office
1578560968.873,487,764,None,Move,office
1578560968.889,487,765,None,Move,office
1578560968.904,483,772,None,Move,office
1578560968.92,475,785,None,Move,office
1578560968.936,459,807,None,Move,office
1578560968.951,444,830,None,Move,office
1578560968.967,429,851,None,Move,office
1578560968.9729998,422,861,None,Move,office
1578560968.9889998,411,874,None,Move,office
1578560969.005,401,886,None,Move,office
1578560969.02,397,891,None,Move,office
1578560969.022,392,897,None,Move,office
1578560969.038,383,907,None,Move,office
1578560969.054,379,912,None,Move,office
1578560969.174,377,913,Left,Pressed,office
1578560969.274,377,913,Left,Released,office
1578560969.569,379,913,None,Move,office
1578560969.575,381,913,None,Move,office
1578560969.591,385,911,None,Move,office
1578560969.606,390,907,None,Move,office
1578560969.6220002,396,901,None,Move,office
1578560969.637,399,896,None,Move,office
1578560969.653,402,888,None,Move,office
1578560969.675,404,876,None,Move,office
1578560969.691,405,860,None,Move,office
1578560969.707,405,844,None,Move,office
1578560969.722,405,825,None,Move,office
1578560969.738,405,803,None,Move,office
1578560969.7529998,412,776,None,Move,office
1578560969.772,417,748,None,Move,office
1578560969.775,419,732,None,Move,office
1578560969.791,420,707,None,Move,office
1578560969.8070002,420,696,None,Move,office
1578560969.822,420,688,None,Move,office
1578560969.8379998,425,683,None,Move,office
1578560969.853,436,675,None,Move,office
1578560969.8760002,477,658,None,Move,office
1578560969.891,551,627,None,Move,office
1578560969.9120002,634,598,None,Move,office
1578560969.914,672,586,None,Move,office
1578560969.93,730,567,None,Move,office
1578560969.946,769,553,None,Move,office
1578560969.961,806,539,None,Move,office
1578560969.976,822,535,None,Move,office
1578560969.9910002,853,526,None,Move,office
1578560970.0070002,867,524,None,Move,office
1578560970.038,870,524,None,Move,office
1578560970.07,872,524,None,Move,office
1578560970.076,873,524,None,Move,office
1578560970.256,873,523,None,Move,office
1578560970.276,873,522,None,Move,office
1578560970.292,873,515,None,Move,office
1578560970.3070002,873,510,None,Move,office
1578560970.323,873,502,None,Move,office
1578560970.339,873,496,None,Move,office
1578560970.3760002,873,494,None,Move,office
1578560970.3920002,873,485,None,Move,office
1578560970.408,875,476,None,Move,office
1578560970.424,877,466,None,Move,office
1578560970.439,879,456,None,Move,office
1578560970.4929998,879,451,None,Move,office
1578560970.508,879,450,None,Move,office
1578560970.64,877,450,None,Move,office
1578560970.656,875,452,None,Move,office
1578560970.671,865,458,None,Move,office
1578560970.678,856,463,None,Move,office
1578560970.696,830,475,None,Move,office
1578560970.699,816,481,None,Move,office
1578560970.714,796,490,None,Move,office
1578560970.73,791,490,None,Move,office
1578560970.752,787,490,None,Move,office
1578560970.755,785,490,None,Move,office
1578560970.771,781,490,None,Move,office
1578560970.778,778,493,None,Move,office
1578560970.793,771,499,None,Move,office
1578560970.809,763,509,None,Move,office
1578560970.825,756,519,None,Move,office
1578560970.84,753,524,None,Move,office
1578560971.2270002,751,526,None,Move,office
1578560971.242,751,527,None,Move,office
1578560971.582,751,527,None,Move,office
1578560971.5979998,752,527,None,Move,office
1578560971.613,759,526,None,Move,office
1578560971.629,766,524,None,Move,office
1578560971.645,770,523,None,Move,office
1578560971.66,772,522,None,Move,office
1578560971.714,774,521,None,Move,office
1578560971.73,775,518,None,Move,office
1578560971.745,776,516,None,Move,office
1578560971.799,777,512,None,Move,office
1578560971.816,777,509,None,Move,office
1578560971.822,777,508,None,Move,office
1578560972.184,777,505,None,Move,office
1578560972.2,777,503,None,Move,office
1578560972.215,777,501,None,Move,office
1578560972.278,777,499,None,Move,office
1578560972.284,777,498,None,Move,office
1578560972.3,777,495,None,Move,office
1578560972.316,777,494,None,Move,office
1578560972.385,777,492,None,Move,office
1578560972.401,777,492,None,Move,office
1578560972.4320002,777,490,None,Move,office
1578560972.447,776,489,None,Move,office
1578560972.803,775,488,Left,Pressed,office
1578560972.803,775,488,None,Drag,office
1578560972.8179998,766,488,None,Drag,office
1578560972.834,758,488,None,Drag,office
1578560972.849,751,488,None,Drag,office
1578560972.865,747,488,None,Drag,office
1578560972.881,739,488,None,Drag,office
1578560972.887,735,488,None,Drag,office
1578560972.903,730,488,None,Drag,office
1578560972.918,724,488,None,Drag,office
1578560972.934,718,488,None,Drag,office
1578560972.95,708,488,None,Drag,office
1578560972.965,697,488,None,Drag,office
1578560972.988,689,488,None,Drag,office
1578560973.004,678,488,None,Drag,office
1578560973.019,672,488,None,Drag,office
1578560973.035,671,488,None,Drag,office
1578560973.05,667,487,None,Drag,office
1578560973.066,661,487,None,Drag,office
1578560973.081,652,487,None,Drag,office
1578560973.0879998,648,487,None,Drag,office
1578560973.104,642,487,None,Drag,office
1578560973.104,642,487,Left,Released,office
1578560973.5370002,640,487,None,Move,office
1578560973.552,640,487,None,Move,office
1578560973.5679998,642,489,None,Move,office
1578560973.583,643,490,None,Move,office
1578560973.59,644,491,None,Move,office
1578560973.606,648,497,None,Move,office
1578560973.621,649,498,None,Move,office
1578560973.637,651,503,None,Move,office
1578560973.6520002,652,504,None,Move,office
1578560973.806,653,506,None,Move,office
1578560973.822,654,506,None,Move,office
1578560973.837,655,509,None,Move,office
1578560973.853,665,516,None,Move,office
1578560973.869,669,523,None,Move,office
1578560973.891,679,530,None,Move,office
1578560973.907,689,538,None,Move,office
1578560973.9220002,700,546,None,Move,office
1578560973.938,705,553,None,Move,office
1578560973.9529998,708,559,None,Move,office
1578560973.969,708,564,None,Move,office
1578560973.985,712,575,None,Move,office
1578560973.9910002,713,577,None,Move,office
1578560974.004,716,583,None,Move,office
1578560974.008,720,590,None,Move,office
1578560974.024,729,608,None,Move,office
1578560974.039,737,629,None,Move,office
1578560974.055,743,647,None,Move,office
1578560974.071,749,664,None,Move,office
1578560974.091,757,684,None,Move,office
1578560974.107,769,705,None,Move,office
1578560974.123,778,718,None,Move,office
1578560974.1379998,798,751,None,Move,office
1578560974.154,807,771,None,Move,office
1578560974.17,813,789,None,Move,office
1578560974.185,816,803,None,Move,office
1578560974.1920002,816,808,None,Move,office
1578560974.207,816,813,None,Move,office
1578560974.226,818,822,None,Move,office
1578560974.242,818,835,None,Move,office
1578560974.2570002,818,840,None,Move,office
1578560974.2729998,818,848,None,Move,office
1578560974.292,816,849,None,Move,office
1578560974.3070002,806,862,None,Move,office
1578560974.323,801,870,None,Move,office
1578560974.339,797,878,None,Move,office
1578560974.354,793,884,None,Move,office
1578560974.37,790,888,None,Move,office
1578560974.3860002,782,898,None,Move,office
1578560974.3920002,776,903,None,Move,office
1578560974.408,760,913,None,Move,office
1578560974.423,747,919,None,Move,office
1578560974.439,730,928,None,Move,office
1578560974.455,712,939,None,Move,office
1578560974.47,696,949,None,Move,office
1578560974.486,688,953,None,Move,office
1578560974.492,682,956,None,Move,office
1578560974.5089998,671,964,None,Move,office
1578560974.515,663,968,None,Move,office
1578560974.516,656,973,None,Move,office
1578560974.532,650,977,None,Move,office
1578560974.548,632,986,None,Move,office
1578560974.563,611,996,None,Move,office
1578560974.579,593,1004,None,Move,office
1578560974.592,584,1008,None,Move,office
1578560974.6079998,581,1010,None,Move,office
1578560974.6239998,580,1011,None,Move,office
1578560974.639,579,1013,None,Move,office
1578560974.655,572,1022,None,Move,office
1578560974.671,567,1029,None,Move,office
1578560974.686,566,1030,None,Move,office
1578560974.6929998,560,1036,None,Move,office
1578560974.708,558,1038,None,Move,office
1578560974.724,554,1045,None,Move,office
1578560974.74,549,1049,None,Move,office
1578560974.758,544,1055,None,Move,office
1578560974.774,527,1063,None,Move,office
1578560974.793,519,1065,None,Move,office
1578560975.002,519,1064,Left,Pressed,office
1578560975.002,519,1064,None,Drag,office
1578560975.002,519,1064,Left,Released,office
1578560975.033,522,1055,None,Move,office
1578560975.049,529,1041,None,Move,browsing
1578560975.065,534,1034,None,Move,browsing
1578560975.074,539,1029,None,Move,browsing
1578560975.083,543,1025,None,Move,browsing
1578560975.091,548,1019,None,Move,browsing
1578560975.0979998,550,1016,None,Move,browsing
1578560975.105,554,1009,None,Move,browsing
1578560975.115,559,1002,None,Move,browsing
1578560975.12,563,997,None,Move,browsing
1578560975.1260002,565,990,None,Move,browsing
1578560975.133,573,976,None,Move,browsing
1578560975.14,583,958,None,Move,browsing
1578560975.1479998,593,933,None,Move,browsing
1578560975.156,603,902,None,Move,browsing
1578560975.164,613,868,None,Move,browsing
1578560975.1720002,623,831,None,Move,browsing
1578560975.18,632,794,None,Move,browsing
1578560975.188,637,761,None,Move,browsing
1578560975.196,643,731,None,Move,browsing
1578560975.204,648,708,None,Move,browsing
1578560975.212,649,690,None,Move,browsing
1578560975.22,651,672,None,Move,browsing
1578560975.228,652,655,None,Move,browsing
1578560975.236,652,640,None,Move,browsing
1578560975.244,652,625,None,Move,browsing
1578560975.252,648,610,None,Move,browsing
1578560975.26,642,594,None,Move,browsing
1578560975.268,635,577,None,Move,browsing
1578560975.276,631,571,None,Move,browsing
1578560975.284,623,558,None,Move,browsing
1578560975.292,612,542,None,Move,browsing
1578560975.3,599,522,None,Move,browsing
1578560975.3079998,584,498,None,Move,browsing
1578560975.322,567,471,None,Move,browsing
1578560975.332,532,414,None,Move,browsing
1578560975.34,514,387,None,Move,browsing
1578560975.3479998,500,366,None,Move,browsing
1578560975.356,488,349,None,Move,browsing
1578560975.3639998,476,334,None,Move,browsing
1578560975.3720002,465,322,None,Move,browsing
1578560975.389,443,301,None,Move,browsing
1578560975.399,430,293,None,Move,browsing
1578560975.406,419,285,None,Move,browsing
1578560975.413,409,278,None,Move,browsing
1578560975.42,398,273,None,Move,browsing
1578560975.428,389,266,None,Move,browsing
1578560975.436,380,259,None,Move,browsing
1578560975.4429998,372,253,None,Move,browsing
1578560975.452,365,248,None,Move,browsing
1578560975.46,358,242,None,Move,browsing
1578560975.468,352,236,None,Move,browsing
1578560975.476,346,230,None,Move,browsing
1578560975.484,341,224,None,Move,browsing
1578560975.492,339,219,None,Move,browsing
1578560975.5070002,336,214,None,Move,browsing
1578560975.518,331,199,None,Move,browsing
1578560975.524,330,191,None,Move,browsing
1578560975.532,330,181,None,Move,browsing
1578560975.54,330,169,None,Move,browsing
1578560975.548,330,159,None,Move,browsing
1578560975.556,330,149,None,Move,browsing
1578560975.564,330,139,None,Move,browsing
1578560975.572,330,129,None,Move,browsing
1578560975.587,330,120,None,Move,browsing
1578560975.595,330,112,None,Move,browsing
1578560975.6020002,330,105,None,Move,browsing
1578560975.6079998,330,97,None,Move,browsing
1578560975.6139998,331,90,None,Move,browsing
1578560975.62,331,84,None,Move,browsing
1578560975.6279998,332,83,None,Move,browsing
1578560975.6360002,333,81,None,Move,browsing
1578560975.644,333,80,None,Move,browsing
1578560975.6520002,335,77,None,Move,browsing
1578560975.666,335,76,None,Move,browsing
1578560975.675,335,75,None,Move,browsing
1578560975.6820002,336,73,None,Move,browsing
1578560975.688,337,70,None,Move,browsing
1578560975.6929998,338,68,None,Move,browsing
1578560975.7,339,68,None,Move,browsing
1578560975.708,339,65,None,Move,browsing
1578560975.716,339,65,None,Move,browsing
1578560975.724,339,64,None,Move,browsing
1578560975.74,339,62,None,Move,browsing
1578560975.748,339,62,None,Move,browsing
1578560975.788,339,60,None,Move,browsing
1578560975.8070002,339,58,None,Move,browsing
1578560975.819,339,54,None,Move,browsing
1578560975.826,339,49,None,Move,browsing
1578560975.833,339,48,None,Move,browsing
1578560975.839,339,44,None,Move,browsing
1578560975.845,338,40,None,Move,browsing
1578560975.8520002,335,34,None,Move,browsing
1578560975.86,334,33,None,Move,browsing
1578560975.8720002,333,26,None,Move,browsing
1578560975.881,330,22,None,Move,browsing
1578560975.8879998,329,16,None,Move,browsing
1578560975.896,328,15,None,Move,browsing
1578560975.904,324,10,None,Move,browsing
1578560975.9120002,323,9,None,Move,browsing
1578560975.968,323,9,Left,Pressed,browsing
1578560976.064,323,9,Left,Released,browsing
1578560976.144,323,9,None,Move,browsing
1578560976.16,323,11,None,Move,browsing
1578560976.168,325,14,None,Move,browsing
1578560976.176,328,19,None,Move,browsing
1578560976.184,331,22,None,Move,browsing
1578560976.1920002,333,25,None,Move,browsing
1578560976.2,336,30,None,Move,browsing
1578560976.208,342,36,None,Move,browsing
1578560976.215,344,40,None,Move,browsing
1578560976.225,349,48,None,Move,browsing
1578560976.234,356,57,None,Move,browsing
1578560976.24,363,68,None,Move,browsing
1578560976.2510002,371,80,None,Move,browsing
1578560976.2570002,379,93,None,Move,browsing
1578560976.27,387,105,None,Move,browsing
1578560976.279,397,119,None,Move,browsing
1578560976.288,417,147,None,Move,browsing
1578560976.296,427,163,None,Move,browsing
1578560976.304,440,181,None,Move,browsing
1578560976.312,451,198,None,Move,browsing
1578560976.322,463,221,None,Move,browsing
1578560976.33,478,247,None,Move,browsing
1578560976.337,496,274,None,Move,browsing
1578560976.353,530,329,None,Move,browsing
1578560976.369,562,379,None,Move,browsing
1578560976.383,576,400,None,Move,browsing
1578560976.39,587,416,None,Move,browsing
1578560976.4,597,433,None,Move,browsing
1578560976.408,607,447,None,Move,browsing
1578560976.414,617,460,None,Move,browsing
1578560976.42,627,471,None,Move,browsing
1578560976.426,635,480,None,Move,browsing
1578560976.4329998,639,485,None,Move,browsing
1578560976.4420002,645,489,None,Move,browsing
1578560976.455,648,492,None,Move,browsing
1578560976.47,653,495,None,Move,browsing
1578560976.484,662,499,None,Move,browsing
1578560976.494,666,501,None,Move,browsing
1578560976.508,676,507,None,Move,browsing
1578560976.518,678,509,None,Move,browsing
1578560976.524,682,511,None,Move,browsing
1578560976.536,691,513,None,Move,browsing
1578560976.549,692,513,None,Move,browsing
1578560976.562,694,513,None,Move,browsing
1578560976.6079998,696,513,None,Move,browsing
1578560976.6239998,698,513,None,Move,browsing
1578560976.637,699,513,None,Move,browsing
1578560976.64,699,513,None,Move,browsing
1578560976.655,700,512,None,Move,browsing
1578560976.72,701,512,None,Move,browsing
1578560976.744,705,512,None,Move,browsing
1578560976.772,714,516,None,Move,browsing
1578560976.791,726,523,None,Move,browsing
1578560976.802,739,529,None,Move,browsing
1578560976.809,743,531,None,Move,browsing
1578560976.8170002,747,532,None,Move,browsing
1578560976.824,750,533,None,Move,browsing
1578560976.833,751,535,None,Move,browsing
1578560976.84,752,536,None,Move,browsing
1578560976.8479998,752,536,Left,Pressed,browsing
1578560976.967,752,536,Left,Released,browsing
1578560977.456,754,536,None,Move,browsing
1578560977.4629998,755,536,None,Move,browsing
1578560977.478,760,536,None,Move,browsing
1578560977.496,765,536,None,Move,browsing
1578560977.504,768,536,None,Move,browsing
1578560977.512,770,536,None,Move,browsing
1578560977.52,772,536,None,Move,browsing
1578560977.5270002,773,536,None,Move,browsing
1578560977.6,774,536,None,Move,browsing
1578560977.6079998,776,536,None,Move,browsing
1578560977.6320002,777,536,None,Move,browsing
1578560977.639,778,536,None,Move,browsing
1578560977.647,779,535,None,Move,browsing
1578560977.656,779,533,None,Move,browsing
1578560977.664,779,531,None,Move,browsing
1578560977.6720002,779,527,None,Move,browsing
1578560977.679,779,522,None,Move,browsing
1578560977.688,779,519,None,Move,browsing
1578560977.696,779,514,None,Move,browsing
1578560977.704,779,502,None,Move,browsing
1578560977.712,773,485,None,Move,browsing
1578560977.72,764,457,None,Move,browsing
1578560977.728,758,448,None,Move,browsing
1578560977.736,750,434,None,Move,browsing
1578560977.744,739,415,None,Move,browsing
1578560977.752,726,398,None,Move,browsing
1578560977.76,714,380,None,Move,browsing
1578560977.7670002,704,366,None,Move,browsing
1578560977.776,692,349,None,Move,browsing
1578560977.784,679,332,None,Move,browsing
1578560977.791,667,317,None,Move,browsing
1578560977.799,654,300,None,Move,browsing
1578560977.809,641,282,None,Move,browsing
1578560977.816,630,267,None,Move,browsing
1578560977.823,618,252,None,Move,browsing
1578560977.831,608,242,None,Move,browsing
1578560977.84,599,231,None,Move,browsing
1578560977.8479998,592,223,None,Move,browsing
1578560977.856,592,221,None,Move,browsing
1578560977.871,590,219,None,Move,browsing
1578560977.8879998,586,215,None,Move,browsing
1578560977.904,584,214,None,Move,browsing
1578560984.6379998,584,214,None,Move,browsing
1578560984.654,588,214,None,Move,browsing
1578560984.6720002,595,216,None,Move,browsing
1578560984.68,600,218,None,Move,browsing
1578560984.687,606,220,None,Move,browsing
1578560984.696,612,224,None,Move,browsing
1578560984.704,619,227,None,Move,browsing
1578560984.712,625,231,None,Move,browsing
1578560984.72,632,234,None,Move,browsing
1578560984.728,640,238,None,Move,browsing
1578560984.735,647,242,None,Move,browsing
1578560984.744,654,245,None,Move,browsing
1578560984.752,663,249,None,Move,browsing
1578560984.76,671,253,None,Move,browsing
1578560984.768,680,257,None,Move,browsing
1578560984.776,690,262,None,Move,browsing
1578560984.784,704,268,None,Move,browsing
1578560984.798,719,273,None,Move,browsing
1578560984.8070002,735,280,None,Move,browsing
1578560984.814,757,287,None,Move,browsing
1578560984.821,781,295,None,Move,browsing
1578560984.827,812,305,None,Move,browsing
1578560984.832,823,309,None,Move,browsing
1578560984.839,845,317,None,Move,browsing
1578560984.8479998,877,329,None,Move,browsing
1578560984.856,915,344,None,Move,browsing
1578560984.8639998,960,359,None,Move,browsing
1578560984.8760002,1007,373,None,Move,browsing
1578560984.8839998,1055,389,None,Move,browsing
1578560984.8920002,1099,402,None,Move,browsing
1578560984.899,1140,415,None,Move,browsing
1578560984.908,1175,427,None,Move,browsing
1578560984.916,1207,439,None,Move,browsing
1578560984.924,1235,450,None,Move,browsing
1578560984.9320002,1261,463,None,Move,browsing
1578560984.94,1281,475,None,Move,browsing
1578560984.948,1298,488,None,Move,browsing
1578560984.956,1311,500,None,Move,browsing
1578560984.964,1322,511,None,Move,browsing
1578560984.972,1332,524,None,Move,browsing
1578560984.98,1340,535,None,Move,browsing
1578560984.988,1347,547,None,Move,browsing
1578560984.996,1354,559,None,Move,browsing
1578560985.004,1359,573,None,Move,browsing
1578560985.012,1366,591,None,Move,browsing
1578560985.02,1372,609,None,Move,browsing
1578560985.0270002,1379,629,None,Move,browsing
1578560985.036,1385,647,None,Move,browsing
1578560985.044,1387,662,None,Move,browsing
1578560985.052,1391,674,None,Move,browsing
1578560985.06,1393,681,None,Move,browsing
1578560985.0679998,1393,684,None,Move,browsing
1578560985.076,1394,687,None,Move,browsing
1578560985.371,1394,688,None,Move,browsing
1578560985.38,1394,689,None,Move,browsing
1578560985.387,1392,689,None,Move,browsing
1578560985.396,1390,689,None,Move,browsing
1578560985.404,1388,689,None,Move,browsing
1578560985.4120002,1385,689,None,Move,browsing
1578560985.42,1384,689,None,Move,browsing
1578560985.428,1380,687,None,Move,browsing
1578560985.436,1378,684,None,Move,browsing
1578560985.444,1377,684,None,Move,browsing
1578560985.452,1376,682,None,Move,browsing
1578560985.46,1376,681,None,Move,browsing
1578560985.6120002,1375,680,None,Move,browsing
1578560985.62,1374,680,None,Move,browsing
1578560985.788,1372,678,None,Move,browsing
1578560985.796,1372,678,None,Move,browsing
1578560986.188,1371,678,None,Move,browsing
1578560986.204,1369,676,None,Move,browsing
1578560986.211,1364,672,None,Move,browsing
1578560986.219,1358,670,None,Move,browsing
1578560986.2270002,1356,669,None,Move,browsing
1578560986.235,1353,668,None,Move,browsing
1578560986.244,1348,667,None,Move,browsing
1578560986.252,1339,665,None,Move,browsing
1578560986.26,1330,661,None,Move,browsing
1578560986.268,1321,657,None,Move,browsing
1578560986.276,1314,655,None,Move,browsing
1578560986.284,1308,653,None,Move,browsing
1578560986.292,1306,651,None,Move,browsing
1578560986.331,1306,650,None,Move,browsing
1578560986.3479998,1306,649,None,Move,browsing
1578560986.356,1305,647,None,Move,browsing
1578560986.3639998,1304,645,None,Move,browsing
1578560986.371,1303,644,None,Move,browsing
1578560986.38,1303,643,None,Move,browsing
1578560986.3879998,1301,641,None,Move,browsing
1578560986.396,1300,641,None,Move,browsing
1578560986.8279998,1299,641,None,Move,browsing
1578560987.34,1299,641,Left,Pressed,browsing
1578560987.5,1299,641,Left,Released,browsing
1578560987.92,1299,638,None,Move,browsing
1578560987.9320002,1299,637,None,Move,browsing
1578560987.968,1299,636,None,Move,browsing
1578560987.98,1299,635,None,Move,browsing
1578560988.16,1299,635,Left,Pressed,browsing
1578560988.256,1299,635,Left,Released,browsing
1578560990.387,1299,634,None,Move,browsing
1578560990.417,1299,634,None,Move,browsing
1578560990.44,1301,636,None,Move,browsing
1578560990.448,1301,636,None,Move,browsing
1578560990.456,1303,636,None,Move,browsing
1578560990.464,1304,636,None,Move,browsing
1578560990.472,1305,637,None,Move,browsing
1578560990.48,1306,637,None,Move,browsing
1578560990.488,1308,639,None,Move,browsing
1578560990.496,1308,639,None,Move,browsing
1578560990.512,1309,640,None,Move,browsing
1578560992.268,1310,640,None,Move,browsing
1578560992.2770002,1308,640,None,Move,browsing
1578560992.2870002,1306,640,None,Move,browsing
1578560992.294,1302,640,None,Move,browsing
1578560992.304,1296,640,None,Move,browsing
1578560992.31,1284,640,None,Move,browsing
1578560992.319,1269,640,None,Move,browsing
1578560992.324,1250,638,None,Move,browsing
1578560992.331,1229,637,None,Move,browsing
1578560992.339,1197,635,None,Move,browsing
1578560992.3479998,1162,631,None,Move,browsing
1578560992.355,1122,625,None,Move,browsing
1578560992.363,1076,616,None,Move,browsing
1578560992.3720002,1023,604,None,Move,browsing
1578560992.38,963,595,None,Move,browsing
1578560992.387,900,582,None,Move,browsing
1578560992.396,833,570,None,Move,browsing
1578560992.404,763,558,None,Move,browsing
1578560992.4120002,690,545,None,Move,browsing
1578560992.42,620,530,None,Move,browsing
1578560992.428,550,515,None,Move,browsing
1578560992.436,480,500,None,Move,browsing
1578560992.444,409,482,None,Move,browsing
1578560992.452,339,465,None,Move,browsing
1578560992.46,271,445,None,Move,browsing
1578560992.468,210,428,None,Move,browsing
1578560992.476,159,409,None,Move,browsing
1578560992.484,116,389,None,Move,browsing
1578560992.492,83,370,None,Move,browsing
1578560992.5,62,354,None,Move,browsing
1578560992.508,48,339,None,Move,browsing
1578560992.516,40,326,None,Move,browsing
1578560992.524,37,316,None,Move,browsing
1578560992.532,36,307,None,Move,browsing
1578560992.54,36,299,None,Move,browsing
1578560992.548,36,289,None,Move,browsing
1578560992.556,36,281,None,Move,browsing
1578560992.564,36,275,None,Move,browsing
1578560992.572,36,269,None,Move,browsing
1578560992.58,36,260,None,Move,browsing
1578560992.5879998,36,250,None,Move,browsing
1578560992.596,36,240,None,Move,browsing
1578560992.604,36,232,None,Move,browsing
1578560992.6120002,36,222,None,Move,browsing
1578560992.621,36,213,None,Move,browsing
1578560992.6279998,36,205,None,Move,browsing
1578560992.6360002,36,197,None,Move,browsing
1578560992.644,36,190,None,Move,browsing
1578560992.6520002,36,186,None,Move,browsing
1578560992.66,36,185,None,Move,browsing
1578560992.668,36,185,None,Move,browsing
1578560992.676,36,184,None,Move,browsing
1578560992.6829998,36,182,None,Move,browsing
1578560992.691,36,181,None,Move,browsing
1578560992.7229998,36,180,None,Move,browsing
1578560992.7389998,36,177,None,Move,browsing
1578560992.7470002,36,175,None,Move,browsing
1578560992.755,38,170,None,Move,browsing
1578560992.7629998,40,168,None,Move,browsing
1578560992.771,45,164,None,Move,browsing
1578560992.779,48,161,None,Move,browsing
1578560992.7870002,53,158,None,Move,browsing
1578560992.795,54,156,None,Move,browsing
1578560992.804,56,155,None,Move,browsing
1578560992.812,57,152,None,Move,browsing
1578560992.82,58,150,None,Move,browsing
1578560992.8279998,61,150,None,Move,browsing
1578560992.836,62,147,None,Move,browsing
1578560992.844,64,140,None,Move,browsing
1578560992.8520002,66,136,None,Move,browsing
1578560992.86,67,131,None,Move,browsing
1578560992.8679998,67,124,None,Move,browsing
1578560992.8760002,68,120,None,Move,browsing
1578560992.8839998,69,118,None,Move,browsing
1578560992.8920002,69,115,None,Move,browsing
1578560992.9,69,111,None,Move,browsing
1578560992.908,69,107,None,Move,browsing
1578560992.916,69,104,None,Move,browsing
1578560992.924,69,103,None,Move,browsing
1578560992.9320002,69,98,None,Move,browsing
1578560992.94,68,95,None,Move,browsing
1578560992.948,66,88,None,Move,browsing
1578560992.956,61,84,None,Move,browsing
1578560992.9629998,59,80,None,Move,browsing
1578560992.971,56,78,None,Move,browsing
1578560992.979,54,75,None,Move,browsing
1578560992.988,52,73,None,Move,browsing
1578560992.996,51,73,None,Move,browsing
1578560993.004,49,73,None,Move,browsing
1578560993.012,48,73,None,Move,browsing
1578560993.02,45,71,None,Move,browsing
1578560993.028,45,70,None,Move,browsing
1578560993.036,43,69,None,Move,browsing
1578560993.044,42,69,None,Move,browsing
1578560993.052,42,69,None,Move,browsing
1578560993.06,38,68,None,Move,browsing
1578560993.0679998,34,66,None,Move,browsing
1578560993.076,31,66,None,Move,browsing
1578560993.084,27,64,None,Move,browsing
1578560993.092,25,64,None,Move,browsing
1578560993.1,24,64,None,Move,browsing
1578560993.1079998,23,64,None,Move,browsing
1578560993.252,23,64,Left,Pressed,browsing
1578560993.3479998,23,64,Left,Released,browsing
1578560993.795,23,64,None,Move,browsing
1578560993.803,23,65,None,Move,browsing
1578560993.811,25,66,None,Move,browsing
1578560993.82,33,71,None,Move,browsing
1578560993.8279998,39,75,None,Move,browsing
1578560993.836,51,81,None,Move,browsing
1578560993.844,69,91,None,Move,browsing
1578560993.853,95,101,None,Move,browsing
1578560993.8639998,126,113,None,Move,browsing
1578560993.8720002,164,128,None,Move,browsing
1578560993.88,209,141,None,Move,browsing
1578560993.8879998,256,155,None,Move,browsing
1578560993.896,304,171,None,Move,browsing
1578560993.904,349,187,None,Move,browsing
1578560993.9120002,391,204,None,Move,browsing
1578560993.9220002,430,224,None,Move,browsing
1578560993.929,469,244,None,Move,browsing
1578560993.937,506,265,None,Move,browsing
1578560993.944,540,286,None,Move,browsing
1578560993.955,573,307,None,Move,browsing
1578560993.964,603,325,None,Move,browsing
1578560993.974,634,346,None,Move,browsing
1578560993.982,664,364,None,Move,browsing
1578560993.9889998,691,381,None,Move,browsing
1578560993.996,718,396,None,Move,browsing
1578560994.005,743,409,None,Move,browsing
1578560994.01,769,422,None,Move,browsing
1578560994.0170002,792,432,None,Move,browsing
1578560994.024,813,441,None,Move,browsing
1578560994.033,835,451,None,Move,browsing
1578560994.04,861,462,None,Move,browsing
1578560994.048,885,471,None,Move,browsing
1578560994.063,911,481,None,Move,browsing
1578560994.07,939,493,None,Move,browsing
1578560994.075,964,504,None,Move,browsing
1578560994.082,990,514,None,Move,browsing
1578560994.0879998,1011,523,None,Move,browsing
1578560994.1,1026,530,None,Move,browsing
1578560994.106,1040,535,None,Move,browsing
1578560994.1120002,1052,539,None,Move,browsing
1578560994.1220002,1061,542,None,Move,browsing
1578560994.133,1068,544,None,Move,browsing
1578560994.1379998,1074,545,None,Move,browsing
1578560994.144,1079,546,None,Move,browsing
1578560994.153,1082,548,None,Move,browsing
1578560994.159,1085,549,None,Move,browsing
1578560994.167,1086,550,None,Move,browsing
1578560994.175,1089,551,None,Move,browsing
1578560994.1829998,1092,552,None,Move,browsing
1578560994.1929998,1095,554,None,Move,browsing
1578560994.202,1099,557,None,Move,browsing
1578560994.209,1103,560,None,Move,browsing
1578560994.22,1109,565,None,Move,browsing
1578560994.2270002,1117,568,None,Move,browsing
1578560994.236,1122,572,None,Move,browsing
1578560994.245,1130,577,None,Move,browsing
1578560994.256,1137,581,None,Move,browsing
1578560994.266,1139,582,None,Move,browsing
1578560994.276,1139,582,None,Move,browsing
1578560994.296,1141,583,None,Move,browsing
1578560994.304,1143,583,None,Move,browsing
1578560994.315,1145,585,None,Move,browsing
1578560994.3179998,1147,587,None,Move,browsing
1578560994.3279998,1151,589,None,Move,browsing
1578560994.345,1158,594,None,Move,browsing
1578560994.359,1161,596,None,Move,browsing
1578560994.37,1169,599,None,Move,browsing
1578560994.3760002,1171,600,None,Move,browsing
1578560994.3860002,1172,601,None,Move,browsing
1578560994.44,1174,601,None,Move,browsing
1578560994.448,1175,601,None,Move,browsing
1578560994.457,1176,601,None,Move,browsing
1578560994.467,1177,601,None,Move,browsing
1578560994.6,1178,602,None,Move,browsing
1578560994.607,1179,602,None,Move,browsing
1578560994.6160002,1180,602,None,Move,browsing
1578560994.623,1182,605,None,Move,browsing
1578560994.6320002,1185,608,None,Move,browsing
1578560994.6320002,1190,611,None,Move,browsing
1578560994.6479998,1194,614,None,Move,browsing
1578560994.663,1201,620,None,Move,browsing
1578560994.679,1207,626,None,Move,browsing
1578560994.688,1209,628,None,Move,browsing
1578560994.695,1211,630,None,Move,browsing
1578560994.7029998,1211,630,None,Move,browsing
1578560994.913,1212,630,None,Move,browsing
1578560994.929,1212,630,None,Move,browsing
1578560994.945,1208,622,None,Move,browsing
1578560994.96,1205,615,None,Move,browsing
1578560994.976,1203,609,None,Move,browsing
1578560994.9910002,1200,603,None,Move,browsing
1578560994.9989998,1200,601,None,Move,browsing
1578560995.0089998,1199,600,None,Move,browsing
1578560995.0170002,1199,598,None,Move,browsing
1578560995.024,1199,598,None,Move,browsing
1578560995.495,1199,596,None,Move,browsing
1578560995.505,1199,595,None,Move,browsing
1578560996.6160002,1198,595,None,Move,browsing
1578560996.6239998,1197,595,None,Move,browsing
1578560996.94,1196,595,None,Move,browsing
1578560996.956,1193,595,None,Move,browsing
1578560996.964,1189,595,None,Move,browsing
1578560996.971,1184,595,None,Move,browsing
1578560996.98,1180,595,None,Move,browsing
1578560996.988,1178,595,None,Move,browsing
1578560996.996,1171,595,None,Move,browsing
1578560997.004,1163,595,None,Move,browsing
1578560997.012,1153,594,None,Move,browsing
1578560997.02,1143,594,None,Move,browsing
1578560997.0270002,1133,593,None,Move,browsing
1578560997.036,1124,593,None,Move,browsing
1578560997.044,1119,593,None,Move,browsing
1578560997.34,1118,593,None,Move,browsing
1578560997.3479998,1118,593,None,Move,browsing
1578560997.356,1120,593,None,Move,browsing
1578560997.3639998,1125,593,None,Move,browsing
1578560997.3720002,1134,593,None,Move,browsing
1578560997.379,1144,593,None,Move,browsing
1578560997.3879998,1155,593,None,Move,browsing
1578560997.396,1167,593,None,Move,browsing
1578560997.404,1177,593,None,Move,browsing
1578560997.4120002,1187,593,None,Move,browsing
1578560997.42,1192,593,None,Move,browsing
1578560997.428,1193,593,None,Move,browsing
1578560997.644,1197,590,None,Move,browsing
1578560997.6520002,1197,589,None,Move,browsing
1578560997.66,1201,587,None,Move,browsing
1578560997.668,1207,583,None,Move,browsing
1578560997.676,1213,580,None,Move,browsing
1578560997.684,1220,573,None,Move,browsing
1578560997.6920002,1230,565,None,Move,browsing
1578560997.7,1241,556,None,Move,browsing
1578560997.708,1253,545,None,Move,browsing
1578560997.716,1268,531,None,Move,browsing
1578560997.724,1284,515,None,Move,browsing
1578560997.732,1303,498,None,Move,browsing
1578560997.74,1322,479,None,Move,browsing
1578560997.75,1341,462,None,Move,browsing
1578560997.758,1357,446,None,Move,browsing
1578560997.768,1368,433,None,Move,browsing
1578560997.775,1378,422,None,Move,browsing
1578560997.783,1384,413,None,Move,browsing
1578560997.791,1389,404,None,Move,browsing
1578560997.798,1393,397,None,Move,browsing
1578560997.8070002,1395,391,None,Move,browsing
1578560997.813,1396,388,None,Move,browsing
1578560997.821,1396,387,None,Move,browsing
1578560997.8279998,1396,386,None,Move,browsing
1578560997.836,1397,384,None,Move,browsing
1578560997.844,1397,383,None,Move,browsing
1578560997.883,1397,380,None,Move,browsing
1578560997.891,1397,380,None,Move,browsing
1578560997.899,1397,378,None,Move,browsing
1578560997.91,1397,377,None,Move,browsing
1578560997.927,1396,374,None,Move,browsing
1578560998.012,1395,374,None,Move,browsing
1578560998.019,1394,374,None,Move,browsing
1578560998.092,1394,374,Left,Pressed,browsing
1578560998.1720002,1394,374,Left,Released,browsing
1578560998.179,1393,374,None,Move,browsing
1578560998.195,1393,374,None,Move,browsing
1578560998.5229998,1390,374,None,Move,browsing
1578560998.531,1389,374,None,Move,browsing
1578560998.539,1388,374,None,Move,browsing
1578560998.5470002,1387,374,None,Move,browsing
1578560998.571,1385,374,None,Move,browsing
1578560998.579,1383,374,None,Move,browsing
1578560998.587,1380,374,None,Move,browsing
1578560998.596,1377,373,None,Move,browsing
1578560998.604,1373,373,None,Move,browsing
1578560998.6120002,1370,373,None,Move,browsing
1578560998.62,1369,373,None,Move,browsing
1578560998.6279998,1366,373,None,Move,browsing
1578560998.6360002,1364,373,None,Move,browsing
1578560998.644,1364,373,None,Move,browsing
1578560998.795,1362,373,None,Move,browsing
1578560998.803,1361,373,None,Move,browsing
1578560998.811,1361,373,None,Move,browsing
1578561004.0679998,1359,373,None,Move,browsing
1578561004.069,1359,373,None,Move,browsing
1578561004.1160002,1356,373,None,Move,browsing
1578561004.1239998,1355,373,None,Move,browsing
1578561004.1320002,1355,373,None,Move,browsing
1578561004.1479998,1351,373,None,Move,browsing
1578561004.156,1348,373,None,Move,browsing
1578561004.164,1344,373,None,Move,browsing
1578561004.1720002,1340,373,None,Move,browsing
1578561004.18,1333,373,None,Move,browsing
1578561004.188,1318,373,None,Move,browsing
1578561004.196,1299,373,None,Move,browsing
1578561004.204,1274,373,None,Move,browsing
1578561004.211,1237,373,None,Move,browsing
1578561004.22,1196,373,None,Move,browsing
1578561004.228,1149,373,None,Move,browsing
1578561004.235,1101,373,None,Move,browsing
1578561004.2429998,1054,373,None,Move,browsing
1578561004.254,1009,373,None,Move,browsing
1578561004.264,972,373,None,Move,browsing
1578561004.27,938,373,None,Move,browsing
1578561004.276,904,373,None,Move,browsing
1578561004.284,870,373,None,Move,browsing
1578561004.292,839,373,None,Move,browsing
1578561004.3,812,373,None,Move,browsing
1578561004.3079998,788,373,None,Move,browsing
1578561004.3170002,764,373,None,Move,browsing
1578561004.327,740,373,None,Move,browsing
1578561004.335,716,373,None,Move,browsing
1578561004.344,695,373,None,Move,browsing
1578561004.351,675,373,None,Move,browsing
1578561004.356,654,373,None,Move,browsing
1578561004.3639998,630,373,None,Move,browsing
1578561004.3720002,609,373,None,Move,browsing
1578561004.38,591,373,None,Move,browsing
1578561004.3879998,571,373,None,Move,browsing
1578561004.396,553,373,None,Move,browsing
1578561004.404,536,373,None,Move,browsing
1578561004.4120002,521,373,None,Move,browsing
1578561004.42,510,373,None,Move,browsing
1578561004.428,498,373,None,Move,browsing
1578561004.436,488,373,None,Move,browsing
1578561004.444,480,373,None,Move,browsing
1578561004.452,473,373,None,Move,browsing
1578561004.46,466,373,None,Move,browsing
1578561004.468,461,373,None,Move,browsing
1578561004.476,456,373,None,Move,browsing
1578561004.484,449,373,None,Move,browsing
1578561004.492,442,373,None,Move,browsing
1578561004.5,437,373,None,Move,browsing
1578561004.5070002,432,372,None,Move,browsing
1578561004.516,426,371,None,Move,browsing
1578561004.524,422,370,None,Move,browsing
1578561004.532,418,369,None,Move,browsing
1578561004.539,413,368,None,Move,browsing
1578561004.5470002,409,368,None,Move,browsing
1578561004.555,405,367,None,Move,browsing
1578561004.563,402,366,None,Move,browsing
1578561004.571,398,365,None,Move,browsing
1578561004.579,394,364,None,Move,browsing
1578561004.587,392,364,None,Move,browsing
1578561004.595,388,362,None,Move,browsing
1578561004.603,384,361,None,Move,browsing
1578561004.611,382,361,None,Move,browsing
1578561004.619,378,360,None,Move,browsing
1578561004.627,372,358,None,Move,browsing
1578561004.6360002,367,356,None,Move,browsing
1578561004.643,361,354,None,Move,browsing
1578561004.651,354,350,None,Move,browsing
1578561004.66,344,343,None,Move,browsing
1578561004.668,334,337,None,Move,browsing
1578561004.676,321,328,None,Move,browsing
1578561004.684,309,320,None,Move,browsing
1578561004.6920002,296,312,None,Move,browsing
1578561004.7,284,305,None,Move,browsing
1578561004.711,275,298,None,Move,browsing
1578561004.719,267,293,None,Move,browsing
1578561005.008,267,293,Left,Pressed,browsing
1578561005.1239998,267,293,Left,Released,browsing
1578561007.0,266,293,None,Move,browsing
1578561007.006,265,293,None,Move,browsing
1578561007.031,265,294,None,Move,browsing
1578561007.04,265,295,None,Move,browsing
1578561007.048,265,297,None,Move,browsing
1578561007.056,265,301,None,Move,browsing
1578561007.064,265,304,None,Move,browsing
1578561007.072,265,309,None,Move,browsing
1578561007.079,265,312,None,Move,browsing
1578561007.087,265,315,None,Move,browsing
1578561007.096,265,319,None,Move,browsing
1578561007.103,266,322,None,Move,browsing
1578561007.1120002,268,328,None,Move,browsing
1578561007.12,271,337,None,Move,browsing
1578561007.127,273,347,None,Move,browsing
1578561007.135,277,358,None,Move,browsing
1578561007.144,280,368,None,Move,browsing
1578561007.1520002,283,378,None,Move,browsing
1578561007.16,285,389,None,Move,browsing
1578561007.168,286,397,None,Move,browsing
1578561007.176,288,406,None,Move,browsing
1578561007.184,289,415,None,Move,browsing
1578561007.1920002,290,423,None,Move,browsing
1578561007.2,290,430,None,Move,browsing
1578561007.208,290,437,None,Move,browsing
1578561007.216,290,442,None,Move,browsing
1578561007.224,291,447,None,Move,browsing
1578561007.232,291,451,None,Move,browsing
1578561007.24,292,455,None,Move,browsing
1578561007.248,292,456,None,Move,browsing
1578561007.256,292,459,None,Move,browsing
1578561007.264,292,461,None,Move,browsing
1578561007.272,293,462,None,Move,browsing
1578561007.28,293,463,None,Move,browsing
1578561007.7510002,293,458,None,Move,browsing
1578561007.7589998,291,451,None,Move,browsing
1578561007.7670002,285,434,None,Move,browsing
1578561007.778,276,406,None,Move,browsing
1578561007.79,270,395,None,Move,browsing
1578561007.798,261,377,None,Move,browsing
1578561007.813,223,317,None,Move,browsing
1578561007.827,167,253,None,Move,browsing
1578561007.8379998,138,223,None,Move,browsing
1578561007.849,83,173,None,Move,browsing
1578561007.861,64,156,None,Move,browsing
1578561007.871,49,142,None,Move,browsing
1578561007.881,29,123,None,Move,browsing
1578561007.891,21,115,None,Move,browsing
1578561007.9,15,109,None,Move,browsing
1578561007.907,10,103,None,Move,browsing
1578561007.916,7,99,None,Move,browsing
1578561007.9220002,3,93,None,Move,browsing
1578561007.931,0,88,None,Move,browsing
1578561007.937,-3,84,None,Move,browsing
1578561007.944,-4,80,None,Move,browsing
1578561007.952,0,78,None,Move,browsing
1578561007.96,-3,73,None,Move,browsing
1578561007.975,-1,71,None,Move,browsing
1578561007.985,-2,68,None,Move,browsing
1578561007.992,-1,65,None,Move,browsing
1578561008.002,-2,61,None,Move,browsing
1578561008.008,-1,60,None,Move,browsing
1578561008.016,0,58,None,Move,browsing
1578561008.021,-2,55,None,Move,browsing
1578561008.032,-4,52,None,Move,browsing
1578561008.038,-5,50,None,Move,browsing
1578561008.048,-2,47,None,Move,browsing
1578561008.055,-3,45,None,Move,browsing
1578561008.064,-5,44,None,Move,browsing
1578561008.072,-2,42,None,Move,browsing
1578561008.08,-1,41,None,Move,browsing
1578561008.168,-1,41,None,Move,browsing
1578561008.186,0,41,None,Move,browsing
1578561008.2,2,44,None,Move,browsing
1578561008.208,6,48,None,Move,browsing
1578561008.215,11,51,None,Move,browsing
1578561008.2229998,15,56,None,Move,browsing
1578561008.232,20,61,None,Move,browsing
1578561008.2389998,26,67,None,Move,browsing
1578561008.248,28,68,None,Move,browsing
1578561008.256,30,69,None,Move,browsing
1578561009.159,30,69,Left,Pressed,browsing
1578561009.244,30,69,Left,Released,browsing
1578561015.434,37,70,None,Move,browsing
1578561015.45,44,72,None,Move,browsing
1578561015.466,89,78,None,Move,browsing
1578561015.484,129,91,None,Move,browsing
1578561015.492,174,106,None,Move,browsing
1578561015.5,226,125,None,Move,browsing
1578561015.508,278,146,None,Move,browsing
1578561015.516,333,170,None,Move,browsing
1578561015.524,392,198,None,Move,browsing
1578561015.532,452,227,None,Move,browsing
1578561015.54,512,262,None,Move,browsing
1578561015.548,572,297,None,Move,browsing
1578561015.556,626,332,None,Move,browsing
1578561015.564,676,363,None,Move,browsing
1578561015.572,723,391,None,Move,browsing
1578561015.58,764,418,None,Move,browsing
1578561015.5879998,798,442,None,Move,browsing
1578561015.596,823,461,None,Move,browsing
1578561015.604,841,475,None,Move,browsing
1578561015.6120002,855,485,None,Move,browsing
1578561015.62,866,493,None,Move,browsing
1578561015.6279998,874,501,None,Move,browsing
1578561015.6360002,881,509,None,Move,browsing
1578561015.644,888,517,None,Move,browsing
1578561015.6520002,892,523,None,Move,browsing
1578561015.66,897,529,None,Move,browsing
1578561015.668,902,536,None,Move,browsing
1578561015.676,906,542,None,Move,browsing
1578561015.684,909,546,None,Move,browsing
1578561015.6920002,912,551,None,Move,browsing
1578561015.7,914,553,None,Move,browsing
1578561015.708,916,557,None,Move,browsing
1578561015.716,918,562,None,Move,browsing
1578561015.725,922,566,None,Move,browsing
1578561015.732,925,570,None,Move,browsing
1578561015.74,928,576,None,Move,browsing
1578561015.748,933,585,None,Move,browsing
1578561015.756,940,594,None,Move,browsing
1578561015.764,947,605,None,Move,browsing
1578561015.7729998,955,616,None,Move,browsing
1578561015.78,963,627,None,Move,browsing
1578561015.788,969,634,None,Move,browsing
1578561015.796,973,639,None,Move,browsing
1578561015.804,973,639,None,Move,browsing
1578561015.86,976,642,None,Move,browsing
1578561015.867,979,644,None,Move,browsing
1578561015.8760002,981,645,None,Move,browsing
1578561015.8839998,984,648,None,Move,browsing
1578561015.8920002,988,650,None,Move,browsing
1578561015.9,993,652,None,Move,browsing
1578561015.908,996,653,None,Move,browsing
1578561015.916,1002,655,None,Move,browsing
1578561015.924,1009,657,None,Move,browsing
1578561015.9320002,1018,660,None,Move,browsing
1578561015.94,1028,662,None,Move,browsing
1578561015.948,1039,665,None,Move,browsing
1578561015.956,1051,668,None,Move,browsing
1578561015.964,1064,670,None,Move,browsing
1578561015.972,1076,673,None,Move,browsing
1578561015.98,1090,677,None,Move,browsing
1578561015.988,1102,680,None,Move,browsing
1578561015.9970002,1112,682,None,Move,browsing
1578561016.005,1121,684,None,Move,browsing
1578561016.0129998,1128,686,None,Move,browsing
1578561016.02,1133,687,None,Move,browsing
1578561016.029,1136,688,None,Move,browsing
1578561016.1,1138,688,None,Move,browsing
1578561016.117,1141,688,None,Move,browsing
1578561016.131,1142,688,None,Move,browsing
1578561016.139,1143,689,None,Move,browsing
1578561016.146,1144,689,None,Move,browsing
1578561016.153,1146,690,None,Move,browsing
1578561016.158,1147,690,None,Move,browsing
1578561016.164,1149,690,None,Move,browsing
1578561016.1720002,1150,690,None,Move,browsing
1578561016.301,1150,690,Left,Pressed,browsing
1578561016.4120002,1150,690,Left,Released,browsing
1578561018.8179998,1152,690,None,Move,browsing
1578561018.832,1152,690,None,Move,browsing
1578561018.833,1152,689,None,Move,browsing
1578561018.856,1143,678,None,Move,browsing
1578561018.8639998,1140,675,None,Move,browsing
1578561018.8720002,1137,672,None,Move,browsing
1578561018.88,1129,665,None,Move,browsing
1578561018.8879998,1117,656,None,Move,browsing
1578561018.897,1102,644,None,Move,browsing
1578561018.904,1081,628,None,Move,browsing
1578561018.913,1056,609,None,Move,browsing
1578561018.921,1022,586,None,Move,browsing
1578561018.929,984,557,None,Move,browsing
1578561018.936,941,529,None,Move,browsing
1578561018.944,897,502,None,Move,browsing
1578561018.951,850,473,None,Move,browsing
1578561018.959,803,445,None,Move,browsing
1578561018.967,754,419,None,Move,browsing
1578561018.975,704,393,None,Move,browsing
1578561018.984,655,370,None,Move,browsing
1578561018.9910002,605,346,None,Move,browsing
1578561019.0,559,323,None,Move,browsing
1578561019.0070002,517,303,None,Move,browsing
1578561019.015,478,286,None,Move,browsing
1578561019.024,440,271,None,Move,browsing
1578561019.032,405,257,None,Move,browsing
1578561019.045,369,242,None,Move,browsing
1578561019.054,337,228,None,Move,browsing
1578561019.062,309,217,None,Move,browsing
1578561019.0679998,284,206,None,Move,browsing
1578561019.074,258,193,None,Move,browsing
1578561019.08,235,183,None,Move,browsing
1578561019.0879998,213,170,None,Move,browsing
1578561019.096,193,159,None,Move,browsing
1578561019.111,176,150,None,Move,browsing
1578561019.1220002,143,130,None,Move,browsing
1578561019.13,129,121,None,Move,browsing
1578561019.137,115,112,None,Move,browsing
1578561019.144,101,104,None,Move,browsing
1578561019.1520002,87,95,None,Move,browsing
1578561019.16,74,88,None,Move,browsing
1578561019.168,61,82,None,Move,browsing
1578561019.176,49,75,None,Move,browsing
1578561019.184,37,69,None,Move,browsing
1578561019.1920002,24,63,None,Move,browsing
1578561019.2,14,57,None,Move,browsing
1578561019.208,3,52,None,Move,browsing
1578561019.216,-7,48,None,Move,browsing
1578561019.231,-11,44,None,Move,browsing
1578561019.242,-13,38,None,Move,browsing
1578561019.2489998,-1,38,None,Move,browsing
1578561019.32,-3,38,None,Move,browsing
1578561019.34,-3,36,None,Move,browsing
1578561019.448,0,37,None,Move,browsing
1578561019.464,0,38,None,Move,browsing
1578561019.474,7,47,None,Move,browsing
1578561019.482,13,52,None,Move,browsing
1578561019.488,14,55,None,Move,browsing
1578561019.496,18,59,None,Move,browsing
1578561019.5029998,22,63,None,Move,browsing
1578561019.5110002,26,67,None,Move,browsing
1578561019.519,31,70,None,Move,browsing
1578561019.5270002,34,72,None,Move,browsing
1578561019.536,35,73,None,Move,browsing
1578561019.918,37,74,None,Move,browsing
1578561019.9329998,38,74,None,Move,browsing
1578561020.202,38,74,None,Move,browsing
1578561020.218,38,74,None,Move,browsing
1578561020.2329998,38,72,None,Move,browsing
1578561020.255,38,68,None,Move,browsing
1578561020.271,41,64,None,Move,browsing
1578561020.2870002,44,59,None,Move,browsing
1578561020.456,45,58,None,Move,browsing
1578561020.475,43,58,None,Move,browsing
1578561020.4829998,43,58,None,Move,browsing
1578561020.494,41,58,None,Move,browsing
1578561020.498,38,58,None,Move,browsing
1578561020.505,38,58,None,Move,browsing
1578561020.512,36,58,None,Move,browsing
1578561020.52,34,58,None,Move,browsing
1578561020.528,33,58,None,Move,browsing
1578561020.536,31,58,None,Move,browsing
1578561020.544,31,58,None,Move,browsing
1578561020.615,31,58,None,Move,browsing
1578561020.623,31,62,None,Move,browsing
1578561020.631,31,65,None,Move,browsing
1578561020.64,31,68,None,Move,browsing
1578561020.647,31,73,None,Move,browsing
1578561020.656,31,78,None,Move,browsing
1578561020.664,33,87,None,Move,browsing
1578561020.6720002,39,101,None,Move,browsing
1578561020.68,48,121,None,Move,browsing
1578561020.688,64,154,None,Move,browsing
1578561020.699,88,200,None,Move,browsing
1578561020.701,113,249,None,Move,browsing
1578561020.711,148,306,None,Move,browsing
1578561020.719,185,361,None,Move,browsing
1578561020.7270002,225,415,None,Move,browsing
1578561020.735,267,470,None,Move,browsing
1578561020.7429998,312,522,None,Move,browsing
1578561020.7510002,353,571,None,Move,browsing
1578561020.7589998,394,616,None,Move,browsing
1578561020.7670002,428,655,None,Move,browsing
1578561020.775,457,690,None,Move,browsing
1578561020.783,477,721,None,Move,browsing
1578561020.791,489,744,None,Move,browsing
1578561020.799,500,766,None,Move,browsing
1578561020.8070002,505,783,None,Move,browsing
1578561020.815,510,799,None,Move,browsing
1578561020.8279998,514,814,None,Move,browsing
1578561020.836,516,829,None,Move,browsing
1578561020.844,519,844,None,Move,browsing
1578561020.8520002,522,856,None,Move,browsing
1578561020.86,523,868,None,Move,browsing
1578561020.8679998,524,878,None,Move,browsing
1578561020.8760002,524,887,None,Move,browsing
1578561020.8839998,524,893,None,Move,browsing
1578561020.891,524,900,None,Move,browsing
1578561020.901,524,907,None,Move,browsing
1578561020.908,524,912,None,Move,browsing
1578561020.917,524,917,None,Move,browsing
1578561020.924,524,923,None,Move,browsing
1578561020.9320002,522,928,None,Move,browsing
1578561020.94,520,932,None,Move,browsing
1578561020.948,517,937,None,Move,browsing
1578561020.956,514,940,None,Move,browsing
1578561020.964,510,943,None,Move,browsing
1578561020.972,505,946,None,Move,browsing
1578561020.98,499,950,None,Move,browsing
1578561020.988,494,953,None,Move,browsing
1578561020.995,488,955,None,Move,browsing
1578561021.004,482,959,None,Move,browsing
1578561021.012,476,961,None,Move,browsing
1578561021.02,475,961,None,Move,browsing
1578561021.028,473,962,None,Move,browsing
1578561021.036,472,962,None,Move,browsing
1578561021.044,471,964,None,Move,browsing
1578561021.052,467,965,None,Move,browsing
1578561021.06,466,965,None,Move,browsing
1578561021.0679998,465,967,None,Move,browsing
1578561021.076,464,968,None,Move,browsing
1578561021.084,464,969,None,Move,browsing
1578561021.092,462,972,None,Move,browsing
1578561021.1,461,977,None,Move,browsing
1578561021.1079998,461,982,None,Move,browsing
1578561021.115,461,986,None,Move,browsing
1578561021.123,461,989,None,Move,browsing
1578561021.131,461,994,None,Move,browsing
1578561021.139,461,999,None,Move,browsing
1578561021.1479998,461,1003,None,Move,browsing
1578561021.156,462,1005,None,Move,browsing
1578561021.164,463,1007,None,Move,browsing
1578561021.1720002,465,1011,None,Move,browsing
1578561021.18,467,1017,None,Move,browsing
1578561021.188,469,1021,None,Move,browsing
1578561021.196,470,1027,None,Move,browsing
1578561021.204,472,1031,None,Move,browsing
1578561021.212,472,1032,None,Move,browsing
1578561021.22,473,1035,None,Move,browsing
1578561021.228,474,1037,None,Move,browsing
1578561021.236,475,1038,None,Move,browsing
1578561021.244,475,1041,None,Move,browsing
1578561021.252,475,1043,None,Move,browsing
1578561021.26,475,1044,None,Move,browsing
1578561021.268,475,1046,None,Move,browsing
1578561021.274,475,1049,None,Move,browsing
1578561021.29,475,1053,None,Move,browsing
1578561021.306,475,1056,None,Move,browsing
1578561021.409,475,1058,None,Move,browsing
1578561021.4329998,475,1059,Left,Pressed,browsing
1578561021.4329998,475,1059,None,Drag,browsing
1578561021.4329998,475,1059,Left,Released,browsing
1578561021.81,476,1060,None,Move,office
1578561021.841,477,1060,None,Move,office
1578561021.863,478,1060,None,Move,office
1578561021.879,485,1056,None,Move,office
1578561021.9,489,1054,None,Move,office
1578561021.916,499,1049,None,Move,office
1578561021.931,507,1045,None,Move,office
1578561021.947,519,1037,None,Move,office
1578561021.9629998,538,1025,None,Move,office
1578561021.979,567,1010,None,Move,office
1578561021.994,609,986,None,Move,office
1578561022.01,656,957,None,Move,office
1578561022.026,702,922,None,Move,office
1578561022.041,738,886,None,Move,office
1578561022.06,765,848,None,Move,office
1578561022.0679998,771,834,None,Move,office
1578561022.076,777,821,None,Move,office
1578561022.084,782,808,None,Move,office
1578561022.09,786,798,None,Move,office
1578561022.105,791,780,None,Move,office
1578561022.121,793,763,None,Move,office
1578561022.137,793,747,None,Move,office
1578561022.1520002,793,730,None,Move,office
1578561022.164,792,721,None,Move,office
1578561022.187,789,704,None,Move,office
1578561022.202,784,689,None,Move,office
1578561022.218,781,681,None,Move,office
1578561022.2329998,775,674,None,Move,office
1578561022.2489998,769,665,None,Move,office
1578561022.264,765,661,None,Move,office
1578561022.28,759,652,None,Move,office
1578561022.295,753,645,None,Move,office
1578561022.311,753,643,None,Move,office
1578561022.327,751,642,None,Move,office
1578561022.342,751,637,None,Move,office
1578561022.3639998,751,635,None,Move,office
1578561022.38,751,631,None,Move,office
1578561022.396,751,627,None,Move,office
1578561022.411,751,623,None,Move,office
1578561022.427,751,620,None,Move,office
1578561022.4420002,751,615,None,Move,office
1578561022.46,752,612,None,Move,office
1578561022.464,753,610,None,Move,office
1578561022.48,756,607,None,Move,office
1578561022.496,757,606,None,Move,office
1578561022.5110002,760,603,None,Move,office
1578561022.5270002,766,595,None,Move,office
1578561022.543,768,594,None,Move,office
1578561022.5579998,772,591,None,Move,office
1578561022.565,775,590,None,Move,office
1578561022.58,780,588,None,Move,office
1578561022.697,781,588,Left,Pressed,office
1578561022.813,781,588,Left,Released,office
1578561023.044,783,585,None,Move,office
1578561023.06,784,585,None,Move,office
1578561023.26,784,584,Left,Pressed,office
1578561023.26,784,584,None,Drag,office
1578561023.2670002,782,584,None,Drag,office
1578561023.284,775,582,None,Drag,office
1578561023.288,770,581,None,Drag,office
1578561023.304,759,580,None,Drag,office
1578561023.319,748,580,None,Drag,office
1578561023.335,732,579,None,Drag,office
1578561023.35,719,579,None,Drag,office
1578561023.367,705,579,None,Drag,office
1578561023.383,691,579,None,Drag,office
1578561023.3979998,681,579,None,Drag,office
1578561023.414,671,579,None,Drag,office
1578561023.429,662,579,None,Drag,office
1578561023.445,658,579,None,Drag,office
1578561023.467,652,579,None,Drag,office
1578561023.4829998,648,579,None,Drag,office
1578561023.4989998,647,579,None,Drag,office
1578561023.4989998,647,579,Left,Released,office
1578561024.32,643,577,None,Move,office
1578561024.3279998,643,575,None,Move,office
1578561024.336,644,572,None,Move,office
1578561024.344,644,572,None,Move,office
1578561024.3520002,644,571,None,Move,office
1578561024.357,645,570,None,Move,office
1578561024.765,645,571,None,Move,office
1578561024.771,645,571,None,Move,office
1578561024.7870002,645,575,None,Move,office
1578561024.802,645,580,None,Move,office
1578561024.8179998,639,587,None,Move,office
1578561024.834,633,602,None,Move,office
1578561024.849,630,608,None,Move,office
1578561024.8720002,627,613,None,Move,office
1578561024.8879998,625,616,None,Move,office
1578561024.89,624,619,None,Move,office
1578561024.906,618,628,None,Move,office
1578561024.919,613,636,None,Move,office
1578561024.923,607,648,None,Move,office
1578561024.939,590,686,None,Move,office
1578561024.955,569,746,None,Move,office
1578561024.972,551,813,None,Move,office
1578561024.9870002,541,878,None,Move,office
1578561025.0029998,538,938,None,Move,office
1578561025.019,538,986,None,Move,office
1578561025.034,538,1034,None,Move,office
1578561025.05,540,1073,None,Move,office
1578561025.072,542,1094,None,Move,office
1578561025.0879998,545,1090,None,Move,office
1578561025.104,548,1087,None,Move,office
1578561025.119,550,1083,None,Move,office
1578561025.2510002,550,1080,None,Move,office
1578561025.2729998,550,1079,None,Move,office
1578561025.289,550,1075,None,Move,office
1578561025.304,550,1072,None,Move,office
1578561025.32,550,1071,None,Move,office
1578561025.606,549,1071,None,Move,office
1578561025.621,548,1071,None,Move,office
1578561025.637,547,1071,None,Move,office
1578561025.6920002,547,1071,Left,Pressed,office
1578561025.8070002,547,1071,Left,Released,office
1578561025.957,547,1071,None,Move,browsing
1578561025.976,547,1065,None,Move,browsing
1578561025.992,547,1062,None,Move,browsing
1578561026.0070002,547,1056,None,Move,browsing
1578561026.0229998,547,1044,None,Move,browsing
1578561026.039,547,1016,None,Move,browsing
1578561026.056,547,975,None,Move,browsing
1578561026.064,542,946,None,Move,browsing
1578561026.072,536,913,None,Move,browsing
1578561026.08,525,876,None,Move,browsing
1578561026.087,520,863,None,Move,browsing
1578561026.095,510,841,None,Move,browsing
1578561026.104,493,805,None,Move,browsing
1578561026.111,473,762,None,Move,browsing
1578561026.119,451,719,None,Move,browsing
1578561026.1279998,425,670,None,Move,browsing
1578561026.135,399,620,None,Move,browsing
1578561026.144,370,567,None,Move,browsing
1578561026.151,343,511,None,Move,browsing
1578561026.16,321,456,None,Move,browsing
1578561026.168,303,408,None,Move,browsing
1578561026.176,288,366,None,Move,browsing
1578561026.19,278,335,None,Move,browsing
1578561026.199,275,322,None,Move,browsing
1578561026.207,274,311,None,Move,browsing
1578561026.2129998,273,304,None,Move,browsing
1578561026.219,273,299,None,Move,browsing
1578561026.224,273,298,None,Move,browsing
1578561026.232,273,297,None,Move,browsing
1578561026.246,273,296,None,Move,browsing
1578561026.254,273,296,None,Move,browsing
1578561026.2610002,273,295,None,Move,browsing
1578561026.288,273,292,None,Move,browsing
1578561026.296,273,292,None,Move,browsing
1578561026.409,273,290,None,Move,browsing
1578561026.424,272,289,None,Move,browsing
1578561026.43,272,287,None,Move,browsing
1578561026.448,270,279,None,Move,browsing
1578561026.456,270,274,None,Move,browsing
1578561026.464,270,267,None,Move,browsing
1578561026.472,270,265,None,Move,browsing
1578561026.48,270,260,None,Move,browsing
1578561026.488,270,251,None,Move,browsing
1578561026.496,269,239,None,Move,browsing
1578561026.504,269,228,None,Move,browsing
1578561026.512,268,216,None,Move,browsing
1578561026.52,265,202,None,Move,browsing
1578561026.5270002,262,191,None,Move,browsing
1578561026.536,260,179,None,Move,browsing
1578561026.544,257,168,None,Move,browsing
1578561026.552,256,160,None,Move,browsing
1578561026.56,253,149,None,Move,browsing
1578561026.5679998,249,140,None,Move,browsing
1578561026.576,245,131,None,Move,browsing
1578561026.584,242,122,None,Move,browsing
1578561026.592,236,113,None,Move,browsing
1578561026.6,231,104,None,Move,browsing
1578561026.6079998,225,97,None,Move,browsing
1578561026.6160002,222,94,None,Move,browsing
1578561026.6239998,216,89,None,Move,browsing
1578561026.6320002,209,85,None,Move,browsing
1578561026.64,200,81,None,Move,browsing
1578561026.6479998,189,78,None,Move,browsing
1578561026.656,179,75,None,Move,browsing
1578561026.664,167,72,None,Move,browsing
1578561026.6720002,157,71,None,Move,browsing
1578561026.68,148,70,None,Move,browsing
1578561026.688,141,70,None,Move,browsing
1578561026.696,134,70,None,Move,browsing
1578561026.704,129,70,None,Move,browsing
1578561026.712,129,69,None,Move,browsing
1578561026.7270002,126,69,None,Move,browsing
1578561026.736,122,67,None,Move,browsing
1578561026.742,120,67,None,Move,browsing
1578561026.7489998,117,67,None,Move,browsing
1578561026.755,112,66,None,Move,browsing
1578561026.76,103,64,None,Move,browsing
1578561026.768,93,62,None,Move,browsing
1578561026.776,79,61,None,Move,browsing
1578561026.791,64,58,None,Move,browsing
1578561026.8,37,55,None,Move,browsing
1578561026.8079998,27,54,None,Move,browsing
1578561026.82,19,54,None,Move,browsing
1578561026.8279998,18,54,None,Move,browsing
1578561027.012,16,54,None,Move,browsing
1578561027.033,15,55,None,Move,browsing
1578561027.044,15,56,None,Move,browsing
1578561027.053,15,57,None,Move,browsing
1578561027.13,15,57,Left,Pressed,browsing
1578561027.252,15,57,Left,Released,browsing
1578561028.715,15,57,Left,Pressed,browsing
1578561028.8520002,15,57,Left,Released,browsing
1578561030.3920002,15,57,Left,Pressed,browsing
1578561030.52,15,57,Left,Released,browsing
1578561031.3679998,16,58,None,Move,browsing
1578561031.3779998,19,60,None,Move,browsing
1578561031.385,23,62,None,Move,browsing
1578561031.3920002,30,65,None,Move,browsing
1578561031.4,39,69,None,Move,browsing
1578561031.408,50,73,None,Move,browsing
1578561031.416,59,75,None,Move,browsing
1578561031.424,66,78,None,Move,browsing
1578561031.428,70,80,None,Move,browsing
1578561031.44,71,81,None,Move,browsing
1578561031.6079998,72,81,None,Move,browsing
1578561031.6260002,72,79,None,Move,browsing
1578561031.64,70,77,None,Move,browsing
1578561031.649,68,75,None,Move,browsing
1578561031.658,66,73,None,Move,browsing
1578561031.664,65,72,None,Move,browsing
1578561031.673,62,72,None,Move,browsing
1578561031.68,59,70,None,Move,browsing
1578561031.689,58,69,None,Move,browsing
1578561031.696,58,69,None,Move,browsing
1578561031.705,55,67,None,Move,browsing
1578561031.712,52,66,None,Move,browsing
1578561031.72,51,66,None,Move,browsing
1578561031.728,50,66,None,Move,browsing
1578561031.735,49,65,None,Move,browsing
1578561031.744,43,64,None,Move,browsing
1578561031.7510002,40,63,None,Move,browsing
1578561031.76,39,63,None,Move,browsing
1578561031.768,37,62,None,Move,browsing
1578561031.776,37,62,None,Move,browsing
1578561031.784,35,62,None,Move,browsing
1578561031.792,34,62,None,Move,browsing
1578561031.816,34,62,None,Move,browsing
1578561031.961,34,62,Left,Pressed,browsing
1578561032.072,34,62,Left,Released,browsing
1578561032.776,36,65,None,Move,browsing
1578561032.784,44,71,None,Move,browsing
1578561032.792,51,75,None,Move,browsing
1578561032.8,62,79,None,Move,browsing
1578561032.811,77,86,None,Move,browsing
1578561032.82,99,92,None,Move,browsing
1578561032.829,123,97,None,Move,browsing
1578561032.839,150,104,None,Move,browsing
1578561032.849,177,111,None,Move,browsing
1578561032.859,204,119,None,Move,browsing
1578561032.869,253,129,None,Move,browsing
1578561032.879,270,130,None,Move,browsing
1578561032.8879998,287,133,None,Move,browsing
1578561032.896,304,136,None,Move,browsing
1578561032.909,338,139,None,Move,browsing
1578561032.913,355,140,None,Move,browsing
1578561032.926,373,141,None,Move,browsing
1578561032.931,390,144,None,Move,browsing
1578561032.94,405,146,None,Move,browsing
1578561032.946,422,147,None,Move,browsing
1578561032.957,437,148,None,Move,browsing
1578561032.964,449,150,None,Move,browsing
1578561032.9729998,459,150,None,Move,browsing
1578561032.98,467,151,None,Move,browsing
1578561032.988,474,151,None,Move,browsing
1578561032.996,476,151,None,Move,browsing
1578561033.004,476,151,None,Move,browsing
1578561033.1,479,151,None,Move,browsing
1578561033.125,480,151,None,Move,browsing
1578561033.2570002,480,151,Left,Pressed,browsing
1578561033.2570002,480,151,None,Drag,browsing
1578561033.268,477,151,None,Drag,browsing
1578561033.2770002,474,151,None,Drag,browsing
1578561033.284,466,151,None,Drag,browsing
1578561033.292,451,151,None,Drag,browsing
1578561033.3,428,151,None,Drag,browsing
1578561033.3079998,391,151,None,Drag,browsing
1578561033.316,340,151,None,Drag,browsing
1578561033.324,279,151,None,Drag,browsing
1578561033.332,215,151,None,Drag,browsing
1578561033.34,147,150,None,Drag,browsing
1578561033.3479998,82,147,None,Drag,browsing
1578561033.356,27,143,None,Drag,browsing
1578561033.3639998,-15,140,None,Drag,browsing
1578561033.3720002,-1,140,None,Drag,browsing
1578561033.3720002,-1,140,Left,Released,browsing
1578561035.356,0,138,None,Move,browsing
1578561035.3639998,0,137,None,Move,browsing
1578561035.484,0,137,None,Move,browsing
1578561035.5,4,137,None,Move,browsing
1578561035.508,9,137,None,Move,browsing
1578561035.516,16,140,None,Move,browsing
1578561035.524,19,141,None,Move,browsing
1578561035.532,22,142,None,Move,browsing
1578561035.54,23,142,None,Move,browsing
1578561039.044,23,141,None,Move,browsing
1578561039.052,23,140,None,Move,browsing
1578561039.064,19,134,None,Move,browsing
1578561039.072,15,130,None,Move,browsing
1578561039.079,13,126,None,Move,browsing
1578561039.085,10,121,None,Move,browsing
1578561039.091,6,117,None,Move,browsing
1578561039.099,4,115,None,Move,browsing
1578561039.476,4,115,None,Move,browsing
1578561039.484,7,115,None,Move,browsing
1578561039.492,12,115,None,Move,browsing
1578561039.5,15,115,None,Move,browsing
1578561039.508,20,115,None,Move,browsing
1578561039.516,27,116,None,Move,browsing
1578561039.524,36,117,None,Move,browsing
1578561039.532,47,120,None,Move,browsing
1578561039.54,61,121,None,Move,browsing
1578561039.5470002,78,123,None,Move,browsing
1578561039.555,94,126,None,Move,browsing
1578561039.563,115,127,None,Move,browsing
1578561039.571,145,133,None,Move,browsing
1578561039.579,180,137,None,Move,browsing
1578561039.587,223,143,None,Move,browsing
1578561039.595,269,150,None,Move,browsing
1578561039.603,321,156,None,Move,browsing
1578561039.6120002,380,163,None,Move,browsing
1578561039.619,446,173,None,Move,browsing
1578561039.6279998,519,183,None,Move,browsing
1578561039.6360002,549,189,None,Move,browsing
1578561039.644,605,198,None,Move,browsing
1578561039.6520002,675,211,None,Move,browsing
1578561039.66,751,226,None,Move,browsing
1578561039.668,828,241,None,Move,browsing
1578561039.676,898,254,None,Move,browsing
1578561039.684,961,266,None,Move,browsing
1578561039.708,1093,290,None,Move,browsing
1578561039.716,1119,293,None,Move,browsing
1578561039.725,1136,296,None,Move,browsing
1578561039.736,1151,299,None,Move,browsing
1578561039.742,1163,301,None,Move,browsing
1578561039.7529998,1175,303,None,Move,browsing
1578561039.764,1191,308,None,Move,browsing
1578561039.7729998,1196,310,None,Move,browsing
1578561039.783,1200,311,None,Move,browsing
1578561039.79,1203,313,None,Move,browsing
1578561039.845,1205,314,None,Move,browsing
1578561039.853,1206,315,None,Move,browsing
1578561039.891,1207,318,None,Move,browsing
1578561039.901,1207,319,None,Move,browsing
1578561039.908,1207,321,None,Move,browsing
1578561039.918,1207,322,None,Move,browsing
1578561039.924,1207,323,None,Move,browsing
1578561039.9320002,1207,324,None,Move,browsing
1578561040.004,1207,326,None,Move,browsing
1578561040.012,1207,326,None,Move,browsing
1578561040.0679998,1208,328,None,Move,browsing
1578561040.076,1208,329,None,Move,browsing
1578561040.085,1209,329,None,Move,browsing
1578561040.1,1210,330,None,Move,browsing
1578561040.107,1212,331,None,Move,browsing
1578561040.117,1215,332,None,Move,browsing
1578561040.1239998,1217,332,None,Move,browsing
1578561040.131,1221,333,None,Move,browsing
1578561040.139,1225,333,None,Move,browsing
1578561040.1479998,1229,334,None,Move,browsing
1578561040.156,1233,335,None,Move,browsing
1578561040.158,1238,336,None,Move,browsing
1578561040.177,1247,338,None,Move,browsing
1578561040.1929998,1294,356,None,Move,browsing
1578561040.208,1350,374,None,Move,browsing
1578561040.228,1413,398,None,Move,browsing
1578561040.236,1441,407,None,Move,browsing
1578561040.244,1458,413,None,Move,browsing
1578561040.252,1474,417,None,Move,browsing
1578561040.258,1481,420,None,Move,browsing
1578561040.274,1492,425,None,Move,browsing
1578561040.29,1497,429,None,Move,browsing
1578561040.305,1502,432,None,Move,browsing
1578561040.321,1508,435,None,Move,browsing
1578561040.33,1509,435,None,Move,browsing
1578561040.3479998,1512,438,None,Move,browsing
1578561040.5,1514,439,None,Move,browsing
1578561040.508,1514,440,None,Move,browsing
1578561040.516,1515,441,None,Move,browsing
1578561040.524,1515,442,None,Move,browsing
1578561040.532,1516,443,None,Move,browsing
1578561040.548,1516,444,None,Move,browsing
1578561040.58,1516,445,None,Move,browsing
1578561040.5879998,1516,446,None,Move,browsing
1578561040.596,1516,447,None,Move,browsing
1578561040.604,1515,447,None,Move,browsing
1578561040.6120002,1515,449,None,Move,browsing
1578561040.62,1515,450,None,Move,browsing
1578561040.6360002,1515,450,None,Move,browsing
1578561040.644,1515,451,None,Move,browsing
1578561040.9320002,1514,451,None,Move,browsing
1578561040.94,1512,451,None,Move,browsing
1578561040.948,1509,445,None,Move,browsing
1578561040.955,1507,440,None,Move,browsing
1578561040.9629998,1500,432,None,Move,browsing
1578561040.972,1495,424,None,Move,browsing
1578561040.98,1489,417,None,Move,browsing
1578561040.988,1483,411,None,Move,browsing
1578561040.996,1481,408,None,Move,browsing
1578561041.004,1477,403,None,Move,browsing
1578561041.0110002,1471,397,None,Move,browsing
1578561041.02,1466,393,None,Move,browsing
1578561041.0270002,1462,388,None,Move,browsing
1578561041.036,1457,384,None,Move,browsing
1578561041.044,1454,379,None,Move,browsing
1578561041.052,1449,376,None,Move,browsing
1578561041.06,1445,372,None,Move,browsing
1578561041.0679998,1444,371,None,Move,browsing
1578561041.076,1443,369,None,Move,browsing
1578561041.084,1441,369,None,Move,browsing
1578561041.236,1441,365,None,Move,browsing
1578561041.2429998,1441,364,None,Move,browsing
1578561041.316,1441,364,Left,Pressed,browsing
1578561041.4120002,1441,364,Left,Released,browsing
1578561042.504,1441,363,None,Move,browsing
1578561049.857,1438,363,None,Move,browsing
1578561049.8760002,1434,363,None,Move,browsing
1578561049.881,1431,363,None,Move,browsing
1578561049.8879998,1420,365,None,Move,browsing
1578561049.896,1407,366,None,Move,browsing
1578561049.903,1389,367,None,Move,browsing
1578561049.9120002,1363,369,None,Move,browsing
1578561049.919,1324,373,None,Move,browsing
1578561049.928,1280,375,None,Move,browsing
1578561049.935,1224,380,None,Move,browsing
1578561049.945,1156,382,None,Move,browsing
1578561049.952,1081,387,None,Move,browsing
1578561049.96,999,392,None,Move,browsing
1578561049.968,910,400,None,Move,browsing
1578561049.976,821,408,None,Move,browsing
1578561049.984,732,416,None,Move,browsing
1578561049.992,650,426,None,Move,browsing
1578561050.0,571,436,None,Move,browsing
1578561050.008,501,446,None,Move,browsing
1578561050.016,442,456,None,Move,browsing
1578561050.024,395,465,None,Move,browsing
1578561050.032,358,475,None,Move,browsing
1578561050.04,330,484,None,Move,browsing
1578561050.048,309,493,None,Move,browsing
1578561050.056,293,500,None,Move,browsing
1578561050.064,279,507,None,Move,browsing
1578561050.072,265,513,None,Move,browsing
1578561050.08,253,519,None,Move,browsing
1578561050.0879998,241,526,None,Move,browsing
1578561050.096,229,533,None,Move,browsing
1578561050.104,216,539,None,Move,browsing
1578561050.1120002,204,546,None,Move,browsing
1578561050.12,192,553,None,Move,browsing
1578561050.127,181,560,None,Move,browsing
1578561050.1360002,170,566,None,Move,browsing
1578561050.143,160,572,None,Move,browsing
1578561050.151,151,576,None,Move,browsing
1578561050.16,142,579,None,Move,browsing
1578561050.168,134,583,None,Move,browsing
1578561050.176,129,585,None,Move,browsing
1578561050.184,123,586,None,Move,browsing
1578561050.198,116,589,None,Move,browsing
1578561050.207,111,590,None,Move,browsing
1578561050.214,104,591,None,Move,browsing
1578561050.22,98,592,None,Move,browsing
1578561050.225,93,593,None,Move,browsing
1578561050.231,88,593,None,Move,browsing
1578561050.256,84,593,None,Move,browsing
1578561050.264,83,589,None,Move,browsing
1578561050.272,83,583,None,Move,browsing
1578561050.28,82,580,None,Move,browsing
1578561050.288,81,575,None,Move,browsing
1578561050.296,81,568,None,Move,browsing
1578561050.304,81,560,None,Move,browsing
1578561050.312,81,551,None,Move,browsing
1578561050.32,81,541,None,Move,browsing
1578561050.3279998,81,533,None,Move,browsing
1578561050.336,81,523,None,Move,browsing
1578561050.344,84,512,None,Move,browsing
1578561050.3520002,86,502,None,Move,browsing
1578561050.36,90,493,None,Move,browsing
1578561050.3679998,93,483,None,Move,browsing
1578561050.3760002,95,475,None,Move,browsing
1578561050.3839998,96,468,None,Move,browsing
1578561050.3920002,97,464,None,Move,browsing
1578561050.4,98,461,None,Move,browsing
1578561050.416,98,459,None,Move,browsing
1578561050.815,98,458,None,Move,browsing
1578561050.836,99,458,None,Move,browsing
1578561050.844,99,459,None,Move,browsing
1578561050.8520002,100,459,None,Move,browsing
1578561050.867,102,463,None,Move,browsing
1578561050.8760002,103,464,None,Move,browsing
1578561050.8839998,103,464,None,Move,browsing
1578561050.8920002,104,465,None,Move,browsing
1578561050.906,104,466,None,Move,browsing
1578561050.914,105,467,None,Move,browsing
1578561050.92,107,467,None,Move,browsing
1578561050.926,110,467,None,Move,browsing
1578561050.9320002,113,469,None,Move,browsing
1578561050.94,118,469,None,Move,browsing
1578561050.948,124,469,None,Move,browsing
1578561050.956,127,469,None,Move,browsing
1578561050.964,134,469,None,Move,browsing
1578561050.972,142,469,None,Move,browsing
1578561050.98,154,469,None,Move,browsing
1578561050.988,164,469,None,Move,browsing
1578561050.996,177,469,None,Move,browsing
1578561051.01,190,469,None,Move,browsing
1578561051.019,202,469,None,Move,browsing
1578561051.026,212,469,None,Move,browsing
1578561051.032,220,469,None,Move,browsing
1578561051.038,227,469,None,Move,browsing
1578561051.044,234,469,None,Move,browsing
1578561051.052,238,469,None,Move,browsing
1578561051.06,238,469,None,Move,browsing
1578561051.0679998,239,469,None,Move,browsing
1578561051.076,240,469,None,Move,browsing
1578561051.084,241,469,None,Move,browsing
1578561051.092,243,469,None,Move,browsing
1578561051.1,246,469,None,Move,browsing
1578561051.1079998,247,469,None,Move,browsing
1578561051.1160002,252,469,None,Move,browsing
1578561051.13,256,469,None,Move,browsing
1578561051.14,259,469,None,Move,browsing
1578561051.146,264,469,None,Move,browsing
1578561051.151,267,469,None,Move,browsing
1578561051.157,269,469,None,Move,browsing
1578561051.163,270,469,None,Move,browsing
1578561051.1720002,271,469,None,Move,browsing
1578561051.179,272,469,None,Move,browsing
1578561051.563,273,469,None,Move,browsing
1578561051.5779998,273,470,None,Move,browsing
1578561051.59,273,471,None,Move,browsing
1578561051.596,273,473,None,Move,browsing
1578561051.603,273,474,None,Move,browsing
1578561051.6120002,273,477,None,Move,browsing
1578561051.62,273,478,None,Move,browsing
1578561051.6279998,273,480,None,Move,browsing
1578561051.6360002,273,485,None,Move,browsing
1578561051.644,273,485,None,Move,browsing
1578561051.6520002,273,489,None,Move,browsing
1578561051.66,273,489,None,Move,browsing
1578561051.668,273,493,None,Move,browsing
1578561051.676,273,494,None,Move,browsing
1578561051.684,273,495,None,Move,browsing
1578561051.6920002,273,497,None,Move,browsing
1578561051.7,273,500,None,Move,browsing
1578561051.708,273,502,None,Move,browsing
1578561051.716,273,503,None,Move,browsing
1578561051.724,273,504,None,Move,browsing
1578561051.732,273,507,None,Move,browsing
1578561051.74,272,508,None,Move,browsing
1578561051.748,270,510,None,Move,browsing
1578561051.756,268,512,None,Move,browsing
1578561051.764,265,516,None,Move,browsing
1578561051.772,263,519,None,Move,browsing
1578561051.78,261,525,None,Move,browsing
1578561051.788,259,525,None,Move,browsing
1578561051.796,256,530,None,Move,browsing
1578561051.804,252,534,None,Move,browsing
1578561051.812,248,538,None,Move,browsing
1578561051.82,244,544,None,Move,browsing
1578561051.8279998,240,547,None,Move,browsing
1578561051.836,238,550,None,Move,browsing
1578561051.844,236,553,None,Move,browsing
1578561051.8520002,235,556,None,Move,browsing
1578561051.86,233,559,None,Move,browsing
1578561051.8679998,231,560,None,Move,browsing
1578561051.875,230,562,None,Move,browsing
1578561051.883,229,563,None,Move,browsing
1578561051.8920002,229,564,None,Move,browsing
1578561051.9,228,566,None,Move,browsing
1578561051.908,227,567,None,Move,browsing
1578561051.924,227,569,None,Move,browsing
1578561051.9320002,227,570,None,Move,browsing
1578561052.35,227,570,None,Move,browsing
1578561052.365,227,569,None,Move,browsing
1578561052.38,227,568,None,Move,browsing
1578561052.3879998,227,567,None,Move,browsing
1578561052.396,227,566,None,Move,browsing
1578561052.404,227,564,None,Move,browsing
1578561052.4120002,227,562,None,Move,browsing
1578561052.42,228,559,None,Move,browsing
1578561052.428,231,556,None,Move,browsing
1578561052.436,234,550,None,Move,browsing
1578561052.444,237,546,None,Move,browsing
1578561052.452,244,540,None,Move,browsing
1578561052.46,245,537,None,Move,browsing
1578561052.468,248,534,None,Move,browsing
1578561052.475,252,530,None,Move,browsing
1578561052.4829998,256,524,None,Move,browsing
1578561052.4910002,263,516,None,Move,browsing
1578561052.4989998,271,507,None,Move,browsing
1578561052.5070002,277,497,None,Move,browsing
1578561052.515,284,490,None,Move,browsing
1578561052.5229998,292,480,None,Move,browsing
1578561052.531,295,473,None,Move,browsing
1578561052.539,295,471,None,Move,browsing
1578561052.5470002,295,469,None,Move,browsing
1578561052.556,296,461,None,Move,browsing
1578561052.564,298,451,None,Move,browsing
1578561052.571,298,441,None,Move,browsing
1578561052.58,298,432,None,Move,browsing
1578561052.5879998,298,422,None,Move,browsing
1578561052.596,296,412,None,Move,browsing
1578561052.604,291,400,None,Move,browsing
1578561052.6120002,285,388,None,Move,browsing
1578561052.62,280,377,None,Move,browsing
1578561052.6279998,273,366,None,Move,browsing
1578561052.6360002,267,355,None,Move,browsing
1578561052.644,263,351,None,Move,browsing
1578561052.651,257,343,None,Move,browsing
1578561052.659,247,333,None,Move,browsing
1578561052.668,236,322,None,Move,browsing
1578561052.676,224,310,None,Move,browsing
1578561052.684,209,299,None,Move,browsing
1578561052.6920002,195,289,None,Move,browsing
1578561052.7,183,281,None,Move,browsing
1578561052.708,171,274,None,Move,browsing
1578561052.716,161,269,None,Move,browsing
1578561052.724,154,265,None,Move,browsing
1578561052.732,153,265,None,Move,browsing
1578561052.74,150,263,None,Move,browsing
1578561052.748,149,262,None,Move,browsing
1578561052.8520002,149,262,None,Move,browsing
1578561052.8679998,152,265,None,Move,browsing
1578561052.8839998,157,270,None,Move,browsing
1578561052.8920002,161,273,None,Move,browsing
1578561052.9,169,278,None,Move,browsing
1578561052.908,179,283,None,Move,browsing
1578561052.917,192,290,None,Move,browsing
1578561052.924,206,298,None,Move,browsing
1578561052.9320002,220,307,None,Move,browsing
1578561052.94,235,315,None,Move,browsing
1578561052.948,252,326,None,Move,browsing
1578561052.956,272,338,None,Move,browsing
1578561052.964,292,349,None,Move,browsing
1578561052.972,309,360,None,Move,browsing
1578561052.98,323,369,None,Move,browsing
1578561052.988,334,375,None,Move,browsing
1578561052.996,338,380,None,Move,browsing
1578561053.004,341,384,None,Move,browsing
1578561053.012,343,387,None,Move,browsing
1578561053.02,345,390,None,Move,browsing
1578561053.028,346,392,None,Move,browsing
1578561053.036,348,396,None,Move,browsing
1578561053.044,349,399,None,Move,browsing
1578561053.052,350,402,None,Move,browsing
1578561053.06,351,407,None,Move,browsing
1578561053.0679998,352,413,None,Move,browsing
1578561053.076,354,418,None,Move,browsing
1578561053.084,357,424,None,Move,browsing
1578561053.092,359,431,None,Move,browsing
1578561053.1,360,432,None,Move,browsing
1578561053.1160002,361,434,None,Move,browsing
1578561053.1239998,362,437,None,Move,browsing
1578561053.1320002,364,440,None,Move,browsing
1578561053.14,365,443,None,Move,browsing
1578561053.1479998,366,444,None,Move,browsing
1578561053.156,366,445,None,Move,browsing
1578561053.755,367,446,None,Move,browsing
1578561053.795,367,447,None,Move,browsing
1578561053.803,367,448,None,Move,browsing
1578561054.2410002,367,449,None,Move,browsing
1578561054.2570002,367,452,None,Move,browsing
1578561054.268,364,456,None,Move,browsing
1578561054.274,356,464,None,Move,browsing
1578561054.28,346,473,None,Move,browsing
1578561054.288,336,483,None,Move,browsing
1578561054.296,323,494,None,Move,browsing
1578561054.304,310,505,None,Move,browsing
1578561054.312,299,516,None,Move,browsing
1578561054.32,290,527,None,Move,browsing
1578561054.3279998,282,537,None,Move,browsing
1578561054.336,275,544,None,Move,browsing
1578561054.344,271,550,None,Move,browsing
1578561054.3520002,266,556,None,Move,browsing
1578561054.36,263,561,None,Move,browsing
1578561054.3679998,259,566,None,Move,browsing
1578561054.3760002,256,571,None,Move,browsing
1578561054.3839998,255,572,None,Move,browsing
1578561054.3920002,252,577,None,Move,browsing
1578561054.4,251,577,None,Move,browsing
1578561054.408,250,579,None,Move,browsing
1578561054.416,250,580,None,Move,browsing
1578561054.627,250,581,None,Move,browsing
1578561054.643,250,582,None,Move,browsing
1578561054.65,250,584,None,Move,browsing
1578561054.656,250,586,None,Move,browsing
1578561054.664,246,591,None,Move,browsing
1578561054.6720002,246,595,None,Move,browsing
1578561054.679,246,598,None,Move,browsing
1578561054.687,245,603,None,Move,browsing
1578561054.695,244,606,None,Move,browsing
1578561054.704,243,609,None,Move,browsing
1578561054.712,242,615,None,Move,browsing
1578561054.72,241,618,None,Move,browsing
1578561054.728,241,620,None,Move,browsing
1578561054.736,241,622,None,Move,browsing
1578561055.04,241,622,Left,Pressed,browsing
1578561055.14,241,622,Left,Released,browsing
1578561055.6079998,241,623,None,Move,browsing
1578561055.63,241,625,None,Move,browsing
1578561055.6379998,241,625,None,Move,browsing
1578561055.646,243,625,None,Move,browsing
1578561055.651,246,625,None,Move,browsing
1578561055.656,250,625,None,Move,browsing
1578561055.664,254,625,None,Move,browsing
1578561055.6720002,260,625,None,Move,browsing
1578561055.68,270,625,None,Move,browsing
1578561055.688,282,625,None,Move,browsing
1578561055.696,299,623,None,Move,browsing
1578561055.704,319,622,None,Move,browsing
1578561055.712,348,620,None,Move,browsing
1578561055.72,379,618,None,Move,browsing
1578561055.728,417,616,None,Move,browsing
1578561055.736,462,614,None,Move,browsing
1578561055.744,510,612,None,Move,browsing
1578561055.752,557,612,None,Move,browsing
1578561055.76,605,612,None,Move,browsing
1578561055.768,653,610,None,Move,browsing
1578561055.782,698,607,None,Move,browsing
1578561055.79,736,605,None,Move,browsing
1578561055.799,767,604,None,Move,browsing
1578561055.805,792,602,None,Move,browsing
1578561055.811,810,601,None,Move,browsing
1578561055.8170002,825,599,None,Move,browsing
1578561055.824,837,598,None,Move,browsing
1578561055.832,846,597,None,Move,browsing
1578561055.847,850,596,None,Move,browsing
1578561055.856,852,595,None,Move,browsing
1578561055.863,853,595,None,Move,browsing
1578561057.756,855,595,None,Move,browsing
1578561057.7770002,855,595,None,Move,browsing
1578561060.224,856,594,None,Move,browsing
1578561060.816,857,594,None,Move,browsing
1578561060.832,858,594,None,Move,browsing
1578561060.849,860,594,None,Move,browsing
1578561060.8679998,864,594,None,Move,browsing
1578561060.8820002,870,593,None,Move,browsing
1578561060.8920002,875,593,None,Move,browsing
1578561060.905,885,593,None,Move,browsing
1578561060.916,890,593,None,Move,browsing
1578561060.927,897,593,None,Move,browsing
1578561060.939,919,593,None,Move,browsing
1578561060.949,930,593,None,Move,browsing
1578561060.96,942,593,None,Move,browsing
1578561060.969,968,593,None,Move,browsing
1578561060.98,983,593,None,Move,browsing
1578561060.988,997,593,None,Move,browsing
1578561060.994,1010,593,None,Move,browsing
1578561061.0,1022,593,None,Move,browsing
1578561061.008,1033,593,None,Move,browsing
1578561061.015,1045,593,None,Move,browsing
1578561061.0229998,1055,593,None,Move,browsing
1578561061.031,1065,593,None,Move,browsing
1578561061.039,1075,593,None,Move,browsing
1578561061.0470002,1083,593,None,Move,browsing
1578561061.055,1093,593,None,Move,browsing
1578561061.064,1103,593,None,Move,browsing
1578561061.073,1113,593,None,Move,browsing
1578561061.079,1125,593,None,Move,browsing
1578561061.087,1137,593,None,Move,browsing
1578561061.095,1150,593,None,Move,browsing
1578561061.103,1163,593,None,Move,browsing
1578561061.111,1175,593,None,Move,browsing
1578561061.119,1187,593,None,Move,browsing
1578561061.127,1198,593,None,Move,browsing
1578561061.1360002,1210,593,None,Move,browsing
1578561061.144,1220,593,None,Move,browsing
1578561061.1520002,1230,592,None,Move,browsing
1578561061.16,1239,591,None,Move,browsing
1578561061.169,1247,589,None,Move,browsing
1578561061.176,1256,588,None,Move,browsing
1578561061.184,1263,587,None,Move,browsing
1578561061.1920002,1270,587,None,Move,browsing
1578561061.2,1277,586,None,Move,browsing
1578561061.208,1282,585,None,Move,browsing
1578561061.216,1288,584,None,Move,browsing
1578561061.224,1295,581,None,Move,browsing
1578561061.232,1301,579,None,Move,browsing
1578561061.24,1306,577,None,Move,browsing
1578561061.248,1312,574,None,Move,browsing
1578561061.256,1316,571,None,Move,browsing
1578561061.264,1320,568,None,Move,browsing
1578561061.272,1325,566,None,Move,browsing
1578561061.28,1329,563,None,Move,browsing
1578561061.288,1332,561,None,Move,browsing
1578561061.296,1336,558,None,Move,browsing
1578561061.304,1339,556,None,Move,browsing
1578561061.312,1341,554,None,Move,browsing
1578561061.322,1344,551,None,Move,browsing
1578561061.3279998,1349,548,None,Move,browsing
1578561061.336,1352,545,None,Move,browsing
1578561061.344,1354,542,None,Move,browsing
1578561061.3520002,1359,538,None,Move,browsing
1578561061.36,1362,533,None,Move,browsing
1578561061.377,1370,523,None,Move,browsing
1578561061.387,1374,517,None,Move,browsing
1578561061.395,1376,513,None,Move,browsing
1578561061.403,1378,510,None,Move,browsing
1578561061.408,1380,507,None,Move,browsing
1578561061.415,1381,504,None,Move,browsing
1578561061.423,1382,503,None,Move,browsing
1578561061.431,1383,501,None,Move,browsing
1578561061.439,1383,499,None,Move,browsing
1578561061.448,1384,498,None,Move,browsing
1578561061.4870002,1384,496,None,Move,browsing
1578561061.496,1384,495,None,Move,browsing
1578561061.505,1384,495,None,Move,browsing
1578561061.52,1384,493,None,Move,browsing
1578561061.528,1384,492,None,Move,browsing
1578561061.536,1385,491,None,Move,browsing
1578561061.544,1385,489,None,Move,browsing
1578561061.552,1385,487,None,Move,browsing
1578561061.56,1385,485,None,Move,browsing
1578561061.5679998,1385,483,None,Move,browsing
1578561061.576,1385,483,None,Move,browsing
1578561061.584,1385,481,None,Move,browsing
1578561061.592,1385,480,None,Move,browsing
1578561061.6,1385,480,None,Move,browsing
1578561061.6160002,1385,479,None,Move,browsing
1578561061.6320002,1385,478,None,Move,browsing
1578561061.641,1385,477,None,Move,browsing
1578561061.657,1384,475,None,Move,browsing
1578561061.664,1381,472,None,Move,browsing
1578561061.674,1376,469,None,Move,browsing
1578561061.6829998,1374,469,None,Move,browsing
1578561061.691,1369,468,None,Move,browsing
1578561061.701,1365,468,None,Move,browsing
1578561061.709,1357,466,None,Move,browsing
1578561061.715,1345,465,None,Move,browsing
1578561061.72,1330,464,None,Move,browsing
1578561061.728,1314,462,None,Move,browsing
1578561061.742,1297,461,None,Move,browsing
1578561061.752,1265,458,None,Move,browsing
1578561061.76,1252,458,None,Move,browsing
1578561061.7670002,1240,458,None,Move,browsing
1578561061.775,1230,458,None,Move,browsing
1578561061.783,1222,458,None,Move,browsing
1578561061.791,1213,458,None,Move,browsing
1578561061.799,1205,458,None,Move,browsing
1578561061.8079998,1197,458,None,Move,browsing
1578561061.816,1187,458,None,Move,browsing
1578561061.824,1177,458,None,Move,browsing
1578561061.8379998,1167,458,None,Move,browsing
1578561061.8479998,1145,458,None,Move,browsing
1578561061.856,1135,458,None,Move,browsing
1578561061.8639998,1126,458,None,Move,browsing
1578561061.8720002,1120,458,None,Move,browsing
1578561061.88,1118,458,None,Move,browsing
1578561061.894,1115,458,None,Move,browsing
1578561061.9020002,1115,458,None,Move,browsing
1578561061.952,1113,458,None,Move,browsing
1578561061.964,1112,459,None,Move,browsing
1578561061.985,1112,462,None,Move,browsing
1578561061.992,1112,463,None,Move,browsing
1578561062.4629998,1112,464,None,Move,browsing
1578561062.471,1112,464,None,Move,browsing
1578561062.479,1114,464,None,Move,browsing
1578561062.488,1119,464,None,Move,browsing
1578561062.495,1121,464,None,Move,browsing
1578561062.504,1126,464,None,Move,browsing
1578561062.512,1135,464,None,Move,browsing
1578561062.52,1145,464,None,Move,browsing
1578561062.528,1156,464,None,Move,browsing
1578561062.536,1168,464,None,Move,browsing
1578561062.544,1183,464,None,Move,browsing
1578561062.552,1198,464,None,Move,browsing
1578561062.56,1213,464,None,Move,browsing
1578561062.5679998,1231,464,None,Move,browsing
1578561062.576,1251,464,None,Move,browsing
1578561062.584,1275,464,None,Move,browsing
1578561062.592,1299,464,None,Move,browsing
1578561062.6,1323,464,None,Move,browsing
1578561062.6079998,1347,464,None,Move,browsing
1578561062.6160002,1371,464,None,Move,browsing
1578561062.6239998,1392,464,None,Move,browsing
1578561062.6320002,1410,464,None,Move,browsing
1578561062.64,1430,464,None,Move,browsing
1578561062.6479998,1447,464,None,Move,browsing
1578561062.656,1463,464,None,Move,browsing
1578561062.664,1478,464,None,Move,browsing
1578561062.6720002,1491,464,None,Move,browsing
1578561062.68,1505,464,None,Move,browsing
1578561062.687,1515,464,None,Move,browsing
1578561062.696,1525,464,None,Move,browsing
1578561062.704,1531,464,None,Move,browsing
1578561062.712,1535,464,None,Move,browsing
1578561062.72,1537,464,None,Move,browsing
1578561062.728,1537,464,None,Move,browsing
1578561062.916,1538,464,None,Move,browsing
1578561063.0270002,1538,464,None,Move,browsing
1578561063.091,1536,465,None,Move,browsing
1578561063.1020002,1536,465,None,Move,browsing
1578561063.1079998,1534,465,None,Move,browsing
1578561063.1160002,1532,465,None,Move,browsing
1578561063.123,1530,465,None,Move,browsing
1578561063.1320002,1526,465,None,Move,browsing
1578561063.14,1521,465,None,Move,browsing
1578561063.1479998,1516,465,None,Move,browsing
1578561063.155,1513,465,None,Move,browsing
1578561063.164,1508,465,None,Move,browsing
1578561063.171,1505,465,None,Move,browsing
1578561063.18,1497,465,None,Move,browsing
1578561063.187,1483,465,None,Move,browsing
1578561063.196,1468,460,None,Move,browsing
1578561063.204,1451,455,None,Move,browsing
1578561063.212,1432,447,None,Move,browsing
1578561063.219,1412,435,None,Move,browsing
1578561063.228,1396,425,None,Move,browsing
1578561063.236,1381,413,None,Move,browsing
1578561063.244,1366,401,None,Move,browsing
1578561063.252,1355,390,None,Move,browsing
1578561063.26,1346,379,None,Move,browsing
1578561063.268,1345,378,None,Move,browsing
1578561063.276,1344,378,None,Move,browsing
1578561063.299,1341,374,None,Move,browsing
1578561063.3079998,1341,373,None,Move,browsing
1578561063.315,1339,373,None,Move,browsing
1578561063.323,1338,373,None,Move,browsing
1578561063.331,1336,373,None,Move,browsing
1578561063.34,1335,373,None,Move,browsing
1578561063.347,1335,373,None,Move,browsing
1578561063.3639998,1334,373,None,Move,browsing
1578561063.3720002,1333,373,None,Move,browsing
1578561063.38,1332,373,None,Move,browsing
1578561063.3879998,1331,373,None,Move,browsing
1578561063.396,1330,373,None,Move,browsing
1578561063.449,1328,372,None,Move,browsing
1578561063.465,1327,372,None,Move,browsing
1578561063.476,1326,372,None,Move,browsing
1578561063.484,1326,371,None,Move,browsing
1578561063.492,1322,371,None,Move,browsing
1578561063.4989998,1321,369,None,Move,browsing
1578561063.508,1320,368,None,Move,browsing
1578561063.516,1316,366,None,Move,browsing
1578561063.524,1311,362,None,Move,browsing
1578561063.532,1309,360,None,Move,browsing
1578561063.54,1307,358,None,Move,browsing
1578561063.548,1301,351,None,Move,browsing
1578561063.556,1295,345,None,Move,browsing
1578561063.564,1292,342,None,Move,browsing
1578561063.572,1289,339,None,Move,browsing
1578561063.58,1285,336,None,Move,browsing
1578561063.5879998,1279,331,None,Move,browsing
1578561063.596,1271,326,None,Move,browsing
1578561063.599,1265,320,None,Move,browsing
1578561063.6120002,1258,315,None,Move,browsing
1578561063.62,1252,311,None,Move,browsing
1578561063.6279998,1246,308,None,Move,browsing
1578561063.6360002,1238,303,None,Move,browsing
1578561063.644,1233,299,None,Move,browsing
1578561063.649,1228,296,None,Move,browsing
1578561063.673,1223,294,None,Move,browsing
1578561063.679,1222,294,None,Move,browsing
1578561063.686,1221,294,None,Move,browsing
1578561063.7,1221,293,None,Move,browsing
1578561063.715,1219,293,None,Move,browsing
1578561063.7229998,1218,293,None,Move,browsing
1578561063.732,1218,293,None,Move,browsing
1578561063.7389998,1217,293,None,Move,browsing
1578561063.7470002,1216,293,None,Move,browsing
1578561063.755,1214,292,None,Move,browsing
1578561063.764,1212,292,None,Move,browsing
1578561063.771,1208,292,None,Move,browsing
1578561063.78,1207,292,None,Move,browsing
1578561063.7870002,1204,292,None,Move,browsing
1578561063.796,1203,292,None,Move,browsing
1578561063.804,1201,292,None,Move,browsing
1578561063.812,1200,291,None,Move,browsing
1578561063.82,1200,291,None,Move,browsing
1578561063.844,1197,291,None,Move,browsing
1578561063.8520002,1196,291,None,Move,browsing
1578561063.86,1196,291,None,Move,browsing
1578561063.8760002,1194,291,None,Move,browsing
1578561063.8839998,1194,291,None,Move,browsing
1578561063.8920002,1193,291,None,Move,browsing
1578561064.292,1191,291,None,Move,browsing
1578561064.3,1191,291,None,Move,browsing
1578561064.3079998,1188,291,None,Move,browsing
1578561064.316,1185,290,None,Move,browsing
1578561064.324,1180,290,None,Move,browsing
1578561064.332,1178,289,None,Move,browsing
1578561064.34,1173,288,None,Move,browsing
1578561064.3479998,1170,288,None,Move,browsing
1578561064.356,1165,287,None,Move,browsing
1578561064.3639998,1158,286,None,Move,browsing
1578561064.3720002,1153,286,None,Move,browsing
1578561064.38,1152,286,None,Move,browsing
1578561065.1239998,1152,286,Left,Pressed,browsing
1578561065.268,1152,286,Left,Released,browsing
1578561065.8,1150,286,None,Move,browsing
1578561065.8070002,1150,286,None,Move,browsing
1578561065.816,1150,286,None,Move,browsing
1578561065.823,1153,286,None,Move,browsing
1578561065.832,1159,286,None,Move,browsing
1578561065.84,1169,286,None,Move,browsing
1578561065.8479998,1182,286,None,Move,browsing
1578561065.856,1199,286,None,Move,browsing
1578561065.8639998,1217,286,None,Move,browsing
1578561065.8720002,1235,286,None,Move,browsing
1578561065.88,1252,286,None,Move,browsing
1578561065.8879998,1267,286,None,Move,browsing
1578561065.895,1280,286,None,Move,browsing
1578561065.903,1292,286,None,Move,browsing
1578561065.9120002,1302,286,None,Move,browsing
1578561065.92,1308,286,None,Move,browsing
1578561065.928,1312,286,None,Move,browsing
1578561065.936,1313,286,None,Move,browsing
1578561065.96,1315,286,None,Move,browsing
1578561065.968,1317,286,None,Move,browsing
1578561065.976,1319,286,None,Move,browsing
1578561065.984,1320,286,None,Move,browsing
1578561065.992,1322,286,None,Move,browsing
1578561066.0,1325,286,None,Move,browsing
1578561066.008,1328,286,None,Move,browsing
1578561066.016,1331,286,None,Move,browsing
1578561066.0229998,1334,287,None,Move,browsing
1578561066.032,1337,288,None,Move,browsing
1578561066.04,1341,289,None,Move,browsing
1578561066.048,1344,290,None,Move,browsing
1578561066.056,1348,291,None,Move,browsing
1578561066.064,1353,292,None,Move,browsing
1578561066.071,1359,293,None,Move,browsing
1578561066.079,1366,295,None,Move,browsing
1578561066.0879998,1373,298,None,Move,browsing
1578561066.096,1377,298,None,Move,browsing
1578561066.104,1381,298,None,Move,browsing
1578561066.1120002,1386,298,None,Move,browsing
1578561066.12,1391,298,None,Move,browsing
1578561066.1279998,1396,298,None,Move,browsing
1578561066.1360002,1401,298,None,Move,browsing
1578561066.144,1405,298,None,Move,browsing
1578561066.1520002,1409,298,None,Move,browsing
1578561066.16,1411,298,None,Move,browsing
1578561066.168,1414,298,None,Move,browsing
1578561066.176,1415,298,None,Move,browsing
1578561066.2,1417,298,None,Move,browsing
1578561066.208,1419,298,None,Move,browsing
1578561066.216,1421,298,None,Move,browsing
1578561066.224,1425,298,None,Move,browsing
1578561066.232,1429,298,None,Move,browsing
1578561066.24,1433,298,None,Move,browsing
1578561066.248,1436,298,None,Move,browsing
1578561066.255,1440,298,None,Move,browsing
1578561066.2629998,1443,298,None,Move,browsing
1578561066.271,1443,298,None,Move,browsing
1578561066.279,1446,298,None,Move,browsing
1578561066.296,1447,298,None,Move,browsing
1578561066.504,1449,298,None,Move,browsing
1578561066.512,1451,298,None,Move,browsing
1578561066.52,1452,298,None,Move,browsing
1578561066.528,1454,298,None,Move,browsing
1578561066.536,1454,298,None,Move,browsing
1578561066.544,1456,298,None,Move,browsing
1578561066.6479998,1456,298,Left,Pressed,browsing
1578561066.744,1456,298,Left,Released,browsing
1578561068.056,1456,298,None,Move,browsing
1578561068.077,1454,298,None,Move,browsing
1578561068.09,1453,298,None,Move,browsing
1578561068.972,1451,298,None,Move,browsing
1578561068.979,1450,298,None,Move,browsing
1578561069.596,1448,299,None,Move,browsing
1578561069.604,1448,299,None,Move,browsing
1578561069.6139998,1445,301,None,Move,browsing
1578561069.621,1445,302,None,Move,browsing
1578561069.6320002,1443,302,None,Move,browsing
1578561069.6420002,1439,306,None,Move,browsing
1578561069.649,1436,307,None,Move,browsing
1578561069.658,1433,311,None,Move,browsing
1578561069.668,1432,312,None,Move,browsing
1578561069.677,1432,314,None,Move,browsing
1578561069.685,1429,317,None,Move,browsing
1578561069.695,1428,319,None,Move,browsing
1578561069.702,1427,325,None,Move,browsing
1578561069.712,1427,325,None,Move,browsing
1578561069.719,1427,327,None,Move,browsing
1578561069.729,1427,330,None,Move,browsing
1578561069.7370002,1427,334,None,Move,browsing
1578561069.75,1427,339,None,Move,browsing
1578561069.7629998,1427,340,None,Move,browsing
1578561069.835,1427,340,None,Move,browsing
1578561070.603,1427,341,None,Move,browsing
1578561070.627,1426,344,None,Move,browsing
1578561070.635,1426,344,None,Move,browsing
1578561070.643,1424,347,None,Move,browsing
1578561070.651,1423,350,None,Move,browsing
1578561070.659,1421,353,None,Move,browsing
1578561070.667,1420,356,None,Move,browsing
1578561070.676,1420,358,None,Move,browsing
1578561070.6829998,1420,359,None,Move,browsing
1578561071.404,1420,360,None,Move,browsing
1578561071.42,1420,361,None,Move,browsing
1578561076.4120002,1419,360,None,Move,browsing
1578561076.427,1418,357,None,Move,browsing
1578561076.4429998,1417,355,None,Move,browsing
1578561076.452,1416,353,None,Move,browsing
1578561076.46,1416,352,None,Move,browsing
1578561076.468,1414,349,None,Move,browsing
1578561076.476,1413,346,None,Move,browsing
1578561076.484,1413,346,None,Move,browsing
1578561076.492,1412,345,None,Move,browsing
1578561077.236,1408,342,None,Move,browsing
1578561077.2429998,1408,341,None,Move,browsing
1578561077.2510002,1405,341,None,Move,browsing
1578561077.2589998,1404,340,None,Move,browsing
1578561077.2670002,1402,338,None,Move,browsing
1578561077.276,1399,336,None,Move,browsing
1578561077.284,1398,335,None,Move,browsing
1578561077.292,1396,334,None,Move,browsing
1578561077.3,1394,333,None,Move,browsing
1578561077.3079998,1392,332,None,Move,browsing
1578561077.316,1390,332,None,Move,browsing
1578561077.323,1388,331,None,Move,browsing
1578561077.332,1384,329,None,Move,browsing
1578561077.34,1378,327,None,Move,browsing
1578561077.347,1376,327,None,Move,browsing
1578561077.356,1373,327,None,Move,browsing
1578561077.3639998,1368,327,None,Move,browsing
1578561077.3720002,1365,327,None,Move,browsing
1578561077.38,1360,327,None,Move,browsing
1578561077.3879998,1357,327,None,Move,browsing
1578561077.4020002,1350,327,None,Move,browsing
1578561077.411,1338,330,None,Move,browsing
1578561077.418,1322,332,None,Move,browsing
1578561077.424,1302,337,None,Move,browsing
1578561077.429,1277,340,None,Move,browsing
1578561077.436,1247,346,None,Move,browsing
1578561077.444,1217,351,None,Move,browsing
1578561077.459,1188,357,None,Move,browsing
1578561077.467,1162,360,None,Move,browsing
1578561077.474,1145,363,None,Move,browsing
1578561077.48,1132,366,None,Move,browsing
1578561077.486,1130,368,None,Move,browsing
1578561077.556,1126,369,None,Move,browsing
1578561077.565,1126,369,None,Move,browsing
1578561077.573,1122,370,None,Move,browsing
1578561077.581,1116,373,None,Move,browsing
1578561077.589,1114,374,None,Move,browsing
1578561077.596,1111,375,None,Move,browsing
1578561077.605,1104,377,None,Move,browsing
1578561077.611,1096,380,None,Move,browsing
1578561077.619,1083,384,None,Move,browsing
1578561077.6279998,1068,386,None,Move,browsing
1578561077.6360002,1050,389,None,Move,browsing
1578561077.644,1023,394,None,Move,browsing
1578561077.6520002,994,400,None,Move,browsing
1578561077.66,961,404,None,Move,browsing
1578561077.668,926,408,None,Move,browsing
1578561077.676,890,412,None,Move,browsing
1578561077.6829998,855,416,None,Move,browsing
1578561077.6920002,823,419,None,Move,browsing
1578561077.7,800,423,None,Move,browsing
1578561077.708,784,425,None,Move,browsing
1578561077.716,770,427,None,Move,browsing
1578561077.724,758,428,None,Move,browsing
1578561077.732,750,431,None,Move,browsing
1578561077.74,743,432,None,Move,browsing
1578561077.748,737,433,None,Move,browsing
1578561077.756,732,434,None,Move,browsing
1578561077.764,723,436,None,Move,browsing
1578561077.772,713,440,None,Move,browsing
1578561077.78,700,444,None,Move,browsing
1578561077.7870002,685,449,None,Move,browsing
1578561077.796,670,453,None,Move,browsing
1578561077.804,653,457,None,Move,browsing
1578561077.812,638,461,None,Move,browsing
1578561077.82,623,464,None,Move,browsing
1578561077.832,611,467,None,Move,browsing
1578561077.847,600,469,None,Move,browsing
1578561077.854,599,469,None,Move,browsing
1578561077.86,598,470,None,Move,browsing
1578561077.8660002,596,472,None,Move,browsing
1578561077.8720002,596,473,None,Move,browsing
1578561077.88,595,474,None,Move,browsing
1578561077.8879998,593,475,None,Move,browsing
1578561077.896,593,476,None,Move,browsing
1578561077.904,590,480,None,Move,browsing
1578561077.9120002,589,480,None,Move,browsing
1578561077.92,589,481,None,Move,browsing
1578561077.928,586,484,None,Move,browsing
1578561077.9429998,584,485,None,Move,browsing
1578561077.952,583,488,None,Move,browsing
1578561077.959,581,490,None,Move,browsing
1578561077.968,581,491,None,Move,browsing
1578561077.984,580,491,None,Move,browsing
1578561078.215,579,491,None,Move,browsing
1578561081.211,579,491,None,Move,browsing
1578561081.2270002,580,491,None,Move,browsing
1578561081.235,580,491,None,Move,browsing
1578561081.2429998,582,491,None,Move,browsing
1578561081.2510002,585,491,None,Move,browsing
1578561081.2589998,586,491,None,Move,browsing
1578561081.2670002,588,491,None,Move,browsing
1578561081.275,591,490,None,Move,browsing
1578561081.283,591,490,None,Move,browsing
1578561081.291,593,490,None,Move,browsing
1578561081.3,593,490,None,Move,browsing
1578561085.166,593,486,None,Move,browsing
1578561085.185,593,481,None,Move,browsing
1578561085.1920002,589,474,None,Move,browsing
1578561085.2,584,465,None,Move,browsing
1578561085.208,579,459,None,Move,browsing
1578561085.216,570,450,None,Move,browsing
1578561085.224,556,435,None,Move,browsing
1578561085.232,534,414,None,Move,browsing
1578561085.24,505,387,None,Move,browsing
1578561085.248,467,358,None,Move,browsing
1578561085.256,417,330,None,Move,browsing
1578561085.264,361,300,None,Move,browsing
1578561085.271,295,270,None,Move,browsing
1578561085.28,226,242,None,Move,browsing
1578561085.288,155,216,None,Move,browsing
1578561085.296,84,196,None,Move,browsing
1578561085.304,16,179,None,Move,browsing
1578561085.312,-45,162,None,Move,browsing
1578561085.32,-50,148,None,Move,browsing
1578561085.3279998,-37,138,None,Move,browsing
1578561085.336,-28,130,None,Move,browsing
1578561085.37,-8,126,None,Move,browsing
1578561085.403,-4,123,None,Move,browsing
1578561085.424,-1,119,None,Move,browsing
1578561085.4320002,-1,118,None,Move,browsing
1578561085.44,-1,117,None,Move,browsing
1578561085.448,0,116,None,Move,browsing
1578561085.456,0,114,None,Move,browsing
1578561085.464,0,113,None,Move,browsing
1578561085.471,1,112,None,Move,browsing
1578561085.48,2,110,None,Move,browsing
1578561085.488,2,109,None,Move,browsing
1578561085.496,3,108,None,Move,browsing
1578561085.504,4,107,None,Move,browsing
1578561085.512,5,107,None,Move,browsing
1578561085.52,5,106,None,Move,browsing
1578561085.528,6,105,None,Move,browsing
1578561085.536,6,104,None,Move,browsing
1578561085.544,6,103,None,Move,browsing
1578561085.6479998,8,100,None,Move,browsing
1578561085.65,8,100,None,Move,browsing
1578561085.687,10,97,None,Move,browsing
1578561085.7029998,11,97,None,Move,browsing
1578561085.721,12,93,None,Move,browsing
1578561085.728,12,92,None,Move,browsing
1578561085.736,12,90,None,Move,browsing
1578561085.744,12,87,None,Move,browsing
1578561085.7510002,12,86,None,Move,browsing
1578561085.76,12,85,None,Move,browsing
1578561085.768,12,84,None,Move,browsing
1578561085.771,14,83,None,Move,browsing
1578561085.786,16,79,None,Move,browsing
1578561085.802,20,74,None,Move,browsing
1578561085.8170002,30,68,None,Move,browsing
1578561085.833,45,61,None,Move,browsing
1578561085.851,73,50,None,Move,browsing
1578561085.8660002,115,40,None,Move,browsing
1578561085.887,178,29,None,Move,browsing
1578561085.896,210,23,None,Move,browsing
1578561085.904,240,18,None,Move,browsing
1578561085.9120002,269,14,None,Move,browsing
1578561085.92,291,11,None,Move,browsing
1578561085.927,310,9,None,Move,browsing
1578561085.935,326,8,None,Move,browsing
1578561085.944,341,7,None,Move,browsing
1578561085.952,355,5,None,Move,browsing
1578561085.96,365,5,None,Move,browsing
1578561085.968,375,5,None,Move,browsing
1578561085.976,383,4,None,Move,browsing
1578561085.984,390,3,None,Move,browsing
1578561085.992,396,2,None,Move,browsing
1578561086.0,401,2,None,Move,browsing
1578561086.008,406,2,None,Move,browsing
1578561086.016,409,2,None,Move,browsing
1578561086.024,411,2,None,Move,browsing
1578561086.032,413,2,None,Move,browsing
1578561086.04,415,2,None,Move,browsing
1578561086.048,415,2,None,Move,browsing
1578561086.056,418,2,None,Move,browsing
1578561086.064,419,2,None,Move,browsing
1578561086.072,422,2,None,Move,browsing
1578561086.08,424,2,None,Move,browsing
1578561086.0879998,425,2,None,Move,browsing
1578561086.096,427,2,None,Move,browsing
1578561086.104,428,2,None,Move,browsing
1578561086.948,429,2,Left,Pressed,browsing
1578561086.948,429,2,None,Drag,browsing
1578561086.959,430,2,None,Drag,browsing
1578561087.044,430,2,None,Drag,browsing
1578561087.044,430,2,Left,Released,browsing
1578561088.092,430,2,None,Move,browsing
1578561088.113,429,4,None,Move,browsing
1578561088.129,425,5,None,Move,browsing
1578561088.139,420,5,None,Move,browsing
1578561088.147,419,5,None,Move,browsing
1578561088.155,415,5,None,Move,browsing
1578561088.164,412,7,None,Move,browsing
1578561088.171,411,8,None,Move,browsing
1578561088.179,409,8,None,Move,browsing
1578561088.187,404,8,None,Move,browsing
1578561088.195,401,10,None,Move,browsing
1578561088.2029998,398,10,None,Move,browsing
1578561088.211,395,10,None,Move,browsing
1578561088.219,390,10,None,Move,browsing
1578561088.2270002,387,10,None,Move,browsing
1578561088.236,383,11,None,Move,browsing
1578561088.244,379,11,None,Move,browsing
1578561088.252,377,11,None,Move,browsing
1578561088.26,373,11,None,Move,browsing
1578561088.268,369,11,None,Move,browsing
1578561088.276,369,11,None,Move,browsing
1578561088.284,367,11,None,Move,browsing
1578561088.356,365,11,None,Move,browsing
1578561088.3620002,364,11,None,Move,browsing
1578561088.38,355,12,None,Move,browsing
1578561088.3879998,350,13,None,Move,browsing
1578561088.396,347,14,None,Move,browsing
1578561088.404,344,15,None,Move,browsing
1578561088.4120002,340,16,None,Move,browsing
1578561088.419,335,16,None,Move,browsing
1578561088.427,330,17,None,Move,browsing
1578561088.436,325,17,None,Move,browsing
1578561088.444,321,17,None,Move,browsing
1578561088.452,317,17,None,Move,browsing
1578561088.459,314,17,None,Move,browsing
1578561088.468,310,18,None,Move,browsing
1578561088.475,306,18,None,Move,browsing
1578561088.484,302,18,None,Move,browsing
1578561088.492,297,19,None,Move,browsing
1578561088.5,292,20,None,Move,browsing
1578561088.508,286,20,None,Move,browsing
1578561088.516,281,21,None,Move,browsing
1578561088.53,274,21,None,Move,browsing
1578561088.541,257,22,None,Move,browsing
1578561088.549,249,22,None,Move,browsing
1578561088.556,239,23,None,Move,browsing
1578561088.564,229,23,None,Move,browsing
1578561088.572,219,23,None,Move,browsing
1578561088.587,209,23,None,Move,browsing
1578561088.596,199,23,None,Move,browsing
1578561088.6020002,190,23,None,Move,browsing
1578561088.609,182,23,None,Move,browsing
1578561088.615,173,23,None,Move,browsing
1578561088.62,167,23,None,Move,browsing
1578561088.6279998,165,23,None,Move,browsing
1578561088.6360002,162,23,None,Move,browsing
1578561088.644,162,23,None,Move,browsing
1578561088.66,161,23,None,Move,browsing
1578561088.676,160,23,None,Move,browsing
1578561088.6920002,158,23,None,Move,browsing
1578561088.71,156,23,None,Move,browsing
1578561089.1120002,156,23,None,Move,browsing
1578561089.1279998,159,23,None,Move,browsing
1578561089.147,167,26,None,Move,browsing
1578561089.155,171,26,None,Move,browsing
1578561089.163,176,26,None,Move,browsing
1578561089.171,183,26,None,Move,browsing
1578561089.179,187,27,None,Move,browsing
1578561089.187,194,29,None,Move,browsing
1578561089.195,195,29,None,Move,browsing
1578561089.2029998,200,30,None,Move,browsing
1578561089.211,202,30,None,Move,browsing
1578561089.219,204,31,None,Move,browsing
1578561089.2270002,204,32,None,Move,browsing
1578561089.235,205,33,None,Move,browsing
1578561089.2510002,205,34,None,Move,browsing
1578561089.2589998,205,38,None,Move,browsing
1578561089.268,205,41,None,Move,browsing
1578561089.276,205,44,None,Move,browsing
1578561089.284,205,49,None,Move,browsing
1578561089.292,205,56,None,Move,browsing
1578561089.3,205,65,None,Move,browsing
1578561089.3079998,205,73,None,Move,browsing
1578561089.316,205,80,None,Move,browsing
1578561089.324,205,87,None,Move,browsing
1578561089.332,205,93,None,Move,browsing
1578561089.34,205,98,None,Move,browsing
1578561089.3479998,205,102,None,Move,browsing
1578561089.356,205,103,None,Move,browsing
1578561089.444,206,105,None,Move,browsing
1578561089.452,206,106,None,Move,browsing
1578561089.46,207,107,None,Move,browsing
1578561089.468,207,108,None,Move,browsing
1578561089.476,210,108,None,Move,browsing
1578561089.484,213,108,None,Move,browsing
1578561089.492,217,108,None,Move,browsing
1578561089.5,221,107,None,Move,browsing
1578561089.508,227,106,None,Move,browsing
1578561089.516,232,103,None,Move,browsing
1578561089.524,241,102,None,Move,browsing
1578561089.532,250,100,None,Move,browsing
1578561089.54,258,97,None,Move,browsing
1578561089.548,265,96,None,Move,browsing
1578561089.555,271,95,None,Move,browsing
1578561089.563,276,92,None,Move,browsing
1578561089.571,281,90,None,Move,browsing
1578561089.579,281,90,None,Move,browsing
1578561089.604,284,89,None,Move,browsing
1578561089.6120002,286,87,None,Move,browsing
1578561089.62,286,85,None,Move,browsing
1578561089.6279998,286,85,None,Move,browsing
1578561089.6360002,286,82,None,Move,browsing
1578561089.644,286,81,None,Move,browsing
1578561089.6520002,286,78,None,Move,browsing
1578561089.659,285,74,None,Move,browsing
1578561089.668,283,72,None,Move,browsing
1578561089.684,262,65,None,Move,browsing
1578561089.7,207,52,None,Move,browsing
1578561089.708,167,44,None,Move,browsing
1578561089.716,124,35,None,Move,browsing
1578561089.724,80,24,None,Move,browsing
1578561089.732,40,16,None,Move,browsing
1578561089.74,13,9,None,Move,browsing
1578561089.748,-4,4,None,Move,browsing
1578561089.756,0,4,None,Move,browsing
1578561089.88,-5,2,None,Move,browsing
1578561089.899,0,1,None,Move,browsing
1578561089.91,4,3,None,Move,browsing
1578561089.918,8,6,None,Move,browsing
1578561089.925,16,14,None,Move,browsing
1578561089.9320002,29,29,None,Move,browsing
1578561089.937,57,61,None,Move,browsing
1578561089.944,92,103,None,Move,browsing
1578561089.952,135,161,None,Move,browsing
1578561089.959,179,228,None,Move,browsing
1578561089.968,224,302,None,Move,browsing
1578561089.975,266,378,None,Move,browsing
1578561089.984,303,455,None,Move,browsing
1578561089.9910002,336,524,None,Move,browsing
1578561090.0,359,589,None,Move,browsing
1578561090.0070002,375,646,None,Move,browsing
1578561090.018,387,700,None,Move,browsing
1578561090.025,396,749,None,Move,browsing
1578561090.032,402,792,None,Move,browsing
1578561090.04,407,831,None,Move,browsing
1578561090.048,409,869,None,Move,browsing
1578561090.056,411,907,None,Move,browsing
1578561090.064,411,938,None,Move,browsing
1578561090.072,410,969,None,Move,browsing
1578561090.08,404,996,None,Move,browsing
1578561090.0879998,399,1019,None,Move,browsing
1578561090.096,393,1040,None,Move,browsing
1578561090.111,388,1053,None,Move,browsing
1578561090.117,382,1064,None,Move,browsing
1578561090.1220002,382,1065,None,Move,browsing
1578561090.129,380,1068,None,Move,browsing
1578561090.1360002,378,1069,None,Move,browsing
1578561090.144,377,1069,None,Move,browsing
1578561090.1520002,377,1070,None,Move,browsing
1578561090.16,374,1071,None,Move,browsing
1578561090.168,372,1074,None,Move,browsing
1578561090.176,370,1077,None,Move,browsing
1578561090.184,369,1080,None,Move,browsing
1578561090.1920002,366,1081,None,Move,browsing
1578561090.2,364,1083,None,Move,browsing
1578561090.208,364,1079,None,Move,browsing
1578561090.24,364,1081,None,Move,browsing
1578561090.256,364,1081,None,Move,browsing
1578561090.2870002,371,1084,None,Move,browsing
1578561090.302,373,1080,None,Move,browsing
1578561090.3179998,390,1079,None,Move,browsing
1578561090.33,400,1079,None,Move,browsing
1578561090.332,407,1079,None,Move,browsing
1578561090.347,421,1078,None,Move,browsing
1578561090.363,431,1072,None,Move,browsing
1578561090.371,436,1067,None,Move,browsing
1578561090.387,442,1060,None,Move,browsing
1578561090.534,443,1058,None,Move,browsing
1578561090.55,443,1057,None,Move,browsing
1578561090.572,443,1057,Left,Pressed,browsing
1578561090.688,443,1057,Left,Released,browsing
1578561090.715,443,1057,None,Move,office
1578561090.73,443,1055,None,Move,office
1578561090.746,443,1052,None,Move,office
1578561090.7729998,443,1050,None,Move,office
1578561090.8279998,443,1049,None,Move,office
1578561090.843,443,1047,None,Move,office
1578561090.859,443,1046,None,Move,office
1578561090.873,443,1042,None,Move,office
1578561090.8879998,443,1041,None,Move,office
1578561090.904,443,1041,None,Move,office
1578561090.92,443,1039,None,Move,office
1578561090.935,443,1036,None,Move,office
1578561090.951,443,1033,None,Move,office
1578561090.966,443,1031,None,Move,office
1578561090.9729998,443,1030,None,Move,office
1578561090.9889998,443,1026,None,Move,office
1578561091.004,443,1026,None,Move,office
1578561091.02,443,1017,None,Move,office
1578561091.035,443,1011,None,Move,office
1578561091.051,443,1003,None,Move,office
1578561091.073,446,996,None,Move,office
1578561091.089,446,993,None,Move,office
1578561091.105,446,987,None,Move,office
1578561091.12,447,980,None,Move,office
1578561091.1360002,448,977,None,Move,office
1578561091.151,450,971,None,Move,office
1578561091.167,451,966,None,Move,office
1578561091.174,455,959,None,Move,office
1578561091.189,458,952,None,Move,office
1578561091.195,461,945,None,Move,office
1578561091.201,468,934,None,Move,office
1578561091.208,476,923,None,Move,office
1578561091.216,484,911,None,Move,office
1578561091.224,494,897,None,Move,office
1578561091.225,506,882,None,Move,office
1578561091.2410002,531,860,None,Move,office
1578561091.2570002,543,849,None,Move,office
1578561091.274,570,832,None,Move,office
1578561091.289,610,813,None,Move,office
1578561091.305,636,803,None,Move,office
1578561091.321,649,799,None,Move,office
1578561091.336,677,791,None,Move,office
1578561091.3520002,699,787,None,Move,office
1578561091.367,715,783,None,Move,office
1578561091.373,722,782,None,Move,office
1578561091.389,732,781,None,Move,office
1578561091.405,734,781,None,Move,office
1578561091.42,740,778,None,Move,office
1578561091.452,741,778,None,Move,office
1578561091.474,745,777,None,Move,office
1578561091.4889998,751,770,None,Move,office
1578561091.505,766,756,None,Move,office
1578561091.521,775,747,None,Move,office
1578561091.536,784,739,None,Move,office
1578561091.552,803,721,None,Move,office
1578561091.576,819,706,None,Move,office
1578561091.579,822,700,None,Move,office
1578561091.595,825,695,None,Move,office
1578561091.61,825,694,None,Move,office
1578561091.641,825,693,None,Move,office
1578561091.752,825,693,None,Move,office
1578561091.821,822,693,None,Move,office
1578561091.837,821,693,None,Move,office
1578561091.853,819,693,None,Move,office
1578561091.8679998,817,693,None,Move,office
1578561091.875,816,693,None,Move,office
1578561091.89,814,693,None,Move,office
1578561091.906,811,693,None,Move,office
1578561091.9220002,807,693,None,Move,office
1578561091.937,803,693,None,Move,office
1578561091.9529998,794,691,None,Move,office
1578561091.968,791,691,None,Move,office
1578561091.975,787,691,None,Move,office
1578561091.992,779,691,None,Move,office
1578561091.996,774,691,None,Move,office
1578561092.0110002,763,691,None,Move,office
1578561092.0270002,755,691,None,Move,office
1578561092.048,750,691,None,Move,office
1578561092.123,748,691,None,Move,office
1578561092.1379998,745,691,None,Move,office
1578561092.154,743,691,None,Move,office
1578561092.169,738,689,None,Move,office
1578561092.177,736,689,None,Move,office
1578561092.184,733,689,None,Move,office
1578561092.1920002,728,689,None,Move,office
1578561092.2,724,689,None,Move,office
1578561092.208,719,689,None,Move,office
1578561092.216,714,689,None,Move,office
1578561092.224,709,689,None,Move,office
1578561092.232,705,689,None,Move,office
1578561092.24,703,689,None,Move,office
1578561092.248,703,689,None,Move,office
1578561092.2589998,699,689,None,Move,office
1578561092.265,698,689,None,Move,office
1578561092.272,697,689,None,Move,office
1578561092.28,695,689,None,Move,office
1578561092.288,695,689,None,Move,office
1578561092.296,694,689,None,Move,office
1578561092.304,692,689,None,Move,office
1578561092.312,690,689,None,Move,office
1578561092.32,686,689,None,Move,office
1578561092.3279998,683,689,None,Move,office
1578561092.336,681,689,None,Move,office
1578561092.343,676,689,None,Move,office
1578561092.3520002,674,688,None,Move,office
1578561092.36,671,688,None,Move,office
1578561092.3679998,670,688,None,Move,office
1578561092.3760002,669,688,None,Move,office
1578561092.3839998,668,688,None,Move,office
1578561092.456,666,688,None,Move,office
1578561092.471,665,688,None,Move,office
1578561092.486,663,688,None,Move,office
1578561092.495,662,688,None,Move,office
1578561092.601,662,688,None,Move,office
1578561092.6220002,661,688,None,Move,office
1578561092.6320002,659,688,None,Move,office
1578561092.639,659,688,None,Move,office
1578561092.6479998,658,688,None,Move,office
1578561092.664,654,688,None,Move,office
1578561092.6720002,653,688,None,Move,office
1578561092.68,651,688,None,Move,office
1578561092.688,651,688,None,Move,office
1578561092.696,648,688,None,Move,office
1578561092.704,648,688,None,Move,office
1578561093.226,648,688,Right,Pressed,office
1578561093.35,648,688,Right,Released,office
1578561093.543,647,688,None,Move,office
1578561093.5579998,647,688,None,Move,office
1578561093.58,647,688,None,Move,office
1578561093.596,650,688,None,Move,office
1578561093.6120002,654,688,None,Move,office
1578561093.617,656,688,None,Move,office
1578561093.633,659,688,None,Move,office
1578561093.6479998,663,688,None,Move,office
1578561093.664,664,688,None,Move,office
1578561093.681,668,688,None,Move,office
1578561093.696,669,688,None,Move,office
1578561093.758,669,688,None,Move,office
1578561093.827,669,688,Left,Pressed,office
1578561093.959,669,688,Left,Released,office
1578561094.075,672,688,None,Move,office
1578561094.081,673,690,None,Move,office
1578561094.097,680,695,None,Move,office
1578561094.1120002,685,699,None,Move,office
1578561094.1279998,689,700,None,Move,office
1578561094.144,691,702,None,Move,office
1578561094.16,693,702,None,Move,office
1578561094.175,695,705,None,Move,office
1578561094.181,700,708,None,Move,office
1578561094.201,701,710,None,Move,office
1578561094.217,705,711,None,Move,office
1578561094.232,706,711,None,Move,office
1578561094.3,706,711,Left,Pressed,office
1578561094.4120002,706,711,Left,Released,office
1578561094.633,707,712,None,Move,office
1578561094.6479998,706,716,None,Move,office
1578561094.664,702,726,None,Move,office
1578561094.679,693,741,None,Move,office
1578561094.686,688,753,None,Move,office
1578561094.702,672,786,None,Move,office
1578561094.717,654,827,None,Move,office
1578561094.7329998,633,875,None,Move,office
1578561094.748,622,900,None,Move,office
1578561094.764,603,947,None,Move,office
1578561094.78,587,987,None,Move,office
1578561094.786,581,1002,None,Move,office
1578561094.802,570,1028,None,Move,office
1578561094.8170002,564,1047,None,Move,office
1578561094.833,560,1062,None,Move,office
1578561094.849,560,1072,None,Move,office
1578561094.875,560,1079,None,Move,office
1578561094.8860002,560,1081,None,Move,office
1578561094.9020002,560,1080,None,Move,office
1578561094.917,559,1082,None,Move,office
1578561094.9329998,558,1082,None,Move,office
1578561094.949,557,1081,None,Move,office
1578561094.964,556,1079,None,Move,office
1578561095.065,555,1079,None,Move,office
1578561095.087,555,1079,None,Move,office
1578561095.1020002,550,1079,None,Move,office
1578561095.1179998,547,1079,None,Move,office
1578561095.133,546,1079,None,Move,office
1578561095.229,546,1079,Left,Pressed,office
1578561095.34,546,1079,Left,Released,office
1578561095.5,549,1079,None,Move,browsing
1578561095.521,551,1078,None,Move,browsing
1578561095.533,555,1078,None,Move,browsing
1578561095.541,556,1078,None,Move,browsing
1578561095.5470002,557,1078,None,Move,browsing
1578561095.596,558,1077,None,Move,browsing
1578561095.604,559,1077,None,Move,browsing
1578561095.6120002,562,1073,None,Move,browsing
1578561095.621,569,1067,None,Move,browsing
1578561095.6279998,574,1064,None,Move,browsing
1578561095.6360002,581,1057,None,Move,browsing
1578561095.644,592,1049,None,Move,browsing
1578561095.6520002,608,1039,None,Move,browsing
1578561095.66,629,1025,None,Move,browsing
1578561095.6829998,653,1009,None,Move,browsing
1578561095.69,698,965,None,Move,browsing
1578561095.695,727,930,None,Move,browsing
1578561095.701,752,887,None,Move,browsing
1578561095.708,781,830,None,Move,browsing
1578561095.716,811,764,None,Move,browsing
1578561095.724,845,692,None,Move,browsing
1578561095.7329998,877,613,None,Move,browsing
1578561095.74,903,535,None,Move,browsing
1578561095.7489998,926,464,None,Move,browsing
1578561095.758,948,399,None,Move,browsing
1578561095.765,968,338,None,Move,browsing
1578561095.776,989,286,None,Move,browsing
1578561095.784,1005,241,None,Move,browsing
1578561095.793,1018,200,None,Move,browsing
1578561095.801,1026,163,None,Move,browsing
1578561095.809,1036,129,None,Move,browsing
1578561095.8170002,1046,95,None,Move,browsing
1578561095.825,1054,62,None,Move,browsing
1578561095.833,1064,28,None,Move,browsing
1578561095.841,1071,-3,None,Move,browsing
1578561095.85,1080,-24,None,Move,browsing
1578561095.857,1088,-22,None,Move,browsing
1578561095.8639998,1098,-19,None,Move,browsing
1578561095.8720002,1107,-16,None,Move,browsing
1578561095.88,1114,-13,None,Move,browsing
1578561095.8879998,1121,-9,None,Move,browsing
1578561095.896,1128,-8,None,Move,browsing
1578561095.904,1130,0,None,Move,browsing
1578561095.9120002,1136,-3,None,Move,browsing
1578561095.927,1138,0,None,Move,browsing
1578561095.936,1142,-1,None,Move,browsing
1578561095.944,1145,-2,None,Move,browsing
1578561095.952,1148,-2,None,Move,browsing
1578561095.96,1152,-2,None,Move,browsing
1578561095.968,1154,-2,None,Move,browsing
1578561095.976,1155,-3,None,Move,browsing
1578561096.0,1156,0,None,Move,browsing
1578561096.032,1158,0,None,Move,browsing
1578561096.04,1158,0,None,Move,browsing
1578561096.048,1160,0,None,Move,browsing
1578561096.056,1161,0,None,Move,browsing
1578561096.064,1162,-1,None,Move,browsing
1578561096.072,1164,0,None,Move,browsing
1578561096.08,1169,-2,None,Move,browsing
1578561096.0879998,1171,-1,None,Move,browsing
1578561096.096,1175,-1,None,Move,browsing
1578561096.104,1175,0,None,Move,browsing
1578561096.1120002,1176,0,None,Move,browsing
1578561096.127,1177,0,None,Move,browsing
1578561096.1360002,1179,0,None,Move,browsing
1578561096.143,1180,0,None,Move,browsing
1578561096.149,1182,0,None,Move,browsing
1578561096.155,1183,0,None,Move,browsing
1578561096.161,1185,1,None,Move,browsing
1578561096.169,1188,5,None,Move,browsing
1578561096.176,1188,7,None,Move,browsing
1578561096.184,1191,10,None,Move,browsing
1578561096.1920002,1193,16,None,Move,browsing
1578561096.2,1196,18,None,Move,browsing
1578561096.208,1199,23,None,Move,browsing
1578561096.224,1204,29,None,Move,browsing
1578561096.234,1206,32,None,Move,browsing
1578561096.272,1206,32,None,Move,browsing
1578561096.28,1207,32,None,Move,browsing
1578561096.304,1210,32,None,Move,browsing
1578561096.312,1210,32,None,Move,browsing
1578561096.32,1211,32,None,Move,browsing
1578561096.336,1212,32,None,Move,browsing
1578561096.416,1212,32,None,Move,browsing
1578561096.424,1212,31,None,Move,browsing
1578561096.4320002,1212,30,None,Move,browsing
1578561096.44,1212,23,None,Move,browsing
1578561096.448,1212,18,None,Move,browsing
1578561096.456,1212,13,None,Move,browsing
1578561096.464,1212,9,None,Move,browsing
1578561096.472,1212,5,None,Move,browsing
1578561096.592,1212,5,None,Move,browsing
1578561096.601,1212,6,None,Move,browsing
1578561096.617,1212,10,None,Move,browsing
1578561096.6320002,1212,15,None,Move,browsing
1578561096.6479998,1212,17,None,Move,browsing
1578561096.664,1215,20,None,Move,browsing
1578561096.7329998,1216,21,None,Move,browsing
1578561096.752,1218,22,None,Move,browsing
1578561096.768,1218,21,None,Move,browsing
1578561096.8,1221,21,None,Move,browsing
1578561096.8079998,1222,21,None,Move,browsing
1578561096.944,1222,21,Left,Pressed,browsing
1578561097.089,1222,21,Left,Released,browsing
1578561097.096,1222,21,None,Move,browsing
1578561097.12,1223,23,None,Move,browsing
1578561097.137,1222,31,None,Move,browsing
1578561097.1520002,1217,41,None,Move,browsing
1578561097.16,1211,50,None,Move,browsing
1578561097.167,1205,61,None,Move,browsing
1578561097.176,1196,74,None,Move,browsing
1578561097.1829998,1186,91,None,Move,browsing
1578561097.1920002,1172,114,None,Move,browsing
1578561097.2,1156,141,None,Move,browsing
1578561097.207,1141,167,None,Move,browsing
1578561097.215,1126,194,None,Move,browsing
1578561097.226,1111,220,None,Move,browsing
1578561097.236,1098,246,None,Move,browsing
1578561097.2489998,1072,298,None,Move,browsing
1578561097.258,1063,326,None,Move,browsing
1578561097.269,1054,350,None,Move,browsing
1578561097.276,1045,378,None,Move,browsing
1578561097.283,1036,406,None,Move,browsing
1578561097.293,1027,430,None,Move,browsing
1578561097.3079998,1010,474,None,Move,browsing
1578561097.323,998,501,None,Move,browsing
1578561097.33,993,510,None,Move,browsing
1578561097.339,992,511,None,Move,browsing
1578561097.344,991,512,None,Move,browsing
1578561097.471,989,515,None,Move,browsing
1578561097.479,988,516,None,Move,browsing
1578561097.4870002,987,517,None,Move,browsing
1578561097.495,987,517,None,Move,browsing
1578561097.5029998,985,519,None,Move,browsing
1578561097.5110002,984,520,None,Move,browsing
1578561097.519,982,522,None,Move,browsing
1578561097.5270002,982,523,None,Move,browsing
1578561097.535,981,524,None,Move,browsing
1578561097.551,977,525,None,Move,browsing
1578561097.56,977,526,None,Move,browsing
1578561097.577,968,534,None,Move,browsing
1578561097.587,967,537,None,Move,browsing
1578561097.6,959,543,None,Move,browsing
1578561097.6079998,952,548,None,Move,browsing
1578561097.621,944,555,None,Move,browsing
1578561097.631,935,560,None,Move,browsing
1578561097.646,919,569,None,Move,browsing
1578561097.659,917,569,None,Move,browsing
1578561097.696,916,569,None,Move,browsing
1578561097.705,915,569,None,Move,browsing
1578561097.712,913,569,None,Move,browsing
1578561097.7229998,912,569,None,Move,browsing
1578561097.95,910,569,None,Move,browsing
1578561097.965,908,562,None,Move,browsing
1578561097.986,907,554,None,Move,browsing
1578561097.9929998,905,547,None,Move,browsing
1578561098.005,905,545,None,Move,browsing
1578561098.0110002,904,541,None,Move,browsing
1578561098.018,904,541,None,Move,browsing
1578561098.028,904,539,None,Move,browsing
1578561098.039,904,537,None,Move,browsing
1578561098.045,904,537,None,Move,browsing
1578561098.184,904,536,Left,Pressed,browsing
1578561098.184,904,536,None,Drag,browsing
1578561098.184,904,536,Left,Released,browsing
1578561098.915,904,535,None,Move,browsing
1578561098.9320002,904,535,None,Move,browsing
1578561098.94,904,533,None,Move,browsing
1578561098.948,904,532,None,Move,browsing
1578561098.956,904,528,None,Move,browsing
1578561098.964,904,527,None,Move,browsing
1578561098.972,903,526,None,Move,browsing
1578561098.98,903,526,None,Move,browsing
1578561098.988,903,523,None,Move,browsing
1578561098.996,903,523,None,Move,browsing
1578561099.004,903,521,None,Move,browsing
1578561099.204,903,519,None,Move,browsing
1578561099.212,903,519,None,Move,browsing
1578561099.22,902,516,None,Move,browsing
1578561099.228,901,516,None,Move,browsing
1578561099.38,901,514,None,Move,browsing
1578561099.401,901,513,None,Move,browsing
1578561099.4120002,899,509,None,Move,browsing
1578561099.421,899,508,None,Move,browsing
1578561099.428,899,507,None,Move,browsing
1578561099.435,899,506,None,Move,browsing
1578561099.572,899,506,None,Move,browsing
1578561099.5879998,897,506,None,Move,browsing
1578561099.597,896,506,None,Move,browsing
1578561099.606,896,505,None,Move,browsing
1578561099.6120002,895,504,None,Move,browsing
1578561099.635,894,504,None,Move,browsing
1578561099.6520002,893,502,None,Move,browsing
1578561099.66,891,499,None,Move,browsing
1578561099.668,889,498,None,Move,browsing
1578561099.676,887,497,None,Move,browsing
1578561099.684,884,497,None,Move,browsing
1578561099.6920002,881,497,None,Move,browsing
1578561099.7,880,497,None,Move,browsing
1578561099.708,878,497,None,Move,browsing
1578561099.716,877,497,None,Move,browsing
1578561099.724,876,497,None,Move,browsing
1578561099.732,874,497,None,Move,browsing
1578561099.74,872,497,None,Move,browsing
1578561099.748,867,492,None,Move,browsing
1578561099.756,863,491,None,Move,browsing
1578561099.764,859,490,None,Move,browsing
1578561099.772,853,487,None,Move,browsing
1578561099.78,850,485,None,Move,browsing
1578561099.788,846,483,None,Move,browsing
1578561099.796,842,481,None,Move,browsing
1578561099.804,836,477,None,Move,browsing
1578561099.812,830,474,None,Move,browsing
1578561099.82,826,472,None,Move,browsing
1578561099.8279998,825,470,None,Move,browsing
1578561099.836,823,467,None,Move,browsing
1578561099.844,821,466,None,Move,browsing
1578561099.8520002,821,466,None,Move,browsing
1578561099.861,819,462,None,Move,browsing
1578561099.8679998,819,461,None,Move,browsing
1578561099.879,818,458,None,Move,browsing
1578561099.894,817,454,None,Move,browsing
1578561099.9,817,453,None,Move,browsing
1578561099.9120002,817,451,None,Move,browsing
1578561099.919,817,450,None,Move,browsing
1578561100.0029998,817,448,None,Move,browsing
1578561100.012,817,447,None,Move,browsing
1578561100.02,817,446,None,Move,browsing
1578561100.244,817,445,None,Move,browsing
1578561100.436,815,445,None,Move,browsing
1578561100.444,815,445,None,Move,browsing
1578561100.452,812,445,None,Move,browsing
1578561100.46,810,445,None,Move,browsing
1578561100.468,808,447,None,Move,browsing
1578561100.476,805,449,None,Move,browsing
1578561100.484,801,451,None,Move,browsing
1578561100.492,799,452,None,Move,browsing
1578561100.5,796,455,None,Move,browsing
1578561100.508,793,456,None,Move,browsing
1578561100.516,793,456,None,Move,browsing
1578561100.74,792,456,None,Move,browsing
1578561100.76,792,455,None,Move,browsing
1578561100.771,792,454,None,Move,browsing
1578561100.778,793,454,None,Move,browsing
1578561100.784,793,453,None,Move,browsing
1578561100.79,794,450,None,Move,browsing
1578561100.796,795,450,None,Move,browsing
1578561100.804,795,450,None,Move,browsing
1578561100.812,796,449,None,Move,browsing
1578561100.82,798,447,None,Move,browsing
1578561100.8279998,799,447,None,Move,browsing
1578561100.836,800,445,None,Move,browsing
1578561100.844,801,444,None,Move,browsing
1578561100.8520002,804,441,None,Move,browsing
1578561100.86,804,440,None,Move,browsing
1578561100.8679998,806,438,None,Move,browsing
1578561100.8760002,807,437,None,Move,browsing
1578561100.8839998,807,436,None,Move,browsing
1578561100.8920002,807,434,None,Move,browsing
1578561101.809,807,434,None,Move,browsing
1578561101.824,811,434,None,Move,browsing
1578561101.832,816,434,None,Move,browsing
1578561101.84,821,434,None,Move,browsing
1578561101.8479998,825,434,None,Move,browsing
1578561101.856,827,434,None,Move,browsing
1578561101.8639998,830,434,None,Move,browsing
1578561101.8720002,832,434,None,Move,browsing
1578561101.88,833,434,None,Move,browsing
1578561101.8879998,835,434,None,Move,browsing
1578561101.896,835,434,None,Move,browsing
1578561101.903,838,434,None,Move,browsing
1578561101.9120002,839,434,None,Move,browsing
1578561102.104,839,434,None,Move,browsing
1578561102.12,839,434,None,Move,browsing
1578561102.488,839,436,None,Move,browsing
1578561102.4970002,839,436,None,Move,browsing
1578561102.512,839,439,None,Move,browsing
1578561102.52,839,440,None,Move,browsing
1578561102.529,839,442,None,Move,browsing
1578561102.535,839,443,None,Move,browsing
1578561102.543,839,445,None,Move,browsing
1578561102.551,839,446,None,Move,browsing
1578561104.8520002,839,446,None,Move,browsing
1578561104.8679998,834,446,None,Move,browsing
1578561104.8760002,829,443,None,Move,browsing
1578561104.879,826,441,None,Move,browsing
1578561104.8920002,823,440,None,Move,browsing
1578561104.9,815,436,None,Move,browsing
1578561104.908,799,429,None,Move,browsing
1578561104.916,779,420,None,Move,browsing
1578561104.924,749,404,None,Move,browsing
1578561104.9320002,714,387,None,Move,browsing
1578561104.94,675,370,None,Move,browsing
1578561104.948,636,350,None,Move,browsing
1578561104.956,597,333,None,Move,browsing
1578561104.9629998,564,317,None,Move,browsing
1578561104.972,538,304,None,Move,browsing
1578561104.98,519,294,None,Move,browsing
1578561104.988,507,287,None,Move,browsing
1578561104.996,506,286,None,Move,browsing
1578561105.072,502,285,None,Move,browsing
1578561105.087,502,285,None,Move,browsing
1578561105.1,503,286,None,Move,browsing
1578561105.1079998,505,287,None,Move,browsing
1578561105.1160002,505,288,None,Move,browsing
1578561105.156,506,288,None,Move,browsing
1578561105.1720002,506,290,None,Move,browsing
1578561105.18,505,291,None,Move,browsing
1578561105.195,505,291,None,Move,browsing
1578561105.3720002,501,291,None,Move,browsing
1578561105.38,501,291,None,Move,browsing
1578561105.3879998,498,291,None,Move,browsing
1578561105.396,495,289,None,Move,browsing
1578561105.404,493,289,None,Move,browsing
1578561105.411,487,286,None,Move,browsing
1578561105.42,485,285,None,Move,browsing
1578561105.428,479,280,None,Move,browsing
1578561105.436,475,277,None,Move,browsing
1578561105.4429998,469,275,None,Move,browsing
1578561105.452,466,270,None,Move,browsing
1578561105.46,462,268,None,Move,browsing
1578561105.468,459,265,None,Move,browsing
1578561105.476,453,263,None,Move,browsing
1578561105.484,447,258,None,Move,browsing
1578561105.492,443,254,None,Move,browsing
1578561105.4989998,438,251,None,Move,browsing
1578561105.5070002,434,248,None,Move,browsing
1578561105.516,430,246,None,Move,browsing
1578561105.5229998,426,243,None,Move,browsing
1578561105.532,420,238,None,Move,browsing
1578561105.54,414,234,None,Move,browsing
1578561105.548,408,230,None,Move,browsing
1578561105.556,406,229,None,Move,browsing
1578561105.564,406,229,None,Move,browsing
1578561105.707,405,228,None,Move,browsing
1578561105.827,403,228,None,Move,browsing
1578561105.844,403,228,None,Move,browsing
1578561105.8520002,402,227,None,Move,browsing
1578561105.86,400,225,None,Move,browsing
1578561105.8679998,398,224,None,Move,browsing
1578561105.8760002,397,224,None,Move,browsing
1578561105.883,394,221,None,Move,browsing
1578561105.8920002,391,220,None,Move,browsing
1578561105.9,387,217,None,Move,browsing
1578561105.907,385,215,None,Move,browsing
1578561105.916,384,213,None,Move,browsing
1578561105.924,380,211,None,Move,browsing
1578561105.9320002,379,211,None,Move,browsing
1578561105.94,376,209,None,Move,browsing
1578561105.948,376,208,None,Move,browsing
1578561105.956,374,208,None,Move,browsing
1578561105.964,369,205,None,Move,browsing
1578561105.972,368,204,None,Move,browsing
1578561105.98,367,203,None,Move,browsing
1578561105.988,366,203,None,Move,browsing
1578561106.521,365,203,None,Move,browsing
1578561106.543,365,203,None,Move,browsing
1578561106.564,371,209,None,Move,browsing
1578561106.572,374,212,None,Move,browsing
1578561106.58,375,215,None,Move,browsing
1578561106.5879998,379,219,None,Move,browsing
1578561106.596,383,223,None,Move,browsing
1578561106.604,389,229,None,Move,browsing
1578561106.6120002,398,237,None,Move,browsing
1578561106.62,409,247,None,Move,browsing
1578561106.6279998,422,258,None,Move,browsing
1578561106.6360002,435,269,None,Move,browsing
1578561106.644,447,281,None,Move,browsing
1578561106.6520002,460,290,None,Move,browsing
1578561106.66,472,299,None,Move,browsing
1578561106.668,484,307,None,Move,browsing
1578561106.675,497,315,None,Move,browsing
1578561106.6829998,511,323,None,Move,browsing
1578561106.691,525,332,None,Move,browsing
1578561106.7,539,340,None,Move,browsing
1578561106.708,555,351,None,Move,browsing
1578561106.716,572,361,None,Move,browsing
1578561106.724,592,373,None,Move,browsing
1578561106.732,612,384,None,Move,browsing
1578561106.74,635,399,None,Move,browsing
1578561106.748,659,413,None,Move,browsing
1578561106.756,683,430,None,Move,browsing
1578561106.764,703,444,None,Move,browsing
1578561106.772,720,454,None,Move,browsing
1578561106.78,732,461,None,Move,browsing
1578561106.788,743,468,None,Move,browsing
1578561106.796,751,473,None,Move,browsing
1578561106.804,755,476,None,Move,browsing
1578561106.96,755,477,None,Move,browsing
1578561106.975,754,477,None,Move,browsing
1578561106.996,749,477,None,Move,browsing
1578561107.004,745,477,None,Move,browsing
1578561107.012,743,477,None,Move,browsing
1578561107.02,741,477,None,Move,browsing
1578561107.028,737,476,None,Move,browsing
1578561107.036,731,474,None,Move,browsing
1578561107.044,724,471,None,Move,browsing
1578561107.052,715,469,None,Move,browsing
1578561107.06,706,465,None,Move,browsing
1578561107.0679998,694,460,None,Move,browsing
1578561107.075,682,453,None,Move,browsing
1578561107.084,668,446,None,Move,browsing
1578561107.092,654,439,None,Move,browsing
1578561107.1,640,432,None,Move,browsing
1578561107.1079998,626,427,None,Move,browsing
1578561107.1160002,613,421,None,Move,browsing
1578561107.1239998,600,416,None,Move,browsing
1578561107.1320002,590,410,None,Move,browsing
1578561107.14,579,406,None,Move,browsing
1578561107.1479998,570,403,None,Move,browsing
1578561107.156,563,400,None,Move,browsing
1578561107.164,557,397,None,Move,browsing
1578561107.1720002,557,396,None,Move,browsing
1578561107.18,556,396,None,Move,browsing
1578561107.188,555,395,None,Move,browsing
1578561107.196,554,394,None,Move,browsing
1578561107.204,553,394,None,Move,browsing
1578561107.29,551,393,None,Move,browsing
1578561107.306,550,391,None,Move,browsing
1578561107.322,546,389,None,Move,browsing
1578561107.329,540,384,None,Move,browsing
1578561107.333,536,381,None,Move,browsing
1578561107.34,530,375,None,Move,browsing
1578561107.3479998,525,371,None,Move,browsing
1578561107.356,518,363,None,Move,browsing
1578561107.3639998,507,354,None,Move,browsing
1578561107.3720002,492,341,None,Move,browsing
1578561107.38,475,322,None,Move,browsing
1578561107.3879998,457,300,None,Move,browsing
1578561107.396,436,275,None,Move,browsing
1578561107.404,417,250,None,Move,browsing
1578561107.4120002,400,226,None,Move,browsing
1578561107.42,389,209,None,Move,browsing
1578561107.428,384,202,None,Move,browsing
1578561107.436,383,200,None,Move,browsing
1578561107.444,382,198,None,Move,browsing
1578561107.452,382,198,None,Move,browsing
1578561107.466,382,197,None,Move,browsing
1578561107.4729998,382,196,None,Move,browsing
1578561107.48,382,193,None,Move,browsing
1578561107.485,383,190,None,Move,browsing
1578561107.492,384,189,None,Move,browsing
1578561107.5,385,187,None,Move,browsing
1578561107.508,385,186,None,Move,browsing
1578561107.516,386,185,None,Move,browsing
1578561107.524,387,183,None,Move,browsing
1578561107.532,389,181,None,Move,browsing
1578561107.54,390,178,None,Move,browsing
1578561107.548,392,177,None,Move,browsing
1578561107.556,393,176,None,Move,browsing
1578561107.564,393,174,None,Move,browsing
1578561107.572,395,172,None,Move,browsing
1578561107.58,396,171,None,Move,browsing
1578561107.5879998,399,171,None,Move,browsing
1578561107.6020002,402,170,None,Move,browsing
1578561107.611,406,165,None,Move,browsing
1578561107.6179998,413,164,None,Move,browsing
1578561107.623,419,162,None,Move,browsing
1578561107.629,425,160,None,Move,browsing
1578561107.6360002,427,157,None,Move,browsing
1578561107.644,433,155,None,Move,browsing
1578561107.6520002,439,151,None,Move,browsing
1578561107.66,445,148,None,Move,browsing
1578561107.668,449,146,None,Move,browsing
1578561107.756,449,146,Left,Pressed,browsing
1578561107.904,449,146,Left,Released,browsing
1578561107.968,450,144,None,Move,browsing
1578561107.976,454,144,None,Move,browsing
1578561107.9829998,465,143,None,Move,browsing
1578561107.992,480,141,None,Move,browsing
1578561107.9989998,492,140,None,Move,browsing
1578561108.008,493,140,None,Move,browsing
1578561111.7,496,140,None,Move,browsing
1578561111.708,501,140,None,Move,browsing
1578561111.716,506,140,None,Move,browsing
1578561111.724,514,141,None,Move,browsing
1578561111.732,517,141,None,Move,browsing
1578561111.74,522,142,None,Move,browsing
1578561111.748,529,144,None,Move,browsing
1578561111.756,536,145,None,Move,browsing
1578561111.764,547,146,None,Move,browsing
1578561111.772,556,150,None,Move,browsing
1578561111.78,566,152,None,Move,browsing
1578561111.7870002,576,156,None,Move,browsing
1578561111.795,587,162,None,Move,browsing
1578561111.804,601,167,None,Move,browsing
1578561111.812,608,171,None,Move,browsing
1578561111.821,621,178,None,Move,browsing
1578561111.8279998,636,185,None,Move,browsing
1578561111.836,658,193,None,Move,browsing
1578561111.844,686,202,None,Move,browsing
1578561111.8520002,717,212,None,Move,browsing
1578561111.86,748,221,None,Move,browsing
1578561111.8679998,779,231,None,Move,browsing
1578561111.8760002,810,241,None,Move,browsing
1578561111.8839998,841,250,None,Move,browsing
1578561111.8920002,868,258,None,Move,browsing
1578561111.9,889,264,None,Move,browsing
1578561111.908,906,270,None,Move,browsing
1578561111.916,922,275,None,Move,browsing
1578561111.924,934,281,None,Move,browsing
1578561111.9320002,944,286,None,Move,browsing
1578561111.94,954,291,None,Move,browsing
1578561111.948,961,296,None,Move,browsing
1578561111.956,966,301,None,Move,browsing
1578561111.964,969,305,None,Move,browsing
1578561111.966,971,311,None,Move,browsing
1578561111.988,972,323,None,Move,browsing
1578561111.996,972,328,None,Move,browsing
1578561112.012,972,339,None,Move,browsing
1578561112.019,971,344,None,Move,browsing
1578561112.0270002,970,348,None,Move,browsing
1578561112.035,969,352,None,Move,browsing
1578561112.043,967,358,None,Move,browsing
1578561112.051,966,363,None,Move,browsing
1578561112.059,965,368,None,Move,browsing
1578561112.0670002,964,374,None,Move,browsing
1578561112.075,962,379,None,Move,browsing
1578561112.083,961,385,None,Move,browsing
1578561112.091,961,388,None,Move,browsing
1578561112.099,961,391,None,Move,browsing
1578561112.107,961,393,None,Move,browsing
