client_timestamp,x,y,button,state,window
1570175237.139,981,452,None,Move,office
1570175237.156,980,452,None,Move,office
1570175237.164,977,452,None,Move,office
1570175337.825,975,452,None,Move,office
1570175339.1620002,970,452,None,Move,office
1570175339.178,969,452,None,Move,office
1570175339.194,925,479,None,Move,office
1570175339.216,851,560,None,Move,office
1570175339.221,819,601,None,Move,office
1570175339.2370002,761,686,None,Move,office
1570175339.2529998,711,761,None,Move,office
1570175339.269,679,803,None,Move,office
1570175339.286,658,830,None,Move,office
1570175339.302,637,852,None,Move,office
1570175339.3179998,620,869,None,Move,office
1570175339.333,608,883,None,Move,office
1570175339.351,605,886,None,Move,office
1570175339.4320002,605,886,None,Move,office
1570175339.439,605,883,None,Move,office
1570175339.455,605,882,None,Move,office
1570175339.7489998,604,882,None,Move,office
1570175339.765,600,882,None,Move,office
1570175339.78,592,883,None,Move,office
1570175339.796,580,887,None,Move,office
1570175339.812,571,895,None,Move,office
1570175339.827,559,905,None,Move,office
1570175339.843,534,923,None,Move,office
1570175339.8579998,508,939,None,Move,office
1570175339.8739998,490,954,None,Move,office
1570175339.891,483,960,None,Move,office
1570175339.907,468,978,None,Move,office
1570175339.923,458,993,None,Move,office
1570175339.938,448,1008,None,Move,office
1570175339.954,440,1024,None,Move,office
1570175339.97,436,1036,None,Move,office
1570175339.985,431,1050,None,Move,office
1570175340.0010002,430,1064,None,Move,office
1570175340.016,430,1073,None,Move,office
1570175340.032,430,1076,None,Move,office
1570175340.079,430,1077,None,Move,office
1570175340.095,430,1078,None,Move,office
1570175340.11,430,1080,None,Move,office
1570175340.1420002,428,1081,None,Move,office
1570175340.157,427,1079,None,Move,office
1570175340.176,424,1081,None,Move,office
1570175340.191,421,1081,None,Move,office
1570175340.208,415,1079,None,Move,office
1570175340.209,407,1079,None,Move,office
1570175340.225,382,1079,None,Move,office
1570175340.2410002,371,1079,None,Move,office
1570175340.256,349,1079,None,Move,office
1570175340.2770002,332,1079,None,Move,office
1570175340.28,330,1078,None,Move,office
1570175340.296,321,1073,None,Move,office
1570175340.311,314,1070,None,Move,office
1570175340.327,306,1068,None,Move,office
1570175340.342,297,1063,None,Move,office
1570175340.3579998,294,1063,None,Move,office
1570175340.39,293,1063,None,Move,office
1570175340.405,291,1064,None,Move,office
1570175340.421,291,1064,None,Move,office
1570175340.436,288,1066,None,Move,office
1570175340.452,287,1067,None,Move,office
1570175340.534,284,1067,None,Move,office
1570175340.55,278,1066,None,Move,office
1570175340.565,276,1066,None,Move,office
1570175340.581,263,1064,None,Move,office
1570175340.597,257,1062,None,Move,office
1570175340.6120002,242,1062,None,Move,office
1570175340.6279998,225,1062,None,Move,office
1570175340.644,215,1062,None,Move,office
1570175340.89,214,1061,Left,Pressed,office
1570175340.89,214,1061,None,Drag,office
1570175340.89,214,1061,Left,Released,office
1570175340.952,214,1058,None,Move,browsing
1570175340.964,218,1051,None,Move,browsing
1570175341.149,223,1043,None,Move,browsing
1570175341.168,229,1029,None,Move,browsing
1570175341.18,241,974,None,Move,browsing
1570175341.189,246,931,None,Move,browsing
1570175341.196,248,880,None,Move,browsing
1570175341.204,252,825,None,Move,browsing
1570175341.2129998,257,763,None,Move,browsing
1570175341.22,267,697,None,Move,browsing
1570175341.228,272,632,None,Move,browsing
1570175341.236,274,567,None,Move,browsing
1570175341.244,277,502,None,Move,browsing
1570175341.252,277,441,None,Move,browsing
1570175341.26,275,390,None,Move,browsing
1570175341.268,269,347,None,Move,browsing
1570175341.276,265,318,None,Move,browsing
1570175341.284,260,289,None,Move,browsing
1570175341.291,257,266,None,Move,browsing
1570175341.301,252,246,None,Move,browsing
1570175341.3070002,249,229,None,Move,browsing
1570175341.3170002,245,214,None,Move,browsing
1570175341.323,241,201,None,Move,browsing
1570175341.331,238,189,None,Move,browsing
1570175341.341,234,176,None,Move,browsing
1570175341.349,229,164,None,Move,browsing
1570175341.356,223,152,None,Move,browsing
1570175341.3639998,219,142,None,Move,browsing
1570175341.3720002,216,133,None,Move,browsing
1570175341.381,213,125,None,Move,browsing
1570175341.387,212,118,None,Move,browsing
1570175341.396,211,113,None,Move,browsing
1570175341.404,210,112,None,Move,browsing
1570175341.516,210,112,None,Move,browsing
1570175341.534,210,117,None,Move,browsing
1570175341.553,210,132,None,Move,browsing
1570175341.566,215,153,None,Move,browsing
1570175341.577,220,163,None,Move,browsing
1570175341.586,226,172,None,Move,browsing
1570175341.594,228,176,None,Move,browsing
1570175341.6,229,179,None,Move,browsing
1570175341.605,231,181,None,Move,browsing
1570175341.6120002,233,182,None,Move,browsing
1570175341.62,234,182,None,Move,browsing
1570175341.629,236,184,None,Move,browsing
1570175341.6360002,238,184,None,Move,browsing
1570175341.644,241,185,None,Move,browsing
1570175341.6520002,243,186,None,Move,browsing
1570175341.66,246,188,None,Move,browsing
1570175341.668,249,190,None,Move,browsing
1570175341.676,252,192,None,Move,browsing
1570175341.684,255,194,None,Move,browsing
1570175341.6920002,256,195,None,Move,browsing
1570175341.7,259,196,None,Move,browsing
1570175341.708,261,197,None,Move,browsing
1570175341.716,261,197,None,Move,browsing
1570175341.7570002,263,199,None,Move,browsing
1570175341.765,264,200,None,Move,browsing
1570175341.7729998,265,201,None,Move,browsing
1570175341.781,267,204,None,Move,browsing
1570175341.789,269,207,None,Move,browsing
1570175341.7970002,270,209,None,Move,browsing
1570175341.805,271,210,None,Move,browsing
1570175341.813,271,211,None,Move,browsing
1570175341.901,273,213,None,Move,browsing
1570175341.911,273,214,None,Move,browsing
1570175341.923,273,214,Left,Pressed,browsing
1570175342.061,273,214,Left,Released,browsing
1570175342.1079998,274,216,None,Move,browsing
1570175342.1160002,274,216,None,Move,browsing
1570175342.236,274,217,None,Move,browsing
1570175342.252,274,219,None,Move,browsing
1570175342.26,274,221,None,Move,browsing
1570175342.268,274,223,None,Move,browsing
1570175342.276,274,226,None,Move,browsing
1570175342.284,274,228,None,Move,browsing
1570175342.292,274,231,None,Move,browsing
1570175342.3,274,232,None,Move,browsing
1570175344.68,273,234,None,Move,browsing
1570175344.688,273,235,None,Move,browsing
1570175344.696,271,241,None,Move,browsing
1570175344.704,267,251,None,Move,browsing
1570175344.712,263,263,None,Move,browsing
1570175344.72,259,275,None,Move,browsing
1570175344.728,257,281,None,Move,browsing
1570175344.736,256,286,None,Move,browsing
1570175344.744,256,290,None,Move,browsing
1570175344.752,256,294,None,Move,browsing
1570175344.76,256,297,None,Move,browsing
1570175344.769,256,302,None,Move,browsing
1570175344.776,256,305,None,Move,browsing
1570175344.785,257,309,None,Move,browsing
1570175344.792,257,313,None,Move,browsing
1570175344.801,257,318,None,Move,browsing
1570175344.8079998,257,321,None,Move,browsing
1570175344.8170002,257,325,None,Move,browsing
1570175344.824,257,329,None,Move,browsing
1570175344.832,257,333,None,Move,browsing
1570175344.84,257,336,None,Move,browsing
1570175344.8479998,257,340,None,Move,browsing
1570175344.856,257,344,None,Move,browsing
1570175344.865,257,348,None,Move,browsing
1570175344.8879998,257,350,None,Move,browsing
1570175344.896,257,353,None,Move,browsing
1570175344.904,258,357,None,Move,browsing
1570175344.913,258,357,None,Move,browsing
1570175344.968,258,359,None,Move,browsing
1570175344.976,258,360,None,Move,browsing
1570175345.049,258,360,Left,Pressed,browsing
1570175345.144,258,360,Left,Released,browsing
1570175393.8520002,260,361,None,Move,browsing
1570175393.86,261,362,None,Move,browsing
1570175393.9320002,262,363,None,Move,browsing
1570175393.941,265,364,None,Move,browsing
1570175393.949,268,366,None,Move,browsing
1570175393.956,273,370,None,Move,browsing
1570175393.965,284,379,None,Move,browsing
1570175393.972,300,397,None,Move,browsing
1570175393.98,326,423,None,Move,browsing
1570175393.988,354,455,None,Move,browsing
1570175393.9970002,381,484,None,Move,browsing
1570175394.004,406,515,None,Move,browsing
1570175394.012,425,543,None,Move,browsing
1570175394.02,441,572,None,Move,browsing
1570175394.028,452,598,None,Move,browsing
1570175394.036,461,626,None,Move,browsing
1570175394.044,469,656,None,Move,browsing
1570175394.053,475,692,None,Move,browsing
1570175394.06,479,724,None,Move,browsing
1570175394.069,482,756,None,Move,browsing
1570175394.076,486,788,None,Move,browsing
1570175394.084,490,814,None,Move,browsing
1570175394.092,491,836,None,Move,browsing
1570175394.1,493,852,None,Move,browsing
1570175394.1079998,494,866,None,Move,browsing
1570175394.1160002,494,877,None,Move,browsing
1570175394.123,494,886,None,Move,browsing
1570175394.133,494,892,None,Move,browsing
1570175394.14,494,899,None,Move,browsing
1570175394.147,494,904,None,Move,browsing
1570175394.156,494,910,None,Move,browsing
1570175394.164,494,911,None,Move,browsing
1570175394.1720002,490,917,None,Move,browsing
1570175394.18,485,921,None,Move,browsing
1570175394.188,479,927,None,Move,browsing
1570175394.196,476,932,None,Move,browsing
1570175394.204,472,938,None,Move,browsing
1570175394.212,470,943,None,Move,browsing
1570175394.22,469,945,None,Move,browsing
1570175394.228,469,949,None,Move,browsing
1570175394.236,469,954,None,Move,browsing
1570175394.244,469,956,None,Move,browsing
1570175394.252,470,960,None,Move,browsing
1570175394.26,475,965,None,Move,browsing
1570175394.269,485,972,None,Move,browsing
1570175394.2770002,503,979,None,Move,browsing
1570175394.285,532,990,None,Move,browsing
1570175394.292,576,1004,None,Move,browsing
1570175394.301,632,1015,None,Move,browsing
1570175394.3079998,699,1025,None,Move,browsing
1570175394.316,771,1033,None,Move,browsing
1570175394.324,839,1038,None,Move,browsing
1570175394.332,911,1040,None,Move,browsing
1570175394.34,978,1040,None,Move,browsing
1570175394.349,1039,1040,None,Move,browsing
1570175394.356,1094,1040,None,Move,browsing
1570175394.365,1134,1040,None,Move,browsing
1570175394.373,1165,1040,None,Move,browsing
1570175394.381,1177,1040,None,Move,browsing
1570175394.389,1177,1040,None,Move,browsing
1570175394.397,1182,1040,None,Move,browsing
1570175394.404,1183,1040,None,Move,browsing
1570175394.413,1185,1039,None,Move,browsing
1570175394.42,1186,1038,None,Move,browsing
1570175394.429,1187,1036,None,Move,browsing
1570175394.437,1187,1035,None,Move,browsing
1570175394.444,1187,1033,None,Move,browsing
1570175394.452,1187,1029,None,Move,browsing
1570175394.461,1187,1024,None,Move,browsing
1570175394.469,1187,1019,None,Move,browsing
1570175394.4770002,1187,1014,None,Move,browsing
1570175394.485,1187,1010,None,Move,browsing
1570175394.492,1187,1006,None,Move,browsing
1570175394.5010002,1187,1005,None,Move,browsing
1570175394.508,1185,1004,None,Move,browsing
1570175394.5170002,1184,1001,None,Move,browsing
1570175394.524,1183,999,None,Move,browsing
1570175394.533,1183,999,None,Move,browsing
1570175394.541,1183,995,None,Move,browsing
1570175394.549,1180,993,None,Move,browsing
1570175394.556,1174,990,None,Move,browsing
1570175394.564,1169,988,None,Move,browsing
1570175394.572,1164,985,None,Move,browsing
1570175394.58,1161,984,None,Move,browsing
1570175394.5879998,1153,981,None,Move,browsing
1570175394.596,1143,980,None,Move,browsing
1570175394.604,1131,977,None,Move,browsing
1570175394.6120002,1118,975,None,Move,browsing
1570175394.62,1104,973,None,Move,browsing
1570175394.6279998,1092,972,None,Move,browsing
1570175394.6360002,1084,971,None,Move,browsing
1570175394.644,1082,970,None,Move,browsing
1570175394.7,1081,969,None,Move,browsing
1570175394.708,1081,969,None,Move,browsing
1570175394.716,1079,967,None,Move,browsing
1570175394.724,1078,966,None,Move,browsing
1570175394.7329998,1076,966,None,Move,browsing
1570175394.74,1075,966,None,Move,browsing
1570175394.812,1075,965,None,Move,browsing
1570175394.823,1070,963,None,Move,browsing
1570175394.832,1066,962,None,Move,browsing
1570175394.837,1063,958,None,Move,browsing
1570175394.844,1059,957,None,Move,browsing
1570175394.853,1056,956,None,Move,browsing
1570175394.861,1052,954,None,Move,browsing
1570175394.869,1049,952,None,Move,browsing
1570175394.877,1046,951,None,Move,browsing
1570175394.885,1042,949,None,Move,browsing
1570175394.972,1040,948,None,Move,browsing
1570175394.981,1039,947,None,Move,browsing
1570175394.99,1039,945,None,Move,browsing
1570175394.998,1038,942,None,Move,browsing
1570175395.004,1038,941,None,Move,browsing
1570175395.012,1037,937,None,Move,browsing
1570175395.02,1036,935,None,Move,browsing
1570175395.028,1036,934,None,Move,browsing
1570175395.3879998,1034,934,Left,Pressed,browsing
1570175395.3879998,1034,934,None,Drag,browsing
1570175395.399,1033,934,None,Drag,browsing
1570175395.404,1029,934,None,Drag,browsing
1570175395.4120002,1025,934,None,Drag,browsing
1570175395.42,1022,934,None,Drag,browsing
1570175395.428,1014,934,None,Drag,browsing
1570175395.437,1001,934,None,Drag,browsing
1570175395.444,986,932,None,Drag,browsing
1570175395.4529998,969,931,None,Drag,browsing
1570175395.46,952,929,None,Drag,browsing
1570175395.468,934,928,None,Drag,browsing
1570175395.476,917,927,None,Drag,browsing
1570175395.484,902,925,None,Drag,browsing
1570175395.4910002,891,925,None,Drag,browsing
1570175395.5,879,924,None,Drag,browsing
1570175395.508,869,924,None,Drag,browsing
1570175395.516,860,924,None,Drag,browsing
1570175395.5229998,852,923,None,Drag,browsing
1570175395.532,843,923,None,Drag,browsing
1570175395.54,836,922,None,Drag,browsing
1570175395.548,831,922,None,Drag,browsing
1570175395.556,831,922,None,Drag,browsing
1570175395.6120002,829,922,None,Drag,browsing
1570175395.62,828,922,None,Drag,browsing
1570175395.6279998,826,921,None,Drag,browsing
1570175395.6360002,821,920,None,Drag,browsing
1570175395.644,815,919,None,Drag,browsing
1570175395.6520002,813,919,None,Drag,browsing
1570175395.66,807,918,None,Drag,browsing
1570175395.668,800,916,None,Drag,browsing
1570175395.676,793,915,None,Drag,browsing
1570175395.684,792,915,None,Drag,browsing
1570175395.6920002,788,915,None,Drag,browsing
1570175395.701,787,915,None,Drag,browsing
1570175395.708,787,915,None,Drag,browsing
1570175395.7610002,786,915,None,Drag,browsing
1570175395.768,783,915,None,Drag,browsing
1570175395.7770002,779,915,None,Drag,browsing
1570175395.785,773,915,None,Drag,browsing
1570175395.792,763,915,None,Drag,browsing
1570175395.801,753,915,None,Drag,browsing
1570175395.8079998,741,915,None,Drag,browsing
1570175395.816,731,915,None,Drag,browsing
1570175395.824,729,915,None,Drag,browsing
1570175395.832,729,915,None,Drag,browsing
1570175395.952,726,915,None,Drag,browsing
1570175395.962,723,915,None,Drag,browsing
1570175395.968,721,915,None,Drag,browsing
1570175395.976,714,915,None,Drag,browsing
1570175395.984,704,915,None,Drag,browsing
1570175395.992,693,915,None,Drag,browsing
1570175396.0,680,915,None,Drag,browsing
1570175396.008,666,915,None,Drag,browsing
1570175396.0170002,654,914,None,Drag,browsing
1570175396.024,654,914,None,Drag,browsing
1570175396.025,654,914,Left,Released,browsing
1570175396.464,653,914,None,Move,browsing
1570175396.56,653,914,None,Move,browsing
1570175396.569,654,917,None,Move,browsing
1570175396.576,658,922,None,Move,browsing
1570175396.584,662,922,None,Move,browsing
1570175396.592,665,923,None,Move,browsing
1570175396.6,669,924,None,Move,browsing
1570175396.6079998,676,927,None,Move,browsing
1570175396.621,686,931,None,Move,browsing
1570175396.629,697,933,None,Move,browsing
1570175396.635,709,936,None,Move,browsing
1570175396.641,721,940,None,Move,browsing
1570175396.6479998,731,943,None,Move,browsing
1570175396.656,738,945,None,Move,browsing
1570175396.664,739,946,None,Move,browsing
1570175411.564,741,946,None,Move,browsing
1570175411.572,742,946,None,Move,browsing
1570175411.58,746,941,None,Move,browsing
1570175411.5879998,750,933,None,Move,browsing
1570175411.596,757,920,None,Move,browsing
1570175411.604,764,906,None,Move,browsing
1570175411.6120002,772,892,None,Move,browsing
1570175411.62,783,873,None,Move,browsing
1570175411.6279998,797,850,None,Move,browsing
1570175411.6360002,819,822,None,Move,browsing
1570175411.644,848,787,None,Move,browsing
1570175411.653,878,754,None,Move,browsing
1570175411.661,917,715,None,Move,browsing
1570175411.669,969,670,None,Move,browsing
1570175411.677,1024,628,None,Move,browsing
1570175411.685,1086,576,None,Move,browsing
1570175411.6920002,1154,526,None,Move,browsing
1570175411.7,1225,479,None,Move,browsing
1570175411.71,1296,429,None,Move,browsing
1570175411.717,1371,379,None,Move,browsing
1570175411.724,1451,328,None,Move,browsing
1570175411.732,1529,280,None,Move,browsing
1570175411.74,1596,236,None,Move,browsing
1570175411.748,1660,197,None,Move,browsing
1570175411.756,1713,163,None,Move,browsing
1570175411.765,1761,130,None,Move,browsing
1570175411.772,1805,99,None,Move,browsing
1570175411.78,1840,74,None,Move,browsing
1570175411.788,1868,52,None,Move,browsing
1570175411.796,1892,33,None,Move,browsing
1570175411.804,1911,18,None,Move,browsing
1570175411.813,1922,8,None,Move,browsing
1570175411.821,1919,7,None,Move,browsing
1570175411.8279998,1919,2,None,Move,browsing
1570175411.836,1919,-1,None,Move,browsing
1570175411.843,1916,-7,None,Move,browsing
1570175411.8520002,1910,-9,None,Move,browsing
1570175411.86,1904,-3,None,Move,browsing
1570175411.8679998,1893,-9,None,Move,browsing
1570175411.8760002,1879,-9,None,Move,browsing
1570175411.883,1862,-13,None,Move,browsing
1570175411.8920002,1845,-12,None,Move,browsing
1570175411.9,1831,-10,None,Move,browsing
1570175411.908,1818,-8,None,Move,browsing
1570175411.917,1807,-9,None,Move,browsing
1570175411.924,1797,-6,None,Move,browsing
1570175411.9320002,1788,-7,None,Move,browsing
1570175411.94,1787,-1,None,Move,browsing
1570175411.98,1787,-3,None,Move,browsing
1570175411.988,1787,-6,None,Move,browsing
1570175411.9970002,1788,-4,None,Move,browsing
1570175412.005,1794,-8,None,Move,browsing
1570175412.0129998,1804,-11,None,Move,browsing
1570175412.021,1823,-14,None,Move,browsing
1570175412.029,1854,-21,None,Move,browsing
1570175412.036,1897,-25,None,Move,browsing
1570175412.045,1949,-21,None,Move,browsing
1570175412.052,1981,-25,None,Move,browsing
1570175412.061,1980,-19,None,Move,browsing
1570175412.069,1976,-15,None,Move,browsing
1570175412.076,1977,-17,None,Move,browsing
1570175412.085,1979,-14,None,Move,browsing
1570175412.093,1973,-14,None,Move,browsing
1570175412.101,1969,-9,None,Move,browsing
1570175412.109,1955,-6,None,Move,browsing
1570175412.117,1936,-4,None,Move,browsing
1570175412.205,1919,0,None,Move,browsing
1570175412.221,1917,0,None,Move,browsing
1570175412.23,1914,-1,None,Move,browsing
1570175412.2370002,1911,0,None,Move,browsing
1570175412.245,1909,0,None,Move,browsing
1570175412.2529998,1902,0,None,Move,browsing
1570175412.2610002,1891,0,None,Move,browsing
1570175412.268,1874,0,None,Move,browsing
1570175412.276,1854,0,None,Move,browsing
1570175412.284,1823,0,None,Move,browsing
1570175412.292,1785,1,None,Move,browsing
1570175412.3,1747,3,None,Move,browsing
1570175412.3079998,1706,5,None,Move,browsing
1570175412.316,1671,7,None,Move,browsing
1570175412.324,1646,8,None,Move,browsing
1570175412.332,1644,9,None,Move,browsing
1570175412.34,1643,9,None,Move,browsing
1570175412.481,1643,9,None,Move,browsing
1570175412.5,1646,9,None,Move,browsing
1570175412.51,1652,9,None,Move,browsing
1570175412.518,1655,9,None,Move,browsing
1570175412.525,1662,9,None,Move,browsing
1570175412.53,1672,11,None,Move,browsing
1570175412.536,1686,12,None,Move,browsing
1570175412.544,1701,12,None,Move,browsing
1570175412.553,1716,12,None,Move,browsing
1570175412.56,1729,12,None,Move,browsing
1570175412.5679998,1744,12,None,Move,browsing
1570175412.576,1757,12,None,Move,browsing
1570175412.583,1767,12,None,Move,browsing
1570175412.592,1774,12,None,Move,browsing
1570175412.6,1775,12,None,Move,browsing
1570175413.064,1775,12,Left,Pressed,browsing
1570175413.176,1775,12,Left,Released,browsing
1570175413.256,1775,12,None,Move,office
1570175413.272,1774,14,None,Move,office
1570175413.282,1771,16,None,Move,office
1570175413.288,1769,19,None,Move,office
1570175413.296,1764,22,None,Move,office
1570175413.304,1758,27,None,Move,office
1570175413.312,1754,29,None,Move,office
1570175413.32,1750,31,None,Move,office
1570175413.333,1742,36,None,Move,office
1570175413.345,1714,50,None,Move,office
1570175413.3520002,1692,61,None,Move,office
1570175413.361,1663,72,None,Move,office
1570175413.3679998,1632,84,None,Move,office
1570175413.3760002,1600,96,None,Move,office
1570175413.385,1569,108,None,Move,office
1570175413.391,1537,119,None,Move,office
1570175413.407,1480,144,None,Move,office
1570175413.423,1422,171,None,Move,office
1570175413.438,1369,202,None,Move,office
1570175413.454,1309,238,None,Move,office
1570175413.469,1244,270,None,Move,office
1570175413.488,1171,309,None,Move,office
1570175413.504,1093,346,None,Move,office
1570175413.52,1018,382,None,Move,office
1570175413.536,958,405,None,Move,office
1570175413.551,913,421,None,Move,office
1570175413.5670002,878,431,None,Move,office
1570175413.585,849,442,None,Move,office
1570175413.59,835,446,None,Move,office
1570175413.605,811,454,None,Move,office
1570175413.621,789,462,None,Move,office
1570175413.637,765,469,None,Move,office
1570175413.6520002,737,474,None,Move,office
1570175413.67,712,479,None,Move,office
1570175413.685,688,482,None,Move,office
1570175413.701,683,482,None,Move,office
1570175413.716,681,483,None,Move,office
1570175413.764,676,486,None,Move,office
1570175413.779,670,488,None,Move,office
1570175413.795,665,489,None,Move,office
1570175413.81,657,492,None,Move,office
1570175413.826,650,493,None,Move,office
1570175413.841,647,495,None,Move,office
1570175413.857,643,497,None,Move,office
1570175413.873,642,498,None,Move,office
1570175413.889,638,503,None,Move,office
1570175413.904,630,511,None,Move,office
1570175413.92,624,515,None,Move,office
1570175413.935,622,519,None,Move,office
1570175413.982,622,519,Left,Pressed,office
1570175414.091,622,519,Left,Released,office
1570175417.859,621,519,None,Move,office
1570175418.0,621,519,None,Move,office
1570175418.008,621,518,None,Move,office
1570175418.55,621,517,None,Move,office
1570175418.565,616,513,None,Move,office
1570175418.58,615,513,None,Move,office
1570175418.596,610,511,None,Move,office
1570175418.6139998,598,504,None,Move,office
1570175418.63,590,499,None,Move,office
1570175418.645,578,492,None,Move,office
1570175418.661,554,479,None,Move,office
1570175418.677,515,458,None,Move,office
1570175418.6920002,459,427,None,Move,office
1570175418.708,408,396,None,Move,office
1570175418.7229998,373,370,None,Move,office
1570175418.7389998,354,353,None,Move,office
1570175418.755,345,339,None,Move,office
1570175418.77,340,326,None,Move,office
1570175418.786,336,312,None,Move,office
1570175418.803,330,298,None,Move,office
1570175418.8179998,320,283,None,Move,office
1570175418.834,313,268,None,Move,office
1570175418.85,302,254,None,Move,office
1570175418.865,297,248,None,Move,office
1570175418.881,297,245,None,Move,office
1570175418.897,292,235,None,Move,office
1570175418.928,292,230,None,Move,office
1570175418.944,288,225,None,Move,office
1570175418.961,287,219,None,Move,office
1570175418.9770002,283,210,None,Move,office
1570175418.992,281,203,None,Move,office
1570175419.008,277,198,None,Move,office
1570175419.024,273,189,None,Move,office
1570175419.04,271,187,None,Move,office
1570175419.056,268,178,None,Move,office
1570175419.065,266,174,None,Move,office
1570175419.08,263,161,None,Move,office
1570175419.096,260,160,None,Move,office
1570175419.1120002,258,155,None,Move,office
1570175419.127,255,152,None,Move,office
1570175419.143,254,150,None,Move,office
1570175419.281,254,150,Left,Pressed,office
1570175419.3920002,254,150,Left,Released,office
1570175419.486,254,149,None,Move,office
1570175419.5010002,255,150,None,Move,office
1570175419.5170002,266,165,None,Move,office
1570175419.532,269,175,None,Move,office
1570175419.548,274,184,None,Move,office
1570175419.566,288,205,None,Move,office
1570175419.581,310,245,None,Move,office
1570175419.597,322,267,None,Move,office
1570175419.613,332,286,None,Move,office
1570175419.6279998,335,292,None,Move,office
1570175419.659,338,296,None,Move,office
1570175419.675,338,297,None,Move,office
1570175444.765,340,298,None,Move,office
1570175444.78,341,298,None,Move,office
1570175444.796,359,298,None,Move,office
1570175444.812,431,275,None,Move,office
1570175444.827,507,234,None,Move,office
1570175444.843,538,204,None,Move,office
1570175444.859,539,181,None,Move,office
1570175444.8739998,527,167,None,Move,office
1570175444.921,526,167,None,Move,office
1570175444.937,525,167,None,Move,office
1570175444.952,521,167,None,Move,office
1570175444.968,519,167,None,Move,office
1570175444.9829998,518,167,None,Move,office
1570175444.9989998,518,167,None,Move,office
1570175445.015,514,168,None,Move,office
1570175445.03,506,173,None,Move,office
1570175445.046,495,182,None,Move,office
1570175445.062,489,187,None,Move,office
1570175445.077,471,205,None,Move,office
1570175445.093,437,241,None,Move,office
1570175445.1079998,411,279,None,Move,office
1570175445.1239998,396,303,None,Move,office
1570175445.14,372,348,None,Move,office
1570175445.155,355,383,None,Move,office
1570175445.171,345,409,None,Move,office
1570175445.187,339,428,None,Move,office
1570175445.202,338,449,None,Move,office
1570175445.218,338,469,None,Move,office
1570175445.2329998,338,489,None,Move,office
1570175445.2489998,338,505,None,Move,office
1570175445.265,338,527,None,Move,office
1570175445.28,336,555,None,Move,office
1570175445.296,332,579,None,Move,office
1570175445.312,331,592,None,Move,office
1570175445.327,331,595,None,Move,office
1570175445.343,333,597,None,Move,office
1570175445.3579998,338,599,None,Move,office
1570175445.3739998,346,601,None,Move,office
1570175445.39,355,603,None,Move,office
1570175445.405,374,605,None,Move,office
1570175445.421,394,607,None,Move,office
1570175445.436,408,607,None,Move,office
1570175445.452,409,607,None,Move,office
1570175445.4829998,411,606,None,Move,office
1570175445.4989998,412,604,None,Move,office
1570175445.515,413,600,None,Move,office
1570175445.53,413,593,None,Move,office
1570175445.546,413,590,None,Move,office
1570175445.6239998,412,588,None,Move,office
1570175445.64,408,586,None,Move,office
1570175445.655,403,586,None,Move,office
1570175445.671,389,586,None,Move,office
1570175445.686,366,586,None,Move,office
1570175445.702,356,586,None,Move,office
1570175445.8739998,356,586,None,Move,office
1570175445.89,367,586,None,Move,office
1570175445.905,376,583,None,Move,office
1570175445.937,384,582,None,Move,office
1570175446.1160002,385,581,None,Move,office
1570175446.1179998,385,580,None,Move,office
1570175446.196,385,579,None,Move,office
1570175446.212,383,579,None,Move,office
1570175446.64,382,579,Left,Pressed,office
1570175446.64,382,579,None,Drag,office
1570175446.656,375,580,None,Drag,office
1570175446.671,366,583,None,Drag,office
1570175446.691,325,587,None,Drag,office
1570175446.707,278,587,None,Drag,office
1570175446.722,254,587,None,Drag,office
1570175446.738,244,587,None,Drag,office
1570175446.7529998,240,587,None,Drag,office
1570175446.769,238,588,None,Drag,office
1570175446.785,234,588,None,Drag,office
1570175446.801,225,588,None,Drag,office
1570175446.816,207,588,None,Drag,office
1570175446.832,186,588,None,Drag,office
1570175446.84,178,588,None,Drag,office
1570175446.842,176,588,None,Drag,office
1570175446.8579998,175,588,None,Drag,office
1570175446.8739998,172,588,None,Drag,office
1570175446.889,161,589,None,Drag,office
1570175446.905,154,589,None,Drag,office
1570175446.921,150,589,None,Drag,office
1570175447.056,146,589,None,Drag,office
1570175447.072,137,586,None,Drag,office
1570175447.0879998,125,581,None,Drag,office
1570175447.104,114,577,None,Drag,office
1570175447.2129998,108,574,None,Drag,office
1570175447.228,107,573,None,Drag,office
1570175447.3070002,105,573,None,Drag,office
1570175447.322,104,573,None,Drag,office
1570175447.418,101,573,None,Drag,office
1570175447.434,98,573,None,Drag,office
1570175447.45,90,573,None,Drag,office
1570175447.465,81,572,None,Drag,office
1570175447.481,78,572,None,Drag,office
1570175447.4970002,77,572,None,Drag,office
1570175447.4970002,77,572,Left,Released,office
1570175447.7729998,82,572,None,Move,office
1570175447.788,86,572,None,Move,office
1570175447.804,103,574,None,Move,office
1570175447.824,117,575,None,Move,office
1570175447.952,122,577,Left,Pressed,office
1570175447.952,122,577,None,Drag,office
1570175447.984,124,577,None,Drag,office
1570175447.992,128,577,None,Drag,office
1570175447.994,136,577,None,Drag,office
1570175448.0089998,162,577,None,Drag,office
1570175448.033,203,577,None,Drag,office
1570175448.049,266,580,None,Drag,office
1570175448.064,326,584,None,Drag,office
1570175448.072,354,586,None,Drag,office
1570175448.087,413,587,None,Drag,office
1570175448.103,454,587,None,Drag,office
1570175448.119,485,587,None,Drag,office
1570175448.135,510,587,None,Drag,office
1570175448.15,530,587,None,Drag,office
1570175448.165,549,587,None,Drag,office
1570175448.181,564,587,None,Drag,office
1570175448.197,568,587,None,Drag,office
1570175448.244,572,587,None,Drag,office
1570175448.2589998,576,587,None,Drag,office
1570175448.28,591,587,None,Drag,office
1570175448.296,613,587,None,Drag,office
1570175448.312,622,587,None,Drag,office
1570175448.312,622,587,Left,Released,office
1570175448.56,622,587,None,Move,office
1570175448.562,621,587,None,Move,office
1570175448.5779998,620,587,None,Move,office
1570175448.594,617,589,None,Move,office
1570175448.609,614,591,None,Move,office
1570175448.625,604,593,None,Move,office
1570175448.641,593,595,None,Move,office
1570175448.656,587,595,None,Move,office
1570175448.6720002,570,595,None,Move,office
1570175448.688,558,595,None,Move,office
1570175448.75,553,595,None,Move,office
1570175448.766,549,595,None,Move,office
1570175448.781,543,593,None,Move,office
1570175448.7970002,541,591,None,Move,office
1570175448.844,538,590,None,Move,office
1570175448.86,534,588,None,Move,office
1570175448.927,529,587,None,Move,office
1570175448.9420002,527,585,None,Move,office
1570175448.958,522,583,None,Move,office
1570175449.13,519,583,None,Move,office
1570175449.146,516,583,None,Move,office
1570175449.165,496,581,None,Move,office
1570175449.181,483,580,None,Move,office
1570175449.196,445,573,None,Move,office
1570175449.212,382,561,None,Move,office
1570175449.228,299,550,None,Move,office
1570175449.2429998,281,549,None,Move,office
1570175449.431,282,551,None,Move,office
1570175449.446,283,551,None,Move,office
1570175449.465,291,555,None,Move,office
1570175449.481,311,565,None,Move,office
1570175449.4970002,332,573,None,Move,office
1570175449.5129998,343,577,None,Move,office
1570175449.721,343,577,None,Move,office
1570175449.738,342,577,None,Move,office
1570175449.754,339,574,None,Move,office
1570175449.7629998,336,574,None,Move,office
1570175449.764,332,574,None,Move,office
1570175449.781,327,573,None,Move,office
1570175449.781,322,572,None,Move,office
1570175449.7970002,316,570,None,Move,office
1570175450.02,316,570,Left,Pressed,office
1570175450.1379998,316,570,Left,Released,office
1570175455.258,315,570,None,Move,office
1570175455.274,315,565,None,Move,office
1570175455.289,315,562,None,Move,office
1570175455.336,315,561,None,Move,office
1570175455.3520002,315,557,None,Move,office
1570175455.367,316,553,None,Move,office
1570175455.446,317,552,None,Move,office
1570175455.4770002,318,552,None,Move,office
1570175455.54,322,547,None,Move,office
1570175455.555,322,545,None,Move,office
1570175455.57,319,537,None,Move,office
1570175455.586,310,532,None,Move,office
1570175455.596,305,529,None,Move,office
1570175455.601,299,525,None,Move,office
1570175455.617,289,520,None,Move,office
1570175455.6320002,283,516,None,Move,office
1570175455.6479998,281,514,None,Move,office
1570175455.664,278,514,None,Move,office
1570175455.679,274,513,None,Move,office
1570175455.695,273,511,None,Move,office
1570175455.711,272,511,None,Move,office
1570175455.742,270,511,None,Move,office
1570175455.7570002,267,506,None,Move,office
1570175455.7729998,261,502,None,Move,office
1570175455.789,257,500,None,Move,office
1570175455.805,256,500,None,Move,office
1570175455.809,254,500,None,Move,office
1570175455.825,250,500,None,Move,office
1570175455.841,248,500,None,Move,office
1570175455.856,244,500,None,Move,office
1570175455.8720002,239,499,None,Move,office
1570175455.887,233,499,None,Move,office
1570175455.903,231,499,None,Move,office
1570175455.918,225,499,None,Move,office
1570175455.934,222,499,None,Move,office
1570175455.95,218,498,None,Move,office
1570175455.965,212,496,None,Move,office
1570175455.981,210,496,None,Move,office
1570175455.9970002,209,496,None,Move,office
1570175456.012,205,496,None,Move,office
1570175456.028,202,496,None,Move,office
1570175456.075,201,495,None,Move,office
1570175456.285,201,495,Left,Pressed,office
1570175456.363,201,495,Left,Released,office
1570175456.4929998,201,495,None,Move,office
1570175456.6179998,199,494,None,Move,office
1570175456.633,198,494,None,Move,office
1570175456.7470002,198,492,None,Move,office
1570175456.762,202,487,None,Move,office
1570175456.778,203,484,None,Move,office
1570175458.336,202,484,None,Move,office
1570175458.337,201,484,None,Move,office
1570175458.353,193,483,None,Move,office
1570175458.369,161,481,None,Move,office
1570175458.385,161,481,None,Move,office
1570175458.416,161,481,None,Move,office
1570175458.478,162,479,None,Move,office
1570175458.494,162,477,None,Move,office
1570175458.5089998,162,471,None,Move,office
1570175458.525,157,451,None,Move,office
1570175458.541,157,448,None,Move,office
1570175458.5570002,156,442,None,Move,office
1570175458.572,155,439,None,Move,office
1570175458.5879998,155,437,None,Move,office
1570175458.603,154,433,None,Move,office
1570175458.619,152,426,None,Move,office
1570175458.635,150,415,None,Move,office
1570175458.651,145,406,None,Move,office
1570175458.666,142,394,None,Move,office
1570175458.684,139,383,None,Move,office
1570175458.689,135,376,None,Move,office
1570175458.705,124,362,None,Move,office
1570175458.722,115,353,None,Move,office
1570175458.738,109,351,None,Move,office
1570175458.7529998,106,349,None,Move,office
1570175458.967,106,348,Left,Pressed,office
1570175458.967,106,348,None,Drag,office
1570175458.967,106,348,Left,Released,office
1570175459.321,106,347,None,Move,office
1570175459.337,111,347,None,Move,office
1570175459.3679998,115,347,None,Move,office
1570175459.3839998,130,347,None,Move,office
1570175459.399,182,353,None,Move,office
1570175459.415,265,357,None,Move,office
1570175459.436,407,357,None,Move,office
1570175459.439,498,357,None,Move,office
1570175459.461,714,357,None,Move,office
1570175459.474,954,360,None,Move,office
1570175459.49,1207,360,None,Move,office
1570175459.506,1453,360,None,Move,office
1570175459.522,1650,351,None,Move,office
1570175459.5370002,1785,313,None,Move,office
1570175459.553,1846,267,None,Move,office
1570175459.57,1863,229,None,Move,office
1570175459.586,1866,202,None,Move,office
1570175459.6020002,1861,175,None,Move,office
1570175459.617,1851,158,None,Move,office
1570175459.633,1838,134,None,Move,office
1570175459.649,1825,111,None,Move,office
1570175459.664,1820,101,None,Move,office
1570175459.68,1814,95,None,Move,office
1570175459.695,1808,89,None,Move,office
1570175459.711,1803,82,None,Move,office
1570175459.7270002,1798,79,None,Move,office
1570175459.742,1789,73,None,Move,office
1570175459.758,1783,71,None,Move,office
1570175459.774,1766,65,None,Move,office
1570175459.789,1742,57,None,Move,office
1570175459.805,1715,50,None,Move,office
1570175459.821,1701,47,None,Move,office
1570175459.8279998,1688,44,None,Move,office
1570175459.829,1674,42,None,Move,office
1570175459.845,1652,38,None,Move,office
1570175459.861,1642,36,None,Move,office
1570175459.877,1632,33,None,Move,office
1570175459.97,1629,32,None,Move,office
1570175460.049,1626,29,None,Move,office
1570175460.064,1624,27,None,Move,office
1570175460.079,1619,22,None,Move,office
1570175460.095,1612,16,None,Move,office
1570175460.111,1601,10,None,Move,office
1570175460.1260002,1592,7,None,Move,office
1570175460.1420002,1589,7,None,Move,office
1570175460.157,1585,6,None,Move,office
1570175460.314,1582,5,None,Move,office
1570175460.345,1582,5,Left,Pressed,office
1570175460.454,1582,5,Left,Released,office
1570175460.595,1579,5,None,Move,office
1570175460.611,1575,8,None,Move,office
1570175460.6260002,1572,14,None,Move,office
1570175460.6420002,1566,24,None,Move,office
1570175460.657,1561,33,None,Move,office
1570175460.673,1554,44,None,Move,office
1570175460.689,1543,59,None,Move,office
1570175460.704,1517,84,None,Move,office
1570175460.72,1464,127,None,Move,office
1570175460.735,1391,179,None,Move,office
1570175460.7510002,1307,236,None,Move,office
1570175460.7670002,1206,299,None,Move,office
1570175460.782,1149,331,None,Move,office
1570175460.798,947,433,None,Move,office
1570175460.814,806,492,None,Move,office
1570175460.829,685,544,None,Move,office
1570175460.845,594,583,None,Move,office
1570175460.86,544,602,None,Move,office
1570175460.8760002,530,608,None,Move,office
1570175462.2470002,525,608,None,Move,office
1570175462.2629998,525,608,None,Move,office
1570175462.278,518,609,None,Move,office
1570175462.31,498,610,None,Move,office
1570175462.325,458,610,None,Move,office
1570175462.341,430,610,None,Move,office
1570175462.356,405,610,None,Move,office
1570175462.3720002,385,612,None,Move,office
1570175462.3879998,376,612,None,Move,office
1570175462.403,366,612,None,Move,office
1570175462.419,352,614,None,Move,office
1570175462.434,341,616,None,Move,office
1570175462.45,331,617,None,Move,office
1570175462.466,316,618,None,Move,office
1570175462.481,297,620,None,Move,office
1570175462.4970002,278,621,None,Move,office
1570175462.512,270,621,None,Move,office
1570175462.528,263,621,None,Move,office
1570175463.03,262,621,None,Move,office
1570175463.045,262,620,None,Move,office
1570175463.061,262,618,None,Move,office
1570175463.077,262,605,None,Move,office
1570175463.092,261,595,None,Move,office
1570175463.1079998,254,581,None,Move,office
1570175463.123,242,563,None,Move,office
1570175463.139,231,545,None,Move,office
1570175463.155,223,530,None,Move,office
1570175463.17,211,513,None,Move,office
1570175463.186,208,510,None,Move,office
1570175463.202,205,504,None,Move,office
1570175463.217,203,500,None,Move,office
1570175463.2329998,199,496,None,Move,office
1570175463.248,195,492,None,Move,office
1570175463.264,192,489,None,Move,office
1570175463.28,190,487,None,Move,office
1570175463.296,189,484,None,Move,office
1570175463.311,183,477,None,Move,office
1570175463.327,176,467,None,Move,office
1570175463.343,172,461,None,Move,office
1570175463.468,170,458,None,Move,office
1570175463.4829998,170,457,None,Move,office
1570175463.4989998,170,454,None,Move,office
1570175463.593,170,453,Left,Pressed,office
1570175463.702,170,453,Left,Released,office
1570175463.827,170,452,None,Move,office
1570175463.843,173,449,None,Move,office
1570175463.8579998,184,448,None,Move,office
1570175463.8739998,193,446,None,Move,office
1570175463.889,202,445,None,Move,office
1570175463.905,225,442,None,Move,office
1570175463.921,254,437,None,Move,office
1570175463.936,285,431,None,Move,office
1570175463.952,318,427,None,Move,office
1570175463.968,348,422,None,Move,office
1570175463.9829998,378,419,None,Move,office
1570175463.9989998,392,416,None,Move,office
1570175464.014,424,410,None,Move,office
1570175464.265,426,409,None,Move,office
1570175464.327,426,410,None,Move,office
1570175464.342,426,413,None,Move,office
1570175464.3579998,423,415,None,Move,office
1570175464.3739998,412,425,None,Move,office
1570175464.389,403,434,None,Move,office
1570175464.405,392,447,None,Move,office
1570175464.421,372,468,None,Move,office
1570175464.436,356,486,None,Move,office
1570175464.452,307,543,None,Move,office
1570175464.467,247,605,None,Move,office
1570175464.4829998,185,667,None,Move,office
1570175464.4989998,125,729,None,Move,office
1570175464.514,83,779,None,Move,office
1570175464.53,60,819,None,Move,office
1570175464.546,47,848,None,Move,office
1570175464.561,38,874,None,Move,office
1570175464.577,32,898,None,Move,office
1570175464.592,27,917,None,Move,office
1570175464.6079998,25,932,None,Move,office
1570175464.6239998,24,943,None,Move,office
1570175464.639,24,953,None,Move,office
1570175464.655,24,965,None,Move,office
1570175464.67,24,979,None,Move,office
1570175464.686,24,992,None,Move,office
1570175464.702,25,1006,None,Move,office
1570175464.819,26,1014,None,Move,office
1570175464.835,29,1016,None,Move,office
1570175464.851,34,1016,None,Move,office
1570175464.8660002,40,1012,None,Move,office
1570175464.8820002,45,1007,None,Move,office
1570175464.913,47,1004,None,Move,office
1570175464.944,50,1002,None,Move,office
1570175464.96,52,1000,None,Move,office
1570175465.0070002,54,998,None,Move,office
1570175465.085,56,996,None,Move,office
1570175465.1,58,992,None,Move,office
1570175465.1220002,59,992,None,Move,office
1570175465.17,60,991,None,Move,office
1570175465.294,60,991,Left,Pressed,office
1570175465.3879998,60,991,Left,Released,office
1570175465.6379998,61,990,None,Move,office
1570175465.654,62,990,None,Move,office
1570175465.669,66,987,None,Move,office
1570175465.685,75,981,None,Move,office
1570175465.7,81,978,None,Move,office
1570175465.716,91,973,None,Move,office
1570175465.732,107,966,None,Move,office
1570175465.7470002,129,954,None,Move,office
1570175465.7629998,161,936,None,Move,office
1570175465.779,215,904,None,Move,office
1570175465.794,286,856,None,Move,office
1570175465.81,355,804,None,Move,office
1570175465.825,420,756,None,Move,office
1570175465.841,469,730,None,Move,office
1570175466.0029998,477,727,None,Move,office
1570175466.019,481,725,None,Move,office
1570175466.034,489,725,None,Move,office
1570175466.05,495,728,None,Move,office
1570175466.066,500,729,None,Move,office
1570175466.081,504,729,None,Move,office
1570175466.097,506,730,None,Move,office
1570175466.113,509,730,None,Move,office
1570175466.1279998,512,730,None,Move,office
1570175466.144,516,728,None,Move,office
1570175466.207,518,726,None,Move,office
1570175466.238,521,725,None,Move,office
1570175466.2529998,521,725,None,Move,office
1570175466.269,523,724,None,Move,office
1570175466.284,525,723,None,Move,office
1570175466.3,528,721,None,Move,office
1570175466.316,535,718,None,Move,office
1570175466.331,547,712,None,Move,office
1570175466.347,560,706,None,Move,office
1570175466.363,574,703,None,Move,office
1570175466.3779998,586,699,None,Move,office
1570175466.394,596,697,None,Move,office
1570175466.409,608,694,None,Move,office
1570175466.425,621,689,None,Move,office
1570175466.441,640,684,None,Move,office
1570175466.456,666,679,None,Move,office
1570175466.472,693,672,None,Move,office
1570175466.4870002,724,662,None,Move,office
1570175466.5029998,760,647,None,Move,office
1570175466.519,805,625,None,Move,office
1570175466.534,851,598,None,Move,office
1570175466.55,882,579,None,Move,office
1570175466.566,901,567,None,Move,office
1570175466.581,907,560,None,Move,office
1570175466.6,910,555,None,Move,office
1570175466.6160002,912,550,None,Move,office
1570175466.631,914,545,None,Move,office
1570175466.647,915,542,None,Move,office
1570175466.6620002,915,539,None,Move,office
1570175466.678,915,534,None,Move,office
1570175466.694,910,529,None,Move,office
1570175466.709,904,527,None,Move,office
1570175466.725,897,527,None,Move,office
1570175466.7410002,894,527,None,Move,office
1570175466.7570002,877,527,None,Move,office
1570175466.772,846,528,None,Move,office
1570175466.788,792,539,None,Move,office
1570175466.803,718,557,None,Move,office
1570175466.819,659,568,None,Move,office
1570175466.834,656,569,None,Move,office
1570175466.8660002,655,571,None,Move,office
1570175466.881,653,573,None,Move,office
1570175466.897,650,576,None,Move,office
1570175466.9120002,649,576,None,Move,office
1570175466.928,647,576,None,Move,office
1570175467.343,646,576,None,Move,office
1570175467.39,646,576,None,Move,office
1570175467.405,646,572,None,Move,office
1570175467.421,647,566,None,Move,office
1570175467.437,647,562,None,Move,office
1570175467.452,647,560,None,Move,office
1570175467.581,647,560,Right,Pressed,office
1570175467.707,647,560,Right,Released,office
1570175467.879,648,559,None,Move,office
1570175467.894,648,560,None,Move,office
1570175467.91,651,564,None,Move,office
1570175467.926,653,571,None,Move,office
1570175467.941,656,580,None,Move,office
1570175467.957,662,591,None,Move,office
1570175467.972,665,599,None,Move,office
1570175467.988,669,609,None,Move,office
1570175468.004,671,617,None,Move,office
1570175468.024,675,626,None,Move,office
1570175468.026,677,634,None,Move,office
1570175468.042,683,651,None,Move,office
1570175468.064,691,672,None,Move,office
1570175468.065,695,683,None,Move,office
1570175468.08,699,693,None,Move,office
1570175468.096,705,711,None,Move,office
1570175468.1120002,710,725,None,Move,office
1570175468.1279998,716,740,None,Move,office
1570175468.143,720,748,None,Move,office
1570175468.159,723,754,None,Move,office
1570175468.175,725,761,None,Move,office
1570175468.19,727,765,None,Move,office
1570175468.305,728,766,None,Move,office
1570175468.367,728,769,None,Move,office
1570175468.399,729,771,None,Move,office
1570175468.414,731,773,None,Move,office
1570175468.43,734,778,None,Move,office
1570175468.446,734,781,None,Move,office
1570175468.4929998,734,783,None,Move,office
1570175468.659,734,786,None,Move,office
1570175468.674,734,787,None,Move,office
1570175468.893,734,788,None,Move,office
1570175468.908,733,788,None,Move,office
1570175468.924,732,788,None,Move,office
1570175468.94,730,789,None,Move,office
1570175468.955,728,789,None,Move,office
1570175468.971,726,789,None,Move,office
1570175468.986,720,791,None,Move,office
1570175469.002,716,792,None,Move,office
1570175469.018,708,793,None,Move,office
1570175469.033,701,795,None,Move,office
1570175469.049,697,797,None,Move,office
1570175469.065,692,799,None,Move,office
1570175469.08,690,799,None,Move,office
1570175469.096,681,800,None,Move,office
1570175469.1120002,672,802,None,Move,office
1570175469.127,664,802,None,Move,office
1570175469.143,656,804,None,Move,office
1570175469.159,650,806,None,Move,office
1570175469.174,643,806,None,Move,office
1570175469.189,637,806,None,Move,office
1570175469.205,633,806,None,Move,office
1570175469.221,628,808,None,Move,office
1570175469.236,622,808,None,Move,office
1570175469.2570002,612,808,None,Move,office
1570175469.262,606,809,None,Move,office
1570175469.2770002,597,809,None,Move,office
1570175469.2970002,587,811,None,Move,office
1570175469.301,582,811,None,Move,office
1570175469.316,568,813,None,Move,office
1570175469.332,557,814,None,Move,office
1570175469.347,542,816,None,Move,office
1570175469.363,519,822,None,Move,office
1570175469.379,490,829,None,Move,office
1570175469.394,456,839,None,Move,office
1570175469.41,411,854,None,Move,office
1570175469.4329998,362,871,None,Move,office
1570175469.441,336,882,None,Move,office
1570175469.449,315,890,None,Move,office
1570175469.457,293,899,None,Move,office
1570175469.465,272,907,None,Move,office
1570175469.472,256,916,None,Move,office
1570175469.48,240,923,None,Move,office
1570175469.488,226,930,None,Move,office
1570175469.496,214,937,None,Move,office
1570175469.504,202,944,None,Move,office
1570175469.512,191,949,None,Move,office
1570175469.52,180,954,None,Move,office
1570175469.529,170,959,None,Move,office
1570175469.5370002,157,966,None,Move,office
1570175469.545,147,972,None,Move,office
1570175469.552,135,977,None,Move,office
1570175469.561,122,982,None,Move,office
1570175469.569,110,986,None,Move,office
1570175469.577,100,990,None,Move,office
1570175469.584,89,994,None,Move,office
1570175469.593,79,997,None,Move,office
1570175469.601,69,1000,None,Move,office
1570175469.6079998,60,1001,None,Move,office
1570175469.6160002,53,1002,None,Move,office
1570175469.6179998,46,1003,None,Move,office
1570175469.6339998,40,1005,None,Move,office
1570175469.649,36,1005,None,Move,office
1570175469.665,33,1005,None,Move,office
1570175469.712,32,1005,None,Move,office
1570175469.728,28,1005,None,Move,office
1570175469.7429998,23,1005,None,Move,office
1570175469.7589998,17,1005,None,Move,office
1570175469.775,15,1005,None,Move,office
1570175469.791,14,1005,None,Move,office
1570175469.806,13,1003,None,Move,office
1570175469.824,13,995,None,Move,office
1570175469.833,13,993,None,Move,office
1570175469.841,13,989,None,Move,office
1570175469.849,13,989,None,Move,office
1570175469.857,13,988,None,Move,office
1570175469.958,13,988,Left,Pressed,office
1570175470.099,13,988,Left,Released,office
1570175471.299,13,987,None,Move,office
1570175471.314,13,987,None,Move,office
1570175471.324,13,984,None,Move,office
1570175471.33,20,980,None,Move,office
1570175471.3379998,24,978,None,Move,office
1570175471.349,35,972,None,Move,office
1570175471.359,47,966,None,Move,office
1570175471.369,65,961,None,Move,office
1570175471.379,89,952,None,Move,office
1570175471.3879998,121,938,None,Move,office
1570175471.399,203,900,None,Move,office
1570175471.408,250,872,None,Move,office
1570175471.418,300,838,None,Move,office
1570175471.431,391,760,None,Move,office
1570175471.439,434,719,None,Move,office
1570175471.449,468,681,None,Move,office
1570175471.458,499,633,None,Move,office
1570175471.4729998,535,558,None,Move,office
1570175471.478,546,530,None,Move,office
1570175471.488,554,511,None,Move,office
1570175471.498,560,498,None,Move,office
1570175471.514,564,474,None,Move,office
1570175471.518,565,461,None,Move,office
1570175471.532,565,449,None,Move,office
1570175471.539,565,436,None,Move,office
1570175471.553,565,409,None,Move,office
1570175471.5579998,562,397,None,Move,office
1570175471.569,561,385,None,Move,office
1570175471.579,557,375,None,Move,office
1570175471.589,554,364,None,Move,office
1570175471.596,552,357,None,Move,office
1570175471.6,549,350,None,Move,office
1570175471.609,546,341,None,Move,office
1570175471.619,543,335,None,Move,office
1570175471.6320002,540,331,None,Move,office
1570175471.639,538,329,None,Move,office
1570175471.649,538,328,None,Move,office
1570175471.659,536,326,None,Move,office
1570175471.699,533,322,None,Move,office
1570175471.709,531,320,None,Move,office
1570175471.716,528,317,None,Move,office
1570175471.719,527,314,None,Move,office
1570175471.732,524,312,None,Move,office
1570175471.7389998,522,311,None,Move,office
1570175471.748,518,308,None,Move,office
1570175471.754,515,305,None,Move,office
1570175471.81,515,305,Left,Pressed,office
1570175471.919,515,305,Left,Released,office
1570175471.984,514,306,None,Move,office
1570175471.9889998,514,307,None,Move,office
1570175472.019,514,308,None,Move,office
1570175472.028,514,313,None,Move,office
1570175472.032,513,317,None,Move,office
1570175472.039,513,320,None,Move,office
1570175472.049,512,324,None,Move,office
1570175472.059,511,328,None,Move,office
1570175472.064,510,331,None,Move,office
1570175472.069,508,336,None,Move,office
1570175472.079,506,341,None,Move,office
1570175472.0879998,505,345,None,Move,office
1570175472.099,504,351,None,Move,office
1570175472.109,502,361,None,Move,office
1570175472.119,501,368,None,Move,office
1570175472.1320002,499,375,None,Move,office
1570175472.141,498,381,None,Move,office
1570175472.149,497,388,None,Move,office
1570175472.154,496,393,None,Move,office
1570175472.168,495,396,None,Move,office
1570175472.189,494,401,None,Move,office
1570175472.199,494,403,None,Move,office
1570175472.208,493,406,None,Move,office
1570175472.219,492,409,None,Move,office
1570175472.229,491,411,None,Move,office
1570175472.232,490,414,None,Move,office
1570175472.2389998,489,417,None,Move,office
1570175472.2489998,489,417,None,Move,office
1570175472.269,489,419,None,Move,office
1570175472.279,489,420,None,Move,office
1570175472.299,489,422,None,Move,office
1570175472.309,489,423,None,Move,office
1570175472.679,489,424,None,Move,office
1570175472.689,489,423,None,Move,office
1570175472.698,489,421,None,Move,office
1570175472.709,489,418,None,Move,office
1570175472.718,489,414,None,Move,office
1570175472.7329998,489,405,None,Move,office
1570175472.7389998,489,398,None,Move,office
1570175472.7489998,489,392,None,Move,office
1570175472.7589998,489,386,None,Move,office
1570175472.768,489,381,None,Move,office
1570175472.779,489,373,None,Move,office
1570175472.883,489,371,None,Move,office
1570175472.893,489,370,None,Move,office
1570175472.899,489,370,Left,Pressed,office
1570175473.029,489,370,Left,Released,office
1570175473.535,488,370,None,Move,office
1570175473.549,488,370,None,Move,office
1570175473.5679998,485,372,None,Move,office
1570175473.575,484,373,None,Move,office
1570175473.6,483,376,None,Move,office
1570175473.609,479,381,None,Move,office
1570175473.619,478,385,None,Move,office
1570175473.629,475,389,None,Move,office
1570175473.639,472,391,None,Move,office
1570175473.649,468,397,None,Move,office
1570175473.654,467,400,None,Move,office
1570175473.659,462,404,None,Move,office
1570175473.669,459,408,None,Move,office
1570175473.678,454,414,None,Move,office
1570175473.689,448,422,None,Move,office
1570175473.699,433,445,None,Move,office
1570175473.709,425,459,None,Move,office
1570175473.719,418,474,None,Move,office
1570175473.729,403,508,None,Move,office
1570175473.744,396,531,None,Move,office
1570175473.7489998,391,558,None,Move,office
1570175473.76,386,587,None,Move,office
1570175473.769,380,620,None,Move,office
1570175473.779,370,682,None,Move,office
1570175473.789,369,704,None,Move,office
1570175473.799,366,720,None,Move,office
1570175473.809,360,754,None,Move,office
1570175473.819,356,769,None,Move,office
1570175473.829,352,783,None,Move,office
1570175473.839,345,797,None,Move,office
1570175473.849,330,821,None,Move,office
1570175473.859,322,832,None,Move,office
1570175473.869,313,842,None,Move,office
1570175473.879,303,851,None,Move,office
1570175473.8860002,292,861,None,Move,office
1570175473.889,281,870,None,Move,office
1570175473.899,270,878,None,Move,office
1570175473.909,260,885,None,Move,office
1570175473.919,249,892,None,Move,office
1570175473.929,232,902,None,Move,office
1570175473.939,231,904,None,Move,office
1570175473.949,229,907,None,Move,office
1570175473.96,226,911,None,Move,office
1570175473.969,224,912,None,Move,office
1570175473.979,215,918,None,Move,office
1570175473.9889998,213,919,None,Move,office
1570175473.9989998,209,920,None,Move,office
1570175474.0089998,206,922,None,Move,office
1570175474.019,199,924,None,Move,office
1570175474.029,196,925,None,Move,office
1570175474.039,189,925,None,Move,office
1570175474.049,173,927,None,Move,office
1570175474.0579998,165,929,None,Move,office
1570175474.069,156,929,None,Move,office
1570175474.079,147,930,None,Move,office
1570175474.089,139,931,None,Move,office
1570175474.099,120,932,None,Move,office
1570175474.109,112,934,None,Move,office
1570175474.119,105,935,None,Move,office
1570175474.129,98,936,None,Move,office
1570175474.139,85,939,None,Move,office
1570175474.149,81,942,None,Move,office
1570175474.159,80,942,None,Move,office
1570175474.189,79,943,None,Move,office
1570175474.2,79,944,None,Move,office
1570175474.208,79,945,None,Move,office
1570175474.216,79,948,None,Move,office
1570175474.225,79,951,None,Move,office
1570175474.232,79,951,None,Move,office
1570175474.24,79,954,None,Move,office
1570175474.248,79,954,None,Move,office
1570175474.2570002,79,956,None,Move,office
1570175474.265,79,957,None,Move,office
1570175474.2729998,79,960,None,Move,office
1570175474.28,79,963,None,Move,office
1570175474.288,79,964,None,Move,office
1570175474.296,79,965,None,Move,office
1570175474.304,79,966,None,Move,office
1570175474.312,79,967,None,Move,office
1570175474.32,78,970,None,Move,office
1570175474.3279998,78,973,None,Move,office
1570175474.336,78,976,None,Move,office
1570175474.345,77,977,None,Move,office
1570175474.416,77,977,Left,Pressed,office
1570175474.529,77,977,Left,Released,office
1570175474.928,77,978,None,Move,office
1570175474.944,77,976,None,Move,office
1570175474.952,78,976,None,Move,office
1570175474.96,79,975,None,Move,office
1570175474.968,81,973,None,Move,office
1570175474.976,82,972,None,Move,office
1570175474.984,85,971,None,Move,office
1570175474.992,88,968,None,Move,office
1570175475.0,91,968,None,Move,office
1570175475.008,93,966,None,Move,office
1570175475.016,96,965,None,Move,office
1570175475.024,102,962,None,Move,office
1570175475.031,103,962,None,Move,office
1570175475.04,110,956,None,Move,office
1570175475.0470002,116,954,None,Move,office
1570175475.056,121,950,None,Move,office
1570175475.063,129,947,None,Move,office
1570175475.077,138,941,None,Move,office
1570175475.097,175,921,None,Move,office
1570175475.105,187,914,None,Move,office
1570175475.115,201,907,None,Move,office
1570175475.121,213,900,None,Move,office
1570175475.1279998,224,894,None,Move,office
1570175475.14,233,888,None,Move,office
1570175475.146,244,880,None,Move,office
1570175475.1620002,264,860,None,Move,office
1570175475.168,276,847,None,Move,office
1570175475.176,285,833,None,Move,office
1570175475.184,298,814,None,Move,office
1570175475.194,309,797,None,Move,office
1570175475.2,319,781,None,Move,office
1570175475.208,328,767,None,Move,office
1570175475.216,337,751,None,Move,office
1570175475.225,343,737,None,Move,office
1570175475.2389998,355,708,None,Move,office
1570175475.2489998,359,691,None,Move,office
1570175475.264,366,657,None,Move,office
1570175475.269,369,642,None,Move,office
1570175475.279,370,627,None,Move,office
1570175475.289,371,615,None,Move,office
1570175475.296,371,605,None,Move,office
1570175475.299,371,597,None,Move,office
1570175475.309,371,587,None,Move,office
1570175475.319,371,577,None,Move,office
1570175475.329,371,567,None,Move,office
1570175475.339,371,546,None,Move,office
1570175475.349,370,536,None,Move,office
1570175475.359,367,526,None,Move,office
1570175475.3739998,366,519,None,Move,office
1570175475.379,365,513,None,Move,office
1570175475.389,365,513,None,Move,office
1570175475.396,364,512,None,Move,office
1570175475.439,364,510,None,Move,office
1570175475.459,364,508,None,Move,office
1570175475.474,364,506,None,Move,office
1570175475.478,364,504,None,Move,office
1570175475.4889998,364,503,None,Move,office
1570175475.498,364,501,None,Move,office
1570175475.508,364,499,None,Move,office
1570175475.519,364,498,None,Move,office
1570175475.539,364,496,None,Move,office
1570175475.554,364,490,None,Move,office
1570175475.559,364,489,None,Move,office
1570175475.5679998,366,488,None,Move,office
1570175475.579,368,487,None,Move,office
1570175475.596,374,485,None,Move,office
1570175475.599,379,485,None,Move,office
1570175475.609,381,482,None,Move,office
1570175475.619,383,482,None,Move,office
1570175475.6279998,385,481,None,Move,office
1570175475.665,388,481,None,Move,office
1570175475.677,389,481,None,Move,office
1570175475.684,391,482,None,Move,office
1570175475.689,393,483,None,Move,office
1570175475.699,395,484,None,Move,office
1570175475.709,396,484,None,Move,office
1570175475.712,397,486,None,Move,office
1570175475.718,399,486,None,Move,office
1570175475.7329998,399,487,None,Move,office
1570175475.74,403,491,None,Move,office
1570175475.748,407,493,None,Move,office
1570175475.754,409,495,None,Move,office
1570175475.7589998,412,498,None,Move,office
1570175475.769,415,499,None,Move,office
1570175475.779,416,501,None,Move,office
1570175475.789,419,504,None,Move,office
1570175475.799,420,505,None,Move,office
1570175475.809,422,506,None,Move,office
1570175475.819,422,506,None,Move,office
1570175475.833,425,508,None,Move,office
1570175475.844,426,510,None,Move,office
1570175475.849,428,512,None,Move,office
1570175475.859,429,513,None,Move,office
1570175475.869,432,515,None,Move,office
1570175475.8739998,435,518,None,Move,office
1570175475.879,436,518,None,Move,office
1570175475.889,440,522,None,Move,office
1570175475.9,440,523,None,Move,office
1570175475.919,442,525,None,Move,office
1570175475.929,443,525,None,Move,office
1570175475.9889998,444,527,None,Move,office
1570175475.994,445,528,None,Move,office
1570175476.004,445,528,None,Move,office
1570175476.019,446,529,None,Move,office
1570175476.029,446,531,None,Move,office
1570175476.039,446,533,None,Move,office
1570175476.109,447,534,None,Move,office
1570175476.1179998,448,535,None,Move,office
1570175476.1279998,449,536,None,Move,office
1570175476.139,449,537,None,Move,office
1570175476.154,450,540,None,Move,office
1570175476.309,450,540,Left,Pressed,office
1570175476.399,450,540,Left,Released,office
1570175476.5089998,450,542,None,Move,office
1570175476.529,451,545,None,Move,office
1570175476.544,453,548,None,Move,office
1570175476.549,455,550,None,Move,office
1570175476.561,457,554,None,Move,office
1570175476.566,459,560,None,Move,office
1570175476.569,462,567,None,Move,office
1570175476.579,464,574,None,Move,office
1570175476.584,466,583,None,Move,office
1570175476.594,469,595,None,Move,office
1570175476.599,472,609,None,Move,office
1570175476.609,475,622,None,Move,office
1570175476.619,479,636,None,Move,office
1570175476.629,484,658,None,Move,office
1570175476.6379998,485,669,None,Move,office
1570175476.649,488,677,None,Move,office
1570175476.659,489,684,None,Move,office
1570175476.674,491,697,None,Move,office
1570175476.679,491,697,None,Move,office
1570175476.689,492,701,None,Move,office
1570175476.699,493,705,None,Move,office
1570175476.709,495,709,None,Move,office
1570175476.719,496,710,None,Move,office
1570175476.729,497,715,None,Move,office
1570175476.7389998,497,718,None,Move,office
1570175476.7489998,497,719,None,Move,office
1570175476.7589998,497,721,None,Move,office
1570175476.789,497,722,None,Move,office
1570175476.789,497,723,None,Move,office
1570175476.799,497,724,None,Move,office
1570175476.809,497,725,None,Move,office
1570175476.819,497,726,None,Move,office
1570175477.7870002,497,726,None,Move,office
1570175477.824,497,724,None,Move,office
1570175510.323,498,719,None,Move,office
1570175510.344,498,718,None,Move,office
1570175510.35,506,702,None,Move,office
1570175510.3660002,520,679,None,Move,office
1570175510.428,526,674,None,Move,office
1570175510.444,530,677,None,Move,office
1570175510.46,534,685,None,Move,office
1570175510.475,546,705,None,Move,office
1570175510.4910002,563,753,None,Move,office
1570175510.506,574,818,None,Move,office
1570175510.522,582,883,None,Move,office
1570175510.538,589,937,None,Move,office
1570175510.556,596,964,None,Move,office
1570175510.5570002,607,993,None,Move,office
1570175510.573,631,1041,None,Move,office
1570175510.589,641,1064,None,Move,office
1570175510.605,644,1071,None,Move,office
1570175510.621,644,1076,None,Move,office
1570175510.637,644,1084,None,Move,office
1570175510.6520002,644,1081,None,Move,office
1570175510.668,642,1082,None,Move,office
1570175510.722,639,1079,None,Move,office
1570175510.738,637,1079,None,Move,office
1570175510.758,627,1076,None,Move,office
1570175510.774,600,1066,None,Move,office
1570175510.789,544,1050,None,Move,office
1570175510.805,435,1014,None,Move,office
1570175510.821,292,966,None,Move,office
1570175510.836,158,918,None,Move,office
1570175510.8520002,66,889,None,Move,office
1570175510.8679998,45,882,None,Move,office
1570175510.988,44,882,None,Move,office
1570175511.0029998,43,883,None,Move,office
1570175511.019,43,884,None,Move,office
1570175511.035,42,893,None,Move,office
1570175511.05,42,898,None,Move,office
1570175511.066,42,905,None,Move,office
1570175511.081,42,911,None,Move,office
1570175511.096,42,912,None,Move,office
1570175511.1179998,42,915,None,Move,office
1570175511.133,42,922,None,Move,office
1570175511.149,42,933,None,Move,office
1570175511.165,39,944,None,Move,office
1570175511.18,35,957,None,Move,office
1570175511.196,29,973,None,Move,office
1570175511.3879998,26,979,Left,Pressed,office
1570175511.481,26,979,Left,Released,office
1570175511.619,26,983,None,Move,office
1570175511.635,26,983,None,Move,office
1570175511.651,31,987,None,Move,office
1570175511.666,38,990,None,Move,office
1570175511.6820002,46,991,None,Move,office
1570175511.698,57,993,None,Move,office
1570175511.7129998,72,995,None,Move,office
1570175511.729,91,998,None,Move,office
1570175511.744,113,1000,None,Move,office
1570175511.76,125,1002,None,Move,office
1570175511.776,148,1003,None,Move,office
1570175511.791,159,1004,None,Move,office
1570175511.823,162,1005,None,Move,office
1570175511.8379998,165,1008,None,Move,office
1570175511.854,169,1010,None,Move,office
1570175511.87,171,1013,None,Move,office
1570175511.885,172,1015,None,Move,office
1570175511.901,174,1021,None,Move,office
1570175511.916,177,1029,None,Move,office
1570175511.9320002,178,1033,None,Move,office
1570175511.952,179,1036,None,Move,office
1570175511.958,180,1040,None,Move,office
1570175511.968,182,1045,None,Move,office
1570175511.971,183,1049,None,Move,office
1570175511.9870002,186,1057,None,Move,office
1570175512.002,187,1061,None,Move,office
1570175512.049,188,1063,None,Move,office
1570175512.065,190,1065,None,Move,office
1570175512.08,192,1066,None,Move,office
1570175512.096,195,1067,None,Move,office
1570175512.1120002,198,1068,None,Move,office
1570175512.174,200,1069,None,Move,office
1570175512.19,201,1069,None,Move,office
1570175512.553,203,1069,None,Move,office
1570175512.569,204,1069,None,Move,office
1570175512.584,209,1066,None,Move,office
1570175512.6,215,1061,None,Move,office
1570175512.6160002,239,1035,None,Move,office
1570175512.631,287,972,None,Move,office
1570175512.647,349,878,None,Move,office
1570175512.663,408,759,None,Move,office
1570175512.678,449,643,None,Move,office
1570175512.694,472,552,None,Move,office
1570175512.709,481,487,None,Move,office
1570175512.725,484,444,None,Move,office
1570175512.7410002,486,416,None,Move,office
1570175512.76,486,406,None,Move,office
1570175512.871,487,397,None,Move,office
1570175512.8860002,489,394,None,Move,office
1570175512.9020002,496,392,None,Move,office
1570175512.92,511,388,None,Move,office
1570175512.925,525,386,None,Move,office
1570175512.941,557,380,None,Move,office
1570175512.956,593,372,None,Move,office
1570175512.972,626,362,None,Move,office
1570175512.988,647,354,None,Move,office
1570175513.066,650,353,None,Move,office
1570175513.081,654,350,None,Move,office
1570175513.113,656,347,None,Move,office
1570175513.1279998,656,345,None,Move,office
1570175513.16,656,343,None,Move,office
1570175513.175,656,340,None,Move,office
1570175513.191,657,335,None,Move,office
1570175513.206,659,331,None,Move,office
1570175513.222,662,328,None,Move,office
1570175513.41,664,325,None,Move,office
1570175513.425,665,325,None,Move,office
1570175513.457,665,323,None,Move,office
1570175513.472,665,322,None,Move,office
1570175513.484,665,318,None,Move,office
1570175513.485,665,315,None,Move,office
1570175513.5010002,665,312,None,Move,office
1570175513.5170002,666,309,None,Move,office
1570175513.521,667,306,None,Move,office
1570175513.5370002,668,298,None,Move,office
1570175513.552,668,288,None,Move,office
1570175513.5679998,668,279,None,Move,office
1570175513.647,668,273,None,Move,office
1570175513.6620002,668,272,None,Move,office
1570175513.678,668,272,None,Move,office
1570175513.694,667,275,None,Move,office
1570175513.714,661,283,None,Move,office
1570175513.729,652,291,None,Move,office
1570175513.746,641,299,None,Move,office
1570175513.7610002,621,312,None,Move,office
1570175513.7770002,598,325,None,Move,office
1570175513.793,574,340,None,Move,office
1570175513.8079998,552,353,None,Move,office
1570175513.824,538,359,None,Move,office
1570175513.845,531,362,None,Move,office
1570175513.907,531,362,None,Move,office
1570175513.986,531,362,Left,Pressed,office
1570175514.095,531,362,Left,Released,office
1570175514.207,527,365,None,Move,office
1570175514.2229998,522,366,None,Move,office
1570175514.238,515,369,None,Move,office
1570175514.254,502,374,None,Move,office
1570175514.27,485,379,None,Move,office
1570175514.285,464,384,None,Move,office
1570175514.301,443,388,None,Move,office
1570175514.316,420,390,None,Move,office
1570175514.332,408,392,None,Move,office
1570175514.3479998,385,392,None,Move,office
1570175514.363,359,394,None,Move,office
1570175514.379,337,399,None,Move,office
1570175514.394,321,406,None,Move,office
1570175514.41,311,412,None,Move,office
1570175514.426,307,416,None,Move,office
1570175514.441,303,420,None,Move,office
1570175514.457,302,422,None,Move,office
1570175514.524,302,422,None,Move,office
1570175514.575,301,423,None,Move,office
1570175514.59,300,423,None,Move,office
1570175514.606,292,420,None,Move,office
1570175514.6220002,285,416,None,Move,office
1570175514.637,278,413,None,Move,office
1570175514.653,249,398,None,Move,office
1570175514.669,225,387,None,Move,office
1570175514.685,212,382,None,Move,office
1570175514.7,188,368,None,Move,office
1570175514.715,168,356,None,Move,office
1570175514.731,165,354,None,Move,office
1570175514.7470002,163,352,None,Move,office
1570175514.8620002,163,349,None,Move,office
1570175514.877,163,349,None,Move,office
1570175514.956,163,349,Left,Pressed,office
1570175515.049,163,349,Left,Released,office
1570175515.08,163,347,None,Move,office
1570175515.096,163,342,None,Move,office
1570175515.111,163,340,None,Move,office
1570175515.127,163,337,None,Move,office
1570175515.22,163,337,Left,Pressed,office
1570175515.283,163,337,Left,Released,office
1570175517.504,163,336,None,Move,office
1570175517.52,165,334,None,Move,office
1570175517.536,165,334,None,Move,office
1570175517.551,175,334,None,Move,office
1570175517.5670002,181,334,None,Move,office
1570175517.583,196,334,None,Move,office
1570175517.5979998,211,334,None,Move,office
1570175517.6139998,229,334,None,Move,office
1570175517.629,251,334,None,Move,office
1570175517.645,276,334,None,Move,office
1570175517.661,303,337,None,Move,office
1570175517.676,318,339,None,Move,office
1570175517.6920002,354,343,None,Move,office
1570175517.707,377,345,None,Move,office
1570175517.7229998,397,347,None,Move,office
1570175517.7389998,416,347,None,Move,office
1570175517.754,433,348,None,Move,office
1570175517.77,436,348,None,Move,office
1570175517.825,438,348,None,Move,office
1570175517.84,439,348,None,Move,office
1570175517.856,445,348,None,Move,office
1570175517.8720002,455,348,None,Move,office
1570175517.887,464,348,None,Move,office
1570175517.903,479,348,None,Move,office
1570175517.918,499,348,None,Move,office
1570175517.934,515,348,None,Move,office
1570175517.949,521,348,None,Move,office
1570175517.965,525,348,None,Move,office
1570175518.012,525,348,None,Move,office
1570175518.0270002,529,348,None,Move,office
1570175518.043,542,348,None,Move,office
1570175518.059,551,348,None,Move,office
1570175518.074,566,348,None,Move,office
1570175518.09,576,348,None,Move,office
1570175518.106,581,348,None,Move,office
1570175518.231,583,350,None,Move,office
1570175518.262,586,355,None,Move,office
1570175518.2770002,586,356,None,Move,office
1570175518.293,592,360,None,Move,office
1570175518.309,596,363,None,Move,office
1570175518.325,600,364,None,Move,office
1570175518.34,605,366,None,Move,office
1570175518.475,608,366,None,Move,office
1570175518.4910002,611,366,None,Move,office
1570175518.506,618,366,None,Move,office
1570175518.522,624,366,None,Move,office
1570175518.5370002,629,366,None,Move,office
1570175518.62,631,366,None,Move,office
1570175519.38,631,366,Left,Pressed,office
1570175519.471,631,366,Left,Released,office
1570175520.843,632,366,None,Move,office
1570175520.863,632,369,None,Move,office
1570175520.8720002,632,370,None,Move,office
1570175520.873,632,372,None,Move,office
1570175520.8820002,632,374,None,Move,office
1570175520.8920002,632,378,None,Move,office
1570175520.901,631,384,None,Move,office
1570175520.911,630,387,None,Move,office
1570175520.921,628,393,None,Move,office
1570175520.931,626,407,None,Move,office
1570175520.94,625,415,None,Move,office
1570175520.95,624,426,None,Move,office
1570175520.961,621,434,None,Move,office
1570175520.969,619,445,None,Move,office
1570175520.976,617,457,None,Move,office
1570175520.981,615,469,None,Move,office
1570175520.992,612,481,None,Move,office
1570175521.0010002,609,492,None,Move,office
1570175521.008,605,506,None,Move,office
1570175521.0110002,601,520,None,Move,office
1570175521.02,598,537,None,Move,office
1570175521.031,595,552,None,Move,office
1570175521.041,593,567,None,Move,office
1570175521.051,589,594,None,Move,office
1570175521.06,586,607,None,Move,office
1570175521.072,583,621,None,Move,office
1570175521.081,582,636,None,Move,office
1570175521.092,576,666,None,Move,office
1570175521.101,572,686,None,Move,office
1570175521.1120002,567,709,None,Move,office
1570175521.121,559,739,None,Move,office
1570175521.131,549,795,None,Move,office
1570175521.14,543,821,None,Move,office
1570175521.151,538,845,None,Move,office
1570175521.161,533,868,None,Move,office
1570175521.171,526,907,None,Move,office
1570175521.181,523,924,None,Move,office
1570175521.1920002,519,941,None,Move,office
1570175521.201,516,957,None,Move,office
1570175521.211,509,986,None,Move,office
1570175521.221,506,998,None,Move,office
1570175521.232,504,1008,None,Move,office
1570175521.2410002,500,1017,None,Move,office
1570175521.25,493,1032,None,Move,office
1570175521.26,489,1039,None,Move,office
1570175521.271,484,1045,None,Move,office
1570175521.281,479,1051,None,Move,office
1570175521.298,464,1061,None,Move,office
1570175521.301,457,1065,None,Move,office
1570175521.311,450,1069,None,Move,office
1570175521.321,444,1071,None,Move,office
1570175521.321,439,1072,None,Move,office
1570175521.331,435,1073,None,Move,office
1570175521.341,431,1073,None,Move,office
1570175521.35,429,1075,None,Move,office
1570175521.361,428,1075,None,Move,office
1570175521.371,424,1076,None,Move,office
1570175521.381,419,1076,None,Move,office
1570175521.3920002,414,1076,None,Move,office
1570175521.395,409,1076,None,Move,office
1570175521.401,404,1076,None,Move,office
1570175521.421,401,1076,None,Move,office
1570175521.43,395,1076,None,Move,office
1570175521.441,391,1076,None,Move,office
1570175521.451,383,1076,None,Move,office
1570175521.46,380,1076,None,Move,office
1570175521.471,376,1076,None,Move,office
1570175521.481,370,1074,None,Move,office
1570175521.492,362,1068,None,Move,office
1570175521.5010002,355,1064,None,Move,office
1570175521.512,346,1056,None,Move,office
1570175521.521,333,1045,None,Move,office
1570175521.531,305,1017,None,Move,office
1570175521.541,288,998,None,Move,office
1570175521.551,272,977,None,Move,office
1570175521.561,256,953,None,Move,office
1570175521.571,241,929,None,Move,office
1570175521.581,224,892,None,Move,office
1570175521.592,218,874,None,Move,office
1570175521.6,209,837,None,Move,office
1570175521.611,204,817,None,Move,office
1570175521.621,201,795,None,Move,office
1570175521.631,197,775,None,Move,office
1570175521.641,192,739,None,Move,office
1570175521.651,191,724,None,Move,office
1570175521.66,190,711,None,Move,office
1570175521.671,188,700,None,Move,office
1570175521.681,187,685,None,Move,office
1570175521.6920002,187,678,None,Move,office
1570175521.701,186,671,None,Move,office
1570175521.71,186,660,None,Move,office
1570175521.728,183,637,None,Move,office
1570175521.734,181,624,None,Move,office
1570175521.74,179,611,None,Move,office
1570175521.7510002,178,595,None,Move,office
1570175521.7610002,174,570,None,Move,office
1570175521.771,171,560,None,Move,office
1570175521.781,168,551,None,Move,office
1570175521.791,166,544,None,Move,office
1570175521.793,164,535,None,Move,office
1570175521.8,161,526,None,Move,office
1570175521.811,159,519,None,Move,office
1570175521.82,157,510,None,Move,office
1570175521.831,154,503,None,Move,office
1570175521.841,152,496,None,Move,office
1570175521.851,147,487,None,Move,office
1570175521.861,146,484,None,Move,office
1570175521.871,144,482,None,Move,office
1570175521.881,144,482,None,Move,office
1570175521.893,141,480,None,Move,office
1570175521.901,141,479,None,Move,office
1570175521.911,139,478,None,Move,office
1570175521.921,137,476,None,Move,office
1570175521.931,135,474,None,Move,office
1570175521.941,134,474,None,Move,office
1570175521.951,134,474,None,Move,office
1570175522.208,131,476,None,Move,office
1570175522.215,130,482,None,Move,office
1570175522.221,129,489,None,Move,office
1570175522.231,127,502,None,Move,office
1570175522.2410002,121,555,None,Move,office
1570175522.2510002,116,597,None,Move,office
1570175522.2610002,112,640,None,Move,office
1570175522.271,110,681,None,Move,office
1570175522.281,106,770,None,Move,office
1570175522.291,104,815,None,Move,office
1570175522.302,104,853,None,Move,office
1570175522.311,104,880,None,Move,office
1570175522.321,104,922,None,Move,office
1570175522.331,104,937,None,Move,office
1570175522.341,104,950,None,Move,office
1570175522.351,104,962,None,Move,office
1570175522.361,104,980,None,Move,office
1570175522.371,104,989,None,Move,office
1570175522.381,104,996,None,Move,office
1570175522.391,104,1002,None,Move,office
1570175522.4020002,104,1013,None,Move,office
1570175522.411,104,1015,None,Move,office
1570175522.421,104,1017,None,Move,office
1570175522.431,104,1019,None,Move,office
1570175522.441,104,1020,None,Move,office
1570175522.451,104,1024,None,Move,office
1570175522.461,104,1026,None,Move,office
1570175522.471,104,1028,None,Move,office
1570175522.481,104,1030,None,Move,office
1570175522.4910002,104,1036,None,Move,office
1570175522.502,103,1039,None,Move,office
1570175522.552,102,1039,None,Move,office
1570175522.566,102,1038,None,Move,office
1570175522.571,101,1035,None,Move,office
1570175522.581,100,1032,None,Move,office
1570175522.591,97,1027,None,Move,office
1570175522.6020002,95,1016,None,Move,office
1570175522.611,91,1009,None,Move,office
1570175522.621,87,1001,None,Move,office
1570175522.631,85,999,None,Move,office
1570175522.641,82,989,None,Move,office
1570175522.651,81,985,None,Move,office
1570175522.661,79,984,None,Move,office
1570175522.7610002,79,984,Left,Pressed,office
1570175522.881,79,984,Left,Released,office
1570175523.9,79,981,None,Move,office
1570175523.908,79,980,None,Move,office
1570175523.916,82,976,None,Move,office
1570175523.924,86,974,None,Move,office
1570175523.9320002,90,974,None,Move,office
1570175523.94,98,971,None,Move,office
1570175523.948,108,968,None,Move,office
1570175523.956,122,966,None,Move,office
1570175523.964,137,962,None,Move,office
1570175523.972,156,957,None,Move,office
1570175523.98,177,951,None,Move,office
1570175523.988,204,943,None,Move,office
1570175523.996,236,932,None,Move,office
1570175524.004,271,917,None,Move,office
1570175524.012,306,905,None,Move,office
1570175524.021,341,888,None,Move,office
1570175524.0270002,375,869,None,Move,office
1570175524.036,411,848,None,Move,office
1570175524.044,442,827,None,Move,office
1570175524.053,469,808,None,Move,office
1570175524.059,490,794,None,Move,office
1570175524.069,503,783,None,Move,office
1570175524.086,512,775,None,Move,office
1570175524.09,518,769,None,Move,office
1570175524.284,518,764,None,Move,office
1570175524.301,518,755,None,Move,office
1570175524.311,518,748,None,Move,office
1570175524.321,518,738,None,Move,office
1570175524.329,518,726,None,Move,office
1570175524.335,518,713,None,Move,office
1570175524.341,518,703,None,Move,office
1570175524.3479998,518,693,None,Move,office
1570175524.357,518,683,None,Move,office
1570175524.365,518,676,None,Move,office
1570175524.373,518,671,None,Move,office
1570175524.381,518,670,None,Move,office
1570175524.389,518,670,None,Move,office
1570175524.397,518,669,None,Move,office
1570175524.4120002,518,667,None,Move,office
1570175524.421,518,666,None,Move,office
1570175524.461,518,666,Left,Pressed,office
1570175524.601,518,666,Left,Released,office
1570175524.955,518,667,None,Move,office
1570175524.961,518,668,None,Move,office
1570175524.9770002,518,669,None,Move,office
1570175524.995,518,669,None,Move,office
1570175525.004,518,674,None,Move,office
1570175525.0110002,518,675,None,Move,office
1570175525.021,518,675,None,Move,office
1570175525.031,518,677,None,Move,office
1570175525.041,518,677,None,Move,office
1570175525.481,518,680,None,Move,office
1570175525.4910002,518,681,None,Move,office
1570175525.5010002,518,685,None,Move,office
1570175525.506,518,690,None,Move,office
1570175525.5110002,518,693,None,Move,office
1570175525.521,518,698,None,Move,office
1570175525.531,518,703,None,Move,office
1570175525.541,518,708,None,Move,office
1570175525.551,518,712,None,Move,office
1570175525.565,518,721,None,Move,office
1570175525.572,518,727,None,Move,office
1570175525.586,518,746,None,Move,office
1570175525.591,518,758,None,Move,office
1570175525.601,518,769,None,Move,office
1570175525.617,518,783,None,Move,office
1570175525.621,518,794,None,Move,office
1570175525.631,518,819,None,Move,office
1570175525.645,518,832,None,Move,office
1570175525.651,518,846,None,Move,office
1570175525.661,518,859,None,Move,office
1570175525.671,518,889,None,Move,office
1570175525.681,518,905,None,Move,office
1570175525.691,518,920,None,Move,office
1570175525.701,518,935,None,Move,office
1570175525.706,518,948,None,Move,office
1570175525.716,518,960,None,Move,office
1570175525.721,521,971,None,Move,office
1570175525.731,522,979,None,Move,office
1570175525.7389998,523,988,None,Move,office
1570175525.745,525,995,None,Move,office
1570175525.7510002,527,1002,None,Move,office
1570175525.7610002,528,1011,None,Move,office
1570175525.771,529,1019,None,Move,office
1570175525.781,534,1035,None,Move,office
1570175525.791,538,1043,None,Move,office
1570175525.801,540,1047,None,Move,office
1570175525.811,540,1047,None,Move,office
1570175525.8170002,541,1050,None,Move,office
1570175525.826,543,1054,None,Move,office
1570175525.851,545,1056,None,Move,office
1570175525.8660002,548,1057,None,Move,office
1570175525.8760002,551,1059,None,Move,office
1570175525.881,554,1060,None,Move,office
1570175525.891,557,1060,None,Move,office
1570175525.901,561,1060,None,Move,office
1570175525.916,564,1060,None,Move,office
1570175525.921,566,1060,None,Move,office
1570175525.931,569,1060,None,Move,office
1570175525.94,571,1060,None,Move,office
1570175525.948,572,1060,None,Move,office
1570175525.951,573,1060,None,Move,office
1570175525.961,574,1060,None,Move,office
1570175525.971,575,1060,None,Move,office
1570175525.996,577,1059,None,Move,office
1570175526.002,577,1059,None,Move,office
1570175526.012,579,1057,None,Move,office
1570175526.02,581,1055,None,Move,office
1570175526.026,583,1055,None,Move,office
1570175526.033,583,1055,None,Move,office
1570175526.043,586,1053,None,Move,office
1570175526.051,586,1052,None,Move,office
1570175526.154,586,1052,Left,Pressed,office
1570175526.2670002,586,1052,Left,Released,office
1570175527.421,588,1051,None,Move,office
1570175527.431,589,1051,None,Move,office
1570175527.439,587,1051,None,Move,office
1570175527.447,582,1051,None,Move,office
1570175527.456,572,1052,None,Move,office
1570175527.464,556,1052,None,Move,office
1570175527.471,535,1052,None,Move,office
1570175527.4770002,511,1052,None,Move,office
1570175527.481,487,1052,None,Move,office
1570175527.4910002,467,1052,None,Move,office
1570175527.5,446,1052,None,Move,office
1570175527.5110002,428,1052,None,Move,office
1570175527.526,400,1052,None,Move,office
1570175527.531,388,1052,None,Move,office
1570175527.54,378,1052,None,Move,office
1570175527.551,369,1053,None,Move,office
1570175527.561,359,1054,None,Move,office
1570175527.566,349,1055,None,Move,office
1570175527.571,339,1057,None,Move,office
1570175527.581,329,1058,None,Move,office
1570175527.591,317,1059,None,Move,office
1570175527.601,305,1061,None,Move,office
1570175527.606,295,1061,None,Move,office
1570175527.611,287,1061,None,Move,office
1570175527.621,285,1061,None,Move,office
1570175527.631,284,1061,None,Move,office
1570175527.68,283,1061,None,Move,office
1570175527.686,280,1062,None,Move,office
1570175527.691,276,1065,None,Move,office
1570175527.701,272,1065,None,Move,office
1570175527.711,267,1065,None,Move,office
1570175527.72,264,1065,None,Move,office
1570175527.725,261,1065,None,Move,office
1570175527.73,260,1065,None,Move,office
1570175527.791,258,1066,None,Move,office
1570175527.801,252,1067,None,Move,office
1570175527.811,247,1067,None,Move,office
1570175527.821,243,1067,None,Move,office
1570175527.831,242,1067,None,Move,office
1570175527.851,241,1067,None,Move,office
1570175527.8860002,240,1067,None,Move,office
1570175527.891,237,1067,None,Move,office
1570175527.901,235,1067,None,Move,office
1570175527.911,233,1067,None,Move,office
1570175527.926,226,1067,None,Move,office
1570175527.931,224,1067,None,Move,office
1570175527.941,223,1067,None,Move,office
1570175528.064,223,1067,Left,Pressed,office
1570175528.151,223,1067,Left,Released,office
1570175528.98,222,1067,None,Move,browsing
1570175528.995,222,1065,None,Move,browsing
1570175529.004,225,1062,None,Move,browsing
1570175529.0110002,230,1054,None,Move,browsing
1570175529.02,237,1042,None,Move,browsing
1570175529.028,247,1026,None,Move,browsing
1570175529.036,257,1007,None,Move,browsing
1570175529.044,275,977,None,Move,browsing
1570175529.052,293,943,None,Move,browsing
1570175529.06,318,903,None,Move,browsing
1570175529.0679998,343,863,None,Move,browsing
1570175529.076,366,817,None,Move,browsing
1570175529.084,392,767,None,Move,browsing
1570175529.093,416,712,None,Move,browsing
1570175529.1,439,659,None,Move,browsing
1570175529.1079998,458,611,None,Move,browsing
1570175529.1160002,471,567,None,Move,browsing
1570175529.1239998,484,526,None,Move,browsing
1570175529.1320002,492,492,None,Move,browsing
1570175529.14,498,463,None,Move,browsing
1570175529.1479998,501,437,None,Move,browsing
1570175529.156,503,416,None,Move,browsing
1570175529.164,503,399,None,Move,browsing
1570175529.1720002,503,384,None,Move,browsing
1570175529.18,502,369,None,Move,browsing
1570175529.188,499,354,None,Move,browsing
1570175529.196,494,340,None,Move,browsing
1570175529.204,490,330,None,Move,browsing
1570175529.212,486,321,None,Move,browsing
1570175529.22,482,313,None,Move,browsing
1570175529.228,479,308,None,Move,browsing
1570175529.236,477,306,None,Move,browsing
1570175529.244,472,300,None,Move,browsing
1570175529.252,469,298,None,Move,browsing
1570175529.26,463,295,None,Move,browsing
1570175529.268,459,292,None,Move,browsing
1570175529.276,456,291,None,Move,browsing
1570175529.284,451,289,None,Move,browsing
1570175529.292,447,288,None,Move,browsing
1570175529.3,442,286,None,Move,browsing
1570175529.3070002,437,283,None,Move,browsing
1570175529.316,435,283,None,Move,browsing
1570175529.324,432,282,None,Move,browsing
1570175529.333,430,280,None,Move,browsing
1570175529.34,427,280,None,Move,browsing
1570175529.349,422,280,None,Move,browsing
1570175529.356,420,279,None,Move,browsing
1570175529.3639998,418,279,None,Move,browsing
1570175529.3720002,417,279,None,Move,browsing
1570175529.381,416,279,None,Move,browsing
1570175529.389,415,279,None,Move,browsing
1570175529.397,413,279,None,Move,browsing
1570175529.405,412,279,None,Move,browsing
1570175529.4120002,407,281,None,Move,browsing
1570175529.421,407,281,None,Move,browsing
1570175529.429,405,283,None,Move,browsing
1570175529.436,401,287,None,Move,browsing
1570175529.445,396,292,None,Move,browsing
1570175529.452,393,295,None,Move,browsing
1570175529.46,391,299,None,Move,browsing
1570175529.468,388,308,None,Move,browsing
1570175529.476,385,321,None,Move,browsing
1570175529.485,381,336,None,Move,browsing
1570175529.492,378,353,None,Move,browsing
1570175529.5,375,370,None,Move,browsing
1570175529.5070002,372,387,None,Move,browsing
1570175529.516,370,400,None,Move,browsing
1570175529.524,368,410,None,Move,browsing
1570175529.532,368,411,None,Move,browsing
1570175529.54,368,414,None,Move,browsing
1570175529.548,368,415,None,Move,browsing
1570175529.62,368,415,Left,Pressed,browsing
1570175529.748,368,415,Left,Released,browsing
1570175531.32,368,417,None,Move,browsing
1570175531.3279998,368,417,None,Move,browsing
1570175531.336,373,419,None,Move,browsing
1570175531.344,380,420,None,Move,browsing
1570175531.351,395,426,None,Move,browsing
1570175531.359,420,436,None,Move,browsing
1570175531.3679998,462,451,None,Move,browsing
1570175531.3760002,517,473,None,Move,browsing
1570175531.3839998,579,495,None,Move,browsing
1570175531.3920002,644,520,None,Move,browsing
1570175531.4120002,768,572,None,Move,browsing
1570175531.42,824,597,None,Move,browsing
1570175531.427,873,620,None,Move,browsing
1570175531.4329998,918,641,None,Move,browsing
1570175531.44,954,657,None,Move,browsing
1570175531.45,983,671,None,Move,browsing
1570175531.456,1002,680,None,Move,browsing
1570175531.464,1016,687,None,Move,browsing
1570175531.472,1022,691,None,Move,browsing
1570175531.609,1022,691,Left,Pressed,browsing
1570175531.7370002,1022,691,Left,Released,browsing
1570175532.3279998,1026,693,None,Move,browsing
1570175532.336,1027,694,None,Move,browsing
1570175532.344,1028,695,None,Move,browsing
1570175532.3520002,1030,696,None,Move,browsing
1570175535.776,1032,697,None,Move,browsing
1570175535.784,1033,697,None,Move,browsing
1570175535.792,1033,697,None,Move,browsing
1570175535.8,1035,696,None,Move,browsing
1570175535.8079998,1039,693,None,Move,browsing
1570175535.816,1045,686,None,Move,browsing
1570175535.824,1054,678,None,Move,browsing
1570175535.832,1067,667,None,Move,browsing
1570175535.84,1087,651,None,Move,browsing
1570175535.8479998,1115,629,None,Move,browsing
1570175535.856,1152,602,None,Move,browsing
1570175535.865,1193,575,None,Move,browsing
1570175535.873,1246,544,None,Move,browsing
1570175535.88,1309,514,None,Move,browsing
1570175535.889,1378,486,None,Move,browsing
1570175535.896,1456,460,None,Move,browsing
1570175535.905,1537,436,None,Move,browsing
1570175535.9120002,1621,418,None,Move,browsing
1570175535.921,1704,402,None,Move,browsing
1570175535.928,1778,387,None,Move,browsing
1570175535.937,1848,372,None,Move,browsing
1570175535.945,1911,360,None,Move,browsing
1570175535.9529998,1968,348,None,Move,browsing
1570175535.961,1966,337,None,Move,browsing
1570175535.969,1960,324,None,Move,browsing
1570175535.9770002,1950,314,None,Move,browsing
1570175535.985,1937,306,None,Move,browsing
1570175535.9929998,1933,301,None,Move,browsing
1570175536.0010002,1926,297,None,Move,browsing
1570175536.008,1924,293,None,Move,browsing
1570175536.0170002,1920,291,None,Move,browsing
1570175536.025,1920,288,None,Move,browsing
1570175536.033,1919,287,None,Move,browsing
1570175536.041,1919,284,None,Move,browsing
1570175536.049,1919,282,None,Move,browsing
1570175536.0570002,1919,281,None,Move,browsing
1570175536.064,1919,279,None,Move,browsing
1570175536.073,1919,275,None,Move,browsing
1570175536.08,1918,273,None,Move,browsing
1570175536.089,1917,273,None,Move,browsing
1570175536.096,1914,270,None,Move,browsing
1570175536.105,1914,270,None,Move,browsing
1570175536.113,1912,266,None,Move,browsing
1570175536.121,1911,265,None,Move,browsing
1570175536.1279998,1910,264,None,Move,browsing
1570175536.137,1908,261,None,Move,browsing
1570175536.145,1905,258,None,Move,browsing
1570175536.1520002,1904,257,None,Move,browsing
1570175536.161,1901,255,None,Move,browsing
1570175536.169,1901,254,None,Move,browsing
1570175536.177,1900,250,None,Move,browsing
1570175536.184,1899,249,None,Move,browsing
1570175536.1929998,1896,246,None,Move,browsing
1570175536.201,1894,243,None,Move,browsing
1570175536.208,1892,242,None,Move,browsing
1570175536.216,1888,240,None,Move,browsing
1570175536.2410002,1886,237,None,Move,browsing
1570175536.2489998,1885,236,None,Move,browsing
1570175536.2570002,1885,233,None,Move,browsing
1570175536.264,1884,232,None,Move,browsing
1570175536.2729998,1882,230,None,Move,browsing
1570175536.28,1882,229,None,Move,browsing
1570175536.289,1882,227,None,Move,browsing
1570175536.296,1882,225,None,Move,browsing
1570175536.321,1881,222,None,Move,browsing
1570175536.329,1879,219,None,Move,browsing
1570175536.337,1878,216,None,Move,browsing
1570175536.345,1878,216,None,Move,browsing
1570175536.3520002,1878,213,None,Move,browsing
1570175536.36,1877,210,None,Move,browsing
1570175536.369,1874,206,None,Move,browsing
1570175536.377,1872,204,None,Move,browsing
1570175536.385,1871,198,None,Move,browsing
1570175536.393,1871,198,None,Move,browsing
1570175536.401,1868,193,None,Move,browsing
1570175536.409,1867,191,None,Move,browsing
1570175536.417,1867,190,None,Move,browsing
1570175536.425,1867,188,None,Move,browsing
1570175536.4320002,1867,187,None,Move,browsing
1570175536.447,1867,185,None,Move,browsing
1570175536.455,1866,182,None,Move,browsing
1570175536.464,1866,181,None,Move,browsing
1570175536.471,1866,178,None,Move,browsing
1570175536.512,1866,175,None,Move,browsing
1570175536.52,1866,175,None,Move,browsing
1570175536.56,1866,173,None,Move,browsing
1570175536.5679998,1866,172,None,Move,browsing
1570175536.592,1866,169,None,Move,browsing
1570175536.6,1866,168,None,Move,browsing
1570175536.6239998,1866,167,None,Move,browsing
1570175536.6320002,1866,166,None,Move,browsing
1570175536.64,1866,165,None,Move,browsing
1570175536.6479998,1866,164,None,Move,browsing
1570175536.656,1866,163,None,Move,browsing
1570175536.664,1866,162,None,Move,browsing
1570175536.6720002,1866,160,None,Move,browsing
1570175536.68,1866,159,None,Move,browsing
1570175536.688,1866,157,None,Move,browsing
1570175536.696,1865,154,None,Move,browsing
1570175536.704,1865,149,None,Move,browsing
1570175536.712,1865,149,None,Move,browsing
1570175536.72,1865,146,None,Move,browsing
1570175536.728,1865,145,None,Move,browsing
1570175536.7370002,1865,144,None,Move,browsing
1570175536.745,1865,142,None,Move,browsing
1570175536.8639998,1865,142,Left,Pressed,browsing
1570175536.96,1865,142,Left,Released,browsing
1570175537.056,1865,144,None,Move,browsing
1570175537.064,1865,145,None,Move,browsing
1570175537.075,1865,147,None,Move,browsing
1570175537.084,1865,151,None,Move,browsing
1570175537.091,1865,155,None,Move,browsing
1570175537.097,1865,158,None,Move,browsing
1570175537.1079998,1865,163,None,Move,browsing
1570175537.1139998,1864,167,None,Move,browsing
1570175537.1239998,1864,170,None,Move,browsing
1570175537.129,1864,174,None,Move,browsing
1570175537.14,1863,179,None,Move,browsing
1570175537.145,1862,184,None,Move,browsing
1570175537.154,1861,190,None,Move,browsing
1570175537.16,1859,194,None,Move,browsing
1570175537.17,1857,201,None,Move,browsing
1570175537.176,1853,208,None,Move,browsing
1570175537.184,1848,219,None,Move,browsing
1570175537.1920002,1842,231,None,Move,browsing
1570175537.201,1835,243,None,Move,browsing
1570175537.208,1827,257,None,Move,browsing
1570175537.216,1817,274,None,Move,browsing
1570175537.225,1806,291,None,Move,browsing
1570175537.232,1792,311,None,Move,browsing
1570175537.242,1774,333,None,Move,browsing
1570175537.2489998,1752,361,None,Move,browsing
1570175537.258,1728,389,None,Move,browsing
1570175537.264,1697,422,None,Move,browsing
1570175537.274,1662,455,None,Move,browsing
1570175537.28,1625,491,None,Move,browsing
1570175537.291,1586,531,None,Move,browsing
1570175537.296,1546,573,None,Move,browsing
1570175537.306,1506,613,None,Move,browsing
1570175537.312,1470,649,None,Move,browsing
1570175537.323,1434,685,None,Move,browsing
1570175537.3279998,1401,718,None,Move,browsing
1570175537.3379998,1372,747,None,Move,browsing
1570175537.343,1343,774,None,Move,browsing
1570175537.353,1318,796,None,Move,browsing
1570175537.359,1295,816,None,Move,browsing
1570175537.37,1274,834,None,Move,browsing
1570175537.3760002,1258,850,None,Move,browsing
1570175537.385,1242,864,None,Move,browsing
1570175537.3920002,1230,876,None,Move,browsing
1570175537.4,1215,890,None,Move,browsing
1570175537.408,1202,902,None,Move,browsing
1570175537.416,1190,914,None,Move,browsing
1570175537.424,1179,923,None,Move,browsing
1570175537.4320002,1168,931,None,Move,browsing
1570175537.44,1159,938,None,Move,browsing
1570175537.448,1150,944,None,Move,browsing
1570175537.461,1142,949,None,Move,browsing
1570175537.469,1136,953,None,Move,browsing
1570175537.476,1130,956,None,Move,browsing
1570175537.481,1126,960,None,Move,browsing
1570175537.488,1120,962,None,Move,browsing
1570175537.496,1115,964,None,Move,browsing
1570175537.504,1109,967,None,Move,browsing
1570175537.512,1102,970,None,Move,browsing
1570175537.525,1096,974,None,Move,browsing
1570175537.533,1089,977,None,Move,browsing
1570175537.54,1080,981,None,Move,browsing
1570175537.546,1072,985,None,Move,browsing
1570175537.552,1063,989,None,Move,browsing
1570175537.56,1054,993,None,Move,browsing
1570175537.5679998,1044,996,None,Move,browsing
1570175537.576,1034,999,None,Move,browsing
1570175537.584,1025,1002,None,Move,browsing
1570175537.592,1016,1004,None,Move,browsing
1570175537.6,1007,1007,None,Move,browsing
1570175537.6079998,1006,1007,None,Move,browsing
1570175542.151,1004,1007,None,Move,browsing
1570175542.159,1003,1007,None,Move,browsing
1570175542.167,1002,1010,None,Move,browsing
1570175542.175,1001,1012,None,Move,browsing
1570175542.1829998,1001,1014,None,Move,browsing
1570175542.1920002,1000,1018,None,Move,browsing
1570175542.2,998,1022,None,Move,browsing
1570175542.208,995,1030,None,Move,browsing
1570175542.216,991,1038,None,Move,browsing
1570175542.224,988,1047,None,Move,browsing
1570175542.232,982,1060,None,Move,browsing
1570175542.2410002,975,1072,None,Move,browsing
1570175542.248,967,1084,None,Move,browsing
1570175542.2570002,957,1092,None,Move,browsing
1570175542.265,946,1091,None,Move,browsing
1570175542.272,937,1089,None,Move,browsing
1570175542.281,929,1088,None,Move,browsing
1570175542.288,922,1087,None,Move,browsing
1570175542.2970002,918,1085,None,Move,browsing
1570175542.305,914,1083,None,Move,browsing
1570175542.312,913,1082,None,Move,browsing
1570175542.32,913,1079,None,Move,browsing
1570175542.361,912,1079,None,Move,browsing
1570175542.3679998,911,1078,None,Move,browsing
1570175542.377,906,1071,None,Move,browsing
1570175542.385,903,1067,None,Move,browsing
1570175542.393,894,1059,None,Move,browsing
1570175542.401,879,1047,None,Move,browsing
1570175542.409,858,1029,None,Move,browsing
1570175542.417,833,1010,None,Move,browsing
1570175542.425,806,990,None,Move,browsing
1570175542.4329998,772,969,None,Move,browsing
1570175542.441,738,948,None,Move,browsing
1570175542.449,708,930,None,Move,browsing
1570175542.457,688,919,None,Move,browsing
1570175542.465,688,918,None,Move,browsing
1570175542.5679998,687,918,None,Move,browsing
1570175542.585,687,918,None,Move,browsing
1570175542.621,688,922,None,Move,browsing
1570175542.6279998,689,923,None,Move,browsing
1570175542.6360002,689,925,None,Move,browsing
1570175542.644,690,929,None,Move,browsing
1570175542.6520002,690,932,None,Move,browsing
1570175542.661,691,937,None,Move,browsing
1570175542.668,692,944,None,Move,browsing
1570175542.676,693,951,None,Move,browsing
1570175542.685,695,958,None,Move,browsing
1570175542.6920002,696,965,None,Move,browsing
1570175542.701,697,969,None,Move,browsing
1570175542.709,697,970,None,Move,browsing
1570175542.717,697,973,None,Move,browsing
1570175542.725,697,974,None,Move,browsing
1570175542.732,697,977,None,Move,browsing
1570175542.7410002,697,977,None,Move,browsing
1570175542.7489998,693,980,None,Move,browsing
1570175542.7570002,691,980,None,Move,browsing
1570175542.765,687,980,None,Move,browsing
1570175542.7729998,683,980,None,Move,browsing
1570175542.781,678,980,None,Move,browsing
1570175542.789,677,980,None,Move,browsing
1570175542.7970002,676,979,None,Move,browsing
1570175542.8760002,675,979,None,Move,browsing
1570175542.893,674,979,None,Move,browsing
1570175542.901,673,979,None,Move,browsing
1570175542.909,671,979,None,Move,browsing
1570175542.917,666,976,None,Move,browsing
1570175542.925,662,973,None,Move,browsing
1570175542.9329998,659,970,None,Move,browsing
1570175542.94,658,969,None,Move,browsing
1570175542.949,658,968,None,Move,browsing
1570175542.957,657,967,None,Move,browsing
1570175543.117,657,967,Left,Pressed,browsing
1570175543.117,657,967,None,Drag,browsing
1570175543.117,657,967,Left,Released,browsing
1570175543.42,658,967,None,Move,browsing
1570175543.428,662,967,None,Move,browsing
1570175543.436,664,967,None,Move,browsing
1570175543.445,666,967,None,Move,browsing
1570175543.452,667,967,None,Move,browsing
1570175543.484,668,967,None,Move,browsing
1570175543.492,674,967,None,Move,browsing
1570175543.5,677,967,None,Move,browsing
1570175543.508,683,964,None,Move,browsing
1570175543.516,688,964,None,Move,browsing
1570175543.524,690,964,None,Move,browsing
1570175543.533,694,963,None,Move,browsing
1570175543.54,700,961,None,Move,browsing
1570175543.549,704,961,None,Move,browsing
1570175543.5570002,707,960,None,Move,browsing
1570175543.565,712,957,None,Move,browsing
1570175543.572,714,956,None,Move,browsing
1570175543.58,718,954,None,Move,browsing
1570175543.5879998,724,950,None,Move,browsing
1570175543.597,729,947,None,Move,browsing
1570175543.604,736,943,None,Move,browsing
1570175543.613,744,937,None,Move,browsing
1570175543.62,751,932,None,Move,browsing
1570175543.629,756,927,None,Move,browsing
1570175543.637,760,924,None,Move,browsing
1570175543.644,762,923,None,Move,browsing
1570175543.6520002,766,919,None,Move,browsing
1570175543.661,768,917,None,Move,browsing
1570175543.669,772,913,None,Move,browsing
1570175543.677,775,909,None,Move,browsing
1570175543.685,778,904,None,Move,browsing
1570175543.6920002,784,899,None,Move,browsing
1570175543.701,789,895,None,Move,browsing
1570175543.708,795,891,None,Move,browsing
1570175543.717,797,887,None,Move,browsing
1570175543.725,800,884,None,Move,browsing
1570175543.732,801,884,None,Move,browsing
1570175543.74,802,883,None,Move,browsing
1570175543.748,804,880,None,Move,browsing
1570175543.772,804,879,None,Move,browsing
1570175543.78,804,878,None,Move,browsing
1570175543.788,805,877,None,Move,browsing
1570175543.9,805,876,None,Move,browsing
1570175543.908,805,875,None,Move,browsing
1570175543.964,807,872,None,Move,browsing
1570175543.972,808,870,None,Move,browsing
1570175543.98,810,868,None,Move,browsing
1570175543.988,811,863,None,Move,browsing
1570175543.9970002,814,859,None,Move,browsing
1570175544.004,820,851,None,Move,browsing
1570175544.012,821,848,None,Move,browsing
1570175544.02,822,844,None,Move,browsing
1570175544.029,823,841,None,Move,browsing
1570175544.0370002,824,839,None,Move,browsing
1570175544.045,825,838,None,Move,browsing
1570175544.053,826,836,None,Move,browsing
1570175544.061,826,834,None,Move,browsing
1570175544.069,826,833,None,Move,browsing
1570175544.077,826,831,None,Move,browsing
1570175544.085,827,828,None,Move,browsing
1570175544.093,827,827,None,Move,browsing
1570175544.109,827,825,None,Move,browsing
1570175544.117,827,824,None,Move,browsing
1570175544.125,828,824,None,Move,browsing
1570175544.564,828,824,Left,Pressed,browsing
1570175544.676,828,824,Left,Released,browsing
1570175544.804,829,823,None,Move,browsing
1570175544.824,829,820,None,Move,browsing
1570175547.232,829,820,None,Move,browsing
1570175547.408,829,819,None,Move,browsing
1570175547.427,828,819,None,Move,browsing
1570175547.438,824,818,None,Move,browsing
1570175547.444,819,817,None,Move,browsing
1570175547.449,807,810,None,Move,browsing
1570175547.456,785,797,None,Move,browsing
1570175547.465,752,776,None,Move,browsing
1570175547.472,708,748,None,Move,browsing
1570175547.481,658,717,None,Move,browsing
1570175547.488,600,680,None,Move,browsing
1570175547.4970002,540,642,None,Move,browsing
1570175547.505,483,607,None,Move,browsing
1570175547.512,430,578,None,Move,browsing
1570175547.521,383,550,None,Move,browsing
1570175547.5270002,339,523,None,Move,browsing
1570175547.539,302,499,None,Move,browsing
1570175547.544,271,478,None,Move,browsing
1570175547.552,247,462,None,Move,browsing
1570175547.56,233,452,None,Move,browsing
1570175547.5679998,221,442,None,Move,browsing
1570175547.576,210,434,None,Move,browsing
1570175547.585,202,428,None,Move,browsing
1570175547.592,199,425,None,Move,browsing
1570175547.6,196,422,None,Move,browsing
1570175547.6079998,196,421,None,Move,browsing
1570175547.668,195,419,None,Move,browsing
1570175547.676,195,419,None,Move,browsing
1570175547.685,195,418,None,Move,browsing
1570175547.6920002,193,415,None,Move,browsing
1570175547.7,193,414,None,Move,browsing
1570175547.708,193,413,None,Move,browsing
1570175547.717,193,411,None,Move,browsing
1570175547.724,193,409,None,Move,browsing
1570175547.732,193,406,None,Move,browsing
1570175547.74,193,406,None,Move,browsing
1570175547.7489998,193,405,None,Move,browsing
1570175547.7570002,193,404,None,Move,browsing
1570175547.765,193,404,None,Move,browsing
1570175547.772,193,401,None,Move,browsing
1570175547.781,193,400,None,Move,browsing
1570175547.789,193,399,None,Move,browsing
1570175547.7970002,193,396,None,Move,browsing
1570175547.804,194,394,None,Move,browsing
1570175547.813,196,392,None,Move,browsing
1570175547.82,199,390,None,Move,browsing
1570175547.8279998,204,388,None,Move,browsing
1570175547.837,210,386,None,Move,browsing
1570175547.845,223,384,None,Move,browsing
1570175547.853,249,383,None,Move,browsing
1570175547.86,297,378,None,Move,browsing
1570175547.869,362,376,None,Move,browsing
1570175547.8760002,457,373,None,Move,browsing
1570175547.885,579,370,None,Move,browsing
1570175547.8920002,720,370,None,Move,browsing
1570175547.901,902,370,None,Move,browsing
1570175547.908,1094,370,None,Move,browsing
1570175547.915,1299,370,None,Move,browsing
1570175547.924,1508,368,None,Move,browsing
1570175547.931,1724,362,None,Move,browsing
1570175547.939,1923,356,None,Move,browsing
1570175547.948,2105,344,None,Move,browsing
1570175547.956,2082,326,None,Move,browsing
1570175547.964,2059,303,None,Move,browsing
1570175547.972,2026,276,None,Move,browsing
1570175547.98,2005,244,None,Move,browsing
1570175547.988,1978,214,None,Move,browsing
1570175547.996,1953,193,None,Move,browsing
1570175548.005,1932,176,None,Move,browsing
1570175548.012,1924,162,None,Move,browsing
1570175548.021,1922,150,None,Move,browsing
1570175548.028,1919,137,None,Move,browsing
1570175548.0370002,1917,125,None,Move,browsing
1570175548.044,1912,112,None,Move,browsing
1570175548.052,1908,108,None,Move,browsing
1570175548.059,1902,100,None,Move,browsing
1570175548.0679998,1894,91,None,Move,browsing
1570175548.076,1885,82,None,Move,browsing
1570175548.085,1875,72,None,Move,browsing
1570175548.093,1864,63,None,Move,browsing
1570175548.101,1853,53,None,Move,browsing
1570175548.1079998,1843,46,None,Move,browsing
1570175548.1160002,1830,40,None,Move,browsing
1570175548.1239998,1820,34,None,Move,browsing
1570175548.1320002,1811,29,None,Move,browsing
1570175548.141,1802,25,None,Move,browsing
1570175548.1479998,1793,21,None,Move,browsing
1570175548.157,1786,19,None,Move,browsing
1570175548.165,1784,19,None,Move,browsing
1570175548.1720002,1783,19,None,Move,browsing
1570175548.3079998,1783,18,None,Move,browsing
1570175548.324,1782,18,None,Move,browsing
1570175548.437,1782,18,Left,Pressed,browsing
1570175548.548,1782,18,Left,Released,browsing
1570175548.581,1781,18,None,Move,office
1570175548.629,1780,19,None,Move,office
1570175548.6360002,1780,20,None,Move,office
1570175548.644,1780,21,None,Move,office
1570175548.6520002,1774,26,None,Move,office
1570175548.66,1773,28,None,Move,office
1570175548.668,1770,34,None,Move,office
1570175548.676,1768,36,None,Move,office
1570175548.684,1764,42,None,Move,office
1570175548.6920002,1756,51,None,Move,office
1570175548.7,1746,61,None,Move,office
1570175548.708,1735,72,None,Move,office
1570175548.716,1721,83,None,Move,office
1570175548.724,1703,96,None,Move,office
1570175548.732,1679,113,None,Move,office
1570175548.74,1652,130,None,Move,office
1570175548.748,1623,146,None,Move,office
1570175548.7570002,1590,164,None,Move,office
1570175548.7589998,1556,183,None,Move,office
1570175548.775,1490,220,None,Move,office
1570175548.793,1421,258,None,Move,office
1570175548.809,1346,295,None,Move,office
1570175548.825,1261,332,None,Move,office
1570175548.84,1168,366,None,Move,office
1570175548.856,1082,395,None,Move,office
1570175548.8720002,1018,413,None,Move,office
1570175548.887,972,421,None,Move,office
1570175548.903,939,426,None,Move,office
1570175548.918,910,431,None,Move,office
1570175548.934,888,432,None,Move,office
1570175548.95,873,432,None,Move,office
