client_timestamp,x,y,button,state,window
1571577802.687,547,556,None,Move,gaming
1571577802.697,547,557,None,Move,gaming
1571577802.705,547,560,None,Move,gaming
1571577802.715,548,563,None,Move,gaming
1571577802.724,554,567,None,Move,gaming
1571577802.736,568,576,None,Move,gaming
1571577802.7429998,575,580,None,Move,gaming
1571577802.754,582,582,None,Move,gaming
1571577802.7610002,590,586,None,Move,gaming
1571577802.772,597,589,None,Move,gaming
1571577802.779,605,592,None,Move,gaming
1571577802.79,609,596,None,Move,gaming
1571577802.7970002,614,599,None,Move,gaming
1571577802.8070002,619,602,None,Move,gaming
1571577802.814,622,604,None,Move,gaming
1571577802.826,628,607,None,Move,gaming
1571577802.833,630,608,None,Move,gaming
1571577802.843,633,609,None,Move,gaming
1571577802.85,635,610,None,Move,gaming
1571577802.861,637,611,None,Move,gaming
1571577802.8679998,638,611,None,Move,gaming
1571577802.879,641,612,None,Move,gaming
1571577802.8860002,645,613,None,Move,gaming
1571577802.896,656,617,None,Move,gaming
1571577802.9020002,664,617,None,Move,gaming
1571577802.914,674,618,None,Move,gaming
1571577802.921,686,619,None,Move,gaming
1571577802.9320002,696,621,None,Move,gaming
1571577802.94,707,621,None,Move,gaming
1571577802.951,718,621,None,Move,gaming
1571577802.959,720,621,None,Move,gaming
1571577802.9910002,721,621,None,Move,gaming
1571577803.055,721,621,None,Move,gaming
1571577803.066,720,621,None,Move,gaming
1571577803.074,719,621,None,Move,gaming
1571577803.084,718,621,None,Move,gaming
1571577803.092,717,620,None,Move,gaming
1571577803.103,716,619,None,Move,gaming
1571577803.1120002,715,618,None,Move,gaming
1571577837.6720002,715,618,None,Move,gaming
1571577837.6929998,715,617,None,Move,gaming
1571577837.839,722,620,None,Move,gaming
1571577837.847,727,625,None,Move,gaming
1571577837.859,732,632,None,Move,gaming
1571577837.8679998,735,638,None,Move,gaming
1571577837.877,741,646,None,Move,gaming
1571577837.89,750,654,None,Move,gaming
1571577837.896,759,657,None,Move,gaming
1571577837.907,772,661,None,Move,gaming
1571577837.914,793,663,None,Move,gaming
1571577837.925,820,663,None,Move,gaming
1571577837.9320002,855,663,None,Move,gaming
1571577837.945,910,663,None,Move,gaming
1571577837.951,923,663,None,Move,gaming
1571577837.9629998,930,663,None,Move,gaming
1571577837.969,933,663,None,Move,gaming
1571577837.981,934,663,None,Move,gaming
1571577837.9889998,936,663,None,Move,gaming
1571577838.0,938,662,None,Move,gaming
1571577838.015,938,659,None,Move,gaming
1571577838.0229998,934,657,None,Move,gaming
1571577838.034,925,653,None,Move,gaming
1571577838.043,913,647,None,Move,gaming
1571577838.054,897,642,None,Move,gaming
1571577838.062,879,638,None,Move,gaming
1571577838.073,842,631,None,Move,gaming
1571577838.085,833,629,None,Move,gaming
1571577838.092,832,629,None,Move,gaming
1571577838.231,832,628,None,Move,gaming
1571577838.2389998,832,628,None,Move,gaming
1571577838.271,832,628,None,Move,gaming
1571577838.283,830,633,None,Move,gaming
1571577838.29,829,634,None,Move,gaming
1571577838.303,827,636,None,Move,gaming
1571577838.309,826,640,None,Move,gaming
1571577838.3170002,823,646,None,Move,gaming
1571577838.3279998,815,663,None,Move,gaming
1571577838.337,812,671,None,Move,gaming
1571577838.347,812,683,None,Move,gaming
1571577838.3579998,811,697,None,Move,gaming
1571577838.365,814,718,None,Move,gaming
1571577838.3760002,823,728,None,Move,gaming
1571577838.543,823,728,None,Move,gaming
1571577838.551,814,728,None,Move,gaming
1571577838.562,808,729,None,Move,gaming
1571577838.569,800,736,None,Move,gaming
1571577838.581,788,747,None,Move,gaming
1571577838.587,765,766,None,Move,gaming
1571577838.6,693,821,None,Move,gaming
1571577838.609,656,860,None,Move,gaming
1571577838.619,609,897,None,Move,gaming
1571577838.6279998,565,935,None,Move,gaming
1571577838.637,519,967,None,Move,gaming
1571577838.647,473,1016,None,Move,gaming
1571577838.655,462,1028,None,Move,gaming
1571577838.667,459,1037,None,Move,gaming
1571577838.674,457,1041,None,Move,gaming
1571577838.685,456,1043,None,Move,gaming
1571577838.695,456,1043,None,Move,gaming
1571577838.839,456,1043,None,Move,gaming
1571577838.847,458,1042,None,Move,gaming
1571577838.859,463,1040,None,Move,gaming
1571577838.871,475,1036,None,Move,gaming
1571577838.8779998,490,1035,None,Move,gaming
1571577838.89,537,1028,None,Move,gaming
1571577838.897,560,1027,None,Move,gaming
1571577838.908,582,1027,None,Move,gaming
1571577838.914,603,1023,None,Move,gaming
1571577838.926,625,1023,None,Move,gaming
1571577838.931,644,1021,None,Move,gaming
1571577838.9429998,674,1017,None,Move,gaming
1571577838.95,686,1014,None,Move,gaming
1571577838.962,697,1012,None,Move,gaming
1571577838.969,709,1011,None,Move,gaming
1571577838.981,716,1009,None,Move,gaming
1571577838.9870002,722,1007,None,Move,gaming
1571577838.9970002,730,1005,None,Move,gaming
1571577839.004,731,1005,None,Move,gaming
1571577839.018,737,1004,None,Move,gaming
1571577839.026,741,1004,None,Move,gaming
1571577839.0370002,743,1003,None,Move,gaming
1571577839.044,746,1002,None,Move,gaming
1571577839.055,749,1001,None,Move,gaming
1571577839.063,750,1001,None,Move,gaming
1571577839.074,751,1001,None,Move,gaming
1571577839.082,752,1001,None,Move,gaming
1571577839.093,754,999,None,Move,gaming
1571577839.105,758,999,None,Move,gaming
1571577839.1139998,760,998,None,Move,gaming
1571577839.1260002,763,997,None,Move,gaming
1571577839.135,765,996,None,Move,gaming
1571577839.149,766,996,None,Move,gaming
1571577839.184,766,996,Left,Pressed,gaming
1571577839.2629998,766,996,Left,Released,gaming
1571577839.272,768,995,None,Move,gaming
1571577839.286,768,995,None,Move,gaming
1571577839.335,768,995,None,Move,gaming
1571577839.344,771,1000,None,Move,gaming
1571577839.354,775,1000,None,Move,gaming
1571577839.3639998,776,1000,None,Move,gaming
1571577840.0229998,784,997,None,Move,gaming
1571577840.036,798,991,None,Move,gaming
1571577840.045,805,988,None,Move,gaming
1571577840.0570002,826,982,None,Move,gaming
1571577840.065,838,977,None,Move,gaming
1571577840.081,867,965,None,Move,gaming
1571577840.0879998,879,960,None,Move,gaming
1571577840.101,892,954,None,Move,gaming
1571577840.107,904,949,None,Move,gaming
1571577840.119,922,941,None,Move,gaming
1571577840.1260002,928,938,None,Move,gaming
1571577840.14,938,935,None,Move,gaming
1571577840.147,948,931,None,Move,gaming
1571577840.159,960,926,None,Move,gaming
1571577840.166,973,923,None,Move,gaming
1571577840.179,1005,919,None,Move,gaming
1571577840.187,1018,916,None,Move,gaming
1571577840.2,1049,916,None,Move,gaming
1571577840.207,1062,916,None,Move,gaming
1571577840.219,1079,917,None,Move,gaming
1571577840.2270002,1090,919,None,Move,gaming
1571577840.24,1115,928,None,Move,gaming
1571577840.2470002,1127,931,None,Move,gaming
1571577840.26,1136,934,None,Move,gaming
1571577840.2670002,1146,936,None,Move,gaming
1571577840.28,1160,943,None,Move,gaming
1571577840.2870002,1165,944,None,Move,gaming
1571577840.303,1172,946,None,Move,gaming
1571577840.31,1176,948,None,Move,gaming
1571577840.325,1188,951,None,Move,gaming
1571577840.333,1193,952,None,Move,gaming
1571577840.346,1205,955,None,Move,gaming
1571577840.353,1213,958,None,Move,gaming
1571577840.3660002,1220,959,None,Move,gaming
1571577840.373,1230,963,None,Move,gaming
1571577840.3860002,1242,966,None,Move,gaming
1571577840.395,1250,969,None,Move,gaming
1571577840.408,1260,972,None,Move,gaming
1571577840.419,1266,974,None,Move,gaming
1571577840.428,1273,975,None,Move,gaming
1571577840.437,1281,978,None,Move,gaming
1571577840.45,1300,984,None,Move,gaming
1571577840.457,1311,985,None,Move,gaming
1571577840.471,1332,988,None,Move,gaming
1571577840.482,1342,989,None,Move,gaming
1571577840.49,1349,990,None,Move,gaming
1571577840.4989998,1356,991,None,Move,gaming
1571577840.512,1361,993,None,Move,gaming
1571577840.519,1361,994,None,Move,gaming
1571577840.559,1361,994,None,Move,gaming
1571577840.57,1359,994,None,Move,gaming
1571577840.5779998,1358,994,None,Move,gaming
1571577840.59,1356,994,None,Move,gaming
1571577840.597,1355,994,None,Move,gaming
1571577840.61,1353,995,None,Move,gaming
1571577840.6160002,1351,995,None,Move,gaming
1571577840.629,1348,997,None,Move,gaming
1571577840.6360002,1347,998,None,Move,gaming
1571577840.65,1341,1000,None,Move,gaming
1571577840.657,1337,1002,None,Move,gaming
1571577840.671,1335,1002,None,Move,gaming
1571577840.687,1334,1002,None,Move,gaming
1571577840.7029998,1333,1002,None,Move,gaming
1571577840.712,1333,1002,None,Move,gaming
1571577840.726,1332,1002,None,Move,gaming
1571577840.734,1330,1002,None,Move,gaming
1571577840.7489998,1326,1002,None,Move,gaming
1571577840.7570002,1323,1002,None,Move,gaming
1571577840.771,1315,1002,None,Move,gaming
1571577840.778,1310,1002,None,Move,gaming
1571577840.792,1294,1002,None,Move,gaming
1571577840.799,1284,1002,None,Move,gaming
1571577840.81,1274,1002,None,Move,gaming
1571577840.8179998,1264,1002,None,Move,gaming
1571577840.8279998,1255,1002,None,Move,gaming
1571577840.836,1248,1002,None,Move,gaming
1571577840.847,1242,1002,None,Move,gaming
1571577840.854,1239,1002,None,Move,gaming
1571577840.8660002,1232,1004,None,Move,gaming
1571577840.879,1232,1004,None,Move,gaming
1571577840.927,1231,1005,None,Move,gaming
1571577840.9429998,1229,1006,None,Move,gaming
1571577840.955,1226,1008,None,Move,gaming
1571577840.962,1223,1008,None,Move,gaming
1571577840.974,1220,1009,None,Move,gaming
1571577840.98,1219,1009,None,Move,gaming
1571577840.9910002,1217,1010,None,Move,gaming
1571577841.0470002,1217,1010,None,Move,gaming
1571577841.095,1215,1010,None,Move,gaming
1571577841.135,1215,1010,None,Move,gaming
1571577841.145,1214,1010,None,Move,gaming
1571577841.159,1212,1010,None,Move,gaming
1571577841.169,1212,1010,None,Move,gaming
1571577841.1829998,1211,1009,None,Move,gaming
1571577841.2629998,1211,1009,Left,Pressed,gaming
1571577841.343,1211,1009,Left,Released,gaming
1571577841.351,1209,1009,None,Move,gaming
1571577841.3660002,1209,1009,None,Move,gaming
1571577841.383,1208,1009,None,Move,gaming
1571577841.391,1208,1009,None,Move,gaming
1571577841.403,1206,1009,None,Move,gaming
1571577841.41,1206,1008,None,Move,gaming
1571577841.421,1204,1006,None,Move,gaming
1571577841.43,1200,1002,None,Move,gaming
1571577841.4420002,1188,987,None,Move,gaming
1571577841.449,1178,979,None,Move,gaming
1571577841.461,1167,970,None,Move,gaming
1571577841.468,1142,953,None,Move,gaming
1571577841.479,1118,939,None,Move,gaming
1571577841.4870002,1071,916,None,Move,gaming
1571577841.498,1032,899,None,Move,gaming
1571577841.506,999,887,None,Move,gaming
1571577841.518,978,875,None,Move,gaming
1571577841.525,950,865,None,Move,gaming
1571577841.536,910,848,None,Move,gaming
1571577841.544,897,843,None,Move,gaming
1571577841.555,886,838,None,Move,gaming
1571577841.562,877,833,None,Move,gaming
1571577841.572,868,830,None,Move,gaming
1571577841.582,860,828,None,Move,gaming
1571577841.596,855,827,None,Move,gaming
1571577841.605,854,827,None,Move,gaming
1571577841.6620002,854,827,None,Move,gaming
1571577841.675,854,828,None,Move,gaming
1571577841.6820002,854,829,None,Move,gaming
1571577841.694,854,832,None,Move,gaming
1571577841.7,854,834,None,Move,gaming
1571577841.712,854,841,None,Move,gaming
1571577841.719,854,843,None,Move,gaming
1571577841.731,854,847,None,Move,gaming
1571577841.738,854,848,None,Move,gaming
1571577841.7489998,854,851,None,Move,gaming
1571577841.7570002,853,854,None,Move,gaming
1571577841.768,851,858,None,Move,gaming
1571577841.783,850,859,None,Move,gaming
1571577841.815,849,860,None,Move,gaming
1571577841.854,848,861,None,Move,gaming
1571577841.895,847,861,None,Move,gaming
1571577841.905,846,862,None,Move,gaming
1571577841.914,843,864,None,Move,gaming
1571577841.923,840,865,None,Move,gaming
1571577841.935,838,867,None,Move,gaming
1571577841.951,838,868,None,Move,gaming
1571577842.167,838,868,None,Move,gaming
1571577842.175,836,868,None,Move,gaming
1571577842.186,836,868,None,Move,gaming
1571577842.1920002,835,868,None,Move,gaming
1571577842.204,832,865,None,Move,gaming
1571577842.211,829,863,None,Move,gaming
1571577842.222,827,861,None,Move,gaming
1571577842.229,825,856,None,Move,gaming
1571577842.24,823,845,None,Move,gaming
1571577842.246,823,838,None,Move,gaming
1571577842.258,822,832,None,Move,gaming
1571577842.265,820,824,None,Move,gaming
1571577842.276,819,819,None,Move,gaming
1571577842.283,819,813,None,Move,gaming
1571577842.293,818,809,None,Move,gaming
1571577842.301,816,804,None,Move,gaming
1571577842.312,814,798,None,Move,gaming
1571577842.319,813,796,None,Move,gaming
1571577842.331,813,794,None,Move,gaming
1571577842.3379998,812,791,None,Move,gaming
1571577842.35,811,789,None,Move,gaming
1571577842.357,811,786,None,Move,gaming
1571577842.367,809,782,None,Move,gaming
1571577842.375,809,779,None,Move,gaming
1571577842.3860002,808,778,None,Move,gaming
1571577842.397,807,776,None,Move,gaming
1571577842.407,807,775,None,Move,gaming
1571577842.419,805,771,None,Move,gaming
1571577842.427,803,770,None,Move,gaming
1571577842.439,803,769,None,Move,gaming
1571577842.447,803,769,None,Move,gaming
1571577842.457,801,768,None,Move,gaming
1571577842.466,801,767,None,Move,gaming
1571577842.476,800,766,None,Move,gaming
1571577842.485,800,766,None,Move,gaming
1571577842.496,799,765,None,Move,gaming
1571577842.5110002,799,765,None,Move,gaming
1571577843.055,798,765,None,Move,gaming
1571577843.066,797,765,None,Move,gaming
1571577843.072,795,765,None,Move,gaming
1571577843.084,795,765,None,Move,gaming
1571577843.091,794,765,None,Move,gaming
1571577843.1020002,792,766,None,Move,gaming
1571577843.109,792,766,None,Move,gaming
1571577843.119,789,767,None,Move,gaming
1571577843.127,788,769,None,Move,gaming
1571577843.1379998,788,769,None,Move,gaming
1571577843.2470002,787,770,None,Move,gaming
1571577843.255,787,771,None,Move,gaming
1571577843.265,785,772,None,Move,gaming
1571577843.2729998,782,774,None,Move,gaming
1571577843.283,779,775,None,Move,gaming
1571577843.292,777,777,None,Move,gaming
1571577843.303,774,777,None,Move,gaming
1571577843.311,772,779,None,Move,gaming
1571577843.322,770,780,None,Move,gaming
1571577843.431,770,780,None,Move,gaming
1571577843.44,768,781,None,Move,gaming
1571577843.452,767,781,None,Move,gaming
1571577843.459,766,782,None,Move,gaming
1571577843.471,765,783,None,Move,gaming
1571577843.478,763,783,None,Move,gaming
1571577843.492,763,783,None,Move,gaming
1571577843.505,760,784,None,Move,gaming
1571577843.516,758,784,None,Move,gaming
1571577843.525,755,784,None,Move,gaming
1571577843.5370002,750,784,None,Move,gaming
1571577843.5470002,746,784,None,Move,gaming
1571577843.559,742,784,None,Move,gaming
1571577843.571,734,784,None,Move,gaming
1571577843.583,729,784,None,Move,gaming
1571577843.593,719,781,None,Move,gaming
1571577843.606,713,779,None,Move,gaming
1571577843.615,703,775,None,Move,gaming
1571577843.627,701,773,None,Move,gaming
1571577843.637,697,772,None,Move,gaming
1571577843.6479998,691,771,None,Move,gaming
1571577843.657,688,769,None,Move,gaming
1571577843.669,686,769,None,Move,gaming
1571577843.678,683,769,None,Move,gaming
1571577843.689,679,768,None,Move,gaming
1571577843.699,676,768,None,Move,gaming
1571577843.712,674,768,None,Move,gaming
1571577843.722,673,767,None,Move,gaming
1571577843.7510002,673,767,None,Move,gaming
1571577843.799,672,767,None,Move,gaming
1571577843.855,672,765,None,Move,gaming
1571577843.869,674,764,None,Move,gaming
1571577843.881,682,761,None,Move,gaming
1571577843.891,689,759,None,Move,gaming
1571577843.905,694,757,None,Move,gaming
1571577843.9120002,696,757,None,Move,gaming
1571577843.927,697,757,None,Move,gaming
1571577844.039,697,757,None,Move,gaming
1571577844.052,695,757,None,Move,gaming
1571577844.059,695,757,None,Move,gaming
1571577844.072,692,757,None,Move,gaming
1571577844.08,692,757,None,Move,gaming
1571577844.093,690,757,None,Move,gaming
1571577844.105,687,757,None,Move,gaming
1571577844.1179998,685,757,None,Move,gaming
1571577844.13,684,757,None,Move,gaming
1571577844.1379998,684,758,None,Move,gaming
1571577844.171,683,759,Left,Pressed,gaming
1571577844.171,683,759,None,Drag,gaming
1571577844.177,682,760,None,Drag,gaming
1571577844.19,682,762,None,Drag,gaming
1571577844.199,681,766,None,Drag,gaming
1571577844.206,679,771,None,Drag,gaming
1571577844.218,675,785,None,Drag,gaming
1571577844.225,675,794,None,Drag,gaming
1571577844.238,672,807,None,Drag,gaming
1571577844.244,671,820,None,Drag,gaming
1571577844.255,671,849,None,Drag,gaming
1571577844.2629998,671,866,None,Drag,gaming
1571577844.275,671,882,None,Drag,gaming
1571577844.282,671,897,None,Drag,gaming
1571577844.294,671,913,None,Drag,gaming
1571577844.3,672,928,None,Drag,gaming
1571577844.313,673,951,None,Drag,gaming
1571577844.319,673,960,None,Drag,gaming
1571577844.33,674,967,None,Drag,gaming
1571577844.337,676,972,None,Drag,gaming
1571577844.3479998,676,976,None,Drag,gaming
1571577844.355,677,979,None,Drag,gaming
1571577844.3660002,677,980,None,Drag,gaming
1571577844.3739998,677,982,None,Drag,gaming
1571577844.3860002,679,983,None,Drag,gaming
1571577844.3920002,679,984,None,Drag,gaming
1571577844.3920002,679,984,Left,Released,gaming
1571577844.41,681,986,None,Move,gaming
1571577844.4220002,681,988,None,Move,gaming
1571577844.429,683,991,None,Move,gaming
1571577844.441,684,994,None,Move,gaming
1571577844.448,684,996,None,Move,gaming
1571577844.458,684,997,None,Move,gaming
1571577844.465,684,997,None,Move,gaming
1571577844.476,684,998,None,Move,gaming
1571577844.5270002,683,996,None,Move,gaming
1571577844.535,681,990,None,Move,gaming
1571577844.546,679,987,None,Move,gaming
1571577844.552,678,981,None,Move,gaming
1571577844.563,676,973,None,Move,gaming
1571577844.57,672,967,None,Move,gaming
1571577844.582,669,961,None,Move,gaming
1571577844.5879998,669,958,None,Move,gaming
1571577844.6,667,954,None,Move,gaming
1571577844.607,667,951,None,Move,gaming
1571577844.6179998,667,950,None,Move,gaming
1571577844.625,667,948,None,Move,gaming
1571577844.6360002,667,948,None,Move,gaming
1571577844.647,667,947,None,Move,gaming
1571577844.695,666,947,None,Move,gaming
1571577844.712,659,951,None,Move,gaming
1571577844.7229998,657,953,None,Move,gaming
1571577844.731,653,954,None,Move,gaming
1571577844.742,649,957,None,Move,gaming
1571577844.748,644,961,None,Move,gaming
1571577844.76,637,971,None,Move,gaming
1571577844.769,633,972,None,Move,gaming
1571577844.779,627,977,None,Move,gaming
1571577844.786,622,983,None,Move,gaming
1571577844.7970002,620,987,None,Move,gaming
1571577844.806,615,992,None,Move,gaming
1571577844.8170002,612,995,None,Move,gaming
1571577844.8279998,610,995,None,Move,gaming
1571577844.837,609,995,None,Move,gaming
1571577844.87,608,995,None,Move,gaming
1571577844.891,608,996,Left,Pressed,gaming
1571577844.891,608,996,None,Drag,gaming
1571577844.8920002,608,996,Left,Released,gaming
1571577844.962,607,997,None,Move,gaming
1571577844.971,606,997,None,Move,gaming
1571577844.982,603,993,None,Move,gaming
1571577844.9889998,598,987,None,Move,gaming
1571577845.0,589,971,None,Move,gaming
1571577845.0070002,585,962,None,Move,gaming
1571577845.021,584,951,None,Move,gaming
1571577845.029,584,939,None,Move,gaming
1571577845.039,584,911,None,Move,gaming
1571577845.0470002,584,893,None,Move,gaming
1571577845.0579998,584,874,None,Move,gaming
1571577845.069,584,857,None,Move,gaming
1571577845.081,581,831,None,Move,gaming
1571577845.0879998,577,821,None,Move,gaming
1571577845.099,573,811,None,Move,gaming
1571577845.106,567,803,None,Move,gaming
1571577845.117,563,795,None,Move,gaming
1571577845.1239998,560,789,None,Move,gaming
1571577845.1360002,558,783,None,Move,gaming
1571577845.143,557,781,None,Move,gaming
1571577845.154,556,779,None,Move,gaming
1571577845.1620002,556,779,None,Move,gaming
1571577845.173,556,778,None,Move,gaming
1571577845.179,556,777,None,Move,gaming
1571577845.191,556,777,None,Move,gaming
1571577845.2470002,556,776,None,Move,gaming
1571577845.2589998,556,775,None,Move,gaming
1571577845.266,558,773,None,Move,gaming
1571577845.278,559,772,None,Move,gaming
1571577845.284,560,770,None,Move,gaming
1571577845.296,562,768,None,Move,gaming
1571577845.359,562,767,Left,Pressed,gaming
1571577845.359,562,767,None,Drag,gaming
1571577845.3720002,566,768,None,Drag,gaming
1571577845.379,568,775,None,Drag,gaming
1571577845.39,571,781,None,Drag,gaming
1571577845.3979998,575,791,None,Drag,gaming
1571577845.411,586,816,None,Drag,gaming
1571577845.418,588,827,None,Drag,gaming
1571577845.43,593,843,None,Drag,gaming
1571577845.436,600,863,None,Drag,gaming
1571577845.448,608,905,None,Drag,gaming
1571577845.455,613,934,None,Drag,gaming
1571577845.467,616,957,None,Drag,gaming
1571577845.475,619,985,None,Drag,gaming
1571577845.4870002,620,1005,None,Drag,gaming
1571577845.4929998,620,1024,None,Drag,gaming
1571577845.505,620,1042,None,Drag,gaming
1571577845.5110002,620,1045,None,Drag,gaming
1571577845.524,620,1047,None,Drag,gaming
1571577845.53,620,1047,None,Drag,gaming
1571577845.53,620,1047,Left,Released,gaming
1571577845.592,619,1047,None,Move,gaming
1571577845.6020002,616,1042,None,Move,gaming
1571577845.6139998,612,1033,None,Move,gaming
1571577845.621,606,1021,None,Move,gaming
1571577845.633,589,998,None,Move,gaming
1571577845.64,573,983,None,Move,gaming
1571577845.65,556,970,None,Move,gaming
1571577845.657,538,959,None,Move,gaming
1571577845.669,511,942,None,Move,gaming
1571577845.677,485,929,None,Move,gaming
1571577845.688,443,896,None,Move,gaming
1571577845.695,430,885,None,Move,gaming
1571577845.707,415,871,None,Move,gaming
1571577845.714,400,858,None,Move,gaming
1571577845.725,391,849,None,Move,gaming
1571577845.732,385,840,None,Move,gaming
1571577845.742,381,833,None,Move,gaming
1571577845.7489998,379,826,None,Move,gaming
1571577845.7610002,376,816,None,Move,gaming
1571577845.7670002,376,813,None,Move,gaming
1571577845.778,375,809,None,Move,gaming
1571577845.786,375,807,None,Move,gaming
1571577845.7970002,375,805,None,Move,gaming
1571577845.804,375,803,None,Move,gaming
1571577845.816,375,802,None,Move,gaming
1571577845.823,375,801,None,Move,gaming
1571577845.834,375,800,None,Move,gaming
1571577845.847,377,799,None,Move,gaming
1571577845.855,377,798,None,Move,gaming
1571577845.865,377,796,None,Move,gaming
1571577845.873,379,793,None,Move,gaming
1571577845.885,379,792,None,Move,gaming
1571577845.8920002,380,790,None,Move,gaming
1571577845.904,382,785,None,Move,gaming
1571577845.9120002,383,785,None,Move,gaming
1571577845.923,384,783,None,Move,gaming
1571577845.929,384,782,None,Move,gaming
1571577845.941,385,782,None,Move,gaming
1571577845.947,386,781,None,Move,gaming
1571577845.959,388,781,None,Move,gaming
1571577845.967,390,781,None,Move,gaming
1571577845.978,392,780,None,Move,gaming
1571577845.985,394,780,None,Move,gaming
1571577845.996,397,780,None,Move,gaming
1571577846.004,400,779,None,Move,gaming
1571577846.016,406,779,None,Move,gaming
1571577846.0229998,409,779,None,Move,gaming
1571577846.034,413,779,None,Move,gaming
1571577846.044,416,779,None,Move,gaming
1571577846.053,420,779,None,Move,gaming
1571577846.064,425,779,None,Move,gaming
1571577846.073,427,779,None,Move,gaming
1571577846.111,427,779,None,Move,gaming
1571577846.13,429,779,Left,Pressed,gaming
1571577846.13,429,779,None,Drag,gaming
1571577846.1379998,431,779,None,Drag,gaming
1571577846.15,436,780,None,Drag,gaming
1571577846.157,439,784,None,Drag,gaming
1571577846.169,457,798,None,Drag,gaming
1571577846.177,467,806,None,Drag,gaming
1571577846.188,477,816,None,Drag,gaming
1571577846.195,490,827,None,Drag,gaming
1571577846.207,502,836,None,Drag,gaming
1571577846.214,515,849,None,Drag,gaming
1571577846.226,542,872,None,Drag,gaming
1571577846.234,552,886,None,Drag,gaming
1571577846.245,560,896,None,Drag,gaming
1571577846.254,569,908,None,Drag,gaming
1571577846.2670002,591,929,None,Drag,gaming
1571577846.274,601,941,None,Drag,gaming
1571577846.286,614,954,None,Drag,gaming
1571577846.292,623,964,None,Drag,gaming
1571577846.304,640,983,None,Drag,gaming
1571577846.312,646,989,None,Drag,gaming
1571577846.323,650,996,None,Drag,gaming
1571577846.33,656,1003,None,Drag,gaming
1571577846.341,660,1006,None,Drag,gaming
1571577846.3479998,662,1008,None,Drag,gaming
1571577846.361,668,1013,None,Drag,gaming
1571577846.367,669,1013,None,Drag,gaming
1571577846.38,670,1013,None,Drag,gaming
1571577846.3860002,672,1013,None,Drag,gaming
1571577846.3860002,672,1013,Left,Released,gaming
1571577846.403,674,1013,None,Move,gaming
1571577846.417,681,1013,None,Move,gaming
1571577846.424,687,1012,None,Move,gaming
1571577846.435,694,1009,None,Move,gaming
1571577846.4429998,702,1007,None,Move,gaming
1571577846.455,714,1002,None,Move,gaming
1571577846.461,727,1000,None,Move,gaming
1571577846.4729998,764,988,None,Move,gaming
1571577846.481,786,982,None,Move,gaming
1571577846.4910002,807,976,None,Move,gaming
1571577846.4989998,831,972,None,Move,gaming
1571577846.51,845,967,None,Move,gaming
1571577846.5170002,864,962,None,Move,gaming
1571577846.53,894,949,None,Move,gaming
1571577846.54,906,944,None,Move,gaming
1571577846.549,919,937,None,Move,gaming
1571577846.56,948,922,None,Move,gaming
1571577846.5679998,955,915,None,Move,gaming
1571577846.579,966,908,None,Move,gaming
1571577846.589,976,901,None,Move,gaming
1571577846.599,988,893,None,Move,gaming
1571577846.607,1005,881,None,Move,gaming
1571577846.62,1012,875,None,Move,gaming
1571577846.627,1017,870,None,Move,gaming
1571577846.637,1019,868,None,Move,gaming
1571577846.645,1020,863,None,Move,gaming
1571577846.647,1022,862,None,Move,gaming
1571577846.659,1023,859,None,Move,gaming
1571577846.665,1023,857,None,Move,gaming
1571577846.678,1026,855,None,Move,gaming
1571577846.685,1027,852,None,Move,gaming
1571577846.696,1027,849,None,Move,gaming
1571577846.7029998,1027,848,None,Move,gaming
1571577846.715,1029,843,None,Move,gaming
1571577846.722,1029,841,None,Move,gaming
1571577846.7329998,1029,840,None,Move,gaming
1571577846.7410002,1029,836,None,Move,gaming
1571577846.7529998,1029,830,None,Move,gaming
1571577846.7589998,1029,827,None,Move,gaming
1571577846.77,1029,825,None,Move,gaming
1571577846.7770002,1029,821,None,Move,gaming
1571577846.79,1029,818,None,Move,gaming
1571577846.7970002,1029,815,None,Move,gaming
1571577846.809,1029,810,None,Move,gaming
1571577846.8170002,1029,807,None,Move,gaming
1571577846.827,1029,804,None,Move,gaming
1571577846.8379998,1029,802,None,Move,gaming
1571577846.8479998,1029,800,None,Move,gaming
1571577846.86,1029,798,None,Move,gaming
1571577846.867,1029,797,None,Move,gaming
1571577846.879,1029,797,None,Move,gaming
1571577846.8860002,1029,796,None,Move,gaming
1571577846.897,1029,794,None,Move,gaming
1571577846.935,1028,793,None,Move,gaming
1571577847.031,1026,794,Left,Pressed,gaming
1571577847.032,1026,794,None,Drag,gaming
1571577847.042,1019,805,None,Drag,gaming
1571577847.049,1016,814,None,Drag,gaming
1571577847.061,1009,824,None,Drag,gaming
1571577847.072,996,843,None,Drag,gaming
1571577847.082,986,855,None,Drag,gaming
1571577847.093,974,870,None,Drag,gaming
1571577847.1020002,960,885,None,Drag,gaming
1571577847.113,936,905,None,Drag,gaming
1571577847.12,926,914,None,Drag,gaming
1571577847.131,916,922,None,Drag,gaming
1571577847.139,906,931,None,Drag,gaming
1571577847.15,897,937,None,Drag,gaming
1571577847.158,892,946,None,Drag,gaming
1571577847.169,880,961,None,Drag,gaming
1571577847.177,875,968,None,Drag,gaming
1571577847.187,868,977,None,Drag,gaming
1571577847.194,865,982,None,Drag,gaming
1571577847.206,861,988,None,Drag,gaming
1571577847.212,857,992,None,Drag,gaming
1571577847.224,852,1000,None,Drag,gaming
1571577847.232,851,1003,None,Drag,gaming
1571577847.2329998,851,1003,Left,Released,gaming
1571577847.271,852,1003,None,Move,gaming
1571577847.283,868,996,None,Move,gaming
1571577847.291,881,989,None,Move,gaming
1571577847.303,918,969,None,Move,gaming
1571577847.315,934,958,None,Move,gaming
1571577847.325,950,949,None,Move,gaming
1571577847.339,979,933,None,Move,gaming
1571577847.346,995,922,None,Move,gaming
1571577847.36,1026,899,None,Move,gaming
1571577847.37,1040,889,None,Move,gaming
1571577847.385,1066,871,None,Move,gaming
1571577847.3920002,1077,863,None,Move,gaming
1571577847.405,1084,858,None,Move,gaming
1571577847.411,1092,852,None,Move,gaming
1571577847.423,1099,847,None,Move,gaming
1571577847.43,1106,841,None,Move,gaming
1571577847.4420002,1121,829,None,Move,gaming
1571577847.448,1129,824,None,Move,gaming
1571577847.46,1133,820,None,Move,gaming
1571577847.467,1141,815,None,Move,gaming
1571577847.478,1147,811,None,Move,gaming
1571577847.4910002,1157,804,None,Move,gaming
1571577847.504,1163,799,None,Move,gaming
1571577847.519,1165,797,None,Move,gaming
1571577847.532,1166,796,None,Move,gaming
1571577847.575,1167,795,None,Move,gaming
1571577847.589,1168,793,None,Move,gaming
1571577847.6,1169,791,None,Move,gaming
1571577847.613,1171,789,None,Move,gaming
1571577847.621,1171,789,None,Move,gaming
1571577847.635,1171,787,None,Move,gaming
1571577847.7270002,1170,787,Left,Pressed,gaming
1571577847.7270002,1170,787,None,Drag,gaming
1571577847.7370002,1163,796,None,Drag,gaming
1571577847.7510002,1157,805,None,Drag,gaming
1571577847.7589998,1147,818,None,Drag,gaming
1571577847.771,1128,845,None,Drag,gaming
1571577847.783,1112,860,None,Drag,gaming
1571577847.796,1086,883,None,Drag,gaming
1571577847.804,1072,892,None,Drag,gaming
1571577847.8170002,1052,907,None,Drag,gaming
1571577847.825,1042,915,None,Drag,gaming
1571577847.839,1015,938,None,Drag,gaming
1571577847.85,998,952,None,Drag,gaming
1571577847.8620002,980,970,None,Drag,gaming
1571577847.871,939,1008,None,Drag,gaming
1571577847.8860002,921,1026,None,Drag,gaming
1571577847.893,906,1038,None,Drag,gaming
1571577847.907,889,1055,None,Drag,gaming
1571577847.917,884,1059,None,Drag,gaming
1571577847.928,877,1063,None,Drag,gaming
1571577847.928,877,1063,Left,Released,gaming
1571577848.0070002,879,1061,None,Move,gaming
1571577848.022,883,1058,None,Move,gaming
1571577848.0370002,889,1053,None,Move,gaming
1571577848.046,892,1052,None,Move,gaming
1571577848.06,896,1049,None,Move,gaming
1571577848.0670002,898,1046,None,Move,gaming
1571577848.082,901,1045,None,Move,gaming
1571577848.092,905,1043,None,Move,gaming
1571577848.103,911,1040,None,Move,gaming
1571577848.113,916,1037,None,Move,gaming
1571577848.123,923,1035,None,Move,gaming
1571577848.135,930,1031,None,Move,gaming
1571577848.1420002,944,1026,None,Move,gaming
1571577848.155,950,1023,None,Move,gaming
1571577848.163,957,1021,None,Move,gaming
1571577848.174,961,1019,None,Move,gaming
1571577848.1820002,966,1017,None,Move,gaming
1571577848.194,978,1012,None,Move,gaming
1571577848.201,987,1008,None,Move,gaming
1571577848.2129998,993,1007,None,Move,gaming
1571577848.219,1002,1003,None,Move,gaming
1571577848.231,1009,1002,None,Move,gaming
1571577848.2370002,1017,1001,None,Move,gaming
1571577848.2489998,1037,998,None,Move,gaming
1571577848.256,1045,997,None,Move,gaming
1571577848.2670002,1054,996,None,Move,gaming
1571577848.275,1060,995,None,Move,gaming
1571577848.2870002,1067,995,None,Move,gaming
1571577848.294,1072,993,None,Move,gaming
1571577848.306,1084,993,None,Move,gaming
1571577848.313,1091,993,None,Move,gaming
1571577848.325,1096,993,None,Move,gaming
1571577848.332,1101,993,None,Move,gaming
1571577848.343,1107,993,None,Move,gaming
1571577848.349,1110,993,None,Move,gaming
1571577848.361,1117,993,None,Move,gaming
1571577848.3679998,1121,993,None,Move,gaming
1571577848.38,1125,993,None,Move,gaming
1571577848.3879998,1129,993,None,Move,gaming
1571577848.4,1134,993,None,Move,gaming
1571577848.41,1136,993,None,Move,gaming
1571577848.418,1138,993,None,Move,gaming
1571577848.43,1140,993,None,Move,gaming
1571577848.438,1141,993,None,Move,gaming
1571577848.448,1147,993,None,Move,gaming
1571577848.455,1150,993,None,Move,gaming
1571577848.466,1155,993,None,Move,gaming
1571577848.474,1159,992,None,Move,gaming
1571577848.486,1164,992,None,Move,gaming
1571577848.492,1168,992,None,Move,gaming
1571577848.5029998,1173,992,None,Move,gaming
1571577848.5110002,1175,992,None,Move,gaming
1571577848.522,1176,992,None,Move,gaming
1571577848.529,1176,992,None,Move,gaming
1571577848.541,1177,992,None,Move,gaming
1571577848.55,1178,992,None,Move,gaming
1571577848.561,1179,992,None,Move,gaming
1571577848.572,1180,992,None,Move,gaming
1571577848.58,1182,992,None,Move,gaming
1571577848.591,1184,992,None,Move,gaming
1571577848.5979998,1186,992,None,Move,gaming
1571577848.609,1191,992,None,Move,gaming
1571577848.6160002,1193,992,None,Move,gaming
1571577848.627,1195,992,None,Move,gaming
1571577848.6339998,1197,992,None,Move,gaming
1571577848.645,1198,992,None,Move,gaming
1571577848.656,1198,992,None,Move,gaming
1571577848.687,1198,992,Left,Pressed,gaming
1571577848.775,1198,992,Left,Released,gaming
1571577848.822,1198,992,None,Move,gaming
1571577848.83,1195,992,None,Move,gaming
1571577848.844,1193,992,None,Move,gaming
1571577848.854,1191,992,None,Move,gaming
1571577848.863,1186,992,None,Move,gaming
1571577848.875,1182,992,None,Move,gaming
1571577848.883,1176,992,None,Move,gaming
1571577848.894,1172,992,None,Move,gaming
1571577848.904,1151,988,None,Move,gaming
1571577848.916,1137,988,None,Move,gaming
1571577848.925,1123,988,None,Move,gaming
1571577848.937,1094,988,None,Move,gaming
1571577848.945,1077,988,None,Move,gaming
1571577848.954,1061,988,None,Move,gaming
1571577848.964,1039,988,None,Move,gaming
1571577848.976,1000,988,None,Move,gaming
1571577848.984,981,988,None,Move,gaming
1571577848.996,968,988,None,Move,gaming
1571577849.002,952,988,None,Move,gaming
1571577849.012,932,988,None,Move,gaming
1571577849.024,903,987,None,Move,gaming
1571577849.031,886,987,None,Move,gaming
1571577849.044,870,987,None,Move,gaming
1571577849.054,853,987,None,Move,gaming
1571577849.064,812,987,None,Move,gaming
1571577849.072,793,987,None,Move,gaming
1571577849.087,771,987,None,Move,gaming
1571577849.1,732,986,None,Move,gaming
1571577849.107,718,986,None,Move,gaming
1571577849.119,692,986,None,Move,gaming
1571577849.127,679,986,None,Move,gaming
1571577849.139,667,986,None,Move,gaming
1571577849.146,657,986,None,Move,gaming
1571577849.157,646,986,None,Move,gaming
1571577849.164,635,986,None,Move,gaming
1571577849.176,610,986,None,Move,gaming
1571577849.185,600,986,None,Move,gaming
1571577849.195,583,986,None,Move,gaming
1571577849.206,570,986,None,Move,gaming
1571577849.215,557,986,None,Move,gaming
1571577849.226,536,986,None,Move,gaming
1571577849.2329998,526,986,None,Move,gaming
1571577849.245,516,986,None,Move,gaming
1571577849.2510002,509,986,None,Move,gaming
1571577849.2629998,498,986,None,Move,gaming
1571577849.271,494,986,None,Move,gaming
1571577849.283,492,986,None,Move,gaming
1571577849.292,490,986,None,Move,gaming
1571577849.303,489,986,None,Move,gaming
1571577849.312,486,986,None,Move,gaming
1571577849.321,484,986,None,Move,gaming
1571577849.333,483,985,None,Move,gaming
1571577849.341,480,984,None,Move,gaming
1571577849.3520002,476,983,None,Move,gaming
1571577849.36,475,983,None,Move,gaming
1571577849.37,473,983,None,Move,gaming
1571577849.377,469,982,None,Move,gaming
1571577849.389,468,982,None,Move,gaming
1571577849.396,464,982,None,Move,gaming
1571577849.408,453,979,None,Move,gaming
1571577849.416,447,978,None,Move,gaming
1571577849.426,442,978,None,Move,gaming
1571577849.436,436,977,None,Move,gaming
1571577849.446,432,977,None,Move,gaming
1571577849.456,424,974,None,Move,gaming
1571577849.464,421,973,None,Move,gaming
1571577849.4770002,418,972,None,Move,gaming
1571577849.484,416,972,None,Move,gaming
1571577849.496,413,971,None,Move,gaming
1571577849.5029998,412,970,None,Move,gaming
1571577849.515,410,970,None,Move,gaming
1571577849.522,408,969,None,Move,gaming
1571577849.535,405,968,None,Move,gaming
1571577849.544,403,967,None,Move,gaming
1571577849.554,402,966,None,Move,gaming
1571577849.565,400,966,None,Move,gaming
1571577849.573,400,966,None,Move,gaming
1571577849.599,399,966,None,Move,gaming
1571577849.631,398,964,None,Move,gaming
1571577849.647,397,964,None,Move,gaming
1571577849.687,397,963,None,Move,gaming
1571577849.699,397,962,None,Move,gaming
1571577849.711,397,961,None,Move,gaming
1571577849.72,398,960,None,Move,gaming
1571577849.732,398,959,None,Move,gaming
1571577849.7389998,399,959,None,Move,gaming
1571577849.75,399,958,None,Move,gaming
1571577849.7570002,400,957,None,Move,gaming
1571577849.823,400,957,Left,Pressed,gaming
1571577849.927,400,957,Left,Released,gaming
1571577850.031,401,956,None,Move,gaming
1571577850.087,401,956,None,Move,gaming
1571577850.0979998,402,956,None,Move,gaming
1571577850.127,402,956,None,Move,gaming
1571577850.1379998,403,956,None,Move,gaming
1571577850.144,404,956,None,Move,gaming
1571577850.158,405,956,None,Move,gaming
1571577850.164,408,956,None,Move,gaming
1571577850.175,414,956,None,Move,gaming
1571577850.1820002,418,956,None,Move,gaming
1571577850.194,424,956,None,Move,gaming
1571577850.201,429,956,None,Move,gaming
1571577850.2129998,437,956,None,Move,gaming
1571577850.221,447,956,None,Move,gaming
1571577850.232,465,956,None,Move,gaming
1571577850.2389998,476,956,None,Move,gaming
1571577850.2510002,485,956,None,Move,gaming
1571577850.258,496,956,None,Move,gaming
1571577850.269,503,956,None,Move,gaming
1571577850.2770002,512,956,None,Move,gaming
1571577850.288,532,956,None,Move,gaming
1571577850.295,541,956,None,Move,gaming
1571577850.3070002,552,956,None,Move,gaming
1571577850.314,560,956,None,Move,gaming
1571577850.325,569,956,None,Move,gaming
1571577850.332,578,956,None,Move,gaming
1571577850.343,593,956,None,Move,gaming
1571577850.351,599,956,None,Move,gaming
1571577850.3620002,603,956,None,Move,gaming
1571577850.371,607,956,None,Move,gaming
1571577850.381,611,956,None,Move,gaming
1571577850.391,614,956,None,Move,gaming
1571577850.4,615,956,None,Move,gaming
1571577850.4120002,616,956,None,Move,gaming
1571577850.42,616,957,None,Move,gaming
1571577850.431,611,966,None,Move,gaming
1571577850.439,611,967,None,Move,gaming
1571577850.679,610,967,None,Move,gaming
1571577850.69,610,969,None,Move,gaming
1571577850.698,610,970,None,Move,gaming
1571577850.709,610,971,None,Move,gaming
1571577850.718,610,972,None,Move,gaming
1571577850.726,611,974,None,Move,gaming
1571577850.738,611,975,None,Move,gaming
1571577850.745,611,976,None,Move,gaming
1571577850.756,611,977,None,Move,gaming
1571577850.7629998,611,978,None,Move,gaming
1571577850.775,611,979,None,Move,gaming
1571577850.782,611,980,None,Move,gaming
1571577850.795,611,982,None,Move,gaming
1571577850.802,611,982,None,Move,gaming
1571577850.813,610,983,None,Move,gaming
1571577850.821,610,985,None,Move,gaming
1571577850.83,610,985,None,Move,gaming
1571577850.842,610,986,None,Move,gaming
1571577850.85,610,988,None,Move,gaming
1571577850.8639998,610,990,None,Move,gaming
1571577850.87,611,991,None,Move,gaming
1571577850.883,614,992,None,Move,gaming
1571577850.889,618,993,None,Move,gaming
1571577850.901,622,994,None,Move,gaming
1571577850.908,625,994,None,Move,gaming
1571577850.919,635,996,None,Move,gaming
1571577850.927,640,996,None,Move,gaming
1571577850.937,648,996,None,Move,gaming
1571577850.944,655,996,None,Move,gaming
1571577850.957,663,996,None,Move,gaming
1571577850.967,673,996,None,Move,gaming
1571577850.979,696,996,None,Move,gaming
1571577850.988,708,996,None,Move,gaming
1571577851.0,734,996,None,Move,gaming
1571577851.01,746,996,None,Move,gaming
1571577851.019,757,996,None,Move,gaming
1571577851.029,766,996,None,Move,gaming
1571577851.0370002,776,996,None,Move,gaming
1571577851.049,793,996,None,Move,gaming
1571577851.056,805,996,None,Move,gaming
1571577851.0670002,818,996,None,Move,gaming
1571577851.077,830,996,None,Move,gaming
1571577851.0879998,859,996,None,Move,gaming
1571577851.095,874,996,None,Move,gaming
1571577851.107,887,996,None,Move,gaming
1571577851.1139998,900,996,None,Move,gaming
1571577851.125,912,996,None,Move,gaming
1571577851.1320002,922,996,None,Move,gaming
1571577851.1420002,930,996,None,Move,gaming
1571577851.149,938,996,None,Move,gaming
1571577851.16,947,996,None,Move,gaming
1571577851.167,950,996,None,Move,gaming
1571577851.177,951,996,None,Move,gaming
1571577851.2229998,953,996,None,Move,gaming
1571577851.232,955,996,None,Move,gaming
1571577851.244,961,996,None,Move,gaming
1571577851.2510002,966,996,None,Move,gaming
1571577851.262,972,996,None,Move,gaming
1571577851.269,979,996,None,Move,gaming
1571577851.28,995,996,None,Move,gaming
1571577851.2870002,1001,996,None,Move,gaming
1571577851.298,1007,996,None,Move,gaming
1571577851.306,1013,996,None,Move,gaming
1571577851.3170002,1019,996,None,Move,gaming
1571577851.329,1027,996,None,Move,gaming
1571577851.336,1031,996,None,Move,gaming
1571577851.3479998,1035,996,None,Move,gaming
1571577851.354,1040,996,None,Move,gaming
1571577851.3660002,1046,996,None,Move,gaming
1571577851.3720002,1056,996,None,Move,gaming
1571577851.3839998,1084,996,None,Move,gaming
1571577851.391,1108,996,None,Move,gaming
1571577851.4020002,1135,996,None,Move,gaming
1571577851.408,1173,996,None,Move,gaming
1571577851.42,1206,996,None,Move,gaming
1571577851.427,1236,996,None,Move,gaming
1571577851.438,1254,994,None,Move,gaming
1571577851.445,1276,993,None,Move,gaming
1571577851.457,1301,989,None,Move,gaming
1571577851.4629998,1311,989,None,Move,gaming
1571577851.474,1319,989,None,Move,gaming
1571577851.482,1326,989,None,Move,gaming
1571577851.4970002,1338,989,None,Move,gaming
1571577851.5270002,1361,989,None,Move,gaming
1571577851.541,1365,989,None,Move,gaming
1571577851.549,1370,989,None,Move,gaming
1571577851.561,1377,989,None,Move,gaming
1571577851.57,1381,988,None,Move,gaming
1571577851.584,1386,986,None,Move,gaming
1571577851.592,1387,986,None,Move,gaming
1571577851.605,1388,986,None,Move,gaming
1571577851.982,1388,986,Left,Pressed,gaming
1571577852.079,1388,986,Left,Released,gaming
1571577852.095,1388,986,None,Move,gaming
1571577852.109,1387,986,None,Move,gaming
1571577852.117,1386,985,None,Move,gaming
1571577852.1279998,1385,985,None,Move,gaming
1571577852.167,1384,985,None,Move,gaming
1571577852.207,1383,985,None,Move,gaming
1571577852.215,1381,984,None,Move,gaming
1571577852.23,1377,983,None,Move,gaming
1571577852.2429998,1377,982,None,Move,gaming
1571577852.255,1376,982,None,Move,gaming
1571577852.335,1375,982,None,Move,gaming
1571577852.351,1375,982,None,Move,gaming
1571577852.367,1374,982,None,Move,gaming
1571577852.383,1373,982,None,Move,gaming
1571577852.415,1372,982,None,Move,gaming
1571577852.4629998,1372,982,None,Move,gaming
1571577852.4729998,1371,982,None,Move,gaming
1571577852.481,1370,982,None,Move,gaming
1571577852.4929998,1369,982,None,Move,gaming
1571577852.4989998,1369,982,None,Move,gaming
1571577852.5110002,1367,982,None,Move,gaming
1571577852.518,1365,982,None,Move,gaming
1571577852.529,1356,981,None,Move,gaming
1571577852.535,1348,981,None,Move,gaming
1571577852.5470002,1339,981,None,Move,gaming
1571577852.555,1330,981,None,Move,gaming
1571577852.566,1318,981,None,Move,gaming
1571577852.576,1305,981,None,Move,gaming
1571577852.815,1304,981,None,Move,gaming
1571577852.826,1303,981,None,Move,gaming
1571577852.855,1303,981,None,Move,gaming
1571577852.903,1302,981,None,Move,gaming
1571577852.919,1301,981,None,Move,gaming
1571577852.928,1299,981,None,Move,gaming
1571577852.938,1296,981,None,Move,gaming
1571577852.945,1295,981,None,Move,gaming
1571577852.957,1291,981,None,Move,gaming
1571577852.9629998,1287,980,None,Move,gaming
1571577852.974,1282,978,None,Move,gaming
1571577852.98,1278,977,None,Move,gaming
1571577852.992,1264,973,None,Move,gaming
1571577852.9989998,1258,972,None,Move,gaming
1571577853.0110002,1248,969,None,Move,gaming
1571577853.024,1218,961,None,Move,gaming
1571577853.033,1193,953,None,Move,gaming
1571577853.0470002,1148,941,None,Move,gaming
1571577853.055,1107,930,None,Move,gaming
1571577853.0670002,1005,905,None,Move,gaming
1571577853.073,957,895,None,Move,gaming
1571577853.085,907,887,None,Move,gaming
1571577853.091,854,882,None,Move,gaming
1571577853.103,806,874,None,Move,gaming
1571577853.11,759,866,None,Move,gaming
1571577853.1220002,670,855,None,Move,gaming
1571577853.1279998,633,848,None,Move,gaming
1571577853.14,604,845,None,Move,gaming
1571577853.146,588,841,None,Move,gaming
1571577853.157,577,839,None,Move,gaming
1571577853.164,566,835,None,Move,gaming
1571577853.175,548,831,None,Move,gaming
1571577853.184,541,829,None,Move,gaming
1571577853.195,537,827,None,Move,gaming
1571577853.205,534,826,None,Move,gaming
1571577853.2129998,532,825,None,Move,gaming
1571577853.2270002,530,825,None,Move,gaming
1571577853.234,530,824,None,Move,gaming
1571577853.2629998,529,823,None,Move,gaming
1571577853.279,527,821,None,Move,gaming
1571577853.2870002,527,820,None,Move,gaming
1571577853.298,526,819,None,Move,gaming
1571577853.305,525,818,None,Move,gaming
1571577853.3179998,524,816,None,Move,gaming
1571577853.3279998,521,813,None,Move,gaming
1571577853.337,521,813,None,Move,gaming
1571577853.347,520,812,None,Move,gaming
1571577853.355,520,811,None,Move,gaming
1571577853.3660002,520,810,None,Move,gaming
1571577853.3739998,520,810,None,Move,gaming
1571577853.385,520,808,None,Move,gaming
1571577853.391,520,806,None,Move,gaming
1571577853.403,521,805,None,Move,gaming
1571577853.411,522,804,None,Move,gaming
1571577853.4220002,522,803,None,Move,gaming
1571577853.431,524,799,None,Move,gaming
1571577853.441,524,796,None,Move,gaming
1571577853.451,525,796,None,Move,gaming
1571577853.459,526,794,None,Move,gaming
1571577853.471,528,792,None,Move,gaming
1571577853.478,528,791,None,Move,gaming
1571577853.49,531,788,None,Move,gaming
1571577853.496,532,788,None,Move,gaming
1571577853.508,532,787,None,Move,gaming
1571577853.514,534,786,None,Move,gaming
1571577853.526,534,786,None,Move,gaming
1571577853.536,535,785,None,Move,gaming
1571577853.591,537,786,Left,Pressed,gaming
1571577853.591,537,786,None,Drag,gaming
1571577853.599,540,787,None,Drag,gaming
1571577853.61,543,791,None,Drag,gaming
1571577853.617,549,796,None,Drag,gaming
1571577853.629,555,801,None,Drag,gaming
1571577853.6360002,565,807,None,Drag,gaming
1571577853.646,571,813,None,Drag,gaming
1571577853.653,580,819,None,Drag,gaming
1571577853.665,599,836,None,Drag,gaming
1571577853.6720002,608,844,None,Drag,gaming
1571577853.684,615,852,None,Drag,gaming
1571577853.69,624,864,None,Drag,gaming
1571577853.702,632,873,None,Drag,gaming
1571577853.71,640,885,None,Drag,gaming
1571577853.721,656,913,None,Drag,gaming
1571577853.732,659,922,None,Drag,gaming
1571577853.742,664,935,None,Drag,gaming
1571577853.7510002,674,950,None,Drag,gaming
1571577853.76,682,966,None,Drag,gaming
1571577853.77,686,973,None,Drag,gaming
1571577853.7770002,692,980,None,Drag,gaming
1571577853.791,694,984,None,Drag,gaming
1571577853.798,697,988,None,Drag,gaming
1571577853.81,704,997,None,Drag,gaming
1571577853.8179998,706,999,None,Drag,gaming
1571577853.829,708,1002,None,Drag,gaming
1571577853.836,709,1004,None,Drag,gaming
1571577853.8479998,711,1006,None,Drag,gaming
1571577853.8479998,711,1006,Left,Released,gaming
1571577853.903,711,1006,None,Move,gaming
1571577853.915,713,1006,None,Move,gaming
1571577853.9220002,714,1006,None,Move,gaming
1571577853.9329998,718,1006,None,Move,gaming
1571577853.939,722,1006,None,Move,gaming
1571577853.951,742,1006,None,Move,gaming
1571577853.958,754,1006,None,Move,gaming
1571577853.9729998,766,1006,None,Move,gaming
1571577853.9829998,781,1006,None,Move,gaming
1571577853.992,803,1006,None,Move,gaming
1571577854.004,814,1006,None,Move,gaming
1571577854.0110002,826,1006,None,Move,gaming
1571577854.025,846,1006,None,Move,gaming
1571577854.031,855,1006,None,Move,gaming
1571577854.044,863,1006,None,Move,gaming
1571577854.049,872,1006,None,Move,gaming
1571577854.062,879,1006,None,Move,gaming
1571577854.069,887,1006,None,Move,gaming
1571577854.079,908,1006,None,Move,gaming
1571577854.0879998,919,1006,None,Move,gaming
1571577854.099,931,1006,None,Move,gaming
1571577854.107,946,1006,None,Move,gaming
1571577854.117,960,1006,None,Move,gaming
1571577854.127,978,1005,None,Move,gaming
1571577854.135,985,1004,None,Move,gaming
1571577854.147,993,1003,None,Move,gaming
1571577854.155,998,1001,None,Move,gaming
1571577854.166,1003,1000,None,Move,gaming
1571577854.174,1006,999,None,Move,gaming
1571577854.185,1011,997,None,Move,gaming
1571577854.1920002,1013,996,None,Move,gaming
1571577854.204,1014,995,None,Move,gaming
1571577854.211,1015,994,None,Move,gaming
1571577854.2229998,1017,992,None,Move,gaming
1571577854.232,1018,989,None,Move,gaming
1571577854.2410002,1018,987,None,Move,gaming
1571577854.2510002,1018,987,None,Move,gaming
1571577854.2589998,1018,985,None,Move,gaming
1571577854.271,1018,984,None,Move,gaming
1571577854.278,1018,983,None,Move,gaming
1571577854.289,1018,982,None,Move,gaming
1571577854.303,1018,981,None,Move,gaming
1571577854.439,1018,981,Left,Pressed,gaming
1571577854.439,1018,981,None,Drag,gaming
1571577854.455,1018,981,None,Drag,gaming
1571577854.465,1017,981,None,Drag,gaming
1571577854.479,1017,981,None,Drag,gaming
1571577854.479,1017,981,Left,Released,gaming
1571577854.4970002,1014,981,None,Move,gaming
1571577854.504,1002,981,None,Move,gaming
1571577854.515,994,981,None,Move,gaming
1571577854.525,985,981,None,Move,gaming
1571577854.535,974,981,None,Move,gaming
1571577854.545,953,981,None,Move,gaming
1571577854.553,941,981,None,Move,gaming
1571577854.561,930,981,None,Move,gaming
1571577854.573,917,981,None,Move,gaming
1571577854.579,905,981,None,Move,gaming
1571577854.591,891,981,None,Move,gaming
1571577854.597,874,981,None,Move,gaming
1571577854.609,839,981,None,Move,gaming
1571577854.615,817,981,None,Move,gaming
1571577854.6279998,798,981,None,Move,gaming
1571577854.635,779,981,None,Move,gaming
1571577854.646,759,981,None,Move,gaming
1571577854.653,743,981,None,Move,gaming
1571577854.666,716,981,None,Move,gaming
1571577854.674,706,981,None,Move,gaming
1571577854.685,695,981,None,Move,gaming
1571577854.696,676,981,None,Move,gaming
1571577854.704,667,981,None,Move,gaming
1571577854.717,658,981,None,Move,gaming
1571577854.724,649,981,None,Move,gaming
1571577854.735,634,981,None,Move,gaming
1571577854.7429998,628,981,None,Move,gaming
1571577854.755,623,981,None,Move,gaming
1571577854.762,615,981,None,Move,gaming
1571577854.772,608,981,None,Move,gaming
1571577854.78,601,981,None,Move,gaming
1571577854.792,592,981,None,Move,gaming
1571577854.799,588,981,None,Move,gaming
1571577854.812,585,981,None,Move,gaming
1571577854.819,583,981,None,Move,gaming
1571577854.829,581,981,None,Move,gaming
1571577854.837,580,981,None,Move,gaming
1571577854.879,580,981,Left,Pressed,gaming
1571577854.9829998,580,981,Left,Released,gaming
1571577855.015,580,981,None,Move,gaming
1571577855.0229998,585,981,None,Move,gaming
1571577855.034,589,981,None,Move,gaming
1571577855.045,592,981,None,Move,gaming
1571577855.053,595,981,None,Move,gaming
1571577855.064,605,981,None,Move,gaming
1571577855.073,609,981,None,Move,gaming
1571577855.085,617,981,None,Move,gaming
1571577855.0879998,623,981,None,Move,gaming
1571577855.095,631,981,None,Move,gaming
1571577855.106,638,981,None,Move,gaming
1571577855.113,644,981,None,Move,gaming
1571577855.125,652,981,None,Move,gaming
1571577855.1320002,657,981,None,Move,gaming
1571577855.143,662,981,None,Move,gaming
1571577855.15,670,981,None,Move,gaming
1571577855.161,685,981,None,Move,gaming
1571577855.168,692,981,None,Move,gaming
1571577855.181,703,981,None,Move,gaming
1571577855.191,712,981,None,Move,gaming
1571577855.2,734,981,None,Move,gaming
1571577855.211,745,981,None,Move,gaming
1571577855.219,753,981,None,Move,gaming
1571577855.23,762,981,None,Move,gaming
1571577855.238,769,981,None,Move,gaming
1571577855.2489998,781,981,None,Move,gaming
1571577855.256,785,981,None,Move,gaming
1571577855.2670002,788,981,None,Move,gaming
1571577855.274,790,981,None,Move,gaming
1571577855.342,790,981,None,Move,gaming
1571577855.353,788,981,None,Move,gaming
1571577855.36,786,981,None,Move,gaming
1571577855.371,780,981,None,Move,gaming
1571577855.379,776,981,None,Move,gaming
1571577855.39,768,981,None,Move,gaming
1571577855.397,758,981,None,Move,gaming
1571577855.41,736,981,None,Move,gaming
1571577855.418,720,981,None,Move,gaming
1571577855.4320002,676,981,None,Move,gaming
1571577855.4429998,638,981,None,Move,gaming
1571577855.45,605,981,None,Move,gaming
1571577855.46,578,981,None,Move,gaming
1571577855.467,545,981,None,Move,gaming
1571577855.479,502,981,None,Move,gaming
1571577855.492,482,981,None,Move,gaming
1571577855.5070002,459,981,None,Move,gaming
1571577855.515,449,981,None,Move,gaming
1571577855.53,433,978,None,Move,gaming
1571577855.539,426,977,None,Move,gaming
1571577855.552,416,975,None,Move,gaming
1571577855.561,412,974,None,Move,gaming
1571577855.572,407,973,None,Move,gaming
1571577855.581,403,971,None,Move,gaming
1571577855.594,391,968,None,Move,gaming
1571577855.603,384,966,None,Move,gaming
1571577855.6160002,373,965,None,Move,gaming
1571577855.627,369,964,None,Move,gaming
1571577855.64,362,964,None,Move,gaming
1571577855.65,360,964,None,Move,gaming
1571577855.6620002,358,962,None,Move,gaming
1571577855.673,356,961,None,Move,gaming
1571577855.6829998,354,961,None,Move,gaming
1571577855.697,352,961,None,Move,gaming
1571577855.799,351,961,Left,Pressed,gaming
1571577855.799,351,961,None,Drag,gaming
1571577855.799,351,961,Left,Released,gaming
1571577855.919,352,961,None,Move,gaming
1571577855.931,356,961,None,Move,gaming
1571577855.94,359,961,None,Move,gaming
1571577855.954,367,961,None,Move,gaming
1571577855.964,372,961,None,Move,gaming
1571577855.978,386,961,None,Move,gaming
1571577855.9870002,394,961,None,Move,gaming
1571577856.002,411,961,None,Move,gaming
1571577856.012,422,961,None,Move,gaming
1571577856.029,442,961,None,Move,gaming
1571577856.0370002,452,961,None,Move,gaming
1571577856.05,470,961,None,Move,gaming
1571577856.0570002,480,961,None,Move,gaming
1571577856.07,490,961,None,Move,gaming
1571577856.077,499,961,None,Move,gaming
1571577856.091,515,961,None,Move,gaming
1571577856.101,523,961,None,Move,gaming
1571577856.113,535,961,None,Move,gaming
1571577856.1260002,543,961,None,Move,gaming
1571577856.1339998,550,961,None,Move,gaming
1571577856.145,563,961,None,Move,gaming
1571577856.153,569,961,None,Move,gaming
1571577856.164,573,961,None,Move,gaming
1571577856.1720002,577,961,None,Move,gaming
1571577856.1829998,578,961,None,Move,gaming
1571577856.1929998,580,961,None,Move,gaming
1571577856.447,583,961,None,Move,gaming
1571577856.459,587,960,None,Move,gaming
1571577856.465,589,960,None,Move,gaming
1571577856.4770002,591,960,None,Move,gaming
1571577856.485,596,960,None,Move,gaming
1571577856.498,608,960,None,Move,gaming
1571577856.508,614,960,None,Move,gaming
1571577856.516,620,960,None,Move,gaming
1571577856.528,627,960,None,Move,gaming
1571577856.536,630,960,None,Move,gaming
1571577856.5470002,634,960,None,Move,gaming
1571577856.554,638,960,None,Move,gaming
1571577856.565,644,962,None,Move,gaming
1571577856.571,652,963,None,Move,gaming
1571577856.583,667,965,None,Move,gaming
1571577856.591,676,967,None,Move,gaming
1571577856.6020002,685,968,None,Move,gaming
1571577856.613,693,969,None,Move,gaming
1571577856.621,700,970,None,Move,gaming
1571577856.633,709,971,None,Move,gaming
1571577856.639,715,972,None,Move,gaming
1571577856.651,719,972,None,Move,gaming
1571577856.659,725,973,None,Move,gaming
1571577856.671,742,974,None,Move,gaming
1571577856.679,754,974,None,Move,gaming
1571577856.691,767,974,None,Move,gaming
1571577856.701,780,974,None,Move,gaming
1571577856.71,795,974,None,Move,gaming
1571577856.7229998,823,974,None,Move,gaming
1571577856.73,836,974,None,Move,gaming
1571577856.7410002,848,974,None,Move,gaming
1571577856.748,861,974,None,Move,gaming
1571577856.762,884,974,None,Move,gaming
1571577856.771,897,974,None,Move,gaming
1571577856.781,910,974,None,Move,gaming
1571577856.792,935,974,None,Move,gaming
1571577856.8,948,974,None,Move,gaming
1571577856.812,960,974,None,Move,gaming
1571577856.819,970,974,None,Move,gaming
1571577856.83,978,974,None,Move,gaming
1571577856.836,986,974,None,Move,gaming
1571577856.8479998,995,974,None,Move,gaming
1571577856.855,999,974,None,Move,gaming
1571577856.867,1002,974,None,Move,gaming
1571577856.8739998,1005,974,None,Move,gaming
1571577856.8860002,1006,974,None,Move,gaming
1571577856.893,1006,974,None,Move,gaming
1571577856.934,1008,974,None,Move,gaming
1571577856.946,1009,974,None,Move,gaming
1571577856.954,1009,974,None,Move,gaming
1571577856.967,1010,975,None,Move,gaming
1571577856.9829998,1010,975,None,Move,gaming
1571577857.207,1010,975,None,Move,gaming
1571577857.218,1009,975,None,Move,gaming
1571577857.229,1008,975,None,Move,gaming
1571577857.24,1001,977,None,Move,gaming
1571577857.248,990,977,None,Move,gaming
1571577857.26,979,980,None,Move,gaming
1571577857.27,966,980,None,Move,gaming
1571577857.279,939,980,None,Move,gaming
1571577857.291,921,980,None,Move,gaming
1571577857.3,905,980,None,Move,gaming
1571577857.312,868,981,None,Move,gaming
1571577857.319,855,981,None,Move,gaming
1571577857.329,841,981,None,Move,gaming
1571577857.337,829,983,None,Move,gaming
1571577857.3479998,817,983,None,Move,gaming
1571577857.355,806,983,None,Move,gaming
1571577857.3679998,787,983,None,Move,gaming
1571577857.3739998,781,983,None,Move,gaming
1571577857.3860002,774,983,None,Move,gaming
1571577857.3920002,770,983,None,Move,gaming
1571577857.405,766,983,None,Move,gaming
1571577857.411,763,983,None,Move,gaming
1571577857.4220002,760,983,None,Move,gaming
1571577857.43,756,983,None,Move,gaming
1571577857.44,750,983,None,Move,gaming
1571577857.447,744,983,None,Move,gaming
1571577857.458,740,983,None,Move,gaming
1571577857.465,736,983,None,Move,gaming
1571577857.4770002,732,983,None,Move,gaming
1571577857.4829998,728,983,None,Move,gaming
1571577857.495,714,983,None,Move,gaming
1571577857.5029998,709,983,None,Move,gaming
1571577857.514,703,983,None,Move,gaming
1571577857.521,695,983,None,Move,gaming
1571577857.532,689,983,None,Move,gaming
1571577857.539,681,983,None,Move,gaming
1571577857.55,674,983,None,Move,gaming
1571577857.5570002,667,983,None,Move,gaming
1571577857.569,647,983,None,Move,gaming
1571577857.5779998,638,983,None,Move,gaming
1571577857.589,627,983,None,Move,gaming
1571577857.5979998,614,983,None,Move,gaming
1571577857.607,593,983,None,Move,gaming
1571577857.6179998,583,983,None,Move,gaming
1571577857.6260002,575,983,None,Move,gaming
1571577857.637,569,983,None,Move,gaming
1571577857.644,562,983,None,Move,gaming
1571577857.655,554,983,None,Move,gaming
1571577857.6620002,550,983,None,Move,gaming
1571577857.674,547,983,None,Move,gaming
1571577857.681,545,983,None,Move,gaming
1571577857.6929998,542,983,None,Move,gaming
1571577857.701,542,983,None,Move,gaming
1571577857.879,542,983,None,Move,gaming
1571577857.887,543,983,None,Move,gaming
1571577857.8979998,546,983,None,Move,gaming
1571577857.905,549,983,None,Move,gaming
1571577857.916,553,985,None,Move,gaming
1571577857.923,556,985,None,Move,gaming
1571577857.934,560,985,None,Move,gaming
1571577857.941,565,986,None,Move,gaming
1571577857.9529998,568,986,None,Move,gaming
1571577857.959,570,986,None,Move,gaming
1571577857.972,571,986,None,Move,gaming
1571577857.978,572,986,None,Move,gaming
1571577857.99,574,987,None,Move,gaming
1571577857.9970002,575,987,None,Move,gaming
1571577858.008,578,989,None,Move,gaming
1571577858.015,579,989,None,Move,gaming
1571577858.0270002,581,989,None,Move,gaming
1571577858.033,581,989,None,Move,gaming
1571577858.045,582,989,None,Move,gaming
1571577858.071,582,989,None,Move,gaming
1571577858.087,584,990,None,Move,gaming
1571577858.097,588,991,None,Move,gaming
1571577858.109,595,993,None,Move,gaming
1571577858.1160002,606,993,None,Move,gaming
1571577858.127,622,993,None,Move,gaming
1571577858.137,671,993,None,Move,gaming
1571577858.149,696,993,None,Move,gaming
1571577858.155,723,993,None,Move,gaming
1571577858.167,748,993,None,Move,gaming
1571577858.173,767,993,None,Move,gaming
1571577858.1829998,805,993,None,Move,gaming
1571577858.191,820,993,None,Move,gaming
1571577858.202,836,993,None,Move,gaming
1571577858.212,861,993,None,Move,gaming
1571577858.221,891,993,None,Move,gaming
1571577858.2329998,964,993,None,Move,gaming
1571577858.24,1005,993,None,Move,gaming
1571577858.2510002,1037,993,None,Move,gaming
1571577858.258,1063,991,None,Move,gaming
1571577858.269,1093,991,None,Move,gaming
1571577858.275,1114,986,None,Move,gaming
1571577858.2870002,1142,984,None,Move,gaming
1571577858.295,1152,984,None,Move,gaming
1571577858.306,1161,984,None,Move,gaming
1571577858.314,1168,984,None,Move,gaming
1571577858.325,1176,984,None,Move,gaming
1571577858.336,1193,984,None,Move,gaming
1571577858.344,1204,984,None,Move,gaming
1571577858.355,1217,984,None,Move,gaming
1571577858.3620002,1229,984,None,Move,gaming
1571577858.3739998,1241,984,None,Move,gaming
1571577858.38,1254,984,None,Move,gaming
1571577858.391,1278,984,None,Move,gaming
1571577858.399,1286,984,None,Move,gaming
1571577858.411,1293,984,None,Move,gaming
1571577858.419,1298,984,None,Move,gaming
1571577858.43,1301,984,None,Move,gaming
1571577858.437,1302,984,None,Move,gaming
1571577858.447,1306,984,None,Move,gaming
1571577858.455,1307,984,None,Move,gaming
1571577858.466,1308,984,None,Move,gaming
1571577858.476,1311,984,None,Move,gaming
1571577858.485,1312,984,None,Move,gaming
1571577858.496,1320,984,None,Move,gaming
1571577858.504,1327,984,None,Move,gaming
1571577858.516,1333,984,None,Move,gaming
1571577858.522,1340,984,None,Move,gaming
1571577858.534,1343,984,None,Move,gaming
1571577858.541,1348,984,None,Move,gaming
1571577858.552,1357,983,None,Move,gaming
1571577858.559,1359,983,None,Move,gaming
1571577858.57,1359,983,None,Move,gaming
1571577858.583,1360,983,None,Move,gaming
1571577858.599,1362,983,None,Move,gaming
1571577858.607,1362,983,None,Move,gaming
1571577858.619,1364,983,None,Move,gaming
1571577858.6260002,1365,983,None,Move,gaming
1571577858.639,1370,982,None,Move,gaming
1571577858.647,1372,982,None,Move,gaming
1571577858.658,1373,981,None,Move,gaming
1571577858.671,1376,981,None,Move,gaming
1571577858.7029998,1377,981,None,Move,gaming
1571577858.711,1380,981,None,Move,gaming
1571577858.722,1387,981,None,Move,gaming
1571577858.729,1392,981,None,Move,gaming
1571577858.74,1398,981,None,Move,gaming
1571577858.748,1406,981,None,Move,gaming
1571577858.758,1411,981,None,Move,gaming
1571577858.766,1415,981,None,Move,gaming
1571577858.778,1422,981,None,Move,gaming
1571577858.785,1423,981,None,Move,gaming
1571577858.795,1423,981,None,Move,gaming
1571577858.958,1424,981,None,Move,gaming
1571577858.967,1424,981,Left,Pressed,gaming
1571577859.063,1424,981,Left,Released,gaming
1571577859.127,1424,981,None,Move,gaming
1571577859.139,1424,981,None,Move,gaming
1571577859.145,1423,981,None,Move,gaming
1571577859.157,1423,981,None,Move,gaming
1571577859.164,1421,982,None,Move,gaming
1571577859.17,1420,982,None,Move,gaming
1571577859.1820002,1418,983,None,Move,gaming
1571577859.188,1416,983,None,Move,gaming
1571577859.199,1409,983,None,Move,gaming
1571577859.207,1403,983,None,Move,gaming
1571577859.218,1397,983,None,Move,gaming
1571577859.226,1390,983,None,Move,gaming
1571577859.2370002,1385,983,None,Move,gaming
1571577859.25,1377,983,None,Move,gaming
1571577859.256,1374,983,None,Move,gaming
1571577859.268,1373,983,None,Move,gaming
1571577859.276,1372,983,None,Move,gaming
1571577859.2870002,1370,983,None,Move,gaming
1571577859.294,1368,982,None,Move,gaming
1571577859.306,1366,982,None,Move,gaming
1571577859.313,1364,980,None,Move,gaming
1571577859.324,1362,979,None,Move,gaming
1571577859.334,1358,977,None,Move,gaming
1571577859.344,1351,973,None,Move,gaming
1571577859.356,1345,971,None,Move,gaming
1571577859.3639998,1336,967,None,Move,gaming
1571577859.379,1319,961,None,Move,gaming
1571577859.3860002,1305,957,None,Move,gaming
1571577859.3979998,1291,952,None,Move,gaming
1571577859.4120002,1256,935,None,Move,gaming
1571577859.421,1241,929,None,Move,gaming
1571577859.434,1205,911,None,Move,gaming
1571577859.4420002,1189,902,None,Move,gaming
1571577859.454,1176,895,None,Move,gaming
1571577859.462,1166,887,None,Move,gaming
1571577859.4729998,1148,872,None,Move,gaming
1571577859.482,1141,864,None,Move,gaming
1571577859.4970002,1130,852,None,Move,gaming
1571577859.508,1128,846,None,Move,gaming
1571577859.521,1121,837,None,Move,gaming
1571577859.53,1119,835,None,Move,gaming
1571577859.544,1117,829,None,Move,gaming
1571577859.552,1116,828,None,Move,gaming
1571577859.565,1116,826,None,Move,gaming
1571577859.573,1115,824,None,Move,gaming
1571577859.587,1112,820,None,Move,gaming
1571577859.595,1110,817,None,Move,gaming
1571577859.609,1105,812,None,Move,gaming
1571577859.621,1101,808,None,Move,gaming
1571577859.631,1095,804,None,Move,gaming
1571577859.644,1095,803,None,Move,gaming
1571577859.655,1093,802,None,Move,gaming
1571577859.671,1093,801,None,Move,gaming
1571577859.687,1093,800,None,Move,gaming
1571577859.7270002,1093,799,None,Move,gaming
1571577859.7389998,1093,799,None,Move,gaming
1571577859.7510002,1095,797,None,Move,gaming
1571577859.76,1096,797,None,Move,gaming
1571577859.7729998,1098,796,None,Move,gaming
1571577859.78,1099,795,None,Move,gaming
1571577859.793,1103,792,None,Move,gaming
1571577859.803,1106,791,None,Move,gaming
1571577859.815,1108,789,None,Move,gaming
1571577859.823,1109,788,None,Move,gaming
1571577859.836,1111,787,None,Move,gaming
1571577859.844,1113,786,None,Move,gaming
1571577859.8579998,1114,785,None,Move,gaming
1571577859.87,1115,784,None,Move,gaming
1571577859.883,1117,783,None,Move,gaming
1571577859.8920002,1118,782,None,Move,gaming
1571577859.906,1125,778,None,Move,gaming
1571577859.9120002,1126,777,None,Move,gaming
1571577859.926,1128,776,None,Move,gaming
1571577859.935,1131,774,None,Move,gaming
1571577859.948,1134,772,None,Move,gaming
1571577859.956,1136,771,None,Move,gaming
1571577859.967,1136,770,None,Move,gaming
1571577860.04,1137,770,Left,Pressed,gaming
1571577860.04,1137,770,None,Drag,gaming
1571577860.055,1138,770,None,Drag,gaming
1571577860.063,1140,770,None,Drag,gaming
1571577860.077,1140,773,None,Drag,gaming
1571577860.085,1143,778,None,Drag,gaming
1571577860.099,1144,789,None,Drag,gaming
1571577860.106,1148,798,None,Drag,gaming
1571577860.1179998,1149,804,None,Drag,gaming
1571577860.125,1150,815,None,Drag,gaming
1571577860.137,1153,839,None,Drag,gaming
1571577860.144,1158,853,None,Drag,gaming
1571577860.155,1159,868,None,Drag,gaming
1571577860.1620002,1161,885,None,Drag,gaming
1571577860.173,1164,903,None,Drag,gaming
1571577860.181,1166,923,None,Drag,gaming
1571577860.1920002,1177,969,None,Drag,gaming
1571577860.198,1182,988,None,Drag,gaming
1571577860.211,1187,1002,None,Drag,gaming
1571577860.219,1190,1010,None,Drag,gaming
1571577860.23,1192,1017,None,Drag,gaming
1571577860.236,1193,1019,None,Drag,gaming
1571577860.248,1193,1021,None,Drag,gaming
1571577860.248,1193,1021,Left,Released,gaming
1571577860.288,1193,1022,None,Move,gaming
1571577860.543,1192,1022,None,Move,gaming
1571577860.551,1190,1021,None,Move,gaming
1571577860.563,1188,1020,None,Move,gaming
1571577860.57,1185,1018,None,Move,gaming
1571577860.581,1181,1016,None,Move,gaming
1571577860.5879998,1175,1013,None,Move,gaming
1571577860.6,1165,1008,None,Move,gaming
1571577860.607,1156,1004,None,Move,gaming
1571577860.62,1149,1002,None,Move,gaming
1571577860.63,1141,999,None,Move,gaming
1571577860.6379998,1133,997,None,Move,gaming
1571577860.651,1119,996,None,Move,gaming
1571577860.659,1112,994,None,Move,gaming
1571577860.671,1103,993,None,Move,gaming
1571577860.678,1097,992,None,Move,gaming
1571577860.689,1086,991,None,Move,gaming
1571577860.695,1082,989,None,Move,gaming
1571577860.707,1080,989,None,Move,gaming
1571577860.714,1078,988,None,Move,gaming
1571577860.724,1078,988,None,Move,gaming
1571577860.732,1076,988,None,Move,gaming
1571577860.742,1075,988,None,Move,gaming
1571577860.7589998,1075,988,None,Move,gaming
1571577860.7670002,1074,988,None,Move,gaming
1571577860.778,1073,988,None,Move,gaming
1571577860.786,1072,988,None,Move,gaming
1571577860.796,1071,988,None,Move,gaming
1571577860.804,1069,988,None,Move,gaming
1571577860.815,1067,988,None,Move,gaming
1571577860.823,1065,988,None,Move,gaming
1571577860.834,1065,988,None,Move,gaming
1571577860.841,1063,988,None,Move,gaming
1571577860.853,1062,988,None,Move,gaming
1571577860.86,1061,988,None,Move,gaming
1571577860.8720002,1056,988,None,Move,gaming
1571577860.8860002,1054,988,None,Move,gaming
1571577860.8920002,1051,988,None,Move,gaming
1571577860.904,1042,988,None,Move,gaming
1571577860.911,1037,988,None,Move,gaming
1571577860.9220002,1033,988,None,Move,gaming
1571577860.93,1030,988,None,Move,gaming
1571577860.941,1027,988,None,Move,gaming
1571577860.948,1024,988,None,Move,gaming
1571577860.96,1023,988,None,Move,gaming
1571577860.982,1022,988,None,Move,gaming
1571577860.998,1019,988,None,Move,gaming
1571577861.01,1015,988,None,Move,gaming
1571577861.019,1013,988,None,Move,gaming
1571577861.03,1011,988,None,Move,gaming
1571577861.036,1008,988,None,Move,gaming
1571577861.0470002,998,988,None,Move,gaming
1571577861.054,992,988,None,Move,gaming
1571577861.066,987,988,None,Move,gaming
1571577861.073,981,988,None,Move,gaming
1571577861.084,977,988,None,Move,gaming
1571577861.091,974,988,None,Move,gaming
1571577861.1020002,971,988,None,Move,gaming
1571577861.109,969,988,None,Move,gaming
1571577861.1220002,965,988,None,Move,gaming
1571577861.129,964,988,None,Move,gaming
1571577861.141,961,988,None,Move,gaming
1571577861.1479998,957,988,None,Move,gaming
1571577861.159,944,988,None,Move,gaming
1571577861.167,935,988,None,Move,gaming
1571577861.179,924,989,None,Move,gaming
1571577861.189,914,990,None,Move,gaming
1571577861.199,900,991,None,Move,gaming
1571577861.211,876,996,None,Move,gaming
1571577861.218,864,997,None,Move,gaming
1571577861.228,853,997,None,Move,gaming
1571577861.235,844,999,None,Move,gaming
1571577861.2470002,836,999,None,Move,gaming
1571577861.2529998,830,1000,None,Move,gaming
1571577861.266,822,1001,None,Move,gaming
1571577861.28,818,1001,None,Move,gaming
1571577861.2870002,817,1001,None,Move,gaming
1571577861.299,815,1001,None,Move,gaming
1571577861.306,814,1001,None,Move,gaming
1571577861.3179998,814,1001,None,Move,gaming
1571577861.325,812,1001,None,Move,gaming
1571577861.337,809,1001,None,Move,gaming
1571577861.343,806,1001,None,Move,gaming
1571577861.355,800,1000,None,Move,gaming
1571577861.3620002,794,1000,None,Move,gaming
1571577861.373,784,1000,None,Move,gaming
1571577861.3820002,774,1000,None,Move,gaming
1571577861.393,759,1000,None,Move,gaming
1571577861.405,756,998,None,Move,gaming
1571577861.43,756,998,None,Move,gaming
1571577861.623,754,998,None,Move,gaming
1571577861.6360002,740,998,None,Move,gaming
1571577861.645,732,998,None,Move,gaming
1571577861.654,726,998,None,Move,gaming
1571577861.664,707,995,None,Move,gaming
1571577861.674,701,995,None,Move,gaming
1571577861.686,695,994,None,Move,gaming
1571577861.694,692,993,None,Move,gaming
1571577861.707,679,991,None,Move,gaming
1571577861.715,671,990,None,Move,gaming
1571577861.7270002,661,989,None,Move,gaming
1571577861.7329998,650,989,None,Move,gaming
1571577861.746,626,989,None,Move,gaming
1571577861.7529998,614,989,None,Move,gaming
1571577861.765,606,988,None,Move,gaming
1571577861.772,596,986,None,Move,gaming
1571577861.785,584,984,None,Move,gaming
1571577861.792,579,984,None,Move,gaming
1571577861.805,576,983,None,Move,gaming
1571577861.812,575,982,None,Move,gaming
1571577861.824,572,982,None,Move,gaming
1571577861.863,572,982,Left,Pressed,gaming
1571577861.944,572,982,Left,Released,gaming
1571577861.956,572,981,None,Move,gaming
1571577861.965,570,980,None,Move,gaming
1571577861.975,568,977,None,Move,gaming
1571577861.9870002,568,976,None,Move,gaming
1571577861.9970002,568,974,None,Move,gaming
1571577862.0110002,567,968,None,Move,gaming
1571577862.018,565,966,None,Move,gaming
1571577862.029,565,962,None,Move,gaming
1571577862.0370002,565,958,None,Move,gaming
1571577862.049,565,946,None,Move,gaming
1571577862.059,565,942,None,Move,gaming
1571577862.072,562,930,None,Move,gaming
1571577862.079,560,926,None,Move,gaming
1571577862.091,557,921,None,Move,gaming
1571577862.0979998,553,917,None,Move,gaming
1571577862.111,547,913,None,Move,gaming
1571577862.119,544,911,None,Move,gaming
1571577862.1320002,531,904,None,Move,gaming
1571577862.1420002,529,902,None,Move,gaming
1571577862.1520002,517,897,None,Move,gaming
1571577862.164,507,893,None,Move,gaming
1571577862.174,496,891,None,Move,gaming
1571577862.187,473,889,None,Move,gaming
1571577862.1929998,462,889,None,Move,gaming
1571577862.207,440,889,None,Move,gaming
1571577862.216,431,889,None,Move,gaming
1571577862.226,423,889,None,Move,gaming
1571577862.238,417,889,None,Move,gaming
1571577862.25,407,889,None,Move,gaming
1571577862.262,402,889,None,Move,gaming
1571577862.269,397,891,None,Move,gaming
1571577862.282,390,894,None,Move,gaming
1571577862.289,387,895,None,Move,gaming
1571577862.301,383,897,None,Move,gaming
1571577862.309,381,900,None,Move,gaming
1571577862.322,376,904,None,Move,gaming
1571577862.329,375,906,None,Move,gaming
1571577862.341,374,909,None,Move,gaming
1571577862.3479998,373,912,None,Move,gaming
1571577862.359,373,915,None,Move,gaming
1571577862.3660002,373,917,None,Move,gaming
1571577862.377,373,921,None,Move,gaming
1571577862.385,373,923,None,Move,gaming
1571577862.397,373,924,None,Move,gaming
1571577862.408,374,929,None,Move,gaming
1571577862.418,375,930,None,Move,gaming
1571577862.43,375,933,None,Move,gaming
1571577862.437,375,933,None,Move,gaming
1571577862.448,378,938,None,Move,gaming
1571577862.4629998,378,939,None,Move,gaming
1571577862.472,379,940,None,Move,gaming
1571577862.484,379,941,None,Move,gaming
1571577862.4910002,379,941,None,Move,gaming
1571577862.502,381,944,None,Move,gaming
1571577862.5110002,382,946,None,Move,gaming
1571577862.524,382,947,None,Move,gaming
1571577862.534,383,948,None,Move,gaming
1571577862.543,383,949,None,Move,gaming
1571577862.556,383,951,None,Move,gaming
1571577862.562,383,949,Left,Pressed,gaming
1571577862.647,383,951,Left,Released,gaming
1571577862.658,384,951,None,Move,gaming
1571577862.695,385,951,None,Move,gaming
1571577862.711,385,951,None,Move,gaming
1571577862.7270002,387,952,None,Move,gaming
1571577862.775,388,952,None,Move,gaming
1571577862.791,388,952,None,Move,gaming
1571577862.802,389,953,None,Move,gaming
1571577862.815,389,953,None,Move,gaming
1571577862.846,390,953,None,Move,gaming
1571577862.863,390,954,None,Move,gaming
1571577862.88,392,954,None,Move,gaming
1571577862.895,394,954,None,Move,gaming
1571577862.911,394,954,None,Move,gaming
1571577862.9220002,396,954,None,Move,gaming
1571577862.93,396,954,None,Move,gaming
1571577862.9420002,397,954,None,Move,gaming
1571577862.95,399,954,None,Move,gaming
1571577862.961,400,955,None,Move,gaming
1571577862.971,403,955,None,Move,gaming
1571577862.98,404,955,None,Move,gaming
1571577862.9910002,407,957,None,Move,gaming
1571577862.998,411,957,None,Move,gaming
1571577863.0110002,427,958,None,Move,gaming
1571577863.018,439,958,None,Move,gaming
1571577863.031,453,958,None,Move,gaming
1571577863.039,480,958,None,Move,gaming
1571577863.051,493,958,None,Move,gaming
1571577863.061,507,958,None,Move,gaming
1571577863.071,517,959,None,Move,gaming
1571577863.079,536,960,None,Move,gaming
1571577863.087,544,960,None,Move,gaming
1571577863.097,549,962,None,Move,gaming
1571577863.105,553,962,None,Move,gaming
1571577863.117,557,962,None,Move,gaming
1571577863.1279998,561,962,None,Move,gaming
1571577863.137,562,963,None,Move,gaming
1571577863.15,563,964,None,Move,gaming
1571577863.156,565,964,None,Move,gaming
1571577863.168,568,965,None,Move,gaming
1571577863.175,571,966,None,Move,gaming
1571577863.187,572,966,None,Move,gaming
1571577863.194,576,967,None,Move,gaming
1571577863.205,579,967,None,Move,gaming
1571577863.212,582,967,None,Move,gaming
1571577863.2229998,591,969,None,Move,gaming
1571577863.231,597,969,None,Move,gaming
1571577863.242,604,969,None,Move,gaming
1571577863.2489998,606,969,None,Move,gaming
1571577863.2610002,609,969,None,Move,gaming
1571577863.271,610,969,None,Move,gaming
1571577863.281,610,969,None,Move,gaming
1571577863.462,613,969,None,Move,gaming
1571577863.474,622,969,None,Move,gaming
1571577863.482,629,969,None,Move,gaming
1571577863.496,646,969,None,Move,gaming
1571577863.506,655,969,None,Move,gaming
1571577863.522,685,969,None,Move,gaming
1571577863.536,703,969,None,Move,gaming
1571577863.55,739,969,None,Move,gaming
1571577863.5579998,754,969,None,Move,gaming
1571577863.574,786,969,None,Move,gaming
1571577863.583,819,969,None,Move,gaming
1571577863.595,836,969,None,Move,gaming
1571577863.604,861,968,None,Move,gaming
1571577863.6160002,919,966,None,Move,gaming
1571577863.625,946,966,None,Move,gaming
1571577863.6379998,971,966,None,Move,gaming
1571577863.647,1022,966,None,Move,gaming
1571577863.66,1044,966,None,Move,gaming
1571577863.668,1066,966,None,Move,gaming
1571577863.681,1096,966,None,Move,gaming
1571577863.69,1110,966,None,Move,gaming
1571577863.702,1123,966,None,Move,gaming
1571577863.711,1147,966,None,Move,gaming
1571577863.726,1158,968,None,Move,gaming
1571577863.735,1181,971,None,Move,gaming
1571577863.7470002,1192,971,None,Move,gaming
1571577863.754,1204,974,None,Move,gaming
1571577863.7670002,1221,976,None,Move,gaming
1571577863.776,1229,977,None,Move,gaming
1571577863.79,1238,979,None,Move,gaming
1571577863.799,1247,980,None,Move,gaming
1571577863.813,1269,982,None,Move,gaming
1571577863.822,1278,984,None,Move,gaming
1571577863.836,1293,984,None,Move,gaming
1571577863.847,1300,984,None,Move,gaming
1571577863.86,1306,984,None,Move,gaming
1571577863.87,1308,984,None,Move,gaming
1571577863.881,1310,984,None,Move,gaming
1571577863.889,1313,984,None,Move,gaming
1571577863.903,1320,984,None,Move,gaming
1571577863.911,1326,984,None,Move,gaming
1571577863.924,1334,984,None,Move,gaming
1571577863.936,1353,984,None,Move,gaming
1571577863.947,1364,984,None,Move,gaming
1571577863.958,1373,984,None,Move,gaming
1571577863.97,1388,984,None,Move,gaming
1571577863.9829998,1396,984,None,Move,gaming
1571577863.992,1397,984,None,Move,gaming
1571577864.087,1397,984,None,Move,gaming
1571577864.099,1394,984,None,Move,gaming
1571577864.11,1391,984,None,Move,gaming
1571577864.12,1384,984,None,Move,gaming
1571577864.131,1381,984,None,Move,gaming
1571577864.141,1378,984,None,Move,gaming
1571577864.151,1369,984,None,Move,gaming
1571577864.161,1364,984,None,Move,gaming
1571577864.1720002,1355,984,None,Move,gaming
1571577864.181,1345,984,None,Move,gaming
1571577864.1929998,1320,984,None,Move,gaming
1571577864.199,1302,984,None,Move,gaming
1571577864.207,1283,984,None,Move,gaming
1571577864.216,1261,984,None,Move,gaming
1571577864.229,1244,984,None,Move,gaming
1571577864.235,1230,985,None,Move,gaming
1571577864.246,1219,986,None,Move,gaming
1571577864.2529998,1208,987,None,Move,gaming
1571577864.265,1199,987,None,Move,gaming
1571577864.272,1196,987,None,Move,gaming
1571577864.284,1195,987,None,Move,gaming
1571577864.291,1195,987,None,Move,gaming
1571577864.302,1193,987,None,Move,gaming
1571577864.309,1193,987,None,Move,gaming
1571577864.321,1188,987,None,Move,gaming
1571577864.327,1183,987,None,Move,gaming
1571577864.3379998,1179,989,None,Move,gaming
1571577864.346,1171,990,None,Move,gaming
1571577864.357,1164,991,None,Move,gaming
1571577864.365,1154,992,None,Move,gaming
1571577864.3760002,1138,995,None,Move,gaming
1571577864.3860002,1133,995,None,Move,gaming
1571577864.396,1127,995,None,Move,gaming
1571577864.407,1125,995,None,Move,gaming
1571577864.415,1123,995,None,Move,gaming
1571577864.426,1122,995,None,Move,gaming
1571577864.607,1121,996,None,Move,gaming
1571577864.615,1120,996,None,Move,gaming
1571577864.6260002,1117,997,None,Move,gaming
1571577864.6360002,1109,997,None,Move,gaming
1571577864.645,1101,999,None,Move,gaming
1571577864.654,1089,999,None,Move,gaming
1571577864.664,1061,999,None,Move,gaming
1571577864.675,1045,999,None,Move,gaming
1571577864.6820002,1030,1000,None,Move,gaming
1571577864.694,1017,1001,None,Move,gaming
1571577864.7,1006,1001,None,Move,gaming
1571577864.712,990,1001,None,Move,gaming
1571577864.719,986,1001,None,Move,gaming
1571577864.731,982,1001,None,Move,gaming
1571577864.738,979,1001,None,Move,gaming
1571577864.7489998,978,1001,None,Move,gaming
1571577864.756,976,1001,None,Move,gaming
1571577864.766,975,1001,None,Move,gaming
1571577864.774,975,1001,None,Move,gaming
1571577864.785,972,1001,None,Move,gaming
1571577864.791,970,1001,None,Move,gaming
1571577864.803,969,1001,None,Move,gaming
1571577864.81,965,1001,None,Move,gaming
1571577864.821,961,1001,None,Move,gaming
1571577864.8279998,957,1001,None,Move,gaming
1571577864.84,944,1001,None,Move,gaming
1571577864.847,938,1001,None,Move,gaming
1571577864.859,930,1001,None,Move,gaming
1571577864.867,924,1001,None,Move,gaming
1571577864.879,919,1001,None,Move,gaming
1571577864.887,918,1001,None,Move,gaming
1571577864.9020002,917,1001,None,Move,gaming
1571577865.167,915,1001,None,Move,gaming
1571577865.179,913,1001,None,Move,gaming
1571577865.191,910,1001,None,Move,gaming
1571577865.199,906,1001,None,Move,gaming
1571577865.21,903,1001,None,Move,gaming
1571577865.218,900,1001,None,Move,gaming
1571577865.23,893,1001,None,Move,gaming
1571577865.2370002,883,1000,None,Move,gaming
1571577865.248,859,999,None,Move,gaming
1571577865.255,843,998,None,Move,gaming
1571577865.268,823,996,None,Move,gaming
1571577865.2729998,804,996,None,Move,gaming
1571577865.286,784,996,None,Move,gaming
1571577865.293,765,996,None,Move,gaming
1571577865.304,734,992,None,Move,gaming
1571577865.311,719,992,None,Move,gaming
1571577865.322,706,991,None,Move,gaming
1571577865.332,694,991,None,Move,gaming
1571577865.342,684,991,None,Move,gaming
1571577865.349,673,990,None,Move,gaming
1571577865.36,658,988,None,Move,gaming
1571577865.3720002,654,988,None,Move,gaming
1571577865.38,651,988,None,Move,gaming
1571577865.391,648,988,None,Move,gaming
1571577865.3979998,646,988,None,Move,gaming
1571577865.423,645,988,None,Move,gaming
1571577865.479,645,987,None,Move,gaming
1571577865.495,644,986,None,Move,gaming
1571577865.5029998,644,986,None,Move,gaming
1571577865.514,643,985,None,Move,gaming
1571577865.522,643,981,None,Move,gaming
1571577865.534,641,978,None,Move,gaming
1571577865.541,640,974,None,Move,gaming
1571577865.552,640,966,None,Move,gaming
1571577865.561,640,960,None,Move,gaming
1571577865.572,640,954,None,Move,gaming
1571577865.583,640,949,None,Move,gaming
1571577865.591,640,945,None,Move,gaming
1571577865.603,643,932,None,Move,gaming
1571577865.61,645,926,None,Move,gaming
1571577865.6220002,647,923,None,Move,gaming
1571577865.6279998,647,920,None,Move,gaming
1571577865.639,650,915,None,Move,gaming
1571577865.646,650,914,None,Move,gaming
1571577865.658,652,912,None,Move,gaming
1571577865.665,652,911,None,Move,gaming
1571577865.676,652,911,None,Move,gaming
1571577865.6829998,653,909,None,Move,gaming
1571577865.8070002,652,913,None,Move,gaming
1571577865.8170002,648,917,None,Move,gaming
1571577865.826,644,923,None,Move,gaming
1571577865.839,641,928,None,Move,gaming
1571577865.845,635,936,None,Move,gaming
1571577865.857,624,949,None,Move,gaming
1571577865.8639998,619,955,None,Move,gaming
1571577865.875,613,963,None,Move,gaming
1571577865.881,611,968,None,Move,gaming
1571577865.893,607,974,None,Move,gaming
1571577865.899,605,981,None,Move,gaming
1571577865.911,601,992,None,Move,gaming
1571577865.919,600,996,None,Move,gaming
1571577865.931,600,1002,None,Move,gaming
1571577865.9420002,598,1007,None,Move,gaming
1571577865.95,598,1010,None,Move,gaming
1571577865.96,598,1016,None,Move,gaming
1571577865.968,598,1018,None,Move,gaming
1571577865.98,598,1021,None,Move,gaming
1571577865.9870002,598,1022,None,Move,gaming
1571577865.9989998,598,1023,None,Move,gaming
1571577866.0070002,598,1024,None,Move,gaming
1571577866.021,598,1024,Left,Pressed,gaming
1571577866.135,598,1024,Left,Released,gaming
1571577866.143,598,1022,None,Move,gaming
1571577866.155,598,1019,None,Move,gaming
1571577866.164,603,1012,None,Move,gaming
1571577866.175,607,1006,None,Move,gaming
1571577866.187,619,990,None,Move,gaming
1571577866.194,625,982,None,Move,gaming
1571577866.206,633,972,None,Move,gaming
1571577866.214,642,962,None,Move,gaming
1571577866.225,662,938,None,Move,gaming
1571577866.232,671,928,None,Move,gaming
1571577866.245,682,916,None,Move,gaming
1571577866.2510002,688,908,None,Move,gaming
1571577866.262,697,898,None,Move,gaming
1571577866.271,711,884,None,Move,gaming
1571577866.284,715,879,None,Move,gaming
1571577866.291,719,874,None,Move,gaming
1571577866.303,719,874,None,Move,gaming
1571577866.312,720,873,None,Move,gaming
1571577866.324,721,872,None,Move,gaming
1571577866.375,721,871,None,Move,gaming
1571577866.391,722,871,None,Move,gaming
1571577866.404,723,871,None,Move,gaming
1571577866.411,723,872,None,Move,gaming
1571577866.424,723,876,None,Move,gaming
1571577866.431,723,879,None,Move,gaming
1571577866.444,723,882,None,Move,gaming
1571577866.451,723,887,None,Move,gaming
1571577866.4629998,723,890,None,Move,gaming
1571577866.7589998,723,890,None,Move,gaming
1571577866.831,722,890,None,Move,gaming
1571577866.847,722,890,None,Move,gaming
1571577866.863,721,890,None,Move,gaming
1571577866.9020002,721,890,None,Move,gaming
1571577866.911,720,889,None,Move,gaming
1571577866.926,718,886,None,Move,gaming
1571577866.939,718,885,None,Move,gaming
1571577866.952,718,883,None,Move,gaming
1571577866.966,718,883,None,Move,gaming
1571577866.978,718,881,None,Move,gaming
1571577866.985,718,880,None,Move,gaming
1571577866.9970002,720,878,None,Move,gaming
1571577867.004,721,875,None,Move,gaming
1571577867.018,725,871,None,Move,gaming
1571577867.024,730,866,None,Move,gaming
1571577867.036,732,864,None,Move,gaming
1571577867.045,737,860,None,Move,gaming
1571577867.0570002,744,854,None,Move,gaming
1571577867.063,745,853,None,Move,gaming
1571577867.076,745,852,None,Move,gaming
1571577867.086,748,850,None,Move,gaming
1571577867.096,748,850,None,Move,gaming
1571577867.106,748,849,None,Move,gaming
1571577867.119,747,847,None,Move,gaming
1571577867.135,745,847,None,Move,gaming
1571577867.144,744,847,None,Move,gaming
1571577867.155,743,847,None,Move,gaming
1571577867.161,742,847,None,Move,gaming
1571577867.173,741,847,None,Move,gaming
1571577867.1829998,739,847,None,Move,gaming
1571577867.1929998,733,847,None,Move,gaming
1571577867.205,729,847,None,Move,gaming
1571577867.2129998,725,847,None,Move,gaming
1571577867.226,714,848,None,Move,gaming
1571577867.234,706,849,None,Move,gaming
1571577867.245,698,850,None,Move,gaming
1571577867.252,691,850,None,Move,gaming
1571577867.264,672,853,None,Move,gaming
1571577867.271,664,854,None,Move,gaming
1571577867.282,654,855,None,Move,gaming
1571577867.289,644,857,None,Move,gaming
1571577867.301,634,859,None,Move,gaming
1571577867.309,627,860,None,Move,gaming
1571577867.321,610,860,None,Move,gaming
1571577867.3279998,606,860,None,Move,gaming
1571577867.34,602,860,None,Move,gaming
1571577867.347,599,860,None,Move,gaming
1571577867.3579998,596,860,None,Move,gaming
1571577867.365,595,860,None,Move,gaming
1571577867.377,594,860,None,Move,gaming
1571577867.3860002,593,859,None,Move,gaming
1571577867.397,592,859,None,Move,gaming
1571577867.407,589,856,None,Move,gaming
1571577867.416,588,854,None,Move,gaming
1571577867.4320002,585,851,None,Move,gaming
1571577867.439,583,849,None,Move,gaming
1571577867.454,580,847,None,Move,gaming
1571577867.461,578,845,None,Move,gaming
1571577867.4729998,574,841,None,Move,gaming
1571577867.48,572,837,None,Move,gaming
1571577867.495,570,833,None,Move,gaming
1571577867.506,566,828,None,Move,gaming
1571577867.521,564,824,None,Move,gaming
1571577867.534,563,823,None,Move,gaming
1571577867.5470002,562,820,None,Move,gaming
1571577867.559,562,816,None,Move,gaming
1571577867.573,562,815,None,Move,gaming
1571577867.582,562,814,None,Move,gaming
1571577867.596,562,810,None,Move,gaming
1571577867.605,562,809,None,Move,gaming
1571577867.619,562,807,None,Move,gaming
1571577867.627,562,805,None,Move,gaming
1571577867.641,562,803,None,Move,gaming
1571577867.65,562,802,None,Move,gaming
1571577867.6620002,562,802,None,Move,gaming
1571577867.671,562,801,None,Move,gaming
1571577867.688,562,799,None,Move,gaming
1571577867.697,562,799,None,Move,gaming
1571577867.71,562,798,None,Move,gaming
1571577867.718,562,796,None,Move,gaming
1571577867.732,562,794,None,Move,gaming
1571577867.74,562,793,None,Move,gaming
1571577867.755,562,792,None,Move,gaming
1571577867.764,562,792,None,Move,gaming
1571577867.903,565,795,Left,Pressed,gaming
1571577867.903,565,795,None,Drag,gaming
1571577867.915,571,803,None,Drag,gaming
1571577867.928,584,821,None,Drag,gaming
1571577867.936,591,831,None,Drag,gaming
1571577867.95,597,842,None,Drag,gaming
1571577867.959,607,859,None,Drag,gaming
1571577867.9729998,609,869,None,Drag,gaming
1571577867.982,615,880,None,Drag,gaming
1571577867.995,621,902,None,Drag,gaming
1571577868.006,624,911,None,Drag,gaming
1571577868.02,630,933,None,Drag,gaming
1571577868.029,633,943,None,Drag,gaming
1571577868.043,638,961,None,Drag,gaming
1571577868.05,644,972,None,Drag,gaming
1571577868.063,647,979,None,Drag,gaming
1571577868.069,652,987,None,Drag,gaming
1571577868.082,659,997,None,Drag,gaming
1571577868.091,660,998,None,Drag,gaming
1571577868.104,664,1000,None,Drag,gaming
1571577868.104,664,1000,Left,Released,gaming
1571577868.125,665,1000,None,Move,gaming
1571577868.133,666,1000,None,Move,gaming
1571577868.145,668,1000,None,Move,gaming
1571577868.151,669,1000,None,Move,gaming
1571577868.164,671,997,None,Move,gaming
1571577868.173,678,995,None,Move,gaming
1571577868.186,699,986,None,Move,gaming
1571577868.1920002,721,980,None,Move,gaming
1571577868.204,746,970,None,Move,gaming
1571577868.212,774,959,None,Move,gaming
1571577868.224,844,928,None,Move,gaming
1571577868.232,870,917,None,Move,gaming
1571577868.244,892,903,None,Move,gaming
1571577868.2510002,908,894,None,Move,gaming
1571577868.262,926,882,None,Move,gaming
1571577868.27,938,874,None,Move,gaming
1571577868.282,955,860,None,Move,gaming
1571577868.29,962,854,None,Move,gaming
1571577868.302,968,846,None,Move,gaming
1571577868.3079998,974,840,None,Move,gaming
1571577868.32,991,827,None,Move,gaming
1571577868.327,1002,821,None,Move,gaming
1571577868.34,1014,814,None,Move,gaming
1571577868.346,1025,807,None,Move,gaming
1571577868.3579998,1036,804,None,Move,gaming
1571577868.365,1047,796,None,Move,gaming
1571577868.3779998,1067,784,None,Move,gaming
1571577868.385,1074,781,None,Move,gaming
1571577868.397,1080,777,None,Move,gaming
1571577868.406,1083,774,None,Move,gaming
1571577868.42,1087,771,None,Move,gaming
1571577868.428,1087,770,None,Move,gaming
1571577868.44,1087,768,None,Move,gaming
1571577868.449,1087,768,None,Move,gaming
1571577868.457,1087,766,None,Move,gaming
1571577868.47,1087,765,None,Move,gaming
1571577868.472,1087,765,None,Move,gaming
1571577868.479,1087,763,None,Move,gaming
1571577868.4929998,1087,762,None,Move,gaming
1571577868.5010002,1087,761,None,Move,gaming
1571577868.5129998,1087,759,None,Move,gaming
1571577868.5270002,1087,758,None,Move,gaming
1571577868.5370002,1087,758,None,Move,gaming
1571577868.591,1086,758,None,Move,gaming
1571577868.601,1086,758,None,Move,gaming
1571577868.611,1084,758,None,Move,gaming
1571577868.619,1081,758,None,Move,gaming
1571577868.63,1077,759,None,Move,gaming
1571577868.64,1074,759,None,Move,gaming
1571577868.65,1063,761,None,Move,gaming
1571577868.658,1059,763,None,Move,gaming
1571577868.67,1052,763,None,Move,gaming
1571577868.677,1048,764,None,Move,gaming
1571577868.69,1041,765,None,Move,gaming
1571577868.699,1039,765,None,Move,gaming
1571577868.711,1037,765,None,Move,gaming
1571577868.718,1037,765,None,Move,gaming
1571577868.73,1036,765,None,Move,gaming
1571577868.784,1034,766,None,Move,gaming
1571577868.792,1033,767,None,Move,gaming
1571577868.812,1032,768,Left,Pressed,gaming
1571577868.812,1032,768,None,Drag,gaming
1571577868.827,1026,774,None,Drag,gaming
1571577868.833,1024,777,None,Drag,gaming
1571577868.846,1022,780,None,Drag,gaming
1571577868.8520002,1020,785,None,Drag,gaming
1571577868.8639998,1017,796,None,Drag,gaming
1571577868.873,1016,802,None,Drag,gaming
1571577868.8860002,1015,809,None,Drag,gaming
1571577868.893,1014,817,None,Drag,gaming
1571577868.906,1014,833,None,Drag,gaming
1571577868.914,1012,843,None,Drag,gaming
1571577868.925,1010,851,None,Drag,gaming
1571577868.9329998,1007,859,None,Drag,gaming
1571577868.946,1000,876,None,Drag,gaming
1571577868.9529998,994,886,None,Drag,gaming
1571577868.964,988,896,None,Drag,gaming
1571577868.972,982,903,None,Drag,gaming
1571577868.984,968,923,None,Drag,gaming
1571577868.9929998,960,933,None,Drag,gaming
1571577869.0070002,952,943,None,Drag,gaming
1571577869.015,940,959,None,Drag,gaming
1571577869.028,935,963,None,Drag,gaming
1571577869.035,929,967,None,Drag,gaming
1571577869.046,923,972,None,Drag,gaming
1571577869.054,920,974,None,Drag,gaming
1571577869.066,917,975,None,Drag,gaming
1571577869.074,917,975,None,Drag,gaming
1571577869.086,915,976,None,Drag,gaming
1571577869.086,915,976,Left,Released,gaming
1571577869.105,914,976,None,Move,gaming
1571577869.113,909,976,None,Move,gaming
1571577869.127,904,976,None,Move,gaming
1571577869.135,886,978,None,Move,gaming
1571577869.1479998,874,979,None,Move,gaming
1571577869.156,866,981,None,Move,gaming
1571577869.166,858,981,None,Move,gaming
1571577869.177,843,981,None,Move,gaming
1571577869.189,835,981,None,Move,gaming
1571577869.196,829,981,None,Move,gaming
1571577869.208,813,981,None,Move,gaming
1571577869.216,804,981,None,Move,gaming
1571577869.2270002,795,981,None,Move,gaming
1571577869.234,784,981,None,Move,gaming
1571577869.245,774,981,None,Move,gaming
1571577869.254,763,981,None,Move,gaming
1571577869.264,748,981,None,Move,gaming
1571577869.2729998,744,981,None,Move,gaming
1571577869.284,739,981,None,Move,gaming
1571577869.294,736,981,None,Move,gaming
1571577869.305,725,981,None,Move,gaming
1571577869.3170002,717,981,None,Move,gaming
1571577869.326,710,981,None,Move,gaming
1571577869.336,693,981,None,Move,gaming
1571577869.347,685,981,None,Move,gaming
1571577869.357,677,981,None,Move,gaming
1571577869.367,670,981,None,Move,gaming
1571577869.377,657,981,None,Move,gaming
1571577869.39,651,981,None,Move,gaming
1571577869.397,645,981,None,Move,gaming
1571577869.409,639,981,None,Move,gaming
1571577869.417,637,981,None,Move,gaming
1571577869.471,637,982,None,Move,gaming
1571577869.481,636,982,None,Move,gaming
1571577869.4910002,634,982,None,Move,gaming
1571577869.502,633,983,None,Move,gaming
1571577869.512,630,985,None,Move,gaming
1571577869.524,629,986,None,Move,gaming
1571577869.535,628,986,None,Move,gaming
1571577869.5470002,628,987,None,Move,gaming
1571577869.554,628,988,None,Move,gaming
1571577869.566,626,989,None,Move,gaming
1571577869.572,625,990,None,Move,gaming
1571577869.587,621,995,None,Move,gaming
1571577869.599,621,995,None,Move,gaming
1571577869.607,617,999,None,Move,gaming
1571577869.62,616,1000,None,Move,gaming
1571577869.6320002,615,1001,None,Move,gaming
1571577869.6720002,615,1001,Left,Pressed,gaming
1571577869.7589998,615,1001,Left,Released,gaming
1571577869.7670002,615,1001,None,Move,gaming
1571577869.779,614,1001,None,Move,gaming
1571577869.786,613,1000,None,Move,gaming
1571577869.7970002,612,999,None,Move,gaming
1571577869.806,611,997,None,Move,gaming
1571577869.8179998,607,993,None,Move,gaming
1571577869.824,605,991,None,Move,gaming
1571577869.836,603,990,None,Move,gaming
1571577869.844,602,990,None,Move,gaming
1571577869.853,602,990,None,Move,gaming
1571577870.055,601,990,None,Move,gaming
1571577870.0670002,601,990,None,Move,gaming
1571577870.075,601,991,None,Move,gaming
1571577870.087,601,992,None,Move,gaming
1571577870.093,599,991,None,Move,gaming
1571577870.104,598,990,None,Move,gaming
1571577870.1120002,598,988,None,Move,gaming
1571577870.1239998,598,986,None,Move,gaming
1571577870.13,597,984,None,Move,gaming
1571577870.143,596,982,None,Move,gaming
1571577870.149,596,979,None,Move,gaming
1571577870.16,595,971,None,Move,gaming
1571577870.168,595,964,None,Move,gaming
1571577870.18,595,958,None,Move,gaming
1571577870.187,595,952,None,Move,gaming
1571577870.199,594,937,None,Move,gaming
1571577870.207,594,929,None,Move,gaming
1571577870.219,594,921,None,Move,gaming
1571577870.226,594,913,None,Move,gaming
1571577870.238,594,905,None,Move,gaming
1571577870.244,593,899,None,Move,gaming
1571577870.2570002,589,885,None,Move,gaming
1571577870.2629998,585,878,None,Move,gaming
1571577870.275,583,873,None,Move,gaming
1571577870.283,578,865,None,Move,gaming
1571577870.296,569,851,None,Move,gaming
1571577870.303,563,845,None,Move,gaming
1571577870.315,557,839,None,Move,gaming
1571577870.321,550,834,None,Move,gaming
1571577870.331,545,830,None,Move,gaming
1571577870.34,540,826,None,Move,gaming
1571577870.351,537,823,None,Move,gaming
1571577870.361,531,819,None,Move,gaming
1571577870.373,531,819,None,Move,gaming
1571577870.38,529,818,None,Move,gaming
1571577870.3920002,527,815,None,Move,gaming
1571577870.4,524,812,None,Move,gaming
1571577870.4120002,522,810,None,Move,gaming
1571577870.419,517,806,None,Move,gaming
1571577870.43,514,803,None,Move,gaming
1571577870.437,510,800,None,Move,gaming
1571577870.449,501,794,None,Move,gaming
1571577870.456,499,793,None,Move,gaming
1571577870.467,495,790,None,Move,gaming
1571577870.476,492,788,None,Move,gaming
1571577870.488,487,784,None,Move,gaming
1571577870.496,484,782,None,Move,gaming
1571577870.508,480,780,None,Move,gaming
1571577870.516,478,777,None,Move,gaming
1571577870.528,475,776,None,Move,gaming
1571577870.534,474,774,None,Move,gaming
1571577870.546,473,774,None,Move,gaming
1571577870.553,473,773,None,Move,gaming
1571577870.566,471,771,None,Move,gaming
1571577870.583,471,771,None,Move,gaming
1571577870.599,470,770,None,Move,gaming
1571577870.615,470,769,None,Move,gaming
1571577870.631,470,768,None,Move,gaming
1571577870.694,468,767,None,Move,gaming
1571577870.71,468,767,None,Move,gaming
1571577870.721,467,767,None,Move,gaming
1571577870.73,466,767,None,Move,gaming
1571577870.744,465,765,None,Move,gaming
1571577870.75,463,765,None,Move,gaming
1571577870.762,463,765,None,Move,gaming
1571577870.77,462,765,None,Move,gaming
1571577870.782,461,764,None,Move,gaming
1571577870.79,461,764,None,Move,gaming
1571577870.801,460,763,None,Move,gaming
1571577870.8070002,459,763,None,Move,gaming
1571577870.823,458,763,None,Move,gaming
1571577870.919,458,763,None,Move,gaming
1571577870.927,462,763,None,Move,gaming
1571577870.939,467,763,None,Move,gaming
1571577870.946,471,763,None,Move,gaming
1571577870.959,478,768,None,Move,gaming
1571577870.968,496,781,None,Move,gaming
1571577870.978,504,787,None,Move,gaming
1571577870.9889998,518,793,None,Move,gaming
1571577870.9970002,533,797,None,Move,gaming
1571577871.01,561,811,None,Move,gaming
1571577871.018,574,814,None,Move,gaming
1571577871.029,587,820,None,Move,gaming
1571577871.0370002,609,830,None,Move,gaming
1571577871.05,641,844,None,Move,gaming
1571577871.0570002,662,854,None,Move,gaming
1571577871.069,674,864,None,Move,gaming
1571577871.075,689,872,None,Move,gaming
1571577871.0879998,708,888,None,Move,gaming
1571577871.095,715,896,None,Move,gaming
1571577871.106,721,903,None,Move,gaming
1571577871.115,724,908,None,Move,gaming
1571577871.127,727,918,None,Move,gaming
1571577871.1360002,727,922,None,Move,gaming
1571577871.146,728,929,None,Move,gaming
1571577871.158,729,933,None,Move,gaming
1571577871.166,730,940,None,Move,gaming
1571577871.178,732,953,None,Move,gaming
1571577871.186,733,958,None,Move,gaming
1571577871.197,733,965,None,Move,gaming
1571577871.205,735,972,None,Move,gaming
1571577871.218,739,984,None,Move,gaming
1571577871.225,742,988,None,Move,gaming
1571577871.2370002,743,990,None,Move,gaming
1571577871.244,743,992,None,Move,gaming
1571577871.256,746,998,None,Move,gaming
1571577871.2629998,746,1000,None,Move,gaming
1571577871.275,747,1001,None,Move,gaming
1571577871.283,748,1003,None,Move,gaming
1571577871.295,749,1005,None,Move,gaming
1571577871.303,750,1006,None,Move,gaming
1571577871.334,750,1007,None,Move,gaming
1571577871.346,751,1007,None,Move,gaming
1571577871.36,751,1007,None,Move,gaming
1571577871.37,752,1007,None,Move,gaming
1571577871.3820002,753,1007,None,Move,gaming
1571577871.39,753,1008,None,Move,gaming
1571577871.438,754,1009,None,Move,gaming
1571577872.407,754,1009,Left,Pressed,gaming
1571577872.526,754,1009,Left,Released,gaming
1571577874.575,754,1009,None,Move,gaming
1571577874.654,753,1009,None,Move,gaming
1571577874.9020002,752,1009,None,Move,gaming
1571577874.95,752,1009,None,Move,gaming
1571577874.959,751,1009,None,Move,gaming
1571577875.0,750,1009,None,Move,gaming
1571577875.214,749,1009,None,Move,gaming
1571577875.2629998,749,1009,None,Move,gaming
1571577875.295,748,1009,None,Move,gaming
1571577875.335,747,1009,None,Move,gaming
1571577875.479,747,1009,None,Move,gaming
1571577875.535,746,1009,None,Move,gaming
1571577875.639,745,1009,None,Move,gaming
1571577878.207,745,1009,None,Move,gaming
1571577878.219,745,1008,None,Move,gaming
1571577878.551,744,1008,None,Move,gaming
1571577878.562,744,1008,None,Move,gaming
1571577878.569,742,1008,None,Move,gaming
1571577878.581,741,1008,None,Move,gaming
1571577878.5879998,740,1008,None,Move,gaming
1571577878.6,739,1008,None,Move,gaming
1571577878.607,738,1008,None,Move,gaming
1571577878.6220002,737,1008,None,Move,gaming
1571577878.687,736,1007,None,Move,gaming
1571577878.697,733,1005,None,Move,gaming
1571577878.706,726,999,None,Move,gaming
1571577878.716,714,988,None,Move,gaming
1571577878.722,691,970,None,Move,gaming
1571577878.732,661,945,None,Move,gaming
1571577878.7410002,630,924,None,Move,gaming
1571577878.748,592,897,None,Move,gaming
1571577878.7589998,533,847,None,Move,gaming
1571577878.7670002,511,831,None,Move,gaming
1571577878.778,499,820,None,Move,gaming
1571577878.784,491,813,None,Move,gaming
1571577878.796,487,810,None,Move,gaming
1571577878.903,486,809,None,Move,gaming
1571577878.915,484,809,None,Move,gaming
1571577878.921,481,809,None,Move,gaming
1571577878.9329998,479,809,None,Move,gaming
1571577878.94,477,809,None,Move,gaming
1571577878.95,477,809,None,Move,gaming
1571577878.96,469,805,None,Move,gaming
1571577878.967,468,804,None,Move,gaming
1571577878.978,467,804,None,Move,gaming
1571577878.986,464,802,None,Move,gaming
1571577878.998,460,801,None,Move,gaming
1571577879.004,457,800,None,Move,gaming
1571577879.0170002,448,795,None,Move,gaming
1571577879.0229998,443,794,None,Move,gaming
1571577879.031,438,792,None,Move,gaming
1571577879.043,429,787,None,Move,gaming
1571577879.049,419,783,None,Move,gaming
1571577879.061,412,781,None,Move,gaming
1571577879.069,403,777,None,Move,gaming
1571577879.0779998,395,773,None,Move,gaming
1571577879.087,373,765,None,Move,gaming
1571577879.095,362,762,None,Move,gaming
1571577879.107,352,758,None,Move,gaming
1571577879.1139998,342,756,None,Move,gaming
1571577879.1279998,333,752,None,Move,gaming
1571577879.135,330,750,None,Move,gaming
1571577879.146,329,749,None,Move,gaming
1571577879.155,328,748,None,Move,gaming
1571577879.161,327,748,None,Move,gaming
1571577879.1720002,326,746,None,Move,gaming
1571577879.181,324,745,None,Move,gaming
1571577879.188,324,744,None,Move,gaming
1571577879.2,323,743,None,Move,gaming
1571577879.207,322,742,None,Move,gaming
1571577879.221,321,740,None,Move,gaming
1571577879.229,320,738,None,Move,gaming
1571577879.236,320,738,None,Move,gaming
1571577879.2489998,319,734,None,Move,gaming
1571577879.256,319,732,None,Move,gaming
1571577879.266,318,731,None,Move,gaming
1571577879.279,316,727,None,Move,gaming
1571577879.286,316,725,None,Move,gaming
1571577879.298,315,720,None,Move,gaming
1571577879.304,315,717,None,Move,gaming
1571577879.315,315,716,None,Move,gaming
1571577879.325,315,713,None,Move,gaming
1571577879.332,315,712,None,Move,gaming
1571577879.343,315,709,None,Move,gaming
1571577879.351,315,709,None,Move,gaming
1571577879.3620002,315,707,None,Move,gaming
1571577879.375,315,707,None,Move,gaming
1571577879.391,315,706,None,Move,gaming
1571577879.407,315,706,None,Move,gaming
1571577879.423,316,706,None,Move,gaming
1571577879.431,316,706,None,Move,gaming
1571577879.447,319,706,None,Move,gaming
1571577879.456,319,706,None,Move,gaming
1571577879.468,322,706,None,Move,gaming
1571577879.474,326,706,None,Move,gaming
1571577879.486,330,706,None,Move,gaming
1571577879.4989998,337,706,None,Move,gaming
1571577879.5089998,339,706,None,Move,gaming
1571577879.524,341,706,None,Move,gaming
1571577880.974,341,706,None,Move,gaming
1571577881.1020002,341,706,None,Move,gaming
1571577881.2229998,341,706,None,Move,gaming
1571577881.232,341,707,None,Move,gaming
1571577881.847,340,708,None,Move,gaming
1571577881.8620002,340,708,None,Move,gaming
1571577881.975,339,709,None,Move,gaming
1571577889.663,339,709,None,Move,gaming
1571577893.623,341,709,None,Move,gaming
1571577893.631,341,709,None,Move,gaming
1571577893.71,348,709,None,Move,gaming
1571577893.719,361,709,None,Move,gaming
1571577893.731,375,709,None,Move,gaming
1571577893.7370002,376,709,None,Move,gaming
1571577894.279,377,708,None,Move,gaming
1571577894.289,377,706,None,Move,gaming
1571577894.3,378,706,None,Move,gaming
1571577894.327,378,705,None,Move,gaming
1571577894.3379998,378,702,None,Move,gaming
1571577894.344,378,700,None,Move,gaming
1571577894.356,378,697,None,Move,gaming
1571577894.363,378,695,None,Move,gaming
1571577894.373,378,692,None,Move,gaming
1571577894.379,378,688,None,Move,gaming
1571577894.391,376,679,None,Move,gaming
1571577894.3979998,375,674,None,Move,gaming
1571577894.411,373,670,None,Move,gaming
1571577894.418,372,668,None,Move,gaming
1571577894.43,370,665,None,Move,gaming
1571577894.436,367,661,None,Move,gaming
1571577894.448,365,657,None,Move,gaming
1571577894.454,365,655,None,Move,gaming
1571577894.467,363,652,None,Move,gaming
1571577894.474,361,650,None,Move,gaming
1571577894.486,359,645,None,Move,gaming
1571577894.492,357,643,None,Move,gaming
1571577894.504,355,640,None,Move,gaming
1571577894.5110002,354,640,None,Move,gaming
1571577894.522,353,638,None,Move,gaming
1571577894.528,350,637,None,Move,gaming
1571577894.541,349,635,None,Move,gaming
1571577894.5470002,348,635,None,Move,gaming
1571577894.559,348,633,None,Move,gaming
1571577894.5670002,348,632,None,Move,gaming
1571577894.579,348,630,None,Move,gaming
1571577894.585,348,630,None,Move,gaming
1571577894.596,348,629,None,Move,gaming
1571577894.604,350,626,None,Move,gaming
1571577894.615,354,623,None,Move,gaming
1571577894.623,358,621,None,Move,gaming
1571577894.6339998,362,618,None,Move,gaming
1571577894.64,365,617,None,Move,gaming
1571577894.6520002,370,615,None,Move,gaming
1571577894.658,373,614,None,Move,gaming
1571577894.67,378,612,None,Move,gaming
1571577894.676,381,611,None,Move,gaming
1571577894.687,386,611,None,Move,gaming
1571577894.696,387,611,None,Move,gaming
1571577894.71,389,611,None,Move,gaming
1571577894.719,389,613,None,Move,gaming
1571577894.967,390,613,None,Move,gaming
1571577894.979,399,611,None,Move,gaming
1571577894.9870002,405,610,None,Move,gaming
1571577894.998,414,610,None,Move,gaming
1571577895.005,425,610,None,Move,gaming
1571577895.02,452,606,None,Move,gaming
1571577895.028,464,605,None,Move,gaming
1571577895.039,501,601,None,Move,gaming
1571577895.0470002,527,600,None,Move,gaming
1571577895.0570002,545,597,None,Move,gaming
1571577895.069,566,593,None,Move,gaming
1571577895.081,599,588,None,Move,gaming
1571577895.089,607,587,None,Move,gaming
1571577895.101,615,586,None,Move,gaming
1571577895.1079998,622,583,None,Move,gaming
1571577895.119,631,583,None,Move,gaming
1571577895.127,634,583,None,Move,gaming
1571577895.139,637,583,None,Move,gaming
1571577895.146,639,583,None,Move,gaming
1571577895.158,641,583,None,Move,gaming
1571577895.168,646,583,None,Move,gaming
1571577895.178,648,584,None,Move,gaming
1571577895.191,652,584,None,Move,gaming
1571577895.198,655,586,None,Move,gaming
1571577895.21,659,588,None,Move,gaming
1571577895.217,662,591,None,Move,gaming
1571577895.23,664,592,None,Move,gaming
1571577895.236,667,595,None,Move,gaming
1571577895.248,672,599,None,Move,gaming
1571577895.254,675,601,None,Move,gaming
1571577895.266,678,603,None,Move,gaming
1571577895.275,680,606,None,Move,gaming
1571577895.2870002,683,608,None,Move,gaming
1571577895.296,687,613,None,Move,gaming
1571577895.3070002,687,615,None,Move,gaming
1571577895.319,686,622,None,Move,gaming
1571577895.639,686,622,None,Move,gaming
1571577895.655,686,622,None,Move,gaming
1571577895.671,687,622,None,Move,gaming
1571577895.681,689,622,None,Move,gaming
1571577895.694,690,622,None,Move,gaming
1571577895.705,697,622,None,Move,gaming
1571577895.716,701,622,None,Move,gaming
1571577895.728,715,622,None,Move,gaming
1571577895.74,722,622,None,Move,gaming
1571577895.7529998,738,622,None,Move,gaming
1571577895.762,746,622,None,Move,gaming
1571577895.774,751,622,None,Move,gaming
1571577895.783,761,622,None,Move,gaming
1571577895.799,764,622,None,Move,gaming
1571577895.813,768,623,None,Move,gaming
1571577896.543,768,624,None,Move,gaming
1571577896.6220002,768,624,None,Move,gaming
1571577896.663,767,625,None,Move,gaming
1571577896.674,762,630,None,Move,gaming
1571577896.686,760,631,None,Move,gaming
1571577896.6929998,755,635,None,Move,gaming
1571577896.705,745,641,None,Move,gaming
1571577896.712,741,641,None,Move,gaming
1571577896.724,735,644,None,Move,gaming
1571577896.73,730,646,None,Move,gaming
1571577896.7410002,723,649,None,Move,gaming
1571577896.7489998,717,650,None,Move,gaming
1571577896.7610002,711,653,None,Move,gaming
1571577897.022,712,653,None,Move,gaming
1571577898.448,712,654,None,Move,gaming
1571577898.543,712,655,None,Move,gaming
1571577898.582,712,656,None,Move,gaming
1571577898.63,712,656,None,Move,gaming
1571577898.646,712,657,None,Move,gaming
1571577898.687,712,658,None,Move,gaming
1571577898.719,712,659,None,Move,gaming
1571577899.83,711,659,None,Move,gaming
1571577899.847,710,660,None,Move,gaming
1571577899.859,710,661,None,Move,gaming
1571577899.867,706,662,None,Move,gaming
1571577899.88,696,667,None,Move,gaming
1571577899.89,692,668,None,Move,gaming
1571577899.904,688,672,None,Move,gaming
1571577900.175,688,672,None,Move,gaming
1571577900.184,688,672,None,Move,gaming
1571577900.196,689,671,None,Move,gaming
1571577900.2470002,691,670,None,Move,gaming
1571577900.2570002,697,669,None,Move,gaming
1571577900.268,699,669,None,Move,gaming
1571577900.279,704,669,None,Move,gaming
1571577900.289,719,667,None,Move,gaming
1571577900.299,727,666,None,Move,gaming
1571577900.311,737,663,None,Move,gaming
1571577900.32,756,661,None,Move,gaming
1571577900.332,765,660,None,Move,gaming
1571577900.343,784,657,None,Move,gaming
1571577900.357,794,656,None,Move,gaming
1571577900.365,803,655,None,Move,gaming
1571577900.3779998,826,655,None,Move,gaming
1571577900.3860002,840,655,None,Move,gaming
1571577900.397,853,655,None,Move,gaming
1571577900.405,867,655,None,Move,gaming
1571577900.416,890,657,None,Move,gaming
1571577900.426,900,658,None,Move,gaming
1571577900.438,907,659,None,Move,gaming
1571577900.445,915,660,None,Move,gaming
1571577900.458,927,663,None,Move,gaming
1571577900.465,929,664,None,Move,gaming
1571577900.478,931,665,None,Move,gaming
1571577900.486,932,665,None,Move,gaming
1571577900.4989998,933,665,None,Move,gaming
1571577900.5070002,933,666,None,Move,gaming
1571577900.519,933,666,None,Move,gaming
1571577900.5270002,933,669,None,Move,gaming
1571577900.539,929,671,None,Move,gaming
1571577900.546,927,671,None,Move,gaming
1571577900.894,929,672,None,Move,gaming
1571577900.903,934,672,None,Move,gaming
1571577900.914,942,672,None,Move,gaming
1571577900.9220002,948,672,None,Move,gaming
1571577900.935,959,673,None,Move,gaming
1571577900.9429998,967,675,None,Move,gaming
1571577900.955,982,677,None,Move,gaming
1571577900.962,988,680,None,Move,gaming
1571577900.975,998,684,None,Move,gaming
1571577900.9829998,1001,686,None,Move,gaming
1571577900.995,1003,688,None,Move,gaming
1571577901.002,1005,691,None,Move,gaming
1571577901.014,1007,693,None,Move,gaming
1571577901.0229998,1013,701,None,Move,gaming
1571577901.0370002,1014,703,None,Move,gaming
1571577901.045,1015,705,None,Move,gaming
1571577901.0570002,1019,712,None,Move,gaming
1571577901.065,1022,718,None,Move,gaming
1571577901.077,1023,721,None,Move,gaming
1571577901.085,1024,725,None,Move,gaming
1571577901.097,1029,736,None,Move,gaming
1571577901.105,1031,739,None,Move,gaming
1571577901.119,1031,743,None,Move,gaming
1571577901.127,1032,751,None,Move,gaming
1571577901.14,1032,753,None,Move,gaming
1571577901.1479998,1032,757,None,Move,gaming
1571577901.16,1032,763,None,Move,gaming
1571577901.169,1032,766,None,Move,gaming
1571577901.18,1032,768,None,Move,gaming
1571577901.19,1032,770,None,Move,gaming
1571577901.201,1032,775,None,Move,gaming
1571577901.208,1032,778,None,Move,gaming
1571577901.219,1032,781,None,Move,gaming
1571577901.228,1032,782,None,Move,gaming
1571577901.24,1032,784,None,Move,gaming
1571577901.25,1032,785,None,Move,gaming
1571577901.534,1033,785,None,Move,gaming
1571577901.545,1034,785,None,Move,gaming
1571577901.553,1034,785,None,Move,gaming
1571577903.286,1033,785,None,Move,gaming
1571577903.3,1030,785,None,Move,gaming
1571577903.3070002,1027,785,None,Move,gaming
1571577903.32,1022,786,None,Move,gaming
1571577903.647,1022,786,None,Move,gaming
1571577904.199,1022,788,None,Move,gaming
1571577904.209,1023,790,None,Move,gaming
1571577904.219,1026,792,None,Move,gaming
1571577904.229,1032,794,None,Move,gaming
1571577904.238,1036,796,None,Move,gaming
1571577904.248,1044,799,None,Move,gaming
1571577904.2570002,1049,801,None,Move,gaming
1571577904.269,1051,802,None,Move,gaming
1571577904.2770002,1056,804,None,Move,gaming
1571577904.291,1070,809,None,Move,gaming
1571577904.298,1081,812,None,Move,gaming
1571577904.309,1097,817,None,Move,gaming
1571577904.316,1116,821,None,Move,gaming
1571577904.329,1165,835,None,Move,gaming
1571577904.336,1187,842,None,Move,gaming
1571577904.3479998,1206,847,None,Move,gaming
1571577904.354,1221,855,None,Move,gaming
1571577904.367,1238,862,None,Move,gaming
1571577904.373,1251,869,None,Move,gaming
1571577904.387,1275,884,None,Move,gaming
1571577904.393,1285,891,None,Move,gaming
1571577904.407,1295,897,None,Move,gaming
1571577904.413,1303,905,None,Move,gaming
1571577904.426,1318,918,None,Move,gaming
1571577904.4320002,1326,924,None,Move,gaming
1571577904.4429998,1333,929,None,Move,gaming
1571577904.45,1338,933,None,Move,gaming
1571577904.4629998,1344,939,None,Move,gaming
1571577904.47,1349,943,None,Move,gaming
1571577904.48,1356,948,None,Move,gaming
1571577904.4889998,1362,953,None,Move,gaming
1571577904.4970002,1364,956,None,Move,gaming
1571577904.508,1369,961,None,Move,gaming
1571577904.516,1374,966,None,Move,gaming
1571577904.5270002,1381,972,None,Move,gaming
1571577904.535,1386,976,None,Move,gaming
1571577904.5470002,1388,978,None,Move,gaming
1571577904.552,1390,979,None,Move,gaming
1571577904.565,1391,981,None,Move,gaming
1571577904.571,1393,982,None,Move,gaming
1571577904.584,1393,985,None,Move,gaming
1571577904.591,1393,986,None,Move,gaming
1571577904.603,1393,987,None,Move,gaming
1571577904.61,1393,988,None,Move,gaming
1571577904.6220002,1393,989,None,Move,gaming
1571577904.629,1393,991,None,Move,gaming
1571577904.64,1393,994,None,Move,gaming
1571577904.646,1393,994,None,Move,gaming
1571577904.6620002,1393,995,None,Move,gaming
1571577904.799,1394,995,Left,Pressed,gaming
1571577904.799,1394,995,None,Drag,gaming
1571577904.799,1394,995,Left,Released,gaming
1571577904.934,1394,995,None,Move,gaming
1571577904.9429998,1394,994,None,Move,gaming
1571577904.954,1394,991,None,Move,gaming
1571577904.961,1393,987,None,Move,gaming
1571577904.9729998,1390,981,None,Move,gaming
1571577904.98,1386,974,None,Move,gaming
1571577904.9929998,1373,955,None,Move,gaming
1571577905.004,1365,947,None,Move,gaming
1571577905.014,1357,939,None,Move,gaming
1571577905.025,1340,922,None,Move,gaming
1571577905.033,1331,913,None,Move,gaming
1571577905.0470002,1321,903,None,Move,gaming
1571577905.054,1311,894,None,Move,gaming
1571577905.065,1294,881,None,Move,gaming
1571577905.073,1284,874,None,Move,gaming
1571577905.084,1275,868,None,Move,gaming
1571577905.091,1266,863,None,Move,gaming
1571577905.103,1258,860,None,Move,gaming
1571577905.109,1251,857,None,Move,gaming
1571577905.121,1236,851,None,Move,gaming
1571577905.1279998,1229,849,None,Move,gaming
1571577905.139,1222,847,None,Move,gaming
1571577905.146,1216,847,None,Move,gaming
1571577905.159,1211,847,None,Move,gaming
1571577905.166,1203,847,None,Move,gaming
1571577905.177,1189,847,None,Move,gaming
1571577905.184,1183,847,None,Move,gaming
1571577905.195,1173,847,None,Move,gaming
1571577905.202,1167,847,None,Move,gaming
1571577905.214,1148,849,None,Move,gaming
1571577905.2229998,1138,852,None,Move,gaming
1571577905.234,1131,853,None,Move,gaming
1571577905.2429998,1122,854,None,Move,gaming
1571577905.254,1112,854,None,Move,gaming
1571577905.262,1104,855,None,Move,gaming
1571577905.276,1085,858,None,Move,gaming
1571577905.2870002,1072,860,None,Move,gaming
1571577905.295,1066,862,None,Move,gaming
1571577905.3070002,1059,863,None,Move,gaming
1571577905.313,1055,863,None,Move,gaming
1571577905.326,1049,864,None,Move,gaming
1571577905.332,1044,864,None,Move,gaming
1571577905.344,1035,865,None,Move,gaming
1571577905.351,1031,866,None,Move,gaming
1571577905.363,1025,866,None,Move,gaming
1571577905.37,1021,866,None,Move,gaming
1571577905.381,1016,866,None,Move,gaming
1571577905.387,1012,866,None,Move,gaming
1571577905.399,1004,866,None,Move,gaming
1571577905.405,996,867,None,Move,gaming
1571577905.416,975,872,None,Move,gaming
1571577905.425,962,873,None,Move,gaming
1571577905.436,948,874,None,Move,gaming
1571577905.4429998,936,875,None,Move,gaming
1571577905.454,926,878,None,Move,gaming
1571577905.461,916,878,None,Move,gaming
1571577905.4729998,912,879,None,Move,gaming
1571577905.75,911,879,None,Move,gaming
1571577905.76,908,879,None,Move,gaming
1571577905.77,908,879,None,Move,gaming
1571577905.783,907,879,None,Move,gaming
1571577905.799,905,879,None,Move,gaming
1571577905.8070002,905,879,None,Move,gaming
1571577905.8179998,903,877,None,Move,gaming
1571577905.825,899,875,None,Move,gaming
1571577905.837,895,872,None,Move,gaming
1571577905.843,890,868,None,Move,gaming
1571577905.855,884,864,None,Move,gaming
1571577905.8620002,878,860,None,Move,gaming
1571577905.873,858,849,None,Move,gaming
1571577905.88,850,844,None,Move,gaming
1571577905.891,840,841,None,Move,gaming
1571577905.8979998,830,836,None,Move,gaming
1571577905.909,822,832,None,Move,gaming
1571577905.917,812,829,None,Move,gaming
1571577905.928,798,822,None,Move,gaming
1571577905.937,789,817,None,Move,gaming
1571577905.948,782,815,None,Move,gaming
1571577905.958,776,813,None,Move,gaming
1571577905.967,763,807,None,Move,gaming
1571577905.978,757,805,None,Move,gaming
1571577905.986,752,802,None,Move,gaming
1571577905.998,747,800,None,Move,gaming
1571577906.005,741,797,None,Move,gaming
1571577906.0170002,734,795,None,Move,gaming
1571577906.0229998,730,794,None,Move,gaming
1571577906.034,727,793,None,Move,gaming
1571577906.042,724,792,None,Move,gaming
1571577906.054,723,792,None,Move,gaming
1571577906.061,720,791,None,Move,gaming
1571577906.071,716,790,None,Move,gaming
1571577906.079,715,790,None,Move,gaming
1571577906.091,711,788,None,Move,gaming
1571577906.0979998,708,788,None,Move,gaming
1571577906.11,704,788,None,Move,gaming
1571577906.1160002,697,788,None,Move,gaming
1571577906.127,678,788,None,Move,gaming
1571577906.135,667,788,None,Move,gaming
1571577906.146,652,788,None,Move,gaming
1571577906.153,641,789,None,Move,gaming
1571577906.165,628,790,None,Move,gaming
1571577906.1720002,620,792,None,Move,gaming
1571577906.1829998,609,794,None,Move,gaming
1571577906.191,607,795,None,Move,gaming
1571577906.383,606,795,None,Move,gaming
1571577906.395,605,795,None,Move,gaming
1571577906.401,604,795,None,Move,gaming
1571577906.4120002,601,795,None,Move,gaming
1571577906.419,599,795,None,Move,gaming
1571577906.43,598,795,None,Move,gaming
1571577906.436,597,795,None,Move,gaming
1571577906.448,592,795,None,Move,gaming
1571577906.454,591,795,None,Move,gaming
1571577906.466,585,793,None,Move,gaming
1571577906.472,580,792,None,Move,gaming
1571577906.4829998,573,789,None,Move,gaming
1571577906.49,565,787,None,Move,gaming
1571577906.502,560,784,None,Move,gaming
1571577906.508,552,782,None,Move,gaming
1571577906.52,536,777,None,Move,gaming
1571577906.526,528,774,None,Move,gaming
1571577906.538,521,772,None,Move,gaming
1571577906.544,513,770,None,Move,gaming
1571577906.555,508,768,None,Move,gaming
1571577906.562,504,767,None,Move,gaming
1571577906.573,500,764,None,Move,gaming
1571577906.58,499,764,None,Move,gaming
1571577906.592,497,763,None,Move,gaming
1571577906.6020002,496,762,None,Move,gaming
1571577906.613,495,761,None,Move,gaming
1571577906.62,493,760,None,Move,gaming
1571577906.631,493,760,None,Move,gaming
1571577906.639,492,759,None,Move,gaming
1571577906.65,490,759,None,Move,gaming
1571577906.658,489,758,None,Move,gaming
1571577906.669,488,757,None,Move,gaming
1571577906.679,487,757,None,Move,gaming
1571577906.688,486,757,None,Move,gaming
1571577906.697,485,755,None,Move,gaming
1571577906.711,484,755,None,Move,gaming
1571577906.958,484,755,None,Move,gaming
1571577906.97,484,755,None,Move,gaming
1571577906.978,486,755,None,Move,gaming
1571577906.9910002,487,755,None,Move,gaming
1571577907.002,487,755,None,Move,gaming
1571577907.015,488,755,None,Move,gaming
1571577907.031,489,755,None,Move,gaming
1571577907.303,490,755,None,Move,gaming
1571577907.312,495,756,None,Move,gaming
1571577907.323,501,757,None,Move,gaming
1571577907.33,509,757,None,Move,gaming
1571577907.341,520,757,None,Move,gaming
1571577907.347,533,757,None,Move,gaming
1571577907.359,566,757,None,Move,gaming
1571577907.3660002,587,757,None,Move,gaming
1571577907.3779998,609,757,None,Move,gaming
1571577907.3860002,634,757,None,Move,gaming
1571577907.397,658,757,None,Move,gaming
1571577907.404,686,757,None,Move,gaming
1571577907.417,729,757,None,Move,gaming
1571577907.425,749,757,None,Move,gaming
1571577907.436,763,757,None,Move,gaming
1571577907.4429998,778,757,None,Move,gaming
1571577907.455,791,759,None,Move,gaming
1571577907.4629998,803,760,None,Move,gaming
1571577907.474,822,763,None,Move,gaming
1571577907.482,829,765,None,Move,gaming
1571577907.498,843,766,None,Move,gaming
1571577907.5070002,847,766,None,Move,gaming
1571577907.5229998,856,769,None,Move,gaming
1571577907.531,859,770,None,Move,gaming
1571577907.548,868,772,None,Move,gaming
1571577907.556,872,773,None,Move,gaming
1571577907.571,883,775,None,Move,gaming
1571577907.58,889,776,None,Move,gaming
1571577907.594,896,779,None,Move,gaming
1571577907.6020002,898,780,None,Move,gaming
1571577907.6160002,902,780,None,Move,gaming
1571577907.631,903,782,None,Move,gaming
1571577907.663,903,782,None,Move,gaming
1571577907.676,904,785,None,Move,gaming
1571577907.684,905,786,None,Move,gaming
1571577907.698,906,790,None,Move,gaming
1571577907.711,906,792,None,Move,gaming
1571577907.722,906,793,None,Move,gaming
1571577907.735,906,795,None,Move,gaming
1571577907.744,906,796,None,Move,gaming
1571577907.7610002,906,797,None,Move,gaming
1571577907.77,905,798,None,Move,gaming
1571577907.784,901,801,None,Move,gaming
1571577907.793,901,801,None,Move,gaming
1571577907.806,901,802,None,Move,gaming
1571577908.255,901,802,None,Move,gaming
1571577908.266,901,801,None,Move,gaming
1571577908.274,902,799,None,Move,gaming
1571577908.285,903,799,None,Move,gaming
1571577908.291,904,798,None,Move,gaming
1571577908.303,906,798,None,Move,gaming
1571577908.311,907,796,None,Move,gaming
1571577908.322,909,796,None,Move,gaming
1571577908.329,910,794,None,Move,gaming
1571577908.339,912,793,None,Move,gaming
1571577908.346,913,792,None,Move,gaming
1571577908.357,914,792,None,Move,gaming
1571577908.365,916,790,None,Move,gaming
1571577908.3760002,919,788,None,Move,gaming
1571577908.383,921,786,None,Move,gaming
1571577908.395,922,785,None,Move,gaming
1571577908.405,923,785,None,Move,gaming
1571577908.414,924,785,None,Move,gaming
1571577908.439,925,784,None,Move,gaming
1571577908.455,926,783,None,Move,gaming
1571577908.466,926,783,None,Move,gaming
1571577908.478,927,782,None,Move,gaming
1571577908.485,927,782,None,Move,gaming
1571577908.4970002,929,781,None,Move,gaming
1571577908.504,931,780,None,Move,gaming
1571577908.515,932,779,None,Move,gaming
1571577908.522,933,779,None,Move,gaming
1571577908.533,934,778,None,Move,gaming
1571577908.539,935,778,None,Move,gaming
1571577908.55,936,777,None,Move,gaming
1571577908.5570002,938,776,None,Move,gaming
1571577908.569,940,774,None,Move,gaming
1571577908.576,941,774,None,Move,gaming
1571577908.5879998,941,774,None,Move,gaming
1571577908.594,942,774,None,Move,gaming
1571577908.605,942,773,None,Move,gaming
1571577908.663,944,773,None,Move,gaming
1571577908.7029998,944,773,None,Move,gaming
1571577908.711,946,772,None,Move,gaming
1571577908.7429998,947,772,None,Move,gaming
1571577908.7529998,947,772,None,Move,gaming
1571577908.7610002,949,771,None,Move,gaming
1571577908.7729998,952,768,None,Move,gaming
1571577908.782,954,768,None,Move,gaming
1571577908.795,959,766,None,Move,gaming
1571577908.802,965,764,None,Move,gaming
1571577908.815,975,762,None,Move,gaming
1571577908.823,979,761,None,Move,gaming
1571577908.835,983,760,None,Move,gaming
1571577908.843,988,759,None,Move,gaming
1571577908.854,991,757,None,Move,gaming
1571577908.861,995,757,None,Move,gaming
1571577908.873,1002,755,None,Move,gaming
1571577908.88,1006,753,None,Move,gaming
1571577908.89,1012,753,None,Move,gaming
1571577908.897,1016,752,None,Move,gaming
1571577908.909,1020,751,None,Move,gaming
1571577908.916,1027,751,None,Move,gaming
1571577908.927,1033,751,None,Move,gaming
1571577908.935,1037,749,None,Move,gaming
1571577908.947,1040,749,None,Move,gaming
1571577908.952,1041,749,None,Move,gaming
1571577908.9629998,1043,749,None,Move,gaming
1571577908.97,1046,749,None,Move,gaming
1571577908.982,1047,749,None,Move,gaming
1571577908.988,1051,749,None,Move,gaming
1571577908.998,1061,751,None,Move,gaming
1571577909.0070002,1068,753,None,Move,gaming
1571577909.019,1075,755,None,Move,gaming
1571577909.025,1085,759,None,Move,gaming
1571577909.0370002,1095,763,None,Move,gaming
1571577909.043,1106,767,None,Move,gaming
1571577909.055,1124,778,None,Move,gaming
1571577909.062,1133,783,None,Move,gaming
1571577909.074,1139,787,None,Move,gaming
1571577909.081,1146,791,None,Move,gaming
1571577909.093,1153,795,None,Move,gaming
1571577909.1,1159,797,None,Move,gaming
1571577909.1139998,1171,801,None,Move,gaming
1571577909.1220002,1174,801,None,Move,gaming
1571577909.133,1177,801,None,Move,gaming
1571577909.14,1180,801,None,Move,gaming
1571577909.153,1181,801,None,Move,gaming
1571577909.191,1182,801,None,Move,gaming
1571577909.2389998,1182,801,None,Move,gaming
1571577909.4629998,1183,801,None,Move,gaming
1571577909.474,1183,801,None,Move,gaming
1571577909.519,1183,801,None,Move,gaming
1571577909.53,1184,800,None,Move,gaming
1571577909.655,1184,798,None,Move,gaming
1571577909.668,1184,798,None,Move,gaming
1571577909.675,1184,797,None,Move,gaming
1571577909.686,1184,796,None,Move,gaming
1571577909.695,1184,795,None,Move,gaming
1571577909.711,1183,793,None,Move,gaming
1571577909.7270002,1183,790,None,Move,gaming
1571577909.7429998,1183,789,None,Move,gaming
1571577909.7510002,1182,789,None,Move,gaming
1571577909.765,1182,788,None,Move,gaming
1571577909.778,1181,786,None,Move,gaming
1571577909.785,1181,786,None,Move,gaming
1571577909.798,1181,785,None,Move,gaming
1571577909.8079998,1180,782,None,Move,gaming
1571577909.821,1180,782,None,Move,gaming
1571577909.829,1180,781,None,Move,gaming
1571577909.842,1180,781,None,Move,gaming
1571577909.853,1180,780,None,Move,gaming
1571577909.8639998,1180,780,None,Move,gaming
1571577909.911,1180,779,None,Move,gaming
1571577909.959,1179,778,None,Move,gaming
1571577911.478,1177,778,None,Move,gaming
1571577911.494,1176,778,None,Move,gaming
1571577911.506,1172,779,None,Move,gaming
1571577911.516,1170,782,None,Move,gaming
1571577911.5270002,1169,782,None,Move,gaming
1571577911.7589998,1170,782,None,Move,gaming
1571577911.772,1171,782,None,Move,gaming
1571577911.816,1172,780,None,Move,gaming
1571577911.8279998,1174,780,None,Move,gaming
1571577911.841,1182,778,None,Move,gaming
1571577911.8520002,1192,777,None,Move,gaming
1571577911.8639998,1211,774,None,Move,gaming
1571577911.8739998,1220,772,None,Move,gaming
1571577911.8879998,1238,769,None,Move,gaming
1571577911.896,1243,768,None,Move,gaming
1571577911.91,1248,768,None,Move,gaming
1571577911.918,1249,767,None,Move,gaming
1571577911.931,1251,767,None,Move,gaming
1571577911.967,1252,767,None,Move,gaming
1571577911.985,1256,767,None,Move,gaming
1571577911.9989998,1264,767,None,Move,gaming
1571577912.012,1268,767,None,Move,gaming
1571577912.029,1279,767,None,Move,gaming
1571577912.043,1287,767,None,Move,gaming
1571577912.061,1290,767,None,Move,gaming
1571577912.127,1291,767,None,Move,gaming
1571577912.159,1291,767,None,Move,gaming
1571577912.168,1293,767,None,Move,gaming
1571577912.179,1294,767,None,Move,gaming
1571577912.187,1295,767,None,Move,gaming
1571577912.198,1295,767,None,Move,gaming
1571577912.205,1296,767,None,Move,gaming
1571577912.217,1297,767,None,Move,gaming
1571577912.279,1297,767,None,Move,gaming
1571577912.295,1298,767,None,Move,gaming
1571577912.311,1300,768,None,Move,gaming
1571577912.327,1301,768,None,Move,gaming
1571577913.438,1301,768,None,Move,gaming
1571577913.495,1300,769,None,Move,gaming
1571577913.7029998,1300,769,Left,Pressed,gaming
1571577913.704,1300,769,None,Drag,gaming
1571577913.716,1300,771,None,Drag,gaming
1571577913.722,1299,776,None,Drag,gaming
1571577913.734,1291,786,None,Drag,gaming
1571577913.7410002,1280,800,None,Drag,gaming
1571577913.752,1237,836,None,Drag,gaming
1571577913.7610002,1212,857,None,Drag,gaming
1571577913.7729998,1184,877,None,Drag,gaming
1571577913.779,1151,905,None,Drag,gaming
1571577913.791,1091,948,None,Drag,gaming
1571577913.798,1067,971,None,Drag,gaming
1571577913.81,1045,987,None,Drag,gaming
1571577913.8179998,1038,994,None,Drag,gaming
1571577913.829,1032,1004,None,Drag,gaming
1571577913.835,1029,1011,None,Drag,gaming
1571577913.847,1026,1023,None,Drag,gaming
1571577913.855,1026,1026,None,Drag,gaming
1571577913.867,1025,1030,None,Drag,gaming
1571577913.8739998,1024,1037,None,Drag,gaming
1571577913.885,1024,1040,None,Drag,gaming
1571577913.895,1023,1043,None,Drag,gaming
1571577913.904,1021,1049,None,Drag,gaming
1571577913.915,1020,1051,None,Drag,gaming
1571577913.924,1017,1053,None,Drag,gaming
1571577913.935,1017,1054,None,Drag,gaming
1571577913.935,1017,1054,Left,Released,gaming
1571577914.0070002,1017,1054,None,Move,gaming
1571577914.018,1026,1054,None,Move,gaming
1571577914.0270002,1033,1053,None,Move,gaming
1571577914.038,1042,1049,None,Move,gaming
1571577914.0470002,1064,1043,None,Move,gaming
1571577914.0570002,1080,1038,None,Move,gaming
1571577914.066,1092,1036,None,Move,gaming
1571577914.077,1104,1031,None,Move,gaming
1571577914.087,1136,1021,None,Move,gaming
1571577914.0979998,1150,1019,None,Move,gaming
1571577914.106,1167,1014,None,Move,gaming
1571577914.117,1186,1009,None,Move,gaming
1571577914.125,1202,1005,None,Move,gaming
1571577914.1379998,1231,996,None,Move,gaming
1571577914.145,1243,993,None,Move,gaming
1571577914.156,1254,989,None,Move,gaming
1571577914.163,1265,986,None,Move,gaming
1571577914.174,1272,985,None,Move,gaming
1571577914.1820002,1280,983,None,Move,gaming
1571577914.1920002,1290,979,None,Move,gaming
1571577914.2,1296,978,None,Move,gaming
1571577914.21,1300,978,None,Move,gaming
1571577914.217,1304,976,None,Move,gaming
1571577914.228,1307,976,None,Move,gaming
1571577914.235,1310,976,None,Move,gaming
1571577914.2470002,1315,976,None,Move,gaming
1571577914.255,1317,977,None,Move,gaming
1571577914.2670002,1319,979,None,Move,gaming
1571577914.275,1321,980,None,Move,gaming
1571577914.286,1322,982,None,Move,gaming
1571577914.298,1326,986,None,Move,gaming
1571577914.305,1327,988,None,Move,gaming
1571577914.3170002,1330,990,None,Move,gaming
1571577914.324,1332,991,None,Move,gaming
1571577914.335,1334,992,None,Move,gaming
1571577914.341,1340,992,None,Move,gaming
1571577914.353,1350,994,None,Move,gaming
1571577914.359,1356,995,None,Move,gaming
1571577914.371,1359,995,None,Move,gaming
1571577914.381,1359,996,None,Move,gaming
1571577914.423,1360,996,Left,Pressed,gaming
1571577914.423,1360,996,None,Drag,gaming
1571577914.479,1361,996,None,Drag,gaming
1571577914.479,1361,996,Left,Released,gaming
1571577914.4989998,1361,994,None,Move,gaming
1571577914.506,1361,991,None,Move,gaming
1571577914.5170002,1361,987,None,Move,gaming
1571577914.525,1361,982,None,Move,gaming
1571577914.536,1361,967,None,Move,gaming
1571577914.543,1361,958,None,Move,gaming
1571577914.554,1361,949,None,Move,gaming
1571577914.561,1361,938,None,Move,gaming
1571577914.573,1361,927,None,Move,gaming
1571577914.581,1362,915,None,Move,gaming
1571577914.591,1365,894,None,Move,gaming
1571577914.599,1369,878,None,Move,gaming
1571577914.61,1371,867,None,Move,gaming
1571577914.6179998,1374,857,None,Move,gaming
1571577914.629,1377,844,None,Move,gaming
1571577914.6360002,1379,837,None,Move,gaming
1571577914.6479998,1380,822,None,Move,gaming
1571577914.655,1381,816,None,Move,gaming
1571577914.668,1382,810,None,Move,gaming
1571577914.674,1384,805,None,Move,gaming
1571577914.687,1386,798,None,Move,gaming
1571577914.695,1386,795,None,Move,gaming
1571577914.706,1386,793,None,Move,gaming
1571577914.7129998,1386,791,None,Move,gaming
1571577914.725,1386,789,None,Move,gaming
1571577914.735,1386,786,None,Move,gaming
1571577914.744,1386,783,None,Move,gaming
1571577914.755,1386,782,None,Move,gaming
1571577914.764,1386,780,None,Move,gaming
1571577914.776,1386,779,None,Move,gaming
1571577914.783,1386,777,None,Move,gaming
1571577914.795,1386,776,None,Move,gaming
1571577914.802,1386,775,None,Move,gaming
1571577915.079,1386,774,None,Move,gaming
1571577915.089,1389,772,None,Move,gaming
1571577915.1020002,1389,771,None,Move,gaming
1571577915.109,1391,769,None,Move,gaming
1571577915.121,1392,768,None,Move,gaming
1571577915.1279998,1392,767,None,Move,gaming
1571577915.139,1393,767,None,Move,gaming
1571577915.167,1394,766,None,Move,gaming
1571577915.199,1395,765,None,Move,gaming
1571577915.471,1395,765,None,Move,gaming
1571577915.479,1390,765,None,Move,gaming
1571577915.492,1380,768,None,Move,gaming
1571577915.504,1359,775,None,Move,gaming
1571577915.5170002,1346,778,None,Move,gaming
1571577915.524,1332,780,None,Move,gaming
1571577915.539,1296,787,None,Move,gaming
1571577915.55,1247,793,None,Move,gaming
1571577915.565,1210,800,None,Move,gaming
1571577915.573,1176,803,None,Move,gaming
1571577915.596,1064,819,None,Move,gaming
1571577915.609,982,832,None,Move,gaming
1571577915.623,914,840,None,Move,gaming
1571577915.6360002,888,845,None,Move,gaming
1571577915.649,841,852,None,Move,gaming
1571577915.658,826,853,None,Move,gaming
1571577915.6720002,801,858,None,Move,gaming
1571577915.684,792,859,None,Move,gaming
1571577915.698,782,861,None,Move,gaming
1571577915.708,779,863,None,Move,gaming
1571577915.721,767,867,None,Move,gaming
1571577915.729,759,869,None,Move,gaming
1571577915.7429998,750,872,None,Move,gaming
1571577915.754,730,876,None,Move,gaming
1571577915.766,718,877,None,Move,gaming
1571577915.775,694,882,None,Move,gaming
1571577915.789,680,883,None,Move,gaming
1571577915.7970002,668,885,None,Move,gaming
1571577915.81,640,891,None,Move,gaming
1571577915.82,626,896,None,Move,gaming
1571577915.835,594,903,None,Move,gaming
1571577915.843,580,908,None,Move,gaming
1571577915.856,549,918,None,Move,gaming
1571577915.8639998,535,920,None,Move,gaming
1571577915.8779998,527,925,None,Move,gaming
1571577915.8879998,502,932,None,Move,gaming
1571577915.9,495,935,None,Move,gaming
1571577915.908,487,936,None,Move,gaming
1571577915.921,479,940,None,Move,gaming
1571577915.9320002,477,941,None,Move,gaming
1571577915.947,474,942,None,Move,gaming
1571577915.956,473,943,None,Move,gaming
1571577915.97,472,943,None,Move,gaming
1571577915.98,471,944,None,Move,gaming
1571577915.992,470,944,None,Move,gaming
1571577916.005,469,944,None,Move,gaming
1571577916.0170002,465,946,None,Move,gaming
1571577916.032,461,947,None,Move,gaming
1571577916.04,458,948,None,Move,gaming
1571577916.055,453,950,None,Move,gaming
1571577916.061,450,951,None,Move,gaming
1571577916.075,439,952,None,Move,gaming
1571577916.087,436,953,None,Move,gaming
1571577916.099,428,956,None,Move,gaming
1571577916.106,426,956,None,Move,gaming
1571577916.119,421,956,None,Move,gaming
1571577916.1260002,419,956,None,Move,gaming
1571577916.14,418,956,None,Move,gaming
1571577916.146,418,956,None,Move,gaming
1571577916.157,417,958,None,Move,gaming
1571577916.191,416,958,None,Move,gaming
1571577916.246,415,958,None,Move,gaming
1571577916.295,415,958,Left,Pressed,gaming
1571577916.415,415,958,Left,Released,gaming
1571577916.7029998,415,958,None,Move,gaming
1571577916.711,416,958,None,Move,gaming
1571577916.7589998,416,958,None,Move,gaming
1571577916.79,417,958,None,Move,gaming
1571577916.803,418,958,None,Move,gaming
1571577916.81,421,958,None,Move,gaming
1571577916.819,424,958,None,Move,gaming
1571577916.829,427,958,None,Move,gaming
1571577916.84,441,958,None,Move,gaming
1571577916.8479998,447,958,None,Move,gaming
1571577916.861,454,958,None,Move,gaming
1571577916.869,462,958,None,Move,gaming
1571577916.88,478,958,None,Move,gaming
1571577916.887,489,958,None,Move,gaming
1571577916.8979998,501,958,None,Move,gaming
1571577916.906,515,958,None,Move,gaming
1571577916.918,533,958,None,Move,gaming
1571577916.925,555,958,None,Move,gaming
1571577916.937,615,958,None,Move,gaming
1571577916.945,642,958,None,Move,gaming
1571577916.957,672,958,None,Move,gaming
1571577916.97,719,958,None,Move,gaming
1571577916.981,741,958,None,Move,gaming
1571577916.994,773,958,None,Move,gaming
1571577917.002,782,958,None,Move,gaming
1571577917.014,792,957,None,Move,gaming
1571577917.0229998,803,956,None,Move,gaming
1571577917.035,808,956,None,Move,gaming
1571577917.044,814,954,None,Move,gaming
1571577917.054,821,953,None,Move,gaming
1571577917.062,826,953,None,Move,gaming
1571577917.074,836,952,None,Move,gaming
1571577917.081,839,952,None,Move,gaming
1571577917.094,840,952,None,Move,gaming
1571577917.399,840,952,None,Move,gaming
1571577919.735,840,951,None,Move,gaming
1571577920.87,840,951,None,Move,gaming
1571577920.887,839,950,None,Move,gaming
1571577920.918,838,950,None,Move,gaming
1571577920.927,837,949,None,Move,gaming
1571577920.94,837,949,None,Move,gaming
1571577920.946,836,949,None,Move,gaming
1571577920.958,833,949,None,Move,gaming
1571577920.965,832,947,None,Move,gaming
1571577920.9770002,825,946,None,Move,gaming
1571577920.984,818,945,None,Move,gaming
1571577920.994,809,944,None,Move,gaming
1571577921.002,798,942,None,Move,gaming
1571577921.012,787,941,None,Move,gaming
1571577921.021,775,940,None,Move,gaming
1571577921.032,755,937,None,Move,gaming
1571577921.041,732,934,None,Move,gaming
1571577921.051,701,933,None,Move,gaming
1571577921.06,654,927,None,Move,gaming
1571577921.071,620,920,None,Move,gaming
1571577921.083,537,892,None,Move,gaming
1571577921.09,526,886,None,Move,gaming
1571577921.101,519,880,None,Move,gaming
1571577921.109,517,879,None,Move,gaming
1571577921.12,513,876,None,Move,gaming
1571577921.206,513,876,None,Move,gaming
1571577925.911,505,876,None,Move,gaming
1571577925.923,489,876,None,Move,gaming
1571577925.934,475,876,None,Move,gaming
1571577925.9420002,455,876,None,Move,gaming
1571577925.954,403,876,None,Move,gaming
1571577925.961,390,876,None,Move,gaming
1571577925.972,385,876,None,Move,gaming
1571577925.978,383,876,None,Move,gaming
1571577926.07,383,877,None,Move,gaming
1571577926.079,382,877,None,Move,gaming
1571577926.095,382,879,None,Move,gaming
1571577926.107,382,879,None,Move,gaming
1571577926.1120002,383,884,None,Move,gaming
1571577926.1239998,390,891,None,Move,gaming
1571577926.131,403,900,None,Move,gaming
1571577926.1420002,415,908,None,Move,gaming
1571577926.151,435,916,None,Move,gaming
1571577926.16,505,932,None,Move,gaming
1571577926.169,542,938,None,Move,gaming
1571577926.179,574,938,None,Move,gaming
1571577926.189,610,938,None,Move,gaming
1571577926.198,643,937,None,Move,gaming
1571577926.21,703,927,None,Move,gaming
1571577926.217,729,924,None,Move,gaming
1571577926.23,753,920,None,Move,gaming
1571577926.236,770,919,None,Move,gaming
1571577926.2470002,815,910,None,Move,gaming
1571577926.255,830,907,None,Move,gaming
1571577926.266,842,905,None,Move,gaming
1571577926.272,852,904,None,Move,gaming
1571577926.284,857,902,None,Move,gaming
1571577926.29,860,902,None,Move,gaming
1571577926.301,860,902,None,Move,gaming
1571577926.375,861,901,None,Move,gaming
1571577926.551,861,899,None,Move,gaming
1571577926.56,862,898,None,Move,gaming
1571577926.571,863,898,None,Move,gaming
1571577926.623,866,898,None,Move,gaming
1571577926.635,869,898,None,Move,gaming
1571577926.6420002,874,901,None,Move,gaming
1571577926.654,880,905,None,Move,gaming
1571577926.661,887,911,None,Move,gaming
1571577926.673,902,920,None,Move,gaming
1571577926.679,909,924,None,Move,gaming
1571577926.691,914,927,None,Move,gaming
1571577926.698,920,931,None,Move,gaming
1571577926.709,926,935,None,Move,gaming
1571577926.715,933,940,None,Move,gaming
1571577926.7270002,946,949,None,Move,gaming
1571577926.735,953,955,None,Move,gaming
1571577926.746,957,959,None,Move,gaming
1571577926.754,960,965,None,Move,gaming
1571577926.765,962,971,None,Move,gaming
1571577926.776,967,984,None,Move,gaming
1571577926.783,969,991,None,Move,gaming
1571577926.795,970,999,None,Move,gaming
1571577926.802,972,1004,None,Move,gaming
1571577926.813,972,1008,None,Move,gaming
1571577926.819,972,1011,None,Move,gaming
1571577926.831,973,1012,None,Move,gaming
1571577926.895,974,1013,Left,Pressed,gaming
1571577926.895,974,1013,None,Drag,gaming
1571577926.895,974,1013,Left,Released,gaming
1571577926.959,973,1013,None,Move,gaming
1571577926.968,971,1010,None,Move,gaming
1571577926.979,967,1007,None,Move,gaming
1571577926.9870002,963,1002,None,Move,gaming
1571577926.998,956,994,None,Move,gaming
1571577927.004,945,982,None,Move,gaming
1571577927.016,916,952,None,Move,gaming
1571577927.025,898,934,None,Move,gaming
1571577927.036,873,912,None,Move,gaming
1571577927.043,855,889,None,Move,gaming
1571577927.056,826,867,None,Move,gaming
1571577927.063,809,855,None,Move,gaming
1571577927.074,802,849,None,Move,gaming
1571577927.081,793,843,None,Move,gaming
1571577927.093,787,839,None,Move,gaming
1571577927.099,782,835,None,Move,gaming
1571577927.11,780,833,None,Move,gaming
1571577927.117,775,830,None,Move,gaming
1571577927.129,760,824,None,Move,gaming
1571577927.135,750,821,None,Move,gaming
1571577927.146,743,820,None,Move,gaming
1571577927.153,736,819,None,Move,gaming
1571577927.164,729,818,None,Move,gaming
1571577927.17,722,816,None,Move,gaming
1571577927.1820002,718,815,None,Move,gaming
1571577927.189,709,813,None,Move,gaming
1571577927.2,693,806,None,Move,gaming
1571577927.207,680,799,None,Move,gaming
1571577927.218,669,794,None,Move,gaming
1571577927.225,654,791,None,Move,gaming
1571577927.2370002,639,784,None,Move,gaming
1571577927.2429998,627,781,None,Move,gaming
1571577927.254,619,780,None,Move,gaming
1571577927.262,617,779,None,Move,gaming
1571577927.272,615,777,None,Move,gaming
1571577927.281,615,777,None,Move,gaming
1571577927.292,613,775,None,Move,gaming
1571577927.3,611,773,None,Move,gaming
1571577927.311,610,770,None,Move,gaming
1571577927.322,607,768,None,Move,gaming
1571577927.33,606,765,None,Move,gaming
1571577927.341,606,763,None,Move,gaming
1571577927.3479998,604,761,None,Move,gaming
1571577927.363,601,758,None,Move,gaming
1571577927.369,600,757,None,Move,gaming
1571577927.383,600,756,None,Move,gaming
1571577927.39,599,755,None,Move,gaming
1571577927.4020002,599,754,None,Move,gaming
1571577927.471,597,754,None,Move,gaming
1571577927.479,595,754,None,Move,gaming
1571577927.495,595,754,None,Move,gaming
1571577927.7589998,595,754,None,Move,gaming
1571577927.769,596,753,None,Move,gaming
1571577927.887,597,754,None,Move,gaming
1571577927.896,607,759,None,Move,gaming
1571577927.91,616,760,None,Move,gaming
1571577927.919,638,765,None,Move,gaming
1571577927.9329998,650,771,None,Move,gaming
1571577927.9420002,659,774,None,Move,gaming
1571577927.956,682,781,None,Move,gaming
1571577927.967,703,787,None,Move,gaming
1571577927.979,711,790,None,Move,gaming
1571577927.9910002,725,799,None,Move,gaming
1571577928.004,732,804,None,Move,gaming
1571577928.012,735,807,None,Move,gaming
1571577928.029,742,811,None,Move,gaming
1571577928.0370002,743,813,None,Move,gaming
1571577928.049,743,813,None,Move,gaming
1571577928.311,745,813,None,Move,gaming
1571577928.431,745,813,None,Move,gaming
1571577928.439,745,813,None,Move,gaming
1571577928.449,745,814,None,Move,gaming
1571577928.458,746,815,None,Move,gaming
1571577928.467,746,816,None,Move,gaming
1571577928.4770002,746,816,None,Move,gaming
1571577928.488,746,818,None,Move,gaming
1571577928.4989998,746,820,None,Move,gaming
1571577928.506,747,821,None,Move,gaming
1571577928.519,747,823,None,Move,gaming
1571577928.526,747,826,None,Move,gaming
1571577928.538,748,833,None,Move,gaming
1571577928.544,748,836,None,Move,gaming
1571577928.556,750,841,None,Move,gaming
1571577928.563,750,844,None,Move,gaming
1571577928.574,753,848,None,Move,gaming
1571577928.582,756,853,None,Move,gaming
1571577928.593,760,857,None,Move,gaming
1571577928.6,761,860,None,Move,gaming
1571577928.6120002,762,862,None,Move,gaming
1571577928.619,764,864,None,Move,gaming
1571577928.631,764,870,None,Move,gaming
1571577928.639,764,872,None,Move,gaming
1571577928.65,764,875,None,Move,gaming
1571577928.656,764,876,None,Move,gaming
1571577928.668,764,878,None,Move,gaming
1571577928.935,764,878,None,Move,gaming
1571577928.9429998,765,878,None,Move,gaming
1571577929.062,765,878,None,Move,gaming
1571577929.351,765,878,None,Move,gaming
1571577929.3620002,764,878,None,Move,gaming
1571577929.3739998,762,878,None,Move,gaming
1571577929.38,760,878,None,Move,gaming
1571577929.3920002,755,880,None,Move,gaming
1571577929.407,754,880,None,Move,gaming
1571577929.416,752,880,None,Move,gaming
1571577929.428,750,880,None,Move,gaming
1571577929.435,748,882,None,Move,gaming
1571577929.447,745,883,None,Move,gaming
1571577929.4529998,740,884,None,Move,gaming
1571577929.465,733,887,None,Move,gaming
1571577929.47,728,889,None,Move,gaming
1571577929.482,724,891,None,Move,gaming
1571577929.4889998,718,893,None,Move,gaming
1571577929.5010002,711,898,None,Move,gaming
1571577929.508,706,900,None,Move,gaming
1571577929.519,695,908,None,Move,gaming
1571577929.5270002,693,910,None,Move,gaming
1571577929.538,688,914,None,Move,gaming
1571577929.545,686,917,None,Move,gaming
1571577929.556,684,918,None,Move,gaming
1571577929.564,683,919,None,Move,gaming
1571577929.575,681,921,None,Move,gaming
1571577929.583,680,922,None,Move,gaming
1571577929.594,678,925,None,Move,gaming
1571577929.604,677,926,None,Move,gaming
1571577929.613,674,929,None,Move,gaming
1571577929.625,667,933,None,Move,gaming
1571577929.633,661,936,None,Move,gaming
1571577929.644,656,938,None,Move,gaming
1571577929.6520002,650,942,None,Move,gaming
1571577929.661,644,947,None,Move,gaming
1571577929.67,639,951,None,Move,gaming
1571577929.681,632,959,None,Move,gaming
1571577929.689,631,961,None,Move,gaming
1571577929.702,629,965,None,Move,gaming
1571577929.709,628,970,None,Move,gaming
1571577929.72,627,979,None,Move,gaming
1571577929.728,627,985,None,Move,gaming
1571577929.738,627,993,None,Move,gaming
1571577929.745,627,998,None,Move,gaming
1571577929.756,627,1005,None,Move,gaming
1571577929.7629998,631,1011,None,Move,gaming
1571577929.775,640,1019,None,Move,gaming
1571577929.782,648,1022,None,Move,gaming
1571577929.794,655,1024,None,Move,gaming
1571577929.802,665,1026,None,Move,gaming
1571577929.815,686,1028,None,Move,gaming
1571577929.823,698,1028,None,Move,gaming
1571577929.836,709,1029,None,Move,gaming
1571577929.843,722,1029,None,Move,gaming
1571577929.854,734,1029,None,Move,gaming
1571577929.863,755,1029,None,Move,gaming
1571577929.8760002,766,1029,None,Move,gaming
1571577929.883,777,1029,None,Move,gaming
1571577929.894,783,1029,None,Move,gaming
1571577929.901,793,1029,None,Move,gaming
1571577929.9120002,806,1029,None,Move,gaming
1571577929.92,809,1029,None,Move,gaming
1571577929.9320002,813,1029,None,Move,gaming
1571577929.941,815,1029,None,Move,gaming
1571577929.952,822,1029,None,Move,gaming
1571577929.959,826,1029,None,Move,gaming
1571577929.971,829,1029,None,Move,gaming
1571577929.978,833,1029,None,Move,gaming
1571577929.9910002,836,1029,None,Move,gaming
1571577929.998,840,1029,None,Move,gaming
1571577930.0089998,845,1029,None,Move,gaming
1571577930.019,848,1029,None,Move,gaming
1571577930.031,853,1029,None,Move,gaming
1571577930.039,855,1029,None,Move,gaming
1571577930.053,855,1029,None,Move,gaming
1571577930.063,859,1029,None,Move,gaming
1571577930.072,862,1029,None,Move,gaming
1571577930.085,865,1029,None,Move,gaming
1571577930.092,868,1029,None,Move,gaming
1571577930.103,873,1029,None,Move,gaming
1571577930.11,875,1029,None,Move,gaming
1571577930.1220002,876,1029,None,Move,gaming
1571577930.1279998,876,1029,None,Move,gaming
1571577930.141,878,1029,None,Move,gaming
1571577930.15,880,1029,None,Move,gaming
1571577930.1620002,883,1029,None,Move,gaming
1571577930.173,890,1029,None,Move,gaming
1571577930.1820002,901,1029,None,Move,gaming
1571577930.1929998,925,1029,None,Move,gaming
1571577930.2,940,1026,None,Move,gaming
1571577930.212,957,1025,None,Move,gaming
1571577930.22,975,1023,None,Move,gaming
1571577930.231,1000,1019,None,Move,gaming
1571577930.2389998,1012,1017,None,Move,gaming
1571577930.25,1023,1016,None,Move,gaming
1571577930.256,1031,1015,None,Move,gaming
1571577930.268,1042,1014,None,Move,gaming
1571577930.274,1051,1014,None,Move,gaming
1571577930.2870002,1070,1012,None,Move,gaming
1571577930.295,1081,1012,None,Move,gaming
1571577930.3070002,1090,1011,None,Move,gaming
1571577930.314,1100,1010,None,Move,gaming
1571577930.326,1109,1009,None,Move,gaming
1571577930.336,1128,1009,None,Move,gaming
1571577930.344,1136,1007,None,Move,gaming
1571577930.354,1144,1007,None,Move,gaming
1571577930.363,1151,1007,None,Move,gaming
1571577930.373,1160,1007,None,Move,gaming
1571577930.383,1167,1007,None,Move,gaming
1571577930.395,1180,1007,None,Move,gaming
1571577930.403,1190,1007,None,Move,gaming
1571577930.414,1198,1007,None,Move,gaming
1571577930.421,1204,1007,None,Move,gaming
1571577930.4320002,1219,1007,None,Move,gaming
1571577930.439,1227,1007,None,Move,gaming
1571577930.45,1234,1007,None,Move,gaming
1571577930.457,1239,1007,None,Move,gaming
1571577930.469,1243,1007,None,Move,gaming
1571577930.476,1251,1007,None,Move,gaming
1571577930.4870002,1261,1005,None,Move,gaming
1571577930.494,1265,1005,None,Move,gaming
1571577930.506,1270,1003,None,Move,gaming
1571577930.5129998,1271,1002,None,Move,gaming
1571577930.525,1271,1002,None,Move,gaming
1571577930.531,1272,1002,None,Move,gaming
1571577930.542,1272,1001,None,Move,gaming
1571577930.55,1273,1001,None,Move,gaming
1571577930.561,1274,1000,None,Move,gaming
1571577930.5679998,1275,998,None,Move,gaming
1571577930.58,1277,997,None,Move,gaming
1571577930.589,1278,995,None,Move,gaming
1571577930.601,1284,989,None,Move,gaming
1571577930.6079998,1289,985,None,Move,gaming
1571577930.6220002,1295,980,None,Move,gaming
1571577930.63,1299,976,None,Move,gaming
1571577930.6420002,1311,967,None,Move,gaming
1571577930.649,1315,964,None,Move,gaming
1571577930.661,1318,962,None,Move,gaming
1571577930.668,1322,960,None,Move,gaming
1571577930.68,1323,959,None,Move,gaming
1571577930.718,1323,959,None,Move,gaming
1571577930.735,1323,958,None,Move,gaming
1571577930.7429998,1319,958,None,Move,gaming
1571577930.756,1309,958,None,Move,gaming
1571577930.762,1299,958,None,Move,gaming
1571577930.776,1274,958,None,Move,gaming
1571577930.783,1257,958,None,Move,gaming
1571577930.796,1245,958,None,Move,gaming
1571577930.8070002,1220,958,None,Move,gaming
1571577930.8179998,1210,958,None,Move,gaming
1571577930.83,1200,958,None,Move,gaming
1571577930.839,1181,955,None,Move,gaming
1571577930.853,1172,954,None,Move,gaming
1571577930.86,1160,950,None,Move,gaming
1571577930.87,1149,949,None,Move,gaming
1571577930.881,1119,947,None,Move,gaming
1571577930.894,1101,943,None,Move,gaming
1571577930.903,1062,943,None,Move,gaming
1571577930.915,1043,943,None,Move,gaming
1571577930.924,1028,943,None,Move,gaming
1571577930.937,1003,943,None,Move,gaming
1571577930.945,991,943,None,Move,gaming
1571577930.956,982,943,None,Move,gaming
1571577930.966,971,943,None,Move,gaming
1571577930.978,951,943,None,Move,gaming
1571577930.986,941,943,None,Move,gaming
1571577930.998,931,943,None,Move,gaming
1571577931.006,923,943,None,Move,gaming
1571577931.02,912,946,None,Move,gaming
1571577931.029,909,948,None,Move,gaming
1571577931.043,908,948,None,Move,gaming
1571577931.086,908,949,None,Move,gaming
1571577931.103,905,949,None,Move,gaming
1571577931.1120002,903,950,None,Move,gaming
1571577931.123,899,953,None,Move,gaming
1571577931.1339998,895,955,None,Move,gaming
1571577931.144,882,959,None,Move,gaming
1571577931.551,883,959,None,Move,gaming
1571577931.562,887,959,None,Move,gaming
1571577931.577,894,956,None,Move,gaming
1571577931.592,908,955,None,Move,gaming
1571577931.6079998,922,952,None,Move,gaming
1571577931.62,930,951,None,Move,gaming
1571577931.6339998,949,950,None,Move,gaming
1571577931.643,957,950,None,Move,gaming
1571577931.658,975,950,None,Move,gaming
1571577931.6720002,995,950,None,Move,gaming
1571577931.687,1015,950,None,Move,gaming
1571577931.696,1027,950,None,Move,gaming
1571577931.712,1047,950,None,Move,gaming
1571577931.724,1058,950,None,Move,gaming
1571577931.738,1076,950,None,Move,gaming
1571577931.7510002,1084,950,None,Move,gaming
1571577931.7629998,1097,949,None,Move,gaming
1571577931.772,1101,948,None,Move,gaming
1571577931.786,1104,948,None,Move,gaming
1571577931.796,1106,948,None,Move,gaming
1571577931.811,1106,948,None,Move,gaming
1571577932.174,1106,948,None,Move,gaming
1571577932.189,1108,948,None,Move,gaming
1571577932.195,1111,947,None,Move,gaming
1571577932.209,1119,945,None,Move,gaming
1571577932.216,1124,945,None,Move,gaming
1571577932.229,1129,943,None,Move,gaming
1571577932.2370002,1136,942,None,Move,gaming
1571577932.2489998,1154,940,None,Move,gaming
1571577932.256,1163,939,None,Move,gaming
1571577932.268,1170,937,None,Move,gaming
1571577932.2770002,1181,936,None,Move,gaming
1571577932.291,1207,932,None,Move,gaming
1571577932.301,1220,930,None,Move,gaming
1571577932.314,1241,929,None,Move,gaming
1571577932.32,1252,927,None,Move,gaming
1571577932.334,1260,925,None,Move,gaming
1571577932.34,1270,924,None,Move,gaming
1571577932.353,1284,922,None,Move,gaming
1571577932.361,1290,921,None,Move,gaming
1571577932.373,1296,920,None,Move,gaming
1571577932.381,1300,919,None,Move,gaming
1571577932.395,1307,917,None,Move,gaming
1571577932.403,1309,916,None,Move,gaming
1571577932.419,1311,915,None,Move,gaming
1571577932.502,1311,915,None,Move,gaming
1571577932.5670002,1311,914,None,Move,gaming
1571577932.581,1311,910,None,Move,gaming
1571577932.593,1302,899,None,Move,gaming
1571577932.6020002,1294,893,None,Move,gaming
1571577932.6160002,1276,882,None,Move,gaming
1571577932.6239998,1263,875,None,Move,gaming
1571577932.637,1248,869,None,Move,gaming
1571577932.645,1225,860,None,Move,gaming
1571577932.658,1178,843,None,Move,gaming
1571577932.666,1160,839,None,Move,gaming
1571577932.679,1134,833,None,Move,gaming
1571577932.688,1125,832,None,Move,gaming
1571577932.7029998,1120,832,None,Move,gaming
1571577932.71,1117,831,None,Move,gaming
1571577932.724,1115,831,None,Move,gaming
1571577932.75,1114,831,None,Move,gaming
1571577932.7629998,1112,831,None,Move,gaming
1571577932.7729998,1108,831,None,Move,gaming
1571577932.7870002,1094,831,None,Move,gaming
1571577932.796,1085,833,None,Move,gaming
1571577932.8079998,1062,840,None,Move,gaming
1571577932.8170002,1052,843,None,Move,gaming
1571577932.831,1040,845,None,Move,gaming
1571577932.84,1038,846,None,Move,gaming
1571577932.854,1038,847,None,Move,gaming
1571577933.207,1038,847,None,Move,gaming
1571577933.343,1038,847,None,Move,gaming
1571577933.599,1038,847,None,Move,gaming
1571577933.6120002,1039,847,None,Move,gaming
1571577933.627,1044,849,None,Move,gaming
1571577933.635,1049,852,None,Move,gaming
1571577933.651,1054,856,None,Move,gaming
1571577933.658,1058,858,None,Move,gaming
1571577933.6720002,1062,861,None,Move,gaming
1571577933.685,1064,862,None,Move,gaming
1571577933.6929998,1066,863,None,Move,gaming
1571577933.705,1068,864,None,Move,gaming
1571577933.7129998,1069,864,None,Move,gaming
1571577934.711,1068,864,None,Move,gaming
1571577934.7270002,1059,864,None,Move,gaming
1571577934.734,1053,864,None,Move,gaming
1571577934.7470002,1033,864,None,Move,gaming
1571577934.7570002,1019,864,None,Move,gaming
1571577934.77,1015,864,None,Move,gaming
1571577935.015,1013,864,None,Move,gaming
1571577935.0229998,1009,864,None,Move,gaming
1571577935.035,1008,864,None,Move,gaming
1571577935.046,1008,864,None,Move,gaming
1571577935.06,1006,864,None,Move,gaming
1571577935.069,1005,864,None,Move,gaming
1571577935.081,1003,864,None,Move,gaming
1571577935.089,1001,864,None,Move,gaming
1571577935.103,997,863,None,Move,gaming
1571577935.1120002,993,863,None,Move,gaming
1571577935.127,990,862,None,Move,gaming
1571577935.135,984,862,None,Move,gaming
1571577935.147,981,861,None,Move,gaming
1571577935.156,979,861,None,Move,gaming
1571577935.17,978,861,None,Move,gaming
1571577935.383,977,861,None,Move,gaming
1571577935.415,976,861,None,Move,gaming
1571577935.447,975,861,None,Move,gaming
1571577935.479,975,861,None,Move,gaming
1571577935.495,974,861,None,Move,gaming
1571577935.535,973,861,None,Move,gaming
1571577935.583,972,861,None,Move,gaming
1571577935.6,971,861,None,Move,gaming
1571577935.615,969,861,None,Move,gaming
1571577935.627,969,861,None,Move,gaming
1571577935.644,967,861,None,Move,gaming
1571577935.655,964,861,None,Move,gaming
1571577935.666,961,861,None,Move,gaming
1571577935.679,947,859,None,Move,gaming
1571577935.689,937,859,None,Move,gaming
1571577935.7029998,915,855,None,Move,gaming
1571577935.7129998,909,853,None,Move,gaming
1571577935.728,906,853,None,Move,gaming
1571577936.014,905,853,None,Move,gaming
1571577936.025,904,853,None,Move,gaming
1571577936.038,904,853,None,Move,gaming
1571577936.055,902,852,None,Move,gaming
1571577936.064,902,852,None,Move,gaming
1571577936.0779998,901,852,None,Move,gaming
1571577936.091,899,850,None,Move,gaming
1571577936.105,895,848,None,Move,gaming
1571577936.113,893,846,None,Move,gaming
1571577936.1239998,889,844,None,Move,gaming
1571577936.133,886,843,None,Move,gaming
1571577936.145,881,840,None,Move,gaming
1571577936.154,878,837,None,Move,gaming
1571577936.166,877,836,None,Move,gaming
1571577936.177,874,833,None,Move,gaming
1571577936.189,871,831,None,Move,gaming
1571577936.2,868,828,None,Move,gaming
1571577936.2129998,865,826,None,Move,gaming
1571577936.22,861,823,None,Move,gaming
1571577936.2329998,854,818,None,Move,gaming
1571577936.2410002,850,815,None,Move,gaming
1571577936.2529998,845,812,None,Move,gaming
1571577936.262,839,809,None,Move,gaming
1571577936.274,832,805,None,Move,gaming
1571577936.283,828,803,None,Move,gaming
1571577936.296,820,799,None,Move,gaming
1571577936.305,817,796,None,Move,gaming
1571577936.3179998,815,796,None,Move,gaming
1571577936.3279998,812,794,None,Move,gaming
1571577936.341,811,794,None,Move,gaming
1571577937.311,811,794,None,Move,gaming
1571577937.326,808,794,None,Move,gaming
1571577937.3379998,806,794,None,Move,gaming
1571577937.347,801,794,None,Move,gaming
1571577937.354,794,794,None,Move,gaming
1571577937.367,787,794,None,Move,gaming
1571577937.3760002,771,794,None,Move,gaming
1571577937.3879998,763,795,None,Move,gaming
1571577937.399,744,795,None,Move,gaming
1571577937.408,736,795,None,Move,gaming
1571577937.416,728,795,None,Move,gaming
1571577937.429,718,795,None,Move,gaming
1571577937.437,706,795,None,Move,gaming
1571577937.45,679,795,None,Move,gaming
1571577937.457,669,795,None,Move,gaming
1571577937.47,657,795,None,Move,gaming
1571577937.476,646,795,None,Move,gaming
1571577937.4889998,628,795,None,Move,gaming
1571577937.4989998,620,795,None,Move,gaming
1571577937.51,612,795,None,Move,gaming
1571577937.518,603,795,None,Move,gaming
1571577937.53,588,797,None,Move,gaming
1571577937.538,583,798,None,Move,gaming
1571577937.551,569,799,None,Move,gaming
1571577937.559,565,800,None,Move,gaming
1571577937.57,559,801,None,Move,gaming
1571577937.5779998,556,802,None,Move,gaming
1571577937.592,553,802,None,Move,gaming
1571577937.599,552,802,None,Move,gaming
1571577937.6120002,552,802,None,Move,gaming
1571577937.619,550,802,None,Move,gaming
1571577937.663,550,802,None,Move,gaming
1571577938.0070002,549,802,None,Move,gaming
1571577938.021,548,802,None,Move,gaming
1571577938.028,547,802,None,Move,gaming
1571577938.043,546,802,None,Move,gaming
1571577938.05,546,802,None,Move,gaming
1571577938.063,543,801,None,Move,gaming
1571577938.071,541,801,None,Move,gaming
1571577938.085,539,799,None,Move,gaming
1571577938.094,535,798,None,Move,gaming
1571577938.107,530,794,None,Move,gaming
1571577938.115,528,789,None,Move,gaming
1571577938.127,525,789,None,Move,gaming
1571577938.1339998,520,786,None,Move,gaming
1571577938.146,513,783,None,Move,gaming
1571577938.155,510,782,None,Move,gaming
1571577938.167,507,780,None,Move,gaming
1571577938.175,504,779,None,Move,gaming
1571577938.187,502,778,None,Move,gaming
1571577938.194,499,777,None,Move,gaming
1571577938.205,497,775,None,Move,gaming
1571577938.2129998,496,774,None,Move,gaming
1571577938.2270002,491,773,None,Move,gaming
1571577938.234,487,771,None,Move,gaming
1571577938.2470002,482,769,None,Move,gaming
1571577938.254,478,767,None,Move,gaming
1571577938.266,477,767,None,Move,gaming
1571577938.274,476,766,None,Move,gaming
1571577938.288,470,764,None,Move,gaming
1571577938.295,469,763,None,Move,gaming
1571577938.3079998,467,762,None,Move,gaming
1571577938.315,465,762,None,Move,gaming
1571577938.327,462,760,None,Move,gaming
1571577938.335,460,759,None,Move,gaming
1571577938.344,458,759,None,Move,gaming
1571577938.355,456,759,None,Move,gaming
1571577938.363,456,758,None,Move,gaming
1571577938.3739998,453,758,None,Move,gaming
1571577938.381,452,757,None,Move,gaming
1571577938.3920002,449,756,None,Move,gaming
1571577938.401,447,755,None,Move,gaming
1571577938.413,446,755,None,Move,gaming
1571577938.42,444,755,None,Move,gaming
1571577938.431,440,753,None,Move,gaming
1571577938.441,438,753,None,Move,gaming
1571577938.449,437,753,None,Move,gaming
1571577938.461,436,752,None,Move,gaming
1571577938.471,434,751,None,Move,gaming
1571577938.484,430,750,None,Move,gaming
1571577938.498,428,750,None,Move,gaming
1571577938.534,428,749,None,Move,gaming
1571577938.5670002,428,749,None,Move,gaming
1571577939.335,427,748,None,Move,gaming
1571577939.446,427,747,None,Move,gaming
1571577939.454,426,747,None,Move,gaming
1571577941.246,426,746,None,Move,gaming
1571577941.455,425,746,None,Move,gaming
1571577946.4870002,425,746,None,Move,gaming
1571577948.5110002,424,746,None,Move,gaming
1571577948.583,423,746,None,Move,gaming
1571577948.647,422,746,None,Move,gaming
1571577948.679,422,746,None,Move,gaming
1571577948.735,421,746,None,Move,gaming
1571577948.7510002,420,746,None,Move,gaming
1571577948.7670002,420,746,None,Move,gaming
1571577948.783,419,746,None,Move,gaming
1571577948.815,418,746,None,Move,gaming
1571577948.847,417,746,None,Move,gaming
1571577948.911,417,746,None,Move,gaming
1571577948.967,416,746,None,Move,gaming
1571577949.079,415,746,None,Move,gaming
1571577949.214,414,746,None,Move,gaming
1571577949.399,414,746,None,Move,gaming
1571577949.431,413,746,None,Move,gaming
1571577949.47,413,746,None,Move,gaming
1571577949.535,411,746,None,Move,gaming
1571577965.4870002,411,744,None,Move,gaming
1571577965.498,415,741,None,Move,gaming
1571577965.51,419,738,None,Move,gaming
1571577965.521,430,734,None,Move,gaming
1571577965.534,437,732,None,Move,gaming
1571577965.541,441,729,None,Move,gaming
1571577965.554,457,723,None,Move,gaming
1571577965.561,465,718,None,Move,gaming
1571577965.575,479,711,None,Move,gaming
1571577965.586,485,707,None,Move,gaming
1571577965.596,489,702,None,Move,gaming
1571577965.611,493,698,None,Move,gaming
1571577965.623,495,695,None,Move,gaming
1571577965.6320002,498,689,None,Move,gaming
1571577965.646,500,687,None,Move,gaming
1571577965.655,501,685,None,Move,gaming
1571577965.668,502,684,None,Move,gaming
1571577965.678,504,681,None,Move,gaming
1571577965.6920002,505,680,None,Move,gaming
1571577965.7029998,508,679,None,Move,gaming
1571577965.7129998,523,674,None,Move,gaming
1571577965.726,531,673,None,Move,gaming
1571577965.735,555,668,None,Move,gaming
1571577965.748,569,664,None,Move,gaming
1571577965.755,582,662,None,Move,gaming
1571577965.77,610,654,None,Move,gaming
1571577965.7770002,622,653,None,Move,gaming
1571577965.79,634,652,None,Move,gaming
1571577965.798,645,651,None,Move,gaming
1571577965.811,665,649,None,Move,gaming
1571577965.8170002,673,649,None,Move,gaming
1571577965.83,680,649,None,Move,gaming
1571577965.837,685,649,None,Move,gaming
1571577965.85,689,650,None,Move,gaming
1571577965.857,691,652,None,Move,gaming
1571577965.8679998,694,654,None,Move,gaming
1571577965.8779998,696,659,None,Move,gaming
1571577965.889,700,671,None,Move,gaming
1571577965.899,705,680,None,Move,gaming
1571577965.9120002,711,700,None,Move,gaming
1571577965.919,714,712,None,Move,gaming
1571577965.9320002,719,726,None,Move,gaming
1571577965.94,721,738,None,Move,gaming
1571577965.952,724,762,None,Move,gaming
1571577965.96,727,774,None,Move,gaming
1571577965.972,728,786,None,Move,gaming
1571577965.979,730,797,None,Move,gaming
1571577965.992,738,823,None,Move,gaming
1571577965.998,741,834,None,Move,gaming
1571577966.0110002,744,845,None,Move,gaming
1571577966.02,748,858,None,Move,gaming
1571577966.033,756,880,None,Move,gaming
1571577966.039,760,891,None,Move,gaming
1571577966.046,766,904,None,Move,gaming
1571577966.06,771,915,None,Move,gaming
1571577966.066,776,926,None,Move,gaming
1571577966.0779998,779,934,None,Move,gaming
1571577966.086,782,941,None,Move,gaming
1571577966.099,790,956,None,Move,gaming
1571577966.105,793,962,None,Move,gaming
1571577966.1179998,796,969,None,Move,gaming
1571577966.1260002,798,974,None,Move,gaming
1571577966.139,804,982,None,Move,gaming
1571577966.145,805,984,None,Move,gaming
1571577966.157,806,986,None,Move,gaming
1571577966.166,808,988,None,Move,gaming
1571577966.179,810,991,None,Move,gaming
1571577966.186,811,993,None,Move,gaming
1571577966.198,813,993,None,Move,gaming
1571577966.206,813,994,None,Move,gaming
1571577966.22,814,994,None,Move,gaming
1571577966.256,814,994,Left,Pressed,gaming
1571577966.343,814,994,Left,Released,gaming
1571577966.5270002,815,994,None,Move,gaming
1571577966.541,816,994,None,Move,gaming
1571577966.55,816,992,None,Move,gaming
1571577966.565,816,991,None,Move,gaming
1571577966.575,817,987,None,Move,gaming
1571577966.589,818,983,None,Move,gaming
1571577966.596,818,980,None,Move,gaming
1571577966.61,819,972,None,Move,gaming
1571577966.617,819,967,None,Move,gaming
1571577966.631,819,951,None,Move,gaming
1571577966.639,820,943,None,Move,gaming
1571577966.6520002,820,933,None,Move,gaming
1571577966.659,820,926,None,Move,gaming
1571577966.6720002,821,912,None,Move,gaming
1571577966.6820002,821,904,None,Move,gaming
1571577966.694,821,897,None,Move,gaming
1571577966.701,817,888,None,Move,gaming
1571577966.715,810,874,None,Move,gaming
1571577966.722,805,867,None,Move,gaming
1571577966.734,799,859,None,Move,gaming
1571577966.7429998,787,844,None,Move,gaming
1571577966.7510002,782,839,None,Move,gaming
1571577966.762,776,834,None,Move,gaming
1571577966.771,771,829,None,Move,gaming
1571577966.784,767,826,None,Move,gaming
1571577966.792,767,824,None,Move,gaming
1571577966.805,766,824,None,Move,gaming
1571577966.812,766,822,None,Move,gaming
1571577966.826,762,817,None,Move,gaming
1571577966.832,760,815,None,Move,gaming
1571577966.845,755,811,None,Move,gaming
1571577966.853,750,809,None,Move,gaming
1571577966.87,740,804,None,Move,gaming
1571577966.881,723,800,None,Move,gaming
1571577966.894,716,799,None,Move,gaming
1571577966.907,707,797,None,Move,gaming
1571577966.915,707,797,None,Move,gaming
1571577967.0070002,706,797,None,Move,gaming
1571577967.016,705,797,None,Move,gaming
1571577967.029,704,797,None,Move,gaming
1571577967.0370002,701,797,None,Move,gaming
1571577967.0470002,701,797,None,Move,gaming
1571577967.423,701,797,None,Move,gaming
1571577967.4329998,703,795,None,Move,gaming
1571577967.447,705,795,None,Move,gaming
1571577967.454,705,794,None,Move,gaming
1571577967.468,707,793,None,Move,gaming
1571577967.475,707,793,None,Move,gaming
1571577967.4889998,711,792,None,Move,gaming
1571577967.502,716,792,None,Move,gaming
1571577967.5170002,727,788,None,Move,gaming
1571577967.538,749,787,None,Move,gaming
1571577967.55,757,787,None,Move,gaming
1571577967.565,778,787,None,Move,gaming
1571577967.575,803,787,None,Move,gaming
1571577967.5879998,820,787,None,Move,gaming
1571577967.601,853,787,None,Move,gaming
1571577967.6160002,894,793,None,Move,gaming
1571577967.625,911,798,None,Move,gaming
1571577967.6379998,938,806,None,Move,gaming
1571577967.6479998,976,815,None,Move,gaming
1571577967.663,1014,826,None,Move,gaming
1571577967.673,1029,832,None,Move,gaming
1571577967.689,1055,844,None,Move,gaming
1571577967.699,1064,847,None,Move,gaming
1571577967.715,1077,853,None,Move,gaming
1571577967.724,1078,854,None,Move,gaming
1571577967.74,1080,856,None,Move,gaming
1571577967.752,1080,856,None,Move,gaming
1571577968.024,1081,856,None,Move,gaming
1571577968.0370002,1081,856,None,Move,gaming
1571577968.166,1081,856,None,Move,gaming
1571577968.178,1079,856,None,Move,gaming
1571577968.191,1077,856,None,Move,gaming
1571577968.199,1069,858,None,Move,gaming
1571577968.2129998,1064,859,None,Move,gaming
1571577968.221,1059,861,None,Move,gaming
1571577968.235,1047,863,None,Move,gaming
1571577968.245,1040,865,None,Move,gaming
1571577968.2589998,1030,867,None,Move,gaming
1571577968.2670002,1021,871,None,Move,gaming
1571577968.279,1003,876,None,Move,gaming
1571577968.2870002,993,877,None,Move,gaming
1571577968.299,980,879,None,Move,gaming
1571577968.3070002,968,881,None,Move,gaming
1571577968.3170002,958,882,None,Move,gaming
1571577968.325,945,885,None,Move,gaming
1571577968.337,923,888,None,Move,gaming
1571577968.345,911,889,None,Move,gaming
1571577968.3579998,900,891,None,Move,gaming
1571577968.3660002,889,893,None,Move,gaming
1571577968.379,871,899,None,Move,gaming
1571577968.387,864,900,None,Move,gaming
1571577968.399,859,902,None,Move,gaming
1571577968.407,858,902,None,Move,gaming
1571577968.419,858,902,None,Move,gaming
1571577968.471,857,903,None,Move,gaming
1571577968.519,856,903,None,Move,gaming
1571577968.863,856,903,None,Move,gaming
1571577968.959,856,903,None,Move,gaming
1571577969.022,855,903,None,Move,gaming
1571577969.034,855,902,None,Move,gaming
1571577969.071,854,902,None,Move,gaming
1571577969.08,853,901,None,Move,gaming
1571577969.093,852,900,None,Move,gaming
1571577969.101,851,899,None,Move,gaming
1571577969.1160002,850,896,None,Move,gaming
1571577969.1239998,848,894,None,Move,gaming
1571577969.1360002,847,891,None,Move,gaming
1571577969.143,847,889,None,Move,gaming
1571577969.156,847,889,None,Move,gaming
1571577969.163,846,887,None,Move,gaming
1571577969.177,845,885,None,Move,gaming
1571577969.1829998,844,883,None,Move,gaming
1571577969.196,844,883,None,Move,gaming
1571577969.2029998,843,882,None,Move,gaming
1571577969.217,843,882,None,Move,gaming
1571577969.226,843,880,None,Move,gaming
1571577969.9910002,843,880,None,Move,gaming
1571577970.038,842,880,None,Move,gaming
1571577970.051,842,879,None,Move,gaming
1571577970.064,841,879,None,Move,gaming
1571577970.079,841,878,None,Move,gaming
1571577970.091,839,877,None,Move,gaming
1571577970.1020002,839,876,None,Move,gaming
1571577970.111,838,876,None,Move,gaming
1571577970.1220002,836,875,None,Move,gaming
1571577970.1339998,835,874,None,Move,gaming
1571577970.1479998,834,873,None,Move,gaming
1571577970.155,833,872,None,Move,gaming
1571577970.167,831,870,None,Move,gaming
1571577970.176,829,869,None,Move,gaming
1571577970.189,829,868,None,Move,gaming
1571577970.196,827,867,None,Move,gaming
1571577970.208,825,865,None,Move,gaming
1571577970.217,825,864,None,Move,gaming
1571577970.229,824,864,None,Move,gaming
1571577970.236,823,863,None,Move,gaming
1571577970.248,822,863,None,Move,gaming
1571577971.214,822,863,None,Move,gaming
1571577971.225,819,861,None,Move,gaming
1571577971.238,818,859,None,Move,gaming
1571577971.2510002,815,854,None,Move,gaming
1571577971.26,814,851,None,Move,gaming
1571577971.272,811,846,None,Move,gaming
1571577971.28,811,844,None,Move,gaming
1571577971.292,810,842,None,Move,gaming
1571577971.3,810,841,None,Move,gaming
1571577971.313,808,838,None,Move,gaming
1571577971.334,808,837,None,Move,gaming
1571577971.591,807,835,None,Move,gaming
1571577971.605,806,834,None,Move,gaming
1571577971.615,806,830,None,Move,gaming
1571577971.6260002,806,828,None,Move,gaming
1571577971.639,804,827,None,Move,gaming
1571577972.135,804,826,None,Move,gaming
1571577972.146,804,824,None,Move,gaming
1571577972.1520002,803,820,None,Move,gaming
1571577972.164,800,816,None,Move,gaming
1571577972.171,800,813,None,Move,gaming
1571577972.1829998,798,808,None,Move,gaming
1571577972.189,798,805,None,Move,gaming
1571577972.201,796,801,None,Move,gaming
1571577972.207,796,800,None,Move,gaming
1571577972.218,796,798,None,Move,gaming
1571577972.327,796,798,None,Move,gaming
1571577972.339,796,801,None,Move,gaming
1571577972.347,796,801,None,Move,gaming
1571577972.357,796,803,None,Move,gaming
1571577972.7429998,795,803,None,Move,gaming
1571577973.982,795,803,None,Move,gaming
1571577973.995,795,803,None,Move,gaming
1571577974.002,795,804,None,Move,gaming
1571577974.014,795,804,None,Move,gaming
1571577977.303,794,806,None,Move,gaming
1571577977.315,792,807,None,Move,gaming
1571577977.324,792,808,None,Move,gaming
1571577977.333,790,810,None,Move,gaming
1571577977.3979998,789,810,None,Move,gaming
1571577977.414,787,810,None,Move,gaming
1571577977.426,786,810,None,Move,gaming
1571577977.4329998,783,810,None,Move,gaming
1571577977.446,781,811,None,Move,gaming
1571577977.452,779,812,None,Move,gaming
1571577977.4629998,778,812,None,Move,gaming
1571577977.495,778,813,None,Move,gaming
1571577977.5029998,778,816,None,Move,gaming
1571577977.514,781,824,None,Move,gaming
1571577977.522,787,834,None,Move,gaming
1571577977.532,792,842,None,Move,gaming
1571577977.539,799,853,None,Move,gaming
1571577977.55,808,865,None,Move,gaming
1571577977.5570002,819,881,None,Move,gaming
1571577977.569,845,913,None,Move,gaming
1571577977.575,855,925,None,Move,gaming
1571577977.587,864,937,None,Move,gaming
1571577977.593,876,951,None,Move,gaming
1571577977.605,883,962,None,Move,gaming
1571577977.611,888,970,None,Move,gaming
1571577977.6220002,893,980,None,Move,gaming
1571577977.629,896,986,None,Move,gaming
1571577977.637,896,990,None,Move,gaming
1571577977.647,896,993,None,Move,gaming
1571577977.657,896,994,None,Move,gaming
1571577977.666,896,996,None,Move,gaming
1571577977.919,898,996,None,Move,gaming
1571577977.927,906,991,None,Move,gaming
1571577977.937,911,989,None,Move,gaming
1571577977.944,917,985,None,Move,gaming
1571577977.956,921,984,None,Move,gaming
1571577977.9629998,926,980,None,Move,gaming
1571577977.9729998,933,976,None,Move,gaming
1571577977.98,943,971,None,Move,gaming
1571577977.9910002,961,959,None,Move,gaming
1571577977.998,971,953,None,Move,gaming
1571577978.0089998,982,947,None,Move,gaming
1571577978.016,996,937,None,Move,gaming
1571577978.0270002,1006,930,None,Move,gaming
1571577978.035,1013,923,None,Move,gaming
1571577978.0470002,1029,908,None,Move,gaming
1571577978.055,1035,899,None,Move,gaming
1571577978.066,1040,888,None,Move,gaming
1571577978.072,1041,882,None,Move,gaming
1571577978.084,1041,877,None,Move,gaming
1571577978.09,1041,873,None,Move,gaming
1571577978.101,1041,866,None,Move,gaming
1571577978.1079998,1039,860,None,Move,gaming
1571577978.12,1031,847,None,Move,gaming
1571577978.1260002,1027,838,None,Move,gaming
1571577978.1379998,1021,833,None,Move,gaming
1571577978.144,1016,828,None,Move,gaming
1571577978.156,1014,826,None,Move,gaming
1571577978.1620002,1012,825,None,Move,gaming
1571577978.173,1010,822,None,Move,gaming
1571577978.179,1009,821,None,Move,gaming
1571577978.191,1007,819,None,Move,gaming
1571577978.196,1005,816,None,Move,gaming
1571577978.207,1004,815,None,Move,gaming
1571577978.215,1004,814,None,Move,gaming
1571577978.226,1003,813,None,Move,gaming
1571577978.2389998,1002,813,None,Move,gaming
1571577978.248,1002,812,None,Move,gaming
1571577978.258,1002,812,None,Move,gaming
1571577978.2670002,1001,810,None,Move,gaming
1571577978.279,999,810,None,Move,gaming
1571577978.295,999,809,None,Move,gaming
1571577978.304,998,809,None,Move,gaming
1571577978.3179998,998,808,None,Move,gaming
1571577978.326,997,808,None,Move,gaming
1571577978.3660002,995,807,None,Move,gaming
1571577978.379,994,807,None,Move,gaming
1571577978.3860002,993,807,None,Move,gaming
1571577978.399,991,807,None,Move,gaming
1571577978.407,990,807,None,Move,gaming
1571577978.42,988,807,None,Move,gaming
1571577978.426,985,808,None,Move,gaming
1571577978.438,979,810,None,Move,gaming
1571577978.444,971,813,None,Move,gaming
1571577978.455,954,818,None,Move,gaming
1571577978.4629998,948,820,None,Move,gaming
1571577978.474,948,820,None,Move,gaming
1571577978.719,948,820,None,Move,gaming
1571577978.7589998,948,820,None,Move,gaming
1571577978.77,950,820,None,Move,gaming
1571577978.7770002,951,819,None,Move,gaming
1571577978.788,952,819,None,Move,gaming
1571577978.796,955,816,None,Move,gaming
1571577978.8070002,961,814,None,Move,gaming
1571577978.8170002,963,813,None,Move,gaming
1571577978.826,965,811,None,Move,gaming
1571577978.835,968,810,None,Move,gaming
1571577978.844,970,808,None,Move,gaming
1571577978.854,972,807,None,Move,gaming
1571577978.863,973,807,None,Move,gaming
1571577978.873,976,805,None,Move,gaming
1571577978.881,977,805,None,Move,gaming
1571577978.893,979,805,None,Move,gaming
1571577978.9,981,804,None,Move,gaming
1571577978.9120002,989,803,None,Move,gaming
1571577978.919,997,803,None,Move,gaming
1571577978.93,1004,803,None,Move,gaming
1571577978.937,1012,803,None,Move,gaming
1571577978.949,1019,803,None,Move,gaming
1571577978.955,1027,803,None,Move,gaming
1571577978.966,1033,806,None,Move,gaming
1571577978.9729998,1038,807,None,Move,gaming
1571577978.985,1047,811,None,Move,gaming
1571577978.9910002,1051,814,None,Move,gaming
1571577979.002,1054,816,None,Move,gaming
1571577979.0089998,1056,819,None,Move,gaming
1571577979.024,1061,827,None,Move,gaming
1571577979.031,1064,831,None,Move,gaming
1571577979.042,1069,839,None,Move,gaming
1571577979.049,1074,846,None,Move,gaming
1571577979.06,1076,854,None,Move,gaming
1571577979.0670002,1077,862,None,Move,gaming
1571577979.079,1077,880,None,Move,gaming
1571577979.087,1077,890,None,Move,gaming
1571577979.0979998,1075,899,None,Move,gaming
1571577979.105,1072,905,None,Move,gaming
1571577979.1160002,1066,915,None,Move,gaming
1571577979.123,1062,922,None,Move,gaming
1571577979.135,1056,934,None,Move,gaming
1571577979.143,1052,940,None,Move,gaming
1571577979.154,1050,944,None,Move,gaming
1571577979.161,1048,948,None,Move,gaming
1571577979.1720002,1046,951,None,Move,gaming
1571577979.178,1044,953,None,Move,gaming
1571577979.19,1041,958,None,Move,gaming
1571577979.198,1039,959,None,Move,gaming
1571577979.21,1039,961,None,Move,gaming
1571577979.278,1038,962,None,Move,gaming
1571577979.327,1038,963,None,Move,gaming
1571577979.335,1038,964,None,Move,gaming
1571577979.347,1038,965,None,Move,gaming
1571577979.354,1039,966,None,Move,gaming
1571577979.365,1040,968,None,Move,gaming
1571577979.3720002,1041,969,None,Move,gaming
1571577979.3839998,1045,972,None,Move,gaming
1571577979.391,1049,975,None,Move,gaming
1571577979.4020002,1054,976,None,Move,gaming
1571577979.413,1061,979,None,Move,gaming
1571577979.421,1068,981,None,Move,gaming
1571577979.434,1084,987,None,Move,gaming
1571577979.44,1089,988,None,Move,gaming
1571577979.452,1096,990,None,Move,gaming
1571577979.459,1101,991,None,Move,gaming
1571577979.472,1109,992,None,Move,gaming
1571577979.479,1111,992,None,Move,gaming
1571577979.494,1118,994,None,Move,gaming
1571577979.5029998,1120,994,None,Move,gaming
1571577979.5170002,1123,994,None,Move,gaming
1571577979.526,1124,994,None,Move,gaming
1571577979.539,1126,994,None,Move,gaming
1571577979.546,1127,995,None,Move,gaming
1571577979.575,1128,995,None,Move,gaming
1571577979.585,1128,995,None,Move,gaming
1571577979.597,1129,996,None,Move,gaming
1571577979.607,1131,996,None,Move,gaming
1571577979.6179998,1132,997,None,Move,gaming
1571577979.631,1133,997,None,Move,gaming
1571577979.644,1134,997,None,Move,gaming
1571577979.654,1134,997,None,Move,gaming
1571577979.665,1137,997,None,Move,gaming
1571577979.676,1138,997,None,Move,gaming
1571577979.689,1140,997,None,Move,gaming
1571577979.699,1141,997,None,Move,gaming
1571577979.714,1143,997,None,Move,gaming
1571577979.729,1144,997,None,Move,gaming
1571577979.7589998,1144,996,None,Move,gaming
1571577979.772,1146,995,None,Move,gaming
1571577979.78,1147,995,None,Move,gaming
1571577979.795,1151,992,None,Move,gaming
1571577979.804,1152,991,None,Move,gaming
1571577979.82,1155,988,None,Move,gaming
1571577979.829,1157,987,None,Move,gaming
1571577979.841,1158,986,None,Move,gaming
1571577979.849,1159,986,None,Move,gaming
1571577979.911,1160,985,None,Move,gaming
1571577979.923,1160,985,None,Move,gaming
1571577979.935,1161,984,None,Move,gaming
1571577979.948,1161,984,None,Move,gaming
1571577979.974,1163,982,None,Move,gaming
1571577979.9910002,1163,981,None,Move,gaming
1571577980.0070002,1164,978,None,Move,gaming
1571577980.016,1164,977,None,Move,gaming
1571577980.029,1164,975,None,Move,gaming
1571577980.0370002,1165,972,None,Move,gaming
1571577980.048,1165,963,None,Move,gaming
1571577980.0579998,1165,958,None,Move,gaming
1571577980.069,1165,951,None,Move,gaming
1571577980.079,1165,945,None,Move,gaming
1571577980.091,1163,931,None,Move,gaming
1571577980.1,1161,924,None,Move,gaming
1571577980.111,1150,908,None,Move,gaming
1571577980.119,1145,900,None,Move,gaming
1571577980.13,1138,890,None,Move,gaming
1571577980.1379998,1131,883,None,Move,gaming
1571577980.149,1122,875,None,Move,gaming
1571577980.156,1111,867,None,Move,gaming
1571577980.169,1085,856,None,Move,gaming
1571577980.176,1073,850,None,Move,gaming
1571577980.189,1057,843,None,Move,gaming
1571577980.196,1042,837,None,Move,gaming
1571577980.208,1020,831,None,Move,gaming
1571577980.215,1012,828,None,Move,gaming
1571577980.226,1006,827,None,Move,gaming
1571577980.2329998,1002,825,None,Move,gaming
1571577980.245,1001,825,None,Move,gaming
1571577980.312,1000,825,None,Move,gaming
1571577980.322,997,826,None,Move,gaming
1571577980.333,997,827,None,Move,gaming
1571577980.342,996,830,None,Move,gaming
1571577980.3520002,993,835,None,Move,gaming
1571577980.361,993,837,None,Move,gaming
1571577980.373,992,839,None,Move,gaming
1571577980.38,990,844,None,Move,gaming
1571577980.3920002,990,850,None,Move,gaming
1571577980.399,989,853,None,Move,gaming
1571577980.41,989,855,None,Move,gaming
1571577980.417,989,859,None,Move,gaming
1571577980.428,988,862,None,Move,gaming
1571577980.436,988,865,None,Move,gaming
1571577980.447,987,870,None,Move,gaming
1571577980.454,986,872,None,Move,gaming
1571577980.466,986,874,None,Move,gaming
1571577980.4729998,986,877,None,Move,gaming
1571577980.484,986,878,None,Move,gaming
1571577980.49,986,880,None,Move,gaming
1571577980.5010002,986,883,None,Move,gaming
1571577980.508,986,884,None,Move,gaming
1571577980.52,986,888,None,Move,gaming
1571577980.5270002,986,890,None,Move,gaming
1571577980.5370002,986,890,None,Move,gaming
1571577980.544,985,891,None,Move,gaming
1571577980.555,985,892,None,Move,gaming
1571577980.5670002,985,893,None,Move,gaming
1571577980.577,985,893,None,Move,gaming
1571577980.589,985,895,None,Move,gaming
1571577980.597,985,897,None,Move,gaming
1571577980.6079998,981,898,None,Move,gaming
1571577980.6139998,978,899,None,Move,gaming
1571577980.6260002,973,902,None,Move,gaming
1571577980.6339998,973,903,None,Move,gaming
1571577980.645,973,903,None,Move,gaming
1571577980.8779998,976,901,None,Move,gaming
1571577980.89,985,897,None,Move,gaming
1571577980.896,992,895,None,Move,gaming
1571577980.907,998,894,None,Move,gaming
1571577980.914,1004,890,None,Move,gaming
1571577980.926,1012,887,None,Move,gaming
1571577980.9329998,1019,885,None,Move,gaming
1571577980.945,1036,876,None,Move,gaming
1571577980.952,1043,874,None,Move,gaming
1571577980.9629998,1052,870,None,Move,gaming
1571577980.969,1060,866,None,Move,gaming
1571577980.981,1068,863,None,Move,gaming
1571577980.988,1075,859,None,Move,gaming
1571577980.998,1082,854,None,Move,gaming
1571577981.005,1088,850,None,Move,gaming
1571577981.0170002,1098,843,None,Move,gaming
1571577981.0229998,1104,840,None,Move,gaming
1571577981.035,1110,834,None,Move,gaming
1571577981.041,1116,829,None,Move,gaming
1571577981.052,1122,826,None,Move,gaming
1571577981.059,1125,823,None,Move,gaming
1571577981.071,1131,820,None,Move,gaming
1571577981.076,1135,817,None,Move,gaming
1571577981.089,1141,812,None,Move,gaming
1571577981.097,1142,812,None,Move,gaming
1571577981.1079998,1144,810,None,Move,gaming
1571577981.119,1146,809,None,Move,gaming
1571577981.1339998,1146,809,None,Move,gaming
1571577981.191,1147,809,None,Move,gaming
1571577981.199,1150,809,None,Move,gaming
1571577981.209,1154,809,None,Move,gaming
1571577981.217,1158,809,None,Move,gaming
1571577981.228,1160,811,None,Move,gaming
1571577981.235,1163,813,None,Move,gaming
1571577981.245,1167,816,None,Move,gaming
1571577981.252,1169,821,None,Move,gaming
1571577981.264,1176,829,None,Move,gaming
1571577981.271,1180,834,None,Move,gaming
1571577981.282,1183,838,None,Move,gaming
1571577981.289,1185,843,None,Move,gaming
1571577981.3,1187,848,None,Move,gaming
1571577981.3070002,1190,851,None,Move,gaming
1571577981.3179998,1191,854,None,Move,gaming
1571577981.325,1192,860,None,Move,gaming
1571577981.336,1197,869,None,Move,gaming
1571577981.344,1199,876,None,Move,gaming
1571577981.356,1202,882,None,Move,gaming
1571577981.363,1205,887,None,Move,gaming
1571577981.373,1207,893,None,Move,gaming
1571577981.38,1209,897,None,Move,gaming
1571577981.3920002,1212,904,None,Move,gaming
1571577981.3979998,1214,908,None,Move,gaming
1571577981.41,1214,910,None,Move,gaming
1571577981.417,1215,913,None,Move,gaming
1571577981.428,1216,913,None,Move,gaming
1571577981.435,1216,915,None,Move,gaming
1571577981.446,1216,917,None,Move,gaming
1571577981.4529998,1216,920,None,Move,gaming
1571577981.464,1216,924,None,Move,gaming
1571577981.471,1216,927,None,Move,gaming
1571577981.482,1216,930,None,Move,gaming
1571577981.4889998,1216,933,None,Move,gaming
1571577981.5010002,1216,934,None,Move,gaming
1571577981.5070002,1216,937,None,Move,gaming
1571577981.518,1216,938,None,Move,gaming
1571577981.526,1216,941,None,Move,gaming
1571577981.538,1216,945,None,Move,gaming
1571577981.544,1216,948,None,Move,gaming
1571577981.556,1216,950,None,Move,gaming
1571577981.563,1216,953,None,Move,gaming
1571577981.574,1216,956,None,Move,gaming
1571577981.581,1215,959,None,Move,gaming
1571577981.593,1214,964,None,Move,gaming
1571577981.6,1213,967,None,Move,gaming
1571577981.6120002,1212,970,None,Move,gaming
1571577981.6179998,1211,973,None,Move,gaming
1571577981.629,1210,975,None,Move,gaming
1571577981.6360002,1210,977,None,Move,gaming
1571577981.647,1208,981,None,Move,gaming
1571577981.655,1208,984,None,Move,gaming
1571577981.665,1207,986,None,Move,gaming
1571577981.6720002,1207,986,None,Move,gaming
1571577981.684,1207,989,None,Move,gaming
1571577981.691,1207,990,None,Move,gaming
1571577981.702,1205,992,None,Move,gaming
1571577981.719,1205,992,Left,Pressed,gaming
1571577981.8,1205,992,Left,Released,gaming
1571577981.8070002,1205,992,None,Move,gaming
1571577981.8170002,1211,986,None,Move,gaming
1571577981.824,1218,980,None,Move,gaming
1571577981.836,1230,969,None,Move,gaming
1571577981.842,1239,961,None,Move,gaming
1571577981.854,1250,950,None,Move,gaming
1571577981.8620002,1265,938,None,Move,gaming
1571577981.873,1288,915,None,Move,gaming
1571577981.88,1297,906,None,Move,gaming
1571577981.891,1303,900,None,Move,gaming
1571577981.9,1309,893,None,Move,gaming
1571577981.909,1314,887,None,Move,gaming
1571577981.919,1323,873,None,Move,gaming
1571577981.93,1327,864,None,Move,gaming
1571577981.939,1331,859,None,Move,gaming
1571577981.952,1341,846,None,Move,gaming
1571577981.959,1344,841,None,Move,gaming
1571577981.97,1347,838,None,Move,gaming
1571577981.9770002,1349,835,None,Move,gaming
1571577981.9889998,1353,829,None,Move,gaming
1571577981.996,1355,826,None,Move,gaming
1571577982.0070002,1359,821,None,Move,gaming
1571577982.015,1360,816,None,Move,gaming
1571577982.029,1362,814,None,Move,gaming
1571577982.0370002,1365,810,None,Move,gaming
1571577982.049,1367,806,None,Move,gaming
1571577982.055,1369,803,None,Move,gaming
1571577982.066,1369,801,None,Move,gaming
1571577982.073,1371,799,None,Move,gaming
1571577982.086,1371,798,None,Move,gaming
1571577982.092,1372,796,None,Move,gaming
1571577982.104,1375,791,None,Move,gaming
1571577982.111,1376,790,None,Move,gaming
1571577982.1220002,1377,788,None,Move,gaming
1571577982.129,1377,787,None,Move,gaming
1571577982.141,1377,786,None,Move,gaming
1571577982.1479998,1377,785,None,Move,gaming
1571577982.16,1379,782,None,Move,gaming
1571577982.167,1381,780,None,Move,gaming
1571577982.178,1382,777,None,Move,gaming
1571577982.185,1382,776,None,Move,gaming
1571577982.197,1384,774,None,Move,gaming
1571577982.2029998,1384,773,None,Move,gaming
1571577982.216,1387,769,None,Move,gaming
1571577982.222,1387,768,None,Move,gaming
1571577982.235,1388,766,None,Move,gaming
1571577982.2410002,1388,766,None,Move,gaming
1571577982.252,1389,764,None,Move,gaming
1571577982.26,1390,762,None,Move,gaming
1571577982.27,1390,761,None,Move,gaming
1571577982.2770002,1390,760,None,Move,gaming
1571577982.288,1391,759,None,Move,gaming
1571577982.526,1391,758,None,Move,gaming
1571577982.5370002,1391,756,None,Move,gaming
1571577982.548,1392,756,None,Move,gaming
1571577982.5570002,1393,755,None,Move,gaming
1571577982.57,1394,753,None,Move,gaming
1571577982.581,1394,753,None,Move,gaming
1571577982.591,1396,750,None,Move,gaming
1571577982.601,1397,749,None,Move,gaming
1571577982.611,1398,748,None,Move,gaming
1571577982.623,1398,747,None,Move,gaming
1571577982.67,1398,747,None,Move,gaming
1571577982.815,1398,747,None,Move,gaming
1571577982.823,1398,748,None,Move,gaming
1571577982.833,1398,751,None,Move,gaming
1571577982.84,1398,754,None,Move,gaming
1571577982.859,1398,757,Left,Pressed,gaming
1571577982.859,1398,757,None,Drag,gaming
1571577982.87,1398,759,None,Drag,gaming
1571577982.879,1395,768,None,Drag,gaming
1571577982.89,1392,773,None,Drag,gaming
1571577982.8979998,1390,777,None,Drag,gaming
1571577982.909,1386,784,None,Drag,gaming
1571577982.917,1382,792,None,Drag,gaming
1571577982.928,1373,806,None,Drag,gaming
1571577982.935,1369,811,None,Drag,gaming
1571577982.948,1364,818,None,Drag,gaming
1571577982.955,1360,822,None,Drag,gaming
1571577982.965,1356,828,None,Drag,gaming
1571577982.9729998,1352,833,None,Drag,gaming
1571577982.985,1345,841,None,Drag,gaming
1571577982.9929998,1341,846,None,Drag,gaming
1571577983.005,1337,852,None,Drag,gaming
1571577983.012,1332,858,None,Drag,gaming
1571577983.024,1317,874,None,Drag,gaming
1571577983.031,1308,883,None,Drag,gaming
1571577983.042,1296,892,None,Drag,gaming
1571577983.048,1280,903,None,Drag,gaming
1571577983.061,1263,914,None,Drag,gaming
1571577983.0679998,1247,925,None,Drag,gaming
1571577983.079,1219,944,None,Drag,gaming
1571577983.087,1209,952,None,Drag,gaming
1571577983.099,1199,958,None,Drag,gaming
1571577983.107,1192,963,None,Drag,gaming
1571577983.119,1187,965,None,Drag,gaming
1571577983.1279998,1178,972,None,Drag,gaming
1571577983.139,1176,973,None,Drag,gaming
1571577983.147,1170,977,None,Drag,gaming
1571577983.158,1169,978,None,Drag,gaming
1571577983.165,1165,981,None,Drag,gaming
1571577983.176,1149,987,None,Drag,gaming
1571577983.1820002,1141,992,None,Drag,gaming
1571577983.195,1129,996,None,Drag,gaming
1571577983.201,1120,1001,None,Drag,gaming
1571577983.212,1113,1003,None,Drag,gaming
1571577983.226,1098,1010,None,Drag,gaming
1571577983.235,1095,1011,None,Drag,gaming
1571577983.246,1091,1013,None,Drag,gaming
1571577983.255,1087,1014,None,Drag,gaming
1571577983.268,1086,1015,None,Drag,gaming
1571577983.275,1085,1016,None,Drag,gaming
1571577983.303,1084,1016,None,Drag,gaming
1571577983.351,1083,1016,None,Drag,gaming
1571577983.36,1080,1016,None,Drag,gaming
1571577983.371,1079,1016,None,Drag,gaming
1571577983.379,1076,1017,None,Drag,gaming
1571577983.3860002,1074,1019,None,Drag,gaming
1571577983.393,1073,1019,None,Drag,gaming
1571577983.4,1071,1019,None,Drag,gaming
1571577983.407,1069,1019,None,Drag,gaming
1571577983.417,1069,1019,None,Drag,gaming
1571577983.417,1069,1019,Left,Released,gaming
1571577983.447,1068,1019,None,Move,gaming
1571577983.479,1067,1019,None,Move,gaming
1571577983.492,1066,1019,None,Move,gaming
1571577983.534,1066,1019,None,Move,gaming
1571577983.546,1066,1018,None,Move,gaming
1571577983.5579998,1066,1017,None,Move,gaming
1571577983.57,1066,1012,None,Move,gaming
1571577983.58,1068,1009,None,Move,gaming
1571577983.593,1071,1002,None,Move,gaming
1571577983.604,1073,999,None,Move,gaming
1571577983.6160002,1077,999,None,Move,gaming
1571577983.895,1081,993,None,Move,gaming
1571577983.904,1084,988,None,Move,gaming
1571577983.917,1089,983,None,Move,gaming
1571577983.925,1093,977,None,Move,gaming
1571577983.939,1104,962,None,Move,gaming
1571577983.947,1109,953,None,Move,gaming
1571577983.961,1122,934,None,Move,gaming
1571577983.9729998,1130,926,None,Move,gaming
1571577983.986,1142,906,None,Move,gaming
1571577983.996,1151,896,None,Move,gaming
1571577984.008,1168,877,None,Move,gaming
1571577984.021,1175,867,None,Move,gaming
1571577984.034,1193,850,None,Move,gaming
1571577984.041,1200,844,None,Move,gaming
1571577984.055,1208,839,None,Move,gaming
1571577984.061,1212,836,None,Move,gaming
1571577984.074,1219,832,None,Move,gaming
1571577984.081,1221,831,None,Move,gaming
1571577984.096,1225,826,None,Move,gaming
1571577984.104,1227,824,None,Move,gaming
1571577984.1160002,1228,823,None,Move,gaming
1571577984.1239998,1228,822,None,Move,gaming
1571577984.1360002,1231,819,None,Move,gaming
1571577984.144,1231,818,None,Move,gaming
1571577984.156,1232,818,None,Move,gaming
1571577984.163,1233,816,None,Move,gaming
1571577984.175,1236,815,None,Move,gaming
1571577984.1829998,1236,815,None,Move,gaming
1571577984.194,1237,814,None,Move,gaming
1571577984.471,1237,813,None,Move,gaming
1571577984.482,1241,806,None,Move,gaming
1571577984.492,1242,802,None,Move,gaming
1571577984.5010002,1244,795,None,Move,gaming
1571577984.514,1246,786,None,Move,gaming
1571577984.521,1248,782,None,Move,gaming
1571577984.533,1251,778,None,Move,gaming
1571577984.54,1252,774,None,Move,gaming
1571577984.551,1254,770,None,Move,gaming
1571577984.559,1254,769,None,Move,gaming
1571577984.57,1255,767,None,Move,gaming
1571577984.5779998,1255,766,None,Move,gaming
1571577984.592,1257,764,None,Move,gaming
1571577984.7429998,1258,764,None,Move,gaming
1571577984.823,1258,764,None,Move,gaming
1571577984.831,1258,764,None,Move,gaming
1571577984.843,1258,766,None,Move,gaming
1571577984.8520002,1258,766,None,Move,gaming
1571577984.8660002,1250,769,None,Move,gaming
1571577984.873,1239,770,None,Move,gaming
1571577984.8860002,1227,773,None,Move,gaming
1571577984.895,1211,773,None,Move,gaming
1571577984.905,1181,773,None,Move,gaming
1571577984.9120002,1168,773,None,Move,gaming
1571577984.925,1153,773,None,Move,gaming
1571577984.934,1139,773,None,Move,gaming
1571577984.946,1114,776,None,Move,gaming
1571577984.9529998,1100,776,None,Move,gaming
1571577984.965,1091,776,None,Move,gaming
1571577984.975,1075,776,None,Move,gaming
1571577984.9870002,1070,776,None,Move,gaming
1571577984.9970002,1065,776,None,Move,gaming
1571577985.006,1061,776,None,Move,gaming
1571577985.02,1057,776,None,Move,gaming
1571577985.028,1054,776,None,Move,gaming
1571577985.039,1050,776,None,Move,gaming
1571577985.046,1047,776,None,Move,gaming
1571577985.059,1043,776,None,Move,gaming
1571577985.065,1040,776,None,Move,gaming
1571577985.076,1036,776,None,Move,gaming
1571577985.083,1034,776,None,Move,gaming
1571577985.094,1030,776,None,Move,gaming
1571577985.1020002,1029,776,None,Move,gaming
1571577985.1139998,1028,776,None,Move,gaming
1571577985.121,1028,776,None,Move,gaming
1571577985.15,1027,776,None,Move,gaming
1571577985.279,1027,776,None,Move,gaming
1571577985.2870002,1028,776,None,Move,gaming
1571577985.319,1029,777,None,Move,gaming
1571577985.33,1031,777,None,Move,gaming
1571577985.3379998,1031,779,None,Move,gaming
1571577985.349,1032,779,None,Move,gaming
1571577985.356,1032,781,None,Move,gaming
1571577985.3679998,1036,790,None,Move,gaming
1571577985.375,1039,795,None,Move,gaming
1571577985.387,1043,802,None,Move,gaming
1571577985.394,1046,806,None,Move,gaming
1571577985.405,1050,812,None,Move,gaming
1571577985.4120002,1052,820,None,Move,gaming
1571577985.423,1059,829,None,Move,gaming
1571577985.431,1065,835,None,Move,gaming
1571577985.4420002,1069,840,None,Move,gaming
1571577985.455,1073,844,None,Move,gaming
1571577985.464,1081,855,None,Move,gaming
1571577985.476,1086,860,None,Move,gaming
1571577985.4829998,1088,863,None,Move,gaming
1571577985.494,1091,869,None,Move,gaming
1571577985.5010002,1093,870,None,Move,gaming
1571577985.5129998,1094,879,None,Move,gaming
1571577985.519,1094,885,None,Move,gaming
1571577985.531,1094,891,None,Move,gaming
1571577985.538,1092,898,None,Move,gaming
1571577985.549,1083,908,None,Move,gaming
1571577985.556,1075,916,None,Move,gaming
1571577985.5670002,1042,935,None,Move,gaming
1571577985.575,1030,942,None,Move,gaming
1571577985.586,1017,947,None,Move,gaming
1571577985.596,1000,952,None,Move,gaming
1571577985.605,986,956,None,Move,gaming
1571577985.617,959,967,None,Move,gaming
1571577985.6239998,948,969,None,Move,gaming
1571577985.6360002,939,972,None,Move,gaming
1571577985.643,929,974,None,Move,gaming
1571577985.654,914,977,None,Move,gaming
1571577985.663,908,978,None,Move,gaming
1571577985.674,904,979,None,Move,gaming
1571577985.681,900,979,None,Move,gaming
1571577985.6920002,896,979,None,Move,gaming
1571577985.699,892,979,None,Move,gaming
1571577985.711,881,979,None,Move,gaming
1571577985.718,872,979,None,Move,gaming
1571577985.732,861,979,None,Move,gaming
1571577985.74,849,979,None,Move,gaming
1571577985.754,818,979,None,Move,gaming
1571577985.76,794,979,None,Move,gaming
1571577985.771,775,979,None,Move,gaming
1571577985.7770002,753,979,None,Move,gaming
1571577985.789,723,979,None,Move,gaming
1571577985.796,695,979,None,Move,gaming
1571577985.8079998,660,979,None,Move,gaming
1571577985.815,647,979,None,Move,gaming
1571577985.825,633,979,None,Move,gaming
1571577985.832,621,979,None,Move,gaming
1571577985.844,613,979,None,Move,gaming
1571577985.851,609,979,None,Move,gaming
1571577985.863,606,979,None,Move,gaming
1571577985.869,606,979,None,Move,gaming
1571577985.895,606,978,None,Move,gaming
1571577985.9020002,606,971,None,Move,gaming
1571577985.914,606,969,None,Move,gaming
1571577985.92,607,965,None,Move,gaming
1571577985.9320002,610,958,None,Move,gaming
1571577985.939,611,951,None,Move,gaming
1571577985.951,617,936,None,Move,gaming
1571577985.959,622,926,None,Move,gaming
1571577985.97,626,919,None,Move,gaming
1571577985.9770002,631,911,None,Move,gaming
1571577985.9889998,634,904,None,Move,gaming
1571577985.9970002,639,898,None,Move,gaming
1571577986.0089998,646,888,None,Move,gaming
1571577986.0170002,651,883,None,Move,gaming
1571577986.028,656,879,None,Move,gaming
1571577986.036,659,875,None,Move,gaming
1571577986.0470002,667,871,None,Move,gaming
1571577986.056,669,870,None,Move,gaming
1571577986.065,670,870,None,Move,gaming
1571577986.075,673,870,None,Move,gaming
1571577986.084,675,869,None,Move,gaming
1571577986.096,675,869,None,Move,gaming
1571577986.391,675,868,None,Move,gaming
1571577986.7270002,675,867,None,Move,gaming
1571577986.91,675,867,None,Move,gaming
1571577986.9220002,675,867,None,Move,gaming
1571577986.929,673,868,None,Move,gaming
1571577986.941,671,869,None,Move,gaming
1571577986.948,669,870,None,Move,gaming
1571577986.959,665,872,None,Move,gaming
1571577986.966,664,874,None,Move,gaming
1571577986.978,661,876,None,Move,gaming
1571577986.985,656,878,None,Move,gaming
1571577986.9970002,652,880,None,Move,gaming
1571577987.0029998,646,883,None,Move,gaming
1571577987.0170002,633,889,None,Move,gaming
1571577987.0270002,627,892,None,Move,gaming
1571577987.0370002,621,896,None,Move,gaming
1571577987.048,613,900,None,Move,gaming
1571577987.0579998,610,902,None,Move,gaming
1571577987.0679998,609,903,None,Move,gaming
1571577987.08,607,903,None,Move,gaming
1571577987.092,606,903,None,Move,gaming
1571577987.135,606,904,None,Move,gaming
1571577987.1479998,606,904,None,Move,gaming
1571577987.16,599,907,None,Move,gaming
1571577987.169,593,910,None,Move,gaming
1571577987.1829998,585,912,None,Move,gaming
1571577987.189,577,914,None,Move,gaming
1571577987.201,557,921,None,Move,gaming
1571577987.208,545,923,None,Move,gaming
1571577987.219,535,927,None,Move,gaming
1571577987.226,523,931,None,Move,gaming
1571577987.2370002,515,934,None,Move,gaming
1571577987.244,509,937,None,Move,gaming
1571577987.255,499,942,None,Move,gaming
1571577987.262,493,943,None,Move,gaming
1571577987.274,475,953,None,Move,gaming
1571577987.281,465,959,None,Move,gaming
1571577987.293,455,964,None,Move,gaming
1571577987.3,444,971,None,Move,gaming
1571577987.311,423,985,None,Move,gaming
1571577987.319,414,992,None,Move,gaming
1571577987.33,404,997,None,Move,gaming
1571577987.336,399,1000,None,Move,gaming
1571577987.347,391,1003,None,Move,gaming
1571577987.354,389,1007,None,Move,gaming
1571577987.3660002,385,1010,None,Move,gaming
1571577987.373,383,1013,None,Move,gaming
1571577987.3839998,381,1015,None,Move,gaming
1571577987.391,380,1019,None,Move,gaming
1571577987.401,379,1019,None,Move,gaming
1571577987.408,379,1020,None,Move,gaming
1571577987.416,379,1022,None,Move,gaming
1571577987.427,378,1025,None,Move,gaming
1571577987.434,377,1026,None,Move,gaming
1571577987.445,375,1029,None,Move,gaming
1571577987.452,374,1032,None,Move,gaming
1571577987.4629998,373,1034,None,Move,gaming
1571577987.471,372,1037,None,Move,gaming
1571577987.4870002,372,1037,None,Move,gaming
1571577987.505,372,1040,None,Move,gaming
1571577987.5129998,372,1042,None,Move,gaming
1571577987.5270002,372,1046,None,Move,gaming
1571577987.536,372,1047,None,Move,gaming
1571577987.548,371,1049,None,Move,gaming
1571577987.574,370,1051,None,Move,gaming
1571577987.615,370,1051,Left,Pressed,gaming
1571577987.719,370,1051,Left,Released,gaming
1571577987.782,370,1051,None,Move,gaming
1571577987.793,371,1051,None,Move,gaming
1571577987.8070002,373,1050,None,Move,gaming
1571577987.819,382,1048,None,Move,gaming
1571577987.83,391,1044,None,Move,gaming
1571577987.843,411,1037,None,Move,gaming
1571577987.853,425,1031,None,Move,gaming
1571577987.8660002,454,1016,None,Move,gaming
1571577987.8739998,472,1006,None,Move,gaming
1571577987.889,501,988,None,Move,gaming
1571577987.897,520,977,None,Move,gaming
1571577987.914,552,952,None,Move,gaming
1571577987.923,570,940,None,Move,gaming
1571577987.935,608,916,None,Move,gaming
1571577987.947,628,902,None,Move,gaming
1571577987.956,641,894,None,Move,gaming
1571577987.969,665,879,None,Move,gaming
1571577987.979,673,872,None,Move,gaming
1571577987.992,686,863,None,Move,gaming
1571577988.004,692,859,None,Move,gaming
1571577988.016,699,854,None,Move,gaming
1571577988.028,700,852,None,Move,gaming
1571577988.0370002,703,850,None,Move,gaming
1571577988.051,712,845,None,Move,gaming
1571577988.0570002,716,844,None,Move,gaming
1571577988.07,720,844,None,Move,gaming
1571577988.077,723,844,None,Move,gaming
1571577988.091,724,843,None,Move,gaming
1571577988.103,724,842,None,Move,gaming
1571577988.343,725,842,None,Move,gaming
1571577988.3520002,728,842,None,Move,gaming
1571577988.365,733,840,None,Move,gaming
1571577988.37,736,837,None,Move,gaming
1571577988.3839998,751,831,None,Move,gaming
1571577988.391,759,828,None,Move,gaming
1571577988.404,771,822,None,Move,gaming
1571577988.41,785,819,None,Move,gaming
1571577988.4220002,807,812,None,Move,gaming
1571577988.43,828,806,None,Move,gaming
1571577988.4420002,883,789,None,Move,gaming
1571577988.448,916,776,None,Move,gaming
1571577988.46,939,769,None,Move,gaming
1571577988.467,951,766,None,Move,gaming
1571577988.476,967,759,None,Move,gaming
1571577988.4889998,993,748,None,Move,gaming
1571577988.5010002,1000,742,None,Move,gaming
1571577988.508,1007,738,None,Move,gaming
1571577988.52,1022,732,None,Move,gaming
1571577988.5270002,1028,729,None,Move,gaming
1571577988.538,1033,727,None,Move,gaming
1571577988.548,1037,726,None,Move,gaming
1571577988.561,1045,723,None,Move,gaming
1571577988.5670002,1050,722,None,Move,gaming
1571577988.58,1053,721,None,Move,gaming
1571577988.586,1056,721,None,Move,gaming
1571577988.597,1059,721,None,Move,gaming
1571577988.606,1062,721,None,Move,gaming
1571577988.617,1068,721,None,Move,gaming
1571577988.625,1070,721,None,Move,gaming
1571577988.639,1076,721,None,Move,gaming
1571577988.647,1077,721,None,Move,gaming
1571577988.659,1079,721,None,Move,gaming
1571577988.666,1079,721,None,Move,gaming
1571577988.678,1080,721,None,Move,gaming
1571577988.695,1082,721,None,Move,gaming
1571577988.7029998,1083,721,None,Move,gaming
1571577988.715,1084,721,None,Move,gaming
1571577988.722,1085,721,None,Move,gaming
1571577988.734,1085,721,None,Move,gaming
1571577988.7410002,1086,721,None,Move,gaming
1571577988.7529998,1087,721,None,Move,gaming
1571577988.774,1087,722,None,Move,gaming
1571577988.815,1087,724,None,Move,gaming
1571577988.826,1087,729,None,Move,gaming
1571577988.833,1087,732,None,Move,gaming
1571577988.845,1087,735,None,Move,gaming
1571577988.8520002,1089,739,None,Move,gaming
1571577988.863,1091,744,None,Move,gaming
1571577988.871,1091,746,None,Move,gaming
1571577988.8820002,1093,749,None,Move,gaming
1571577988.8879998,1093,750,None,Move,gaming
1571577988.9,1093,752,None,Move,gaming
1571577988.906,1095,755,None,Move,gaming
1571577988.919,1099,758,None,Move,gaming
1571577988.927,1101,759,None,Move,gaming
1571577988.938,1105,762,None,Move,gaming
1571577988.946,1107,763,None,Move,gaming
1571577988.958,1110,764,None,Move,gaming
1571577988.964,1112,765,None,Move,gaming
1571577988.9770002,1116,767,None,Move,gaming
1571577988.985,1117,767,None,Move,gaming
1571577988.9970002,1119,767,None,Move,gaming
1571577989.004,1120,767,None,Move,gaming
1571577989.015,1123,767,None,Move,gaming
1571577989.0229998,1126,767,None,Move,gaming
1571577989.034,1129,767,None,Move,gaming
1571577989.041,1133,767,None,Move,gaming
1571577989.053,1136,767,None,Move,gaming
1571577989.06,1139,767,None,Move,gaming
1571577989.07,1142,767,None,Move,gaming
1571577989.143,1142,767,Left,Pressed,gaming
1571577989.143,1142,767,None,Drag,gaming
1571577989.154,1139,767,None,Drag,gaming
1571577989.1620002,1136,767,None,Drag,gaming
1571577989.174,1131,767,None,Drag,gaming
1571577989.185,1114,758,None,Drag,gaming
1571577989.196,1103,754,None,Drag,gaming
1571577989.207,1078,747,None,Drag,gaming
1571577989.214,1063,742,None,Drag,gaming
1571577989.2270002,1044,737,None,Drag,gaming
1571577989.2329998,1027,732,None,Drag,gaming
1571577989.245,1004,723,None,Drag,gaming
1571577989.252,983,719,None,Drag,gaming
1571577989.262,961,711,None,Drag,gaming
1571577989.27,934,703,None,Drag,gaming
1571577989.279,893,692,None,Drag,gaming
1571577989.289,876,687,None,Drag,gaming
1571577989.3,864,683,None,Drag,gaming
1571577989.3070002,853,680,None,Drag,gaming
1571577989.319,841,677,None,Drag,gaming
1571577989.326,831,674,None,Drag,gaming
1571577989.3379998,814,668,None,Drag,gaming
1571577989.345,807,666,None,Drag,gaming
1571577989.356,802,663,None,Drag,gaming
1571577989.363,796,663,None,Drag,gaming
1571577989.375,789,659,None,Drag,gaming
1571577989.3820002,785,658,None,Drag,gaming
1571577989.3920002,775,653,None,Drag,gaming
1571577989.4,769,650,None,Drag,gaming
1571577989.411,765,649,None,Drag,gaming
1571577989.421,760,646,None,Drag,gaming
1571577989.4329998,748,642,None,Drag,gaming
1571577989.44,741,638,None,Drag,gaming
1571577989.45,734,635,None,Drag,gaming
1571577989.457,730,634,None,Drag,gaming
1571577989.47,725,631,None,Drag,gaming
1571577989.476,719,629,None,Drag,gaming
1571577989.488,712,626,None,Drag,gaming
1571577989.495,707,625,None,Drag,gaming
1571577989.5070002,707,625,None,Drag,gaming
1571577989.515,705,624,None,Drag,gaming
1571577989.515,705,624,Left,Released,gaming
1571577989.655,705,625,None,Move,gaming
1571577989.664,705,628,None,Move,gaming
1571577989.676,707,628,None,Move,gaming
1571577989.684,709,631,None,Move,gaming
1571577989.695,713,633,None,Move,gaming
1571577989.702,716,635,None,Move,gaming
1571577989.7129998,722,638,None,Move,gaming
1571577989.721,724,639,None,Move,gaming
1571577989.7329998,728,640,None,Move,gaming
1571577989.7389998,730,641,None,Move,gaming
1571577989.7510002,736,643,None,Move,gaming
1571577989.758,739,644,None,Move,gaming
1571577989.769,742,647,None,Move,gaming
1571577989.7770002,744,648,None,Move,gaming
1571577989.789,747,648,None,Move,gaming
1571577989.794,752,650,None,Move,gaming
1571577989.806,753,650,None,Move,gaming
1571577989.813,757,652,None,Move,gaming
1571577989.827,770,655,None,Move,gaming
1571577989.834,777,657,None,Move,gaming
1571577989.846,788,660,None,Move,gaming
1571577989.851,796,662,None,Move,gaming
1571577989.863,819,667,None,Move,gaming
1571577989.87,830,668,None,Move,gaming
1571577989.8820002,842,672,None,Move,gaming
1571577989.889,852,674,None,Move,gaming
1571577989.9020002,861,677,None,Move,gaming
1571577989.909,867,679,None,Move,gaming
1571577989.919,882,683,None,Move,gaming
1571577989.927,889,686,None,Move,gaming
1571577989.939,895,687,None,Move,gaming
1571577989.945,901,689,None,Move,gaming
1571577989.956,904,691,None,Move,gaming
1571577989.9629998,909,693,None,Move,gaming
1571577989.974,911,693,None,Move,gaming
1571577989.98,915,696,None,Move,gaming
1571577989.992,920,697,None,Move,gaming
1571577989.9989998,923,699,None,Move,gaming
1571577990.01,925,700,None,Move,gaming
1571577990.0170002,926,700,None,Move,gaming
1571577990.029,928,701,None,Move,gaming
1571577990.1260002,926,701,None,Move,gaming
1571577990.135,922,701,None,Move,gaming
1571577990.147,921,702,None,Move,gaming
1571577990.415,921,702,None,Move,gaming
1571577990.695,921,702,None,Move,gaming
1571577991.1420002,921,702,None,Move,gaming
1571577991.199,922,702,None,Move,gaming
1571578004.59,923,702,None,Move,gaming
1571578004.6,936,694,None,Move,gaming
1571578004.611,946,684,None,Move,gaming
1571578004.619,956,669,None,Move,gaming
1571578004.629,965,653,None,Move,gaming
1571578004.639,972,635,None,Move,gaming
1571578004.646,972,624,None,Move,gaming
1571578004.658,972,615,None,Move,gaming
1571578004.665,972,604,None,Move,gaming
1571578004.677,972,596,None,Move,gaming
1571578004.684,972,590,None,Move,gaming
1571578004.696,972,585,None,Move,gaming
1571578004.7029998,972,585,None,Move,gaming
1571578004.7510002,972,584,None,Move,gaming
1571578004.76,974,584,None,Move,gaming
1571578004.775,974,584,None,Move,gaming
1571578004.783,975,584,None,Move,gaming
1571578004.793,976,582,None,Move,gaming
1571578004.801,977,582,None,Move,gaming
1571578004.8079998,979,582,None,Move,gaming
1571578004.82,982,581,None,Move,gaming
1571578004.827,989,580,None,Move,gaming
1571578004.837,998,577,None,Move,gaming
1571578004.845,1009,575,None,Move,gaming
1571578004.8520002,1024,570,None,Move,gaming
1571578004.8639998,1069,555,None,Move,gaming
1571578004.87,1110,540,None,Move,gaming
1571578004.883,1145,529,None,Move,gaming
1571578004.89,1164,524,None,Move,gaming
1571578004.901,1189,518,None,Move,gaming
1571578004.907,1205,513,None,Move,gaming
1571578004.919,1217,509,None,Move,gaming
1571578004.927,1236,502,None,Move,gaming
1571578004.935,1244,497,None,Move,gaming
1571578004.947,1250,493,None,Move,gaming
1571578004.959,1261,486,None,Move,gaming
1571578004.97,1265,480,None,Move,gaming
1571578004.979,1269,475,None,Move,gaming
1571578004.99,1274,469,None,Move,gaming
1571578004.998,1275,464,None,Move,gaming
1571578005.01,1279,447,None,Move,gaming
1571578005.0170002,1279,438,None,Move,gaming
1571578005.028,1280,433,None,Move,gaming
1571578005.0370002,1281,429,None,Move,gaming
1571578005.045,1281,426,None,Move,gaming
1571578005.056,1281,425,None,Move,gaming
1571578005.071,1281,425,None,Move,gaming
1571578005.08,1281,423,None,Move,gaming
1571578005.087,1281,421,None,Move,gaming
1571578005.0979998,1281,419,None,Move,gaming
1571578005.106,1281,417,None,Move,gaming
1571578005.117,1280,416,None,Move,gaming
1571578005.123,1274,414,None,Move,gaming
1571578005.135,1263,409,None,Move,gaming
1571578005.143,1256,407,None,Move,gaming
1571578005.154,1249,405,None,Move,gaming
1571578005.1620002,1242,402,None,Move,gaming
1571578005.1720002,1234,400,None,Move,gaming
1571578005.1820002,1229,397,None,Move,gaming
1571578005.1920002,1218,394,None,Move,gaming
1571578005.202,1215,394,None,Move,gaming
1571578005.211,1213,393,None,Move,gaming
1571578005.222,1210,393,None,Move,gaming
1571578005.23,1208,393,None,Move,gaming
1571578005.242,1201,393,None,Move,gaming
1571578005.248,1196,393,None,Move,gaming
1571578005.2610002,1192,393,None,Move,gaming
1571578005.2670002,1187,393,None,Move,gaming
1571578005.278,1185,393,None,Move,gaming
1571578005.2870002,1185,393,None,Move,gaming
1571578005.298,1184,393,None,Move,gaming
1571578005.3079998,1183,393,None,Move,gaming
1571578005.3579998,1182,394,None,Move,gaming
1571578005.575,1182,394,None,Move,gaming
1571578005.582,1179,394,None,Move,gaming
1571578005.595,1175,394,None,Move,gaming
1571578005.6020002,1172,394,None,Move,gaming
1571578005.613,1168,394,None,Move,gaming
1571578005.621,1163,394,None,Move,gaming
1571578005.6320002,1149,394,None,Move,gaming
1571578005.641,1141,394,None,Move,gaming
1571578005.65,1132,394,None,Move,gaming
1571578005.66,1121,394,None,Move,gaming
1571578005.667,1112,394,None,Move,gaming
1571578005.679,1093,394,None,Move,gaming
1571578005.686,1084,394,None,Move,gaming
1571578005.699,1076,394,None,Move,gaming
1571578005.705,1069,394,None,Move,gaming
1571578005.718,1065,394,None,Move,gaming
1571578005.725,1058,394,None,Move,gaming
1571578005.7370002,1047,394,None,Move,gaming
1571578005.7429998,1044,392,None,Move,gaming
1571578005.754,1041,392,None,Move,gaming
1571578005.762,1039,391,None,Move,gaming
1571578005.7729998,1038,391,None,Move,gaming
1571578005.782,1036,391,None,Move,gaming
1571578005.793,1035,391,None,Move,gaming
1571578005.871,1034,391,None,Move,gaming
1571578005.8860002,1034,391,None,Move,gaming
1571578005.894,1033,391,None,Move,gaming
1571578005.904,1031,391,None,Move,gaming
1571578005.913,1031,391,None,Move,gaming
1571578005.927,1030,391,None,Move,gaming
1571578005.959,1029,391,None,Move,gaming
1571578005.97,1027,391,None,Move,gaming
1571578005.9770002,1025,391,None,Move,gaming
1571578005.9870002,1023,391,None,Move,gaming
1571578005.996,1020,391,None,Move,gaming
1571578006.006,1015,391,None,Move,gaming
1571578006.0170002,1012,393,None,Move,gaming
1571578006.0229998,1011,393,None,Move,gaming
1571578006.034,1010,393,None,Move,gaming
1571578006.0470002,1009,394,None,Move,gaming
1571578006.055,1008,395,None,Move,gaming
1571578006.066,1007,395,None,Move,gaming
1571578006.073,1005,397,None,Move,gaming
1571578006.085,1004,397,None,Move,gaming
1571578006.091,1002,400,None,Move,gaming
1571578006.1020002,999,401,None,Move,gaming
1571578006.111,994,405,None,Move,gaming
1571578006.121,991,407,None,Move,gaming
1571578006.13,989,408,None,Move,gaming
1571578006.137,986,411,None,Move,gaming
1571578006.149,983,412,None,Move,gaming
1571578006.156,980,415,None,Move,gaming
1571578006.169,976,418,None,Move,gaming
1571578006.175,974,418,None,Move,gaming
1571578006.186,971,419,None,Move,gaming
1571578006.1929998,970,421,None,Move,gaming
1571578006.204,970,421,None,Move,gaming
1571578006.212,968,422,None,Move,gaming
1571578006.224,967,423,None,Move,gaming
1571578006.232,967,423,None,Move,gaming
1571578006.242,965,423,None,Move,gaming
1571578006.25,965,424,None,Move,gaming
1571578006.262,964,425,None,Move,gaming
1571578006.3179998,964,425,None,Move,gaming
1571578006.331,963,425,None,Move,gaming
1571578006.337,962,426,None,Move,gaming
1571578008.375,962,426,None,Move,gaming
1571578013.615,961,426,None,Move,gaming
1571578013.966,960,426,None,Move,gaming
1571578014.111,960,426,None,Move,gaming
1571578014.151,958,425,None,Move,gaming
1571578014.647,958,424,None,Move,gaming
1571578014.695,956,424,None,Move,gaming
1571578014.895,956,423,None,Move,gaming
1571578014.95,956,423,None,Move,gaming
1571578014.982,955,422,None,Move,gaming
1571578015.4629998,955,421,None,Move,gaming
1571578015.479,954,421,None,Move,gaming
1571578015.655,954,421,None,Move,gaming
1571578015.67,953,421,None,Move,gaming
1571578015.7029998,952,421,None,Move,gaming
1571578015.719,951,421,None,Move,gaming
1571578015.7510002,951,421,None,Move,gaming
1571578016.135,951,421,None,Move,gaming
1571578016.146,970,428,None,Move,gaming
1571578016.153,981,434,None,Move,gaming
1571578016.164,998,443,None,Move,gaming
1571578016.171,1009,450,None,Move,gaming
1571578016.1920002,1021,462,Left,Pressed,gaming
1571578016.1920002,1021,462,None,Drag,gaming
1571578016.204,1036,506,None,Drag,gaming
1571578016.212,1045,546,None,Drag,gaming
1571578016.224,1048,605,None,Drag,gaming
1571578016.2329998,1048,617,None,Drag,gaming
1571578016.326,1050,617,None,Drag,gaming
1571578016.339,1065,608,None,Drag,gaming
1571578016.35,1071,606,None,Drag,gaming
1571578016.361,1078,601,None,Drag,gaming
1571578016.3720002,1087,597,None,Drag,gaming
1571578016.3720002,1087,597,Left,Released,gaming
1571578016.3879998,1095,596,None,Move,gaming
1571578016.4,1126,592,None,Move,gaming
1571578016.41,1137,591,None,Move,gaming
1571578016.42,1145,591,None,Move,gaming
1571578016.431,1155,591,None,Move,gaming
1571578016.441,1158,591,None,Move,gaming
1571578016.452,1158,592,None,Move,gaming
1571578016.543,1159,592,Left,Pressed,gaming
1571578016.543,1159,592,None,Drag,gaming
1571578016.55,1162,592,None,Drag,gaming
1571578016.562,1165,592,None,Drag,gaming
1571578016.57,1168,592,None,Drag,gaming
1571578016.581,1173,592,None,Drag,gaming
1571578016.5879998,1176,591,None,Drag,gaming
1571578016.6,1177,591,None,Drag,gaming
1571578016.6,1177,591,Left,Released,gaming
1571578016.6179998,1180,591,None,Move,gaming
1571578016.625,1184,591,None,Move,gaming
1571578016.6360002,1187,591,None,Move,gaming
1571578016.643,1190,591,None,Move,gaming
1571578016.654,1192,591,None,Move,gaming
1571578016.661,1196,591,None,Move,gaming
1571578016.6720002,1198,592,None,Move,gaming
1571578016.679,1200,595,None,Move,gaming
1571578016.691,1206,606,None,Move,gaming
1571578016.71,1208,607,Left,Pressed,gaming
1571578016.71,1208,607,None,Drag,gaming
1571578016.717,1210,614,None,Drag,gaming
1571578016.73,1212,618,None,Drag,gaming
1571578016.738,1213,620,None,Drag,gaming
1571578016.7489998,1214,621,None,Drag,gaming
1571578016.7570002,1214,622,None,Drag,gaming
1571578016.768,1216,624,None,Drag,gaming
1571578016.798,1216,625,None,Drag,gaming
1571578016.806,1217,626,None,Drag,gaming
1571578016.8179998,1218,627,None,Drag,gaming
1571578016.8179998,1218,627,Left,Released,gaming
1571578016.836,1220,629,None,Move,gaming
1571578016.843,1222,630,None,Move,gaming
1571578016.854,1224,633,None,Move,gaming
1571578016.861,1227,635,None,Move,gaming
1571578016.8720002,1230,641,None,Move,gaming
1571578016.879,1231,643,None,Move,gaming
1571578016.89,1232,646,None,Move,gaming
1571578016.897,1234,648,None,Move,gaming
1571578016.916,1234,649,Left,Pressed,gaming
1571578016.916,1234,649,None,Drag,gaming
1571578016.927,1234,653,None,Drag,gaming
1571578016.935,1234,653,None,Drag,gaming
1571578016.947,1235,655,None,Drag,gaming
1571578016.954,1235,655,None,Drag,gaming
1571578016.966,1236,657,None,Drag,gaming
1571578016.974,1236,657,None,Drag,gaming
1571578016.985,1237,658,None,Drag,gaming
1571578017.079,1237,658,None,Drag,gaming
1571578017.087,1237,659,None,Drag,gaming
1571578017.099,1237,662,None,Drag,gaming
1571578017.106,1237,663,None,Drag,gaming
1571578017.117,1237,664,None,Drag,gaming
1571578017.1239998,1237,665,None,Drag,gaming
1571578017.135,1237,668,None,Drag,gaming
1571578017.1420002,1237,668,None,Drag,gaming
1571578017.153,1237,669,None,Drag,gaming
1571578017.161,1237,670,None,Drag,gaming
1571578017.173,1237,671,None,Drag,gaming
1571578017.173,1237,671,Left,Released,gaming
1571578017.27,1237,671,None,Move,gaming
1571578017.282,1237,673,None,Move,gaming
1571578017.292,1237,675,None,Move,gaming
1571578017.301,1237,676,None,Move,gaming
1571578017.314,1237,677,None,Move,gaming
1571578017.339,1237,679,None,Drag,gaming
1571578017.455,1237,679,Right,Released,gaming
1571578017.495,1237,679,Right,Pressed,gaming
1571578017.639,1237,680,None,Drag,gaming
1571578017.655,1237,680,Left,Pressed,gaming
1571578017.655,1237,680,Right,Released,gaming
1571578017.655,1237,680,Left,Released,gaming
1571578017.831,1235,680,None,Move,gaming
1571578017.843,1235,679,None,Move,gaming
1571578017.855,1234,678,None,Move,gaming
1571578017.871,1234,678,None,Move,gaming
1571578017.8820002,1233,675,None,Move,gaming
1571578017.889,1231,673,None,Move,gaming
1571578017.901,1231,672,None,Move,gaming
1571578017.907,1228,668,None,Move,gaming
1571578017.919,1226,666,None,Move,gaming
1571578017.927,1223,664,None,Move,gaming
1571578017.938,1219,662,None,Move,gaming
1571578017.945,1217,660,None,Move,gaming
1571578017.956,1214,660,None,Move,gaming
1571578017.9629998,1211,660,None,Move,gaming
1571578017.974,1207,660,None,Move,gaming
1571578017.981,1204,660,None,Move,gaming
1571578017.992,1200,660,None,Move,gaming
1571578017.9989998,1197,660,None,Move,gaming
1571578018.03,1193,660,Left,Pressed,gaming
1571578018.03,1193,660,None,Drag,gaming
1571578018.039,1191,660,None,Drag,gaming
1571578018.05,1191,660,None,Drag,gaming
1571578018.059,1189,661,None,Drag,gaming
1571578018.069,1187,661,None,Drag,gaming
1571578018.08,1178,661,None,Drag,gaming
1571578018.0879998,1171,661,None,Drag,gaming
1571578018.1020002,1167,661,None,Drag,gaming
1571578018.1079998,1163,661,None,Drag,gaming
1571578018.119,1157,658,None,Drag,gaming
1571578018.127,1153,653,None,Drag,gaming
1571578018.14,1150,646,None,Drag,gaming
1571578018.147,1146,638,None,Drag,gaming
1571578018.159,1141,626,None,Drag,gaming
1571578018.166,1146,638,Right,Released,gaming
1571578018.166,1146,638,Left,Released,gaming
1571578018.185,1128,596,None,Move,gaming
1571578018.196,1125,589,None,Move,gaming
1571578018.204,1123,586,None,Move,gaming
1571578018.217,1123,582,None,Move,gaming
1571578018.342,1122,582,Left,Pressed,gaming
1571578018.342,1122,582,None,Drag,gaming
1571578018.3579998,1120,582,None,Drag,gaming
1571578018.367,1119,582,None,Drag,gaming
1571578018.377,1118,582,None,Drag,gaming
1571578018.3860002,1116,582,None,Drag,gaming
1571578018.397,1112,582,None,Drag,gaming
1571578018.406,1106,582,None,Drag,gaming
1571578018.416,1093,582,None,Drag,gaming
1571578018.427,1086,583,None,Drag,gaming
1571578018.435,1080,584,None,Drag,gaming
1571578018.448,1068,587,None,Drag,gaming
1571578018.456,1064,588,None,Drag,gaming
1571578018.468,1060,589,None,Drag,gaming
1571578018.4770002,1057,589,None,Drag,gaming
1571578018.488,1056,590,None,Drag,gaming
1571578018.583,1055,590,None,Drag,gaming
1571578018.594,1055,590,Right,Released,gaming
1571578018.594,1055,590,Left,Released,gaming
1571578018.613,1053,583,None,Move,gaming
1571578018.6239998,1053,576,None,Move,gaming
1571578018.633,1053,575,None,Move,gaming
1571578018.7429998,1052,571,Left,Pressed,gaming
1571578018.7429998,1052,571,None,Drag,gaming
1571578018.752,1051,568,None,Drag,gaming
1571578018.764,1051,562,None,Drag,gaming
1571578018.7729998,1048,555,None,Drag,gaming
1571578018.785,1043,541,None,Drag,gaming
1571578018.793,1041,533,None,Drag,gaming
1571578018.804,1036,523,None,Drag,gaming
1571578018.811,1036,523,Right,Released,gaming
1571578018.811,1036,523,Left,Released,gaming
1571578018.829,1030,504,None,Move,gaming
1571578018.84,1023,489,None,Move,gaming
1571578018.847,1019,485,None,Move,gaming
1571578018.859,1016,481,None,Move,gaming
1571578018.8660002,1016,480,None,Move,gaming
1571578018.947,1015,480,Left,Pressed,gaming
1571578018.947,1015,480,None,Drag,gaming
1571578018.958,1014,479,None,Drag,gaming
1571578018.97,1014,478,None,Drag,gaming
1571578018.979,1013,476,None,Drag,gaming
1571578018.99,1013,475,None,Drag,gaming
1571578019.0010002,1012,468,None,Drag,gaming
1571578019.008,1011,465,None,Drag,gaming
1571578019.021,1011,463,None,Drag,gaming
1571578019.029,1010,458,None,Drag,gaming
1571578019.042,1010,456,None,Drag,gaming
1571578019.0470002,1010,458,Right,Released,gaming
1571578019.0470002,1010,458,Left,Released,gaming
1571578019.0670002,1009,448,None,Move,gaming
1571578019.079,1009,448,None,Move,gaming
1571578019.086,1009,447,None,Move,gaming
1571578019.097,1009,446,None,Move,gaming
1571578019.266,1006,442,Left,Pressed,gaming
1571578019.266,1006,442,None,Drag,gaming
1571578019.275,1004,439,None,Drag,gaming
1571578019.285,1003,436,None,Drag,gaming
1571578019.2970002,1000,428,None,Drag,gaming
1571578019.304,997,424,None,Drag,gaming
1571578019.316,997,424,Right,Released,gaming
1571578019.316,997,424,Left,Released,gaming
1571578019.334,993,413,None,Move,gaming
1571578019.34,990,409,None,Move,gaming
1571578019.351,985,402,None,Move,gaming
1571578019.3579998,983,401,None,Move,gaming
1571578019.37,983,399,None,Move,gaming
1571578019.3760002,983,399,None,Move,gaming
1571578019.406,982,399,None,Move,gaming
1571578019.5110002,981,400,Left,Pressed,gaming
1571578019.5110002,981,400,None,Drag,gaming
1571578019.5229998,981,400,None,Drag,gaming
1571578019.536,980,401,None,Drag,gaming
1571578019.545,980,402,None,Drag,gaming
1571578019.5579998,980,404,None,Drag,gaming
1571578019.566,980,405,None,Drag,gaming
1571578019.5779998,979,407,None,Drag,gaming
1571578019.589,979,408,None,Drag,gaming
1571578019.6020002,979,410,None,Drag,gaming
1571578019.61,979,408,Right,Released,gaming
1571578019.61,979,408,Left,Released,gaming
1571578019.631,977,427,None,Move,gaming
1571578019.645,977,433,None,Move,gaming
1571578019.654,975,441,None,Move,gaming
1571578019.665,973,457,None,Move,gaming
1571578019.675,970,464,None,Move,gaming
1571578019.689,969,479,None,Move,gaming
1571578019.72,968,503,Left,Pressed,gaming
1571578019.72,968,503,None,Drag,gaming
1571578019.735,968,506,None,Drag,gaming
1571578019.742,968,507,None,Drag,gaming
1571578019.7529998,968,508,None,Drag,gaming
1571578019.823,968,508,Right,Released,gaming
1571578019.823,968,508,Left,Released,gaming
1571578019.847,973,509,None,Move,gaming
1571578019.859,976,509,None,Move,gaming
1571578019.8720002,980,509,None,Move,gaming
1571578019.8839998,981,509,None,Move,gaming
1571578019.8920002,983,510,None,Move,gaming
1571578019.905,985,514,None,Move,gaming
1571578019.914,988,519,None,Move,gaming
1571578019.926,993,528,None,Move,gaming
1571578019.959,997,538,Left,Pressed,gaming
1571578019.959,997,538,None,Drag,gaming
1571578019.975,997,539,None,Drag,gaming
1571578019.9829998,997,539,None,Drag,gaming
1571578020.031,998,539,None,Drag,gaming
1571578020.046,1001,539,None,Drag,gaming
1571578020.054,1007,539,None,Drag,gaming
1571578020.066,1013,539,None,Drag,gaming
1571578020.073,1023,539,None,Drag,gaming
1571578020.086,1013,539,Right,Released,gaming
1571578020.086,1013,539,Left,Released,gaming
1571578020.107,1070,539,None,Move,gaming
1571578020.115,1082,539,None,Move,gaming
1571578020.127,1103,543,None,Move,gaming
1571578020.135,1113,548,None,Move,gaming
1571578020.149,1120,552,None,Move,gaming
1571578020.155,1126,557,None,Move,gaming
1571578020.169,1129,562,None,Move,gaming
1571578020.176,1131,565,None,Move,gaming
1571578020.19,1135,571,None,Move,gaming
1571578020.217,1136,575,Left,Pressed,gaming
1571578020.217,1136,575,None,Drag,gaming
1571578020.2389998,1136,575,None,Drag,gaming
1571578020.31,1136,576,None,Drag,gaming
1571578020.326,1139,576,None,Drag,gaming
1571578020.333,1139,576,Right,Released,gaming
1571578020.333,1139,576,Left,Released,gaming
1571578020.355,1148,574,None,Move,gaming
1571578020.3679998,1155,573,None,Move,gaming
1571578020.375,1157,573,None,Move,gaming
1571578020.387,1159,573,None,Move,gaming
1571578020.396,1160,573,None,Move,gaming
1571578020.408,1161,573,None,Move,gaming
1571578020.419,1164,579,None,Move,gaming
1571578020.431,1166,583,None,Move,gaming
1571578020.461,1166,586,Left,Pressed,gaming
1571578020.461,1166,586,None,Drag,gaming
1571578020.575,1166,586,Right,Released,gaming
1571578020.575,1166,586,Left,Released,gaming
1571578020.68,1167,586,None,Move,gaming
1571578020.691,1167,586,None,Move,gaming
1571578020.7,1169,584,None,Move,gaming
1571578020.71,1174,578,None,Move,gaming
1571578020.72,1177,570,None,Move,gaming
1571578025.9420002,1177,569,None,Move,gaming
1571578025.9420002,1177,569,None,Move,gaming
1571578026.014,1176,569,None,Move,gaming
1571578026.0229998,1170,569,None,Move,gaming
1571578026.035,1162,569,None,Move,gaming
1571578026.042,1152,573,None,Move,gaming
1571578026.052,1147,580,None,Move,gaming
1571578026.06,1146,586,None,Move,gaming
1571578026.071,1143,600,None,Move,gaming
1571578026.079,1141,604,None,Move,gaming
1571578026.09,1137,612,None,Move,gaming
1571578026.097,1132,621,None,Move,gaming
1571578026.109,1126,629,None,Move,gaming
1571578026.115,1120,636,None,Move,gaming
1571578026.125,1116,642,None,Move,gaming
1571578026.133,1111,647,None,Move,gaming
1571578026.143,1105,652,None,Move,gaming
1571578026.153,1094,659,None,Move,gaming
1571578026.161,1087,662,None,Move,gaming
1571578026.173,1081,665,None,Move,gaming
1571578026.184,1070,671,None,Move,gaming
1571578026.1920002,1061,675,None,Move,gaming
1571578026.204,1050,682,None,Move,gaming
1571578026.211,1041,688,None,Move,gaming
1571578026.2229998,1034,695,None,Move,gaming
1571578026.23,1028,701,None,Move,gaming
1571578026.2410002,1024,710,None,Move,gaming
1571578026.2489998,1024,712,None,Move,gaming
1571578026.2589998,1024,716,None,Move,gaming
1571578026.268,1024,720,None,Move,gaming
1571578026.279,1019,735,None,Move,gaming
1571578026.2870002,1014,742,None,Move,gaming
1571578026.298,1009,749,None,Move,gaming
1571578026.305,1003,759,None,Move,gaming
1571578026.32,995,770,None,Move,gaming
1571578026.326,989,779,None,Move,gaming
1571578026.3379998,971,808,None,Move,gaming
1571578026.344,964,818,None,Move,gaming
1571578026.356,957,826,None,Move,gaming
1571578026.363,949,837,None,Move,gaming
1571578026.3739998,942,849,None,Move,gaming
1571578026.383,934,864,None,Move,gaming
1571578026.395,931,870,None,Move,gaming
1571578026.403,929,876,None,Move,gaming
1571578026.414,927,882,None,Move,gaming
1571578026.421,925,886,None,Move,gaming
1571578026.4320002,924,896,None,Move,gaming
1571578026.438,924,898,None,Move,gaming
1571578026.451,924,900,None,Move,gaming
1571578026.458,923,906,None,Move,gaming
1571578026.47,919,914,None,Move,gaming
1571578026.478,916,921,None,Move,gaming
1571578026.49,909,936,None,Move,gaming
1571578026.496,905,942,None,Move,gaming
1571578026.508,903,945,None,Move,gaming
1571578026.514,900,950,None,Move,gaming
1571578026.525,899,952,None,Move,gaming
1571578026.532,897,954,None,Move,gaming
1571578026.543,895,957,None,Move,gaming
1571578026.55,893,958,None,Move,gaming
1571578026.561,891,959,None,Move,gaming
1571578026.569,891,959,None,Move,gaming
1571578026.58,891,960,None,Move,gaming
1571578026.5879998,888,963,None,Move,gaming
1571578026.599,881,969,None,Move,gaming
1571578026.607,879,970,None,Move,gaming
1571578026.619,875,973,None,Move,gaming
1571578026.6260002,872,976,None,Move,gaming
1571578026.637,870,976,None,Move,gaming
1571578026.644,868,978,None,Move,gaming
1571578026.655,861,982,None,Move,gaming
1571578026.663,857,985,None,Move,gaming
1571578026.675,855,985,None,Move,gaming
1571578026.681,851,986,None,Move,gaming
1571578026.6929998,848,989,None,Move,gaming
1571578026.7,847,990,None,Move,gaming
1571578026.712,842,993,None,Move,gaming
1571578026.719,841,994,None,Move,gaming
1571578026.73,837,996,None,Move,gaming
1571578026.7370002,837,996,None,Move,gaming
1571578026.748,836,996,None,Move,gaming
1571578026.754,836,997,None,Move,gaming
1571578026.791,836,997,Left,Pressed,gaming
1571578026.903,836,997,Left,Released,gaming
1571578026.919,839,997,None,Move,gaming
1571578026.93,845,997,None,Move,gaming
1571578026.939,852,996,None,Move,gaming
1571578026.951,876,993,None,Move,gaming
1571578026.958,888,992,None,Move,gaming
1571578026.97,901,990,None,Move,gaming
1571578026.978,914,989,None,Move,gaming
1571578026.985,928,988,None,Move,gaming
1571578026.996,941,987,None,Move,gaming
1571578027.002,956,983,None,Move,gaming
1571578027.016,973,982,None,Move,gaming
1571578027.024,977,982,None,Move,gaming
1571578027.036,979,982,None,Move,gaming
1571578027.043,979,982,None,Move,gaming
1571578027.055,980,982,None,Move,gaming
1571578027.071,981,982,None,Move,gaming
1571578027.087,982,982,None,Move,gaming
1571578027.103,983,982,None,Move,gaming
1571578027.1120002,984,982,None,Move,gaming
1571578027.1239998,986,982,None,Move,gaming
1571578027.1320002,989,982,None,Move,gaming
1571578027.145,993,982,None,Move,gaming
1571578027.19,993,982,Left,Pressed,gaming
1571578027.19,993,982,None,Drag,gaming
1571578027.19,993,982,Left,Released,gaming
1571578027.311,994,982,None,Move,gaming
1571578027.423,991,982,None,Move,gaming
1571578027.4329998,982,978,None,Move,gaming
1571578027.444,973,974,None,Move,gaming
1571578027.4529998,961,970,None,Move,gaming
1571578027.4629998,933,956,None,Move,gaming
1571578027.472,910,946,None,Move,gaming
1571578027.4829998,899,939,None,Move,gaming
1571578027.495,852,914,None,Move,gaming
1571578027.508,833,904,None,Move,gaming
1571578027.52,803,886,None,Move,gaming
1571578027.53,792,879,None,Move,gaming
1571578027.543,772,864,None,Move,gaming
1571578027.55,764,859,None,Move,gaming
1571578027.563,753,854,None,Move,gaming
1571578027.571,743,850,None,Move,gaming
1571578027.585,722,842,None,Move,gaming
1571578027.593,712,837,None,Move,gaming
1571578027.606,702,836,None,Move,gaming
1571578027.6160002,685,834,None,Move,gaming
1571578027.629,678,832,None,Move,gaming
1571578027.637,674,832,None,Move,gaming
1571578027.651,669,831,None,Move,gaming
1571578027.7029998,668,831,None,Move,gaming
1571578027.717,666,831,None,Move,gaming
1571578027.724,664,832,None,Move,gaming
1571578027.74,660,833,None,Move,gaming
1571578027.7489998,658,833,None,Move,gaming
1571578027.7610002,653,836,None,Move,gaming
1571578027.768,652,838,None,Move,gaming
1571578027.782,648,840,None,Move,gaming
1571578027.791,645,843,None,Move,gaming
1571578027.802,640,847,None,Move,gaming
1571578027.814,638,849,None,Move,gaming
1571578027.827,634,855,None,Move,gaming
1571578027.837,631,857,None,Move,gaming
1571578027.851,627,864,None,Move,gaming
1571578027.859,623,869,None,Move,gaming
1571578027.87,621,872,None,Move,gaming
1571578027.8820002,615,885,None,Move,gaming
1571578027.893,613,892,None,Move,gaming
1571578027.904,605,910,None,Move,gaming
1571578027.913,603,919,None,Move,gaming
1571578027.926,600,927,None,Move,gaming
1571578027.937,597,941,None,Move,gaming
1571578027.95,597,949,None,Move,gaming
1571578027.96,594,965,None,Move,gaming
1571578027.971,594,971,None,Move,gaming
1571578027.981,594,979,None,Move,gaming
1571578027.9929998,594,990,None,Move,gaming
1571578028.0010002,594,994,None,Move,gaming
1571578028.014,594,998,None,Move,gaming
1571578028.022,594,1002,None,Move,gaming
1571578028.0370002,594,1005,None,Move,gaming
1571578028.0470002,594,1007,None,Move,gaming
1571578028.06,594,1008,None,Move,gaming
1571578028.07,594,1008,None,Move,gaming
1571578028.111,594,1008,Left,Pressed,gaming
1571578028.2389998,594,1008,Left,Released,gaming
1571578028.286,596,1008,None,Move,gaming
1571578028.294,603,1008,None,Move,gaming
1571578028.306,609,1006,None,Move,gaming
1571578028.314,616,1005,None,Move,gaming
1571578028.324,622,1002,None,Move,gaming
1571578028.331,631,1000,None,Move,gaming
1571578028.342,638,998,None,Move,gaming
1571578028.351,654,993,None,Move,gaming
1571578028.359,661,991,None,Move,gaming
1571578028.37,670,988,None,Move,gaming
1571578028.3779998,677,986,None,Move,gaming
1571578028.39,683,984,None,Move,gaming
1571578028.396,689,981,None,Move,gaming
1571578028.408,702,975,None,Move,gaming
1571578028.415,709,971,None,Move,gaming
1571578028.426,718,967,None,Move,gaming
1571578028.4329998,727,964,None,Move,gaming
1571578028.445,736,961,None,Move,gaming
1571578028.451,750,955,None,Move,gaming
1571578028.4629998,776,947,None,Move,gaming
1571578028.47,795,942,None,Move,gaming
1571578028.4829998,812,937,None,Move,gaming
1571578028.49,832,930,None,Move,gaming
1571578028.5010002,845,927,None,Move,gaming
1571578028.508,857,923,None,Move,gaming
1571578028.519,882,914,None,Move,gaming
1571578028.5270002,891,912,None,Move,gaming
1571578028.538,902,909,None,Move,gaming
1571578028.545,912,906,None,Move,gaming
1571578028.5579998,923,903,None,Move,gaming
1571578028.564,932,901,None,Move,gaming
1571578028.575,950,896,None,Move,gaming
1571578028.586,960,893,None,Move,gaming
1571578028.596,966,891,None,Move,gaming
1571578028.605,973,890,None,Move,gaming
1571578028.6160002,981,885,None,Move,gaming
1571578028.6239998,984,884,None,Move,gaming
1571578028.635,991,882,None,Move,gaming
1571578028.644,997,879,None,Move,gaming
1571578028.653,1003,877,None,Move,gaming
1571578028.663,1023,868,None,Move,gaming
1571578028.6720002,1030,866,None,Move,gaming
1571578028.684,1040,862,None,Move,gaming
1571578028.695,1049,857,None,Move,gaming
1571578028.7029998,1055,855,None,Move,gaming
1571578028.719,1055,854,None,Move,gaming
1571578028.7270002,1055,853,None,Move,gaming
1571578028.738,1053,852,None,Move,gaming
1571578028.746,1051,849,None,Move,gaming
1571578028.758,1042,844,None,Move,gaming
1571578028.7670002,1035,841,None,Move,gaming
1571578028.778,1029,839,None,Move,gaming
1571578028.7870002,1020,834,None,Move,gaming
1571578028.7970002,1011,831,None,Move,gaming
1571578028.809,998,824,None,Move,gaming
1571578028.816,992,820,None,Move,gaming
1571578028.8279998,986,817,None,Move,gaming
1571578028.835,981,814,None,Move,gaming
1571578028.847,970,805,None,Move,gaming
1571578028.855,968,803,None,Move,gaming
1571578028.8660002,964,799,None,Move,gaming
1571578028.877,961,795,None,Move,gaming
1571578028.8879998,957,786,None,Move,gaming
1571578028.895,955,781,None,Move,gaming
1571578028.906,951,776,None,Move,gaming
1571578028.913,948,772,None,Move,gaming
1571578028.924,943,767,None,Move,gaming
1571578028.931,941,763,None,Move,gaming
1571578028.9429998,937,759,None,Move,gaming
1571578028.951,937,757,None,Move,gaming
1571578028.962,935,756,None,Move,gaming
1571578028.969,935,753,None,Move,gaming
1571578029.038,935,752,None,Move,gaming
1571578029.0579998,934,752,Left,Pressed,gaming
1571578029.0579998,934,752,None,Drag,gaming
1571578029.103,931,748,None,Drag,gaming
1571578029.1139998,926,743,None,Drag,gaming
1571578029.121,921,738,None,Drag,gaming
1571578029.1320002,918,734,None,Drag,gaming
1571578029.14,910,729,None,Drag,gaming
1571578029.149,903,723,None,Drag,gaming
1571578029.159,893,712,None,Drag,gaming
1571578029.169,885,703,None,Drag,gaming
1571578029.178,878,697,None,Drag,gaming
1571578029.187,869,689,None,Drag,gaming
1571578029.197,861,681,None,Drag,gaming
1571578029.204,854,675,None,Drag,gaming
1571578029.215,837,662,None,Drag,gaming
1571578029.2229998,828,653,None,Drag,gaming
1571578029.235,822,648,None,Drag,gaming
1571578029.2410002,813,643,None,Drag,gaming
1571578029.2529998,807,639,None,Drag,gaming
1571578029.26,804,636,None,Drag,gaming
1571578029.272,799,633,None,Drag,gaming
1571578029.279,797,632,None,Drag,gaming
1571578029.29,797,632,None,Drag,gaming
1571578029.29,797,632,Left,Released,gaming
1571578029.407,797,632,None,Move,gaming
1571578029.415,797,633,None,Move,gaming
1571578029.426,797,634,None,Move,gaming
1571578029.435,797,636,None,Move,gaming
1571578029.444,797,638,None,Move,gaming
1571578029.454,798,639,None,Move,gaming
1571578029.46,798,640,None,Move,gaming
1571578029.471,800,643,None,Move,gaming
1571578029.478,801,645,None,Move,gaming
1571578029.49,805,650,None,Move,gaming
1571578029.498,807,652,None,Move,gaming
1571578029.508,809,654,None,Move,gaming
1571578029.5170002,810,655,None,Move,gaming
1571578029.5270002,815,659,None,Move,gaming
1571578029.535,816,660,None,Move,gaming
1571578029.546,818,661,None,Move,gaming
1571578029.555,821,664,None,Move,gaming
1571578029.565,822,664,None,Move,gaming
1571578029.573,824,667,None,Move,gaming
1571578029.583,826,667,None,Move,gaming
1571578029.592,828,669,None,Move,gaming
1571578029.603,830,671,None,Move,gaming
1571578029.615,830,671,None,Move,gaming
1571578030.23,830,671,None,Move,gaming
1571578030.242,829,671,None,Move,gaming
1571578030.2529998,829,671,None,Move,gaming
1571578030.264,827,668,None,Move,gaming
1571578030.274,825,666,None,Move,gaming
1571578030.282,825,666,None,Move,gaming
1571578030.294,824,665,None,Move,gaming
1571578030.302,824,664,None,Move,gaming
1571578030.314,823,664,None,Move,gaming
1571578030.415,823,663,None,Move,gaming
1571578030.425,822,663,None,Move,gaming
1571578030.439,821,663,None,Move,gaming
1571578030.447,821,663,None,Move,gaming
1571578030.458,819,663,None,Move,gaming
1571578030.465,818,661,None,Move,gaming
1571578030.475,817,661,None,Move,gaming
1571578030.4870002,815,660,None,Move,gaming
1571578030.4970002,814,659,None,Move,gaming
1571578030.5270002,811,659,None,Move,gaming
1571578030.535,811,658,None,Move,gaming
1571578030.7029998,810,658,None,Move,gaming
1571578030.714,808,658,None,Move,gaming
1571578030.721,808,658,None,Move,gaming
1571578030.7329998,805,658,None,Move,gaming
1571578030.742,801,658,None,Move,gaming
1571578030.752,793,658,None,Move,gaming
1571578030.76,789,658,None,Move,gaming
1571578030.772,783,658,None,Move,gaming
1571578030.779,778,658,None,Move,gaming
1571578030.79,771,658,None,Move,gaming
1571578030.8,755,657,None,Move,gaming
1571578030.809,748,656,None,Move,gaming
1571578030.82,740,654,None,Move,gaming
1571578030.8279998,732,651,None,Move,gaming
1571578030.839,719,647,None,Move,gaming
1571578030.8479998,710,645,None,Move,gaming
1571578030.86,701,642,None,Move,gaming
1571578030.869,691,640,None,Move,gaming
1571578030.881,667,631,None,Move,gaming
1571578030.891,656,628,None,Move,gaming
1571578030.901,646,622,None,Move,gaming
1571578030.911,626,614,None,Move,gaming
1571578030.92,619,612,None,Move,gaming
1571578030.929,612,609,None,Move,gaming
1571578030.94,606,605,None,Move,gaming
1571578030.948,601,602,None,Move,gaming
1571578030.956,598,599,None,Move,gaming
1571578030.966,593,596,None,Move,gaming
1571578030.976,590,593,None,Move,gaming
1571578030.986,589,590,None,Move,gaming
1571578030.996,588,589,None,Move,gaming
1571578031.0070002,586,587,None,Move,gaming
1571578031.018,585,586,None,Move,gaming
1571578031.0270002,584,585,None,Move,gaming
1571578031.0370002,583,584,None,Move,gaming
1571578031.079,583,582,None,Move,gaming
1571578031.089,583,581,None,Move,gaming
1571578031.0979998,583,581,None,Move,gaming
1571578031.11,583,579,None,Move,gaming
1571578031.121,582,578,None,Move,gaming
1571578031.133,582,574,None,Move,gaming
1571578031.14,582,572,None,Move,gaming
1571578031.1520002,579,566,None,Move,gaming
1571578031.159,579,563,None,Move,gaming
1571578031.17,578,561,None,Move,gaming
1571578031.177,578,560,None,Move,gaming
1571578031.19,577,558,None,Move,gaming
1571578031.196,577,557,None,Move,gaming
1571578031.208,577,557,None,Move,gaming
1571578031.215,577,556,None,Move,gaming
1571578031.438,574,554,None,Move,gaming
1571578031.447,568,552,None,Move,gaming
1571578031.459,559,551,None,Move,gaming
1571578031.465,548,546,None,Move,gaming
1571578031.478,537,543,None,Move,gaming
1571578031.485,528,542,None,Move,gaming
1571578031.502,507,537,None,Move,gaming
1571578031.512,502,536,None,Move,gaming
1571578031.524,500,536,None,Move,gaming
1571578031.539,497,534,None,Move,gaming
1571578031.615,497,534,None,Move,gaming
1571578031.7510002,496,534,None,Move,gaming
1571578031.814,496,534,None,Move,gaming
1571578031.83,496,536,None,Move,gaming
1571578031.854,496,537,Left,Pressed,gaming
1571578031.854,496,537,None,Drag,gaming
1571578031.871,497,537,None,Drag,gaming
1571578031.8820002,499,537,None,Drag,gaming
1571578031.895,513,542,None,Drag,gaming
1571578031.907,522,543,None,Drag,gaming
1571578031.921,549,547,None,Drag,gaming
1571578031.931,568,549,None,Drag,gaming
1571578031.946,604,554,None,Drag,gaming
1571578031.957,621,555,None,Drag,gaming
1571578031.971,644,561,None,Drag,gaming
1571578031.981,656,565,None,Drag,gaming
1571578031.994,673,571,None,Drag,gaming
1571578032.006,682,574,None,Drag,gaming
1571578032.0229998,707,581,None,Drag,gaming
1571578032.033,713,582,None,Drag,gaming
1571578032.046,720,585,None,Drag,gaming
1571578032.054,722,585,None,Drag,gaming
1571578032.063,730,587,None,Drag,gaming
1571578032.074,732,588,None,Drag,gaming
1571578032.135,733,588,None,Drag,gaming
1571578032.146,733,589,None,Drag,gaming
1571578032.158,734,589,None,Drag,gaming
1571578032.1720002,736,589,None,Drag,gaming
1571578032.179,738,589,None,Drag,gaming
1571578032.1920002,743,589,None,Drag,gaming
1571578032.204,744,590,None,Drag,gaming
1571578032.218,746,590,None,Drag,gaming
1571578032.218,746,590,Left,Released,gaming
1571578032.274,747,590,None,Move,gaming
1571578032.282,748,590,None,Move,gaming
1571578032.294,748,590,None,Move,gaming
1571578032.55,749,591,None,Move,gaming
1571578032.623,749,591,None,Move,gaming
1571578032.631,749,592,None,Move,gaming
1571578032.647,749,592,None,Move,gaming
1571578032.663,748,593,None,Move,gaming
1571578032.679,747,593,None,Move,gaming
1571578032.69,747,595,None,Move,gaming
1571578032.7029998,746,597,None,Move,gaming
1571578032.7129998,745,597,None,Move,gaming
1571578032.722,744,599,None,Move,gaming
1571578032.73,744,599,None,Move,gaming
1571578032.745,743,601,None,Move,gaming
1571578032.754,741,603,None,Move,gaming
1571578032.7629998,740,604,None,Move,gaming
1571578032.7729998,740,604,None,Move,gaming
1571578032.784,739,605,None,Move,gaming
1571578032.794,739,606,None,Move,gaming
1571578032.806,738,606,None,Move,gaming
1571578032.814,738,607,None,Move,gaming
1571578032.855,738,607,None,Move,gaming
1571578032.8639998,736,609,None,Move,gaming
1571578032.875,735,609,None,Move,gaming
1571578032.883,734,610,None,Move,gaming
1571578032.894,733,611,None,Move,gaming
1571578032.901,732,612,None,Move,gaming
1571578032.9120002,729,614,None,Move,gaming
1571578032.92,728,614,None,Move,gaming
1571578032.9320002,726,614,None,Move,gaming
1571578032.938,725,615,None,Move,gaming
1571578032.9910002,724,615,None,Move,gaming
1571578033.002,722,616,None,Move,gaming
1571578033.0110002,722,616,None,Move,gaming
1571578033.024,720,617,None,Move,gaming
1571578033.032,719,618,None,Move,gaming
1571578033.042,718,618,None,Move,gaming
1571578033.053,716,618,None,Move,gaming
1571578033.062,714,620,None,Move,gaming
1571578033.073,707,621,None,Move,gaming
1571578033.084,699,621,None,Move,gaming
1571578033.092,694,622,None,Move,gaming
1571578033.103,681,624,None,Move,gaming
1571578033.111,676,625,None,Move,gaming
1571578033.1220002,671,626,None,Move,gaming
1571578033.1279998,669,626,None,Move,gaming
1571578033.14,666,627,None,Move,gaming
1571578033.146,664,627,None,Move,gaming
1571578033.157,662,627,None,Move,gaming
1571578033.165,662,627,None,Move,gaming
1571578033.207,661,628,None,Move,gaming
1571578033.217,660,628,None,Move,gaming
1571578033.228,660,628,None,Move,gaming
1571578033.236,659,629,None,Move,gaming
1571578033.2470002,657,630,None,Move,gaming
1571578033.254,655,630,None,Move,gaming
1571578033.2670002,654,631,None,Move,gaming
1571578033.2729998,653,632,None,Move,gaming
1571578033.286,651,632,None,Move,gaming
1571578033.292,651,632,None,Move,gaming
1571578033.304,650,632,None,Move,gaming
1571578033.311,650,633,None,Move,gaming
1571578033.351,648,633,None,Move,gaming
1571578033.3620002,646,634,None,Move,gaming
1571578033.3739998,644,634,None,Move,gaming
1571578033.381,644,635,None,Move,gaming
1571578033.3920002,640,635,None,Move,gaming
1571578033.399,640,635,None,Move,gaming
1571578033.43,639,635,None,Move,gaming
1571578033.462,638,635,None,Move,gaming
1571578033.583,638,635,None,Move,gaming
1571578033.6620002,637,635,None,Move,gaming
1571578033.975,636,635,None,Move,gaming
1571578033.985,631,636,None,Move,gaming
1571578033.994,625,638,None,Move,gaming
1571578034.0029998,615,639,None,Move,gaming
1571578034.012,610,640,None,Move,gaming
1571578034.0229998,604,640,None,Move,gaming
1571578034.766,604,643,None,Move,gaming
1571578034.775,606,651,None,Move,gaming
1571578034.7870002,607,656,None,Move,gaming
1571578034.796,611,664,None,Move,gaming
1571578034.805,615,672,None,Move,gaming
1571578034.815,621,684,None,Move,gaming
1571578034.823,623,687,None,Move,gaming
1571578034.834,626,692,None,Move,gaming
1571578034.841,627,694,None,Move,gaming
1571578034.85,627,696,None,Move,gaming
1571578034.863,627,698,None,Move,gaming
1571578035.1339998,629,698,None,Move,gaming
1571578035.145,630,698,None,Move,gaming
1571578035.151,631,698,None,Move,gaming
1571578035.1620002,632,698,None,Move,gaming
1571578035.175,632,698,None,Move,gaming
1571578035.185,634,698,None,Move,gaming
1571578035.1929998,636,698,None,Move,gaming
1571578035.204,639,698,None,Move,gaming
1571578035.214,640,699,None,Move,gaming
1571578035.224,643,699,None,Move,gaming
1571578035.234,646,700,None,Move,gaming
1571578035.242,647,700,None,Move,gaming
1571578035.2510002,649,700,None,Move,gaming
1571578035.26,650,700,None,Move,gaming
1571578035.271,652,702,None,Move,gaming
1571578035.311,652,704,None,Move,gaming
1571578035.327,648,706,None,Move,gaming
1571578035.337,643,706,None,Move,gaming
1571578035.347,633,707,None,Move,gaming
1571578035.356,624,708,None,Move,gaming
1571578035.3639998,613,708,None,Move,gaming
1571578035.375,593,708,None,Move,gaming
1571578035.383,585,708,None,Move,gaming
1571578035.393,576,708,None,Move,gaming
1571578035.4,566,708,None,Move,gaming
1571578035.4120002,556,708,None,Move,gaming
1571578035.419,549,708,None,Move,gaming
1571578035.43,538,708,None,Move,gaming
1571578035.437,528,708,None,Move,gaming
1571578035.448,508,708,None,Move,gaming
1571578035.454,496,708,None,Move,gaming
1571578035.466,485,708,None,Move,gaming
1571578035.472,471,708,None,Move,gaming
1571578035.484,457,708,None,Move,gaming
1571578035.4929998,444,706,None,Move,gaming
1571578035.506,420,703,None,Move,gaming
1571578035.516,412,700,None,Move,gaming
1571578035.529,399,699,None,Move,gaming
1571578035.54,395,698,None,Move,gaming
1571578035.551,391,698,None,Move,gaming
1571578035.56,387,696,None,Move,gaming
1571578035.569,386,696,None,Move,gaming
1571578035.582,382,696,None,Move,gaming
1571578035.59,378,696,None,Move,gaming
1571578035.6020002,357,699,None,Move,gaming
1571578035.61,350,702,None,Move,gaming
1571578035.625,335,707,None,Move,gaming
1571578035.6320002,325,708,None,Move,gaming
1571578035.643,322,709,None,Move,gaming
1571578035.6520002,320,711,None,Move,gaming
1571578035.679,319,712,None,Move,gaming
1571578035.711,319,713,None,Move,gaming
1571578035.7670002,319,713,None,Move,gaming
1571578035.831,319,714,None,Move,gaming
1571578036.143,319,714,None,Move,gaming
1571578036.151,317,717,None,Move,gaming
1571578036.164,317,718,None,Move,gaming
1571578036.17,315,719,None,Move,gaming
1571578036.1820002,312,719,None,Move,gaming
1571578036.19,312,720,None,Move,gaming
1571578036.202,311,721,None,Move,gaming
1571578036.208,310,722,None,Move,gaming
1571578036.221,307,724,None,Move,gaming
1571578036.2270002,306,725,None,Move,gaming
1571578036.2389998,304,727,None,Move,gaming
1571578036.2470002,301,728,None,Move,gaming
1571578036.254,301,728,None,Move,gaming
1571578036.266,300,729,None,Move,gaming
1571578036.272,299,729,None,Move,gaming
1571578036.342,298,731,None,Move,gaming
1571578036.399,298,731,None,Move,gaming
1571578036.438,297,731,None,Move,gaming
1571578036.479,297,731,None,Move,gaming
1571578036.542,296,731,None,Move,gaming
1571578036.7510002,295,731,None,Move,gaming
1571578036.854,295,731,None,Move,gaming
1571578036.967,294,730,None,Move,gaming
1571578037.439,294,730,None,Move,gaming
1571578037.534,292,730,None,Move,gaming
1571578037.67,291,730,None,Move,gaming
1571578037.711,291,730,None,Move,gaming
1571578037.721,290,730,None,Move,gaming
1571578037.7670002,289,730,None,Move,gaming
1571578038.3820002,289,730,Left,Pressed,gaming
1571578038.3820002,289,730,None,Drag,gaming
1571578038.3920002,290,730,None,Drag,gaming
1571578038.401,293,730,None,Drag,gaming
1571578038.408,297,730,None,Drag,gaming
1571578038.419,302,730,None,Drag,gaming
1571578038.425,308,730,None,Drag,gaming
1571578038.436,320,730,None,Drag,gaming
1571578038.4420002,332,730,None,Drag,gaming
1571578038.45,347,730,None,Drag,gaming
1571578038.46,365,730,None,Drag,gaming
1571578038.468,387,729,None,Drag,gaming
1571578038.478,411,725,None,Drag,gaming
1571578038.484,437,722,None,Drag,gaming
1571578038.494,510,711,None,Drag,gaming
1571578038.502,548,702,None,Drag,gaming
1571578038.512,590,695,None,Drag,gaming
1571578038.52,627,689,None,Drag,gaming
1571578038.531,671,684,None,Drag,gaming
1571578038.54,705,679,None,Drag,gaming
1571578038.5470002,739,675,None,Drag,gaming
1571578038.5579998,771,670,None,Drag,gaming
1571578038.566,786,668,None,Drag,gaming
1571578038.576,818,663,None,Drag,gaming
1571578038.583,826,662,None,Drag,gaming
1571578038.597,832,661,None,Drag,gaming
1571578038.609,834,660,None,Drag,gaming
1571578038.695,834,660,None,Drag,gaming
1571578038.706,834,659,None,Drag,gaming
1571578038.716,833,659,None,Drag,gaming
1571578038.725,832,657,None,Drag,gaming
1571578038.734,830,654,None,Drag,gaming
1571578038.7429998,828,652,None,Drag,gaming
1571578038.752,826,649,None,Drag,gaming
1571578038.762,826,647,None,Drag,gaming
1571578038.771,825,645,None,Drag,gaming
1571578038.78,823,642,None,Drag,gaming
1571578038.788,822,637,None,Drag,gaming
1571578038.798,820,632,None,Drag,gaming
1571578038.804,817,628,None,Drag,gaming
1571578038.816,811,618,None,Drag,gaming
1571578038.823,808,612,None,Drag,gaming
1571578038.834,804,606,None,Drag,gaming
1571578038.842,801,600,None,Drag,gaming
1571578038.8520002,799,595,None,Drag,gaming
1571578038.859,797,591,None,Drag,gaming
1571578038.87,794,587,None,Drag,gaming
1571578038.8760002,793,585,None,Drag,gaming
1571578038.8879998,789,578,None,Drag,gaming
1571578038.895,785,575,None,Drag,gaming
1571578038.906,782,571,None,Drag,gaming
1571578038.914,778,568,None,Drag,gaming
1571578038.924,776,565,None,Drag,gaming
1571578038.9329998,773,563,None,Drag,gaming
1571578038.9429998,772,562,None,Drag,gaming
1571578038.9429998,772,562,Left,Released,gaming
1571578039.079,771,562,None,Move,gaming
1571578039.09,770,562,None,Move,gaming
1571578039.096,770,562,None,Move,gaming
1571578039.107,768,562,None,Move,gaming
1571578039.119,765,563,None,Move,gaming
1571578039.131,764,564,None,Move,gaming
1571578039.1379998,763,565,None,Move,gaming
1571578039.149,759,568,None,Move,gaming
1571578039.156,757,569,None,Move,gaming
1571578039.167,748,575,None,Move,gaming
1571578039.174,742,578,None,Move,gaming
1571578039.186,734,581,None,Move,gaming
1571578039.1929998,725,584,None,Move,gaming
1571578039.204,714,589,None,Move,gaming
1571578039.211,703,593,None,Move,gaming
1571578039.222,692,597,None,Move,gaming
1571578039.229,680,601,None,Move,gaming
1571578039.24,649,612,None,Move,gaming
1571578039.2470002,633,617,None,Move,gaming
1571578039.258,617,621,None,Move,gaming
1571578039.266,604,626,None,Move,gaming
1571578039.278,588,632,None,Move,gaming
1571578039.285,569,639,None,Move,gaming
1571578039.2970002,525,653,None,Move,gaming
1571578039.303,500,659,None,Move,gaming
1571578039.316,478,666,None,Move,gaming
1571578039.322,448,674,None,Move,gaming
1571578039.333,421,682,None,Move,gaming
1571578039.34,409,687,None,Move,gaming
1571578039.3520002,377,695,None,Move,gaming
1571578039.359,365,699,None,Move,gaming
1571578039.371,354,704,None,Move,gaming
1571578039.3779998,351,706,None,Move,gaming
1571578039.3879998,349,707,None,Move,gaming
1571578039.3979998,348,708,None,Move,gaming
1571578039.407,348,709,None,Move,gaming
1571578039.418,346,711,None,Move,gaming
1571578039.425,345,712,None,Move,gaming
1571578039.436,344,715,None,Move,gaming
1571578039.4429998,343,715,None,Move,gaming
1571578039.471,343,716,None,Move,gaming
1571578039.5110002,342,718,None,Move,gaming
1571578039.5270002,340,718,None,Move,gaming
1571578039.543,339,719,None,Move,gaming
1571578039.559,337,719,None,Move,gaming
1571578039.5670002,336,720,None,Move,gaming
1571578039.639,335,720,None,Move,gaming
1571578039.679,334,720,None,Move,gaming
1571578039.689,334,720,None,Move,gaming
1571578039.726,333,720,None,Move,gaming
1571578039.775,333,719,Left,Pressed,gaming
1571578039.775,333,719,None,Drag,gaming
1571578039.788,333,719,None,Drag,gaming
1571578039.7970002,334,718,None,Drag,gaming
1571578039.806,336,718,None,Drag,gaming
1571578039.819,338,717,None,Drag,gaming
1571578039.827,341,716,None,Drag,gaming
1571578039.839,349,711,None,Drag,gaming
1571578039.851,357,709,None,Drag,gaming
1571578039.8579998,365,705,None,Drag,gaming
1571578039.8720002,391,696,None,Drag,gaming
1571578039.881,404,688,None,Drag,gaming
1571578039.893,423,685,None,Drag,gaming
1571578039.9020002,448,677,None,Drag,gaming
1571578039.915,509,664,None,Drag,gaming
1571578039.923,544,655,None,Drag,gaming
1571578039.936,623,642,None,Drag,gaming
1571578039.947,665,637,None,Drag,gaming
1571578039.958,694,630,None,Drag,gaming
1571578039.971,756,617,None,Drag,gaming
1571578039.9829998,775,610,None,Drag,gaming
1571578039.992,811,599,None,Drag,gaming
1571578040.006,821,596,None,Drag,gaming
1571578040.016,833,590,None,Drag,gaming
1571578040.028,837,589,None,Drag,gaming
1571578040.039,837,589,None,Drag,gaming
1571578040.111,837,587,None,Drag,gaming
1571578040.119,836,585,None,Drag,gaming
1571578040.1320002,836,585,None,Drag,gaming
1571578040.141,835,583,None,Drag,gaming
1571578040.151,830,579,None,Drag,gaming
1571578040.159,825,577,None,Drag,gaming
1571578040.17,823,575,None,Drag,gaming
1571578040.178,820,571,None,Drag,gaming
1571578040.19,815,568,None,Drag,gaming
1571578040.198,812,567,None,Drag,gaming
1571578040.209,803,564,None,Drag,gaming
1571578040.216,798,561,None,Drag,gaming
1571578040.2270002,795,560,None,Drag,gaming
1571578040.236,792,557,None,Drag,gaming
1571578040.246,789,556,None,Drag,gaming
1571578040.254,786,553,None,Drag,gaming
1571578040.264,780,552,None,Drag,gaming
1571578040.274,779,550,None,Drag,gaming
1571578040.285,777,550,None,Drag,gaming
1571578040.294,777,550,None,Drag,gaming
1571578040.294,777,550,Left,Released,gaming
1571578040.4629998,776,550,None,Move,gaming
1571578040.478,775,550,None,Move,gaming
1571578040.4870002,773,553,None,Move,gaming
1571578040.498,771,555,None,Move,gaming
1571578040.505,766,560,None,Move,gaming
1571578040.5170002,765,562,None,Move,gaming
1571578040.524,762,566,None,Move,gaming
1571578040.536,759,575,None,Move,gaming
1571578040.774,756,575,None,Move,gaming
1571578040.783,744,576,None,Move,gaming
1571578040.795,733,576,None,Move,gaming
1571578040.801,726,576,None,Move,gaming
1571578040.813,716,576,None,Move,gaming
1571578040.82,700,576,None,Move,gaming
1571578040.831,664,576,None,Move,gaming
1571578040.839,637,576,None,Move,gaming
1571578040.851,604,576,None,Move,gaming
1571578040.859,574,576,None,Move,gaming
1571578040.87,539,576,None,Move,gaming
1571578040.879,506,576,None,Move,gaming
1571578040.889,435,575,None,Move,gaming
1571578040.896,407,573,None,Move,gaming
1571578040.908,382,572,None,Move,gaming
1571578040.914,369,572,None,Move,gaming
1571578040.925,354,571,None,Move,gaming
1571578040.931,344,569,None,Move,gaming
1571578040.944,326,567,None,Move,gaming
1571578040.951,316,566,None,Move,gaming
1571578040.962,310,566,None,Move,gaming
1571578040.969,303,566,None,Move,gaming
1571578040.979,300,566,None,Move,gaming
1571578040.988,299,566,None,Move,gaming
1571578040.998,298,566,None,Move,gaming
1571578041.087,298,566,None,Move,gaming
1571578041.096,296,568,None,Move,gaming
1571578041.1079998,295,569,None,Move,gaming
1571578041.1160002,295,569,None,Move,gaming
1571578041.127,295,571,None,Move,gaming
1571578041.143,295,572,None,Move,gaming
1571578041.159,295,574,None,Move,gaming
1571578041.167,295,576,None,Move,gaming
1571578041.179,295,577,None,Move,gaming
1571578041.185,295,579,None,Move,gaming
1571578041.197,297,581,None,Move,gaming
1571578041.204,299,583,None,Move,gaming
1571578041.215,303,586,None,Move,gaming
1571578041.225,306,588,None,Move,gaming
1571578041.2370002,307,589,None,Move,gaming
1571578041.244,310,590,None,Move,gaming
1571578041.256,314,593,None,Move,gaming
1571578041.2629998,315,594,None,Move,gaming
1571578041.2729998,319,595,None,Move,gaming
1571578041.281,319,596,None,Move,gaming
1571578041.293,320,596,None,Move,gaming
1571578041.3,320,597,None,Move,gaming
1571578041.315,322,598,None,Move,gaming
1571578041.323,323,599,None,Move,gaming
1571578041.335,323,600,None,Move,gaming
1571578041.343,324,601,None,Move,gaming
1571578041.354,325,601,None,Move,gaming
1571578041.3660002,325,602,None,Move,gaming
1571578041.377,326,604,None,Move,gaming
1571578041.385,327,605,None,Move,gaming
1571578041.396,327,606,None,Move,gaming
1571578041.404,328,607,None,Move,gaming
1571578041.415,330,610,None,Move,gaming
1571578041.424,331,611,None,Move,gaming
1571578041.435,332,612,None,Move,gaming
1571578041.441,332,612,None,Move,gaming
1571578041.455,333,613,None,Move,gaming
1571578041.646,334,613,None,Move,gaming
1571578041.711,334,613,None,Move,gaming
1571578041.7510002,333,613,None,Move,gaming
1571578042.086,333,613,Left,Pressed,gaming
1571578042.086,333,613,None,Drag,gaming
1571578042.099,332,610,None,Drag,gaming
1571578042.105,332,609,None,Drag,gaming
1571578042.1160002,330,607,None,Drag,gaming
1571578042.125,330,605,None,Drag,gaming
1571578042.135,330,604,None,Drag,gaming
1571578042.144,330,601,None,Drag,gaming
1571578042.151,330,601,None,Drag,gaming
1571578042.1620002,330,599,None,Drag,gaming
1571578042.169,330,598,None,Drag,gaming
1571578042.18,330,598,None,Drag,gaming
1571578042.187,330,596,None,Drag,gaming
1571578042.198,330,594,None,Drag,gaming
1571578042.205,330,593,None,Drag,gaming
1571578042.217,330,592,None,Drag,gaming
1571578042.2229998,330,591,None,Drag,gaming
1571578042.2329998,330,590,None,Drag,gaming
1571578042.935,330,590,None,Drag,gaming
1571578042.9429998,330,590,None,Drag,gaming
1571578042.958,332,592,None,Drag,gaming
1571578042.974,332,594,None,Drag,gaming
1571578042.986,332,595,None,Drag,gaming
1571578042.995,333,596,None,Drag,gaming
1571578043.0010002,334,598,None,Drag,gaming
1571578043.012,334,599,None,Drag,gaming
1571578043.019,335,601,None,Drag,gaming
1571578043.028,335,602,None,Drag,gaming
1571578043.038,336,604,None,Drag,gaming
1571578043.045,336,604,None,Drag,gaming
1571578043.055,337,607,None,Drag,gaming
1571578043.063,337,608,None,Drag,gaming
1571578043.073,337,609,None,Drag,gaming
1571578043.084,338,609,None,Drag,gaming
1571578043.095,338,611,None,Drag,gaming
1571578043.103,338,612,None,Drag,gaming
1571578043.11,338,612,None,Drag,gaming
1571578043.1220002,338,614,None,Drag,gaming
1571578043.1279998,338,617,None,Drag,gaming
1571578043.14,338,620,None,Drag,gaming
1571578043.146,338,623,None,Drag,gaming
1571578043.154,338,627,None,Drag,gaming
1571578043.166,339,630,None,Drag,gaming
1571578043.1720002,341,633,None,Drag,gaming
1571578043.186,341,636,None,Drag,gaming
1571578043.1920002,341,638,None,Drag,gaming
1571578043.204,341,638,None,Drag,gaming
1571578043.2129998,341,640,None,Drag,gaming
1571578043.219,341,641,None,Drag,gaming
1571578043.232,341,644,None,Drag,gaming
1571578043.24,341,647,None,Drag,gaming
1571578043.25,341,650,None,Drag,gaming
1571578043.2589998,337,655,None,Drag,gaming
1571578043.266,335,659,None,Drag,gaming
1571578043.2770002,331,665,None,Drag,gaming
1571578043.283,330,670,None,Drag,gaming
1571578043.295,326,675,None,Drag,gaming
1571578043.301,323,679,None,Drag,gaming
1571578043.312,321,684,None,Drag,gaming
1571578043.321,319,686,None,Drag,gaming
1571578043.327,318,688,None,Drag,gaming
1571578043.855,318,689,None,Drag,gaming
1571578043.867,319,685,None,Drag,gaming
1571578043.877,320,677,None,Drag,gaming
1571578043.885,321,669,None,Drag,gaming
1571578043.8979998,324,654,None,Drag,gaming
1571578043.905,324,646,None,Drag,gaming
1571578043.917,324,638,None,Drag,gaming
1571578043.925,324,631,None,Drag,gaming
1571578043.934,325,624,None,Drag,gaming
1571578043.946,325,613,None,Drag,gaming
1571578043.954,326,609,None,Drag,gaming
1571578043.967,326,606,None,Drag,gaming
1571578043.975,327,604,None,Drag,gaming
1571578043.988,327,604,None,Drag,gaming
1571578044.0470002,328,603,None,Drag,gaming
1571578044.167,328,603,None,Drag,gaming
1571578044.1829998,329,603,None,Drag,gaming
1571578044.194,329,604,None,Drag,gaming
1571578044.201,330,606,None,Drag,gaming
1571578044.212,330,606,None,Drag,gaming
1571578044.217,331,608,None,Drag,gaming
1571578044.231,332,610,None,Drag,gaming
1571578044.238,334,612,None,Drag,gaming
1571578044.2470002,334,613,None,Drag,gaming
1571578044.2589998,335,616,None,Drag,gaming
1571578044.265,336,617,None,Drag,gaming
1571578044.2770002,336,619,None,Drag,gaming
1571578044.283,337,621,None,Drag,gaming
1571578044.295,338,624,None,Drag,gaming
1571578044.304,338,625,None,Drag,gaming
1571578044.311,338,626,None,Drag,gaming
1571578044.322,338,626,None,Drag,gaming
1571578044.329,338,627,None,Drag,gaming
1571578044.341,338,629,None,Drag,gaming
1571578044.347,338,630,None,Drag,gaming
1571578044.359,338,630,None,Drag,gaming
1571578044.3679998,338,631,None,Drag,gaming
1571578044.3739998,338,632,None,Drag,gaming
1571578044.39,338,632,None,Drag,gaming
1571578044.39,338,632,Left,Released,gaming
1571578044.542,338,633,None,Move,gaming
1571578044.554,336,634,None,Move,gaming
1571578044.561,332,634,None,Move,gaming
1571578044.571,329,635,None,Move,gaming
1571578044.58,325,637,None,Move,gaming
1571578044.59,323,638,None,Move,gaming
1571578044.599,317,642,None,Move,gaming
1571578044.61,314,644,None,Move,gaming
1571578044.6179998,312,646,None,Move,gaming
1571578044.63,309,648,None,Move,gaming
1571578044.637,308,649,None,Move,gaming
1571578044.649,305,652,None,Move,gaming
1571578044.656,304,654,None,Move,gaming
1571578044.666,304,655,None,Move,gaming
1571578044.675,304,655,None,Move,gaming
1571578044.686,303,657,None,Move,gaming
1571578044.695,303,659,None,Move,gaming
1571578044.705,303,660,None,Move,gaming
1571578044.7129998,303,661,None,Move,gaming
1571578044.725,303,662,None,Move,gaming
1571578044.732,302,664,None,Move,gaming
1571578044.7429998,302,667,None,Move,gaming
1571578044.752,302,668,None,Move,gaming
1571578044.762,302,669,None,Move,gaming
1571578044.774,302,670,None,Move,gaming
1571578044.791,302,670,None,Move,gaming
1571578044.8070002,302,671,None,Move,gaming
1571578044.8170002,302,672,None,Move,gaming
1571578044.826,302,673,None,Move,gaming
1571578044.834,302,673,None,Move,gaming
1571578044.844,302,674,None,Move,gaming
1571578044.853,302,674,None,Move,gaming
1571578044.863,302,676,None,Move,gaming
1571578044.8779998,302,677,None,Move,gaming
1571578044.897,303,677,Left,Pressed,gaming
1571578044.897,303,677,None,Drag,gaming
1571578044.91,303,677,None,Drag,gaming
1571578044.919,304,677,None,Drag,gaming
1571578044.927,305,677,None,Drag,gaming
1571578044.938,306,677,None,Drag,gaming
1571578044.946,306,673,None,Drag,gaming
1571578044.957,307,669,None,Drag,gaming
1571578044.964,307,663,None,Drag,gaming
1571578044.975,308,659,None,Drag,gaming
1571578044.981,310,653,None,Drag,gaming
1571578044.992,311,638,None,Drag,gaming
1571578044.9989998,312,630,None,Drag,gaming
1571578045.0110002,313,624,None,Drag,gaming
1571578045.021,315,617,None,Drag,gaming
1571578045.032,317,605,None,Drag,gaming
1571578045.041,317,602,None,Drag,gaming
1571578045.048,318,597,None,Drag,gaming
1571578045.059,318,594,None,Drag,gaming
1571578045.066,318,591,None,Drag,gaming
1571578045.077,318,589,None,Drag,gaming
1571578045.086,319,587,None,Drag,gaming
1571578045.097,320,586,None,Drag,gaming
1571578045.105,320,586,None,Drag,gaming
1571578045.1160002,320,585,None,Drag,gaming
1571578045.1260002,320,584,None,Drag,gaming
1571578045.137,321,584,None,Drag,gaming
1571578045.19,322,583,None,Drag,gaming
1571578045.206,322,583,None,Drag,gaming
1571578045.2389998,323,583,None,Drag,gaming
1571578045.246,323,583,None,Drag,gaming
1571578045.343,325,583,None,Drag,gaming
1571578045.351,325,583,None,Drag,gaming
1571578045.3820002,326,583,None,Drag,gaming
1571578045.393,328,583,None,Drag,gaming
1571578045.407,328,583,None,Drag,gaming
1571578045.416,329,583,None,Drag,gaming
1571578045.427,332,583,None,Drag,gaming
1571578045.436,335,583,None,Drag,gaming
1571578045.4429998,336,583,None,Drag,gaming
1571578045.455,338,583,None,Drag,gaming
1571578045.462,340,583,None,Drag,gaming
1571578045.472,343,583,None,Drag,gaming
1571578045.478,345,583,None,Drag,gaming
1571578045.49,347,583,None,Drag,gaming
1571578045.4989998,350,583,None,Drag,gaming
1571578045.508,352,583,None,Drag,gaming
1571578045.519,354,583,None,Drag,gaming
1571578045.525,357,583,None,Drag,gaming
1571578045.536,361,584,None,Drag,gaming
1571578045.543,363,585,None,Drag,gaming
1571578045.554,364,585,None,Drag,gaming
1571578045.562,364,585,None,Drag,gaming
1571578045.57,365,587,None,Drag,gaming
1571578045.583,367,588,None,Drag,gaming
1571578045.599,367,589,None,Drag,gaming
1571578045.607,367,590,None,Drag,gaming
1571578045.6179998,367,591,None,Drag,gaming
1571578045.6260002,367,592,None,Drag,gaming
1571578045.6320002,367,593,None,Drag,gaming
1571578045.644,367,594,None,Drag,gaming
1571578045.654,367,595,None,Drag,gaming
1571578045.666,367,596,None,Drag,gaming
1571578045.6720002,367,597,None,Drag,gaming
1571578045.684,367,599,None,Drag,gaming
1571578045.69,366,600,None,Drag,gaming
1571578045.7,365,601,None,Drag,gaming
1571578045.711,362,604,None,Drag,gaming
1571578045.719,360,606,None,Drag,gaming
1571578045.73,360,606,None,Drag,gaming
1571578045.736,359,607,None,Drag,gaming
1571578045.7470002,359,607,None,Drag,gaming
1571578045.7529998,358,608,None,Drag,gaming
1571578045.764,358,608,None,Drag,gaming
1571578045.7729998,356,609,None,Drag,gaming
1571578045.78,355,610,None,Drag,gaming
1571578045.79,354,610,None,Drag,gaming
1571578045.798,351,611,None,Drag,gaming
1571578045.814,350,611,None,Drag,gaming
1571578045.825,349,613,None,Drag,gaming
1571578045.833,348,613,None,Drag,gaming
1571578045.841,347,613,None,Drag,gaming
1571578045.8520002,346,614,None,Drag,gaming
1571578045.8579998,345,615,None,Drag,gaming
1571578045.87,343,616,None,Drag,gaming
1571578045.887,343,617,None,Drag,gaming
1571578045.897,342,617,None,Drag,gaming
1571578045.906,340,619,None,Drag,gaming
1571578045.915,340,619,None,Drag,gaming
1571578045.9220002,338,620,None,Drag,gaming
1571578045.935,338,621,None,Drag,gaming
1571578045.9429998,337,622,None,Drag,gaming
1571578045.974,337,622,None,Drag,gaming
1571578046.0229998,336,623,None,Drag,gaming
1571578046.032,336,623,None,Drag,gaming
1571578046.046,335,623,None,Drag,gaming
1571578046.052,335,624,None,Drag,gaming
1571578046.059,335,624,None,Drag,gaming
1571578046.07,334,625,None,Drag,gaming
1571578046.076,333,625,None,Drag,gaming
1571578046.0879998,332,627,None,Drag,gaming
1571578046.095,332,627,None,Drag,gaming
1571578046.105,331,628,None,Drag,gaming
1571578046.113,331,628,None,Drag,gaming
1571578046.119,330,630,None,Drag,gaming
1571578046.131,329,631,None,Drag,gaming
1571578046.159,328,632,None,Drag,gaming
1571578046.17,328,632,None,Drag,gaming
1571578046.175,328,633,None,Drag,gaming
1571578046.186,328,635,None,Drag,gaming
1571578046.195,328,635,None,Drag,gaming
1571578046.206,327,636,None,Drag,gaming
1571578046.215,327,637,None,Drag,gaming
1571578046.2270002,326,638,None,Drag,gaming
1571578046.238,326,638,None,Drag,gaming
1571578046.25,326,639,None,Drag,gaming
1571578046.2589998,325,640,None,Drag,gaming
1571578046.2670002,325,641,None,Drag,gaming
1571578046.278,325,641,None,Drag,gaming
1571578046.286,325,642,None,Drag,gaming
1571578046.298,325,643,None,Drag,gaming
1571578046.304,325,643,None,Drag,gaming
1571578046.314,324,645,None,Drag,gaming
1571578046.323,324,645,None,Drag,gaming
1571578046.329,323,646,None,Drag,gaming
1571578046.341,323,646,None,Drag,gaming
1571578046.347,322,648,None,Drag,gaming
1571578046.357,322,650,None,Drag,gaming
1571578046.3660002,322,650,None,Drag,gaming
1571578046.3739998,320,653,None,Drag,gaming
1571578046.3839998,319,656,None,Drag,gaming
1571578046.391,319,657,None,Drag,gaming
1571578046.4020002,317,660,None,Drag,gaming
1571578046.408,316,663,None,Drag,gaming
1571578046.42,315,664,None,Drag,gaming
1571578046.426,315,666,None,Drag,gaming
1571578046.435,312,670,None,Drag,gaming
1571578046.445,312,672,None,Drag,gaming
1571578046.451,312,673,None,Drag,gaming
1571578046.462,311,675,None,Drag,gaming
1571578046.468,310,677,None,Drag,gaming
1571578046.479,309,679,None,Drag,gaming
1571578046.4870002,309,681,None,Drag,gaming
1571578046.494,309,681,None,Drag,gaming
1571578046.506,308,682,None,Drag,gaming
1571578046.518,308,683,None,Drag,gaming
1571578046.551,308,684,None,Drag,gaming
1571578046.551,308,684,Left,Released,gaming
