client_timestamp,x,y,button,state,window
1572375805.6239998,688,580,None,Move,gaming
1572375805.6339998,690,579,None,Move,gaming
1572375805.644,690,577,None,Move,gaming
1572375805.655,692,576,None,Move,gaming
1572375805.663,693,576,None,Move,gaming
1572375805.675,694,575,None,Move,gaming
1572375805.6920002,694,574,None,Move,gaming
1572375805.717,694,573,None,Move,gaming
1572375805.7270002,694,573,None,Move,gaming
1572375805.7389998,694,572,None,Move,gaming
1572375805.7489998,695,571,None,Move,gaming
1572375805.762,696,570,None,Move,gaming
1572375805.772,696,569,None,Move,gaming
1572375805.783,696,568,None,Move,gaming
1572375805.84,696,568,None,Move,gaming
1572375805.8520002,696,567,None,Move,gaming
1572375805.8639998,696,566,None,Move,gaming
1572375805.875,696,566,None,Move,gaming
1572375805.883,696,565,None,Move,gaming
1572375805.894,695,565,None,Move,gaming
1572375805.904,695,563,None,Move,gaming
1572375805.913,695,563,None,Move,gaming
1572375805.929,695,562,None,Move,gaming
1572375806.05,695,562,None,Move,gaming
1572375806.066,695,565,None,Move,gaming
1572375806.075,699,576,None,Move,gaming
1572375806.094,706,598,None,Drag,gaming
1572375806.103,708,608,None,Drag,gaming
1572375806.1120002,712,617,None,Drag,gaming
1572375806.1220002,725,634,None,Drag,gaming
1572375806.133,739,638,None,Drag,gaming
1572375806.143,764,640,None,Drag,gaming
1572375806.1520002,796,642,None,Drag,gaming
1572375806.1620002,879,623,None,Drag,gaming
1572375806.17,926,612,None,Drag,gaming
1572375806.181,961,610,None,Drag,gaming
1572375806.21,1035,611,Left,Pressed,gaming
1572375806.21,1035,611,None,Move,gaming
1572375806.2229998,1038,614,None,Move,gaming
1572375806.235,1038,615,None,Move,gaming
1572375806.248,1038,616,None,Move,gaming
1572375806.258,1038,618,None,Move,gaming
1572375806.272,1037,622,None,Move,gaming
1572375806.28,1038,616,Right,Pressed,gaming
1572375806.292,1037,625,None,Drag,gaming
1572375806.302,1035,626,None,Drag,gaming
1572375806.313,1033,628,None,Drag,gaming
1572375806.314,1033,628,Left,Released,gaming
1572375806.336,1025,632,None,Drag,gaming
1572375806.347,1019,633,None,Drag,gaming
1572375806.3579998,1017,634,None,Drag,gaming
1572375806.369,1015,635,None,Drag,gaming
1572375806.3779998,1014,636,None,Drag,gaming
1572375806.399,1011,641,None,Move,gaming
1572375806.418,1009,644,Left,Pressed,gaming
1572375806.418,1009,644,None,Move,gaming
1572375806.427,1009,647,None,Move,gaming
1572375806.437,1009,652,None,Move,gaming
1572375806.446,1009,644,Right,Pressed,gaming
1572375806.456,1009,657,None,Drag,gaming
1572375806.508,1009,657,None,Drag,gaming
1572375806.518,1007,656,None,Drag,gaming
1572375806.53,1005,655,None,Drag,gaming
1572375806.54,1004,654,None,Drag,gaming
1572375806.54,1004,654,Left,Released,gaming
1572375806.561,1002,651,None,Drag,gaming
1572375806.58,1001,651,None,Move,gaming
1572375806.5879998,999,651,None,Move,gaming
1572375806.6,992,655,None,Move,gaming
1572375806.619,965,671,Left,Pressed,gaming
1572375806.619,965,671,None,Move,gaming
1572375806.63,938,686,None,Move,gaming
1572375806.639,896,704,None,Move,gaming
1572375806.647,812,739,None,Move,gaming
1572375806.658,896,704,Right,Pressed,gaming
1572375806.668,734,783,None,Drag,gaming
1572375806.678,718,790,None,Drag,gaming
1572375806.679,718,790,Left,Released,gaming
1572375806.699,697,791,None,Drag,gaming
1572375806.71,696,789,None,Drag,gaming
1572375806.722,696,783,None,Drag,gaming
1572375806.735,696,779,None,Drag,gaming
1572375806.746,698,773,None,Drag,gaming
1572375806.7589998,700,771,None,Drag,gaming
1572375806.771,705,765,None,Drag,gaming
1572375806.804,706,765,Left,Pressed,gaming
1572375806.804,706,765,None,Move,gaming
1572375806.8179998,707,766,None,Move,gaming
1572375806.827,706,765,Right,Pressed,gaming
1572375806.84,709,768,None,Drag,gaming
1572375806.8479998,711,769,None,Drag,gaming
1572375806.861,715,769,None,Drag,gaming
1572375806.873,733,765,None,Drag,gaming
1572375806.883,750,761,None,Drag,gaming
1572375806.8920002,774,756,None,Drag,gaming
1572375806.901,806,752,None,Drag,gaming
1572375806.901,806,752,Left,Released,gaming
1572375806.92,905,724,None,Drag,gaming
1572375806.929,927,714,None,Drag,gaming
1572375806.938,946,706,None,Drag,gaming
1572375806.96,946,706,Left,Pressed,gaming
1572375806.96,946,706,Right,Released,gaming
1572375806.97,974,697,None,Move,gaming
1572375806.98,974,697,None,Move,gaming
1572375806.99,974,698,None,Move,gaming
1572375806.9989998,974,701,None,Move,gaming
1572375807.0089998,974,704,None,Move,gaming
1572375807.0170002,974,701,Right,Pressed,gaming
1572375807.0270002,979,715,None,Drag,gaming
1572375807.039,979,718,None,Drag,gaming
1572375807.049,980,721,None,Drag,gaming
1572375807.059,981,724,None,Drag,gaming
1572375807.0679998,981,726,None,Drag,gaming
1572375807.0679998,981,726,Left,Released,gaming
1572375807.089,981,731,None,Drag,gaming
1572375807.0979998,980,731,None,Drag,gaming
1572375807.107,979,732,None,Drag,gaming
1572375807.117,979,733,None,Drag,gaming
1572375807.154,979,734,Left,Pressed,gaming
1572375807.154,979,734,None,Move,gaming
1572375807.164,979,734,None,Move,gaming
1572375807.173,979,736,None,Move,gaming
1572375807.184,979,737,None,Move,gaming
1572375807.1929998,979,741,None,Move,gaming
1572375807.204,979,746,None,Move,gaming
1572375807.206,978,752,None,Move,gaming
1572375807.218,976,762,None,Move,gaming
1572375807.23,979,746,Right,Pressed,gaming
1572375807.24,974,773,None,Drag,gaming
1572375807.2410002,974,773,Left,Released,gaming
1572375807.2629998,971,778,None,Drag,gaming
1572375807.2770002,971,778,None,Drag,gaming
1572375807.285,970,779,None,Drag,gaming
1572375807.298,970,778,None,Drag,gaming
1572375807.31,973,774,None,Drag,gaming
1572375807.321,981,769,None,Drag,gaming
1572375807.336,1008,747,None,Drag,gaming
1572375807.359,1042,731,None,Move,gaming
1572375807.3820002,1054,726,Left,Pressed,gaming
1572375807.3820002,1054,726,None,Move,gaming
1572375807.4,1054,726,Right,Pressed,gaming
1572375807.428,1054,726,None,Drag,gaming
1572375807.4420002,1055,726,None,Drag,gaming
1572375807.451,1055,728,None,Drag,gaming
1572375807.462,1056,728,None,Drag,gaming
1572375807.474,1056,729,None,Drag,gaming
1572375807.484,1056,730,None,Drag,gaming
1572375807.4929998,1058,731,None,Drag,gaming
1572375807.4929998,1058,731,Left,Released,gaming
1572375807.5129998,1066,730,None,Drag,gaming
1572375807.5229998,1070,727,None,Drag,gaming
1572375807.533,1077,725,None,Drag,gaming
1572375807.5570002,1077,725,Left,Pressed,gaming
1572375807.5570002,1077,725,Right,Released,gaming
1572375807.566,1105,727,None,Move,gaming
1572375807.577,1110,734,None,Move,gaming
1572375807.587,1112,740,None,Move,gaming
1572375807.595,1113,747,None,Move,gaming
1572375807.6079998,1112,740,Right,Pressed,gaming
1572375807.6179998,1108,770,None,Drag,gaming
1572375807.629,1102,784,None,Drag,gaming
1572375807.639,1099,790,None,Drag,gaming
1572375807.6479998,1096,797,None,Drag,gaming
1572375807.659,1084,811,None,Drag,gaming
1572375807.67,1075,816,None,Drag,gaming
1572375807.67,1075,816,Left,Released,gaming
1572375807.69,1039,822,None,Drag,gaming
1572375807.7,981,829,None,Drag,gaming
1572375807.712,958,829,None,Drag,gaming
1572375807.726,933,829,None,Drag,gaming
1572375807.7510002,888,817,Left,Pressed,gaming
1572375807.7510002,888,817,None,Drag,gaming
1572375807.762,933,829,Right,Released,gaming
1572375807.7729998,888,816,None,Move,gaming
1572375807.7870002,888,814,None,Move,gaming
1572375807.7970002,888,816,Right,Pressed,gaming
1572375807.812,890,807,None,Drag,gaming
1572375807.821,891,802,None,Drag,gaming
1572375807.824,895,795,None,Drag,gaming
1572375807.836,898,787,None,Drag,gaming
1572375807.849,914,766,None,Drag,gaming
1572375807.861,934,741,None,Drag,gaming
1572375807.8739998,942,727,None,Drag,gaming
1572375807.8839998,949,713,None,Drag,gaming
1572375807.8839998,949,713,Left,Released,gaming
1572375807.907,954,691,None,Drag,gaming
1572375807.918,952,665,None,Drag,gaming
1572375807.939,927,654,Left,Pressed,gaming
1572375807.939,927,654,None,Move,gaming
1572375807.949,912,652,None,Move,gaming
1572375807.96,895,652,None,Move,gaming
1572375807.969,878,652,None,Move,gaming
1572375807.981,855,653,None,Move,gaming
1572375807.99,825,653,None,Move,gaming
1572375807.9989998,761,658,None,Move,gaming
1572375808.01,825,653,Right,Pressed,gaming
1572375808.018,715,655,None,Drag,gaming
1572375808.029,709,652,None,Drag,gaming
1572375808.04,706,649,None,Drag,gaming
1572375808.04,706,649,Left,Released,gaming
1572375808.062,703,629,None,Drag,gaming
1572375808.071,703,619,None,Drag,gaming
1572375808.082,707,609,None,Drag,gaming
1572375808.09,714,598,None,Drag,gaming
1572375808.101,733,576,None,Drag,gaming
1572375808.119,764,552,None,Move,gaming
1572375808.139,778,547,Left,Pressed,gaming
1572375808.139,778,547,None,Move,gaming
1572375808.15,785,546,None,Move,gaming
1572375808.16,778,547,Right,Pressed,gaming
1572375808.169,805,540,None,Drag,gaming
1572375808.181,823,531,None,Drag,gaming
1572375808.189,832,524,None,Drag,gaming
1572375808.2,845,517,None,Drag,gaming
1572375808.21,860,512,None,Drag,gaming
1572375808.221,889,501,None,Drag,gaming
1572375808.222,889,501,Left,Released,gaming
1572375808.246,922,493,None,Drag,gaming
1572375808.2589998,933,492,None,Drag,gaming
1572375808.271,933,492,None,Drag,gaming
1572375808.326,933,492,None,Drag,gaming
1572375808.434,933,492,Left,Pressed,gaming
1572375808.434,933,492,Right,Released,gaming
1572375808.556,933,492,None,Move,gaming
1572375808.6179998,934,492,None,Move,gaming
1572375808.631,951,479,None,Move,gaming
1572375808.6420002,976,458,None,Move,gaming
1572375808.658,1071,382,None,Move,gaming
1572375808.67,1098,362,None,Move,gaming
1572375808.6820002,1117,345,None,Move,gaming
1572375808.6929998,1119,344,None,Move,gaming
1572375808.705,1119,344,None,Move,gaming
1572375808.72,1119,344,None,Move,gaming
1572375808.731,1117,344,None,Move,gaming
1572375808.731,1117,344,Left,Released,gaming
1572375808.7570002,1114,347,None,Move,gaming
1572375808.768,1106,353,None,Move,gaming
1572375808.792,1091,367,None,Drag,gaming
1572375808.805,1084,374,None,Drag,gaming
1572375808.814,1068,385,None,Drag,gaming
1572375808.822,1061,391,None,Drag,gaming
1572375808.83,1055,398,None,Drag,gaming
1572375808.851,1042,410,None,Move,gaming
1572375808.865,1035,425,None,Move,gaming
1572375808.875,1031,434,None,Move,gaming
1572375808.885,1024,456,None,Move,gaming
1572375808.896,1023,468,None,Move,gaming
1572375808.925,1023,468,Left,Pressed,gaming
1572375808.925,1023,468,Right,Pressed,gaming
1572375808.934,1018,514,None,Drag,gaming
1572375808.949,1017,532,None,Drag,gaming
1572375808.961,1016,541,None,Drag,gaming
1572375808.972,1011,559,None,Drag,gaming
1572375808.972,1011,559,Left,Released,gaming
1572375808.995,995,587,None,Drag,gaming
1572375809.005,987,598,None,Drag,gaming
1572375809.016,980,609,None,Drag,gaming
1572375809.028,973,620,None,Drag,gaming
1572375809.04,965,645,None,Drag,gaming
1572375809.074,938,728,Left,Pressed,gaming
1572375809.075,938,728,None,Move,gaming
1572375809.087,927,771,None,Move,gaming
1572375809.097,938,728,Right,Pressed,gaming
1572375809.107,924,784,None,Drag,gaming
1572375809.117,924,784,None,Drag,gaming
1572375809.156,924,784,None,Drag,gaming
1572375809.165,926,783,None,Drag,gaming
1572375809.176,928,776,None,Drag,gaming
1572375809.187,931,772,None,Drag,gaming
1572375809.196,934,768,None,Drag,gaming
1572375809.196,934,768,Left,Released,gaming
1572375809.234,939,763,None,Move,gaming
1572375809.27,944,770,Left,Pressed,gaming
1572375809.271,944,770,None,Drag,gaming
1572375809.283,946,772,None,Drag,gaming
1572375809.2970002,948,775,None,Drag,gaming
1572375809.313,948,778,None,Drag,gaming
1572375809.329,948,780,None,Drag,gaming
1572375809.347,947,781,None,Drag,gaming
1572375809.363,948,779,None,Drag,gaming
1572375809.375,961,769,None,Drag,gaming
1572375809.375,961,769,Left,Released,gaming
1572375809.401,979,753,None,Drag,gaming
1572375809.4220002,969,761,Left,Pressed,gaming
1572375809.423,969,761,Right,Released,gaming
1572375809.434,1087,709,None,Move,gaming
1572375809.445,1095,707,None,Move,gaming
1572375809.454,1098,707,None,Move,gaming
1572375809.465,1098,707,Right,Pressed,gaming
1572375809.524,1099,707,None,Drag,gaming
1572375809.562,1099,707,None,Drag,gaming
1572375809.572,1099,705,None,Drag,gaming
1572375809.581,1098,703,None,Drag,gaming
1572375809.591,1097,702,None,Drag,gaming
1572375809.601,1096,700,None,Drag,gaming
1572375809.611,1097,702,Right,Released,gaming
1572375809.611,1097,702,Left,Released,gaming
1572375809.63,1093,699,None,Move,gaming
1572375809.64,1084,705,None,Move,gaming
1572375809.649,1076,711,None,Move,gaming
1572375809.669,1055,724,Left,Pressed,gaming
1572375809.669,1055,724,None,Move,gaming
1572375809.68,1065,716,Right,Pressed,gaming
1572375809.69,1037,734,None,Drag,gaming
1572375809.699,1035,735,None,Drag,gaming
1572375809.709,1034,736,None,Drag,gaming
1572375809.718,1031,737,None,Drag,gaming
1572375809.719,1031,737,Left,Released,gaming
1572375809.7410002,1030,737,None,Drag,gaming
1572375809.754,1027,736,None,Drag,gaming
1572375809.765,1023,732,None,Drag,gaming
1572375809.778,1021,728,None,Drag,gaming
1572375809.792,1019,721,None,Drag,gaming
1572375809.802,1017,714,None,Drag,gaming
1572375809.831,1017,714,Left,Pressed,gaming
1572375809.831,1017,714,Right,Released,gaming
1572375809.842,1042,670,None,Move,gaming
1572375809.859,1061,648,None,Move,gaming
1572375809.8720002,1065,645,None,Move,gaming
1572375809.885,1070,640,None,Move,gaming
1572375809.8979998,1072,637,None,Move,gaming
1572375809.908,1073,635,None,Move,gaming
1572375809.92,1074,633,None,Move,gaming
1572375809.93,1073,635,Right,Pressed,gaming
1572375809.941,1074,627,None,Drag,gaming
1572375809.951,1074,625,None,Drag,gaming
1572375809.962,1073,620,None,Drag,gaming
1572375809.962,1073,620,Left,Released,gaming
1572375809.98,1069,613,None,Drag,gaming
1572375809.9910002,1067,612,None,Drag,gaming
1572375810.0,1060,608,None,Drag,gaming
1572375810.01,1053,606,None,Drag,gaming
1572375810.019,1037,602,None,Drag,gaming
1572375810.04,1003,609,None,Move,gaming
1572375810.059,968,627,Left,Pressed,gaming
1572375810.059,968,627,None,Move,gaming
1572375810.073,956,636,None,Move,gaming
1572375810.081,945,644,None,Move,gaming
1572375810.093,925,665,None,Move,gaming
1572375810.104,945,644,Right,Pressed,gaming
1572375810.1160002,907,685,None,Drag,gaming
1572375810.127,904,690,None,Drag,gaming
1572375810.1360002,900,694,None,Drag,gaming
1572375810.145,895,699,None,Drag,gaming
1572375810.145,895,699,Left,Released,gaming
1572375810.166,882,714,None,Drag,gaming
1572375810.179,870,723,None,Drag,gaming
1572375810.191,863,727,None,Drag,gaming
1572375810.202,855,733,None,Drag,gaming
1572375810.2129998,848,747,None,Drag,gaming
1572375810.248,835,780,Left,Pressed,gaming
1572375810.248,835,780,None,Move,gaming
1572375810.258,834,782,None,Move,gaming
1572375810.271,833,785,None,Move,gaming
1572375810.282,833,788,None,Move,gaming
1572375810.293,833,785,Right,Pressed,gaming
1572375810.306,837,790,None,Drag,gaming
1572375810.3520002,837,790,None,Drag,gaming
1572375810.367,834,787,None,Drag,gaming
1572375810.38,830,785,None,Drag,gaming
1572375810.389,825,783,None,Drag,gaming
1572375810.389,825,783,Left,Released,gaming
1572375810.41,815,779,None,Drag,gaming
1572375810.424,812,776,None,Drag,gaming
1572375810.4429998,811,776,None,Move,gaming
1572375810.458,808,777,None,Move,gaming
1572375810.482,798,793,Left,Pressed,gaming
1572375810.482,798,793,None,Move,gaming
1572375810.4970002,796,800,None,Move,gaming
1572375810.508,788,814,None,Move,gaming
1572375810.5229998,798,793,Right,Pressed,gaming
1572375810.534,783,820,None,Drag,gaming
1572375810.543,782,822,None,Drag,gaming
1572375810.553,780,823,None,Drag,gaming
1572375810.564,777,825,None,Drag,gaming
1572375810.564,777,825,Left,Released,gaming
1572375810.583,774,826,None,Drag,gaming
1572375810.593,773,826,None,Drag,gaming
1572375810.603,773,825,None,Drag,gaming
1572375810.6139998,777,823,None,Drag,gaming
1572375810.623,783,819,None,Drag,gaming
1572375810.633,799,809,None,Drag,gaming
1572375810.645,810,801,Left,Pressed,gaming
1572375810.645,810,801,None,Move,gaming
1572375810.654,828,792,None,Move,gaming
1572375810.666,852,782,None,Move,gaming
1572375810.675,856,781,None,Move,gaming
1572375810.685,857,780,None,Move,gaming
1572375810.694,857,780,Right,Pressed,gaming
1572375810.705,858,780,None,Drag,gaming
1572375810.722,858,774,None,Drag,gaming
1572375810.736,858,764,None,Drag,gaming
1572375810.746,858,757,None,Drag,gaming
1572375810.7589998,857,750,None,Drag,gaming
1572375810.7589998,857,750,Left,Released,gaming
1572375810.786,844,724,None,Drag,gaming
1572375810.798,838,715,None,Drag,gaming
1572375810.81,821,677,None,Drag,gaming
1572375810.834,820,637,None,Move,gaming
1572375810.86,828,598,Left,Pressed,gaming
1572375810.86,828,598,None,Move,gaming
1572375810.873,834,571,None,Move,gaming
1572375810.883,837,559,None,Move,gaming
1572375810.896,839,547,None,Move,gaming
1572375810.905,843,535,None,Move,gaming
1572375810.914,858,500,None,Move,gaming
1572375810.925,839,547,Right,Pressed,gaming
1572375810.934,939,410,None,Drag,gaming
1572375810.944,970,385,None,Drag,gaming
1572375810.944,970,385,Left,Released,gaming
1572375810.9629998,1013,353,None,Drag,gaming
1572375810.974,1019,351,None,Drag,gaming
1572375810.9829998,1019,351,None,Drag,gaming
1572375811.006,1019,352,None,Move,gaming
1572375811.016,1019,359,None,Move,gaming
1572375811.026,1018,366,None,Move,gaming
1572375811.0570002,1015,383,Left,Pressed,gaming
1572375811.0579998,1015,383,None,Drag,gaming
1572375811.0670002,1015,386,None,Drag,gaming
1572375811.077,1014,389,None,Drag,gaming
1572375811.089,1013,391,None,Drag,gaming
1572375811.097,1012,393,None,Drag,gaming
1572375811.107,1010,394,None,Drag,gaming
1572375811.107,1010,394,Left,Released,gaming
1572375811.1279998,1006,398,None,Drag,gaming
1572375811.139,1003,401,None,Drag,gaming
1572375811.149,1003,402,None,Drag,gaming
1572375811.173,1003,402,Left,Pressed,gaming
1572375811.173,1003,402,Right,Released,gaming
1572375811.1829998,1001,407,None,Move,gaming
1572375811.199,996,417,None,Move,gaming
1572375811.21,994,424,None,Move,gaming
1572375811.221,989,432,None,Move,gaming
1572375811.2329998,968,458,None,Move,gaming
1572375811.244,989,432,Right,Pressed,gaming
1572375811.2529998,954,476,None,Drag,gaming
1572375811.268,940,490,None,Drag,gaming
1572375811.28,925,502,None,Drag,gaming
1572375811.291,918,508,None,Drag,gaming
1572375811.303,903,522,None,Drag,gaming
1572375811.303,903,522,Left,Released,gaming
1572375811.33,889,536,None,Drag,gaming
1572375811.3379998,885,543,None,Drag,gaming
1572375811.3520002,882,561,None,Drag,gaming
1572375811.375,889,586,None,Move,gaming
1572375811.395,898,604,Left,Pressed,gaming
1572375811.395,898,604,None,Move,gaming
1572375811.405,901,610,None,Move,gaming
1572375811.416,905,613,None,Move,gaming
1572375811.425,918,616,None,Move,gaming
1572375811.434,901,610,Right,Pressed,gaming
1572375811.445,952,608,None,Drag,gaming
1572375811.455,968,602,None,Drag,gaming
1572375811.464,982,594,None,Drag,gaming
1572375811.475,1006,583,None,Drag,gaming
1572375811.475,1006,583,Left,Released,gaming
1572375811.496,1021,578,None,Drag,gaming
1572375811.504,1023,575,None,Drag,gaming
1572375811.514,1026,572,None,Drag,gaming
1572375811.533,1030,568,None,Move,gaming
1572375811.544,1033,566,None,Move,gaming
1572375811.564,1034,565,Left,Pressed,gaming
1572375811.564,1034,565,None,Move,gaming
1572375811.576,1034,565,None,Move,gaming
1572375811.586,1036,565,None,Move,gaming
1572375811.595,1038,565,None,Move,gaming
1572375811.606,1036,565,Right,Pressed,gaming
1572375811.617,1044,560,None,Drag,gaming
1572375811.629,1048,559,None,Drag,gaming
1572375811.64,1061,553,None,Drag,gaming
1572375811.64,1061,553,Left,Released,gaming
1572375811.663,1086,545,None,Drag,gaming
1572375811.674,1093,543,None,Drag,gaming
1572375811.686,1097,540,None,Drag,gaming
1572375811.697,1098,539,None,Drag,gaming
1572375811.722,1098,539,None,Move,gaming
1572375811.736,1096,544,None,Move,gaming
1572375811.7610002,1093,550,Left,Pressed,gaming
1572375811.7610002,1093,550,None,Move,gaming
1572375811.772,1088,557,None,Move,gaming
1572375811.785,1093,550,Right,Pressed,gaming
1572375811.794,1085,561,None,Drag,gaming
1572375811.804,1081,564,None,Drag,gaming
1572375811.8170002,1078,566,None,Drag,gaming
1572375811.83,1063,571,None,Drag,gaming
1572375811.842,1041,582,None,Drag,gaming
1572375811.842,1041,582,Left,Released,gaming
1572375811.867,1013,595,None,Drag,gaming
1572375811.8779998,1009,597,None,Drag,gaming
1572375811.889,1004,600,None,Drag,gaming
1572375811.908,1003,608,None,Move,gaming
1572375811.93,1006,624,Left,Pressed,gaming
1572375811.93,1006,624,None,Move,gaming
1572375811.934,1007,627,None,Move,gaming
1572375811.945,1009,629,None,Move,gaming
1572375811.954,1007,627,Right,Pressed,gaming
1572375811.9629998,1013,632,None,Drag,gaming
1572375811.974,1014,632,None,Drag,gaming
1572375811.984,1017,632,None,Drag,gaming
1572375811.994,1023,627,None,Drag,gaming
1572375812.004,1031,621,None,Drag,gaming
1572375812.004,1031,621,Left,Released,gaming
1572375812.025,1057,598,None,Drag,gaming
1572375812.035,1065,592,None,Drag,gaming
1572375812.044,1071,587,None,Drag,gaming
1572375812.056,1073,585,None,Drag,gaming
1572375812.086,1073,590,Left,Pressed,gaming
1572375812.086,1073,590,None,Move,gaming
1572375812.097,1073,595,None,Move,gaming
1572375812.106,1073,598,None,Move,gaming
1572375812.1160002,1073,599,None,Move,gaming
1572375812.1260002,1074,601,None,Move,gaming
1572375812.1360002,1073,599,Right,Pressed,gaming
1572375812.145,1080,598,None,Drag,gaming
1572375812.156,1087,594,None,Drag,gaming
1572375812.167,1101,583,None,Drag,gaming
1572375812.177,1110,575,None,Drag,gaming
1572375812.177,1110,575,Left,Released,gaming
1572375812.199,1127,559,None,Drag,gaming
1572375812.212,1149,537,None,Drag,gaming
1572375812.238,1160,523,None,Move,gaming
1572375812.25,1164,519,None,Move,gaming
1572375812.26,1164,519,None,Move,gaming
1572375812.284,1166,515,Left,Pressed,gaming
1572375812.284,1166,515,None,Move,gaming
1572375812.2970002,1168,513,None,Move,gaming
1572375812.309,1175,507,None,Move,gaming
1572375812.322,1166,515,Right,Pressed,gaming
1572375812.333,1180,502,None,Drag,gaming
1572375812.3479998,1180,501,None,Drag,gaming
1572375812.383,1181,500,None,Drag,gaming
1572375812.383,1181,500,Left,Released,gaming
1572375812.4120002,1182,500,None,Drag,gaming
1572375812.4320002,1184,501,None,Move,gaming
1572375812.441,1185,502,None,Move,gaming
1572375812.452,1185,503,None,Move,gaming
1572375812.462,1186,505,None,Move,gaming
1572375812.471,1190,508,None,Move,gaming
1572375812.492,1192,511,Left,Pressed,gaming
1572375812.492,1192,511,None,Drag,gaming
1572375812.504,1192,512,None,Drag,gaming
1572375812.516,1192,513,None,Drag,gaming
1572375812.5270002,1192,514,None,Drag,gaming
1572375812.539,1191,515,None,Drag,gaming
1572375812.539,1191,515,Left,Released,gaming
1572375812.564,1189,517,None,Drag,gaming
1572375812.579,1187,519,None,Drag,gaming
1572375812.6179998,1187,520,None,Move,gaming
1572375812.633,1186,521,None,Move,gaming
1572375812.658,1185,525,Left,Pressed,gaming
1572375812.658,1185,525,None,Move,gaming
1572375812.669,1183,528,None,Move,gaming
1572375812.68,1181,531,None,Move,gaming
1572375812.691,1179,533,None,Move,gaming
1572375812.704,1176,538,None,Move,gaming
1572375812.719,1168,548,None,Move,gaming
1572375812.731,1151,563,None,Move,gaming
1572375812.7429998,1141,572,None,Move,gaming
1572375812.7429998,1141,572,Left,Released,gaming
1572375812.769,1050,634,None,Move,gaming
1572375812.783,935,711,None,Move,gaming
1572375812.795,877,752,None,Move,gaming
1572375812.8070002,850,771,None,Move,gaming
1572375812.819,828,796,None,Move,gaming
1572375812.842,827,797,None,Drag,gaming
1572375812.855,829,790,None,Drag,gaming
1572375812.869,833,777,None,Drag,gaming
1572375812.883,835,775,None,Drag,gaming
1572375812.896,838,772,None,Drag,gaming
1572375812.908,846,767,None,Drag,gaming
1572375812.9320002,849,766,None,Move,gaming
1572375812.944,850,766,None,Move,gaming
1572375812.956,853,769,None,Move,gaming
1572375812.988,855,773,Left,Pressed,gaming
1572375812.988,855,773,None,Drag,gaming
1572375812.996,855,773,None,Drag,gaming
1572375813.006,855,774,None,Drag,gaming
1572375813.015,855,776,None,Drag,gaming
1572375813.024,851,779,None,Drag,gaming
1572375813.035,850,780,None,Drag,gaming
1572375813.035,850,780,Left,Released,gaming
1572375813.064,849,785,None,Move,gaming
1572375813.074,847,789,None,Move,gaming
1572375813.095,841,799,Left,Pressed,gaming
1572375813.095,841,799,None,Move,gaming
1572375813.104,838,805,None,Move,gaming
1572375813.1160002,837,809,None,Move,gaming
1572375813.125,841,799,Right,Pressed,gaming
1572375813.135,837,812,None,Drag,gaming
1572375813.144,837,812,None,Drag,gaming
1572375813.16,837,812,None,Drag,gaming
1572375813.169,836,812,None,Drag,gaming
1572375813.169,836,812,Left,Released,gaming
1572375813.189,835,810,None,Drag,gaming
1572375813.2,835,810,None,Drag,gaming
1572375813.211,835,808,None,Drag,gaming
1572375813.214,835,807,None,Drag,gaming
1572375813.238,839,804,None,Move,gaming
1572375813.262,843,800,Left,Pressed,gaming
1572375813.2629998,843,800,None,Move,gaming
1572375813.27,845,799,None,Move,gaming
1572375813.284,846,797,None,Move,gaming
1572375813.296,851,793,None,Move,gaming
1572375813.3070002,854,791,None,Move,gaming
1572375813.3170002,862,787,None,Move,gaming
1572375813.33,865,785,None,Move,gaming
1572375813.34,874,781,None,Move,gaming
1572375813.35,880,779,None,Move,gaming
1572375813.35,880,779,Left,Released,gaming
1572375813.3720002,894,773,None,Move,gaming
1572375813.381,896,771,None,Move,gaming
1572375813.393,897,769,None,Move,gaming
1572375813.401,899,767,None,Move,gaming
1572375813.411,901,765,None,Move,gaming
1572375813.4220002,901,764,None,Move,gaming
1572375813.4320002,901,763,None,Move,gaming
1572375813.4420002,901,763,None,Move,gaming
1572375813.452,900,763,None,Move,gaming
1572375813.462,898,764,None,Move,gaming
1572375813.472,895,767,None,Move,gaming
1572375813.481,889,770,None,Move,gaming
1572375813.4910002,880,780,None,Move,gaming
1572375813.5110002,871,786,None,Drag,gaming
1572375813.521,869,788,None,Drag,gaming
1572375813.533,863,790,None,Drag,gaming
1572375813.543,847,795,None,Drag,gaming
1572375813.553,839,798,None,Drag,gaming
1572375813.563,831,800,None,Drag,gaming
1572375813.572,826,801,None,Drag,gaming
1572375813.582,822,803,None,Drag,gaming
1572375813.591,820,803,None,Drag,gaming
1572375813.603,817,806,None,Drag,gaming
1572375813.633,808,824,Left,Pressed,gaming
1572375813.633,808,824,None,Move,gaming
1572375813.6420002,805,832,None,Move,gaming
1572375813.651,808,824,Right,Pressed,gaming
1572375813.6620002,787,862,None,Drag,gaming
1572375813.671,779,873,None,Drag,gaming
1572375813.6820002,770,884,None,Drag,gaming
1572375813.6920002,751,904,None,Drag,gaming
1572375813.707,729,919,None,Drag,gaming
1572375813.72,721,924,None,Drag,gaming
1572375813.73,717,926,None,Drag,gaming
1572375813.731,717,926,Left,Released,gaming
1572375813.754,719,926,None,Drag,gaming
1572375813.765,726,920,None,Drag,gaming
1572375813.782,764,894,None,Drag,gaming
1572375813.804,797,868,Left,Pressed,gaming
1572375813.804,797,868,None,Move,gaming
1572375813.815,808,860,None,Move,gaming
1572375813.825,825,844,None,Move,gaming
1572375813.834,808,860,Right,Pressed,gaming
1572375813.847,837,822,None,Drag,gaming
1572375813.859,840,815,None,Drag,gaming
1572375813.871,846,801,None,Drag,gaming
1572375813.8820002,851,794,None,Drag,gaming
1572375813.894,861,785,None,Drag,gaming
1572375813.904,869,778,None,Drag,gaming
1572375813.914,876,773,None,Drag,gaming
1572375813.915,876,773,Left,Released,gaming
1572375813.934,891,767,None,Drag,gaming
1572375813.9529998,903,765,None,Move,gaming
1572375813.976,908,764,Left,Pressed,gaming
1572375813.976,908,764,None,Move,gaming
1572375813.9829998,909,764,None,Move,gaming
1572375813.995,909,764,None,Move,gaming
1572375814.0029998,909,764,Right,Pressed,gaming
1572375814.0129998,912,764,None,Drag,gaming
1572375814.022,924,762,None,Drag,gaming
1572375814.031,934,758,None,Drag,gaming
1572375814.041,948,755,None,Drag,gaming
1572375814.05,965,752,None,Drag,gaming
1572375814.05,965,752,Left,Released,gaming
1572375814.069,1023,742,None,Drag,gaming
1572375814.08,1035,739,None,Drag,gaming
1572375814.09,1044,735,None,Drag,gaming
1572375814.099,1047,733,None,Drag,gaming
1572375814.1079998,1048,732,None,Drag,gaming
1572375814.127,1048,732,Left,Pressed,gaming
1572375814.1279998,1048,732,None,Move,gaming
1572375814.1379998,1047,735,None,Move,gaming
1572375814.149,1045,739,None,Move,gaming
1572375814.158,1042,745,None,Move,gaming
1572375814.167,1041,752,None,Move,gaming
1572375814.176,1039,757,None,Move,gaming
1572375814.187,1041,752,Right,Pressed,gaming
1572375814.197,1039,760,None,Drag,gaming
1572375814.207,1039,763,None,Drag,gaming
1572375814.22,1039,763,None,Drag,gaming
1572375814.232,1037,766,None,Drag,gaming
1572375814.232,1037,766,Left,Released,gaming
1572375814.258,1033,770,None,Drag,gaming
1572375814.268,1029,772,None,Drag,gaming
1572375814.279,1029,772,None,Drag,gaming
1572375814.29,1029,773,None,Drag,gaming
1572375814.301,1029,775,None,Drag,gaming
1572375814.315,1029,776,None,Drag,gaming
1572375814.337,1029,775,Left,Pressed,gaming
1572375814.337,1029,775,Right,Released,gaming
1572375814.3479998,1041,801,None,Move,gaming
1572375814.3579998,1044,808,None,Move,gaming
1572375814.37,1045,815,None,Move,gaming
1572375814.38,1046,822,None,Move,gaming
1572375814.39,1049,841,None,Move,gaming
1572375814.3979998,1045,815,Right,Pressed,gaming
1572375814.409,1051,865,None,Drag,gaming
1572375814.42,1051,870,None,Drag,gaming
1572375814.429,1051,874,None,Drag,gaming
1572375814.44,1051,876,None,Drag,gaming
1572375814.45,1052,879,None,Drag,gaming
1572375814.45,1052,879,Left,Released,gaming
1572375814.468,1062,878,None,Drag,gaming
1572375814.4870002,1078,870,None,Move,gaming
1572375814.4970002,1079,870,None,Move,gaming
1572375814.508,1080,870,None,Move,gaming
1572375814.522,1082,872,Left,Pressed,gaming
1572375814.522,1082,872,None,Move,gaming
1572375814.531,1084,874,None,Move,gaming
1572375814.54,1085,875,None,Move,gaming
1572375814.549,1084,874,Right,Pressed,gaming
1572375814.5570002,1088,879,None,Drag,gaming
1572375814.5670002,1090,881,None,Drag,gaming
1572375814.575,1091,883,None,Drag,gaming
1572375814.576,1091,883,Left,Released,gaming
1572375814.594,1093,888,None,Drag,gaming
1572375814.604,1094,889,None,Drag,gaming
1572375814.613,1096,891,None,Drag,gaming
1572375814.623,1101,895,None,Drag,gaming
1572375814.6339998,1105,897,None,Drag,gaming
1572375814.643,1110,899,None,Drag,gaming
1572375814.653,1116,901,None,Drag,gaming
1572375814.6720002,1116,901,Left,Pressed,gaming
1572375814.6720002,1116,901,Right,Released,gaming
1572375814.6829998,1122,909,None,Move,gaming
1572375814.6920002,1122,914,None,Move,gaming
1572375814.702,1120,915,None,Move,gaming
1572375814.714,1119,916,None,Move,gaming
1572375814.9529998,1121,916,None,Move,gaming
1572375814.9629998,1137,915,None,Move,gaming
1572375814.974,1159,911,None,Move,gaming
1572375814.982,1179,907,None,Move,gaming
1572375814.9910002,1193,904,None,Move,gaming
1572375815.002,1209,900,None,Move,gaming
1572375815.0110002,1219,900,None,Move,gaming
1572375815.0110002,1219,900,Left,Released,gaming
1572375815.03,1244,906,None,Move,gaming
1572375815.039,1255,910,None,Move,gaming
1572375815.048,1270,917,None,Move,gaming
1572375815.0570002,1274,920,None,Move,gaming
1572375815.0679998,1275,921,None,Move,gaming
1572375815.075,1276,922,None,Move,gaming
1572375815.086,1278,927,None,Move,gaming
1572375815.094,1279,939,None,Move,gaming
1572375815.103,1279,943,None,Move,gaming
1572375815.1120002,1280,948,None,Move,gaming
1572375815.133,1284,951,None,Drag,gaming
1572375815.143,1287,953,None,Drag,gaming
1572375815.153,1288,954,None,Drag,gaming
1572375815.332,1289,954,None,Move,gaming
1572375815.343,1289,953,None,Move,gaming
1572375815.353,1289,953,None,Move,gaming
1572375815.3679998,1289,952,None,Move,gaming
1572375815.3779998,1289,951,None,Move,gaming
1572375815.387,1290,950,None,Move,gaming
1572375815.396,1290,950,None,Move,gaming
1572375815.561,1305,927,Left,Pressed,gaming
1572375815.561,1305,927,None,Move,gaming
1572375815.572,1319,907,None,Move,gaming
1572375815.58,1329,894,None,Move,gaming
1572375815.58,1329,894,Left,Released,gaming
1572375815.5979998,1348,868,None,Move,gaming
1572375815.6079998,1355,859,None,Move,gaming
1572375815.619,1363,851,None,Move,gaming
1572375815.629,1369,844,None,Move,gaming
1572375815.64,1374,837,None,Move,gaming
1572375815.65,1374,837,None,Move,gaming
1572375815.66,1374,835,None,Move,gaming
1572375815.668,1374,835,None,Move,gaming
1572375815.681,1371,837,None,Move,gaming
1572375815.69,1370,837,None,Move,gaming
1572375815.699,1370,837,None,Move,gaming
1572375815.75,1370,837,None,Move,gaming
1572375815.8,1369,837,None,Move,gaming
1572375815.809,1365,842,None,Move,gaming
1572375815.823,1359,848,None,Move,gaming
1572375815.831,1352,856,None,Move,gaming
1572375815.843,1337,872,None,Move,gaming
1572375815.8660002,1319,889,None,Drag,gaming
1572375815.877,1313,894,None,Drag,gaming
1572375815.885,1304,897,None,Drag,gaming
1572375815.895,1284,904,None,Drag,gaming
1572375815.904,1271,906,None,Drag,gaming
1572375815.915,1254,911,None,Drag,gaming
1572375815.924,1235,915,None,Drag,gaming
1572375815.935,1208,922,None,Drag,gaming
1572375815.946,1177,932,None,Drag,gaming
1572375815.956,1065,963,None,Drag,gaming
1572375815.985,934,1026,Left,Pressed,gaming
1572375815.985,934,1026,None,Move,gaming
1572375815.996,891,1049,None,Move,gaming
1572375816.005,852,1066,None,Move,gaming
1572375816.012,820,1080,None,Move,gaming
1572375816.022,799,1094,None,Move,gaming
1572375816.031,852,1066,Right,Pressed,gaming
1572375816.041,797,1081,None,Drag,gaming
1572375816.051,797,1079,None,Drag,gaming
1572375816.061,798,1074,None,Drag,gaming
1572375816.072,804,1064,None,Drag,gaming
1572375816.073,804,1064,Left,Released,gaming
1572375816.092,825,1033,None,Drag,gaming
1572375816.1020002,832,1022,None,Drag,gaming
1572375816.111,840,1013,None,Drag,gaming
1572375816.121,849,1005,None,Drag,gaming
1572375816.129,857,997,None,Drag,gaming
1572375816.14,874,984,None,Drag,gaming
1572375816.159,883,978,Left,Pressed,gaming
1572375816.159,883,978,None,Move,gaming
1572375816.169,885,976,None,Move,gaming
1572375816.178,885,975,None,Move,gaming
1572375816.189,885,975,Right,Pressed,gaming
1572375816.21,885,974,None,Drag,gaming
1572375816.222,885,974,None,Drag,gaming
1572375816.2329998,885,972,None,Drag,gaming
1572375816.2470002,886,969,None,Drag,gaming
1572375816.2570002,886,967,None,Drag,gaming
1572375816.269,887,965,None,Drag,gaming
1572375816.281,889,960,None,Drag,gaming
1572375816.281,889,960,Left,Released,gaming
1572375816.303,893,945,None,Drag,gaming
1572375816.327,900,926,None,Move,gaming
1572375816.35,908,903,Left,Pressed,gaming
1572375816.35,908,903,None,Move,gaming
1572375816.359,910,896,None,Move,gaming
1572375816.3720002,914,886,None,Move,gaming
1572375816.38,916,882,None,Move,gaming
1572375816.39,917,879,None,Move,gaming
1572375816.4,919,877,None,Move,gaming
1572375816.41,920,877,None,Move,gaming
1572375816.419,920,876,None,Move,gaming
1572375816.455,921,876,None,Move,gaming
1572375816.455,921,876,Left,Released,gaming
1572375816.475,923,879,None,Move,gaming
1572375816.484,926,879,None,Move,gaming
1572375816.494,929,879,None,Move,gaming
1572375816.508,928,880,None,Move,gaming
1572375816.518,929,880,None,Move,gaming
1572375816.6360002,929,880,None,Move,gaming
1572375816.6479998,929,880,None,Move,gaming
1572375816.659,926,881,None,Move,gaming
1572375816.668,919,885,None,Move,gaming
1572375816.68,899,898,None,Move,gaming
1572375816.691,897,901,None,Move,gaming
1572375816.705,893,905,None,Move,gaming
1572375816.721,878,918,None,Move,gaming
1572375816.73,866,930,None,Move,gaming
1572375816.7410002,844,944,None,Move,gaming
1572375816.7529998,753,1000,None,Move,gaming
1572375816.768,647,1040,None,Move,gaming
1572375816.78,609,1053,None,Move,gaming
1572375816.792,576,1062,None,Move,gaming
1572375816.805,572,1064,None,Move,gaming
1572375816.827,572,1065,None,Drag,gaming
1572375816.837,572,1065,None,Drag,gaming
1572375816.85,573,1066,None,Drag,gaming
1572375816.86,579,1067,None,Drag,gaming
1572375816.873,593,1057,None,Drag,gaming
1572375816.8820002,677,1013,None,Drag,gaming
1572375816.897,747,977,None,Drag,gaming
1572375816.907,893,896,None,Drag,gaming
1572375816.919,963,863,None,Drag,gaming
1572375816.93,1107,830,None,Drag,gaming
1572375816.957,1242,828,Left,Pressed,gaming
1572375816.957,1242,828,None,Move,gaming
1572375816.966,1263,836,None,Move,gaming
1572375816.976,1273,844,None,Move,gaming
1572375816.985,1280,852,None,Move,gaming
1572375816.994,1284,861,None,Move,gaming
1572375817.005,1289,874,None,Move,gaming
1572375817.0129998,1280,852,Right,Pressed,gaming
1572375817.024,1294,885,None,Drag,gaming
1572375817.033,1296,886,None,Drag,gaming
1572375817.042,1297,887,None,Drag,gaming
1572375817.042,1297,887,Left,Released,gaming
1572375817.061,1300,887,None,Drag,gaming
1572375817.07,1300,886,None,Drag,gaming
1572375817.079,1300,886,None,Drag,gaming
1572375817.09,1300,885,None,Drag,gaming
1572375817.1,1301,884,None,Drag,gaming
1572375817.119,1304,881,None,Move,gaming
1572375817.143,1304,880,Left,Pressed,gaming
1572375817.144,1304,880,Right,Pressed,gaming
1572375817.181,1304,878,None,Drag,gaming
1572375817.19,1303,875,None,Drag,gaming
1572375817.201,1301,871,None,Drag,gaming
1572375817.212,1300,867,None,Drag,gaming
1572375817.224,1294,853,None,Drag,gaming
1572375817.2370002,1289,844,None,Drag,gaming
1572375817.2489998,1287,842,None,Drag,gaming
1572375817.262,1285,838,None,Drag,gaming
1572375817.262,1285,838,Left,Released,gaming
1572375817.279,1286,827,None,Drag,gaming
1572375817.313,1292,821,Left,Pressed,gaming
1572375817.313,1292,821,None,Move,gaming
1572375817.326,1292,821,None,Move,gaming
1572375817.335,1292,821,None,Move,gaming
1572375817.347,1292,821,Right,Pressed,gaming
1572375817.355,1294,820,None,Drag,gaming
1572375817.3679998,1298,813,None,Drag,gaming
1572375817.38,1302,806,None,Drag,gaming
1572375817.389,1312,786,None,Drag,gaming
1572375817.3979998,1320,775,None,Drag,gaming
1572375817.408,1328,764,None,Drag,gaming
1572375817.409,1328,764,Left,Released,gaming
1572375817.427,1346,743,None,Drag,gaming
1572375817.438,1353,732,None,Drag,gaming
1572375817.447,1358,723,None,Drag,gaming
1572375817.457,1363,707,None,Drag,gaming
1572375817.475,1367,690,Left,Pressed,gaming
1572375817.475,1367,690,None,Move,gaming
1572375817.484,1367,689,None,Move,gaming
1572375817.496,1367,687,None,Move,gaming
1572375817.5070002,1367,686,None,Move,gaming
1572375817.514,1367,685,None,Move,gaming
1572375817.525,1367,684,None,Move,gaming
1572375817.534,1366,684,None,Move,gaming
1572375817.543,1366,684,Right,Pressed,gaming
1572375817.6,1366,684,None,Drag,gaming
1572375817.61,1366,684,Right,Released,gaming
1572375817.619,1366,685,None,Move,gaming
1572375817.619,1366,685,Left,Released,gaming
1572375817.6379998,1366,686,None,Move,gaming
1572375817.846,1366,686,None,Move,gaming
1572375817.8579998,1365,685,None,Move,gaming
1572375817.867,1365,683,None,Move,gaming
1572375817.877,1363,681,None,Move,gaming
1572375817.8879998,1356,679,None,Move,gaming
1572375817.897,1348,679,None,Move,gaming
1572375817.918,1313,688,Left,Pressed,gaming
1572375817.918,1313,688,None,Move,gaming
1572375817.918,1313,688,Left,Released,gaming
1572375817.939,1221,723,None,Move,gaming
1572375817.95,1185,741,None,Move,gaming
1572375817.968,1155,758,None,Drag,gaming
1572375817.978,1143,765,None,Drag,gaming
1572375817.9870002,1132,771,None,Drag,gaming
1572375817.996,1122,774,None,Drag,gaming
1572375818.006,1111,778,None,Drag,gaming
1572375818.015,1092,784,None,Drag,gaming
1572375818.025,1085,786,None,Drag,gaming
1572375818.034,1078,788,None,Drag,gaming
1572375818.046,1069,792,None,Drag,gaming
1572375818.054,1068,792,None,Drag,gaming
1572375818.064,1066,793,None,Drag,gaming
1572375818.1179998,1066,793,Left,Pressed,gaming
1572375818.1179998,1066,793,None,Move,gaming
1572375818.129,1066,793,None,Move,gaming
1572375818.14,1066,791,None,Move,gaming
1572375818.15,1066,791,None,Move,gaming
1572375818.158,1066,791,Right,Pressed,gaming
1572375818.168,1067,787,None,Drag,gaming
1572375818.177,1067,787,None,Drag,gaming
1572375818.27,1067,787,None,Drag,gaming
1572375818.28,1067,790,None,Drag,gaming
1572375818.294,1058,805,None,Drag,gaming
1572375818.304,1050,814,None,Drag,gaming
1572375818.304,1050,814,Left,Released,gaming
1572375818.326,1029,836,None,Drag,gaming
1572375818.337,993,869,None,Drag,gaming
1572375818.3479998,974,884,None,Drag,gaming
1572375818.36,950,902,None,Drag,gaming
1572375818.379,936,909,Left,Pressed,gaming
1572375818.379,936,909,None,Drag,gaming
1572375818.3879998,934,912,None,Drag,gaming
1572375818.4220002,934,912,None,Drag,gaming
1572375818.4320002,934,910,None,Drag,gaming
1572375818.4420002,935,906,None,Drag,gaming
1572375818.452,937,903,None,Drag,gaming
1572375818.462,939,899,None,Drag,gaming
1572375818.471,937,903,Right,Released,gaming
1572375818.48,950,877,None,Move,gaming
1572375818.494,962,863,None,Move,gaming
1572375818.502,970,859,None,Move,gaming
1572375818.512,973,857,None,Move,gaming
1572375818.522,974,857,None,Move,gaming
1572375818.529,973,857,Right,Pressed,gaming
1572375818.543,976,857,None,Drag,gaming
1572375818.556,976,857,None,Drag,gaming
1572375818.5679998,977,856,None,Drag,gaming
1572375818.579,977,854,None,Drag,gaming
1572375818.5879998,977,853,None,Drag,gaming
1572375818.5879998,977,853,Left,Released,gaming
1572375818.607,979,847,None,Drag,gaming
1572375818.6160002,980,844,None,Drag,gaming
1572375818.625,981,841,None,Drag,gaming
1572375818.6339998,981,837,None,Drag,gaming
1572375818.6379998,982,835,None,Drag,gaming
1572375818.657,982,835,Left,Pressed,gaming
1572375818.657,982,835,Right,Released,gaming
1572375818.666,983,827,None,Move,gaming
1572375818.676,985,821,None,Move,gaming
1572375818.688,985,818,None,Move,gaming
1572375818.698,985,816,None,Move,gaming
1572375818.708,985,810,None,Move,gaming
1572375818.718,985,809,None,Move,gaming
1572375818.728,985,807,None,Move,gaming
1572375818.7370002,985,806,None,Move,gaming
1572375818.744,985,804,None,Move,gaming
1572375818.7570002,985,801,None,Move,gaming
1572375818.765,985,799,None,Move,gaming
1572375818.765,985,799,Left,Released,gaming
1572375818.788,985,794,None,Move,gaming
1572375818.801,985,793,None,Move,gaming
1572375818.811,984,789,None,Move,gaming
1572375818.823,984,788,None,Move,gaming
1572375818.834,981,784,None,Move,gaming
1572375818.843,979,781,None,Move,gaming
1572375818.855,977,777,None,Move,gaming
1572375818.865,972,767,None,Move,gaming
1572375818.875,968,760,None,Move,gaming
1572375818.8860002,965,753,None,Move,gaming
1572375818.8979998,959,738,None,Move,gaming
1572375818.907,956,731,None,Move,gaming
1572375818.916,952,722,None,Move,gaming
1572375818.925,948,711,None,Move,gaming
1572375818.934,939,690,None,Move,gaming
1572375818.944,932,678,None,Move,gaming
1572375818.956,923,662,None,Move,gaming
1572375818.964,914,646,None,Move,gaming
1572375818.9729998,894,610,None,Move,gaming
1572375818.9829998,883,597,None,Move,gaming
1572375818.9929998,873,586,None,Move,gaming
1572375819.004,862,575,None,Move,gaming
1572375819.014,848,560,None,Move,gaming
1572375819.034,843,552,None,Drag,gaming
1572375819.044,839,545,None,Drag,gaming
1572375819.055,837,544,None,Drag,gaming
1572375819.063,835,542,None,Drag,gaming
1572375819.073,834,540,None,Drag,gaming
1572375819.082,833,537,None,Drag,gaming
1572375819.093,832,536,None,Drag,gaming
1572375819.164,832,536,None,Drag,gaming
1572375819.173,834,536,None,Drag,gaming
1572375819.3479998,849,532,None,Move,gaming
1572375819.3739998,849,531,None,Move,gaming
1572375819.385,849,528,None,Move,gaming
1572375819.396,848,523,None,Move,gaming
1572375819.404,848,514,Left,Pressed,gaming
1572375819.404,848,514,None,Move,gaming
1572375819.416,848,496,None,Move,gaming
1572375819.424,848,481,None,Move,gaming
1572375819.434,848,464,None,Move,gaming
1572375819.4420002,848,441,None,Move,gaming
1572375819.4529998,844,388,None,Move,gaming
1572375819.462,842,356,None,Move,gaming
1572375819.472,844,334,None,Move,gaming
1572375819.472,844,334,Left,Released,gaming
