client_timestamp,x,y,button,state,window
1567518746.893,690,830,None,Move,browsing
1567518747.033,690,830,None,Move,browsing
1567518747.082,690,830,None,Move,browsing
1567518747.166,690,830,None,Move,browsing
1567518747.371,690,830,None,Move,browsing
1567518747.461,690,830,None,Move,browsing
1567518747.48,690,831,None,Move,browsing
1567518747.5,689,831,None,Move,browsing
1567518747.518,689,831,None,Move,browsing
1567518747.539,686,831,None,Move,browsing
1567518747.5579998,681,832,None,Move,browsing
1567518747.571,674,832,None,Move,browsing
1567518747.58,663,829,None,Move,browsing
1567518747.5879998,648,826,None,Move,browsing
1567518747.599,634,822,None,Move,browsing
1567518747.607,622,818,None,Move,browsing
1567518747.6160002,612,813,None,Move,browsing
1567518747.6220002,599,809,None,Move,browsing
1567518747.6279998,585,805,None,Move,browsing
1567518747.6339998,572,801,None,Move,browsing
1567518747.639,562,796,None,Move,browsing
1567518747.645,554,793,None,Move,browsing
1567518747.65,545,789,None,Move,browsing
1567518747.656,535,785,None,Move,browsing
1567518747.663,525,782,None,Move,browsing
1567518747.668,516,779,None,Move,browsing
1567518747.675,508,777,None,Move,browsing
1567518747.681,500,776,None,Move,browsing
1567518747.685,492,775,None,Move,browsing
1567518747.691,483,775,None,Move,browsing
1567518747.697,474,775,None,Move,browsing
1567518747.702,462,775,None,Move,browsing
1567518747.708,451,776,None,Move,browsing
1567518747.712,441,777,None,Move,browsing
1567518747.717,432,779,None,Move,browsing
1567518758.045,440,770,None,Move,browsing
1567518758.064,461,751,None,Move,browsing
1567518758.084,488,730,None,Move,browsing
1567518758.104,516,713,None,Move,browsing
1567518758.1160002,539,697,None,Move,browsing
1567518758.125,563,681,None,Move,browsing
1567518758.131,584,667,None,Move,browsing
1567518758.137,603,657,None,Move,browsing
1567518758.1420002,621,647,None,Move,browsing
1567518758.1479998,636,638,None,Move,browsing
1567518758.153,651,630,None,Move,browsing
1567518758.158,665,622,None,Move,browsing
1567518758.164,676,615,None,Move,browsing
1567518758.171,686,608,None,Move,browsing
1567518758.176,695,601,None,Move,browsing
1567518758.1829998,702,594,None,Move,browsing
1567518758.19,712,588,None,Move,browsing
1567518758.196,721,582,None,Move,browsing
1567518758.2029998,730,576,None,Move,browsing
1567518758.209,736,570,None,Move,browsing
1567518758.214,742,566,None,Move,browsing
1567518758.22,747,561,None,Move,browsing
1567518758.225,751,557,None,Move,browsing
1567518758.232,755,553,None,Move,browsing
1567518758.238,758,549,None,Move,browsing
1567518758.244,760,547,None,Move,browsing
1567518758.2510002,763,544,None,Move,browsing
1567518758.2570002,765,541,None,Move,browsing
1567518758.2629998,767,539,None,Move,browsing
1567518758.269,768,537,None,Move,browsing
1567518758.274,769,536,None,Move,browsing
1567518758.281,770,535,None,Move,browsing
1567518758.2870002,771,534,None,Move,browsing
1567518758.293,771,533,None,Move,browsing
1567518758.299,772,533,None,Move,browsing
1567518758.521,774,525,None,Move,browsing
1567518758.54,775,517,None,Move,browsing
1567518758.559,776,507,None,Move,browsing
1567518758.581,776,500,None,Move,browsing
1567518758.591,776,490,None,Move,browsing
1567518758.597,774,478,None,Move,browsing
1567518758.603,772,464,None,Move,browsing
1567518758.6079998,769,451,None,Move,browsing
1567518758.6139998,766,440,None,Move,browsing
1567518758.62,764,432,None,Move,browsing
1567518758.625,762,424,None,Move,browsing
1567518758.631,760,416,None,Move,browsing
1567518758.637,758,409,None,Move,browsing
1567518758.6420002,756,401,None,Move,browsing
1567518758.649,755,395,None,Move,browsing
1567518758.655,754,391,None,Move,browsing
1567518758.66,754,388,None,Move,browsing
1567518758.667,754,386,None,Move,browsing
1567518758.673,754,384,None,Move,browsing
1567518758.678,754,383,None,Move,browsing
1567518758.685,753,382,None,Move,browsing
1567518758.69,753,382,None,Move,browsing
1567518758.695,753,381,None,Move,browsing
1567518758.701,753,381,None,Move,browsing
1567518758.706,753,380,None,Move,browsing
1567518758.712,753,380,None,Move,browsing
1567518758.718,753,379,None,Move,browsing
1567518758.7229998,753,379,None,Move,browsing
1567518758.729,753,379,None,Move,browsing
1567518758.735,753,379,Left,Pressed,browsing
1567518758.843,753,379,Left,Released,browsing
1567518759.6360002,752,386,None,Move,browsing
1567518759.655,751,394,None,Move,browsing
1567518759.674,749,403,None,Move,browsing
1567518759.696,748,413,None,Move,browsing
1567518759.721,747,426,None,Move,browsing
1567518759.745,747,440,None,Move,browsing
1567518759.768,747,452,None,Move,browsing
1567518759.79,747,461,None,Move,browsing
1567518759.811,747,469,None,Move,browsing
1567518759.835,748,477,None,Move,browsing
1567518759.854,748,482,None,Move,browsing
1567518759.8739998,749,487,None,Move,browsing
1567518759.895,749,490,None,Move,browsing
1567518759.917,749,493,None,Move,browsing
1567518759.939,750,496,None,Move,browsing
1567518759.958,750,498,None,Move,browsing
1567518759.978,750,500,None,Move,browsing
1567518759.998,750,502,None,Move,browsing
1567518760.018,751,505,None,Move,browsing
1567518760.038,751,507,None,Move,browsing
1567518760.0570002,752,509,None,Move,browsing
1567518760.081,752,512,None,Move,browsing
1567518760.101,752,514,None,Move,browsing
1567518760.121,753,516,None,Move,browsing
1567518760.143,753,518,None,Move,browsing
1567518760.168,753,520,None,Move,browsing
1567518760.186,753,521,None,Move,browsing
1567518760.197,753,522,None,Move,browsing
1567518760.206,753,523,None,Move,browsing
1567518760.2129998,753,523,None,Move,browsing
1567518760.221,753,524,None,Move,browsing
1567518760.226,753,525,None,Move,browsing
1567518760.232,753,525,None,Move,browsing
1567518760.238,753,526,None,Move,browsing
1567518760.244,753,526,None,Move,browsing
1567518760.2510002,753,527,None,Move,browsing
1567518760.2570002,753,527,None,Move,browsing
1567518760.262,753,528,None,Move,browsing
1567518760.268,753,528,None,Move,browsing
1567518760.274,753,528,None,Move,browsing
1567518761.266,753,529,None,Move,browsing
1567518761.286,753,529,None,Move,browsing
1567518761.303,752,529,None,Move,browsing
1567518761.316,751,530,None,Move,browsing
1567518761.3279998,750,531,None,Move,browsing
1567518761.341,748,532,None,Move,browsing
1567518761.353,745,534,None,Move,browsing
1567518761.3660002,741,535,None,Move,browsing
1567518761.377,735,537,None,Move,browsing
1567518761.39,729,538,None,Move,browsing
1567518761.403,720,539,None,Move,browsing
1567518761.417,711,541,None,Move,browsing
1567518761.43,703,543,None,Move,browsing
1567518765.174,700,544,None,Move,browsing
1567518765.195,696,545,None,Move,browsing
1567518765.215,692,548,None,Move,browsing
1567518765.2370002,687,550,None,Move,browsing
1567518765.2489998,678,555,None,Move,browsing
1567518765.2570002,669,561,None,Move,browsing
1567518765.2670002,656,568,None,Move,browsing
1567518765.276,645,575,None,Move,browsing
1567518765.284,633,581,None,Move,browsing
1567518765.293,624,586,None,Move,browsing
1567518765.301,615,590,None,Move,browsing
1567518765.309,606,592,None,Move,browsing
1567518765.3170002,597,595,None,Move,browsing
1567518765.324,588,597,None,Move,browsing
1567518765.332,579,599,None,Move,browsing
1567518765.34,570,601,None,Move,browsing
1567518765.3479998,561,602,None,Move,browsing
1567518765.356,553,603,None,Move,browsing
1567518765.365,546,604,None,Move,browsing
1567518765.373,540,604,None,Move,browsing
1567518765.381,535,605,None,Move,browsing
1567518765.389,532,605,None,Move,browsing
1567518765.397,530,605,None,Move,browsing
1567518765.405,528,605,None,Move,browsing
1567518765.413,527,605,None,Move,browsing
1567518765.42,526,605,None,Move,browsing
1567518765.428,525,605,None,Move,browsing
1567518765.436,525,605,None,Move,browsing
1567518765.444,524,605,None,Move,browsing
1567518765.451,523,605,None,Move,browsing
1567518765.51,522,603,None,Move,browsing
1567518765.5370002,522,603,None,Move,browsing
1567518765.559,522,603,Left,Pressed,browsing
1567518765.65,522,603,Left,Released,browsing
1567518766.6020002,522,603,None,Move,browsing
1567518766.625,524,603,None,Move,browsing
1567518766.644,529,603,None,Move,browsing
1567518766.6620002,535,604,None,Move,browsing
1567518766.6820002,543,607,None,Move,browsing
1567518766.6929998,552,610,None,Move,browsing
1567518766.7,561,614,None,Move,browsing
1567518766.706,573,621,None,Move,browsing
1567518766.7129998,585,629,None,Move,browsing
1567518766.718,597,638,None,Move,browsing
1567518766.724,607,646,None,Move,browsing
1567518766.73,616,654,None,Move,browsing
1567518766.735,625,662,None,Move,browsing
1567518766.74,632,671,None,Move,browsing
1567518766.745,639,679,None,Move,browsing
1567518766.75,645,688,None,Move,browsing
1567518766.756,651,697,None,Move,browsing
1567518766.7629998,657,706,None,Move,browsing
1567518766.769,662,715,None,Move,browsing
1567518766.776,667,724,None,Move,browsing
1567518766.783,672,734,None,Move,browsing
1567518766.789,677,743,None,Move,browsing
1567518766.7970002,681,751,None,Move,browsing
1567518766.803,685,759,None,Move,browsing
1567518766.81,688,768,None,Move,browsing
1567518766.816,690,774,None,Move,browsing
1567518766.822,692,779,None,Move,browsing
1567518766.8279998,694,784,None,Move,browsing
1567518766.833,696,788,None,Move,browsing
1567518766.839,697,792,None,Move,browsing
1567518766.845,698,795,None,Move,browsing
1567518766.851,699,798,None,Move,browsing
1567518766.857,700,799,None,Move,browsing
1567518766.863,700,800,None,Move,browsing
1567518766.869,700,801,None,Move,browsing
1567518766.8760002,700,802,None,Move,browsing
1567518766.8820002,700,803,None,Move,browsing
1567518766.889,700,803,None,Move,browsing
1567518766.894,700,804,None,Move,browsing
1567518767.083,712,812,None,Move,browsing
1567518767.103,722,821,None,Move,browsing
1567518767.119,731,832,None,Move,browsing
1567518767.129,741,845,None,Move,browsing
1567518767.1360002,747,856,None,Move,browsing
1567518767.144,754,868,None,Move,browsing
1567518767.151,761,880,None,Move,browsing
1567518767.158,765,888,None,Move,browsing
1567518767.166,769,897,None,Move,browsing
1567518767.1720002,774,906,None,Move,browsing
1567518767.18,777,912,None,Move,browsing
1567518767.187,781,918,None,Move,browsing
1567518767.194,784,923,None,Move,browsing
1567518767.2,786,928,None,Move,browsing
1567518767.207,787,933,None,Move,browsing
1567518767.214,789,937,None,Move,browsing
1567518767.221,790,939,None,Move,browsing
1567518767.228,791,942,None,Move,browsing
1567518767.235,791,944,None,Move,browsing
1567518767.2410002,791,944,None,Move,browsing
1567518767.2470002,792,945,None,Move,browsing
1567518767.2529998,792,946,None,Move,browsing
1567518767.2610002,792,947,None,Move,browsing
1567518767.2670002,792,947,None,Move,browsing
1567518767.279,792,948,None,Move,browsing
1567518767.714,792,948,Left,Pressed,browsing
1567518767.8739998,792,948,Left,Released,browsing
1567518768.889,793,950,None,Move,browsing
1567518768.908,793,951,None,Move,browsing
1567518768.927,794,955,None,Move,browsing
1567518768.947,795,958,None,Move,browsing
1567518768.966,797,962,None,Move,browsing
1567518768.9770002,798,966,None,Move,browsing
1567518768.984,799,970,None,Move,browsing
1567518768.992,799,973,None,Move,browsing
1567518769.0,800,977,None,Move,browsing
1567518769.008,801,981,None,Move,browsing
1567518769.015,802,984,None,Move,browsing
1567518769.022,803,990,None,Move,browsing
1567518769.029,803,995,None,Move,browsing
1567518769.036,804,1000,None,Move,browsing
1567518769.042,804,1007,None,Move,browsing
1567518769.049,804,1012,None,Move,browsing
1567518769.056,805,1016,None,Move,browsing
1567518769.064,805,1020,None,Move,browsing
1567518769.071,805,1021,None,Move,browsing
1567518769.0779998,805,1023,None,Move,browsing
1567518769.085,805,1025,None,Move,browsing
1567518770.823,804,1021,None,Move,browsing
1567518770.844,803,1017,None,Move,browsing
1567518770.8639998,802,1013,None,Move,browsing
1567518770.883,800,1008,None,Move,browsing
1567518770.9,800,1004,None,Move,browsing
1567518770.9120002,798,1001,None,Move,browsing
1567518770.923,797,998,None,Move,browsing
1567518770.9329998,795,996,None,Move,browsing
1567518770.9429998,794,993,None,Move,browsing
1567518770.954,793,989,None,Move,browsing
1567518770.964,791,986,None,Move,browsing
1567518770.974,789,983,None,Move,browsing
1567518770.9829998,787,980,None,Move,browsing
1567518770.9929998,785,976,None,Move,browsing
1567518771.002,783,973,None,Move,browsing
1567518771.0110002,781,968,None,Move,browsing
1567518771.021,779,964,None,Move,browsing
1567518771.031,777,960,None,Move,browsing
1567518771.565,774,952,None,Move,browsing
1567518771.597,768,942,None,Move,browsing
1567518771.61,760,929,None,Move,browsing
1567518771.621,749,911,None,Move,browsing
1567518771.6320002,735,893,None,Move,browsing
1567518771.645,719,875,None,Move,browsing
1567518771.655,702,856,None,Move,browsing
1567518771.663,687,839,None,Move,browsing
1567518771.6720002,669,821,None,Move,browsing
1567518771.68,652,806,None,Move,browsing
1567518771.689,637,796,None,Move,browsing
1567518771.697,625,788,None,Move,browsing
1567518771.706,616,782,None,Move,browsing
1567518771.7129998,609,777,None,Move,browsing
1567518771.721,605,774,None,Move,browsing
1567518771.729,602,773,None,Move,browsing
1567518771.7370002,600,772,None,Move,browsing
1567518771.745,599,772,None,Move,browsing
1567518771.7529998,598,772,None,Move,browsing
1567518771.7610002,598,772,None,Move,browsing
1567518771.769,597,772,None,Move,browsing
1567518771.776,597,772,None,Move,browsing
1567518771.783,596,772,None,Move,browsing
1567518771.791,596,772,None,Move,browsing
1567518771.798,595,772,None,Move,browsing
1567518771.8070002,595,772,None,Move,browsing
1567518771.815,594,771,None,Move,browsing
1567518771.824,593,771,None,Move,browsing
1567518771.831,593,771,None,Move,browsing
1567518771.84,592,771,None,Move,browsing
1567518771.847,592,771,None,Move,browsing
1567518771.855,591,771,None,Move,browsing
1567518771.8620002,590,771,None,Move,browsing
1567518771.871,590,772,None,Move,browsing
1567518771.879,589,773,None,Move,browsing
1567518771.887,588,773,None,Move,browsing
1567518771.896,587,774,None,Move,browsing
1567518771.906,587,775,None,Move,browsing
1567518771.914,584,779,None,Move,browsing
1567518771.9220002,582,783,None,Move,browsing
1567518771.929,577,788,None,Move,browsing
1567518771.937,573,794,None,Move,browsing
1567518771.944,568,800,None,Move,browsing
1567518771.951,562,806,None,Move,browsing
1567518771.96,557,813,None,Move,browsing
1567518771.967,551,820,None,Move,browsing
1567518771.976,547,826,None,Move,browsing
1567518771.984,543,831,None,Move,browsing
1567518771.9929998,540,835,None,Move,browsing
1567518772.0,536,840,None,Move,browsing
1567518772.0089998,534,844,None,Move,browsing
1567518772.0170002,531,848,None,Move,browsing
1567518772.025,529,851,None,Move,browsing
1567518772.032,528,853,None,Move,browsing
1567518772.041,527,854,None,Move,browsing
1567518772.048,526,855,None,Move,browsing
1567518772.0570002,526,855,None,Move,browsing
1567518772.065,525,856,None,Move,browsing
1567518772.072,525,856,None,Move,browsing
1567518772.236,525,855,None,Move,browsing
1567518772.256,526,854,None,Move,browsing
1567518772.275,527,851,None,Move,browsing
1567518772.295,530,848,None,Move,browsing
1567518772.315,534,844,None,Move,browsing
1567518772.327,538,840,None,Move,browsing
1567518772.336,541,837,None,Move,browsing
1567518772.346,543,835,None,Move,browsing
1567518772.356,545,833,None,Move,browsing
1567518772.3660002,545,832,None,Move,browsing
1567518772.3760002,546,831,None,Move,browsing
1567518772.3860002,547,830,None,Move,browsing
1567518772.396,548,829,None,Move,browsing
1567518772.405,549,829,None,Move,browsing
1567518772.415,549,828,None,Move,browsing
1567518772.426,550,827,None,Move,browsing
1567518772.435,550,826,None,Move,browsing
1567518772.445,551,826,None,Move,browsing
1567518772.455,551,825,None,Move,browsing
1567518772.464,551,825,None,Move,browsing
1567518772.474,552,824,None,Move,browsing
1567518772.4829998,552,824,None,Move,browsing
1567518772.524,552,824,Left,Pressed,browsing
1567518772.649,552,824,Left,Released,browsing
1567518773.825,561,813,None,Move,browsing
1567518773.845,575,796,None,Move,browsing
1567518773.8660002,591,778,None,Move,browsing
1567518773.8779998,603,763,None,Move,browsing
1567518773.89,613,751,None,Move,browsing
1567518773.899,622,739,None,Move,browsing
1567518773.907,629,729,None,Move,browsing
1567518773.915,635,722,None,Move,browsing
1567518773.923,640,716,None,Move,browsing
1567518773.931,644,711,None,Move,browsing
1567518773.94,648,707,None,Move,browsing
1567518773.947,651,704,None,Move,browsing
1567518773.956,654,701,None,Move,browsing
1567518773.9629998,656,698,None,Move,browsing
1567518773.971,658,696,None,Move,browsing
1567518773.979,660,694,None,Move,browsing
1567518773.9870002,661,692,None,Move,browsing
1567518773.995,663,691,None,Move,browsing
1567518774.002,663,690,None,Move,browsing
1567518774.01,664,689,None,Move,browsing
1567518774.0170002,664,689,None,Move,browsing
1567518774.025,665,689,None,Move,browsing
1567518774.033,665,688,None,Move,browsing
1567518774.041,666,688,None,Move,browsing
1567518774.272,666,674,None,Move,browsing
1567518774.295,666,659,None,Move,browsing
1567518774.316,666,642,None,Move,browsing
1567518774.329,667,625,None,Move,browsing
1567518774.343,668,609,None,Move,browsing
1567518774.353,669,593,None,Move,browsing
1567518774.3620002,670,577,None,Move,browsing
1567518774.371,672,561,None,Move,browsing
1567518774.379,675,547,None,Move,browsing
1567518774.387,678,533,None,Move,browsing
1567518774.396,681,520,None,Move,browsing
1567518774.405,683,508,None,Move,browsing
1567518774.413,686,497,None,Move,browsing
1567518774.4220002,688,488,None,Move,browsing
1567518774.429,690,481,None,Move,browsing
1567518774.438,692,473,None,Move,browsing
1567518774.445,694,466,None,Move,browsing
1567518774.4529998,696,461,None,Move,browsing
1567518774.461,697,456,None,Move,browsing
1567518774.469,698,453,None,Move,browsing
1567518774.478,699,451,None,Move,browsing
1567518774.486,700,450,None,Move,browsing
1567518774.721,704,440,None,Move,browsing
1567518774.74,710,428,None,Move,browsing
1567518774.7570002,714,417,None,Move,browsing
1567518774.7770002,720,407,None,Move,browsing
1567518774.795,724,395,None,Move,browsing
1567518774.81,729,383,None,Move,browsing
1567518774.8179998,733,370,None,Move,browsing
1567518774.826,736,361,None,Move,browsing
1567518774.833,739,353,None,Move,browsing
1567518774.841,742,344,None,Move,browsing
1567518774.849,745,337,None,Move,browsing
1567518774.8579998,747,331,None,Move,browsing
1567518774.8660002,749,326,None,Move,browsing
1567518774.875,750,321,None,Move,browsing
1567518774.883,752,318,None,Move,browsing
1567518774.891,753,316,None,Move,browsing
1567518774.8979998,754,313,None,Move,browsing
1567518774.906,755,311,None,Move,browsing
1567518774.913,756,310,None,Move,browsing
1567518774.921,756,309,None,Move,browsing
1567518774.929,757,307,None,Move,browsing
1567518774.937,757,307,None,Move,browsing
1567518775.149,758,310,None,Move,browsing
1567518775.171,760,314,None,Move,browsing
1567518775.19,762,320,None,Move,browsing
1567518775.205,765,328,None,Move,browsing
1567518775.214,769,338,None,Move,browsing
1567518775.224,772,348,None,Move,browsing
1567518775.234,775,357,None,Move,browsing
1567518775.242,778,366,None,Move,browsing
1567518775.2529998,780,374,None,Move,browsing
1567518775.2629998,782,381,None,Move,browsing
1567518775.274,784,386,None,Move,browsing
1567518775.283,785,391,None,Move,browsing
1567518775.292,786,395,None,Move,browsing
1567518775.302,787,399,None,Move,browsing
1567518775.312,788,402,None,Move,browsing
1567518775.323,788,404,None,Move,browsing
1567518775.333,789,405,None,Move,browsing
1567518775.342,789,406,None,Move,browsing
1567518775.3520002,789,407,None,Move,browsing
1567518775.3620002,789,407,None,Move,browsing
1567518775.371,788,408,None,Move,browsing
1567518775.38,785,409,None,Move,browsing
1567518775.389,778,409,None,Move,browsing
1567518775.399,767,404,None,Move,browsing
1567518775.408,749,390,None,Move,browsing
1567518775.417,730,369,None,Move,browsing
1567518775.427,712,348,None,Move,browsing
1567518775.437,693,327,None,Move,browsing
1567518775.447,673,305,None,Move,browsing
1567518775.457,650,286,None,Move,browsing
1567518775.467,625,268,None,Move,browsing
1567518775.4770002,601,257,None,Move,browsing
1567518775.4870002,580,251,None,Move,browsing
1567518775.495,561,250,None,Move,browsing
1567518775.505,545,251,None,Move,browsing
1567518775.514,532,252,None,Move,browsing
1567518775.524,522,253,None,Move,browsing
1567518775.534,514,253,None,Move,browsing
1567518775.543,505,252,None,Move,browsing
1567518775.905,505,251,None,Move,browsing
1567518775.926,505,250,None,Move,browsing
1567518775.945,505,249,None,Move,browsing
1567518775.9629998,505,249,None,Move,browsing
1567518775.9829998,505,248,None,Move,browsing
1567518776.0,505,247,None,Move,browsing
1567518776.0129998,505,246,None,Move,browsing
1567518776.026,505,245,None,Move,browsing
1567518776.039,505,245,None,Move,browsing
1567518776.052,505,244,None,Move,browsing
1567518776.064,505,243,None,Move,browsing
1567518776.077,505,243,None,Move,browsing
1567518776.09,505,242,None,Move,browsing
1567518776.1020002,505,241,None,Move,browsing
1567518776.1160002,505,241,None,Move,browsing
1567518776.1279998,505,240,None,Move,browsing
1567518776.141,505,240,None,Move,browsing
1567518776.154,505,240,None,Move,browsing
1567518776.166,505,239,None,Move,browsing
1567518776.177,505,239,None,Move,browsing
1567518776.19,505,238,None,Move,browsing
1567518776.202,505,238,None,Move,browsing
1567518776.215,505,237,None,Move,browsing
1567518776.228,504,236,None,Move,browsing
1567518776.2410002,504,235,None,Move,browsing
1567518776.254,504,234,None,Move,browsing
1567518776.2670002,503,232,None,Move,browsing
1567518776.279,503,231,None,Move,browsing
1567518776.288,502,228,None,Move,browsing
1567518776.296,501,225,None,Move,browsing
1567518776.306,500,221,None,Move,browsing
1567518776.314,499,216,None,Move,browsing
1567518776.323,498,212,None,Move,browsing
1567518776.332,496,209,None,Move,browsing
1567518776.34,495,205,None,Move,browsing
1567518776.347,493,202,None,Move,browsing
1567518776.357,492,200,None,Move,browsing
1567518776.365,490,197,None,Move,browsing
1567518776.3739998,490,195,None,Move,browsing
1567518776.3820002,488,194,None,Move,browsing
1567518776.391,487,193,None,Move,browsing
1567518776.401,486,192,None,Move,browsing
1567518776.409,485,191,None,Move,browsing
1567518776.417,485,190,None,Move,browsing
1567518776.426,484,190,None,Move,browsing
1567518776.435,482,190,None,Move,browsing
1567518776.444,481,190,None,Move,browsing
1567518776.452,479,190,None,Move,browsing
1567518776.461,476,189,None,Move,browsing
1567518776.47,474,189,None,Move,browsing
1567518776.478,470,189,None,Move,browsing
1567518776.486,468,189,None,Move,browsing
1567518776.495,466,189,None,Move,browsing
1567518776.5029998,465,189,None,Move,browsing
1567518776.512,464,189,None,Move,browsing
1567518776.5229998,462,190,None,Move,browsing
1567518776.532,462,190,None,Move,browsing
1567518776.541,460,190,None,Move,browsing
1567518776.548,459,190,None,Move,browsing
1567518776.554,458,190,None,Move,browsing
1567518776.561,457,190,None,Move,browsing
1567518776.5670002,456,191,None,Move,browsing
1567518776.574,455,191,None,Move,browsing
1567518776.581,455,191,None,Move,browsing
1567518776.5879998,454,191,None,Move,browsing
1567518776.596,453,192,None,Move,browsing
1567518776.604,452,193,None,Move,browsing
1567518776.6120002,451,193,None,Move,browsing
1567518776.619,451,194,None,Move,browsing
1567518776.6239998,450,194,None,Move,browsing
1567518776.629,450,194,None,Move,browsing
1567518776.635,450,195,None,Move,browsing
1567518776.641,449,195,None,Move,browsing
1567518776.645,449,195,None,Move,browsing
1567518776.651,448,196,None,Move,browsing
1567518776.657,448,196,None,Move,browsing
1567518776.6620002,447,196,None,Move,browsing
1567518776.667,447,197,None,Move,browsing
1567518776.6720002,446,197,None,Move,browsing
1567518776.677,445,198,None,Move,browsing
1567518776.6820002,444,199,None,Move,browsing
1567518776.688,442,199,None,Move,browsing
1567518776.6929998,441,200,None,Move,browsing
1567518776.698,440,200,None,Move,browsing
1567518776.7029998,438,200,None,Move,browsing
1567518776.708,437,201,None,Move,browsing
1567518776.7129998,436,201,None,Move,browsing
1567518776.72,435,201,None,Move,browsing
1567518776.725,435,201,None,Move,browsing
1567518776.73,434,201,None,Move,browsing
1567518776.735,434,201,None,Move,browsing
1567518776.74,433,201,None,Move,browsing
1567518776.816,434,201,None,Move,browsing
1567518776.833,435,201,None,Move,browsing
1567518776.849,436,201,None,Move,browsing
1567518776.8679998,436,201,None,Move,browsing
1567518776.885,438,201,None,Move,browsing
1567518776.897,439,201,None,Move,browsing
1567518776.91,440,201,None,Move,browsing
1567518776.921,441,201,None,Move,browsing
1567518776.9329998,441,200,None,Move,browsing
1567518776.944,442,200,None,Move,browsing
1567518776.956,443,199,None,Move,browsing
1567518776.968,444,199,None,Move,browsing
1567518776.979,445,199,None,Move,browsing
1567518776.9910002,445,198,None,Move,browsing
1567518777.0029998,446,198,None,Move,browsing
1567518777.016,446,198,None,Move,browsing
1567518777.025,446,198,None,Move,browsing
1567518777.032,447,197,None,Move,browsing
1567518777.039,447,197,None,Move,browsing
1567518777.046,448,197,None,Move,browsing
1567518777.054,448,196,None,Move,browsing
1567518777.06,449,196,None,Move,browsing
1567518777.0670002,449,195,None,Move,browsing
1567518777.074,449,195,Left,Pressed,browsing
1567518777.095,449,195,Left,Released,browsing
1567518777.393,452,206,None,Move,browsing
1567518777.415,456,223,None,Move,browsing
1567518777.437,460,243,None,Move,browsing
1567518777.449,463,263,None,Move,browsing
1567518777.458,465,279,None,Move,browsing
1567518777.464,466,296,None,Move,browsing
1567518777.472,467,311,None,Move,browsing
1567518777.478,468,325,None,Move,browsing
1567518777.485,469,336,None,Move,browsing
1567518777.492,470,348,None,Move,browsing
1567518777.4989998,470,362,None,Move,browsing
1567518777.506,470,375,None,Move,browsing
1567518777.5129998,470,389,None,Move,browsing
1567518777.522,471,405,None,Move,browsing
1567518777.529,471,426,None,Move,browsing
1567518777.5370002,470,441,None,Move,browsing
1567518777.543,469,457,None,Move,browsing
1567518777.55,469,472,None,Move,browsing
1567518777.5579998,469,486,None,Move,browsing
1567518777.565,469,496,None,Move,browsing
1567518777.573,469,504,None,Move,browsing
1567518777.579,469,511,None,Move,browsing
1567518777.5879998,469,516,None,Move,browsing
1567518777.594,469,521,None,Move,browsing
1567518777.601,470,524,None,Move,browsing
1567518777.6079998,470,526,None,Move,browsing
1567518777.615,470,528,None,Move,browsing
1567518777.621,470,529,None,Move,browsing
1567518777.627,470,530,None,Move,browsing
1567518777.6339998,470,531,None,Move,browsing
1567518777.641,470,532,None,Move,browsing
1567518777.647,470,532,None,Move,browsing
1567518784.357,479,527,None,Move,browsing
1567518784.381,492,522,None,Move,browsing
1567518784.413,508,517,None,Move,browsing
1567518784.438,528,513,None,Move,browsing
1567518784.461,546,510,None,Move,browsing
1567518784.484,563,510,None,Move,browsing
1567518784.5089998,577,510,None,Move,browsing
1567518784.534,590,511,None,Move,browsing
1567518784.555,601,514,None,Move,browsing
1567518784.579,612,517,None,Move,browsing
1567518784.6020002,622,519,None,Move,browsing
1567518784.623,630,522,None,Move,browsing
1567518784.643,637,524,None,Move,browsing
1567518784.663,644,527,None,Move,browsing
1567518784.6820002,652,531,None,Move,browsing
1567518784.701,661,534,None,Move,browsing
1567518784.721,669,537,None,Move,browsing
1567518784.7410002,677,540,None,Move,browsing
1567518784.758,685,542,None,Move,browsing
1567518784.778,693,545,None,Move,browsing
1567518784.799,701,548,None,Move,browsing
1567518784.8179998,708,551,None,Move,browsing
1567518784.843,714,553,None,Move,browsing
1567518784.863,720,555,None,Move,browsing
1567518784.8820002,725,557,None,Move,browsing
1567518784.9020002,729,559,None,Move,browsing
1567518784.92,734,560,None,Move,browsing
1567518784.939,737,562,None,Move,browsing
1567518784.959,739,562,None,Move,browsing
1567518784.986,742,563,None,Move,browsing
1567518785.0070002,744,563,None,Move,browsing
1567518785.02,747,563,None,Move,browsing
1567518785.03,750,563,None,Move,browsing
1567518785.0370002,753,563,None,Move,browsing
1567518785.044,755,563,None,Move,browsing
1567518785.049,756,563,None,Move,browsing
1567518785.054,758,563,None,Move,browsing
1567518785.062,759,563,None,Move,browsing
1567518785.0679998,759,563,None,Move,browsing
1567518785.0779998,760,563,None,Move,browsing
1567518785.086,761,563,None,Move,browsing
1567518785.091,762,563,None,Move,browsing
1567518785.1,763,563,None,Move,browsing
1567518785.107,764,563,None,Move,browsing
1567518785.1160002,765,563,None,Move,browsing
1567518785.123,765,562,None,Move,browsing
1567518785.13,765,562,None,Move,browsing
1567518785.137,766,562,None,Move,browsing
1567518785.146,766,561,None,Move,browsing
1567518785.154,767,561,None,Move,browsing
1567518785.163,767,561,None,Move,browsing
1567518785.171,768,561,None,Move,browsing
1567518785.1820002,768,561,None,Move,browsing
1567518785.189,769,560,None,Move,browsing
1567518785.197,769,560,None,Move,browsing
1567518785.204,769,559,None,Move,browsing
1567518785.211,770,559,None,Move,browsing
1567518785.219,770,559,None,Move,browsing
1567518785.226,771,559,None,Move,browsing
1567518785.235,771,559,None,Move,browsing
1567518785.244,771,559,Left,Pressed,browsing
1567518785.2529998,771,559,Left,Released,browsing
1567518787.228,771,563,None,Move,browsing
1567518787.236,772,570,None,Move,browsing
1567518787.242,774,580,None,Move,browsing
1567518787.248,777,591,None,Move,browsing
1567518787.254,781,604,None,Move,browsing
1567518787.262,785,620,None,Move,browsing
1567518787.28,790,641,None,Move,browsing
1567518787.295,794,660,None,Move,browsing
1567518787.303,798,675,None,Move,browsing
1567518787.312,801,690,None,Move,browsing
1567518787.319,805,705,None,Move,browsing
1567518787.326,808,719,None,Move,browsing
1567518787.333,811,731,None,Move,browsing
1567518787.34,814,744,None,Move,browsing
1567518787.349,817,755,None,Move,browsing
1567518787.356,819,765,None,Move,browsing
1567518787.3639998,823,774,None,Move,browsing
1567518787.371,826,783,None,Move,browsing
1567518787.379,828,792,None,Move,browsing
1567518787.385,830,800,None,Move,browsing
1567518787.3920002,832,807,None,Move,browsing
1567518787.399,834,813,None,Move,browsing
1567518787.405,836,818,None,Move,browsing
1567518787.4120002,838,823,None,Move,browsing
1567518787.418,840,828,None,Move,browsing
1567518787.425,842,832,None,Move,browsing
1567518787.431,843,836,None,Move,browsing
1567518787.437,844,839,None,Move,browsing
1567518787.445,845,843,None,Move,browsing
1567518787.451,846,845,None,Move,browsing
1567518787.458,847,846,None,Move,browsing
1567518787.465,847,848,None,Move,browsing
1567518787.471,847,849,None,Move,browsing
1567518787.478,847,849,None,Move,browsing
1567518787.484,847,849,None,Move,browsing
1567518787.4910002,848,850,None,Move,browsing
1567518787.4970002,848,851,None,Move,browsing
1567518787.5029998,848,851,None,Move,browsing
1567518787.5089998,848,852,None,Move,browsing
1567518787.542,848,852,None,Move,browsing
1567518787.577,849,853,None,Move,browsing
1567518787.583,849,854,None,Move,browsing
1567518787.62,849,854,Left,Pressed,browsing
1567518787.766,849,854,Left,Released,browsing
1567518788.403,843,846,None,Move,browsing
1567518788.431,835,835,None,Move,browsing
1567518788.457,826,822,None,Move,browsing
1567518788.479,819,807,None,Move,browsing
1567518788.5029998,812,790,None,Move,browsing
1567518788.525,806,773,None,Move,browsing
1567518788.549,799,757,None,Move,browsing
1567518788.571,793,739,None,Move,browsing
1567518788.603,787,722,None,Move,browsing
1567518788.625,781,704,None,Move,browsing
1567518788.649,775,689,None,Move,browsing
1567518788.6720002,770,672,None,Move,browsing
1567518788.6920002,765,655,None,Move,browsing
1567518788.715,762,640,None,Move,browsing
1567518788.735,758,627,None,Move,browsing
1567518788.7570002,756,616,None,Move,browsing
1567518788.7770002,753,606,None,Move,browsing
1567518788.7970002,752,597,None,Move,browsing
1567518788.812,750,592,None,Move,browsing
1567518788.822,748,589,None,Move,browsing
1567518788.831,747,587,None,Move,browsing
1567518788.84,747,585,None,Move,browsing
1567518788.849,746,584,None,Move,browsing
1567518788.86,745,582,None,Move,browsing
1567518788.867,744,581,None,Move,browsing
1567518788.8739998,744,581,None,Move,browsing
1567518788.881,743,581,None,Move,browsing
1567518788.8879998,739,568,None,Move,browsing
1567518788.896,734,550,None,Move,browsing
1567518788.903,730,532,None,Move,browsing
1567518788.9120002,725,515,None,Move,browsing
1567518788.92,718,498,None,Move,browsing
1567518788.927,711,478,None,Move,browsing
1567518788.935,704,458,None,Move,browsing
1567518788.9420002,697,437,None,Move,browsing
1567518788.949,690,417,None,Move,browsing
1567518788.955,682,399,None,Move,browsing
1567518788.962,675,385,None,Move,browsing
1567518788.968,668,376,None,Move,browsing
1567518788.976,663,368,None,Move,browsing
1567518788.9829998,659,361,None,Move,browsing
1567518788.99,655,357,None,Move,browsing
1567518788.9970002,653,354,None,Move,browsing
1567518789.0029998,651,351,None,Move,browsing
1567518789.01,649,350,None,Move,browsing
1567518789.016,648,348,None,Move,browsing
1567518789.2570002,646,340,None,Move,browsing
1567518789.276,643,330,None,Move,browsing
1567518789.295,641,321,None,Move,browsing
1567518789.312,639,312,None,Move,browsing
1567518789.325,636,304,None,Move,browsing
1567518789.334,634,297,None,Move,browsing
1567518789.343,631,292,None,Move,browsing
1567518789.35,629,287,None,Move,browsing
1567518789.359,628,282,None,Move,browsing
1567518789.367,626,278,None,Move,browsing
1567518789.375,625,274,None,Move,browsing
1567518789.383,623,270,None,Move,browsing
1567518789.391,622,266,None,Move,browsing
1567518789.399,621,263,None,Move,browsing
1567518789.407,619,260,None,Move,browsing
1567518789.415,618,258,None,Move,browsing
1567518789.423,616,255,None,Move,browsing
1567518789.431,614,253,None,Move,browsing
1567518789.439,613,252,None,Move,browsing
1567518789.447,612,251,None,Move,browsing
1567518789.455,611,250,None,Move,browsing
1567518789.4629998,609,249,None,Move,browsing
1567518789.471,608,248,None,Move,browsing
1567518789.478,607,247,None,Move,browsing
1567518789.485,605,247,None,Move,browsing
1567518789.494,603,246,None,Move,browsing
1567518789.502,601,246,None,Move,browsing
1567518789.51,599,245,None,Move,browsing
1567518789.5170002,598,244,None,Move,browsing
1567518789.526,596,243,None,Move,browsing
1567518789.534,593,242,None,Move,browsing
1567518789.542,590,240,None,Move,browsing
1567518789.55,588,239,None,Move,browsing
1567518789.5570002,585,238,None,Move,browsing
1567518789.565,582,237,None,Move,browsing
1567518789.574,580,235,None,Move,browsing
1567518789.582,577,234,None,Move,browsing
1567518789.59,574,232,None,Move,browsing
1567518789.6,571,231,None,Move,browsing
1567518789.609,568,229,None,Move,browsing
1567518789.617,566,227,None,Move,browsing
1567518789.627,563,226,None,Move,browsing
1567518789.6339998,561,224,None,Move,browsing
1567518789.644,558,223,None,Move,browsing
1567518789.653,557,222,None,Move,browsing
1567518789.6620002,555,221,None,Move,browsing
1567518789.671,553,220,None,Move,browsing
1567518789.679,551,219,None,Move,browsing
1567518789.687,549,218,None,Move,browsing
1567518789.696,548,217,None,Move,browsing
1567518789.705,546,216,None,Move,browsing
1567518789.715,546,216,None,Move,browsing
1567518789.724,545,216,None,Move,browsing
1567518789.7329998,544,215,None,Move,browsing
1567518789.742,543,215,None,Move,browsing
1567518789.7510002,542,214,None,Move,browsing
1567518789.7589998,541,213,None,Move,browsing
1567518789.7670002,539,213,None,Move,browsing
1567518789.775,538,212,None,Move,browsing
1567518789.784,537,212,None,Move,browsing
1567518789.792,536,211,None,Move,browsing
1567518789.8,535,211,None,Move,browsing
1567518789.8079998,534,211,None,Move,browsing
1567518789.8170002,533,210,None,Move,browsing
1567518789.826,532,210,None,Move,browsing
1567518789.834,532,209,None,Move,browsing
1567518789.843,531,209,None,Move,browsing
1567518789.851,531,209,None,Move,browsing
1567518789.86,530,208,None,Move,browsing
1567518789.869,529,207,None,Move,browsing
1567518789.8860002,528,207,None,Move,browsing
1567518790.278,528,207,None,Move,browsing
1567518790.299,528,207,Left,Pressed,browsing
1567518790.3620002,528,207,Left,Released,browsing
1567518790.654,529,215,None,Move,browsing
1567518790.674,531,225,None,Move,browsing
1567518790.694,532,236,None,Move,browsing
1567518790.708,534,246,None,Move,browsing
1567518790.717,536,263,None,Move,browsing
1567518790.7229998,537,275,None,Move,browsing
1567518790.728,538,288,None,Move,browsing
1567518790.734,540,301,None,Move,browsing
1567518790.74,541,311,None,Move,browsing
1567518790.745,542,323,None,Move,browsing
1567518790.75,543,333,None,Move,browsing
1567518790.7570002,545,344,None,Move,browsing
1567518790.764,546,356,None,Move,browsing
1567518790.77,548,369,None,Move,browsing
1567518790.7770002,549,380,None,Move,browsing
1567518790.784,549,392,None,Move,browsing
1567518790.79,550,405,None,Move,browsing
1567518790.796,552,416,None,Move,browsing
1567518790.802,552,427,None,Move,browsing
1567518790.809,552,440,None,Move,browsing
1567518790.816,553,452,None,Move,browsing
1567518790.824,555,465,None,Move,browsing
1567518790.831,556,476,None,Move,browsing
1567518790.8379998,557,485,None,Move,browsing
1567518790.845,558,493,None,Move,browsing
1567518790.851,559,499,None,Move,browsing
1567518790.8579998,559,507,None,Move,browsing
1567518790.865,559,514,None,Move,browsing
1567518790.871,558,521,None,Move,browsing
1567518790.877,558,526,None,Move,browsing
1567518790.883,558,531,None,Move,browsing
1567518790.89,557,534,None,Move,browsing
1567518790.897,557,538,None,Move,browsing
1567518790.904,557,541,None,Move,browsing
1567518790.9120002,556,544,None,Move,browsing
1567518790.918,554,547,None,Move,browsing
1567518790.924,552,550,None,Move,browsing
1567518790.931,551,551,None,Move,browsing
1567518794.573,556,547,None,Move,browsing
1567518794.597,563,541,None,Move,browsing
1567518794.6160002,569,533,None,Move,browsing
1567518794.625,574,523,None,Move,browsing
1567518794.6320002,579,514,None,Move,browsing
1567518794.639,582,504,None,Move,browsing
1567518794.646,584,494,None,Move,browsing
1567518794.6520002,586,483,None,Move,browsing
1567518794.66,588,468,None,Move,browsing
1567518794.667,589,455,None,Move,browsing
1567518794.674,590,443,None,Move,browsing
1567518794.68,590,432,None,Move,browsing
1567518794.687,591,423,None,Move,browsing
1567518794.6929998,592,416,None,Move,browsing
1567518794.7,593,410,None,Move,browsing
1567518794.708,593,405,None,Move,browsing
1567518794.714,594,400,None,Move,browsing
1567518794.722,595,396,None,Move,browsing
1567518794.73,595,393,None,Move,browsing
1567518794.738,596,390,None,Move,browsing
1567518794.745,596,388,None,Move,browsing
1567518794.752,596,386,None,Move,browsing
1567518794.7589998,597,385,None,Move,browsing
1567518794.765,597,383,None,Move,browsing
1567518794.772,598,382,None,Move,browsing
1567518794.778,598,381,None,Move,browsing
1567518794.786,598,380,None,Move,browsing
1567518794.793,598,380,None,Move,browsing
1567518794.8,598,379,None,Move,browsing
1567518794.806,598,378,None,Move,browsing
1567518794.813,598,378,None,Move,browsing
1567518794.82,599,377,None,Move,browsing
1567518794.827,599,376,None,Move,browsing
1567518794.833,599,376,None,Move,browsing
1567518794.84,600,375,None,Move,browsing
1567518794.847,600,375,None,Move,browsing
1567518794.853,601,375,None,Move,browsing
1567518794.86,601,374,None,Move,browsing
1567518794.867,602,374,None,Move,browsing
1567518794.873,602,373,None,Move,browsing
1567518794.88,603,373,None,Move,browsing
1567518794.974,603,373,Left,Pressed,browsing
1567518795.113,603,373,Left,Released,browsing
1567518795.939,604,374,None,Move,browsing
1567518795.964,606,378,None,Move,browsing
1567518795.986,608,383,None,Move,browsing
1567518796.006,611,388,None,Move,browsing
1567518796.025,614,393,None,Move,browsing
1567518796.044,616,398,None,Move,browsing
1567518796.063,619,402,None,Move,browsing
1567518796.083,621,407,None,Move,browsing
1567518796.103,623,411,None,Move,browsing
1567518796.1239998,624,415,None,Move,browsing
1567518796.143,626,419,None,Move,browsing
1567518796.163,628,423,None,Move,browsing
1567518796.1820002,630,427,None,Move,browsing
1567518796.2029998,631,431,None,Move,browsing
1567518796.226,633,436,None,Move,browsing
1567518796.246,634,439,None,Move,browsing
1567518796.2670002,635,442,None,Move,browsing
1567518796.286,636,445,None,Move,browsing
1567518796.306,637,447,None,Move,browsing
1567518796.327,638,449,None,Move,browsing
1567518796.345,639,451,None,Move,browsing
1567518796.3620002,639,451,None,Move,browsing
1567518796.3820002,639,452,None,Move,browsing
1567518796.4020002,640,453,None,Move,browsing
1567518796.4220002,640,454,None,Move,browsing
1567518796.441,640,454,None,Move,browsing
1567518796.461,640,455,None,Move,browsing
1567518796.479,640,455,None,Move,browsing
1567518796.4989998,640,456,None,Move,browsing
1567518796.524,640,456,None,Move,browsing
1567518796.544,640,457,None,Move,browsing
1567518796.562,640,457,None,Move,browsing
1567518796.582,640,458,None,Move,browsing
1567518796.604,640,458,None,Move,browsing
1567518796.623,640,459,None,Move,browsing
1567518796.641,640,459,None,Move,browsing
1567518796.6620002,640,459,None,Move,browsing
1567518796.679,640,460,None,Move,browsing
1567518797.1220002,640,460,None,Move,browsing
1567518798.13,640,460,None,Move,browsing
1567518799.655,640,460,None,Move,browsing
1567518799.823,640,460,None,Move,browsing
1567518801.425,640,460,None,Move,browsing
1567518803.105,640,460,None,Move,browsing
1567518803.1239998,640,460,None,Move,browsing
1567518803.1420002,640,460,None,Move,browsing
1567518803.1620002,640,459,None,Move,browsing
1567518803.178,640,459,None,Move,browsing
1567518803.1920002,640,459,None,Move,browsing
1567518803.204,640,459,None,Move,browsing
1567518803.217,640,458,None,Move,browsing
1567518803.228,640,458,None,Move,browsing
1567518803.2410002,640,458,None,Move,browsing
1567518803.2529998,640,458,None,Move,browsing
1567518803.266,640,457,None,Move,browsing
1567518803.2770002,640,457,None,Move,browsing
1567518803.29,640,457,None,Move,browsing
1567518803.304,640,457,None,Move,browsing
1567518803.3170002,640,456,None,Move,browsing
1567518803.329,640,456,None,Move,browsing
1567518803.342,640,456,None,Move,browsing
1567518803.357,640,456,None,Move,browsing
1567518803.37,640,455,None,Move,browsing
1567518803.383,640,454,None,Move,browsing
1567518803.397,639,452,None,Move,browsing
1567518803.41,635,446,None,Move,browsing
1567518803.4220002,630,439,None,Move,browsing
1567518803.437,623,430,None,Move,browsing
1567518803.449,612,417,None,Move,browsing
1567518803.461,600,400,None,Move,browsing
1567518803.474,591,384,None,Move,browsing
1567518803.486,585,371,None,Move,browsing
1567518803.4989998,580,361,None,Move,browsing
1567518803.5110002,576,354,None,Move,browsing
1567518803.524,573,349,None,Move,browsing
1567518803.536,569,344,None,Move,browsing
1567518803.549,567,340,None,Move,browsing
1567518803.562,565,337,None,Move,browsing
1567518803.575,563,334,None,Move,browsing
1567518803.5879998,562,332,None,Move,browsing
1567518803.806,562,326,None,Move,browsing
1567518803.826,562,319,None,Move,browsing
1567518803.846,561,312,None,Move,browsing
1567518803.865,560,305,None,Move,browsing
1567518803.8779998,558,298,None,Move,browsing
1567518803.89,557,292,None,Move,browsing
1567518803.904,554,285,None,Move,browsing
1567518803.917,553,279,None,Move,browsing
1567518803.929,551,273,None,Move,browsing
1567518803.941,550,269,None,Move,browsing
1567518803.9529998,549,265,None,Move,browsing
1567518803.966,548,262,None,Move,browsing
1567518803.979,547,259,None,Move,browsing
1567518803.99,546,257,None,Move,browsing
1567518804.0,545,254,None,Move,browsing
1567518804.01,544,252,None,Move,browsing
1567518804.02,544,250,None,Move,browsing
1567518804.03,543,247,None,Move,browsing
1567518804.039,543,245,None,Move,browsing
1567518804.05,543,243,None,Move,browsing
1567518804.06,542,242,None,Move,browsing
1567518804.069,542,241,None,Move,browsing
1567518804.0779998,541,239,None,Move,browsing
1567518804.0879998,541,238,None,Move,browsing
1567518804.0979998,541,237,None,Move,browsing
1567518804.107,540,236,None,Move,browsing
1567518804.117,540,235,None,Move,browsing
1567518804.1260002,540,234,None,Move,browsing
1567518804.135,540,233,None,Move,browsing
1567518804.144,540,232,None,Move,browsing
1567518804.154,540,231,None,Move,browsing
1567518804.164,540,231,None,Move,browsing
1567518804.173,540,230,None,Move,browsing
1567518804.185,540,229,None,Move,browsing
1567518804.196,540,229,None,Move,browsing
1567518804.206,540,228,None,Move,browsing
1567518804.217,540,228,None,Move,browsing
1567518804.228,540,227,None,Move,browsing
1567518804.24,540,227,None,Move,browsing
1567518804.2510002,540,226,None,Move,browsing
1567518804.2610002,540,226,None,Move,browsing
1567518804.271,540,226,None,Move,browsing
1567518804.283,540,225,None,Move,browsing
1567518804.293,540,225,None,Move,browsing
1567518804.305,540,224,None,Move,browsing
1567518804.319,540,222,None,Move,browsing
1567518804.329,539,220,None,Move,browsing
1567518804.339,539,217,None,Move,browsing
1567518804.35,538,215,None,Move,browsing
1567518804.36,537,212,None,Move,browsing
1567518804.371,537,209,None,Move,browsing
1567518804.38,536,206,None,Move,browsing
1567518804.3879998,535,204,None,Move,browsing
1567518804.396,535,201,None,Move,browsing
1567518804.404,534,199,None,Move,browsing
1567518804.4120002,533,197,None,Move,browsing
1567518804.421,533,196,None,Move,browsing
1567518804.429,532,194,None,Move,browsing
1567518804.437,532,193,None,Move,browsing
1567518804.446,532,192,None,Move,browsing
1567518804.454,531,191,None,Move,browsing
1567518804.462,531,190,None,Move,browsing
1567518804.471,530,189,None,Move,browsing
1567518804.479,530,189,None,Move,browsing
1567518804.4870002,529,188,None,Move,browsing
1567518804.495,529,188,None,Move,browsing
1567518804.504,528,187,None,Move,browsing
1567518804.5110002,528,186,None,Move,browsing
1567518804.52,528,186,None,Move,browsing
1567518804.534,527,186,None,Move,browsing
1567518804.554,527,185,None,Move,browsing
1567518804.576,526,185,None,Move,browsing
1567518804.592,526,185,None,Move,browsing
1567518804.601,525,185,None,Move,browsing
1567518804.611,525,185,None,Move,browsing
1567518804.6220002,525,185,None,Move,browsing
1567518804.6320002,524,185,None,Move,browsing
1567518804.6420002,524,185,None,Move,browsing
1567518804.6520002,523,185,None,Move,browsing
1567518804.661,523,185,None,Move,browsing
1567518804.671,522,186,None,Move,browsing
1567518804.68,521,186,None,Move,browsing
1567518804.69,521,186,None,Move,browsing
1567518804.699,521,187,None,Move,browsing
1567518804.71,520,187,None,Move,browsing
1567518804.719,520,187,None,Move,browsing
1567518804.73,519,188,None,Move,browsing
1567518804.7389998,518,188,None,Move,browsing
1567518804.7489998,517,189,None,Move,browsing
1567518804.7589998,516,190,None,Move,browsing
1567518804.769,516,191,None,Move,browsing
1567518804.779,515,191,None,Move,browsing
1567518804.788,515,192,None,Move,browsing
1567518804.798,514,193,None,Move,browsing
1567518804.8070002,513,194,None,Move,browsing
1567518804.819,512,194,None,Move,browsing
1567518804.829,511,195,None,Move,browsing
1567518804.839,511,195,None,Move,browsing
1567518804.8479998,510,196,None,Move,browsing
1567518804.8579998,510,196,None,Move,browsing
1567518804.8679998,509,197,None,Move,browsing
1567518804.877,508,197,None,Move,browsing
1567518804.887,508,197,None,Move,browsing
1567518804.899,507,198,None,Move,browsing
1567518804.908,507,198,None,Move,browsing
1567518804.919,506,199,None,Move,browsing
1567518804.927,506,199,None,Move,browsing
1567518804.937,506,200,None,Move,browsing
1567518804.946,505,200,None,Move,browsing
1567518804.954,505,201,None,Move,browsing
1567518805.1220002,505,200,None,Move,browsing
1567518805.1420002,505,199,None,Move,browsing
1567518805.1620002,505,199,None,Move,browsing
1567518805.181,505,198,None,Move,browsing
1567518805.199,505,197,None,Move,browsing
1567518805.216,505,197,None,Move,browsing
1567518805.232,505,196,None,Move,browsing
1567518805.246,505,195,None,Move,browsing
1567518805.2570002,506,195,None,Move,browsing
1567518805.268,506,194,None,Move,browsing
1567518805.28,506,193,None,Move,browsing
1567518805.292,507,193,None,Move,browsing
1567518805.304,507,192,None,Move,browsing
1567518805.316,508,191,None,Move,browsing
1567518805.327,508,191,None,Move,browsing
1567518805.339,508,190,None,Move,browsing
1567518805.3520002,509,189,None,Move,browsing
1567518805.3639998,509,189,None,Move,browsing
1567518805.375,509,188,None,Move,browsing
1567518805.387,510,187,None,Move,browsing
1567518805.399,511,186,None,Move,browsing
1567518805.411,511,186,None,Move,browsing
1567518805.424,511,186,None,Move,browsing
1567518805.435,512,186,None,Move,browsing
1567518805.446,512,186,None,Move,browsing
1567518805.464,512,186,None,Move,browsing
1567518805.476,512,186,None,Move,browsing
1567518805.488,513,186,None,Move,browsing
1567518805.5010002,513,186,None,Move,browsing
1567518805.512,513,186,None,Move,browsing
1567518805.525,514,186,None,Move,browsing
1567518805.5370002,514,186,None,Move,browsing
1567518805.549,514,186,None,Move,browsing
1567518805.561,514,185,None,Move,browsing
1567518805.573,515,185,None,Move,browsing
1567518805.585,515,185,None,Move,browsing
1567518805.597,515,185,None,Move,browsing
1567518805.605,515,185,None,Move,browsing
1567518805.6139998,516,186,None,Move,browsing
1567518805.62,517,186,None,Move,browsing
1567518805.627,518,186,None,Move,browsing
1567518805.6339998,520,189,None,Move,browsing
1567518805.641,523,192,None,Move,browsing
1567518805.647,526,195,None,Move,browsing
1567518805.654,529,198,None,Move,browsing
1567518805.661,532,200,None,Move,browsing
1567518805.668,534,203,None,Move,browsing
1567518805.674,535,205,None,Move,browsing
1567518805.6820002,536,206,None,Move,browsing
1567518805.688,537,207,None,Move,browsing
1567518805.694,538,208,None,Move,browsing
1567518805.7,539,209,None,Move,browsing
1567518805.707,540,210,None,Move,browsing
1567518805.714,540,210,None,Move,browsing
1567518805.721,541,210,None,Move,browsing
1567518805.728,541,211,None,Move,browsing
1567518805.735,542,211,None,Move,browsing
1567518805.7410002,542,212,None,Move,browsing
1567518805.748,543,212,None,Move,browsing
1567518805.8639998,543,211,None,Move,browsing
1567518805.961,542,211,None,Move,browsing
1567518805.9889998,542,211,None,Move,browsing
1567518806.005,542,211,None,Move,browsing
1567518806.021,541,211,None,Move,browsing
1567518806.036,541,211,None,Move,browsing
1567518806.053,541,211,None,Move,browsing
1567518806.0679998,540,210,None,Move,browsing
1567518806.083,540,210,None,Move,browsing
1567518806.094,540,210,None,Move,browsing
1567518806.104,539,210,None,Move,browsing
1567518806.129,539,210,None,Move,browsing
1567518806.146,539,210,None,Move,browsing
1567518806.163,539,210,None,Move,browsing
1567518806.178,538,210,None,Move,browsing
1567518806.1929998,538,210,None,Move,browsing
1567518806.207,538,210,None,Move,browsing
1567518806.224,538,210,None,Move,browsing
1567518806.238,537,210,None,Move,browsing
1567518806.254,537,210,None,Move,browsing
1567518806.269,537,210,None,Move,browsing
1567518806.284,536,209,None,Move,browsing
1567518806.301,536,209,None,Move,browsing
1567518806.315,535,209,None,Move,browsing
1567518806.324,535,209,None,Move,browsing
1567518806.333,535,208,None,Move,browsing
1567518806.342,534,208,None,Move,browsing
1567518806.351,534,207,None,Move,browsing
1567518806.359,534,207,None,Move,browsing
1567518806.367,533,207,None,Move,browsing
1567518806.3760002,533,206,None,Move,browsing
1567518806.385,533,205,None,Move,browsing
1567518806.394,533,205,None,Move,browsing
1567518806.4020002,533,204,None,Move,browsing
1567518806.4120002,533,204,None,Move,browsing
1567518806.42,532,203,None,Move,browsing
1567518806.429,532,202,None,Move,browsing
1567518806.439,532,202,None,Move,browsing
1567518806.449,532,202,None,Move,browsing
1567518806.458,532,201,None,Move,browsing
1567518806.468,532,201,Left,Pressed,browsing
1567518806.5570002,532,201,Left,Released,browsing
1567518806.8920002,535,211,None,Move,browsing
1567518806.914,538,225,None,Move,browsing
1567518806.935,542,241,None,Move,browsing
1567518806.948,546,257,None,Move,browsing
1567518806.956,550,272,None,Move,browsing
1567518806.9629998,553,285,None,Move,browsing
1567518806.968,556,296,None,Move,browsing
1567518806.975,558,305,None,Move,browsing
1567518806.98,560,313,None,Move,browsing
1567518806.986,562,322,None,Move,browsing
1567518806.992,565,331,None,Move,browsing
1567518807.0,567,342,None,Move,browsing
1567518807.006,570,353,None,Move,browsing
1567518807.012,573,363,None,Move,browsing
1567518807.018,576,375,None,Move,browsing
1567518807.0229998,578,390,None,Move,browsing
1567518807.029,581,404,None,Move,browsing
1567518807.035,583,418,None,Move,browsing
1567518807.041,585,432,None,Move,browsing
1567518807.048,587,447,None,Move,browsing
1567518807.054,587,461,None,Move,browsing
1567518807.061,589,473,None,Move,browsing
1567518807.066,590,482,None,Move,browsing
1567518807.072,591,490,None,Move,browsing
1567518807.079,592,497,None,Move,browsing
1567518807.085,592,503,None,Move,browsing
1567518807.09,593,507,None,Move,browsing
1567518807.096,593,510,None,Move,browsing
1567518807.1020002,593,512,None,Move,browsing
1567518807.109,593,513,None,Move,browsing
1567518807.115,593,515,None,Move,browsing
1567518807.121,593,516,None,Move,browsing
1567518807.127,592,518,None,Move,browsing
1567518807.133,591,519,None,Move,browsing
1567518808.627,587,521,None,Move,browsing
1567518808.651,583,523,None,Move,browsing
1567518808.661,577,527,None,Move,browsing
1567518808.668,571,533,None,Move,browsing
1567518808.674,564,540,None,Move,browsing
1567518808.6820002,559,546,None,Move,browsing
1567518808.687,554,552,None,Move,browsing
1567518808.6920002,550,557,None,Move,browsing
1567518808.697,546,562,None,Move,browsing
1567518808.702,544,565,None,Move,browsing
1567518808.708,541,568,None,Move,browsing
1567518808.714,539,571,None,Move,browsing
1567518808.719,537,573,None,Move,browsing
1567518808.725,536,576,None,Move,browsing
1567518808.731,535,577,None,Move,browsing
1567518808.7370002,533,580,None,Move,browsing
1567518808.7429998,532,582,None,Move,browsing
1567518808.7489998,530,583,None,Move,browsing
1567518808.754,529,585,None,Move,browsing
1567518808.762,528,587,None,Move,browsing
1567518808.769,526,588,None,Move,browsing
1567518808.775,525,590,None,Move,browsing
1567518808.781,524,592,None,Move,browsing
1567518808.788,523,594,None,Move,browsing
1567518808.795,521,596,None,Move,browsing
1567518808.802,520,598,None,Move,browsing
1567518808.809,519,599,None,Move,browsing
1567518808.816,518,600,None,Move,browsing
1567518808.823,518,601,None,Move,browsing
1567518808.83,517,602,None,Move,browsing
1567518808.837,516,603,None,Move,browsing
1567518808.844,516,603,None,Move,browsing
1567518808.851,515,604,None,Move,browsing
1567518808.857,514,605,None,Move,browsing
1567518808.865,513,607,None,Move,browsing
1567518808.8720002,512,608,None,Move,browsing
1567518808.879,510,609,None,Move,browsing
1567518808.8860002,509,611,None,Move,browsing
1567518808.893,508,612,None,Move,browsing
1567518808.9,507,613,None,Move,browsing
1567518808.907,506,613,None,Move,browsing
1567518808.914,505,614,None,Move,browsing
1567518809.2229998,505,614,Left,Pressed,browsing
1567518809.3,505,614,Left,Released,browsing
1567518812.42,505,608,None,Move,browsing
1567518812.44,503,600,None,Move,browsing
1567518812.46,502,590,None,Move,browsing
1567518812.479,502,579,None,Move,browsing
1567518812.4989998,502,567,None,Move,browsing
1567518812.519,502,556,None,Move,browsing
1567518812.541,502,547,None,Move,browsing
1567518812.56,503,540,None,Move,browsing
1567518812.572,505,534,None,Move,browsing
1567518812.582,506,529,None,Move,browsing
1567518812.592,507,525,None,Move,browsing
1567518812.601,507,521,None,Move,browsing
1567518812.61,508,518,None,Move,browsing
1567518812.62,508,515,None,Move,browsing
1567518812.631,509,513,None,Move,browsing
1567518812.64,509,512,None,Move,browsing
1567518812.65,509,511,None,Move,browsing
1567518812.659,510,510,None,Move,browsing
1567518812.827,513,501,None,Move,browsing
1567518812.847,515,488,None,Move,browsing
1567518812.8660002,516,472,None,Move,browsing
1567518812.8860002,515,456,None,Move,browsing
1567518812.907,512,439,None,Move,browsing
1567518812.927,507,422,None,Move,browsing
1567518812.941,503,407,None,Move,browsing
1567518812.952,500,395,None,Move,browsing
1567518812.966,496,383,None,Move,browsing
1567518812.978,492,371,None,Move,browsing
1567518812.99,489,360,None,Move,browsing
1567518813.0010002,486,351,None,Move,browsing
1567518813.014,483,343,None,Move,browsing
1567518813.028,481,338,None,Move,browsing
1567518813.04,479,334,None,Move,browsing
1567518813.053,477,331,None,Move,browsing
1567518813.065,476,329,None,Move,browsing
1567518813.0779998,475,326,None,Move,browsing
1567518813.09,473,325,None,Move,browsing
1567518813.103,472,323,None,Move,browsing
1567518813.1160002,471,322,None,Move,browsing
1567518813.129,471,321,None,Move,browsing
1567518813.141,471,321,None,Move,browsing
1567518813.254,472,314,None,Move,browsing
1567518813.2729998,473,305,None,Move,browsing
1567518813.292,473,296,None,Move,browsing
1567518813.311,473,287,None,Move,browsing
1567518813.335,473,279,None,Move,browsing
1567518813.345,472,273,None,Move,browsing
1567518813.3520002,471,268,None,Move,browsing
1567518813.359,470,263,None,Move,browsing
1567518813.365,470,260,None,Move,browsing
1567518813.3720002,470,256,None,Move,browsing
1567518813.379,469,253,None,Move,browsing
1567518813.3860002,469,249,None,Move,browsing
1567518813.393,468,246,None,Move,browsing
1567518813.4,468,243,None,Move,browsing
1567518813.409,468,242,None,Move,browsing
1567518813.417,467,238,None,Move,browsing
1567518813.425,467,236,None,Move,browsing
1567518813.4320002,467,232,None,Move,browsing
1567518813.44,467,229,None,Move,browsing
1567518813.447,467,227,None,Move,browsing
1567518813.4529998,467,224,None,Move,browsing
1567518813.461,467,222,None,Move,browsing
1567518813.467,467,220,None,Move,browsing
1567518813.475,466,217,None,Move,browsing
1567518813.482,466,217,None,Move,browsing
1567518813.49,466,215,None,Move,browsing
1567518813.4989998,466,214,None,Move,browsing
1567518813.5070002,466,212,None,Move,browsing
1567518813.514,466,211,None,Move,browsing
1567518813.522,466,210,None,Move,browsing
1567518813.53,466,208,None,Move,browsing
1567518813.5370002,466,207,None,Move,browsing
1567518813.544,466,205,None,Move,browsing
1567518813.55,466,203,None,Move,browsing
1567518813.5579998,466,200,None,Move,browsing
1567518813.566,466,198,None,Move,browsing
1567518813.573,466,197,None,Move,browsing
1567518813.58,466,195,None,Move,browsing
1567518813.5879998,466,194,None,Move,browsing
1567518813.596,466,191,None,Move,browsing
1567518813.603,466,190,None,Move,browsing
1567518813.611,466,189,None,Move,browsing
1567518813.619,466,187,None,Move,browsing
1567518813.627,466,185,None,Move,browsing
1567518813.633,466,184,None,Move,browsing
1567518813.6420002,466,183,None,Move,browsing
1567518813.649,466,181,None,Move,browsing
1567518813.656,466,180,None,Move,browsing
1567518813.663,466,179,None,Move,browsing
1567518813.67,466,178,None,Move,browsing
1567518813.678,466,177,None,Move,browsing
1567518813.686,466,176,None,Move,browsing
1567518813.6929998,466,176,None,Move,browsing
1567518813.701,466,175,None,Move,browsing
1567518813.709,466,175,None,Move,browsing
1567518813.715,466,174,None,Move,browsing
1567518813.7229998,466,174,None,Move,browsing
1567518813.73,466,173,None,Move,browsing
1567518813.829,466,174,None,Move,browsing
1567518813.8479998,465,176,None,Move,browsing
1567518813.867,464,178,None,Move,browsing
1567518813.887,463,181,None,Move,browsing
1567518813.909,462,183,None,Move,browsing
1567518813.928,462,185,None,Move,browsing
1567518813.94,461,186,None,Move,browsing
1567518813.9529998,460,188,None,Move,browsing
1567518813.965,459,190,None,Move,browsing
1567518813.978,459,191,None,Move,browsing
1567518813.99,458,193,None,Move,browsing
1567518814.0029998,458,194,None,Move,browsing
1567518814.0170002,457,195,None,Move,browsing
1567518814.03,457,196,None,Move,browsing
1567518814.043,457,197,None,Move,browsing
1567518814.055,456,198,None,Move,browsing
1567518814.0670002,456,199,None,Move,browsing
1567518814.081,455,200,None,Move,browsing
1567518814.094,455,201,None,Move,browsing
1567518814.106,454,201,None,Move,browsing
1567518814.119,454,202,None,Move,browsing
1567518814.13,454,203,None,Move,browsing
1567518814.143,453,204,None,Move,browsing
1567518814.156,453,205,None,Move,browsing
1567518814.168,453,206,None,Move,browsing
1567518814.181,453,206,None,Move,browsing
1567518814.1929998,452,207,None,Move,browsing
1567518814.205,452,207,None,Move,browsing
1567518814.218,452,208,None,Move,browsing
1567518814.23,452,208,None,Move,browsing
1567518814.242,452,209,None,Move,browsing
1567518814.255,452,209,None,Move,browsing
1567518814.268,452,210,None,Move,browsing
1567518814.28,452,210,None,Move,browsing
1567518814.291,452,211,None,Move,browsing
1567518814.3,452,210,None,Move,browsing
1567518814.309,452,210,None,Move,browsing
1567518814.32,452,209,None,Move,browsing
1567518814.33,452,208,None,Move,browsing
1567518814.34,452,207,None,Move,browsing
1567518814.349,452,207,None,Move,browsing
1567518814.3579998,453,206,None,Move,browsing
1567518814.367,453,205,None,Move,browsing
1567518814.377,454,204,None,Move,browsing
1567518814.3860002,454,203,None,Move,browsing
1567518814.396,455,202,None,Move,browsing
1567518814.405,455,201,None,Move,browsing
1567518814.414,456,200,None,Move,browsing
1567518814.424,456,199,None,Move,browsing
1567518814.4320002,456,199,None,Move,browsing
1567518814.44,457,198,None,Move,browsing
1567518814.447,457,198,None,Move,browsing
1567518814.456,457,197,None,Move,browsing
1567518814.464,457,197,None,Move,browsing
1567518814.472,457,196,None,Move,browsing
1567518814.48,457,196,None,Move,browsing
1567518814.488,457,196,None,Move,browsing
1567518814.495,457,195,None,Move,browsing
1567518814.5029998,457,195,None,Move,browsing
1567518814.5110002,457,195,None,Move,browsing
1567518814.519,457,194,None,Move,browsing
1567518814.5270002,457,194,None,Move,browsing
1567518814.535,457,194,None,Move,browsing
1567518814.543,457,193,None,Move,browsing
1567518814.551,457,193,None,Move,browsing
1567518814.559,457,193,None,Move,browsing
1567518814.566,457,192,None,Move,browsing
1567518814.574,457,192,None,Move,browsing
1567518814.581,457,192,None,Move,browsing
1567518814.606,457,192,Left,Pressed,browsing
1567518814.746,457,192,Left,Released,browsing
1567518815.04,460,207,None,Move,browsing
1567518815.059,463,229,None,Move,browsing
1567518815.079,465,250,None,Move,browsing
1567518815.096,466,269,None,Move,browsing
1567518815.104,468,283,None,Move,browsing
1567518815.11,469,295,None,Move,browsing
1567518815.115,470,306,None,Move,browsing
1567518815.123,470,317,None,Move,browsing
1567518815.129,471,329,None,Move,browsing
1567518815.135,472,339,None,Move,browsing
1567518815.1420002,473,349,None,Move,browsing
1567518815.1479998,474,359,None,Move,browsing
1567518815.155,475,372,None,Move,browsing
1567518815.161,475,385,None,Move,browsing
1567518815.166,475,399,None,Move,browsing
1567518815.174,476,414,None,Move,browsing
1567518815.18,477,428,None,Move,browsing
1567518815.187,478,441,None,Move,browsing
1567518815.195,478,453,None,Move,browsing
1567518815.201,478,464,None,Move,browsing
1567518815.207,478,475,None,Move,browsing
1567518815.212,479,486,None,Move,browsing
1567518815.219,479,494,None,Move,browsing
1567518815.226,479,501,None,Move,browsing
1567518815.232,479,506,None,Move,browsing
1567518815.2389998,479,510,None,Move,browsing
1567518815.244,478,514,None,Move,browsing
1567518815.25,477,518,None,Move,browsing
1567518815.258,475,522,None,Move,browsing
1567518815.265,474,525,None,Move,browsing
1567518815.272,472,528,None,Move,browsing
1567518815.278,470,530,None,Move,browsing
1567518816.725,458,537,None,Move,browsing
1567518816.746,438,549,None,Move,browsing
1567518816.766,407,573,None,Move,browsing
1567518816.776,375,598,None,Move,browsing
1567518816.783,355,613,None,Move,browsing
1567518816.791,340,626,None,Move,browsing
1567518816.796,325,638,None,Move,browsing
1567518816.802,313,650,None,Move,browsing
1567518816.809,303,659,None,Move,browsing
1567518816.814,293,667,None,Move,browsing
1567518816.82,285,673,None,Move,browsing
1567518816.825,279,678,None,Move,browsing
1567518816.83,274,683,None,Move,browsing
1567518816.837,270,687,None,Move,browsing
1567518816.842,267,691,None,Move,browsing
1567518816.8479998,265,693,None,Move,browsing
1567518816.853,263,695,None,Move,browsing
1567518816.8579998,263,696,None,Move,browsing
1567518816.863,262,696,None,Move,browsing
1567518816.914,262,697,None,Move,browsing
1567518816.935,262,697,None,Move,browsing
1567518816.954,262,698,None,Move,browsing
1567518816.9770002,260,699,None,Move,browsing
1567518817.23,261,698,None,Move,browsing
1567518817.2510002,263,697,None,Move,browsing
1567518817.272,266,695,None,Move,browsing
1567518817.29,271,693,None,Move,browsing
1567518817.306,279,691,None,Move,browsing
1567518817.315,291,687,None,Move,browsing
1567518817.324,309,683,None,Move,browsing
1567518817.33,331,679,None,Move,browsing
1567518817.337,352,676,None,Move,browsing
1567518817.343,369,674,None,Move,browsing
1567518817.3479998,385,673,None,Move,browsing
1567518817.353,399,672,None,Move,browsing
1567518817.359,413,672,None,Move,browsing
1567518817.365,426,672,None,Move,browsing
1567518817.371,438,672,None,Move,browsing
1567518817.377,448,673,None,Move,browsing
1567518817.383,458,675,None,Move,browsing
1567518817.39,466,677,None,Move,browsing
1567518817.395,472,678,None,Move,browsing
1567518817.401,478,680,None,Move,browsing
1567518817.406,483,681,None,Move,browsing
1567518817.4120002,487,682,None,Move,browsing
1567518817.419,490,683,None,Move,browsing
1567518817.425,493,684,None,Move,browsing
1567518817.43,495,685,None,Move,browsing
1567518817.437,496,685,None,Move,browsing
1567518817.444,497,685,None,Move,browsing
1567518817.449,497,685,None,Move,browsing
1567518817.455,498,685,None,Move,browsing
1567518817.461,498,685,None,Move,browsing
1567518817.466,499,685,None,Move,browsing
1567518825.479,493,681,None,Move,browsing
1567518825.4989998,486,672,None,Move,browsing
1567518825.519,474,660,None,Move,browsing
1567518825.5370002,461,648,None,Move,browsing
1567518825.555,450,638,None,Move,browsing
1567518825.566,441,630,None,Move,browsing
1567518825.576,433,622,None,Move,browsing
1567518825.586,426,614,None,Move,browsing
1567518825.597,418,607,None,Move,browsing
1567518825.607,411,601,None,Move,browsing
1567518825.617,404,597,None,Move,browsing
1567518825.627,399,593,None,Move,browsing
1567518825.6360002,395,591,None,Move,browsing
1567518825.646,393,589,None,Move,browsing
1567518825.656,391,588,None,Move,browsing
1567518825.667,389,587,None,Move,browsing
1567518825.677,389,587,None,Move,browsing
1567518825.687,388,586,None,Move,browsing
1567518825.696,388,586,None,Move,browsing
1567518825.706,387,586,None,Move,browsing
1567518825.715,387,586,Left,Pressed,browsing
1567518825.7729998,387,586,Left,Released,browsing
1567518826.347,388,585,None,Move,browsing
1567518826.37,391,584,None,Move,browsing
1567518826.396,396,581,None,Move,browsing
1567518826.42,403,577,None,Move,browsing
1567518826.4429998,413,570,None,Move,browsing
1567518826.4629998,425,561,None,Move,browsing
1567518826.4870002,436,552,None,Move,browsing
1567518826.514,449,541,None,Move,browsing
1567518826.535,460,531,None,Move,browsing
1567518826.556,470,523,None,Move,browsing
1567518826.577,479,515,None,Move,browsing
1567518826.601,488,507,None,Move,browsing
1567518826.621,497,500,None,Move,browsing
1567518826.641,506,493,None,Move,browsing
1567518826.663,515,485,None,Move,browsing
1567518826.6820002,522,479,None,Move,browsing
1567518826.702,529,473,None,Move,browsing
1567518826.722,535,468,None,Move,browsing
1567518826.742,541,462,None,Move,browsing
1567518826.766,546,458,None,Move,browsing
1567518826.783,550,454,None,Move,browsing
1567518826.803,553,451,None,Move,browsing
1567518826.823,557,448,None,Move,browsing
1567518826.843,560,446,None,Move,browsing
1567518826.8620002,562,444,None,Move,browsing
1567518826.883,563,443,None,Move,browsing
1567518826.904,565,442,None,Move,browsing
1567518826.923,566,441,None,Move,browsing
1567518826.947,567,440,None,Move,browsing
1567518826.969,567,440,None,Move,browsing
1567518826.9889998,568,439,None,Move,browsing
1567518827.0089998,568,439,None,Move,browsing
1567518827.03,570,435,None,Move,browsing
1567518827.049,572,431,None,Move,browsing
1567518827.07,574,427,None,Move,browsing
1567518827.092,576,422,None,Move,browsing
1567518827.111,578,417,None,Move,browsing
1567518827.13,580,412,None,Move,browsing
1567518827.15,583,408,None,Move,browsing
1567518827.17,587,403,None,Move,browsing
1567518827.189,592,398,None,Move,browsing
1567518827.21,597,395,None,Move,browsing
1567518827.225,601,392,None,Move,browsing
1567518827.235,604,391,None,Move,browsing
1567518827.245,607,389,None,Move,browsing
1567518827.255,609,388,None,Move,browsing
1567518827.265,612,387,None,Move,browsing
1567518827.274,613,386,None,Move,browsing
1567518827.285,615,386,None,Move,browsing
1567518827.298,616,385,None,Move,browsing
1567518827.3079998,617,385,None,Move,browsing
1567518827.321,617,385,None,Move,browsing
1567518827.331,618,385,None,Move,browsing
1567518827.34,619,385,None,Move,browsing
1567518827.349,620,385,None,Move,browsing
1567518827.357,620,385,None,Move,browsing
1567518827.3660002,621,385,None,Move,browsing
1567518827.3739998,621,385,None,Move,browsing
1567518827.3820002,637,391,None,Move,browsing
1567518827.391,659,407,None,Move,browsing
1567518827.4,679,428,None,Move,browsing
1567518827.407,694,447,None,Move,browsing
1567518827.415,706,469,None,Move,browsing
1567518827.423,715,490,None,Move,browsing
1567518827.4320002,724,512,None,Move,browsing
1567518827.439,730,530,None,Move,browsing
1567518827.447,736,548,None,Move,browsing
1567518827.455,740,565,None,Move,browsing
1567518827.464,744,581,None,Move,browsing
1567518827.471,747,598,None,Move,browsing
1567518827.481,750,614,None,Move,browsing
1567518827.488,751,626,None,Move,browsing
1567518827.496,752,638,None,Move,browsing
1567518827.504,753,647,None,Move,browsing
1567518827.5129998,754,652,None,Move,browsing
1567518827.521,754,657,None,Move,browsing
1567518827.53,754,662,None,Move,browsing
1567518827.538,754,665,None,Move,browsing
1567518827.546,754,668,None,Move,browsing
1567518827.553,753,670,None,Move,browsing
1567518827.562,752,672,None,Move,browsing
1567518827.57,751,674,None,Move,browsing
1567518827.5779998,749,676,None,Move,browsing
1567518827.586,746,678,None,Move,browsing
1567518827.6360002,764,681,None,Move,browsing
1567518827.653,784,688,None,Move,browsing
1567518827.6720002,803,699,None,Move,browsing
1567518827.69,819,713,None,Move,browsing
1567518827.706,830,724,None,Move,browsing
1567518827.7229998,839,736,None,Move,browsing
1567518827.738,846,750,None,Move,browsing
1567518827.7470002,852,763,None,Move,browsing
1567518827.756,856,774,None,Move,browsing
1567518827.766,860,784,None,Move,browsing
1567518827.775,861,791,None,Move,browsing
1567518827.783,863,796,None,Move,browsing
1567518827.792,864,801,None,Move,browsing
1567518827.8,865,805,None,Move,browsing
1567518827.809,865,807,None,Move,browsing
1567518827.819,866,809,None,Move,browsing
1567518827.8279998,866,810,None,Move,browsing
1567518827.837,866,811,None,Move,browsing
1567518827.847,866,811,None,Move,browsing
1567518827.8739998,867,811,None,Move,browsing
1567518827.891,867,812,None,Move,browsing
1567518827.909,868,812,None,Move,browsing
1567518827.925,868,812,None,Move,browsing
1567518827.9429998,868,813,None,Move,browsing
1567518827.959,869,813,None,Move,browsing
1567518827.975,871,814,None,Move,browsing
1567518827.994,873,815,None,Move,browsing
1567518828.0129998,877,817,None,Move,browsing
1567518828.03,880,819,None,Move,browsing
1567518828.0470002,884,821,None,Move,browsing
1567518828.064,887,823,None,Move,browsing
1567518828.076,890,824,None,Move,browsing
1567518828.085,893,825,None,Move,browsing
1567518828.095,895,827,None,Move,browsing
1567518828.104,898,829,None,Move,browsing
1567518828.113,900,830,None,Move,browsing
1567518828.13,903,832,None,Move,browsing
1567518828.147,906,835,None,Move,browsing
1567518828.154,908,836,None,Move,browsing
1567518828.1620002,911,839,None,Move,browsing
1567518828.17,914,841,None,Move,browsing
1567518828.18,916,843,None,Move,browsing
1567518828.186,918,845,None,Move,browsing
1567518828.1920002,920,847,None,Move,browsing
1567518828.198,921,848,None,Move,browsing
1567518828.2029998,922,848,None,Move,browsing
1567518828.212,923,849,None,Move,browsing
1567518828.217,923,850,None,Move,browsing
1567518828.222,924,850,None,Move,browsing
1567518828.23,924,850,None,Move,browsing
1567518828.236,925,851,None,Move,browsing
1567518828.245,925,851,None,Move,browsing
1567518828.252,925,851,Left,Pressed,browsing
1567518828.28,925,851,Left,Released,browsing
1567518829.184,918,851,None,Move,browsing
1567518829.208,910,850,None,Move,browsing
1567518829.2329998,901,848,None,Move,browsing
1567518829.2529998,894,847,None,Move,browsing
1567518829.272,888,846,None,Move,browsing
1567518829.292,882,844,None,Move,browsing
1567518829.314,875,842,None,Move,browsing
1567518829.335,868,840,None,Move,browsing
1567518829.354,858,838,None,Move,browsing
1567518830.3170002,853,841,None,Move,browsing
1567518830.335,846,844,None,Move,browsing
1567518830.353,840,849,None,Move,browsing
1567518830.3760002,832,854,None,Move,browsing
1567518830.387,824,859,None,Move,browsing
1567518830.395,813,865,None,Move,browsing
1567518830.401,799,873,None,Move,browsing
1567518830.408,787,879,None,Move,browsing
1567518830.415,777,885,None,Move,browsing
1567518830.4220002,769,889,None,Move,browsing
1567518830.428,763,892,None,Move,browsing
1567518830.435,757,895,None,Move,browsing
1567518830.4420002,751,898,None,Move,browsing
1567518830.449,746,900,None,Move,browsing
1567518830.455,741,902,None,Move,browsing
1567518830.462,737,904,None,Move,browsing
1567518830.468,734,905,None,Move,browsing
1567518830.476,732,906,None,Move,browsing
1567518830.482,730,906,None,Move,browsing
1567518830.4889998,728,907,None,Move,browsing
1567518830.4970002,728,907,None,Move,browsing
1567518830.5029998,727,907,None,Move,browsing
1567518830.51,727,907,None,Move,browsing
1567518830.516,727,907,None,Move,browsing
1567518830.5229998,726,907,None,Move,browsing
1567518830.532,726,907,None,Move,browsing
1567518830.541,726,907,Left,Pressed,browsing
1567518830.654,726,907,Left,Released,browsing
1567518834.6360002,729,899,None,Move,browsing
1567518834.655,733,889,None,Move,browsing
1567518834.676,738,875,None,Move,browsing
1567518834.696,743,861,None,Move,browsing
1567518834.707,749,843,None,Move,browsing
1567518834.716,754,825,None,Move,browsing
1567518834.725,759,807,None,Move,browsing
1567518834.734,765,789,None,Move,browsing
1567518834.744,773,769,None,Move,browsing
1567518834.752,780,751,None,Move,browsing
1567518834.7610002,789,733,None,Move,browsing
1567518834.768,798,715,None,Move,browsing
1567518834.7770002,806,697,None,Move,browsing
1567518834.785,814,679,None,Move,browsing
1567518834.795,821,663,None,Move,browsing
1567518834.803,828,647,None,Move,browsing
1567518834.811,835,634,None,Move,browsing
1567518834.819,841,622,None,Move,browsing
1567518834.827,847,613,None,Move,browsing
1567518834.835,852,605,None,Move,browsing
1567518834.843,856,600,None,Move,browsing
1567518834.851,858,596,None,Move,browsing
1567518834.86,860,593,None,Move,browsing
1567518834.867,861,592,None,Move,browsing
1567518834.875,861,591,None,Move,browsing
1567518835.084,863,582,None,Move,browsing
1567518835.105,865,575,None,Move,browsing
1567518835.125,866,566,None,Move,browsing
1567518835.1420002,868,555,None,Move,browsing
1567518835.153,871,545,None,Move,browsing
1567518835.164,873,535,None,Move,browsing
1567518835.174,876,529,None,Move,browsing
1567518835.1829998,878,521,None,Move,browsing
1567518835.194,882,515,None,Move,browsing
1567518835.2029998,885,506,None,Move,browsing
1567518835.2129998,887,499,None,Move,browsing
1567518835.225,889,494,None,Move,browsing
1567518835.234,890,489,None,Move,browsing
1567518835.244,891,484,None,Move,browsing
1567518835.254,892,481,None,Move,browsing
1567518835.264,892,479,None,Move,browsing
1567518835.274,892,476,None,Move,browsing
1567518835.284,893,474,None,Move,browsing
1567518835.296,893,474,None,Move,browsing
1567518835.3070002,893,473,None,Move,browsing
1567518835.3170002,893,473,None,Move,browsing
1567518835.327,893,473,None,Move,browsing
1567518835.337,893,471,None,Move,browsing
1567518835.345,893,471,None,Move,browsing
1567518835.355,894,469,None,Move,browsing
1567518835.3639998,894,469,Left,Pressed,browsing
1567518835.3839998,894,469,Left,Released,browsing
1567518836.3579998,891,462,None,Move,browsing
1567518836.3820002,888,453,None,Move,browsing
1567518836.404,884,443,None,Move,browsing
1567518836.427,880,432,None,Move,browsing
1567518836.45,873,419,None,Move,browsing
1567518836.471,862,401,None,Move,browsing
1567518836.492,852,385,None,Move,browsing
1567518836.516,841,368,None,Move,browsing
1567518836.5370002,832,350,None,Move,browsing
1567518836.5570002,823,331,None,Move,browsing
1567518836.577,812,313,None,Move,browsing
1567518836.601,799,293,None,Move,browsing
1567518836.6239998,786,274,None,Move,browsing
1567518836.645,776,258,None,Move,browsing
1567518836.667,767,247,None,Move,browsing
1567518836.688,760,237,None,Move,browsing
1567518836.708,753,229,None,Move,browsing
1567518836.729,748,223,None,Move,browsing
1567518836.752,744,219,None,Move,browsing
1567518836.774,742,217,None,Move,browsing
1567518836.795,740,215,None,Move,browsing
1567518836.814,738,214,None,Move,browsing
1567518836.836,738,214,None,Move,browsing
1567518836.86,734,215,None,Move,browsing
1567518836.88,729,215,None,Move,browsing
1567518836.9020002,723,215,None,Move,browsing
1567518836.926,713,216,None,Move,browsing
1567518836.947,702,217,None,Move,browsing
1567518836.97,691,218,None,Move,browsing
1567518836.9929998,684,219,None,Move,browsing
1567518837.0129998,677,220,None,Move,browsing
1567518837.035,672,221,None,Move,browsing
1567518837.059,668,222,None,Move,browsing
1567518837.081,663,223,None,Move,browsing
1567518837.109,658,224,None,Move,browsing
1567518837.13,654,225,None,Move,browsing
1567518837.154,649,226,None,Move,browsing
1567518837.178,645,226,None,Move,browsing
1567518837.201,641,227,None,Move,browsing
1567518837.221,637,228,None,Move,browsing
1567518837.2410002,634,229,None,Move,browsing
1567518837.264,632,230,None,Move,browsing
1567518837.286,630,230,None,Move,browsing
1567518837.31,628,231,None,Move,browsing
1567518837.333,626,231,None,Move,browsing
1567518837.357,625,231,None,Move,browsing
1567518837.377,625,231,None,Move,browsing
1567518837.3979998,624,231,None,Move,browsing
1567518837.419,623,231,None,Move,browsing
1567518837.444,622,231,None,Move,browsing
1567518837.468,621,231,None,Move,browsing
1567518837.492,620,231,None,Move,browsing
1567518837.514,619,231,None,Move,browsing
1567518837.54,618,231,None,Move,browsing
1567518837.564,617,231,None,Move,browsing
1567518837.585,616,232,None,Move,browsing
1567518837.61,615,232,None,Move,browsing
1567518837.63,614,232,None,Move,browsing
1567518837.651,612,232,None,Move,browsing
1567518837.674,610,232,None,Move,browsing
1567518837.695,606,233,None,Move,browsing
1567518837.717,603,233,None,Move,browsing
1567518837.742,600,233,None,Move,browsing
1567518837.764,598,233,None,Move,browsing
1567518837.789,596,233,None,Move,browsing
1567518837.811,595,233,None,Move,browsing
1567518837.833,594,233,None,Move,browsing
1567518837.859,593,233,None,Move,browsing
1567518837.881,592,233,None,Move,browsing
1567518837.9020002,591,233,None,Move,browsing
1567518837.924,590,232,None,Move,browsing
1567518837.947,590,232,None,Move,browsing
1567518837.97,590,231,None,Move,browsing
1567518837.992,589,231,None,Move,browsing
1567518838.012,589,231,None,Move,browsing
1567518838.033,588,230,None,Move,browsing
1567518838.051,588,230,None,Move,browsing
1567518838.073,588,229,None,Move,browsing
1567518838.095,588,228,None,Move,browsing
1567518838.115,588,227,None,Move,browsing
1567518838.135,589,225,None,Move,browsing
1567518838.157,591,224,None,Move,browsing
1567518838.179,591,223,None,Move,browsing
1567518838.202,592,222,None,Move,browsing
1567518838.228,594,221,None,Move,browsing
1567518838.2510002,595,220,None,Move,browsing
1567518838.274,596,219,None,Move,browsing
1567518838.295,598,218,None,Move,browsing
1567518838.3179998,599,217,None,Move,browsing
1567518838.343,600,216,None,Move,browsing
1567518838.367,601,215,None,Move,browsing
1567518838.379,601,215,None,Move,browsing
1567518838.389,602,214,None,Move,browsing
1567518838.397,603,213,None,Move,browsing
1567518838.405,605,212,None,Move,browsing
1567518838.4120002,606,211,None,Move,browsing
1567518838.419,607,210,None,Move,browsing
1567518838.425,609,209,None,Move,browsing
1567518838.431,610,208,None,Move,browsing
1567518838.44,611,208,None,Move,browsing
1567518838.446,612,207,None,Move,browsing
1567518838.4529998,613,206,None,Move,browsing
1567518838.461,614,205,None,Move,browsing
1567518838.47,615,205,None,Move,browsing
1567518838.475,616,204,None,Move,browsing
1567518838.481,617,203,None,Move,browsing
1567518838.4889998,618,202,None,Move,browsing
1567518838.494,619,201,None,Move,browsing
1567518838.5,620,200,None,Move,browsing
1567518838.5070002,621,200,None,Move,browsing
1567518838.512,622,199,None,Move,browsing
1567518838.522,624,198,None,Move,browsing
1567518838.528,625,197,None,Move,browsing
1567518838.534,626,197,None,Move,browsing
1567518838.54,627,196,None,Move,browsing
1567518838.546,628,196,None,Move,browsing
1567518838.552,629,195,None,Move,browsing
1567518838.5579998,630,195,None,Move,browsing
1567518838.563,631,194,None,Move,browsing
1567518838.57,631,194,None,Move,browsing
1567518838.575,632,194,None,Move,browsing
1567518838.58,632,193,None,Move,browsing
1567518838.586,632,193,None,Move,browsing
1567518838.591,633,192,None,Move,browsing
1567518838.597,633,192,None,Move,browsing
1567518838.603,633,192,None,Move,browsing
1567518838.609,632,192,None,Move,browsing
1567518838.6139998,631,192,None,Move,browsing
1567518838.619,631,192,None,Move,browsing
1567518838.625,629,192,None,Move,browsing
1567518838.63,628,192,None,Move,browsing
1567518838.6360002,627,193,None,Move,browsing
1567518838.6420002,626,193,None,Move,browsing
1567518838.647,626,194,None,Move,browsing
1567518838.653,625,194,None,Move,browsing
1567518838.659,624,194,None,Move,browsing
1567518838.665,623,195,None,Move,browsing
1567518838.671,622,195,None,Move,browsing
1567518838.676,621,196,None,Move,browsing
1567518838.6820002,620,196,None,Move,browsing
1567518838.689,620,196,None,Move,browsing
1567518838.694,619,197,None,Move,browsing
1567518838.701,618,197,None,Move,browsing
1567518838.709,618,198,None,Move,browsing
1567518838.716,617,198,None,Move,browsing
1567518838.722,617,199,None,Move,browsing
1567518838.729,616,199,None,Move,browsing
1567518838.736,616,200,None,Move,browsing
1567518838.7429998,615,200,None,Move,browsing
1567518838.75,615,200,None,Move,browsing
1567518838.7570002,615,201,None,Move,browsing
1567518838.7629998,614,201,None,Move,browsing
1567518838.77,614,202,None,Move,browsing
1567518838.775,613,202,None,Move,browsing
1567518838.781,613,202,Left,Pressed,browsing
1567518838.788,613,202,Left,Released,browsing
1567518838.794,613,217,None,Move,browsing
1567518838.801,613,240,None,Move,browsing
1567518838.8079998,615,264,None,Move,browsing
1567518838.814,616,285,None,Move,browsing
1567518838.822,617,302,None,Move,browsing
1567518838.8279998,619,318,None,Move,browsing
1567518838.835,621,333,None,Move,browsing
1567518838.841,623,349,None,Move,browsing
1567518838.8479998,625,362,None,Move,browsing
1567518838.855,627,375,None,Move,browsing
1567518838.861,629,387,None,Move,browsing
1567518838.867,631,399,None,Move,browsing
1567518838.873,633,410,None,Move,browsing
1567518838.879,635,420,None,Move,browsing
1567518838.8860002,637,431,None,Move,browsing
1567518838.8920002,639,442,None,Move,browsing
1567518838.8979998,641,451,None,Move,browsing
1567518838.905,642,460,None,Move,browsing
1567518838.911,643,468,None,Move,browsing
1567518838.917,644,475,None,Move,browsing
1567518838.923,645,480,None,Move,browsing
1567518838.929,645,485,None,Move,browsing
1567518838.936,645,489,None,Move,browsing
1567518838.9420002,645,492,None,Move,browsing
1567518838.948,646,494,None,Move,browsing
1567518838.955,646,496,None,Move,browsing
1567518838.961,646,498,None,Move,browsing
1567518838.967,645,500,None,Move,browsing
1567518838.9729998,644,501,None,Move,browsing
