client_timestamp,x,y,button,state,window
1569572789.877,985,207,None,Move,browsing
1569572789.8839998,983,238,None,Move,browsing
1569572789.893,981,293,None,Move,browsing
1569572789.9,979,328,None,Move,browsing
1569572789.908,977,379,None,Move,browsing
1569572789.915,975,414,None,Move,browsing
1569572789.9220002,973,449,None,Move,browsing
1569572789.93,971,484,None,Move,browsing
1569572789.937,971,511,None,Move,browsing
1569572789.944,971,532,None,Move,browsing
1569572789.952,971,552,None,Move,browsing
1569572789.96,968,567,None,Move,browsing
1569572789.967,968,581,None,Move,browsing
1569572789.975,968,592,None,Move,browsing
1569572789.982,967,601,None,Move,browsing
1569572789.99,967,608,None,Move,browsing
1569572789.998,967,611,None,Move,browsing
1569572790.005,966,614,None,Move,browsing
1569572790.012,966,617,None,Move,browsing
1569572790.019,966,618,None,Move,browsing
1569572790.026,966,618,None,Move,browsing
1569572790.034,966,619,None,Move,browsing
1569572827.7670002,988,604,None,Move,browsing
1569572827.774,1031,577,None,Move,browsing
1569572827.782,1068,555,None,Move,browsing
1569572827.79,1102,532,None,Move,browsing
1569572827.7970002,1145,509,None,Move,browsing
1569572827.804,1194,486,None,Move,browsing
1569572827.812,1227,467,None,Move,browsing
1569572827.819,1270,447,None,Move,browsing
1569572827.827,1315,429,None,Move,browsing
1569572827.835,1357,413,None,Move,browsing
1569572827.842,1392,399,None,Move,browsing
1569572827.85,1439,385,None,Move,browsing
1569572827.857,1477,373,None,Move,browsing
1569572827.8639998,1512,361,None,Move,browsing
1569572827.8720002,1545,353,None,Move,browsing
1569572827.879,1574,349,None,Move,browsing
1569572827.887,1596,346,None,Move,browsing
1569572827.895,1612,343,None,Move,browsing
1569572827.9020002,1630,342,None,Move,browsing
1569572827.909,1648,340,None,Move,browsing
1569572827.917,1671,339,None,Move,browsing
1569572827.925,1681,339,None,Move,browsing
1569572827.9320002,1692,338,None,Move,browsing
1569572827.94,1708,336,None,Move,browsing
1569572827.947,1722,333,None,Move,browsing
1569572827.954,1736,328,None,Move,browsing
1569572827.962,1744,325,None,Move,browsing
1569572827.972,1753,323,None,Move,browsing
1569572827.978,1783,253,None,Move,browsing
1569572827.9829998,1821,157,None,Move,browsing
1569572827.9929998,1797,277,None,Move,browsing
1569572828.008,1797,277,None,Move,browsing
1569572828.015,1797,277,None,Move,browsing
1569572828.03,1798,277,None,Move,browsing
1569572828.0370002,1799,276,None,Move,browsing
1569572828.045,1799,275,None,Move,browsing
1569572828.053,1800,272,None,Move,browsing
1569572828.06,1803,266,None,Move,browsing
1569572828.075,1803,248,None,Move,browsing
1569572828.083,1803,246,None,Move,browsing
1569572828.09,1800,236,None,Move,browsing
1569572828.097,1798,227,None,Move,browsing
1569572828.105,1795,220,None,Move,browsing
1569572828.1120002,1793,213,None,Move,browsing
1569572828.1179998,1790,209,None,Move,browsing
1569572828.127,1792,212,None,Move,browsing
1569572828.135,1772,175,None,Move,browsing
1569572828.1420002,1769,170,None,Move,browsing
1569572828.15,1762,160,None,Move,browsing
1569572828.158,1754,150,None,Move,browsing
1569572828.165,1746,139,None,Move,browsing
1569572828.1720002,1738,132,None,Move,browsing
1569572828.508,1738,131,None,Move,browsing
1569572828.516,1737,127,None,Move,browsing
1569572828.524,1736,125,None,Move,browsing
1569572828.536,1736,124,None,Move,browsing
1569572828.606,1736,124,None,Move,browsing
1569572828.6179998,1737,125,None,Move,browsing
1569572828.696,1737,125,None,Move,browsing
1569572828.718,1737,126,None,Move,browsing
1569572828.726,1739,131,None,Move,browsing
1569572828.734,1740,135,None,Move,browsing
1569572828.742,1740,136,None,Move,browsing
1569572828.762,1741,136,None,Move,browsing
1569572828.77,1742,134,None,Move,browsing
1569572828.776,1743,127,None,Move,browsing
1569572828.784,1744,120,None,Move,browsing
1569572828.791,1745,113,None,Move,browsing
1569572828.8,1747,103,None,Move,browsing
1569572828.8070002,1748,96,None,Move,browsing
1569572828.816,1750,86,None,Move,browsing
1569572828.824,1753,75,None,Move,browsing
1569572828.832,1756,65,None,Move,browsing
1569572828.84,1760,53,None,Move,browsing
1569572828.8479998,1764,42,None,Move,browsing
1569572828.856,1766,34,None,Move,browsing
1569572828.861,1769,25,None,Move,browsing
1569572828.87,1771,18,None,Move,browsing
1569572828.8779998,1773,12,None,Move,browsing
1569572828.8860002,1776,6,None,Move,browsing
1569572828.893,1776,5,None,Move,browsing
1569572828.9020002,1776,3,None,Move,browsing
1569572828.91,1776,1,None,Move,browsing
1569572828.918,1776,1,None,Move,browsing
1569572829.022,1776,1,None,Move,browsing
1569572829.03,1776,1,None,Move,browsing
1569572829.042,1776,2,None,Move,browsing
1569572831.146,1776,2,Left,Pressed,browsing
1569572831.29,1776,2,Left,Released,browsing
1569572831.492,1775,4,None,Move,office
1569572831.5,1765,14,None,Move,office
1569572831.508,1755,22,None,Move,office
1569572831.516,1742,32,None,Move,office
1569572831.5229998,1728,43,None,Move,office
1569572831.531,1704,58,None,Move,office
1569572831.54,1675,73,None,Move,office
1569572831.548,1642,92,None,Move,office
1569572831.556,1597,125,None,Move,office
1569572831.562,1544,156,None,Move,office
1569572831.57,1493,190,None,Move,office
1569572831.577,1445,224,None,Move,office
1569572831.586,1404,256,None,Move,office
1569572831.594,1356,292,None,Move,office
1569572831.6020002,1308,322,None,Move,office
1569572831.61,1261,358,None,Move,office
1569572831.6179998,1206,398,None,Move,office
1569572831.6260002,1158,431,None,Move,office
1569572831.633,1127,457,None,Move,office
1569572831.64,1092,483,None,Move,office
1569572831.6479998,1051,512,None,Move,office
1569572831.656,1015,546,None,Move,office
1569572831.664,984,571,None,Move,office
1569572831.6720002,956,593,None,Move,office
1569572831.68,934,611,None,Move,office
1569572831.688,919,623,None,Move,office
1569572831.696,908,634,None,Move,office
1569572831.704,897,645,None,Move,office
1569572831.712,886,656,None,Move,office
1569572831.718,878,670,None,Move,office
1569572831.726,868,684,None,Move,office
1569572831.734,860,695,None,Move,office
1569572831.742,852,709,None,Move,office
1569572831.75,845,720,None,Move,office
1569572831.758,840,730,None,Move,office
1569572831.766,836,741,None,Move,office
1569572831.7729998,829,751,None,Move,office
1569572831.781,824,760,None,Move,office
1569572831.789,820,771,None,Move,office
1569572831.796,816,778,None,Move,office
1569572831.804,814,786,None,Move,office
1569572831.812,813,793,None,Move,office
1569572831.82,813,798,None,Move,office
1569572831.8279998,813,802,None,Move,office
1569572831.836,814,804,None,Move,office
1569572831.844,814,806,None,Move,office
1569572831.8520002,815,809,None,Move,office
1569572831.861,816,814,None,Move,office
1569572831.867,816,819,None,Move,office
1569572831.873,815,828,None,Move,office
1569572831.8820002,812,837,None,Move,office
1569572831.889,808,846,None,Move,office
1569572831.8979998,803,856,None,Move,office
1569572831.906,794,867,None,Move,office
1569572831.914,785,878,None,Move,office
1569572831.9220002,778,884,None,Move,office
1569572831.93,772,887,None,Move,office
1569572831.938,769,887,None,Move,office
1569572831.946,768,888,None,Move,office
1569572832.1239998,768,888,None,Move,office
1569572832.1320002,771,888,None,Move,office
1569572832.14,775,886,None,Move,office
1569572832.1479998,777,881,None,Move,office
1569572832.156,778,881,None,Move,office
1569572832.179,778,881,None,Move,office
1569572832.188,780,879,None,Move,office
1569572832.194,782,877,None,Move,office
1569572832.202,783,876,None,Move,office
1569572832.21,783,876,None,Move,office
1569572832.218,782,876,None,Move,office
1569572832.226,779,876,None,Move,office
1569572832.234,775,876,None,Move,office
1569572832.242,772,876,None,Move,office
1569572832.25,769,876,None,Move,office
1569572832.258,766,876,None,Move,office
1569572832.266,763,875,None,Move,office
1569572832.272,759,874,None,Move,office
1569572832.28,757,872,None,Move,office
1569572832.288,754,871,None,Move,office
1569572832.296,751,869,None,Move,office
1569572832.304,749,867,None,Move,office
1569572832.312,745,865,None,Move,office
1569572832.32,741,862,None,Move,office
1569572832.3279998,737,859,None,Move,office
1569572832.336,731,855,None,Move,office
1569572832.342,726,851,None,Move,office
1569572832.35,720,845,None,Move,office
1569572832.3579998,715,837,None,Move,office
1569572832.3660002,708,828,None,Move,office
1569572832.3739998,703,820,None,Move,office
1569572832.3820002,700,813,None,Move,office
1569572832.39,696,806,None,Move,office
1569572832.3979998,694,798,None,Move,office
1569572832.406,691,791,None,Move,office
1569572832.414,689,784,None,Move,office
1569572832.4220002,686,777,None,Move,office
1569572832.428,684,770,None,Move,office
1569572832.435,682,762,None,Move,office
1569572832.444,681,757,None,Move,office
1569572832.452,681,752,None,Move,office
1569572832.46,680,748,None,Move,office
1569572832.468,679,744,None,Move,office
1569572832.476,678,742,None,Move,office
1569572832.484,677,741,None,Move,office
1569572832.4910002,677,739,None,Move,office
1569572832.5,676,737,None,Move,office
1569572832.506,675,737,None,Move,office
1569572832.514,675,736,None,Move,office
1569572832.522,675,736,None,Move,office
1569572832.714,675,736,Left,Pressed,office
1569572832.834,675,736,Left,Released,office
1569572832.8860002,675,736,None,Move,office
1569572832.899,675,735,None,Move,office
1569572833.448,676,735,None,Move,office
1569572833.456,680,735,None,Move,office
1569572833.462,687,735,None,Move,office
1569572833.47,696,736,None,Move,office
1569572833.478,708,736,None,Move,office
1569572833.486,724,736,None,Move,office
1569572833.494,742,738,None,Move,office
1569572833.502,766,739,None,Move,office
1569572833.51,794,741,None,Move,office
1569572833.518,812,741,None,Move,office
1569572833.526,835,742,None,Move,office
1569572833.534,863,744,None,Move,office
1569572833.54,886,747,None,Move,office
1569572833.548,902,749,None,Move,office
1569572833.556,919,750,None,Move,office
1569572833.564,929,752,None,Move,office
1569572833.572,936,753,None,Move,office
1569572833.58,940,755,None,Move,office
1569572833.5879998,942,756,None,Move,office
1569572833.6,942,756,None,Move,office
1569572833.6079998,939,759,None,Move,office
1569572833.6139998,932,765,None,Move,office
1569572833.6220002,921,772,None,Move,office
1569572833.629,909,779,None,Move,office
1569572833.6379998,892,783,None,Move,office
1569572833.646,874,792,None,Move,office
1569572833.653,846,799,None,Move,office
1569572833.661,821,810,None,Move,office
1569572833.67,802,820,None,Move,office
1569572833.678,780,830,None,Move,office
1569572833.686,752,839,None,Move,office
1569572833.691,714,852,None,Move,office
1569572833.7,683,862,None,Move,office
1569572833.708,660,867,None,Move,office
1569572833.716,643,869,None,Move,office
1569572833.724,627,872,None,Move,office
1569572833.732,613,875,None,Move,office
1569572833.74,601,876,None,Move,office
1569572833.748,593,877,None,Move,office
1569572833.755,587,877,None,Move,office
1569572833.764,584,878,None,Move,office
1569572833.772,582,879,None,Move,office
1569572833.778,580,881,None,Move,office
1569572833.786,578,883,None,Move,office
1569572833.794,577,885,None,Move,office
1569572833.802,575,886,None,Move,office
1569572833.81,573,888,None,Move,office
1569572833.8179998,571,890,None,Move,office
1569572833.826,569,892,None,Move,office
1569572833.834,568,894,None,Move,office
1569572833.842,566,895,None,Move,office
1569572833.847,564,897,None,Move,office
1569572833.856,562,899,None,Move,office
1569572833.8639998,562,900,None,Move,office
1569572833.871,561,900,None,Move,office
1569572833.998,560,900,None,Move,office
1569572834.008,560,901,None,Move,office
1569572834.146,559,902,None,Move,office
1569572834.158,559,902,None,Move,office
1569572834.164,556,903,None,Move,office
1569572834.1720002,554,905,None,Move,office
1569572834.18,551,906,None,Move,office
1569572834.188,546,907,None,Move,office
1569572834.196,543,908,None,Move,office
1569572834.204,539,909,None,Move,office
1569572834.212,536,909,None,Move,office
1569572834.22,534,909,None,Move,office
1569572834.228,531,909,None,Move,office
1569572834.236,529,909,None,Move,office
1569572834.242,528,909,None,Move,office
1569572834.25,526,909,None,Move,office
1569572834.258,524,909,None,Move,office
1569572834.266,521,910,None,Move,office
1569572834.274,518,911,None,Move,office
1569572834.282,515,912,None,Move,office
1569572834.29,512,913,None,Move,office
1569572834.298,509,914,None,Move,office
1569572834.306,507,914,None,Move,office
1569572834.314,504,914,None,Move,office
1569572834.321,502,914,None,Move,office
1569572834.3279998,499,914,None,Move,office
1569572834.336,496,914,None,Move,office
1569572834.344,495,914,None,Move,office
1569572834.3520002,493,914,None,Move,office
1569572834.36,491,914,None,Move,office
1569572834.367,490,913,None,Move,office
1569572834.3760002,488,912,None,Move,office
1569572834.3839998,486,912,None,Move,office
1569572834.3920002,485,911,None,Move,office
1569572834.4,483,910,None,Move,office
1569572834.406,481,910,None,Move,office
1569572834.414,480,910,None,Move,office
1569572834.4220002,478,909,None,Move,office
1569572834.43,476,909,None,Move,office
1569572834.438,475,908,None,Move,office
1569572834.445,473,908,None,Move,office
1569572834.4529998,471,907,None,Move,office
1569572834.461,471,906,None,Move,office
1569572834.469,469,905,None,Move,office
1569572834.4770002,467,904,None,Move,office
1569572834.484,466,903,None,Move,office
1569572834.492,464,902,None,Move,office
1569572834.5,463,900,None,Move,office
1569572834.512,463,899,None,Move,office
1569572834.52,461,898,None,Move,office
1569572834.528,461,896,None,Move,office
1569572834.536,460,895,None,Move,office
1569572834.544,459,894,None,Move,office
1569572834.552,458,893,None,Move,office
1569572834.5579998,458,892,None,Move,office
1569572834.566,458,892,None,Move,office
1569572834.582,457,891,None,Move,office
1569572834.59,457,890,None,Move,office
1569572834.6020002,456,890,None,Move,office
1569572834.6179998,455,889,None,Move,office
1569572834.6260002,455,889,None,Move,office
1569572834.6320002,454,889,None,Move,office
1569572834.64,453,889,None,Move,office
1569572834.6479998,451,888,None,Move,office
1569572834.656,449,888,None,Move,office
1569572834.664,448,888,None,Move,office
1569572834.6720002,446,888,None,Move,office
1569572834.68,444,888,None,Move,office
1569572834.688,443,888,None,Move,office
1569572834.696,441,888,None,Move,office
1569572834.704,440,888,None,Move,office
1569572834.712,439,888,None,Move,office
1569572834.718,437,888,None,Move,office
1569572834.73,437,888,None,Move,office
1569572834.742,437,887,None,Move,office
1569572835.101,437,887,None,Move,office
1569572835.111,436,888,None,Move,office
1569572835.119,435,889,None,Move,office
1569572835.127,434,891,None,Move,office
1569572835.135,434,892,None,Move,office
1569572835.144,434,893,None,Move,office
1569572835.1520002,433,893,None,Move,office
1569572835.16,433,894,None,Move,office
1569572835.3979998,433,894,Left,Pressed,office
1569572835.514,433,894,Left,Released,office
1569572835.542,433,894,Left,Pressed,office
1569572835.671,433,894,Left,Released,office
1569572835.9929998,433,895,None,Move,office
1569572836.0010002,434,896,None,Move,office
1569572836.0089998,434,898,None,Move,office
1569572836.0170002,435,900,None,Move,office
1569572836.026,436,902,None,Move,office
1569572836.034,437,905,None,Move,office
1569572836.042,437,907,None,Move,office
1569572836.05,437,909,None,Move,office
1569572836.0579998,437,911,None,Move,office
1569572836.064,436,913,None,Move,office
1569572836.072,436,915,None,Move,office
1569572836.08,434,916,None,Move,office
1569572836.0879998,433,918,None,Move,office
1569572836.096,432,920,None,Move,office
1569572836.104,431,920,None,Move,office
1569572836.1120002,431,921,None,Move,office
1569572836.12,430,922,None,Move,office
1569572836.1279998,429,923,None,Move,office
1569572836.1360002,428,923,None,Move,office
1569572836.1420002,428,923,None,Move,office
1569572836.1620002,428,923,None,Move,office
1569572836.174,428,924,None,Move,office
1569572836.4,428,924,None,Move,office
1569572836.408,428,920,None,Move,office
1569572836.416,430,916,None,Move,office
1569572836.424,432,908,None,Move,office
1569572836.4320002,435,901,None,Move,office
1569572836.44,437,892,None,Move,office
1569572836.448,440,884,None,Move,office
1569572836.456,443,876,None,Move,office
1569572836.462,447,869,None,Move,office
1569572836.47,451,861,None,Move,office
1569572836.478,454,854,None,Move,office
1569572836.486,458,847,None,Move,office
1569572836.494,461,842,None,Move,office
1569572836.5010002,463,838,None,Move,office
1569572836.5089998,465,835,None,Move,office
1569572836.5170002,466,834,None,Move,office
1569572836.525,468,832,None,Move,office
1569572836.533,469,831,None,Move,office
1569572836.539,469,831,None,Move,office
1569572836.85,469,830,None,Move,office
1569572836.855,471,828,None,Move,office
1569572836.8639998,473,826,None,Move,office
1569572836.8720002,474,825,None,Move,office
1569572836.88,476,824,None,Move,office
1569572836.8879998,478,822,None,Move,office
1569572836.896,480,821,None,Move,office
1569572836.904,481,820,None,Move,office
1569572836.9120002,482,820,None,Move,office
1569572836.92,483,820,None,Move,office
1569572837.016,483,820,None,Move,office
1569572837.044,484,820,None,Move,office
1569572837.056,485,820,None,Move,office
1569572837.064,486,820,None,Move,office
1569572837.092,486,821,None,Move,office
1569572837.1179998,486,821,None,Move,office
1569572837.1420002,487,821,None,Move,office
1569572837.154,488,822,None,Move,office
1569572837.1620002,488,823,None,Move,office
1569572837.168,489,824,None,Move,office
1569572837.176,490,824,None,Move,office
1569572837.184,490,824,None,Move,office
1569572837.1920002,491,824,None,Move,office
1569572837.2,491,825,None,Move,office
1569572837.3179998,491,826,None,Move,office
1569572837.332,492,826,None,Move,office
1569572837.34,493,826,None,Move,office
1569572837.3720002,493,826,None,Move,office
1569572837.421,494,826,None,Move,office
1569572837.449,494,827,None,Move,office
1569572837.457,491,830,None,Move,office
1569572837.466,490,833,None,Move,office
1569572837.4729998,484,837,None,Move,office
1569572837.482,481,840,None,Move,office
1569572837.488,478,843,None,Move,office
1569572837.496,474,845,None,Move,office
1569572837.5029998,470,847,None,Move,office
1569572837.512,467,849,None,Move,office
1569572837.52,463,851,None,Move,office
1569572837.528,460,853,None,Move,office
1569572837.536,458,854,None,Move,office
1569572837.544,456,855,None,Move,office
1569572837.551,454,855,None,Move,office
1569572837.56,452,856,None,Move,office
1569572837.566,450,857,None,Move,office
1569572837.574,448,857,None,Move,office
1569572837.582,447,857,None,Move,office
1569572837.59,446,857,None,Move,office
1569572837.597,445,857,None,Move,office
1569572837.605,444,857,None,Move,office
1569572837.617,443,857,None,Move,office
1569572837.663,442,857,None,Move,office
1569572837.699,442,858,None,Move,office
1569572837.707,440,859,None,Move,office
1569572837.715,438,860,None,Move,office
1569572837.721,437,860,None,Move,office
1569572837.729,435,860,None,Move,office
1569572837.7370002,433,861,None,Move,office
1569572837.745,432,863,None,Move,office
1569572837.7529998,430,864,None,Move,office
1569572837.7610002,427,865,None,Move,office
1569572837.769,425,867,None,Move,office
1569572837.778,424,867,None,Move,office
1569572837.785,422,868,None,Move,office
1569572837.794,420,869,None,Move,office
1569572837.8,419,870,None,Move,office
1569572837.8079998,417,871,None,Move,office
1569572837.816,415,872,None,Move,office
1569572837.824,414,872,None,Move,office
1569572837.832,413,874,None,Move,office
1569572837.84,411,875,None,Move,office
1569572837.8479998,409,877,None,Move,office
1569572837.856,408,878,None,Move,office
1569572837.8639998,406,879,None,Move,office
1569572837.8720002,404,881,None,Move,office
1569572837.8779998,402,882,None,Move,office
1569572837.8860002,402,883,None,Move,office
1569572837.894,400,884,None,Move,office
1569572837.901,399,885,None,Move,office
1569572837.91,399,885,None,Move,office
1569572837.918,398,886,None,Move,office
1569572837.926,398,886,None,Move,office
1569572837.934,397,887,None,Move,office
1569572837.9420002,397,888,None,Move,office
1569572837.95,397,888,None,Move,office
1569572837.958,397,889,None,Move,office
1569572837.964,396,889,None,Move,office
1569572837.972,396,889,None,Move,office
1569572837.992,395,889,None,Move,office
1569572838.0,395,890,None,Move,office
1569572838.016,394,890,None,Move,office
1569572838.066,394,890,None,Move,office
1569572838.09,393,890,None,Move,office
1569572838.1160002,392,890,None,Move,office
1569572838.1479998,392,890,None,Move,office
1569572838.156,391,890,None,Move,office
1569572838.168,390,890,None,Move,office
1569572838.176,389,890,None,Move,office
1569572838.188,389,890,None,Move,office
1569572838.196,389,889,None,Move,office
1569572838.202,388,889,None,Move,office
1569572838.21,387,888,None,Move,office
1569572838.222,387,887,None,Move,office
1569572838.234,387,887,None,Move,office
1569572838.265,387,887,None,Move,office
1569572838.3279998,387,886,None,Move,office
1569572838.35,386,886,None,Move,office
1569572838.674,386,886,None,Move,office
1569572838.686,386,886,None,Move,office
1569572838.718,387,886,None,Move,office
1569572838.726,388,887,None,Move,office
1569572838.734,388,887,None,Move,office
1569572838.746,388,888,None,Move,office
1569572838.752,389,888,None,Move,office
1569572838.768,390,888,None,Move,office
1569572838.776,390,889,None,Move,office
1569572838.881,390,889,Left,Pressed,office
1569572839.03,390,889,Left,Released,office
1569572839.1079998,391,889,None,Move,office
1569572839.1239998,392,887,None,Move,office
1569572839.1320002,396,885,None,Move,office
1569572839.14,400,883,None,Move,office
1569572839.146,406,881,None,Move,office
1569572839.154,413,879,None,Move,office
1569572839.1620002,420,876,None,Move,office
1569572839.17,428,874,None,Move,office
1569572839.178,435,871,None,Move,office
1569572839.186,442,870,None,Move,office
1569572839.194,447,868,None,Move,office
1569572839.202,453,866,None,Move,office
1569572839.21,456,865,None,Move,office
1569572839.218,458,863,None,Move,office
1569572839.224,459,862,None,Move,office
1569572839.232,460,862,None,Move,office
1569572839.302,461,861,None,Move,office
1569572839.314,461,861,None,Move,office
1569572839.322,462,860,None,Move,office
1569572839.3660002,463,859,None,Move,office
1569572839.3739998,463,859,None,Move,office
1569572841.947,464,861,None,Move,office
1569572841.955,475,875,None,Move,office
1569572841.9629998,485,886,None,Move,office
1569572841.971,492,891,None,Move,office
1569572841.979,500,894,None,Move,office
1569572841.9870002,508,894,None,Move,office
1569572841.995,517,893,None,Move,office
1569572842.0010002,527,889,None,Move,office
1569572842.0089998,539,881,None,Move,office
1569572842.018,554,870,None,Move,office
1569572842.034,578,853,None,Move,office
1569572842.042,623,801,None,Move,office
1569572842.05,640,777,None,Move,office
1569572842.0579998,654,757,None,Move,office
1569572842.066,662,743,None,Move,office
1569572842.074,659,735,None,Move,office
1569572842.082,649,727,None,Move,office
1569572842.0879998,626,719,None,Move,office
1569572842.096,592,707,None,Move,office
1569572842.103,550,694,None,Move,office
1569572842.12,515,677,None,Move,office
1569572842.121,479,660,None,Move,office
1569572842.1279998,460,651,None,Move,office
1569572842.1360002,448,644,None,Move,office
1569572842.144,441,636,None,Move,office
1569572842.1520002,437,629,None,Move,office
1569572842.158,435,622,None,Move,office
1569572842.166,434,616,None,Move,office
1569572842.173,433,612,None,Move,office
1569572842.1820002,433,611,None,Move,office
1569572842.19,432,609,None,Move,office
1569572842.198,432,608,None,Move,office
1569572842.26,432,609,None,Move,office
1569572842.268,430,613,None,Move,office
1569572842.275,429,615,None,Move,office
1569572842.284,428,616,None,Move,office
1569572842.292,428,617,None,Move,office
1569572842.3,428,618,None,Move,office
1569572842.529,428,618,Left,Pressed,office
1569572842.6120002,428,618,Left,Released,office
1569572842.678,428,618,None,Move,office
1569572842.686,428,617,None,Move,office
1569572842.694,429,616,None,Move,office
1569572842.702,430,615,None,Move,office
1569572842.71,430,614,None,Move,office
1569572842.732,430,614,None,Move,office
1569572842.772,430,614,None,Move,office
1569572842.9,430,614,Left,Pressed,office
1569572843.002,430,614,Left,Released,office
1569572843.379,430,614,Left,Pressed,office
1569572843.482,430,614,Left,Released,office
1569572843.786,430,614,None,Move,office
1569572843.794,429,619,None,Move,office
1569572843.802,428,628,None,Move,office
1569572843.81,427,636,None,Move,office
1569572843.8179998,426,645,None,Move,office
1569572843.826,423,654,None,Move,office
1569572843.832,422,662,None,Move,office
1569572843.84,421,672,None,Move,office
1569572843.8479998,421,684,None,Move,office
1569572843.856,421,696,None,Move,office
1569572843.863,421,711,None,Move,office
1569572843.8720002,421,724,None,Move,office
1569572843.88,421,737,None,Move,office
1569572843.8879998,421,749,None,Move,office
1569572843.896,421,761,None,Move,office
1569572843.904,424,771,None,Move,office
1569572843.91,426,781,None,Move,office
1569572843.918,429,790,None,Move,office
1569572843.926,431,797,None,Move,office
1569572843.934,433,803,None,Move,office
1569572843.941,435,810,None,Move,office
1569572843.95,436,813,None,Move,office
1569572843.958,436,814,None,Move,office
1569572843.966,437,816,None,Move,office
1569572843.974,438,818,None,Move,office
1569572843.982,439,820,None,Move,office
1569572843.988,440,820,None,Move,office
1569572844.085,440,820,None,Move,office
1569572844.097,441,820,None,Move,office
1569572844.106,443,819,None,Move,office
1569572844.1139998,444,817,None,Move,office
1569572844.1220002,446,816,None,Move,office
1569572844.13,449,813,None,Move,office
1569572844.1379998,452,810,None,Move,office
1569572844.146,457,805,None,Move,office
1569572844.1520002,460,799,None,Move,office
1569572844.16,462,794,None,Move,office
1569572844.168,464,791,None,Move,office
1569572844.176,466,790,None,Move,office
1569572844.238,467,790,None,Move,office
1569572844.246,468,791,None,Move,office
1569572844.254,470,797,None,Move,office
1569572844.262,473,804,None,Move,office
1569572844.269,475,811,None,Move,office
1569572844.278,478,820,None,Move,office
1569572844.286,480,829,None,Move,office
1569572844.294,483,836,None,Move,office
1569572844.3,485,843,None,Move,office
1569572844.3079998,487,847,None,Move,office
1569572844.316,489,850,None,Move,office
1569572844.324,491,852,None,Move,office
1569572844.332,493,855,None,Move,office
1569572844.34,494,856,None,Move,office
1569572844.3479998,496,857,None,Move,office
1569572844.356,497,859,None,Move,office
1569572844.3639998,499,861,None,Move,office
1569572844.3720002,500,862,None,Move,office
1569572844.38,502,863,None,Move,office
1569572844.3860002,504,865,None,Move,office
1569572844.394,506,867,None,Move,office
1569572844.401,507,869,None,Move,office
1569572844.41,508,870,None,Move,office
1569572844.418,509,870,None,Move,office
1569572844.426,510,871,None,Move,office
1569572844.434,510,872,None,Move,office
1569572844.45,511,872,None,Move,office
1569572844.468,512,873,None,Move,office
1569572844.484,512,874,None,Move,office
1569572844.492,513,875,None,Move,office
1569572844.5,513,876,None,Move,office
1569572844.508,513,877,None,Move,office
1569572844.516,513,878,None,Move,office
1569572844.524,514,878,None,Move,office
1569572844.532,514,878,None,Move,office
1569572844.54,515,879,None,Move,office
1569572844.546,515,880,None,Move,office
1569572844.554,515,880,None,Move,office
1569572844.561,515,881,None,Move,office
1569572844.57,515,883,None,Move,office
1569572844.5779998,516,884,None,Move,office
1569572844.586,516,886,None,Move,office
1569572844.594,516,888,None,Move,office
1569572844.6020002,517,889,None,Move,office
1569572844.61,517,891,None,Move,office
1569572844.6179998,517,892,None,Move,office
1569572844.623,517,894,None,Move,office
1569572844.6320002,517,895,None,Move,office
1569572844.639,517,896,None,Move,office
1569572844.811,517,896,None,Move,office
1569572844.819,517,896,None,Move,office
1569572844.827,516,895,None,Move,office
1569572844.836,514,894,None,Move,office
1569572844.844,514,893,None,Move,office
1569572844.8520002,514,892,None,Move,office
1569572844.861,513,892,None,Move,office
1569572844.87,513,891,None,Move,office
1569572844.8860002,512,891,None,Move,office
1569572844.8979998,512,891,None,Move,office
1569572844.936,512,890,None,Move,office
1569572845.214,512,890,Left,Pressed,office
1569572845.377,512,890,Left,Released,office
1569572845.6079998,512,890,None,Move,office
1569572845.62,511,890,None,Move,office
1569572845.7389998,511,889,None,Move,office
1569572845.7470002,512,889,None,Move,office
1569572845.755,516,887,None,Move,office
1569572845.7629998,522,884,None,Move,office
1569572845.771,530,879,None,Move,office
1569572845.779,537,874,None,Move,office
1569572845.7870002,545,869,None,Move,office
1569572845.795,555,867,None,Move,office
1569572845.803,564,864,None,Move,office
1569572845.811,571,862,None,Move,office
1569572845.8170002,578,859,None,Move,office
1569572845.825,585,857,None,Move,office
1569572845.833,588,857,None,Move,office
1569572845.841,591,857,None,Move,office
1569572845.849,592,857,None,Move,office
1569572845.857,593,857,None,Move,office
1569572845.881,594,857,None,Move,office
1569572845.907,594,857,None,Move,office
1569572845.92,594,857,None,Move,office
1569572845.928,592,858,None,Move,office
1569572845.936,591,860,None,Move,office
1569572845.944,588,862,None,Move,office
1569572845.952,581,864,None,Move,office
1569572845.959,576,866,None,Move,office
1569572845.968,568,869,None,Move,office
1569572845.9729998,561,871,None,Move,office
1569572845.982,554,873,None,Move,office
1569572845.99,545,876,None,Move,office
1569572845.998,538,878,None,Move,office
1569572846.006,531,881,None,Move,office
1569572846.014,527,883,None,Move,office
1569572846.022,523,884,None,Move,office
1569572846.03,521,885,None,Move,office
1569572846.038,519,885,None,Move,office
1569572846.046,518,885,None,Move,office
1569572846.052,517,885,None,Move,office
1569572846.06,516,885,None,Move,office
1569572846.0679998,515,885,None,Move,office
1569572846.076,515,885,None,Move,office
1569572846.084,514,884,None,Move,office
1569572846.1420002,514,883,None,Move,office
1569572846.154,514,883,None,Move,office
1569572846.1620002,514,882,None,Move,office
1569572846.17,514,881,None,Move,office
1569572846.178,514,881,None,Move,office
1569572846.186,514,880,None,Move,office
1569572846.202,514,880,None,Move,office
1569572846.294,515,879,None,Move,office
1569572846.306,515,878,None,Move,office
1569572846.314,517,878,None,Move,office
1569572846.322,518,876,None,Move,office
1569572846.33,519,875,None,Move,office
1569572846.3379998,521,873,None,Move,office
1569572846.346,523,872,None,Move,office
1569572846.354,525,870,None,Move,office
1569572846.3620002,527,868,None,Move,office
1569572846.3679998,528,866,None,Move,office
1569572846.3760002,530,864,None,Move,office
1569572846.3839998,532,863,None,Move,office
1569572846.3920002,534,861,None,Move,office
1569572846.4,536,859,None,Move,office
1569572846.408,537,857,None,Move,office
1569572846.416,539,857,None,Move,office
1569572846.424,541,855,None,Move,office
1569572846.4320002,541,854,None,Move,office
1569572846.44,543,852,None,Move,office
1569572846.446,544,852,None,Move,office
1569572846.454,545,850,None,Move,office
1569572846.462,546,850,None,Move,office
1569572846.47,548,849,None,Move,office
1569572846.4770002,549,848,None,Move,office
1569572846.485,550,846,None,Move,office
1569572846.4929998,551,845,None,Move,office
1569572846.5010002,553,844,None,Move,office
1569572846.5089998,553,843,None,Move,office
1569572846.5170002,555,841,None,Move,office
1569572846.5229998,557,840,None,Move,office
1569572846.531,557,839,None,Move,office
1569572846.539,558,838,None,Move,office
1569572846.5470002,558,837,None,Move,office
1569572846.555,560,836,None,Move,office
1569572846.563,561,835,None,Move,office
1569572846.571,561,835,None,Move,office
1569572846.579,562,834,None,Move,office
1569572846.5879998,563,833,None,Move,office
1569572846.596,563,832,None,Move,office
1569572846.6020002,564,831,None,Move,office
1569572846.609,565,830,None,Move,office
1569572846.6179998,566,828,None,Move,office
1569572846.6260002,566,827,None,Move,office
1569572846.641,566,827,None,Move,office
1569572846.65,567,827,None,Move,office
1569572848.101,567,827,None,Move,office
1569572848.109,569,828,None,Move,office
1569572848.115,570,829,None,Move,office
1569572848.123,570,829,None,Move,office
1569572848.1320002,572,829,None,Move,office
1569572848.139,573,830,None,Move,office
1569572848.156,573,830,None,Move,office
1569572849.1160002,574,830,None,Move,browsing
1569572849.8879998,575,830,None,Move,office
1569572849.896,576,829,None,Move,office
1569572849.904,578,828,None,Move,office
1569572849.9120002,580,826,None,Move,office
1569572849.92,582,824,None,Move,office
1569572849.928,583,822,None,Move,office
1569572849.936,585,820,None,Move,office
1569572849.9420002,587,818,None,Move,office
1569572849.95,588,816,None,Move,office
1569572849.958,590,814,None,Move,office
1569572849.966,590,813,None,Move,office
1569572849.974,592,811,None,Move,office
1569572849.981,592,809,None,Move,office
1569572849.99,593,808,None,Move,office
1569572849.998,594,806,None,Move,office
1569572850.006,595,804,None,Move,office
1569572850.014,595,804,None,Move,office
1569572850.02,595,803,None,Move,office
1569572850.028,596,801,None,Move,office
1569572850.036,596,801,None,Move,office
1569572850.044,597,800,None,Move,office
1569572850.056,597,799,None,Move,office
1569572856.029,596,799,None,Move,office
1569572856.0370002,574,799,None,Move,office
1569572856.045,536,802,None,Move,office
1569572856.053,488,804,None,Move,office
1569572856.059,440,804,None,Move,office
1569572856.0670002,399,806,None,Move,office
1569572856.075,356,813,None,Move,office
1569572856.084,324,817,None,Move,office
1569572856.092,292,820,None,Move,office
1569572856.1,262,826,None,Move,office
1569572856.1079998,245,832,None,Move,office
1569572856.1160002,227,838,None,Move,office
1569572856.1239998,213,843,None,Move,office
1569572856.1320002,203,847,None,Move,office
1569572856.14,195,851,None,Move,office
1569572856.146,189,857,None,Move,office
1569572856.154,185,862,None,Move,office
1569572856.1620002,181,867,None,Move,office
1569572856.17,178,870,None,Move,office
1569572856.178,176,873,None,Move,office
1569572856.186,175,875,None,Move,office
1569572856.194,175,877,None,Move,office
1569572856.201,175,877,None,Move,office
1569572856.21,174,878,None,Move,office
1569572856.218,173,879,None,Move,office
1569572856.224,172,880,None,Move,office
1569572856.232,170,882,None,Move,office
1569572856.24,166,884,None,Move,office
1569572856.248,158,886,None,Move,office
1569572856.256,151,889,None,Move,office
1569572856.264,144,891,None,Move,office
1569572856.272,137,894,None,Move,office
1569572856.28,131,896,None,Move,office
1569572856.288,128,898,None,Move,office
1569572856.296,125,900,None,Move,office
1569572856.302,124,900,None,Move,office
1569572856.31,123,900,None,Move,office
1569572856.4320002,123,900,None,Move,office
1569572856.444,124,899,None,Move,office
1569572856.451,124,898,None,Move,office
1569572856.458,125,897,None,Move,office
1569572856.466,127,895,None,Move,office
1569572856.474,128,894,None,Move,office
1569572856.482,128,893,None,Move,office
1569572856.49,128,892,None,Move,office
1569572856.745,128,892,Left,Pressed,office
1569572856.8760002,128,892,Left,Released,office
1569572857.191,130,891,None,Move,office
1569572857.199,133,889,None,Move,office
1569572857.207,137,887,None,Move,office
1569572857.216,141,885,None,Move,office
1569572857.224,144,883,None,Move,office
1569572857.232,148,881,None,Move,office
1569572857.24,152,879,None,Move,office
1569572857.248,156,876,None,Move,office
1569572857.254,162,872,None,Move,office
1569572857.262,169,870,None,Move,office
1569572857.27,173,868,None,Move,office
1569572857.278,177,866,None,Move,office
1569572857.286,180,864,None,Move,office
1569572857.294,182,862,None,Move,office
1569572857.302,184,860,None,Move,office
1569572857.31,185,858,None,Move,office
1569572857.3179998,188,856,None,Move,office
1569572857.326,190,855,None,Move,office
1569572857.332,192,854,None,Move,office
1569572857.34,195,852,None,Move,office
1569572857.3479998,197,850,None,Move,office
1569572857.356,203,848,None,Move,office
1569572857.3639998,208,846,None,Move,office
1569572857.3720002,215,843,None,Move,office
1569572857.38,223,841,None,Move,office
1569572857.3879998,230,838,None,Move,office
1569572857.396,236,836,None,Move,office
1569572857.404,241,834,None,Move,office
1569572857.41,244,833,None,Move,office
1569572857.417,246,832,None,Move,office
1569572857.426,247,831,None,Move,office
1569572857.434,249,830,None,Move,office
1569572857.4420002,250,830,None,Move,office
1569572857.449,251,829,None,Move,office
1569572857.458,253,827,None,Move,office
1569572857.465,255,826,None,Move,office
1569572857.474,257,826,None,Move,office
1569572857.482,258,826,None,Move,office
1569572863.704,261,825,None,Move,office
1569572863.712,269,819,None,Move,office
1569572863.72,280,811,None,Move,office
1569572863.7270002,292,799,None,Move,office
1569572863.735,309,789,None,Move,office
1569572863.7429998,323,779,None,Move,office
1569572863.752,337,771,None,Move,office
1569572863.76,355,762,None,Move,office
1569572863.768,369,756,None,Move,office
1569572863.774,381,754,None,Move,office
1569572863.782,388,751,None,Move,office
1569572863.79,390,751,None,Move,office
1569572863.798,391,751,None,Move,office
1569572863.81,392,751,None,Move,office
1569572863.846,393,751,None,Move,office
1569572863.856,393,751,None,Move,office
1569572863.8639998,396,749,None,Move,office
1569572863.8720002,399,748,None,Move,office
1569572863.88,400,747,None,Move,office
1569572863.8879998,401,747,None,Move,office
1569572863.896,402,747,None,Move,office
1569572863.974,402,747,None,Move,office
1569572863.982,400,748,None,Move,office
1569572863.99,399,750,None,Move,office
1569572863.998,397,752,None,Move,office
1569572864.006,394,754,None,Move,office
1569572864.012,391,756,None,Move,office
1569572864.02,388,758,None,Move,office
1569572864.028,384,760,None,Move,office
1569572864.036,377,762,None,Move,office
1569572864.044,370,764,None,Move,office
1569572864.052,363,767,None,Move,office
1569572864.06,356,769,None,Move,office
1569572864.0679998,348,772,None,Move,office
1569572864.076,343,774,None,Move,office
1569572864.084,341,776,None,Move,office
1569572864.09,338,778,None,Move,office
1569572864.0979998,335,780,None,Move,office
1569572864.106,332,782,None,Move,office
1569572864.113,331,785,None,Move,office
1569572864.1220002,329,788,None,Move,office
1569572864.13,327,791,None,Move,office
1569572864.1379998,325,792,None,Move,office
1569572864.146,324,794,None,Move,office
1569572864.154,323,796,None,Move,office
1569572864.1620002,323,798,None,Move,office
1569572864.168,323,798,None,Move,office
1569572864.176,323,800,None,Move,office
1569572864.188,323,801,None,Move,office
1569572865.671,323,801,None,Move,office
1569572865.6829998,323,800,None,Move,office
1569572865.689,323,799,None,Move,office
1569572865.706,323,799,None,Move,office
1569572865.8820002,323,798,None,Move,office
1569572865.906,322,798,None,Move,office
1569572865.918,322,797,None,Move,office
1569572865.924,322,797,None,Move,office
1569572866.394,321,797,None,Move,office
1569572866.4020002,320,804,None,Move,office
1569572866.408,319,812,None,Move,office
1569572866.415,316,821,None,Move,office
1569572866.423,314,831,None,Move,office
1569572866.431,311,839,None,Move,office
1569572866.44,309,846,None,Move,office
1569572866.448,309,848,None,Move,office
1569572866.456,308,854,None,Move,office
1569572866.464,307,855,None,Move,office
1569572866.472,306,857,None,Move,office
1569572866.48,305,859,None,Move,office
1569572866.486,305,860,None,Move,office
1569572866.494,305,862,None,Move,office
1569572866.502,305,863,None,Move,office
1569572866.51,305,864,None,Move,office
1569572866.518,305,866,None,Move,office
1569572866.526,305,866,None,Move,office
1569572866.534,305,867,None,Move,office
1569572866.542,305,868,None,Move,office
1569572866.55,305,869,None,Move,office
1569572866.5579998,305,870,None,Move,office
1569572866.5679998,305,871,None,Move,office
1569572866.576,305,871,None,Move,office
1569572866.584,305,873,None,Move,office
1569572866.592,305,875,None,Move,office
1569572866.6,305,876,None,Move,office
1569572866.6079998,305,877,None,Move,office
1569572866.6160002,305,878,None,Move,office
1569572866.717,304,879,None,Move,office
1569572866.7229998,304,880,None,Move,office
1569572866.731,304,881,None,Move,office
1569572866.7429998,304,881,None,Move,office
1569572866.764,304,882,None,Move,office
1569572866.8179998,304,883,None,Move,office
1569572866.842,304,884,None,Move,office
1569572867.018,303,885,None,Move,office
1569572867.026,303,886,None,Move,office
1569572867.032,303,887,None,Move,office
1569572867.04,303,887,None,Move,office
1569572867.048,302,888,None,Move,office
1569572867.1160002,302,888,Left,Pressed,office
1569572867.373,302,888,Left,Released,office
1569572867.429,302,888,Left,Pressed,office
1569572867.539,302,888,Left,Released,office
1569572867.8170002,302,888,None,Move,office
1569572867.826,305,888,None,Move,office
1569572867.833,312,888,None,Move,office
1569572867.839,317,887,None,Move,office
1569572867.8479998,324,887,None,Move,office
1569572867.856,331,887,None,Move,office
1569572867.863,338,887,None,Move,office
1569572867.8720002,344,887,None,Move,office
1569572867.88,351,887,None,Move,office
1569572867.8879998,358,887,None,Move,office
1569572867.896,363,887,None,Move,office
1569572867.904,367,887,None,Move,office
1569572867.9120002,369,887,None,Move,office
1569572867.918,370,887,None,Move,office
1569572867.926,371,887,None,Move,office
1569572867.934,372,887,None,Move,office
1569572868.29,372,887,None,Move,office
1569572868.339,371,887,None,Move,office
1569572868.3760002,370,887,None,Move,office
1569572868.413,370,887,None,Move,office
1569572868.437,370,887,None,Move,office
1569572868.466,369,886,None,Move,office
1569572868.54,368,886,None,Move,office
1569572868.8079998,368,886,None,Move,office
1569572868.835,367,886,None,Move,office
1569572868.87,367,885,None,Move,office
1569572868.8979998,367,884,None,Move,office
1569572868.91,366,884,None,Move,office
1569572868.934,366,883,None,Move,office
1569572868.96,365,883,None,Move,office
1569572868.968,365,882,None,Move,office
1569572868.976,365,881,None,Move,office
1569572868.984,365,881,None,Move,office
1569572868.992,365,880,None,Move,office
1569572869.0,365,879,None,Move,office
1569572869.008,365,878,None,Move,office
1569572869.016,365,878,None,Move,office
1569572869.024,365,876,None,Move,office
1569572869.034,365,876,None,Move,office
1569572869.042,365,875,None,Move,office
1569572869.05,365,874,None,Move,office
1569572869.0579998,365,873,None,Move,office
1569572869.066,365,872,None,Move,office
1569572869.0779998,365,871,None,Move,office
1569572869.086,365,870,None,Move,office
1569572869.094,366,868,None,Move,office
1569572869.1020002,367,866,None,Move,office
1569572869.1079998,368,866,None,Move,office
1569572869.1160002,368,864,None,Move,office
1569572869.1239998,369,862,None,Move,office
1569572869.1320002,370,861,None,Move,office
1569572869.14,371,860,None,Move,office
1569572869.1479998,372,858,None,Move,office
1569572869.156,372,858,None,Move,office
1569572869.164,373,858,None,Move,office
1569572869.1720002,373,857,None,Move,office
1569572869.3979998,373,857,Left,Pressed,office
1569572869.502,373,857,Left,Released,office
1569572869.8579998,373,857,None,Move,office
1569572869.8660002,373,860,None,Move,office
1569572869.8739998,373,864,None,Move,office
1569572869.8820002,372,866,None,Move,office
1569572869.89,372,869,None,Move,office
1569572869.8979998,371,873,None,Move,office
1569572869.904,371,874,None,Move,office
1569572869.9120002,371,876,None,Move,office
1569572869.92,371,877,None,Move,office
1569572870.198,371,877,None,Move,office
1569572870.206,369,880,None,Move,office
1569572870.214,367,884,None,Move,office
1569572870.22,365,886,None,Move,office
1569572870.228,363,889,None,Move,office
1569572870.235,362,890,None,Move,office
1569572870.244,360,892,None,Move,office
1569572870.252,359,893,None,Move,office
1569572870.26,358,893,None,Move,office
1569572870.33,358,893,None,Move,office
1569572870.354,359,893,None,Move,office
1569572870.3720002,359,893,None,Move,office
1569572870.383,360,893,Left,Pressed,office
1569572870.383,360,893,None,Drag,office
1569572870.403,361,893,None,Drag,office
1569572870.403,361,893,Left,Released,office
1569572870.53,361,893,Left,Pressed,office
1569572870.6420002,361,893,Left,Released,office
1569572870.764,362,893,None,Move,office
1569572870.7729998,362,892,None,Move,office
1569572870.782,363,892,None,Move,office
1569572870.79,364,892,None,Move,office
1569572870.798,364,892,None,Move,office
1569572870.806,366,892,None,Move,office
1569572870.814,367,892,None,Move,office
1569572870.822,368,891,None,Move,office
1569572870.83,369,891,None,Move,office
1569572870.8379998,371,890,None,Move,office
1569572870.846,372,889,None,Move,office
1569572870.8520002,374,889,None,Move,office
1569572870.86,376,888,None,Move,office
1569572870.8679998,377,888,None,Move,office
1569572870.8760002,379,888,None,Move,office
1569572870.8839998,381,887,None,Move,office
1569572870.8920002,382,887,None,Move,office
1569572870.9,384,887,None,Move,office
1569572870.908,385,886,None,Move,office
1569572870.916,387,886,None,Move,office
1569572870.924,388,886,None,Move,office
1569572870.9320002,388,886,None,Move,office
1569572870.938,389,886,None,Move,office
1569572871.083,389,886,Left,Pressed,office
1569572871.175,389,886,Left,Released,office
1569572871.204,389,886,Left,Pressed,office
1569572871.306,389,886,Left,Released,office
1569572871.512,390,886,None,Move,office
1569572871.52,393,885,None,Move,office
1569572871.5270002,399,884,None,Move,office
1569572871.535,404,882,None,Move,office
1569572871.543,411,880,None,Move,office
1569572871.551,419,878,None,Move,office
1569572871.56,426,876,None,Move,office
1569572871.5679998,431,875,None,Move,office
1569572871.573,436,875,None,Move,office
1569572871.582,442,875,None,Move,office
1569572871.59,445,875,None,Move,office
1569572871.597,448,875,None,Move,office
1569572871.606,450,875,None,Move,office
1569572871.6139998,451,875,None,Move,office
1569572871.6220002,453,875,None,Move,office
1569572871.63,455,875,None,Move,office
1569572871.6379998,456,875,None,Move,office
1569572871.646,458,875,None,Move,office
1569572871.6520002,459,876,None,Move,office
1569572871.66,461,876,None,Move,office
1569572871.668,463,877,None,Move,office
1569572871.675,464,877,None,Move,office
1569572871.684,466,877,None,Move,office
1569572871.6920002,469,877,None,Move,office
1569572871.7,471,877,None,Move,office
1569572871.708,474,877,None,Move,office
1569572871.716,477,877,None,Move,office
1569572871.724,478,878,None,Move,office
1569572871.73,480,878,None,Move,office
1569572871.738,482,879,None,Move,office
1569572871.746,483,879,None,Move,office
1569572871.754,485,880,None,Move,office
1569572871.762,487,880,None,Move,office
1569572871.77,489,880,None,Move,office
1569572871.778,491,880,None,Move,office
1569572871.786,492,880,None,Move,office
1569572871.794,495,880,None,Move,office
1569572871.802,497,880,None,Move,office
1569572871.8079998,498,880,None,Move,office
1569572871.816,500,880,None,Move,office
1569572871.824,502,880,None,Move,office
1569572871.832,503,880,None,Move,office
1569572871.84,505,880,None,Move,office
1569572871.8479998,506,880,None,Move,office
1569572871.856,508,880,None,Move,office
1569572871.8639998,510,880,None,Move,office
1569572871.8720002,511,880,None,Move,office
1569572871.88,513,880,None,Move,office
1569572871.8860002,514,880,None,Move,office
1569572871.894,516,880,None,Move,office
1569572871.9020002,518,880,None,Move,office
1569572871.91,519,880,None,Move,office
1569572871.918,521,881,None,Move,office
1569572871.926,522,881,None,Move,office
1569572871.934,524,881,None,Move,office
1569572871.9420002,526,882,None,Move,office
1569572871.95,527,883,None,Move,office
1569572871.958,529,883,None,Move,office
1569572871.964,531,884,None,Move,office
1569572871.972,533,884,None,Move,office
1569572871.98,535,885,None,Move,office
1569572871.988,538,885,None,Move,office
1569572871.996,539,885,None,Move,office
1569572872.0029998,541,886,None,Move,office
1569572872.012,543,886,None,Move,office
1569572872.019,544,886,None,Move,office
1569572872.028,546,886,None,Move,office
1569572872.036,548,886,None,Move,office
1569572872.042,548,886,None,Move,office
1569572872.05,549,886,None,Move,office
1569572872.0570002,550,886,None,Move,office
1569572872.069,550,887,None,Move,office
1569572872.082,550,888,None,Move,office
1569572872.1279998,551,888,None,Move,office
1569572872.18,551,889,None,Move,office
1569572872.1920002,551,889,None,Move,office
1569572872.266,551,890,None,Move,office
1569572872.292,552,891,None,Move,office
1569572872.304,553,891,None,Move,office
1569572872.312,553,891,None,Move,office
1569572872.327,554,891,None,Move,office
1569572872.335,555,891,None,Move,office
1569572872.344,555,891,None,Move,office
1569572872.356,556,891,None,Move,office
1569572872.41,557,891,None,Move,office
1569572872.438,558,891,None,Move,office
1569572872.448,558,891,None,Move,office
1569572872.456,559,891,None,Move,office
1569572872.467,560,891,None,Move,office
1569572872.4829998,560,891,None,Move,office
1569572872.508,560,892,None,Move,office
1569572872.53,561,892,None,Move,office
1569572872.604,562,892,None,Move,office
1569572872.7489998,562,892,Left,Pressed,office
1569572872.867,562,892,Left,Released,office
1569572872.928,562,892,None,Move,office
1569572872.94,563,892,None,Move,office
1569572872.948,563,891,None,Move,office
1569572872.956,564,889,None,Move,office
1569572872.964,565,888,None,Move,office
1569572872.972,566,887,None,Move,office
1569572872.98,566,885,None,Move,office
1569572872.988,568,884,None,Move,office
1569572872.996,569,882,None,Move,office
1569572873.002,570,880,None,Move,office
1569572873.01,571,879,None,Move,office
1569572873.018,572,877,None,Move,office
1569572873.026,573,875,None,Move,office
1569572873.034,575,873,None,Move,office
1569572873.042,577,872,None,Move,office
1569572873.05,579,870,None,Move,office
1569572873.0579998,580,868,None,Move,office
1569572873.066,581,866,None,Move,office
1569572873.074,582,865,None,Move,office
1569572873.08,583,863,None,Move,office
1569572873.0879998,585,861,None,Move,office
1569572873.095,586,859,None,Move,office
1569572873.103,587,858,None,Move,office
1569572873.1120002,587,857,None,Move,office
1569572873.12,588,855,None,Move,office
1569572873.1279998,588,855,None,Move,office
1569572873.1360002,588,854,None,Move,office
1569572873.144,589,853,None,Move,office
1569572873.158,589,853,None,Move,office
1569572873.166,589,852,None,Move,office
1569572873.174,590,850,None,Move,office
1569572873.1820002,590,850,None,Move,office
1569572873.19,590,848,None,Move,office
1569572873.198,590,847,None,Move,office
1569572873.206,590,847,None,Move,office
1569572873.214,590,846,None,Move,office
1569572873.222,590,845,None,Move,office
1569572873.229,590,844,None,Move,office
1569572873.26,590,844,None,Move,office
1569572873.334,591,843,None,Move,office
1569572873.35,593,841,None,Move,office
1569572873.3579998,594,840,None,Move,office
1569572873.3660002,595,838,None,Move,office
1569572873.3739998,597,836,None,Move,office
1569572873.3820002,599,834,None,Move,office
1569572873.39,601,833,None,Move,office
1569572873.3979998,601,833,None,Move,office
1569572873.404,603,832,None,Move,office
1569572873.411,603,831,None,Move,office
1569572873.419,604,830,None,Move,office
1569572873.472,604,830,None,Move,office
1569572873.494,605,830,None,Move,office
1569572873.506,605,829,None,Move,office
1569572873.514,606,829,None,Move,office
1569572873.522,606,829,None,Move,office
1569572873.53,606,828,None,Move,office
1569572873.542,607,828,None,Move,office
1569572873.55,608,828,None,Move,office
1569572873.646,609,827,None,Move,office
1569572873.658,609,826,None,Move,office
1569572873.67,610,826,None,Move,office
1569572873.678,611,825,None,Move,office
1569572873.6929998,611,825,None,Move,office
1569572874.01,612,824,None,Move,office
1569572874.022,613,823,None,Move,office
1569572874.032,613,823,None,Move,office
1569572874.04,613,823,None,Move,office
1569572874.0470002,613,822,None,Move,office
1569572874.056,614,822,None,Move,office
1569572874.064,614,821,None,Move,office
1569572874.154,615,820,None,Move,office
1569572874.17,616,820,None,Move,office
1569572874.1820002,616,819,None,Move,office
1569572874.196,616,819,None,Move,office
1569572874.232,616,818,None,Move,office
1569572874.244,617,818,None,Move,office
1569572874.256,617,817,None,Move,office
1569572874.264,618,817,None,Move,office
1569572874.27,618,816,None,Move,office
1569572874.278,618,815,None,Move,office
1569572874.286,619,815,None,Move,office
1569572874.302,619,814,None,Move,office
1569572874.3479998,620,814,None,Move,office
1569572874.36,621,813,None,Move,office
1569572874.367,623,812,None,Move,office
1569572874.3760002,625,812,None,Move,office
1569572874.383,626,812,None,Move,office
1569572874.3920002,628,812,None,Move,office
1569572874.4,630,812,None,Move,office
1569572874.408,631,812,None,Move,office
1569572874.416,632,812,None,Move,office
1569572874.424,633,812,None,Move,office
1569572874.43,633,812,None,Move,office
1569572874.438,634,812,None,Move,office
1569572874.516,635,812,None,Move,office
1569572874.814,636,812,None,Move,office
1569572874.822,636,812,None,Move,office
1569572874.8279998,637,812,None,Move,office
1569572874.836,639,811,None,Move,office
1569572874.844,639,810,None,Move,office
1569572874.8520002,641,809,None,Move,office
1569572878.617,642,809,None,Move,office
1569572878.625,645,807,None,Move,office
1569572878.633,647,805,None,Move,office
1569572878.6420002,650,802,None,Move,office
1569572878.65,651,800,None,Move,office
1569572878.658,653,799,None,Move,office
1569572878.664,654,797,None,Move,office
1569572878.6720002,654,795,None,Move,office
1569572878.68,654,795,None,Move,office
1569572878.6920002,654,794,None,Move,office
1569572878.7,654,793,None,Move,office
1569572878.708,654,792,None,Move,office
1569572878.716,655,791,None,Move,office
1569572878.724,655,789,None,Move,office
1569572878.732,657,788,None,Move,office
1569572878.738,657,786,None,Move,office
1569572878.746,658,784,None,Move,office
1569572878.754,660,782,None,Move,office
1569572878.762,662,781,None,Move,office
1569572878.77,664,779,None,Move,office
1569572878.778,665,778,None,Move,office
1569572878.785,667,776,None,Move,office
1569572878.794,668,776,None,Move,office
1569572878.802,669,775,None,Move,office
1569572878.81,669,775,None,Move,office
1569572878.816,669,774,None,Move,office
1569572879.008,670,774,None,Move,office
1569572879.016,670,775,None,Move,office
1569572879.024,671,775,None,Move,office
1569572879.032,671,775,None,Move,office
1569572879.04,671,776,None,Move,office
1569572879.048,671,776,None,Move,office
1569572879.054,671,777,None,Move,office
1569572879.168,672,777,None,Move,office
1569572879.184,672,778,None,Move,office
1569572879.1920002,673,779,None,Move,office
1569572879.356,673,780,None,Move,office
1569572879.4420002,674,780,None,Move,office
1569572879.451,675,780,None,Move,office
1569572879.484,676,780,None,Move,office
1569572879.508,676,780,None,Move,office
1569572879.52,677,781,None,Move,office
1569572879.538,678,782,None,Move,office
1569572879.545,678,782,None,Move,office
1569572880.0570002,679,782,None,Move,office
1569572880.069,680,781,None,Move,office
1569572880.0779998,681,780,None,Move,office
1569572880.086,683,778,None,Move,office
1569572880.092,685,777,None,Move,office
1569572880.1,687,775,None,Move,office
1569572880.1079998,687,775,None,Move,office
1569572880.12,688,775,None,Move,office
1569572880.1279998,688,774,None,Move,office
1569572880.1360002,689,774,None,Move,office
1569572880.252,690,773,None,Move,office
1569572880.264,690,772,None,Move,office
1569572880.272,690,772,None,Move,office
1569572880.288,690,772,None,Move,office
1569572880.304,691,772,None,Move,office
1569572880.32,692,771,None,Move,office
1569572880.3579998,692,770,None,Move,office
1569572880.3660002,694,769,None,Move,office
1569572880.373,696,768,None,Move,office
1569572880.3820002,697,767,None,Move,office
1569572880.39,698,765,None,Move,office
1569572880.3979998,699,764,None,Move,office
1569572880.404,700,762,None,Move,office
1569572880.4120002,702,760,None,Move,office
1569572880.42,703,757,None,Move,office
1569572880.428,705,756,None,Move,office
1569572880.435,706,754,None,Move,office
1569572880.444,708,752,None,Move,office
1569572880.452,710,750,None,Move,office
1569572880.46,711,749,None,Move,office
1569572880.468,713,747,None,Move,office
1569572880.476,715,745,None,Move,office
1569572880.482,717,743,None,Move,office
1569572880.49,719,741,None,Move,office
1569572880.498,719,741,None,Move,office
1569572880.506,720,739,None,Move,office
1569572880.514,721,737,None,Move,office
1569572880.522,723,736,None,Move,office
1569572880.53,724,734,None,Move,office
1569572880.538,726,732,None,Move,office
1569572880.546,728,730,None,Move,office
1569572880.554,730,729,None,Move,office
1569572880.562,734,727,None,Move,office
1569572880.5679998,741,724,None,Move,office
1569572880.576,751,722,None,Move,office
1569572880.584,765,717,None,Move,office
1569572880.592,780,715,None,Move,office
1569572880.6,794,712,None,Move,office
1569572880.6079998,807,709,None,Move,office
1569572880.615,827,703,None,Move,office
1569572880.6239998,854,696,None,Move,office
1569572880.6320002,874,691,None,Move,office
1569572880.64,899,683,None,Move,office
1569572880.646,919,678,None,Move,office
1569572880.654,945,673,None,Move,office
1569572880.6620002,967,670,None,Move,office
1569572880.67,993,666,None,Move,office
1569572880.678,1015,663,None,Move,office
1569572880.686,1035,660,None,Move,office
1569572880.694,1061,655,None,Move,office
1569572880.702,1090,651,None,Move,office
1569572880.71,1116,648,None,Move,office
1569572880.717,1134,646,None,Move,office
1569572880.724,1152,645,None,Move,office
1569572880.732,1169,642,None,Move,office
1569572880.74,1185,642,None,Move,office
1569572880.748,1202,641,None,Move,office
1569572880.756,1220,639,None,Move,office
1569572880.764,1237,636,None,Move,office
1569572880.772,1254,634,None,Move,office
1569572880.78,1271,631,None,Move,office
1569572880.7870002,1284,628,None,Move,office
1569572880.794,1294,626,None,Move,office
1569572880.802,1303,624,None,Move,office
1569572880.81,1312,623,None,Move,office
1569572880.8179998,1319,622,None,Move,office
1569572880.826,1324,622,None,Move,office
1569572880.834,1327,622,None,Move,office
1569572880.841,1328,622,None,Move,office
1569572880.85,1330,622,None,Move,office
1569572880.8579998,1330,622,None,Move,office
1569572880.8739998,1331,622,None,Move,office
1569572881.006,1332,621,None,Move,office
1569572881.014,1332,621,None,Move,office
1569572881.022,1333,620,None,Move,office
1569572881.03,1333,619,None,Move,office
1569572881.044,1334,619,None,Move,office
1569572881.05,1334,618,None,Move,office
1569572881.06,1335,618,None,Move,office
1569572881.0679998,1335,618,None,Move,office
1569572881.076,1335,618,None,Move,office
1569572881.084,1337,617,None,Move,office
1569572881.092,1338,616,None,Move,office
1569572881.1,1338,615,None,Move,office
1569572881.1079998,1340,614,None,Move,office
1569572881.1139998,1342,612,None,Move,office
1569572881.1220002,1344,610,None,Move,office
1569572881.13,1345,609,None,Move,office
1569572881.1379998,1347,608,None,Move,office
1569572881.146,1349,607,None,Move,office
1569572881.154,1351,605,None,Move,office
1569572881.1620002,1352,604,None,Move,office
1569572881.17,1354,602,None,Move,office
1569572881.178,1357,600,None,Move,office
1569572881.186,1360,599,None,Move,office
1569572881.194,1362,598,None,Move,office
1569572881.2,1363,596,None,Move,office
1569572881.208,1365,595,None,Move,office
1569572881.216,1367,595,None,Move,office
1569572881.2229998,1367,594,None,Move,office
1569572881.232,1368,594,None,Move,office
1569572881.24,1368,594,None,Move,office
1569572881.51,1369,593,None,Move,office
1569572881.515,1369,593,None,Move,office
1569572881.5229998,1369,592,None,Move,office
1569572881.532,1370,592,None,Move,office
1569572881.544,1370,591,None,Move,office
1569572881.5679998,1371,591,None,Move,office
1569572881.592,1371,590,None,Move,office
1569572882.196,1371,590,Left,Pressed,office
1569572882.3479998,1371,590,Left,Released,office
1569572882.508,1372,590,None,Move,office
1569572882.516,1380,590,None,Move,office
1569572882.524,1390,590,None,Move,office
1569572882.532,1400,591,None,Move,office
1569572882.54,1413,593,None,Move,office
1569572882.548,1427,594,None,Move,office
1569572882.554,1442,594,None,Move,office
1569572882.562,1458,594,None,Move,office
1569572882.57,1475,594,None,Move,office
1569572882.5779998,1491,594,None,Move,office
1569572882.586,1506,592,None,Move,office
1569572882.594,1518,591,None,Move,office
1569572882.6020002,1528,588,None,Move,office
1569572882.61,1539,586,None,Move,office
1569572882.6179998,1547,585,None,Move,office
1569572882.6260002,1556,585,None,Move,office
1569572882.6320002,1564,585,None,Move,office
1569572882.64,1573,585,None,Move,office
1569572882.6479998,1579,585,None,Move,office
1569572882.656,1585,585,None,Move,office
1569572882.664,1591,585,None,Move,office
1569572882.671,1597,585,None,Move,office
1569572882.68,1604,586,None,Move,office
1569572882.688,1609,586,None,Move,office
1569572882.695,1616,587,None,Move,office
1569572882.704,1621,587,None,Move,office
1569572882.71,1628,588,None,Move,office
1569572882.718,1635,588,None,Move,office
1569572882.726,1643,588,None,Move,office
1569572882.734,1650,588,None,Move,office
1569572882.742,1658,588,None,Move,office
1569572882.75,1665,588,None,Move,office
1569572882.758,1671,586,None,Move,office
1569572882.766,1678,586,None,Move,office
1569572882.774,1683,586,None,Move,office
1569572882.78,1686,586,None,Move,office
1569572882.788,1687,586,None,Move,office
1569572882.796,1689,586,None,Move,office
1569572882.804,1691,586,None,Move,office
1569572882.812,1692,586,None,Move,office
1569572882.82,1694,587,None,Move,office
1569572882.8279998,1696,589,None,Move,office
1569572882.836,1698,590,None,Move,office
1569572882.844,1698,591,None,Move,office
1569572882.8520002,1698,591,None,Move,office
1569572882.86,1699,591,None,Move,office
1569572882.952,1700,592,None,Move,office
1569572882.964,1700,593,None,Move,office
1569572882.972,1700,593,None,Move,office
1569572882.988,1700,594,None,Move,office
1569572882.996,1700,594,None,Move,office
1569572883.004,1699,595,None,Move,office
1569572883.012,1698,596,None,Move,office
1569572883.02,1697,597,None,Move,office
1569572883.026,1695,597,None,Move,office
1569572883.034,1694,597,None,Move,office
1569572883.042,1692,597,None,Move,office
1569572883.05,1690,597,None,Move,office
1569572883.0579998,1689,597,None,Move,office
1569572883.066,1688,597,None,Move,office
1569572883.074,1687,597,None,Move,office
1569572883.082,1685,597,None,Move,office
1569572883.09,1683,597,None,Move,office
1569572883.0979998,1682,597,None,Move,office
1569572883.104,1681,597,None,Move,office
1569572883.1160002,1680,597,None,Move,office
1569572883.168,1680,597,None,Move,office
1569572883.44,1680,598,None,Move,office
1569572883.448,1680,599,None,Move,office
1569572883.46,1680,599,None,Move,office
1569572883.467,1681,600,None,Move,office
1569572883.476,1681,601,None,Move,office
1569572883.748,1681,602,Left,Pressed,office
1569572883.748,1681,602,None,Drag,office
1569572883.756,1681,602,None,Drag,office
1569572883.764,1682,604,None,Drag,office
1569572883.772,1684,606,None,Drag,office
1569572883.78,1685,607,None,Drag,office
1569572883.788,1686,608,None,Drag,office
1569572883.796,1687,610,None,Drag,office
1569572883.804,1688,610,None,Drag,office
1569572883.812,1689,611,None,Drag,office
1569572883.822,1689,612,None,Drag,office
1569572883.83,1689,612,None,Drag,office
1569572883.8379998,1690,613,None,Drag,office
1569572883.846,1690,614,None,Drag,office
1569572883.854,1691,615,None,Drag,office
1569572883.8620002,1691,615,None,Drag,office
1569572883.87,1692,617,None,Drag,office
1569572883.8779998,1692,618,None,Drag,office
1569572883.8860002,1692,618,None,Drag,office
1569572883.8920002,1693,619,None,Drag,office
1569572883.9,1693,620,None,Drag,office
1569572883.9120002,1694,620,None,Drag,office
1569572883.928,1694,621,None,Drag,office
1569572883.935,1694,621,None,Drag,office
1569572883.944,1695,623,None,Drag,office
1569572883.952,1695,623,None,Drag,office
1569572883.96,1696,625,None,Drag,office
1569572883.968,1697,627,None,Drag,office
1569572883.975,1697,627,None,Drag,office
1569572883.982,1698,628,None,Drag,office
1569572883.99,1698,629,None,Drag,office
1569572883.998,1698,630,None,Drag,office
1569572884.006,1699,630,None,Drag,office
1569572884.0129998,1700,632,None,Drag,office
1569572884.022,1701,634,None,Drag,office
1569572884.03,1701,635,None,Drag,office
1569572884.038,1701,637,None,Drag,office
1569572884.046,1701,638,None,Drag,office
1569572884.054,1701,640,None,Drag,office
1569572884.06,1702,641,None,Drag,office
1569572884.0679998,1702,641,None,Drag,office
1569572884.076,1702,642,None,Drag,office
1569572884.084,1703,643,None,Drag,office
1569572884.091,1703,644,None,Drag,office
1569572884.1,1703,644,None,Drag,office
1569572884.1079998,1704,645,None,Drag,office
1569572884.186,1704,646,None,Drag,office
1569572884.198,1704,647,None,Drag,office
1569572884.206,1704,648,None,Drag,office
1569572884.214,1705,650,None,Drag,office
1569572884.22,1705,650,None,Drag,office
1569572884.252,1705,651,None,Drag,office
1569572884.252,1705,651,Left,Released,office
1569572885.329,1705,651,None,Move,office
1569572885.335,1705,651,None,Move,office
1569572885.343,1704,650,None,Move,office
1569572885.355,1703,649,None,Move,office
1569572885.3639998,1703,648,None,Move,office
1569572885.38,1703,648,None,Move,office
1569572885.3879998,1703,648,None,Move,office
1569572885.396,1704,648,None,Move,office
1569572885.408,1705,648,None,Move,office
1569572887.7970002,1705,648,None,Move,office
1569572887.805,1705,649,None,Move,office
1569572887.813,1705,651,None,Move,office
1569572887.822,1705,652,None,Move,office
1569572887.83,1705,654,None,Move,office
1569572887.847,1705,655,None,Move,office
1569572887.847,1705,657,None,Move,office
1569572887.853,1705,659,None,Move,office
1569572887.8620002,1705,660,None,Move,office
1569572887.87,1705,662,None,Move,office
1569572887.8760002,1705,663,None,Move,office
1569572887.8879998,1705,663,None,Move,office
1569572887.982,1703,663,None,Move,office
1569572887.99,1698,664,None,Move,office
1569572887.998,1691,667,None,Move,office
1569572888.006,1680,669,None,Move,office
1569572888.014,1669,672,None,Move,office
1569572888.022,1655,675,None,Move,office
1569572888.03,1638,676,None,Move,office
1569572888.036,1620,679,None,Move,office
1569572888.044,1601,680,None,Move,office
1569572888.052,1585,683,None,Move,office
1569572888.06,1568,683,None,Move,office
1569572888.0679998,1553,683,None,Move,office
1569572888.076,1538,683,None,Move,office
1569572888.084,1524,680,None,Move,office
1569572888.092,1505,676,None,Move,office
1569572888.1,1490,670,None,Move,office
1569572888.1079998,1473,664,None,Move,office
1569572888.1139998,1456,660,None,Move,office
1569572888.1220002,1440,653,None,Move,office
1569572888.13,1423,647,None,Move,office
1569572888.1379998,1413,645,None,Move,office
1569572888.146,1404,642,None,Move,office
1569572888.154,1397,640,None,Move,office
1569572888.1620002,1394,639,None,Move,office
1569572888.17,1393,639,None,Move,office
1569572888.1920002,1392,639,None,Move,office
1569572888.204,1392,639,None,Move,office
1569572888.211,1392,639,None,Move,office
1569572888.22,1392,640,None,Move,office
1569572888.228,1392,641,None,Move,office
1569572888.236,1392,642,None,Move,office
1569572888.482,1392,643,None,Move,office
1569572889.565,1392,643,None,Move,office
1569572889.573,1394,643,None,Move,office
1569572889.581,1395,643,None,Move,office
1569572889.589,1397,643,None,Move,office
1569572889.597,1400,644,None,Move,office
1569572889.606,1402,645,None,Move,office
1569572889.6139998,1406,646,None,Move,office
1569572889.619,1412,648,None,Move,office
1569572889.6279998,1419,651,None,Move,office
1569572889.6360002,1426,653,None,Move,office
1569572889.644,1435,654,None,Move,office
1569572889.6520002,1442,657,None,Move,office
1569572889.66,1451,657,None,Move,office
1569572889.668,1459,657,None,Move,office
1569572889.676,1466,657,None,Move,office
1569572889.684,1476,657,None,Move,office
1569572889.6920002,1486,657,None,Move,office
1569572889.698,1496,657,None,Move,office
1569572889.706,1505,655,None,Move,office
1569572889.714,1515,652,None,Move,office
1569572889.722,1525,650,None,Move,office
1569572889.73,1536,647,None,Move,office
1569572889.738,1546,645,None,Move,office
1569572889.746,1556,642,None,Move,office
1569572889.7529998,1567,641,None,Move,office
1569572889.762,1577,638,None,Move,office
1569572889.769,1584,637,None,Move,office
1569572889.776,1593,635,None,Move,office
1569572889.784,1598,633,None,Move,office
1569572889.792,1601,633,None,Move,office
1569572889.8,1603,631,None,Move,office
1569572889.8079998,1604,631,None,Move,office
1569572889.816,1604,630,None,Move,office
1569572889.8620002,1605,630,None,Move,office
1569572889.8860002,1606,630,None,Move,office
1569572889.894,1608,628,None,Move,office
1569572889.9020002,1610,627,None,Move,office
1569572889.91,1614,625,None,Move,office
1569572889.918,1618,623,None,Move,office
1569572889.926,1621,621,None,Move,office
1569572889.9320002,1625,620,None,Move,office
1569572889.94,1627,618,None,Move,office
1569572889.948,1629,617,None,Move,office
1569572889.956,1631,616,None,Move,office
1569572889.964,1633,615,None,Move,office
1569572889.972,1633,615,None,Move,office
1569572889.98,1634,615,None,Move,office
1569572890.062,1634,615,None,Move,office
1569572890.07,1632,616,None,Move,office
1569572890.0779998,1629,617,None,Move,office
1569572890.086,1625,619,None,Move,office
1569572890.092,1621,620,None,Move,office
1569572890.1,1619,622,None,Move,office
1569572890.1079998,1616,623,None,Move,office
1569572890.115,1614,624,None,Move,office
1569572890.1239998,1611,626,None,Move,office
1569572890.1320002,1610,627,None,Move,office
1569572890.14,1607,628,None,Move,office
1569572890.1479998,1605,628,None,Move,office
1569572890.156,1603,629,None,Move,office
1569572890.164,1602,629,None,Move,office
1569572890.226,1602,629,None,Move,office
1569572890.234,1602,628,None,Move,office
1569572890.256,1603,628,None,Move,office
1569572890.264,1605,628,None,Move,office
1569572890.272,1606,628,None,Move,office
1569572890.28,1608,628,None,Move,office
1569572890.288,1609,628,None,Move,office
1569572890.295,1611,629,None,Move,office
1569572890.304,1616,631,None,Move,office
1569572890.312,1622,633,None,Move,office
1569572890.32,1629,636,None,Move,office
1569572890.325,1636,638,None,Move,office
1569572890.334,1644,641,None,Move,office
1569572890.342,1651,643,None,Move,office
1569572890.35,1657,645,None,Move,office
1569572890.3579998,1661,647,None,Move,office
1569572890.3660002,1663,649,None,Move,office
1569572890.3739998,1665,650,None,Move,office
1569572890.381,1667,651,None,Move,office
1569572890.39,1668,652,None,Move,office
1569572890.3979998,1669,652,None,Move,office
1569572890.408,1670,652,None,Move,office
1569572890.484,1671,652,None,Move,office
1569572890.494,1671,652,None,Move,office
1569572890.502,1672,651,None,Move,office
1569572890.51,1673,651,None,Move,office
1569572890.518,1675,651,None,Move,office
1569572890.526,1676,651,None,Move,office
1569572890.534,1676,650,None,Move,office
1569572890.542,1677,650,None,Move,office
1569572890.55,1677,649,None,Move,office
1569572890.5579998,1678,648,None,Move,office
1569572890.5679998,1678,648,None,Move,office
1569572890.576,1678,647,None,Move,office
1569572890.604,1678,646,None,Move,office
1569572890.728,1679,646,None,Move,office
1569572890.7389998,1679,646,None,Move,office
1569572890.752,1680,646,None,Move,office
1569572890.772,1681,646,None,Move,office
1569572890.8620002,1681,646,None,Move,office
1569572890.9120002,1681,646,None,Move,office
1569572890.962,1682,647,None,Move,office
1569572890.974,1682,647,None,Move,office
1569572891.31,1682,648,Left,Pressed,office
1569572891.31,1682,648,None,Drag,office
1569572891.3179998,1682,650,None,Drag,office
1569572891.326,1682,652,None,Drag,office
1569572891.334,1682,654,None,Drag,office
1569572891.342,1682,656,None,Drag,office
1569572891.35,1681,657,None,Drag,office
1569572891.3579998,1681,659,None,Drag,office
1569572891.3639998,1681,661,None,Drag,office
1569572891.3720002,1681,662,None,Drag,office
1569572891.38,1680,663,None,Drag,office
1569572891.3879998,1680,664,None,Drag,office
1569572891.395,1680,665,None,Drag,office
1569572891.494,1680,666,None,Drag,office
1569572891.506,1680,667,None,Drag,office
1569572891.516,1680,667,None,Drag,office
1569572891.601,1680,668,None,Drag,office
1569572891.6020002,1680,668,Left,Released,office
1569572891.8639998,1680,668,None,Move,office
1569572891.8879998,1680,669,None,Move,office
1569572891.99,1681,669,None,Move,office
1569572892.979,1681,669,None,Move,office
1569572892.9910002,1681,671,None,Move,office
1569572893.0,1679,673,None,Move,office
1569572893.008,1677,679,None,Move,office
1569572893.016,1670,693,None,Move,office
1569572893.024,1660,709,None,Move,office
1569572893.03,1650,724,None,Move,office
1569572893.038,1649,724,None,Move,office
1569572893.414,1649,724,None,Move,office
1569572893.48,1648,724,None,Move,office
1569572893.488,1648,724,None,Move,office
1569572893.496,1647,722,None,Move,office
1569572893.5029998,1647,722,None,Move,office
1569572893.51,1646,721,None,Move,office
1569572893.522,1645,720,None,Move,office
1569572893.534,1644,720,None,Move,office
1569572893.566,1644,719,None,Move,office
1569572893.574,1644,719,None,Move,office
1569572893.582,1644,718,None,Move,office
1569572893.59,1645,717,None,Move,office
1569572893.596,1645,716,None,Move,office
1569572893.6239998,1645,716,None,Move,office
1569572893.644,1645,715,None,Move,office
1569572893.656,1645,714,None,Move,office
1569572893.664,1645,714,None,Move,office
1569572893.67,1645,713,None,Move,office
1569572893.678,1645,712,None,Move,office
1569572893.686,1645,711,None,Move,office
1569572893.694,1645,710,None,Move,office
1569572893.702,1645,709,None,Move,office
1569572893.71,1645,708,None,Move,office
1569572893.722,1645,707,None,Move,office
1569572893.73,1645,706,None,Move,office
1569572893.745,1645,706,None,Move,office
1569572893.752,1645,705,None,Move,office
1569572893.76,1645,704,None,Move,office
1569572893.768,1645,703,None,Move,office
1569572893.776,1645,701,None,Move,office
1569572893.784,1645,700,None,Move,office
1569572893.792,1645,699,None,Move,office
1569572893.8,1645,697,None,Move,office
1569572893.8079998,1645,696,None,Move,office
1569572893.816,1645,694,None,Move,office
1569572893.824,1645,692,None,Move,office
1569572893.83,1645,692,None,Move,office
1569572893.8379998,1645,691,None,Move,office
1569572893.846,1645,690,None,Move,office
1569572893.853,1645,689,None,Move,office
1569572893.8660002,1645,689,None,Move,office
1569572893.9,1645,688,None,Move,office
1569572893.908,1645,687,None,Move,office
1569572893.915,1645,687,None,Move,office
1569572893.924,1645,686,None,Move,office
1569572893.936,1645,685,None,Move,office
1569572893.948,1645,684,None,Move,office
1569572893.964,1645,684,None,Move,office
1569572893.972,1645,683,None,Move,office
1569572893.99,1645,682,None,Move,office
1569572894.01,1645,682,None,Move,office
1569572894.022,1645,681,None,Move,office
1569572894.03,1645,680,None,Move,office
1569572894.038,1645,679,None,Move,office
1569572894.046,1645,679,None,Move,office
1569572894.054,1645,678,None,Move,office
1569572894.06,1645,677,None,Move,office
1569572894.0679998,1645,677,None,Move,office
1569572894.076,1645,675,None,Move,office
1569572894.084,1645,674,None,Move,office
1569572894.1,1645,674,None,Move,office
1569572894.94,1645,672,None,Move,office
1569572894.946,1647,669,None,Move,office
1569572894.954,1648,667,None,Move,office
1569572894.962,1649,665,None,Move,office
1569572894.97,1650,663,None,Move,office
1569572894.978,1651,661,None,Move,office
1569572894.986,1652,660,None,Move,office
1569572894.994,1652,659,None,Move,office
1569572895.002,1653,658,None,Move,office
1569572895.01,1654,657,None,Move,office
1569572895.018,1655,656,None,Move,office
1569572895.024,1655,655,None,Move,office
1569572895.032,1656,655,None,Move,office
1569572895.04,1658,653,None,Move,office
1569572895.048,1658,652,None,Move,office
1569572895.056,1659,652,None,Move,office
1569572895.064,1660,651,None,Move,office
1569572895.072,1660,650,None,Move,office
1569572895.08,1661,649,None,Move,office
1569572895.0879998,1662,648,None,Move,office
1569572895.096,1662,647,None,Move,office
1569572895.104,1663,646,None,Move,office
1569572895.11,1663,645,None,Move,office
1569572895.1179998,1665,643,None,Move,office
1569572895.1260002,1666,642,None,Move,office
1569572895.1339998,1667,640,None,Move,office
1569572895.144,1668,638,None,Move,office
1569572895.15,1669,636,None,Move,office
1569572895.158,1670,635,None,Move,office
1569572895.166,1671,633,None,Move,office
1569572895.174,1673,631,None,Move,office
1569572895.179,1674,630,None,Move,office
1569572895.188,1675,627,None,Move,office
1569572895.196,1676,625,None,Move,office
1569572895.204,1677,622,None,Move,office
1569572895.212,1678,620,None,Move,office
1569572895.22,1680,618,None,Move,office
1569572895.228,1681,614,None,Move,office
1569572895.236,1682,611,None,Move,office
1569572895.244,1683,607,None,Move,office
1569572895.252,1684,605,None,Move,office
1569572895.26,1685,602,None,Move,office
1569572895.266,1686,600,None,Move,office
1569572895.2729998,1686,598,None,Move,office
1569572895.282,1687,597,None,Move,office
1569572895.29,1687,595,None,Move,office
1569572895.298,1687,594,None,Move,office
1569572895.306,1687,592,None,Move,office
1569572895.314,1687,591,None,Move,office
1569572895.322,1688,590,None,Move,office
1569572895.33,1688,589,None,Move,office
1569572895.3379998,1688,588,None,Move,office
1569572895.344,1688,587,None,Move,office
1569572895.3520002,1688,586,None,Move,office
1569572895.36,1688,585,None,Move,office
1569572895.3679998,1688,585,None,Move,office
1569572895.3760002,1688,584,None,Move,office
1569572895.478,1688,583,None,Move,office
1569572895.49,1688,582,None,Move,office
1569572895.496,1688,582,None,Move,office
1569572895.504,1688,581,None,Move,office
1569572895.512,1688,580,None,Move,office
1569572895.52,1688,579,None,Move,office
1569572895.528,1687,577,None,Move,office
1569572895.536,1687,577,None,Move,office
1569572895.544,1686,576,None,Move,office
1569572895.552,1685,575,None,Move,office
1569572895.56,1685,574,None,Move,office
1569572895.5679998,1685,574,None,Move,office
1569572895.58,1685,574,None,Move,office
1569572895.594,1684,574,None,Move,office
1569572895.668,1684,573,None,Move,office
1569572895.754,1684,572,None,Move,office
1569572895.766,1683,572,None,Move,office
1569572895.926,1682,572,None,Move,office
1569572895.934,1681,574,None,Move,office
1569572895.9420002,1681,575,None,Move,office
1569572895.95,1680,576,None,Move,office
1569572895.958,1679,578,None,Move,office
1569572895.966,1679,578,None,Move,office
1569572895.974,1679,579,None,Move,office
1569572896.032,1679,581,None,Move,office
1569572896.04,1679,584,None,Move,office
1569572896.048,1680,587,None,Move,office
1569572896.056,1681,591,None,Move,office
1569572896.062,1683,596,None,Move,office
1569572896.07,1685,601,None,Move,office
1569572896.0779998,1687,605,None,Move,office
1569572896.086,1690,610,None,Move,office
1569572896.094,1692,614,None,Move,office
1569572896.1020002,1694,617,None,Move,office
1569572896.11,1695,620,None,Move,office
1569572896.1179998,1695,622,None,Move,office
1569572896.1260002,1696,623,None,Move,office
1569572896.1339998,1697,626,None,Move,office
1569572896.14,1697,628,None,Move,office
1569572896.1479998,1698,629,None,Move,office
1569572896.156,1698,631,None,Move,office
1569572896.164,1698,633,None,Move,office
1569572896.1720002,1697,634,None,Move,office
1569572896.18,1697,636,None,Move,office
1569572896.188,1696,638,None,Move,office
1569572896.196,1696,639,None,Move,office
1569572896.204,1696,640,None,Move,office
1569572896.212,1696,642,None,Move,office
1569572896.218,1696,643,None,Move,office
1569572896.226,1696,645,None,Move,office
1569572896.234,1695,647,None,Move,office
1569572896.242,1694,648,None,Move,office
1569572896.25,1692,650,None,Move,office
1569572896.258,1690,652,None,Move,office
1569572896.266,1689,654,None,Move,office
1569572896.274,1687,655,None,Move,office
1569572896.282,1685,657,None,Move,office
1569572896.289,1683,659,None,Move,office
1569572896.296,1683,661,None,Move,office
1569572896.304,1682,662,None,Move,office
1569572896.312,1682,664,None,Move,office
1569572896.32,1681,666,None,Move,office
1569572896.3279998,1681,666,None,Move,office
1569572896.336,1681,668,None,Move,office
1569572896.344,1681,669,None,Move,office
1569572896.3520002,1680,669,None,Move,office
1569572896.36,1680,670,None,Move,office
1569572896.3739998,1680,671,None,Move,office
1569572896.3820002,1680,671,None,Move,office
1569572896.4020002,1680,672,None,Move,office
1569572896.416,1680,673,None,Move,office
1569572896.426,1680,674,None,Move,office
1569572896.438,1680,674,None,Move,office
1569572896.448,1679,674,None,Move,office
1569572896.456,1679,675,None,Move,office
1569572896.894,1679,675,None,Move,office
1569572896.9020002,1680,675,None,Move,office
1569572896.909,1680,674,None,Move,office
1569572896.917,1681,674,None,Move,office
1569572896.925,1681,673,None,Move,office
1569572897.3,1681,671,None,Move,office
1569572897.3079998,1682,664,None,Move,office
1569572897.315,1683,657,None,Move,office
1569572897.323,1686,648,None,Move,office
1569572897.33,1687,640,None,Move,office
1569572897.3379998,1690,630,None,Move,office
1569572897.345,1690,623,None,Move,office
1569572897.354,1690,614,None,Move,office
1569572897.3620002,1690,604,None,Move,office
1569572897.37,1690,598,None,Move,office
1569572897.3779998,1689,589,None,Move,office
1569572897.3860002,1687,582,None,Move,office
1569572897.394,1686,573,None,Move,office
1569572897.4020002,1685,566,None,Move,office
1569572897.408,1683,558,None,Move,office
1569572897.416,1682,547,None,Move,office
1569572897.424,1681,539,None,Move,office
1569572897.4320002,1681,529,None,Move,office
1569572897.44,1681,520,None,Move,office
1569572897.448,1680,510,None,Move,office
1569572897.456,1680,500,None,Move,office
1569572897.464,1680,490,None,Move,office
1569572897.472,1680,480,None,Move,office
1569572897.48,1678,470,None,Move,office
1569572897.488,1677,460,None,Move,office
1569572897.494,1676,453,None,Move,office
1569572897.502,1676,443,None,Move,office
1569572897.51,1675,434,None,Move,office
1569572897.518,1675,424,None,Move,office
1569572897.526,1675,415,None,Move,office
1569572897.534,1672,407,None,Move,office
1569572897.542,1670,398,None,Move,office
1569572897.55,1667,391,None,Move,office
1569572897.5579998,1665,384,None,Move,office
1569572897.566,1663,378,None,Move,office
1569572897.572,1661,371,None,Move,office
1569572897.58,1659,364,None,Move,office
1569572897.5879998,1657,356,None,Move,office
1569572897.595,1655,351,None,Move,office
1569572897.604,1655,347,None,Move,office
1569572897.6120002,1655,343,None,Move,office
1569572897.62,1653,336,None,Move,office
1569572897.6279998,1652,333,None,Move,office
1569572897.6360002,1652,329,None,Move,office
1569572897.644,1650,324,None,Move,office
1569572897.65,1649,318,None,Move,office
1569572897.66,1648,313,None,Move,office
1569572897.666,1647,306,None,Move,office
1569572897.674,1646,300,None,Move,office
1569572897.6820002,1645,295,None,Move,office
1569572897.69,1645,290,None,Move,office
1569572897.698,1645,285,None,Move,office
1569572897.706,1645,282,None,Move,office
1569572897.714,1644,278,None,Move,office
1569572897.722,1644,275,None,Move,office
1569572897.728,1644,274,None,Move,office
1569572897.736,1644,272,None,Move,office
1569572897.744,1644,271,None,Move,office
1569572897.7510002,1644,268,None,Move,office
1569572897.7589998,1644,266,None,Move,office
1569572897.768,1644,264,None,Move,office
1569572897.776,1645,261,None,Move,office
1569572897.784,1645,259,None,Move,office
1569572897.792,1646,256,None,Move,office
1569572897.8,1647,253,None,Move,office
1569572897.806,1647,250,None,Move,office
1569572897.814,1648,246,None,Move,office
1569572897.822,1649,242,None,Move,office
1569572897.829,1650,237,None,Move,office
1569572897.8379998,1653,233,None,Move,office
1569572897.846,1655,229,None,Move,office
1569572897.854,1656,223,None,Move,office
1569572897.8620002,1657,219,None,Move,office
1569572897.87,1659,215,None,Move,office
1569572897.8779998,1660,212,None,Move,office
1569572897.8860002,1661,209,None,Move,office
1569572897.8920002,1662,206,None,Move,office
1569572897.9,1663,203,None,Move,office
1569572897.908,1664,201,None,Move,office
1569572897.916,1666,198,None,Move,office
1569572897.924,1667,197,None,Move,office
1569572897.9320002,1667,195,None,Move,office
1569572897.939,1668,193,None,Move,office
1569572897.947,1669,192,None,Move,office
1569572897.956,1669,191,None,Move,office
1569572898.149,1669,189,None,Move,office
1569572898.158,1670,189,None,Move,office
1569572898.17,1670,188,None,Move,office
1569572898.178,1671,188,None,Move,office
1569572898.252,1671,187,None,Move,office
1569572898.276,1672,187,None,Move,office
1569572898.286,1672,186,None,Move,office
1569572898.294,1672,186,None,Move,office
1569572898.302,1673,184,None,Move,office
1569572898.33,1674,184,None,Move,office
1569572898.3579998,1674,184,None,Move,office
1569572899.719,1674,184,None,Move,office
1569572899.725,1673,189,None,Move,office
1569572899.7329998,1672,194,None,Move,office
1569572899.7410002,1671,202,None,Move,office
1569572899.7489998,1669,207,None,Move,office
1569572899.758,1668,212,None,Move,office
1569572899.766,1668,219,None,Move,office
1569572899.774,1667,226,None,Move,office
1569572899.782,1667,233,None,Move,office
1569572899.79,1665,240,None,Move,office
1569572899.796,1664,247,None,Move,office
1569572899.804,1663,251,None,Move,office
1569572899.812,1661,255,None,Move,office
1569572899.82,1660,258,None,Move,office
1569572899.8279998,1658,261,None,Move,office
1569572899.836,1657,263,None,Move,office
1569572899.843,1656,265,None,Move,office
1569572899.851,1655,267,None,Move,office
1569572899.86,1655,268,None,Move,office
1569572899.867,1655,270,None,Move,office
1569572899.875,1655,271,None,Move,office
1569572899.8820002,1655,271,None,Move,office
1569572899.893,1655,272,None,Move,office
1569572900.016,1655,273,None,Move,office
1569572900.0270002,1655,274,None,Move,office
1569572900.036,1655,275,None,Move,office
1569572900.042,1655,277,None,Move,office
1569572900.049,1655,278,None,Move,office
1569572900.0579998,1655,280,None,Move,office
1569572900.066,1655,281,None,Move,office
1569572900.074,1656,283,None,Move,office
1569572900.082,1656,285,None,Move,office
1569572900.09,1657,286,None,Move,office
1569572900.0979998,1657,288,None,Move,office
1569572900.106,1657,290,None,Move,office
1569572900.113,1657,291,None,Move,office
1569572900.12,1657,293,None,Move,office
1569572900.1279998,1657,294,None,Move,office
1569572900.1360002,1657,298,None,Move,office
1569572900.144,1656,300,None,Move,office
1569572900.1520002,1655,305,None,Move,office
1569572900.16,1654,308,None,Move,office
1569572900.168,1654,310,None,Move,office
1569572900.176,1653,311,None,Move,office
1569572900.184,1653,313,None,Move,office
1569572900.1920002,1653,314,None,Move,office
1569572900.198,1653,316,None,Move,office
1569572900.206,1653,318,None,Move,office
1569572900.214,1653,318,None,Move,office
1569572900.222,1653,319,None,Move,office
1569572900.246,1653,320,None,Move,office
1569572900.262,1652,320,None,Move,office
1569572900.27,1652,322,None,Move,office
1569572900.276,1652,324,None,Move,office
1569572900.284,1652,325,None,Move,office
1569572900.292,1652,327,None,Move,office
1569572900.299,1652,328,None,Move,office
1569572900.3079998,1652,330,None,Move,office
1569572900.316,1651,331,None,Move,office
1569572900.324,1651,333,None,Move,office
1569572900.332,1650,335,None,Move,office
1569572900.34,1650,337,None,Move,office
1569572900.3479998,1650,338,None,Move,office
1569572900.354,1649,340,None,Move,office
1569572900.361,1649,341,None,Move,office
1569572900.37,1648,342,None,Move,office
1569572900.377,1648,344,None,Move,office
1569572900.3860002,1648,344,None,Move,office
1569572900.394,1648,345,None,Move,office
1569572900.409,1648,346,None,Move,office
1569572900.418,1648,347,None,Move,office
1569572900.424,1648,347,None,Move,office
1569572900.4320002,1648,349,None,Move,office
1569572900.439,1648,349,None,Move,office
1569572900.448,1648,351,None,Move,office
1569572900.456,1647,353,None,Move,office
1569572900.464,1647,354,None,Move,office
1569572900.472,1647,356,None,Move,office
1569572900.48,1647,357,None,Move,office
1569572900.488,1647,357,None,Move,office
1569572900.496,1646,358,None,Move,office
1569572900.504,1646,359,None,Move,office
1569572900.53,1646,359,None,Move,office
1569572900.542,1646,360,None,Move,office
1569572900.55,1646,361,None,Move,office
1569572900.5570002,1646,362,None,Move,office
1569572900.566,1646,362,None,Move,office
1569572900.573,1646,364,None,Move,office
1569572900.581,1646,365,None,Move,office
1569572900.589,1646,365,None,Move,office
1569572900.595,1646,366,None,Move,office
1569572900.604,1646,367,None,Move,office
1569572900.6120002,1645,367,None,Move,office
1569572900.9970002,1645,367,None,Move,office
1569572901.0089998,1645,365,None,Move,office
1569572901.0170002,1644,364,None,Move,office
1569572901.026,1644,363,None,Move,office
1569572901.033,1644,361,None,Move,office
1569572901.041,1644,361,None,Move,office
1569572901.05,1644,359,None,Move,office
1569572901.0579998,1644,359,None,Move,office
1569572901.064,1644,358,None,Move,office
1569572901.072,1644,357,None,Move,office
1569572901.08,1644,356,None,Move,office
1569572901.0879998,1644,356,None,Move,office
1569572901.096,1644,355,None,Move,office
1569572901.1079998,1644,354,None,Move,office
1569572901.12,1644,354,None,Move,office
1569572901.1279998,1644,353,None,Move,office
1569572901.1360002,1645,353,None,Move,office
1569572901.1420002,1645,352,None,Move,office
1569572903.056,1645,352,None,Move,office
1569572903.064,1645,353,None,Move,office
1569572903.072,1645,355,None,Move,office
1569572903.0779998,1643,357,None,Move,office
1569572903.086,1643,358,None,Move,office
1569572903.094,1642,360,None,Move,office
1569572903.1020002,1642,362,None,Move,office
1569572903.11,1640,364,None,Move,office
1569572903.1179998,1638,365,None,Move,office
1569572903.1260002,1637,367,None,Move,office
1569572903.1339998,1635,369,None,Move,office
1569572903.1420002,1635,371,None,Move,office
1569572903.15,1633,372,None,Move,office
1569572903.156,1631,374,None,Move,office
1569572903.164,1629,376,None,Move,office
1569572903.1720002,1627,378,None,Move,office
1569572903.18,1627,379,None,Move,office
1569572903.188,1625,381,None,Move,office
1569572903.196,1623,383,None,Move,office
1569572903.204,1621,385,None,Move,office
1569572903.212,1619,387,None,Move,office
1569572903.22,1619,388,None,Move,office
1569572903.2270002,1618,389,None,Move,office
1569572903.234,1616,391,None,Move,office
1569572903.242,1615,392,None,Move,office
1569572903.25,1615,393,None,Move,office
1569572903.258,1613,395,None,Move,office
1569572903.266,1613,395,None,Move,office
1569572903.274,1612,396,None,Move,office
1569572903.282,1612,398,None,Move,office
1569572903.289,1612,398,None,Move,office
1569572903.298,1611,398,None,Move,office
1569572903.31,1611,399,None,Move,office
1569572903.316,1611,400,None,Move,office
1569572903.324,1610,400,None,Move,office
1569572903.336,1610,401,None,Move,office
1569572903.344,1609,402,None,Move,office
1569572903.3520002,1609,403,None,Move,office
1569572903.36,1609,403,None,Move,office
1569572903.3720002,1609,404,None,Move,office
1569572903.562,1608,405,None,Move,office
1569572903.5779998,1607,406,None,Move,office
1569572903.586,1605,409,None,Move,office
1569572903.594,1605,411,None,Move,office
1569572903.6020002,1605,412,None,Move,office
1569572903.609,1605,413,None,Move,office
1569572903.617,1605,414,None,Move,office
1569572903.625,1605,415,None,Move,office
1569572903.6320002,1605,416,None,Move,office
1569572903.64,1605,417,None,Move,office
1569572903.6479998,1605,418,None,Move,office
1569572903.656,1605,420,None,Move,office
1569572903.664,1605,421,None,Move,office
1569572903.6720002,1605,423,None,Move,office
1569572903.68,1605,424,None,Move,office
1569572904.714,1605,424,None,Move,office
1569572904.73,1605,424,None,Move,office
1569572904.738,1603,423,None,Move,office
1569572904.746,1601,422,None,Move,office
1569572904.752,1600,420,None,Move,office
1569572904.76,1599,420,None,Move,office
1569572904.768,1597,419,None,Move,office
1569572904.784,1597,419,None,Move,office
1569572904.792,1596,419,None,Move,office
1569572905.083,1595,419,None,Move,office
1569572905.1120002,1594,419,None,Move,office
1569572905.119,1590,421,None,Move,office
1569572905.127,1583,423,None,Move,office
1569572905.135,1571,426,None,Move,office
1569572905.143,1559,430,None,Move,office
1569572905.149,1547,434,None,Move,office
1569572905.157,1534,438,None,Move,office
1569572905.165,1518,440,None,Move,office
1569572905.173,1498,445,None,Move,office
1569572905.181,1477,446,None,Move,office
1569572905.189,1460,448,None,Move,office
1569572905.197,1444,449,None,Move,office
1569572905.206,1427,451,None,Move,office
1569572905.2129998,1409,452,None,Move,office
1569572905.222,1390,455,None,Move,office
1569572905.228,1373,455,None,Move,office
1569572905.236,1360,455,None,Move,office
1569572905.244,1345,455,None,Move,office
1569572905.252,1335,455,None,Move,office
1569572905.26,1325,455,None,Move,office
1569572905.268,1320,453,None,Move,office
1569572905.276,1312,451,None,Move,office
1569572905.284,1311,450,None,Move,office
1569572905.292,1309,448,None,Move,office
1569572905.3,1309,448,None,Move,office
1569572905.306,1308,448,None,Move,office
1569572905.314,1308,447,None,Move,office
1569572905.3379998,1308,446,None,Move,office
1569572905.44,1308,446,None,Move,office
1569572908.1160002,1306,447,None,Move,office
1569572908.1239998,1298,455,None,Move,office
1569572908.1320002,1289,463,None,Move,office
1569572908.14,1276,474,None,Move,office
1569572908.1479998,1257,487,None,Move,office
1569572908.156,1230,506,None,Move,office
1569572908.164,1196,525,None,Move,office
1569572908.1720002,1157,545,None,Move,office
1569572908.18,1125,561,None,Move,office
1569572908.186,1087,587,None,Move,office
1569572908.194,1026,628,None,Move,office
1569572908.202,972,662,None,Move,office
1569572908.21,919,694,None,Move,office
1569572908.218,865,725,None,Move,office
1569572908.226,815,754,None,Move,office
1569572908.234,766,780,None,Move,office
1569572908.242,714,801,None,Move,office
1569572908.25,675,819,None,Move,office
1569572908.258,636,833,None,Move,office
1569572908.266,598,848,None,Move,office
1569572908.272,563,861,None,Move,office
1569572908.28,535,872,None,Move,office
1569572908.288,517,878,None,Move,office
1569572908.296,504,882,None,Move,office
1569572908.304,495,886,None,Move,office
1569572908.312,487,889,None,Move,office
1569572908.32,483,892,None,Move,office
1569572908.3279998,481,893,None,Move,office
1569572908.336,480,894,None,Move,office
1569572908.35,480,895,None,Move,office
1569572908.3579998,480,895,None,Move,office
1569572908.3660002,481,896,None,Move,office
1569572908.3739998,482,896,None,Move,office
1569572908.3860002,482,896,None,Move,office
1569572908.506,483,895,None,Move,office
1569572908.514,487,888,None,Move,office
1569572908.522,494,881,None,Move,office
1569572908.53,501,873,None,Move,office
1569572908.538,508,865,None,Move,office
1569572908.546,519,857,None,Move,office
1569572908.554,530,849,None,Move,office
1569572908.562,541,841,None,Move,office
1569572908.57,550,833,None,Move,office
1569572908.5779998,560,825,None,Move,office
1569572908.584,567,820,None,Move,office
1569572908.592,574,816,None,Move,office
1569572908.6,579,814,None,Move,office
1569572908.6079998,581,812,None,Move,office
1569572908.6160002,583,810,None,Move,office
1569572908.6239998,584,810,None,Move,office
1569572908.6320002,585,810,None,Move,office
1569572908.64,585,809,None,Move,office
1569572908.6479998,585,808,None,Move,office
1569572908.656,585,806,None,Move,office
1569572908.664,585,804,None,Move,office
1569572908.67,585,804,None,Move,office
1569572908.678,585,802,None,Move,office
1569572908.686,585,801,None,Move,office
1569572908.694,585,800,None,Move,office
1569572908.702,585,798,None,Move,office
1569572908.71,585,798,None,Move,office
1569572908.718,585,796,None,Move,office
1569572908.725,585,794,None,Move,office
1569572908.734,586,793,None,Move,office
1569572908.74,586,792,None,Move,office
1569572908.748,587,791,None,Move,office
1569572908.756,588,790,None,Move,office
1569572908.764,589,788,None,Move,office
1569572908.772,590,786,None,Move,office
1569572908.78,590,785,None,Move,office
1569572908.788,592,783,None,Move,office
1569572908.796,593,781,None,Move,office
1569572908.804,595,780,None,Move,office
1569572908.812,596,779,None,Move,office
1569572908.82,596,777,None,Move,office
1569572908.826,597,776,None,Move,office
1569572908.834,599,775,None,Move,office
1569572908.842,600,773,None,Move,office
1569572908.85,602,771,None,Move,office
1569572908.8579998,603,770,None,Move,office
1569572908.8660002,604,769,None,Move,office
1569572908.8739998,604,768,None,Move,office
1569572908.8820002,605,767,None,Move,office
1569572908.889,605,767,None,Move,office
1569572908.956,606,767,None,Move,office
1569572908.981,607,767,Left,Pressed,office
1569572908.982,607,767,None,Drag,office
1569572908.982,607,767,Left,Released,office
1569572909.5879998,607,766,None,Move,office
1569572909.596,608,765,None,Move,office
1569572909.604,609,765,None,Move,office
1569572909.6120002,609,765,None,Move,office
1569572909.6260002,610,765,None,Move,office
1569572909.637,611,764,None,Move,office
1569572909.658,612,764,None,Move,office
1569572909.666,612,763,None,Move,office
1569572909.6820002,613,763,None,Move,office
1569572909.69,613,762,None,Move,office
1569572909.696,614,762,None,Move,office
1569572909.786,614,762,None,Move,office
1569572909.798,615,762,None,Move,office
1569572909.806,616,761,None,Move,office
1569572909.822,617,761,None,Move,office
1569572911.024,617,761,None,Move,office
1569572911.04,618,760,None,Move,office
1569572911.048,619,760,None,Move,office
1569572911.056,620,760,None,Move,office
1569572911.062,621,760,None,Move,office
1569572911.069,622,759,None,Move,office
1569572911.0779998,623,759,None,Move,office
1569572911.086,624,759,None,Move,office
1569572911.094,625,758,None,Move,office
1569572911.1020002,625,758,None,Move,office
1569572911.171,626,757,None,Move,office
1569572911.1829998,627,757,None,Move,office
1569572911.191,627,757,None,Move,office
1569572911.199,628,757,None,Move,office
1569572911.207,630,759,None,Move,office
1569572911.2129998,631,760,None,Move,office
1569572911.221,631,762,None,Move,office
1569572911.229,632,763,None,Move,office
1569572911.2370002,634,764,None,Move,office
1569572911.245,634,765,None,Move,office
1569572911.2529998,635,767,None,Move,office
1569572911.2610002,635,767,None,Move,office
1569572911.269,636,768,None,Move,office
1569572911.2770002,637,768,None,Move,office
1569572911.286,637,769,None,Move,office
1569572911.529,638,769,None,Move,office
1569572911.593,638,769,None,Move,office
1569572911.605,638,769,None,Move,office
1569572911.613,638,768,None,Move,office
1569572911.619,638,768,None,Move,office
1569572911.627,638,767,None,Move,office
1569572911.635,638,766,None,Move,office
1569572911.643,639,766,None,Move,office
1569572911.651,639,765,None,Move,office
1569572911.671,639,764,None,Move,office
1569572912.316,639,764,None,Move,office
1569572912.3279998,639,765,None,Move,office
1569572912.334,639,765,None,Move,office
1569572912.342,639,767,None,Move,office
1569572912.349,639,769,None,Move,office
1569572912.3579998,639,770,None,Move,office
1569572912.3660002,639,772,None,Move,office
1569572912.373,639,773,None,Move,office
1569572912.3820002,639,774,None,Move,office
1569572912.394,639,775,None,Move,office
1569572912.4020002,639,775,None,Move,office
1569572912.5879998,639,775,None,Move,office
1569572912.596,639,774,None,Move,office
1569572912.604,639,773,None,Move,office
1569572912.674,639,773,None,Move,office
1569572912.69,639,774,None,Move,office
1569572912.698,638,775,None,Move,office
1569572912.706,638,777,None,Move,office
1569572912.714,638,778,None,Move,office
1569572912.722,637,778,None,Move,office
1569572912.7270002,636,779,None,Move,office
1569572912.736,636,780,None,Move,office
1569572912.744,635,781,None,Move,office
1569572912.756,635,781,None,Move,office
1569572912.764,634,781,None,Move,office
1569572912.772,634,782,None,Move,office
1569572912.78,633,783,None,Move,office
1569572912.788,633,783,None,Move,office
1569572912.796,632,784,None,Move,office
1569572912.804,631,785,None,Move,office
1569572912.81,630,786,None,Move,office
1569572912.8179998,630,786,None,Move,office
1569572912.826,629,788,None,Move,office
1569572912.833,628,788,None,Move,office
1569572912.842,627,789,None,Move,office
1569572912.85,627,790,None,Move,office
1569572912.8579998,626,790,None,Move,office
1569572912.8779998,625,790,None,Move,office
1569572914.305,625,790,None,Move,office
1569572914.3170002,625,790,None,Move,office
1569572914.339,626,790,None,Move,office
1569572914.813,626,790,None,Move,office
1569572914.961,626,789,None,Move,office
1569572914.974,626,788,None,Move,office
1569572914.979,626,786,None,Move,office
1569572914.988,626,780,None,Move,office
1569572914.996,625,771,None,Move,office
1569572915.004,622,762,None,Move,office
1569572915.0110002,617,751,None,Move,office
1569572915.019,609,741,None,Move,office
1569572915.028,601,728,None,Move,office
1569572915.036,588,709,None,Move,office
1569572915.044,572,693,None,Move,office
1569572915.052,554,672,None,Move,office
1569572915.0579998,534,649,None,Move,office
1569572915.066,511,629,None,Move,office
1569572915.073,489,606,None,Move,office
1569572915.082,463,580,None,Move,office
1569572915.09,442,558,None,Move,office
1569572915.0979998,427,540,None,Move,office
1569572915.106,409,523,None,Move,office
1569572915.1139998,387,505,None,Move,office
1569572915.1220002,373,495,None,Move,office
1569572915.129,360,487,None,Move,office
1569572915.1360002,353,480,None,Move,office
1569572915.144,345,475,None,Move,office
1569572915.1520002,341,472,None,Move,office
1569572915.16,339,470,None,Move,office
1569572915.168,338,469,None,Move,office
1569572915.176,338,469,None,Move,office
1569572915.196,338,468,None,Move,office
1569572915.204,338,467,None,Move,office
1569572915.21,338,467,None,Move,office
1569572915.218,339,467,None,Move,office
1569572915.226,339,466,None,Move,office
1569572915.344,339,466,None,Move,office
1569572915.3520002,341,468,None,Move,office
1569572915.36,343,471,None,Move,office
1569572915.3679998,345,474,None,Move,office
1569572915.3739998,348,477,None,Move,office
1569572915.3820002,351,480,None,Move,office
1569572915.389,355,484,None,Move,office
1569572915.397,358,485,None,Move,office
1569572915.406,362,487,None,Move,office
1569572915.414,366,489,None,Move,office
1569572915.4220002,369,491,None,Move,office
1569572915.43,370,493,None,Move,office
1569572915.438,372,495,None,Move,office
1569572915.445,374,497,None,Move,office
1569572915.452,376,498,None,Move,office
1569572915.46,378,499,None,Move,office
1569572915.468,378,500,None,Move,office
1569572915.476,379,501,None,Move,office
1569572915.484,379,501,None,Move,office
1569572915.6279998,379,501,Left,Pressed,office
1569572915.722,379,501,Left,Released,office
1569572915.8779998,381,501,None,Move,office
1569572915.8860002,381,500,None,Move,office
1569572915.894,383,499,None,Move,office
1569572915.9020002,384,497,None,Move,office
1569572915.91,385,496,None,Move,office
1569572915.918,387,494,None,Move,office
1569572915.926,389,493,None,Move,office
1569572915.9320002,390,493,None,Move,office
1569572915.94,390,492,None,Move,office
1569572915.948,391,492,None,Move,office
1569572915.96,391,491,None,Move,office
1569572916.0470002,391,491,Left,Pressed,office
1569572916.1279998,391,491,Left,Released,office
1569572916.174,391,491,Left,Pressed,office
1569572916.272,391,491,Left,Released,office
1569572916.296,391,491,None,Move,office
1569572916.3079998,391,491,None,Move,office
1569572916.554,391,492,None,Move,office
1569572916.5679998,391,492,None,Move,office
1569572916.576,391,493,None,Move,office
1569572916.584,391,494,None,Move,office
1569572916.592,391,494,None,Move,office
1569572916.6,391,495,None,Move,office
1569572916.6079998,391,496,None,Move,office
1569572916.619,391,497,None,Move,office
1569572916.6320002,391,497,None,Move,office
1569572916.646,391,498,None,Move,office
1569572916.6620002,391,499,None,Move,office
1569572916.694,391,499,None,Move,office
1569572916.702,391,500,None,Move,office
1569572916.71,391,501,None,Move,office
1569572916.718,391,502,None,Move,office
1569572916.726,391,502,None,Move,office
1569572916.736,391,503,None,Move,office
1569572916.744,390,505,None,Move,office
1569572916.764,390,505,None,Move,office
1569572916.765,390,506,None,Move,office
1569572916.768,390,507,None,Move,office
1569572916.776,390,507,None,Move,office
1569572916.788,390,508,None,Move,office
1569572916.796,389,509,None,Move,office
1569572916.802,389,510,None,Move,office
1569572916.81,389,510,None,Move,office
1569572916.8179998,389,511,None,Move,office
1569572916.826,389,512,None,Move,office
1569572916.834,388,512,None,Move,office
1569572916.842,388,513,None,Move,office
1569572916.85,388,514,None,Move,office
1569572916.8579998,388,515,None,Move,office
1569572916.8660002,387,517,None,Move,office
1569572916.8739998,387,519,None,Move,office
1569572916.8820002,386,520,None,Move,office
1569572916.8879998,386,522,None,Move,office
1569572916.896,385,524,None,Move,office
1569572916.913,384,525,None,Move,office
1569572916.915,384,527,None,Move,office
1569572916.92,383,529,None,Move,office
1569572916.927,383,530,None,Move,office
1569572916.936,383,532,None,Move,office
1569572916.944,383,534,None,Move,office
1569572916.952,382,534,None,Move,office
1569572916.96,382,535,None,Move,office
1569572916.966,382,537,None,Move,office
1569572916.9729998,382,537,None,Move,office
1569572916.982,382,539,None,Move,office
1569572916.99,382,539,None,Move,office
1569572916.998,382,540,None,Move,office
1569572917.006,382,541,None,Move,office
1569572917.014,382,542,None,Move,office
1569572917.026,382,542,None,Move,office
1569572917.038,382,543,None,Move,office
1569572917.06,382,544,None,Move,office
1569572917.072,382,544,None,Move,office
1569572917.084,382,544,None,Move,office
1569572917.1,383,544,None,Move,office
1569572917.1160002,384,544,None,Move,office
1569572917.1220002,384,544,None,Move,office
1569572917.13,385,544,None,Move,office
1569572917.1379998,386,544,None,Move,office
1569572917.154,386,544,None,Move,office
1569572917.1620002,387,544,None,Move,office
1569572917.17,388,544,None,Move,office
1569572917.178,388,544,None,Move,office
1569572917.186,389,544,None,Move,office
1569572917.194,389,544,None,Move,office
1569572917.2,390,544,None,Move,office
1569572917.212,391,544,None,Move,office
1569572917.22,391,544,None,Move,office
1569572917.228,392,544,None,Move,office
1569572917.236,393,545,None,Move,office
1569572917.2429998,393,546,None,Move,office
1569572917.252,394,547,None,Move,office
1569572917.26,395,548,None,Move,office
1569572917.268,397,550,None,Move,office
1569572917.276,398,552,None,Move,office
1569572917.282,400,554,None,Move,office
1569572917.29,402,555,None,Move,office
1569572917.298,403,557,None,Move,office
1569572917.306,405,559,None,Move,office
1569572917.314,407,562,None,Move,office
1569572917.322,409,564,None,Move,office
1569572917.33,410,565,None,Move,office
1569572917.3379998,412,567,None,Move,office
1569572917.346,414,569,None,Move,office
1569572917.3520002,416,572,None,Move,office
1569572917.36,418,575,None,Move,office
1569572917.3679998,420,580,None,Move,office
1569572917.3760002,422,584,None,Move,office
1569572917.3839998,424,587,None,Move,office
1569572917.3920002,425,589,None,Move,office
1569572917.4,427,591,None,Move,office
1569572917.408,427,593,None,Move,office
1569572917.416,427,596,None,Move,office
1569572917.424,428,597,None,Move,office
1569572917.431,429,599,None,Move,office
1569572917.438,430,601,None,Move,office
1569572917.446,430,602,None,Move,office
1569572917.454,431,604,None,Move,office
1569572917.462,431,606,None,Move,office
1569572917.47,432,606,None,Move,office
1569572917.478,432,607,None,Move,office
1569572917.485,432,609,None,Move,office
1569572917.494,433,609,None,Move,office
1569572917.51,433,610,None,Move,office
1569572917.524,433,611,None,Move,office
1569572917.552,434,611,None,Move,office
1569572917.572,434,611,None,Move,office
1569572918.04,434,612,None,Move,office
1569572918.048,434,613,None,Move,office
1569572918.056,434,614,None,Move,office
1569572918.064,434,616,None,Move,office
1569572918.072,434,617,None,Move,office
1569572918.0779998,434,617,None,Move,office
1569572918.086,434,619,None,Move,office
1569572918.097,434,620,None,Move,office
1569572918.13,434,620,None,Move,office
1569572918.164,435,621,None,Move,office
1569572918.176,435,622,None,Move,office
1569572918.184,435,622,None,Move,office
1569572918.1920002,436,624,None,Move,office
1569572918.2,436,625,None,Move,office
1569572918.208,436,626,None,Move,office
1569572918.216,436,627,None,Move,office
1569572918.224,436,628,None,Move,office
1569572918.232,436,630,None,Move,office
1569572918.2370002,436,632,None,Move,office
1569572918.246,436,633,None,Move,office
1569572918.254,436,634,None,Move,office
1569572918.262,435,636,None,Move,office
1569572918.27,433,637,None,Move,office
1569572918.278,432,638,None,Move,office
1569572918.286,430,640,None,Move,office
1569572918.294,429,641,None,Move,office
1569572918.302,427,644,None,Move,office
1569572918.31,425,646,None,Move,office
1569572918.316,423,648,None,Move,office
1569572918.324,421,650,None,Move,office
1569572918.332,420,651,None,Move,office
1569572918.34,418,653,None,Move,office
1569572918.3479998,416,654,None,Move,office
1569572918.356,416,655,None,Move,office
1569572918.3639998,415,655,None,Move,office
1569572918.3760002,415,656,None,Move,office
1569572918.3839998,415,657,None,Move,office
1569572918.39,414,658,None,Move,office
1569572918.3979998,413,659,None,Move,office
1569572918.406,412,661,None,Move,office
1569572918.414,412,662,None,Move,office
1569572918.4220002,412,663,None,Move,office
1569572918.43,411,665,None,Move,office
1569572918.438,410,665,None,Move,office
1569572918.446,409,667,None,Move,office
1569572918.454,409,668,None,Move,office
1569572918.462,409,668,None,Move,office
1569572918.468,408,669,None,Move,office
1569572918.476,408,670,None,Move,office
1569572918.484,407,671,None,Move,office
1569572918.492,405,673,None,Move,office
1569572918.5,405,675,None,Move,office
1569572918.508,404,677,None,Move,office
1569572918.516,402,678,None,Move,office
1569572918.524,400,679,None,Move,office
1569572918.532,399,680,None,Move,office
1569572918.54,397,682,None,Move,office
1569572918.545,396,683,None,Move,office
1569572918.554,394,684,None,Move,office
1569572918.562,394,686,None,Move,office
1569572918.57,392,688,None,Move,office
1569572918.5779998,390,689,None,Move,office
1569572918.586,388,691,None,Move,office
1569572918.593,386,693,None,Move,office
1569572918.6020002,386,695,None,Move,office
1569572918.61,384,696,None,Move,office
1569572918.6179998,382,698,None,Move,office
1569572918.6260002,380,700,None,Move,office
1569572918.6320002,380,702,None,Move,office
1569572918.64,380,702,None,Move,office
1569572918.6479998,380,703,None,Move,office
1569572918.656,379,704,None,Move,office
1569572918.664,379,704,None,Move,office
1569572918.6720002,379,705,None,Move,office
1569572918.68,379,706,None,Move,office
1569572918.688,379,707,None,Move,office
1569572918.696,379,707,None,Move,office
1569572918.722,379,708,None,Move,office
1569572918.746,379,709,None,Move,office
1569572918.774,379,709,Left,Pressed,office
1569572918.8860002,379,709,Left,Released,office
1569572919.1,379,709,Left,Pressed,office
1569572919.206,379,709,Left,Released,office
1569572919.674,379,709,None,Move,office
1569572919.686,379,708,None,Move,office
1569572919.6929998,379,707,None,Move,office
1569572919.702,379,705,None,Move,office
1569572919.71,381,702,None,Move,office
1569572919.718,381,701,None,Move,office
1569572919.725,383,699,None,Move,office
1569572919.734,385,697,None,Move,office
1569572919.74,387,695,None,Move,office
1569572919.748,390,693,None,Move,office
1569572919.756,391,692,None,Move,office
1569572919.764,393,690,None,Move,office
1569572919.772,395,688,None,Move,office
1569572919.78,397,686,None,Move,office
1569572919.788,398,685,None,Move,office
1569572919.795,400,683,None,Move,office
1569572919.804,402,681,None,Move,office
1569572919.812,404,679,None,Move,office
1569572919.8179998,406,677,None,Move,office
1569572919.825,407,676,None,Move,office
1569572919.833,408,675,None,Move,office
1569572919.841,408,674,None,Move,office
1569572919.85,409,674,None,Move,office
1569572919.857,409,673,None,Move,office
1569572919.8660002,409,673,None,Move,office
1569572919.8739998,409,672,None,Move,office
1569572920.01,409,672,None,Move,office
1569572920.018,409,673,None,Move,office
1569572920.025,409,675,None,Move,office
1569572920.034,409,677,None,Move,office
1569572920.042,407,679,None,Move,office
1569572920.05,406,681,None,Move,office
1569572920.0570002,404,684,None,Move,office
1569572920.064,402,688,None,Move,office
1569572920.072,400,690,None,Move,office
1569572920.079,399,693,None,Move,office
1569572920.087,398,695,None,Move,office
1569572920.096,397,697,None,Move,office
1569572920.104,395,699,None,Move,office
1569572920.111,393,701,None,Move,office
1569572920.119,392,702,None,Move,office
1569572920.1279998,391,704,None,Move,office
1569572920.1339998,391,706,None,Move,office
1569572920.1420002,390,706,None,Move,office
1569572920.15,389,708,None,Move,office
1569572920.158,388,709,None,Move,office
1569572920.166,388,710,None,Move,office
1569572920.174,388,711,None,Move,office
1569572920.1820002,388,712,None,Move,office
1569572920.276,388,712,None,Move,office
1569572920.326,387,712,None,Move,office
1569572920.424,387,711,None,Move,office
1569572920.4320002,387,712,None,Move,office
1569572920.44,386,716,None,Move,office
1569572920.448,386,719,None,Move,office
1569572920.454,386,723,None,Move,office
1569572920.462,386,727,None,Move,office
1569572920.47,386,731,None,Move,office
1569572920.478,386,732,None,Move,office
1569572920.486,386,735,None,Move,office
1569572920.494,388,737,None,Move,office
1569572920.502,390,738,None,Move,office
1569572920.51,390,740,None,Move,office
1569572920.518,392,742,None,Move,office
1569572920.526,392,744,None,Move,office
1569572920.532,393,744,None,Move,office
1569572920.54,393,746,None,Move,office
1569572920.548,394,747,None,Move,office
1569572920.556,394,747,None,Move,office
1569572920.564,394,748,None,Move,office
1569572920.572,394,749,None,Move,office
1569572920.58,395,751,None,Move,office
1569572920.5879998,396,754,None,Move,office
1569572920.596,396,758,None,Move,office
1569572920.604,396,761,None,Move,office
1569572920.61,396,768,None,Move,office
1569572920.6179998,395,775,None,Move,office
1569572920.6260002,393,784,None,Move,office
1569572920.6339998,391,792,None,Move,office
1569572920.644,388,803,None,Move,office
1569572920.649,386,810,None,Move,office
1569572920.658,383,819,None,Move,office
1569572920.666,381,829,None,Move,office
1569572920.674,378,838,None,Move,office
1569572920.6820002,376,847,None,Move,office
1569572920.688,373,857,None,Move,office
1569572920.696,372,867,None,Move,office
1569572920.704,372,880,None,Move,office
1569572920.712,372,895,None,Move,office
1569572920.72,374,909,None,Move,office
1569572920.728,373,921,None,Move,office
1569572920.736,373,931,None,Move,office
1569572920.744,372,941,None,Move,office
1569572920.752,372,949,None,Move,office
1569572920.76,371,958,None,Move,office
1569572920.766,368,965,None,Move,office
1569572920.774,367,972,None,Move,office
1569572920.782,367,979,None,Move,office
1569572920.801,366,983,None,Move,office
1569572920.802,366,988,None,Move,office
1569572920.806,366,991,None,Move,office
1569572920.814,366,992,None,Move,office
1569572920.822,366,994,None,Move,office
1569572920.83,366,995,None,Move,office
1569572920.845,367,995,None,Move,office
1569572920.86,368,995,None,Move,office
1569572920.8679998,368,995,None,Move,office
1569572920.8760002,368,993,None,Move,office
1569572920.8839998,369,992,None,Move,office
1569572920.8920002,371,990,None,Move,office
1569572920.9,372,988,None,Move,office
1569572920.908,373,985,None,Move,office
1569572920.916,374,984,None,Move,office
1569572920.924,376,982,None,Move,office
1569572920.93,377,980,None,Move,office
1569572920.938,379,978,None,Move,office
1569572920.946,380,977,None,Move,office
1569572920.954,381,975,None,Move,office
1569572920.962,381,973,None,Move,office
1569572920.97,382,972,None,Move,office
1569572920.978,383,970,None,Move,office
1569572920.986,384,968,None,Move,office
1569572920.994,384,967,None,Move,office
1569572921.002,384,965,None,Move,office
1569572921.008,385,963,None,Move,office
1569572921.016,385,962,None,Move,office
1569572921.024,385,960,None,Move,office
1569572921.032,386,958,None,Move,office
1569572921.04,386,957,None,Move,office
1569572921.048,386,955,None,Move,office
1569572921.056,387,953,None,Move,office
1569572921.064,387,953,None,Move,office
1569572921.072,387,951,None,Move,office
1569572921.08,387,950,None,Move,office
1569572921.09,387,950,None,Move,office
1569572921.0979998,387,949,None,Move,office
1569572921.106,387,948,None,Move,office
1569572921.1139998,387,946,None,Move,office
1569572921.1220002,388,944,None,Move,office
1569572921.13,388,943,None,Move,office
1569572921.1379998,389,941,None,Move,office
1569572921.146,389,940,None,Move,office
1569572921.154,390,939,None,Move,office
1569572921.1620002,390,938,None,Move,office
1569572921.606,390,938,Left,Pressed,office
1569572921.606,390,938,None,Drag,office
1569572921.606,390,938,Left,Released,office
1569572921.716,390,938,Left,Pressed,office
1569572921.804,390,938,Left,Released,office
1569572921.941,391,936,None,Move,office
1569572921.949,393,935,None,Move,office
1569572921.955,395,931,None,Move,office
1569572921.9629998,397,925,None,Move,office
1569572921.971,400,918,None,Move,office
1569572921.979,402,911,None,Move,office
1569572921.9870002,405,903,None,Move,office
1569572921.995,407,896,None,Move,office
1569572922.004,409,887,None,Move,office
1569572922.012,412,880,None,Move,office
1569572922.02,414,873,None,Move,office
1569572922.028,416,867,None,Move,office
1569572922.036,419,860,None,Move,office
1569572922.042,421,856,None,Move,office
1569572922.05,423,850,None,Move,office
1569572922.0579998,425,845,None,Move,office
1569572922.066,428,841,None,Move,office
1569572922.074,430,835,None,Move,office
1569572922.082,432,829,None,Move,office
1569572922.089,434,825,None,Move,office
1569572922.0979998,436,819,None,Move,office
1569572922.106,437,814,None,Move,office
1569572922.1139998,440,808,None,Move,office
1569572922.12,442,803,None,Move,office
1569572922.1279998,444,797,None,Move,office
1569572922.1360002,447,791,None,Move,office
1569572922.144,449,784,None,Move,office
1569572922.1520002,451,780,None,Move,office
1569572922.16,452,778,None,Move,office
1569572922.168,454,777,None,Move,office
1569572922.176,454,775,None,Move,office
1569572922.184,454,773,None,Move,office
1569572922.1920002,455,773,None,Move,office
1569572922.2,455,771,None,Move,office
1569572922.206,455,770,None,Move,office
1569572922.218,455,770,None,Move,office
1569572922.226,456,770,None,Move,office
1569572922.2329998,456,769,None,Move,office
1569572922.27,456,768,None,Move,office
1569572922.776,456,768,None,Move,office
1569572922.791,457,767,None,Move,office
1569572922.8,457,766,None,Move,office
1569572922.8079998,457,765,None,Move,office
1569572922.82,457,765,None,Move,office
1569572922.832,458,764,None,Move,office
1569572922.8379998,458,763,None,Move,office
1569572922.846,459,762,None,Move,office
1569572922.854,459,760,None,Move,office
1569572922.8620002,460,758,None,Move,office
1569572922.87,461,757,None,Move,office
1569572922.8779998,461,756,None,Move,office
1569572922.8860002,462,754,None,Move,office
1569572922.894,463,753,None,Move,office
1569572922.9020002,464,751,None,Move,office
1569572922.91,465,749,None,Move,office
1569572922.918,466,748,None,Move,office
1569572922.924,467,744,None,Move,office
1569572922.9320002,467,740,None,Move,office
1569572922.939,467,736,None,Move,office
1569572922.948,466,731,None,Move,office
1569572922.956,463,725,None,Move,office
1569572922.964,462,720,None,Move,office
1569572922.972,461,716,None,Move,office
1569572922.98,459,710,None,Move,office
1569572922.988,458,705,None,Move,office
1569572922.994,455,697,None,Move,office
1569572923.002,453,693,None,Move,office
1569572923.01,451,689,None,Move,office
1569572923.018,449,685,None,Move,office
1569572923.026,447,682,None,Move,office
1569572923.034,447,680,None,Move,office
1569572923.041,446,678,None,Move,office
1569572923.05,445,676,None,Move,office
1569572923.0579998,445,675,None,Move,office
1569572923.065,444,674,None,Move,office
1569572923.074,444,673,None,Move,office
1569572923.1320002,444,673,Left,Pressed,office
1569572923.245,444,673,Left,Released,office
1569572923.3860002,444,674,None,Move,office
1569572923.3920002,444,679,None,Move,office
1569572923.4,443,682,None,Move,office
1569572923.408,442,686,None,Move,office
1569572923.416,440,692,None,Move,office
1569572923.423,439,696,None,Move,office
1569572923.4320002,437,701,None,Move,office
1569572923.439,436,705,None,Move,office
1569572923.448,435,711,None,Move,office
1569572923.456,434,716,None,Move,office
1569572923.464,431,720,None,Move,office
1569572923.47,429,724,None,Move,office
1569572923.478,427,730,None,Move,office
1569572923.486,425,734,None,Move,office
1569572923.494,423,737,None,Move,office
1569572923.502,421,740,None,Move,office
1569572923.51,421,742,None,Move,office
1569572923.518,419,743,None,Move,office
1569572923.526,417,745,None,Move,office
1569572923.534,416,746,None,Move,office
1569572923.541,416,747,None,Move,office
1569572923.686,416,747,None,Move,office
1569572923.702,416,747,None,Move,office
1569572923.712,415,747,None,Move,office
1569572923.786,414,747,None,Move,office
1569572923.81,414,748,None,Move,office
1569572923.8179998,414,749,None,Move,office
1569572923.842,414,749,None,Move,office
1569572923.853,414,750,None,Move,office
1569572923.8620002,414,751,None,Move,office
1569572923.87,414,752,None,Move,office
1569572923.875,414,753,None,Move,office
1569572923.8839998,414,755,None,Move,office
1569572923.8920002,415,755,None,Move,office
1569572923.9,415,756,None,Move,office
1569572923.908,415,757,None,Move,office
1569572923.916,415,757,None,Move,office
1569572923.924,415,758,None,Move,office
1569572923.95,415,759,None,Move,office
1569572923.958,415,760,None,Move,office
1569572923.966,415,760,None,Move,office
1569572923.978,415,761,None,Move,office
1569572923.985,415,762,None,Move,office
1569572923.994,415,764,None,Move,office
1569572924.002,415,766,None,Move,office
1569572924.01,415,767,None,Move,office
1569572924.018,415,769,None,Move,office
1569572924.026,415,770,None,Move,office
1569572924.032,415,772,None,Move,office
1569572924.04,415,775,None,Move,office
1569572924.048,417,778,None,Move,office
1569572924.056,417,780,None,Move,office
1569572924.064,418,784,None,Move,office
1569572924.071,420,790,None,Move,office
1569572924.08,421,795,None,Move,office
1569572924.0879998,421,800,None,Move,office
1569572924.096,423,807,None,Move,office
1569572924.104,424,814,None,Move,office
1569572924.11,424,821,None,Move,office
1569572924.1179998,424,826,None,Move,office
1569572924.1260002,424,830,None,Move,office
1569572924.1339998,424,835,None,Move,office
1569572924.1420002,425,838,None,Move,office
1569572924.15,425,839,None,Move,office
1569572924.158,426,841,None,Move,office
1569572924.166,427,843,None,Move,office
1569572924.174,428,844,None,Move,office
1569572924.1820002,429,846,None,Move,office
1569572924.188,429,847,None,Move,office
1569572924.195,429,848,None,Move,office
1569572924.204,430,848,None,Move,office
1569572924.212,430,849,None,Move,office
1569572924.22,430,850,None,Move,office
1569572924.228,430,850,None,Move,office
1569572924.24,430,851,None,Move,office
1569572924.264,430,852,None,Move,office
1569572924.274,430,853,None,Move,office
1569572924.282,430,853,None,Move,office
1569572924.29,430,855,None,Move,office
1569572924.2970002,430,856,None,Move,office
1569572924.306,430,856,None,Move,office
1569572924.314,430,857,None,Move,office
1569572924.322,429,858,None,Move,office
1569572924.33,429,859,None,Move,office
1569572924.3379998,428,861,None,Move,office
1569572924.346,427,862,None,Move,office
1569572924.3520002,426,864,None,Move,office
1569572924.36,425,866,None,Move,office
1569572924.3679998,425,867,None,Move,office
1569572924.3760002,424,868,None,Move,office
1569572924.3839998,424,870,None,Move,office
1569572924.3920002,424,870,None,Move,office
1569572924.4,424,870,None,Move,office
1569572924.408,424,871,None,Move,office
1569572924.541,424,871,Left,Pressed,office
1569572924.6420002,424,871,Left,Released,office
1569572924.6720002,424,871,None,Move,office
1569572924.68,424,871,None,Move,office
1569572924.6920002,425,870,None,Move,office
1569572924.7,426,869,None,Move,office
1569572924.708,430,867,None,Move,office
1569572924.716,434,866,None,Move,office
1569572924.724,440,865,None,Move,office
1569572924.732,444,864,None,Move,office
1569572924.74,451,862,None,Move,office
1569572924.746,456,861,None,Move,office
1569572924.754,460,859,None,Move,office
1569572924.762,463,858,None,Move,office
1569572924.77,465,857,None,Move,office
1569572924.778,466,857,None,Move,office
1569572924.786,468,856,None,Move,office
1569572924.794,470,856,None,Move,office
1569572924.802,471,856,None,Move,office
1569572924.81,472,856,None,Move,office
1569572924.8170002,473,856,None,Move,office
1569572924.824,474,856,None,Move,office
1569572924.832,475,856,None,Move,office
1569572924.843,476,856,None,Move,office
1569572924.856,476,856,None,Move,office
1569572924.8639998,476,857,None,Move,office
1569572924.8720002,477,857,None,Move,office
1569572924.88,478,858,None,Move,office
1569572924.8879998,478,859,None,Move,office
1569572924.896,478,860,None,Move,office
1569572924.904,479,862,None,Move,office
1569572924.91,479,863,None,Move,office
1569572924.918,479,865,None,Move,office
1569572924.925,480,867,None,Move,office
1569572924.9329998,480,868,None,Move,office
1569572924.941,480,870,None,Move,office
1569572924.95,480,871,None,Move,office
1569572924.958,480,872,None,Move,office
1569572924.966,479,874,None,Move,office
1569572924.974,478,875,None,Move,office
1569572924.982,477,876,None,Move,office
1569572924.992,477,877,None,Move,office
1569572924.9989998,477,878,None,Move,office
1569572925.008,477,878,None,Move,office
1569572925.016,477,879,None,Move,office
1569572925.048,478,879,None,Move,office
1569572925.086,479,879,None,Move,office
1569572925.094,481,879,None,Move,office
1569572925.1020002,482,879,None,Move,office
1569572925.11,484,879,None,Move,office
1569572925.1179998,486,878,None,Move,office
1569572925.1260002,488,877,None,Move,office
1569572925.133,489,876,None,Move,office
1569572925.14,491,876,None,Move,office
1569572925.1479998,493,875,None,Move,office
1569572925.156,494,874,None,Move,office
1569572925.164,495,873,None,Move,office
1569572925.32,496,873,None,Move,office
1569572925.566,496,873,None,Drag,office
1569572925.594,496,872,None,Drag,office
1569572925.606,497,871,None,Drag,office
1569572925.6139998,497,868,None,Drag,office
1569572925.62,498,863,None,Drag,office
1569572925.6279998,498,856,None,Drag,office
1569572925.6360002,498,849,None,Drag,office
1569572925.644,498,842,None,Drag,office
1569572925.6520002,498,834,None,Drag,office
1569572925.66,498,821,None,Drag,office
1569572925.668,498,804,None,Drag,office
1569572925.676,498,789,None,Drag,office
1569572925.684,497,773,None,Drag,office
1569572925.6920002,494,751,None,Drag,office
1569572925.7,494,735,None,Drag,office
1569572925.705,495,718,None,Drag,office
1569572925.714,495,702,None,Drag,office
1569572925.721,495,681,None,Drag,office
1569572925.73,495,663,None,Drag,office
1569572925.738,494,647,None,Drag,office
1569572925.746,493,630,None,Drag,office
1569572925.754,493,613,None,Drag,office
1569572925.762,493,593,None,Drag,office
1569572925.77,495,575,None,Drag,office
1569572925.776,496,559,None,Drag,office
1569572925.784,499,546,None,Drag,office
1569572925.792,499,531,None,Drag,office
1569572925.8,500,516,None,Drag,office
1569572925.8079998,500,501,None,Drag,office
1569572925.816,500,491,None,Drag,office
1569572925.824,500,481,None,Drag,office
1569572925.832,500,471,None,Drag,office
1569572925.84,500,461,None,Drag,office
1569572925.8479998,500,452,None,Drag,office
1569572925.856,500,445,None,Drag,office
1569572925.8620002,503,437,None,Drag,office
1569572925.869,504,430,None,Drag,office
1569572925.8779998,504,423,None,Drag,office
1569572925.8860002,504,418,None,Drag,office
1569572925.894,504,411,None,Drag,office
1569572925.9020002,504,406,None,Drag,office
1569572925.91,502,400,None,Drag,office
1569572925.918,501,395,None,Drag,office
1569572925.926,501,391,None,Drag,office
1569572925.934,500,386,None,Drag,office
1569572925.94,499,380,None,Drag,office
1569572925.948,498,375,None,Drag,office
1569572925.956,497,370,None,Drag,office
1569572925.964,496,362,None,Drag,office
1569572925.972,495,357,None,Drag,office
1569572925.98,493,351,None,Drag,office
1569572925.988,491,344,None,Drag,office
1569572925.996,489,337,None,Drag,office
1569572926.004,489,330,None,Drag,office
1569572926.012,489,322,None,Drag,office
1569572926.018,489,315,None,Drag,office
1569572926.026,490,308,None,Drag,office
1569572926.034,493,301,None,Drag,office
1569572926.042,495,294,None,Drag,office
1569572926.05,498,285,None,Drag,office
1569572926.0579998,499,278,None,Drag,office
1569572926.066,500,269,None,Drag,office
1569572926.074,501,262,None,Drag,office
1569572926.081,502,255,None,Drag,office
1569572926.09,504,248,None,Drag,office
1569572926.096,504,241,None,Drag,office
1569572926.104,504,235,None,Drag,office
1569572926.1120002,504,228,None,Drag,office
1569572926.12,505,221,None,Drag,office
1569572926.1279998,506,212,None,Drag,office
1569572926.135,506,205,None,Drag,office
1569572926.144,506,199,None,Drag,office
1569572926.1520002,506,195,None,Drag,office
1569572926.16,506,190,None,Drag,office
1569572926.168,506,186,None,Drag,office
1569572926.174,507,183,None,Drag,office
1569572926.1820002,507,182,None,Drag,office
1569572926.19,507,179,None,Drag,office
1569572926.198,508,177,None,Drag,office
1569572926.206,508,176,None,Drag,office
1569572926.214,509,174,None,Drag,office
1569572926.222,509,173,None,Drag,office
1569572926.23,509,172,None,Drag,office
1569572926.238,509,170,None,Drag,office
1569572926.245,509,170,None,Drag,office
1569572926.2510002,509,169,None,Drag,office
1569572926.26,509,168,None,Drag,office
1569572926.268,509,167,None,Drag,office
1569572926.276,509,166,None,Drag,office
1569572926.284,510,166,None,Drag,office
1569572926.3,510,165,None,Drag,office
1569572926.3860002,510,165,None,Drag,office
1569572926.3979998,510,164,None,Drag,office
1569572926.406,510,163,None,Drag,office
1569572926.4120002,511,162,None,Drag,office
1569572926.42,512,161,None,Drag,office
1569572926.427,512,160,None,Drag,office
1569572926.435,512,159,None,Drag,office
1569572926.444,512,158,None,Drag,office
1569572926.451,513,156,None,Drag,office
1569572926.46,513,155,None,Drag,office
1569572926.468,514,153,None,Drag,office
1569572926.476,515,151,None,Drag,office
1569572926.484,515,150,None,Drag,office
1569572926.492,515,149,None,Drag,office
1569572926.498,515,147,None,Drag,office
1569572926.506,515,147,None,Drag,office
1569572926.518,515,147,None,Drag,office
1569572926.6320002,515,146,None,Drag,office
1569572926.644,516,145,None,Drag,office
1569572926.651,516,145,None,Drag,office
1569572927.079,516,145,None,Drag,office
1569572927.087,516,145,None,Drag,office
1569572927.095,516,146,None,Drag,office
1569572927.104,516,147,None,Drag,office
1569572927.1120002,516,148,None,Drag,office
1569572927.12,515,149,None,Drag,office
1569572927.1279998,514,150,None,Drag,office
1569572927.1339998,514,152,None,Drag,office
1569572927.1420002,513,154,None,Drag,office
1569572927.15,511,155,None,Drag,office
1569572927.158,509,158,None,Drag,office
1569572927.166,507,163,None,Drag,office
1569572927.174,504,169,None,Drag,office
1569572927.1820002,501,177,None,Drag,office
1569572927.19,498,184,None,Drag,office
1569572927.198,496,189,None,Drag,office
1569572927.206,494,194,None,Drag,office
1569572927.212,493,195,None,Drag,office
1569572927.22,492,197,None,Drag,office
1569572927.228,492,198,None,Drag,office
1569572927.235,492,198,None,Drag,office
1569572927.302,492,198,None,Drag,office
1569572927.428,492,199,None,Drag,office
1569572927.436,490,201,None,Drag,office
1569572927.444,489,202,None,Drag,office
1569572927.452,487,204,None,Drag,office
1569572927.458,487,206,None,Drag,office
1569572927.466,485,209,None,Drag,office
1569572927.474,484,211,None,Drag,office
1569572927.482,483,214,None,Drag,office
1569572927.49,483,219,None,Drag,office
1569572927.498,481,225,None,Drag,office
1569572927.506,479,232,None,Drag,office
1569572927.514,478,239,None,Drag,office
1569572927.522,477,246,None,Drag,office
1569572927.53,477,253,None,Drag,office
1569572927.536,477,259,None,Drag,office
1569572927.544,476,265,None,Drag,office
1569572927.552,476,272,None,Drag,office
1569572927.56,476,275,None,Drag,office
1569572927.5679998,475,279,None,Drag,office
1569572927.576,475,283,None,Drag,office
1569572927.584,475,286,None,Drag,office
1569572927.592,475,288,None,Drag,office
1569572927.6,475,291,None,Drag,office
1569572927.6079998,475,295,None,Drag,office
1569572927.6139998,475,297,None,Drag,office
1569572927.6220002,475,301,None,Drag,office
1569572927.629,475,304,None,Drag,office
1569572927.6379998,475,306,None,Drag,office
1569572927.646,475,309,None,Drag,office
1569572927.654,475,311,None,Drag,office
1569572927.6620002,475,312,None,Drag,office
1569572927.67,475,314,None,Drag,office
1569572927.678,475,316,None,Drag,office
1569572927.686,475,317,None,Drag,office
1569572927.6920002,475,319,None,Drag,office
1569572927.7,475,320,None,Drag,office
1569572927.708,475,322,None,Drag,office
1569572927.716,475,324,None,Drag,office
1569572927.724,474,325,None,Drag,office
1569572927.732,474,327,None,Drag,office
1569572927.74,473,329,None,Drag,office
1569572927.748,472,331,None,Drag,office
1569572927.756,472,333,None,Drag,office
1569572927.764,472,335,None,Drag,office
1569572927.77,471,335,None,Drag,office
1569572927.7770002,471,337,None,Drag,office
1569572927.786,470,339,None,Drag,office
1569572927.793,470,340,None,Drag,office
1569572927.802,469,342,None,Drag,office
1569572927.81,468,344,None,Drag,office
1569572927.8170002,466,346,None,Drag,office
1569572927.826,465,349,None,Drag,office
1569572927.834,463,351,None,Drag,office
1569572927.842,461,353,None,Drag,office
1569572927.8479998,460,354,None,Drag,office
1569572927.856,459,356,None,Drag,office
1569572927.8639998,458,358,None,Drag,office
1569572927.8720002,458,359,None,Drag,office
1569572927.88,458,360,None,Drag,office
1569572927.887,457,361,None,Drag,office
1569572929.722,457,362,None,Move,office
1569572929.734,457,362,None,Move,office
1569572929.75,458,363,None,Move,office
1569572929.7610002,458,364,None,Move,office
1569572929.779,458,364,None,Move,office
1569572929.854,459,364,None,Move,office
1569572929.905,459,365,None,Move,office
1569572929.918,460,365,None,Move,office
1569572930.1,460,366,None,Move,office
1569572930.324,460,367,None,Move,office
1569572930.33,460,367,None,Move,office
1569572930.3379998,460,369,None,Move,office
1569572930.346,460,369,None,Move,office
1569572930.354,460,371,None,Move,office
1569572930.3620002,460,373,None,Move,office
1569572930.37,460,374,None,Move,office
1569572930.3779998,461,376,None,Move,office
1569572930.3860002,462,378,None,Move,office
1569572930.394,464,379,None,Move,office
1569572930.4020002,466,381,None,Move,office
1569572930.41,467,383,None,Move,office
1569572930.416,470,385,None,Move,office
1569572930.424,473,387,None,Move,office
1569572930.4320002,480,390,None,Move,office
1569572930.44,487,393,None,Move,office
1569572930.448,497,396,None,Move,office
1569572930.456,508,400,None,Move,office
1569572930.464,520,406,None,Move,office
1569572930.472,535,409,None,Move,office
1569572930.48,555,415,None,Move,office
1569572930.488,583,424,None,Move,office
1569572930.496,621,436,None,Move,office
1569572930.502,668,448,None,Move,office
1569572930.51,728,462,None,Move,office
1569572930.518,782,476,None,Move,office
1569572930.526,832,485,None,Move,office
1569572930.533,891,492,None,Move,office
1569572930.542,946,497,None,Move,office
1569572930.55,995,504,None,Move,office
1569572930.5579998,1041,512,None,Move,office
1569572930.565,1083,517,None,Move,office
1569572930.573,1116,522,None,Move,office
1569572930.58,1142,526,None,Move,office
1569572930.5879998,1174,530,None,Move,office
1569572930.596,1205,530,None,Move,office
1569572930.604,1233,531,None,Move,office
1569572930.6120002,1255,533,None,Move,office
1569572930.62,1268,533,None,Move,office
1569572930.6279998,1281,534,None,Move,office
1569572930.6360002,1291,534,None,Move,office
1569572930.644,1300,534,None,Move,office
1569572930.6520002,1308,537,None,Move,office
1569572930.658,1316,539,None,Move,office
1569572930.666,1320,540,None,Move,office
1569572930.674,1322,542,None,Move,office
1569572930.6820002,1324,543,None,Move,office
1569572930.69,1326,544,None,Move,office
1569572930.698,1326,545,None,Move,office
1569572930.916,1327,545,None,Move,office
1569572930.928,1328,545,None,Move,office
1569572930.936,1330,544,None,Move,office
1569572930.944,1333,543,None,Move,office
1569572930.952,1336,542,None,Move,office
1569572930.96,1340,541,None,Move,office
1569572930.968,1345,540,None,Move,office
1569572930.976,1354,539,None,Move,office
1569572930.982,1364,538,None,Move,office
1569572930.99,1377,538,None,Move,office
1569572930.998,1392,538,None,Move,office
1569572931.006,1407,538,None,Move,office
1569572931.014,1422,538,None,Move,office
1569572931.022,1435,538,None,Move,office
1569572931.03,1445,538,None,Move,office
1569572931.038,1456,535,None,Move,office
1569572931.046,1466,535,None,Move,office
1569572931.054,1473,534,None,Move,office
1569572931.06,1476,534,None,Move,office
1569572931.0679998,1478,534,None,Move,office
1569572931.076,1480,535,None,Move,office
1569572931.084,1480,540,None,Move,office
1569572931.092,1476,549,None,Move,office
1569572931.1,1469,558,None,Move,office
1569572931.1079998,1461,569,None,Move,office
1569572931.1160002,1453,576,None,Move,office
1569572931.1420002,1453,577,None,Move,office
1569572931.294,1452,577,None,Move,office
1569572931.322,1452,577,None,Move,office
1569572931.33,1451,576,None,Move,office
1569572931.3379998,1451,574,None,Move,office
1569572931.346,1452,574,None,Move,office
1569572931.354,1452,572,None,Move,office
1569572931.3620002,1454,570,None,Move,office
1569572931.37,1455,569,None,Move,office
1569572931.3760002,1457,569,None,Move,office
1569572931.3839998,1459,568,None,Move,office
1569572931.395,1459,567,None,Move,office
1569572931.403,1461,567,None,Move,office
1569572931.411,1463,566,None,Move,office
1569572931.419,1463,565,None,Move,office
1569572931.428,1464,565,None,Move,office
1569572931.474,1464,565,None,Move,office
1569572931.502,1464,564,None,Move,office
1569572931.51,1464,562,None,Move,office
1569572931.518,1464,561,None,Move,office
1569572931.526,1464,560,None,Move,office
1569572931.534,1464,559,None,Move,office
1569572931.552,1464,559,None,Move,office
1569572931.56,1466,560,None,Move,office
1569572931.5679998,1466,561,None,Move,office
1569572931.576,1466,561,None,Move,office
1569572931.584,1467,562,None,Move,office
1569572931.591,1468,563,None,Move,office
1569572931.6,1468,564,None,Move,office
1569572931.6079998,1468,565,None,Move,office
1569572931.613,1469,567,None,Move,office
1569572931.621,1470,567,None,Move,office
1569572931.63,1470,569,None,Move,office
1569572931.6379998,1471,570,None,Move,office
1569572931.646,1471,570,None,Move,office
1569572931.654,1471,571,None,Move,office
1569572931.6620002,1471,572,None,Move,office
1569572931.67,1471,574,None,Move,office
1569572931.678,1471,576,None,Move,office
1569572931.686,1471,577,None,Move,office
1569572931.6920002,1469,579,None,Move,office
1569572931.7,1467,581,None,Move,office
1569572931.708,1465,582,None,Move,office
1569572931.715,1464,584,None,Move,office
1569572931.7229998,1463,584,None,Move,office
1569572931.732,1461,585,None,Move,office
1569572931.74,1461,585,None,Move,office
1569572931.756,1460,586,None,Move,office
1569572931.768,1460,587,None,Move,office
1569572931.774,1459,587,None,Move,office
1569572931.782,1459,587,None,Move,office
1569572931.794,1459,587,None,Move,office
1569572931.802,1459,588,None,Move,office
1569572931.81,1458,589,None,Move,office
1569572931.8170002,1458,589,None,Move,office
1569572931.83,1457,590,None,Move,office
1569572931.8379998,1456,591,None,Move,office
1569572931.846,1456,592,None,Move,office
1569572931.851,1456,592,None,Move,office
1569572931.86,1456,593,None,Move,office
1569572931.8679998,1456,594,None,Move,office
1569572931.875,1455,595,None,Move,office
1569572931.8839998,1455,595,None,Move,office
1569572931.8920002,1455,596,None,Move,office
1569572931.9,1455,597,None,Move,office
1569572931.908,1455,598,None,Move,office
1569572931.915,1455,599,None,Move,office
1569572931.924,1454,599,None,Move,office
1569572931.9320002,1454,600,None,Move,office
1569572932.056,1454,600,None,Move,office
1569572932.0670002,1453,601,None,Move,office
1569572932.076,1451,603,None,Move,office
1569572932.084,1446,605,None,Move,office
1569572932.09,1437,607,None,Move,office
1569572932.0979998,1427,610,None,Move,office
1569572932.106,1413,613,None,Move,office
1569572932.113,1400,613,None,Move,office
1569572932.1220002,1382,612,None,Move,office
1569572932.129,1363,609,None,Move,office
1569572932.1379998,1346,606,None,Move,office
1569572932.146,1333,604,None,Move,office
1569572932.153,1322,601,None,Move,office
1569572932.161,1312,597,None,Move,office
1569572932.168,1301,590,None,Move,office
1569572932.176,1290,584,None,Move,office
1569572932.184,1281,579,None,Move,office
1569572932.1920002,1271,576,None,Move,office
1569572932.2,1257,573,None,Move,office
1569572932.208,1244,572,None,Move,office
1569572932.215,1229,572,None,Move,office
1569572932.2229998,1217,574,None,Move,office
1569572932.231,1202,576,None,Move,office
1569572932.24,1187,579,None,Move,office
1569572932.248,1170,582,None,Move,office
1569572932.254,1153,586,None,Move,office
1569572932.262,1138,590,None,Move,office
1569572932.269,1123,593,None,Move,office
1569572932.2770002,1107,597,None,Move,office
1569572932.285,1095,600,None,Move,office
1569572932.293,1084,603,None,Move,office
1569572932.302,1070,605,None,Move,office
1569572932.31,1053,608,None,Move,office
1569572932.3170002,1036,611,None,Move,office
1569572932.325,1023,611,None,Move,office
1569572932.332,1012,611,None,Move,office
1569572932.34,1001,611,None,Move,office
1569572932.3479998,991,608,None,Move,office
1569572932.356,982,607,None,Move,office
1569572932.363,974,604,None,Move,office
1569572932.3720002,966,602,None,Move,office
1569572932.379,959,599,None,Move,office
1569572932.387,954,597,None,Move,office
1569572932.396,949,595,None,Move,office
1569572932.404,944,593,None,Move,office
1569572932.41,938,592,None,Move,office
1569572932.418,934,590,None,Move,office
1569572932.425,930,588,None,Move,office
1569572932.434,927,588,None,Move,office
1569572932.4420002,925,586,None,Move,office
1569572932.45,923,585,None,Move,office
1569572932.458,921,585,None,Move,office
1569572932.466,920,584,None,Move,office
1569572932.474,918,584,None,Move,office
1569572932.481,916,584,None,Move,office
1569572932.488,915,584,None,Move,office
1569572932.496,913,584,None,Move,office
1569572932.504,911,584,None,Move,office
1569572932.512,910,584,None,Move,office
1569572932.52,908,584,None,Move,office
1569572932.528,907,584,None,Move,office
1569572932.536,905,583,None,Move,office
1569572932.544,904,583,None,Move,office
1569572932.552,903,582,None,Move,office
1569572932.56,901,582,None,Move,office
1569572932.5679998,897,581,None,Move,office
1569572932.574,893,580,None,Move,office
1569572932.582,888,579,None,Move,office
1569572932.59,881,577,None,Move,office
1569572932.5979998,875,575,None,Move,office
1569572932.606,869,573,None,Move,office
1569572932.6139998,864,571,None,Move,office
1569572932.6220002,858,568,None,Move,office
1569572932.63,854,566,None,Move,office
1569572932.6379998,851,564,None,Move,office
1569572932.646,849,563,None,Move,office
1569572932.6520002,848,561,None,Move,office
1569572932.66,846,559,None,Move,office
1569572932.668,844,557,None,Move,office
1569572932.676,842,555,None,Move,office
1569572932.684,842,554,None,Move,office
1569572932.6920002,841,551,None,Move,office
1569572932.7,841,548,None,Move,office
1569572932.708,841,547,None,Move,office
1569572932.716,842,545,None,Move,office
1569572932.724,843,543,None,Move,office
1569572932.73,843,542,None,Move,office
1569572932.738,844,540,None,Move,office
1569572932.746,846,538,None,Move,office
1569572932.754,846,537,None,Move,office
1569572932.762,846,535,None,Move,office
1569572932.77,847,534,None,Move,office
1569572932.778,848,534,None,Move,office
1569572932.786,849,533,None,Move,office
1569572932.794,849,532,None,Move,office
1569572932.836,849,531,None,Move,office
1569572932.8479998,850,531,None,Move,office
1569572932.856,851,530,None,Move,office
1569572932.8639998,851,528,None,Move,office
1569572932.8720002,852,527,None,Move,office
1569572932.88,853,525,None,Move,office
1569572932.8860002,854,524,None,Move,office
1569572932.894,855,524,None,Move,office
1569572932.9020002,855,522,None,Move,office
1569572932.921,855,521,None,Move,office
1569572932.988,856,521,None,Move,office
1569572933.004,856,521,None,Move,office
1569572933.016,857,521,None,Move,office
1569572933.164,857,520,None,Move,office
1569572933.176,857,518,None,Move,office
1569572933.188,858,518,None,Move,office
1569572933.266,858,518,Left,Pressed,office
1569572933.266,858,518,None,Drag,office
1569572933.278,859,518,None,Drag,office
1569572933.278,859,518,Left,Released,office
1569572933.414,860,518,Left,Pressed,office
1569572933.414,860,518,None,Drag,office
1569572933.426,860,518,None,Drag,office
1569572933.426,860,518,Left,Released,office
1569572934.295,860,518,None,Move,office
1569572934.303,859,523,None,Move,office
1569572934.311,857,530,None,Move,office
1569572934.319,855,538,None,Move,office
1569572934.3279998,851,546,None,Move,office
1569572934.333,846,557,None,Move,office
1569572934.342,838,566,None,Move,office
1569572934.35,830,576,None,Move,office
1569572934.357,823,583,None,Move,office
1569572934.3660002,815,591,None,Move,office
1569572934.3739998,808,599,None,Move,office
1569572934.3820002,803,606,None,Move,office
1569572934.39,799,611,None,Move,office
1569572934.3979998,797,614,None,Move,office
1569572934.406,795,615,None,Move,office
1569572934.4120002,791,618,None,Move,office
1569572934.42,788,621,None,Move,office
1569572934.428,785,623,None,Move,office
1569572934.435,781,625,None,Move,office
1569572934.444,777,627,None,Move,office
1569572934.452,773,629,None,Move,office
1569572934.46,770,631,None,Move,office
1569572934.468,768,632,None,Move,office
1569572934.476,765,633,None,Move,office
1569572934.484,764,634,None,Move,office
1569572934.49,762,634,None,Move,office
1569572934.498,761,634,None,Move,office
1569572934.506,760,634,None,Move,office
1569572934.514,759,634,None,Move,office
1569572934.6160002,758,634,None,Move,office
1569572934.764,758,634,None,Move,office
1569572934.776,758,633,None,Move,office
1569572934.784,758,633,None,Move,office
1569572934.792,758,632,None,Move,office
1569572934.8,758,631,None,Move,office
1569572934.8079998,758,631,None,Move,office
1569572934.814,758,630,None,Move,office
1569572934.826,758,629,None,Move,office
1569572934.834,758,628,None,Move,office
1569572934.842,758,628,None,Move,office
1569572934.85,758,627,None,Move,office
1569572934.8579998,758,626,None,Move,office
1569572934.8660002,758,625,None,Move,office
1569572934.8739998,758,624,None,Move,office
1569572934.8820002,758,623,None,Move,office
1569572934.89,758,623,None,Move,office
1569572934.896,758,622,None,Move,office
1569572935.042,758,621,None,Move,office
1569572935.052,758,621,None,Move,office
1569572935.06,758,620,None,Move,office
1569572935.0679998,758,619,None,Move,office
1569572935.202,759,618,None,Move,office
1569572935.207,760,617,None,Move,office
1569572935.215,760,616,None,Move,office
1569572935.2229998,760,615,None,Move,office
1569572935.231,760,613,None,Move,office
1569572935.24,760,612,None,Move,office
1569572935.248,761,612,None,Move,office
1569572935.256,761,611,None,Move,office
1569572935.268,761,610,None,Move,office
1569572935.604,761,609,None,Move,office
1569572937.623,761,609,None,Move,office
1569572937.631,760,611,None,Move,office
1569572937.639,758,613,None,Move,office
1569572937.647,756,613,None,Move,office
1569572937.655,754,614,None,Move,office
1569572937.663,752,616,None,Move,office
1569572937.671,750,616,None,Move,office
1569572937.679,748,617,None,Move,office
1569572937.687,746,617,None,Move,office
1569572937.695,743,618,None,Move,office
1569572937.701,740,618,None,Move,office
1569572937.709,738,618,None,Move,office
1569572937.717,736,618,None,Move,office
1569572937.725,734,616,None,Move,office
1569572937.7329998,732,614,None,Move,office
1569572937.7410002,730,613,None,Move,office
1569572937.7489998,726,611,None,Move,office
1569572937.7570002,720,608,None,Move,office
1569572937.765,716,606,None,Move,office
1569572937.7729998,709,604,None,Move,office
1569572937.779,703,602,None,Move,office
1569572937.7870002,696,599,None,Move,office
1569572937.795,689,597,None,Move,office
1569572937.803,681,594,None,Move,office
1569572937.811,674,592,None,Move,office
1569572937.819,665,588,None,Move,office
1569572937.827,658,586,None,Move,office
1569572937.836,651,583,None,Move,office
1569572937.844,643,580,None,Move,office
1569572937.8520002,635,576,None,Move,office
1569572937.8579998,624,572,None,Move,office
1569572937.8660002,614,568,None,Move,office
1569572937.8739998,603,567,None,Move,office
1569572937.8820002,593,565,None,Move,office
1569572937.89,581,566,None,Move,office
1569572937.8979998,568,568,None,Move,office
1569572937.906,556,568,None,Move,office
1569572937.914,546,568,None,Move,office
1569572937.9220002,537,567,None,Move,office
1569572937.93,529,566,None,Move,office
1569572937.936,521,563,None,Move,office
1569572937.944,516,561,None,Move,office
1569572937.952,509,559,None,Move,office
1569572937.96,503,556,None,Move,office
1569572937.968,497,553,None,Move,office
1569572937.976,490,550,None,Move,office
1569572937.984,484,548,None,Move,office
1569572937.992,477,546,None,Move,office
1569572938.0,471,544,None,Move,office
1569572938.0070002,466,541,None,Move,office
1569572938.015,462,539,None,Move,office
1569572938.021,458,537,None,Move,office
1569572938.029,453,535,None,Move,office
1569572938.0370002,451,533,None,Move,office
1569572938.045,448,532,None,Move,office
1569572938.054,446,531,None,Move,office
1569572938.062,444,530,None,Move,office
1569572938.07,443,529,None,Move,office
1569572938.0779998,442,527,None,Move,office
1569572938.086,440,526,None,Move,office
1569572938.094,439,526,None,Move,office
1569572938.1,438,525,None,Move,office
1569572938.1079998,437,524,None,Move,office
1569572938.1160002,436,523,None,Move,office
1569572938.1239998,436,523,None,Move,office
1569572938.14,435,523,None,Move,office
1569572938.1479998,435,522,None,Move,office
1569572938.156,434,522,None,Move,office
1569572938.168,434,521,None,Move,office
1569572938.174,434,521,None,Move,office
1569572938.186,433,521,None,Move,office
1569572938.197,433,520,None,Move,office
1569572938.205,432,520,None,Move,office
1569572938.35,432,520,Left,Pressed,office
1569572938.476,432,520,Left,Released,office
1569572938.686,432,520,None,Move,office
1569572938.702,433,521,None,Move,office
1569572938.709,435,522,None,Move,office
1569572938.718,439,523,None,Move,office
1569572938.726,443,524,None,Move,office
1569572938.734,447,525,None,Move,office
1569572938.74,452,525,None,Move,office
1569572938.748,454,526,None,Move,office
1569572938.756,458,526,None,Move,office
1569572938.764,461,526,None,Move,office
1569572938.772,464,526,None,Move,office
1569572938.78,465,527,None,Move,office
1569572938.788,467,527,None,Move,office
1569572938.796,468,527,None,Move,office
1569572938.804,468,528,None,Move,office
1569572938.924,469,528,None,Move,office
1569572938.936,471,528,None,Move,office
1569572938.944,472,528,None,Move,office
1569572938.952,474,528,None,Move,office
1569572938.96,475,528,None,Move,office
1569572938.968,477,528,None,Move,office
1569572938.976,479,528,None,Move,office
1569572938.981,479,527,None,Move,office
1569572938.99,481,527,None,Move,office
1569572938.998,482,526,None,Move,office
1569572939.006,483,525,None,Move,office
1569572939.014,484,525,None,Move,office
1569572939.022,485,524,None,Move,office
1569572939.03,486,524,None,Move,office
1569572939.038,487,524,None,Move,office
1569572939.046,488,524,None,Move,office
1569572939.054,489,524,None,Move,office
1569572939.06,490,524,None,Move,office
1569572939.0679998,491,524,None,Move,office
1569572939.08,491,524,None,Move,office
1569572939.0879998,492,524,None,Move,office
1569572939.095,493,523,None,Move,office
1569572939.1079998,493,523,None,Move,office
1569572939.1279998,494,523,None,Move,office
1569572939.146,495,523,None,Move,office
1569572939.1620002,495,523,None,Move,office
1569572939.178,496,523,None,Move,office
1569572939.215,497,523,None,Move,office
1569572940.232,497,523,None,Move,office
1569572940.482,497,523,None,Move,office
1569572945.512,497,524,None,Move,office
1569572945.52,497,526,None,Move,office
1569572945.528,497,527,None,Move,office
1569572945.536,497,529,None,Move,office
1569572945.542,497,531,None,Move,office
1569572945.55,497,532,None,Move,office
1569572945.5579998,497,534,None,Move,office
1569572945.566,497,535,None,Move,office
1569572945.574,497,537,None,Move,office
1569572945.582,497,538,None,Move,office
1569572945.59,497,539,None,Move,office
1569572945.5979998,497,541,None,Move,office
1569572945.606,497,541,None,Move,office
1569572945.613,497,543,None,Move,office
1569572945.62,497,545,None,Move,office
1569572945.627,497,546,None,Move,office
1569572945.6360002,497,548,None,Move,office
1569572945.644,497,549,None,Move,office
1569572945.651,497,551,None,Move,office
1569572945.659,496,554,None,Move,office
1569572945.667,496,556,None,Move,office
1569572945.676,495,558,None,Move,office
1569572945.684,495,562,None,Move,office
1569572945.691,494,566,None,Move,office
1569572945.698,494,569,None,Move,office
1569572945.706,494,572,None,Move,office
1569572945.714,494,576,None,Move,office
1569572945.722,493,579,None,Move,office
1569572945.73,492,582,None,Move,office
1569572945.738,492,584,None,Move,office
1569572945.746,492,586,None,Move,office
1569572945.754,492,587,None,Move,office
1569572945.762,492,589,None,Move,office
1569572945.77,491,591,None,Move,office
1569572945.775,491,591,None,Move,office
1569572945.784,490,593,None,Move,office
1569572945.792,490,595,None,Move,office
1569572945.8,489,596,None,Move,office
1569572945.8079998,489,598,None,Move,office
1569572945.816,488,600,None,Move,office
1569572945.824,488,601,None,Move,office
1569572945.832,488,604,None,Move,office
1569572945.84,488,605,None,Move,office
1569572945.8479998,488,607,None,Move,office
1569572945.856,488,608,None,Move,office
1569572945.8620002,488,608,None,Move,office
1569572945.8779998,488,609,None,Move,office
1569572945.894,488,610,None,Move,office
1569572945.9020002,488,610,None,Move,office
1569572945.91,489,611,None,Move,office
1569572945.918,490,613,None,Move,office
1569572945.926,490,615,None,Move,office
1569572945.9329998,492,617,None,Move,office
1569572945.94,493,618,None,Move,office
1569572945.948,493,619,None,Move,office
1569572945.956,494,620,None,Move,office
1569572945.964,495,621,None,Move,office
1569572945.972,495,622,None,Move,office
1569572945.98,495,622,None,Move,office
1569572945.988,495,623,None,Move,office
1569572946.01,495,623,None,Move,office
1569572946.018,495,624,None,Move,office
1569572946.026,495,625,None,Move,office
1569572946.034,495,626,None,Move,office
1569572946.042,495,627,None,Move,office
1569572946.05,495,629,None,Move,office
1569572946.0579998,495,629,None,Move,office
1569572946.066,495,630,None,Move,office
1569572946.074,495,631,None,Move,office
1569572946.178,495,631,None,Move,office
1569572946.186,495,631,None,Move,office
1569572946.194,494,631,None,Move,office
1569572946.206,494,630,None,Move,office
1569572946.217,493,630,None,Move,office
1569572946.225,493,630,None,Move,office
1569572946.32,493,629,None,Move,office
1569572946.33,492,629,None,Move,office
1569572946.342,492,628,None,Move,office
1569572946.35,491,628,None,Move,office
1569572946.3620002,491,628,None,Move,office
1569572946.37,491,627,None,Move,office
1569572946.3820002,491,626,None,Move,office
1569572946.411,491,625,None,Move,office
1569572946.488,491,625,None,Move,office
1569572946.498,491,624,None,Move,office
1569572946.506,491,623,None,Move,office
1569572946.518,491,623,None,Move,office
1569572946.53,491,622,None,Move,office
1569572946.542,491,621,None,Move,office
1569572946.55,492,620,None,Move,office
1569572946.562,492,620,None,Move,office
1569572946.57,492,619,None,Move,office
1569572946.58,492,618,None,Move,office
1569572946.5879998,493,618,None,Move,office
1569572946.64,493,618,None,Move,office
1569572946.8620002,493,618,None,Move,office
1569572946.8779998,493,618,None,Move,office
1569572946.8860002,493,620,None,Move,office
1569572946.8920002,493,620,None,Move,office
1569572946.9,493,621,None,Move,office
1569572946.9120002,493,622,None,Move,office
1569572946.92,493,622,None,Move,office
1569572946.928,493,623,None,Move,office
1569572946.936,493,624,None,Move,office
1569572946.955,493,625,None,Move,office
1569572947.3879998,493,625,None,Move,office
1569572947.4,492,625,None,Move,office
1569572947.408,490,627,None,Move,office
1569572947.416,489,629,None,Move,office
1569572947.424,486,630,None,Move,office
1569572947.4320002,484,636,None,Move,office
1569572947.44,480,649,None,Move,office
1569572947.448,474,667,None,Move,office
1569572947.4529998,470,677,None,Move,office
1569572947.462,466,686,None,Move,office
1569572947.47,464,693,None,Move,office
1569572947.478,462,702,None,Move,office
1569572947.486,461,711,None,Move,office
1569572947.494,461,719,None,Move,office
1569572947.502,461,729,None,Move,office
1569572947.51,461,737,None,Move,office
1569572947.518,461,746,None,Move,office
1569572947.526,461,754,None,Move,office
1569572947.532,459,765,None,Move,office
1569572947.54,456,775,None,Move,office
1569572947.548,456,783,None,Move,office
1569572947.556,456,790,None,Move,office
1569572947.564,455,799,None,Move,office
1569572947.572,455,806,None,Move,office
1569572947.58,455,811,None,Move,office
1569572947.5879998,455,816,None,Move,office
1569572947.596,455,819,None,Move,office
1569572947.604,455,821,None,Move,office
1569572947.61,456,825,None,Move,office
1569572947.6179998,456,827,None,Move,office
1569572947.6260002,457,831,None,Move,office
1569572947.6339998,458,834,None,Move,office
1569572947.6420002,458,838,None,Move,office
1569572947.65,459,841,None,Move,office
1569572947.658,460,845,None,Move,office
1569572947.665,462,849,None,Move,office
1569572947.674,463,852,None,Move,office
1569572947.6820002,464,854,None,Move,office
1569572947.688,465,856,None,Move,office
1569572947.696,466,858,None,Move,office
1569572947.704,467,862,None,Move,office
1569572947.712,468,866,None,Move,office
1569572947.72,469,871,None,Move,office
1569572947.728,469,876,None,Move,office
1569572947.735,470,882,None,Move,office
1569572947.744,470,887,None,Move,office
1569572947.752,470,892,None,Move,office
1569572947.76,470,897,None,Move,office
1569572947.7670002,470,904,None,Move,office
1569572947.774,470,911,None,Move,office
1569572947.782,470,918,None,Move,office
1569572947.79,470,924,None,Move,office
1569572947.7970002,470,931,None,Move,office
1569572947.806,470,940,None,Move,office
1569572947.814,470,950,None,Move,office
1569572947.822,470,960,None,Move,office
1569572947.83,470,970,None,Move,office
1569572947.8379998,471,980,None,Move,office
1569572947.846,471,992,None,Move,office
1569572947.8520002,471,1002,None,Move,office
1569572947.86,471,1010,None,Move,office
1569572947.8679998,471,1017,None,Move,office
1569572947.8760002,471,1025,None,Move,office
1569572947.8839998,471,1032,None,Move,office
1569572947.8920002,471,1039,None,Move,office
1569572947.9,471,1044,None,Move,office
1569572947.908,471,1049,None,Move,office
1569572947.915,471,1052,None,Move,office
1569572947.924,471,1054,None,Move,office
1569572947.93,471,1055,None,Move,office
1569572947.938,471,1057,None,Move,office
1569572947.946,471,1058,None,Move,office
1569572947.954,471,1060,None,Move,office
1569572947.962,471,1062,None,Move,office
1569572947.97,471,1063,None,Move,office
1569572947.978,471,1065,None,Move,office
1569572947.986,471,1066,None,Move,office
1569572947.994,472,1066,None,Move,office
1569572948.072,472,1067,None,Move,office
1569572948.08,472,1069,None,Move,office
1569572948.086,472,1069,None,Move,office
1569572948.094,472,1071,None,Move,office
1569572948.1020002,472,1072,None,Move,office
1569572948.11,473,1072,None,Move,office
1569572948.208,473,1073,None,Move,office
1569572948.216,474,1074,None,Move,office
1569572948.228,474,1074,None,Move,office
1569572948.235,474,1075,None,Move,office
1569572948.41,475,1077,None,Move,office
1569572948.4220002,475,1077,None,Move,office
1569572948.43,475,1078,None,Move,office
1569572949.69,475,1078,None,Move,office
1569572951.674,475,1077,None,Move,office
1569572951.68,475,1066,None,Move,office
1569572951.688,475,1051,None,Move,office
1569572951.696,475,1035,None,Move,office
1569572951.704,475,1020,None,Move,office
1569572951.711,475,1003,None,Move,office
1569572951.72,475,992,None,Move,office
1569572951.728,475,983,None,Move,office
1569572951.736,475,973,None,Move,office
1569572951.744,475,968,None,Move,office
1569572951.752,476,964,None,Move,office
1569572951.76,477,961,None,Move,office
1569572951.766,478,958,None,Move,office
1569572951.774,478,957,None,Move,office
1569572951.782,478,955,None,Move,office
1569572951.79,478,953,None,Move,office
1569572951.7970002,479,952,None,Move,office
1569572951.806,479,951,None,Move,office
1569572951.813,479,950,None,Move,office
1569572951.822,479,949,None,Move,office
1569572951.83,479,947,None,Move,office
1569572951.8379998,480,946,None,Move,office
1569572951.844,480,945,None,Move,office
1569572951.8520002,480,944,None,Move,office
1569572951.86,480,944,None,Move,office
1569572951.954,480,943,None,Move,office
1569572951.966,480,942,None,Move,office
1569572951.974,480,940,None,Move,office
1569572951.982,479,937,None,Move,office
1569572951.99,478,935,None,Move,office
1569572951.998,478,934,None,Move,office
1569572952.004,478,933,None,Move,office
1569572952.016,478,932,None,Move,office
1569572952.184,477,932,None,Move,office
1569572952.1920002,475,937,None,Move,office
1569572952.2,473,941,None,Move,office
1569572952.208,471,948,None,Move,office
1569572952.216,468,955,None,Move,office
1569572952.224,466,964,None,Move,office
1569572952.232,465,972,None,Move,office
1569572952.24,462,981,None,Move,office
1569572952.246,461,988,None,Move,office
1569572952.254,460,995,None,Move,office
1569572952.262,459,1001,None,Move,office
1569572952.27,458,1006,None,Move,office
1569572952.2770002,457,1009,None,Move,office
1569572952.286,457,1012,None,Move,office
1569572952.294,457,1013,None,Move,office
1569572952.302,457,1015,None,Move,office
1569572952.31,457,1016,None,Move,office
1569572952.3179998,457,1017,None,Move,office
1569572952.326,457,1018,None,Move,office
1569572952.332,457,1018,None,Move,office
1569572952.34,457,1019,None,Move,office
1569572952.3520002,457,1020,None,Move,office
1569572952.4770002,456,1020,None,Move,office
1569572952.492,455,1019,None,Move,office
1569572952.5,455,1017,None,Move,office
1569572952.508,455,1013,None,Move,office
1569572952.516,454,1006,None,Move,office
1569572952.524,454,1000,None,Move,office
1569572952.532,452,991,None,Move,office
1569572952.54,452,982,None,Move,office
1569572952.548,452,972,None,Move,office
1569572952.555,450,964,None,Move,office
1569572952.561,449,954,None,Move,office
1569572952.57,449,944,None,Move,office
1569572952.577,449,934,None,Move,office
1569572952.586,449,927,None,Move,office
1569572952.594,449,920,None,Move,office
1569572952.601,449,916,None,Move,office
1569572952.61,449,914,None,Move,office
1569572952.6179998,449,912,None,Move,office
1569572952.6260002,450,910,None,Move,office
1569572952.6339998,450,909,None,Move,office
1569572952.6420002,450,908,None,Move,office
1569572952.6479998,450,907,None,Move,office
1569572952.656,450,906,None,Move,office
1569572952.664,450,905,None,Move,office
1569572952.6720002,450,903,None,Move,office
1569572952.687,450,903,None,Move,office
1569572952.708,450,902,None,Move,office
1569572952.716,450,900,None,Move,office
1569572952.742,450,900,None,Move,office
1569572952.75,450,899,None,Move,office
1569572952.758,450,898,None,Move,office
1569572952.766,449,898,None,Move,office
1569572952.774,449,896,None,Move,office
1569572952.782,448,894,None,Move,office
1569572952.79,446,893,None,Move,office
1569572952.798,445,891,None,Move,office
1569572952.804,443,889,None,Move,office
1569572952.812,441,886,None,Move,office
1569572952.82,440,883,None,Move,office
1569572952.827,439,882,None,Move,office
1569572952.836,438,880,None,Move,office
1569572952.844,437,878,None,Move,office
1569572952.8520002,436,877,None,Move,office
1569572952.86,436,876,None,Move,office
1569572952.8679998,436,875,None,Move,office
1569572952.8739998,436,874,None,Move,office
1569572953.303,436,874,None,Move,office
1569572953.316,436,873,None,Move,office
1569572953.3279998,436,872,None,Move,office
1569572953.3579998,436,872,None,Move,office
1569572953.37,436,871,None,Move,office
1569572953.452,437,870,None,Move,office
1569572953.464,437,870,None,Move,office
1569572953.472,437,869,None,Move,office
1569572953.479,438,869,None,Move,office
1569572953.488,438,868,None,Move,office
1569572953.496,439,867,None,Move,office
1569572953.508,439,867,None,Move,office
1569572953.516,440,865,None,Move,office
1569572953.526,441,864,None,Move,office
1569572953.534,441,864,None,Move,office
1569572953.542,442,863,None,Move,office
1569572953.55,442,861,None,Move,office
1569572953.5570002,444,860,None,Move,office
1569572953.566,446,858,None,Move,office
1569572953.574,447,856,None,Move,office
1569572953.582,449,854,None,Move,office
1569572953.59,450,853,None,Move,office
1569572953.596,451,851,None,Move,office
1569572953.604,453,849,None,Move,office
1569572953.6120002,455,846,None,Move,office
1569572953.62,457,843,None,Move,office
1569572953.6279998,459,839,None,Move,office
1569572953.6360002,461,837,None,Move,office
1569572953.644,463,833,None,Move,office
1569572953.6520002,465,830,None,Move,office
1569572953.66,467,826,None,Move,office
1569572953.668,468,820,None,Move,office
1569572953.674,470,816,None,Move,office
1569572953.6820002,470,814,None,Move,office
1569572953.69,471,811,None,Move,office
1569572953.698,472,806,None,Move,office
1569572953.706,472,801,None,Move,office
1569572953.714,472,795,None,Move,office
1569572953.722,471,788,None,Move,office
1569572953.73,471,783,None,Move,office
1569572953.738,471,780,None,Move,office
1569572953.746,471,775,None,Move,office
1569572953.754,470,771,None,Move,office
1569572953.76,470,768,None,Move,office
1569572953.768,469,763,None,Move,office
1569572953.776,468,757,None,Move,office
1569572953.784,467,752,None,Move,office
1569572953.792,465,745,None,Move,office
1569572953.8,463,739,None,Move,office
1569572953.8079998,461,732,None,Move,office
1569572953.816,460,725,None,Move,office
1569572953.824,458,718,None,Move,office
1569572953.832,458,711,None,Move,office
1569572953.837,458,704,None,Move,office
1569572953.846,458,699,None,Move,office
1569572953.854,458,694,None,Move,office
1569572953.8620002,458,687,None,Move,office
1569572953.87,458,683,None,Move,office
1569572953.8779998,459,678,None,Move,office
1569572953.8860002,460,673,None,Move,office
1569572953.894,462,667,None,Move,office
1569572953.9020002,462,662,None,Move,office
1569572953.909,463,658,None,Move,office
1569572953.916,464,654,None,Move,office
1569572953.924,465,649,None,Move,office
1569572953.9320002,466,646,None,Move,office
1569572953.94,468,641,None,Move,office
1569572953.948,470,638,None,Move,office
1569572953.956,471,636,None,Move,office
1569572953.9629998,472,634,None,Move,office
1569572953.972,474,633,None,Move,office
1569572953.98,474,631,None,Move,office
1569572953.988,474,630,None,Move,office
1569572953.9929998,474,629,None,Move,office
1569572954.002,474,628,None,Move,office
1569572954.01,474,627,None,Move,office
1569572954.018,474,626,None,Move,office
1569572954.026,474,625,None,Move,office
1569572954.05,474,624,None,Move,office
1569572954.0579998,474,624,None,Move,office
1569572954.256,474,623,None,Move,office
1569572962.51,475,623,None,Move,office
1569572962.518,476,623,None,Move,office
1569572962.552,477,623,None,Move,office
1569572962.56,477,623,None,Move,office
1569572962.5679998,477,624,None,Move,office
1569572962.576,478,626,None,Move,office
1569572962.584,478,627,None,Move,office
1569572962.592,479,628,None,Move,office
1569572962.6,479,629,None,Move,office
1569572962.61,479,629,None,Move,office
1569572962.6179998,480,629,None,Move,office
1569572962.6260002,481,629,None,Move,office
1569572962.6339998,482,630,None,Move,office
1569572962.6420002,484,630,None,Move,office
1569572962.65,486,630,None,Move,office
1569572962.658,487,630,None,Move,office
1569572962.666,490,628,None,Move,office
1569572962.674,497,625,None,Move,office
1569572962.68,507,623,None,Move,office
1569572962.688,519,620,None,Move,office
1569572962.696,532,620,None,Move,office
1569572962.704,544,619,None,Move,office
1569572962.712,556,616,None,Move,office
1569572962.72,567,614,None,Move,office
1569572962.728,577,612,None,Move,office
1569572962.736,586,610,None,Move,office
1569572962.744,593,607,None,Move,office
1569572962.752,600,605,None,Move,office
1569572962.76,607,603,None,Move,office
1569572962.766,616,600,None,Move,office
1569572962.774,625,598,None,Move,office
1569572962.782,633,595,None,Move,office
1569572962.79,644,593,None,Move,office
1569572962.798,654,590,None,Move,office
1569572962.806,664,589,None,Move,office
1569572962.814,678,589,None,Move,office
1569572962.822,693,589,None,Move,office
1569572962.83,709,590,None,Move,office
1569572962.8379998,726,593,None,Move,office
1569572962.844,743,596,None,Move,office
1569572962.8520002,758,597,None,Move,office
1569572962.86,773,599,None,Move,office
1569572962.8679998,783,599,None,Move,office
1569572962.8760002,790,600,None,Move,office
1569572962.8839998,796,602,None,Move,office
1569572962.8920002,800,604,None,Move,office
1569572962.9,803,606,None,Move,office
1569572962.908,807,608,None,Move,office
1569572962.916,809,610,None,Move,office
1569572962.9220002,812,612,None,Move,office
1569572962.93,814,614,None,Move,office
1569572962.938,816,615,None,Move,office
1569572962.946,818,617,None,Move,office
1569572962.954,819,619,None,Move,office
1569572962.962,821,621,None,Move,office
1569572962.97,823,623,None,Move,office
1569572962.978,825,624,None,Move,office
1569572962.986,826,626,None,Move,office
1569572962.992,828,627,None,Move,office
1569572963.0,830,629,None,Move,office
1569572963.0070002,832,631,None,Move,office
1569572963.016,834,633,None,Move,office
1569572963.024,834,635,None,Move,office
1569572963.032,835,637,None,Move,office
1569572963.04,837,639,None,Move,office
1569572963.048,839,640,None,Move,office
1569572963.056,842,642,None,Move,office
1569572963.064,845,643,None,Move,office
1569572963.072,848,644,None,Move,office
1569572963.0779998,851,645,None,Move,office
1569572963.086,854,646,None,Move,office
1569572963.094,855,646,None,Move,office
1569572963.1020002,856,647,None,Move,office
1569572963.11,858,647,None,Move,office
1569572963.1179998,858,648,None,Move,office
1569572963.1260002,859,648,None,Move,office
1569572963.1339998,861,649,None,Move,office
1569572963.1420002,862,649,None,Move,office
1569572963.1520002,863,649,None,Move,office
1569572968.827,864,649,None,Move,office
1569572968.833,867,646,None,Move,office
1569572968.841,875,641,None,Move,office
1569572968.849,879,637,None,Move,office
1569572968.8579998,885,632,None,Move,office
1569572968.8660002,887,628,None,Move,office
1569572968.873,889,625,None,Move,office
1569572968.8820002,890,622,None,Move,office
1569572968.89,891,620,None,Move,office
1569572968.8979998,891,619,None,Move,office
1569572968.906,892,616,None,Move,office
1569572968.914,892,615,None,Move,office
1569572968.919,893,613,None,Move,office
1569572968.928,893,611,None,Move,office
1569572968.936,894,610,None,Move,office
1569572968.944,894,608,None,Move,office
1569572968.952,895,606,None,Move,office
1569572968.96,895,605,None,Move,office
1569572968.968,895,603,None,Move,office
1569572968.976,895,602,None,Move,office
1569572968.984,895,602,None,Move,office
1569572968.9910002,895,601,None,Move,office
1569572969.006,895,600,None,Move,office
1569572969.018,895,600,None,Move,office
1569572969.05,894,600,None,Move,office
1569572969.0570002,894,599,None,Move,office
1569572969.1,893,599,None,Move,office
1569572969.123,893,599,None,Move,office
1569572969.131,892,599,None,Move,office
1569572969.146,891,599,None,Move,office
1569572969.166,891,599,None,Move,office
1569572969.177,890,599,None,Move,office
1569572969.185,890,600,None,Move,office
1569572969.205,890,601,None,Move,office
1569572969.214,889,601,None,Move,office
1569572969.221,889,601,None,Move,office
1569572969.24,889,602,None,Move,office
1569572969.521,888,602,None,Move,office
