client_timestamp,x,y,button,state,window
1568639692.786,1050,793,None,Move,development
1568639693.029,1050,793,None,Move,development
1568639700.298,1050,793,None,Move,development
1568639700.31,1050,793,None,Move,development
1568639700.3179998,1050,792,None,Move,development
1568639700.326,1050,791,None,Move,development
1568639700.334,1050,791,None,Move,development
1568639700.342,1050,790,None,Move,development
1568639700.35,1049,790,None,Move,development
1568639700.356,1049,789,None,Move,development
1568639700.3839998,1049,788,None,Move,development
1568639700.4220002,1049,788,None,Move,development
1568639700.52,1049,787,None,Move,development
1568639700.609,1049,787,None,Move,development
1568639700.6179998,1050,787,None,Move,development
1568639700.66,1050,786,None,Move,development
1568639700.6720002,1050,786,None,Move,development
1568639700.679,1051,785,None,Move,development
1568639700.688,1051,784,None,Move,development
1568639701.23,1051,784,None,Move,development
1568639701.4020002,1051,785,None,Move,development
1568639701.413,1051,785,None,Move,development
1568639701.4220002,1051,786,None,Move,development
1568639701.64,1051,786,None,Move,development
1568639701.8660002,1051,786,None,Move,development
1568639701.964,1051,787,None,Move,development
1568639702.111,1051,787,None,Move,development
1568639702.121,1051,788,None,Move,development
1568639702.129,1051,789,None,Move,development
1568639702.3720002,1051,790,None,Move,development
1568639702.42,1050,790,None,Move,development
1568639702.658,1050,790,None,Move,development
1568639702.676,1050,791,None,Move,development
1568639706.766,1049,792,None,Move,development
1568639706.774,1049,792,None,Move,development
1568639706.782,1049,793,None,Move,development
1568639706.79,1049,793,None,Move,development
1568639706.836,1049,794,None,Move,development
1568639706.8479998,1049,795,None,Move,development
1568639706.8639998,1049,795,None,Move,development
1568639706.8720002,1048,794,None,Move,development
1568639706.88,1047,793,None,Move,development
1568639706.8879998,1046,791,None,Move,development
1568639706.896,1044,790,None,Move,development
1568639706.904,1043,788,None,Move,development
1568639706.91,1042,788,None,Move,development
1568639706.918,1042,787,None,Move,development
1568639706.926,1042,787,None,Move,development
1568639706.9420002,1042,786,None,Move,development
1568639706.988,1042,785,None,Move,development
1568639707.04,1042,785,None,Move,development
1568639707.052,1042,784,None,Move,development
1568639707.0570002,1043,783,None,Move,development
1568639707.066,1043,782,None,Move,development
1568639707.074,1043,780,None,Move,development
1568639707.082,1044,779,None,Move,development
1568639707.09,1044,778,None,Move,development
1568639707.0979998,1044,777,None,Move,development
1568639707.106,1045,776,None,Move,development
1568639707.1139998,1045,776,None,Move,development
1568639707.1220002,1046,775,None,Move,development
1568639707.1320002,1046,774,None,Move,development
1568639707.14,1046,774,None,Move,development
1568639707.1479998,1046,773,None,Move,development
1568639707.156,1047,773,None,Move,development
1568639707.164,1048,772,None,Move,development
1568639707.184,1048,772,None,Move,development
1568639707.2,1048,771,None,Move,development
1568639707.208,1049,771,None,Move,development
1568639707.2410002,1049,771,None,Move,development
1568639707.278,1050,771,None,Move,development
1568639707.288,1050,771,None,Move,development
1568639707.296,1050,772,None,Move,development
1568639707.434,1050,773,None,Move,development
1568639707.468,1050,773,None,Move,development
1568639707.518,1050,774,None,Move,development
1568639707.53,1050,775,None,Move,development
1568639707.538,1050,775,None,Move,development
1568639707.546,1050,776,None,Move,development
1568639707.5579998,1050,777,None,Move,development
1568639707.744,1051,777,None,Move,development
1568639707.756,1051,776,None,Move,development
1568639707.873,1051,776,None,Move,development
1568639707.8860002,1052,775,None,Move,development
1568639707.894,1054,774,None,Move,development
1568639707.9,1055,773,None,Move,development
1568639707.908,1057,772,None,Move,development
1568639707.916,1059,772,None,Move,development
1568639707.924,1060,772,None,Move,development
1568639707.9320002,1061,771,None,Move,development
1568639707.964,1061,771,None,Move,development
1568639707.972,1061,777,None,Move,development
1568639707.978,1060,777,None,Move,development
1568639708.002,1060,778,None,Move,development
1568639708.01,1061,779,None,Move,development
1568639708.018,1063,780,None,Move,development
1568639708.026,1065,780,None,Move,development
1568639708.034,1067,780,None,Move,development
1568639708.232,1067,780,None,Move,development
1568639708.244,1067,780,None,Move,development
1568639708.252,1067,780,None,Move,development
1568639708.264,1067,779,None,Move,development
1568639708.271,1067,778,None,Move,development
1568639708.279,1067,777,None,Move,development
1568639708.285,1067,776,None,Move,development
1568639708.294,1067,776,None,Move,development
1568639708.306,1067,776,None,Move,development
1568639708.334,1067,775,None,Move,development
1568639708.342,1066,774,None,Move,development
1568639708.35,1065,773,None,Move,development
1568639708.3579998,1064,773,None,Move,development
1568639708.363,1063,772,None,Move,development
1568639708.3720002,1061,770,None,Move,development
1568639708.38,1060,769,None,Move,development
1568639708.3879998,1059,767,None,Move,development
1568639708.396,1059,765,None,Move,development
1568639708.404,1058,763,None,Move,development
1568639708.4120002,1058,762,None,Move,development
1568639708.42,1058,760,None,Move,development
1568639708.428,1058,760,None,Move,development
1568639708.436,1058,759,None,Move,development
1568639708.54,1058,759,None,Move,development
1568639708.571,1058,759,None,Move,development
1568639708.579,1058,759,None,Move,development
1568639708.63,1058,759,None,Move,development
1568639708.6420002,1058,759,None,Move,development
1568639708.65,1059,757,None,Move,development
1568639708.658,1059,757,None,Move,development
1568639708.666,1059,755,None,Move,development
1568639708.6720002,1059,753,None,Move,development
1568639708.68,1059,753,None,Move,development
1568639708.688,1059,752,None,Move,development
1568639708.724,1059,751,None,Move,development
1568639708.732,1059,751,None,Move,development
1568639708.742,1059,750,None,Move,development
1568639708.81,1059,749,None,Move,development
1568639708.82,1059,749,None,Move,development
1568639708.8279998,1059,748,None,Move,development
1568639708.836,1059,746,None,Move,development
1568639708.844,1059,746,None,Move,development
1568639708.8520002,1059,744,None,Move,development
1568639708.86,1059,743,None,Move,development
1568639708.8679998,1059,743,None,Move,development
1568639708.8760002,1059,741,None,Move,development
1568639708.8839998,1060,740,None,Move,development
1568639708.8920002,1060,740,None,Move,development
1568639708.897,1060,739,None,Move,development
1568639708.906,1061,737,None,Move,development
1568639708.914,1061,737,None,Move,development
1568639708.9220002,1061,736,None,Move,development
1568639708.95,1062,735,None,Move,development
1568639709.1479998,1062,735,None,Move,development
1568639709.156,1062,733,None,Move,development
1568639709.164,1062,732,None,Move,development
1568639709.1720002,1062,731,None,Move,development
1568639709.18,1062,730,None,Move,development
1568639709.188,1062,729,None,Move,development
1568639709.196,1062,728,None,Move,development
1568639709.202,1062,727,None,Move,development
1568639709.369,1062,727,None,Move,development
1568639709.381,1062,727,None,Move,development
1568639709.389,1062,728,None,Move,development
1568639709.4020002,1061,728,None,Move,development
1568639709.41,1061,728,None,Move,development
1568639709.417,1061,727,None,Move,development
1568639709.426,1060,726,None,Move,development
1568639709.434,1059,726,None,Move,development
1568639709.44,1059,725,None,Move,development
1568639709.448,1059,724,None,Move,development
1568639709.456,1059,723,None,Move,development
1568639709.464,1059,722,None,Move,development
1568639709.471,1059,721,None,Move,development
1568639709.479,1059,720,None,Move,development
1568639709.488,1058,718,None,Move,development
1568639709.496,1058,717,None,Move,development
1568639709.504,1058,716,None,Move,development
1568639709.546,1057,715,None,Move,development
1568639709.5579998,1056,714,None,Move,development
1568639709.566,1056,714,None,Move,development
1568639709.5779998,1056,713,None,Move,development
1568639709.584,1056,712,None,Move,development
1568639709.592,1056,712,None,Move,development
1568639709.6,1057,711,None,Move,development
1568639709.6079998,1057,709,None,Move,development
1568639709.6160002,1058,708,None,Move,development
1568639709.6239998,1059,706,None,Move,development
1568639709.6320002,1059,704,None,Move,development
1568639709.64,1060,703,None,Move,development
1568639709.6479998,1061,701,None,Move,development
1568639709.656,1061,700,None,Move,development
1568639709.661,1061,699,None,Move,development
1568639709.669,1060,696,None,Move,development
1568639709.678,1059,693,None,Move,development
1568639709.686,1057,690,None,Move,development
1568639709.694,1056,689,None,Move,development
1568639709.702,1056,687,None,Move,development
1568639709.709,1055,685,None,Move,development
1568639709.718,1055,683,None,Move,development
1568639709.726,1055,681,None,Move,development
1568639709.732,1055,679,None,Move,development
1568639709.74,1055,678,None,Move,development
1568639709.748,1054,676,None,Move,development
1568639709.756,1052,674,None,Move,development
1568639709.7629998,1052,674,None,Move,development
1568639709.772,1051,672,None,Move,development
1568639709.78,1050,671,None,Move,development
1568639709.7870002,1050,671,None,Move,development
1568639709.8,1049,671,None,Move,development
1568639709.811,1048,671,None,Move,development
1568639709.8179998,1048,671,None,Move,development
1568639709.826,1047,671,None,Move,development
1568639709.834,1045,671,None,Move,development
1568639709.842,1045,671,None,Move,development
1568639709.85,1044,671,None,Move,development
1568639709.8579998,1043,673,None,Move,development
1568639709.8660002,1041,673,None,Move,development
1568639709.8739998,1041,674,None,Move,development
1568639709.8820002,1039,675,None,Move,development
1568639709.8879998,1039,676,None,Move,development
1568639709.896,1037,677,None,Move,development
1568639709.904,1037,678,None,Move,development
1568639709.9120002,1037,679,None,Move,development
1568639709.924,1037,679,None,Move,development
1568639709.94,1037,679,None,Move,development
1568639710.056,1037,679,None,Move,development
1568639710.0679998,1038,679,None,Move,development
1568639710.076,1044,681,None,Move,development
1568639710.084,1048,685,None,Move,development
1568639710.092,1050,689,None,Move,development
1568639710.1,1051,692,None,Move,development
1568639710.1079998,1053,696,None,Move,development
1568639710.1160002,1055,700,None,Move,development
1568639710.1220002,1055,702,None,Move,development
1568639710.13,1056,706,None,Move,development
1568639710.1379998,1056,708,None,Move,development
1568639710.146,1056,709,None,Move,development
1568639710.153,1056,712,None,Move,development
1568639710.1620002,1054,716,None,Move,development
1568639710.17,1052,718,None,Move,development
1568639710.178,1051,721,None,Move,development
1568639710.186,1050,722,None,Move,development
1568639710.194,1049,724,None,Move,development
1568639710.2,1048,726,None,Move,development
1568639710.208,1047,726,None,Move,development
1568639710.22,1046,727,None,Move,development
1568639710.228,1046,727,None,Move,development
1568639710.236,1045,728,None,Move,development
1568639710.244,1043,729,None,Move,development
1568639710.252,1043,729,None,Move,development
1568639710.26,1041,729,None,Move,development
1568639710.268,1040,729,None,Move,development
1568639710.274,1039,730,None,Move,development
1568639710.282,1037,731,None,Move,development
1568639710.29,1036,733,None,Move,development
1568639710.298,1036,734,None,Move,development
1568639710.306,1038,734,None,Move,development
1568639710.314,1038,735,None,Move,development
1568639710.322,1039,736,None,Move,development
1568639710.33,1040,736,None,Move,development
1568639710.3379998,1040,736,None,Move,development
1568639710.344,1042,735,None,Move,development
1568639710.3520002,1044,733,None,Move,development
1568639710.36,1046,732,None,Move,development
1568639710.3679998,1047,729,None,Move,development
1568639710.3760002,1049,725,None,Move,development
1568639710.3839998,1052,721,None,Move,development
1568639710.3920002,1052,718,None,Move,development
1568639710.4,1053,715,None,Move,development
1568639710.408,1053,713,None,Move,development
1568639710.416,1053,709,None,Move,development
1568639710.424,1053,706,None,Move,development
1568639710.43,1053,702,None,Move,development
1568639710.438,1053,699,None,Move,development
1568639710.446,1054,697,None,Move,development
1568639710.454,1054,694,None,Move,development
1568639710.461,1055,693,None,Move,development
1568639710.47,1055,691,None,Move,development
1568639710.6179998,1057,693,None,Move,development
1568639710.6260002,1064,710,None,Move,development
1568639710.6339998,1072,735,None,Move,development
1568639710.641,1084,763,None,Move,development
1568639710.649,1093,783,None,Move,development
1568639710.656,1100,796,None,Move,development
1568639710.664,1106,809,None,Move,development
1568639710.6720002,1109,816,None,Move,development
1568639710.68,1112,823,None,Move,development
1568639710.688,1113,825,None,Move,development
1568639710.696,1114,827,None,Move,development
1568639710.746,1114,826,None,Move,development
1568639710.7529998,1113,814,None,Move,development
1568639710.7610002,1111,797,None,Move,development
1568639710.769,1108,781,None,Move,development
1568639710.7770002,1104,764,None,Move,development
1568639710.785,1101,747,None,Move,development
1568639710.794,1095,730,None,Move,development
1568639710.802,1091,713,None,Move,development
1568639710.81,1088,701,None,Move,development
1568639710.816,1086,691,None,Move,development
1568639710.824,1086,685,None,Move,development
1568639710.832,1086,683,None,Move,development
1568639710.84,1086,682,None,Move,development
1568639710.8479998,1086,681,None,Move,development
1568639710.946,1086,682,None,Move,development
1568639710.954,1086,686,None,Move,development
1568639710.962,1088,691,None,Move,development
1568639710.968,1091,699,None,Move,development
1568639710.976,1092,702,None,Move,development
1568639710.984,1094,706,None,Move,development
1568639710.992,1095,712,None,Move,development
1568639711.0,1097,716,None,Move,development
1568639711.008,1099,719,None,Move,development
1568639711.016,1100,721,None,Move,development
1568639711.024,1100,721,None,Move,development
1568639711.07,1100,721,None,Move,development
1568639711.082,1100,721,None,Move,development
1568639711.09,1099,716,None,Move,development
1568639711.0979998,1096,709,None,Move,development
1568639711.106,1094,701,None,Move,development
1568639711.1139998,1092,693,None,Move,development
1568639711.12,1089,685,None,Move,development
1568639711.1279998,1088,678,None,Move,development
1568639711.135,1086,674,None,Move,development
1568639711.144,1086,673,None,Move,development
1568639711.222,1086,673,None,Move,development
1568639711.23,1086,678,None,Move,development
1568639711.238,1085,685,None,Move,development
1568639711.246,1085,692,None,Move,development
1568639711.254,1085,699,None,Move,development
1568639711.262,1085,706,None,Move,development
1568639711.27,1085,711,None,Move,development
1568639711.276,1085,715,None,Move,development
1568639711.284,1085,717,None,Move,development
1568639711.291,1085,720,None,Move,development
1568639711.3,1085,722,None,Move,development
1568639711.316,1085,722,None,Move,development
1568639711.349,1085,722,None,Move,development
1568639711.357,1083,717,None,Move,development
1568639711.365,1081,710,None,Move,development
1568639711.373,1077,701,None,Move,development
1568639711.381,1075,692,None,Move,development
1568639711.389,1072,685,None,Move,development
1568639711.397,1071,681,None,Move,development
1568639711.406,1070,679,None,Move,development
1568639711.414,1070,679,None,Move,development
1568639711.484,1070,679,None,Move,development
1568639711.496,1070,679,None,Move,development
1568639711.502,1070,680,None,Move,development
1568639711.51,1070,683,None,Move,development
1568639711.518,1070,686,None,Move,development
1568639711.526,1070,689,None,Move,development
1568639711.533,1070,690,None,Move,development
1568639711.542,1070,692,None,Move,development
1568639711.55,1070,693,None,Move,development
1568639711.5570002,1070,695,None,Move,development
1568639711.566,1070,696,None,Move,development
1568639711.64,1070,696,None,Move,development
1568639711.65,1070,694,None,Move,development
1568639711.658,1069,684,None,Move,development
1568639711.666,1068,679,None,Move,development
1568639711.674,1066,676,None,Move,development
1568639711.6820002,1065,674,None,Move,development
1568639711.69,1063,673,None,Move,development
1568639711.698,1062,671,None,Move,development
1568639711.706,1061,670,None,Move,development
1568639711.9320002,1061,669,None,Move,development
1568639711.94,1065,664,None,Move,development
1568639711.948,1067,662,None,Move,development
1568639711.956,1068,660,None,Move,development
1568639711.962,1069,658,None,Move,development
1568639711.969,1071,656,None,Move,development
1568639711.978,1071,655,None,Move,development
1568639711.986,1071,653,None,Move,development
1568639711.994,1071,652,None,Move,development
1568639712.063,1071,652,None,Move,development
1568639712.075,1071,652,None,Move,development
1568639712.157,1071,652,Left,Pressed,development
1568639712.27,1071,652,Left,Released,development
1568639712.3170002,1070,652,None,Move,development
1568639712.326,1064,655,None,Move,development
1568639712.334,1057,659,None,Move,development
1568639712.34,1046,662,None,Move,development
1568639712.3479998,1033,664,None,Move,development
1568639712.356,1018,667,None,Move,development
1568639712.3639998,996,670,None,Move,development
1568639712.3720002,965,672,None,Move,development
1568639712.38,923,676,None,Move,development
1568639712.3879998,875,678,None,Move,development
1568639712.396,834,678,None,Move,development
1568639712.404,803,678,None,Move,development
1568639712.4120002,768,676,None,Move,development
1568639712.418,740,676,None,Move,development
1568639712.426,717,676,None,Move,development
1568639712.434,700,673,None,Move,development
1568639712.4420002,686,670,None,Move,development
1568639712.45,676,667,None,Move,development
1568639712.458,665,665,None,Move,development
1568639712.466,657,661,None,Move,development
1568639712.474,648,659,None,Move,development
1568639712.482,641,656,None,Move,development
1568639712.49,634,655,None,Move,development
1568639712.496,628,655,None,Move,development
1568639712.504,625,654,None,Move,development
1568639712.512,621,653,None,Move,development
1568639712.52,617,653,None,Move,development
1568639712.528,615,653,None,Move,development
1568639712.536,614,653,None,Move,development
1568639712.543,612,653,None,Move,development
1568639712.552,611,653,None,Move,development
1568639712.56,610,653,None,Move,development
1568639712.566,609,653,None,Move,development
1568639712.574,608,653,None,Move,development
1568639712.582,607,653,None,Move,development
1568639712.589,605,653,None,Move,development
1568639712.5979998,604,653,None,Move,development
1568639712.606,602,653,None,Move,development
1568639712.613,600,653,None,Move,development
1568639712.6220002,599,651,None,Move,development
1568639712.63,597,650,None,Move,development
1568639712.6379998,594,648,None,Move,development
1568639712.646,589,646,None,Move,development
1568639712.6520002,585,645,None,Move,development
1568639712.66,582,644,None,Move,development
1568639712.668,578,643,None,Move,development
1568639712.676,576,641,None,Move,development
1568639712.684,573,640,None,Move,development
1568639712.6920002,571,639,None,Move,development
1568639712.7,568,638,None,Move,development
1568639712.708,567,637,None,Move,development
1568639712.716,565,637,None,Move,development
1568639712.722,563,637,None,Move,development
1568639712.73,562,637,None,Move,development
1568639712.738,560,637,None,Move,development
1568639712.754,560,637,None,Move,development
1568639712.859,559,637,None,Move,development
1568639712.867,557,638,None,Move,development
1568639712.873,557,639,None,Move,development
1568639712.881,556,640,None,Move,development
1568639712.889,555,641,None,Move,development
1568639712.897,553,642,None,Move,development
1568639712.905,552,644,None,Move,development
1568639712.914,550,646,None,Move,development
1568639712.9220002,549,646,None,Move,development
1568639712.93,548,647,None,Move,development
1568639712.938,548,648,None,Move,development
1568639712.946,547,649,None,Move,development
1568639712.952,546,649,None,Move,development
1568639712.96,545,651,None,Move,development
1568639712.968,543,653,None,Move,development
1568639712.976,541,654,None,Move,development
1568639712.984,540,654,None,Move,development
1568639712.992,540,655,None,Move,development
1568639713.0,539,655,None,Move,development
1568639713.214,539,656,None,Move,development
1568639713.354,539,656,Left,Pressed,development
1568639713.452,539,656,Left,Released,development
1568639713.538,540,656,None,Move,development
1568639713.546,541,654,None,Move,development
1568639713.554,549,653,None,Move,development
1568639713.562,566,655,None,Move,development
1568639713.5679998,585,658,None,Move,development
1568639713.576,613,660,None,Move,development
1568639713.584,644,659,None,Move,development
1568639713.592,676,661,None,Move,development
1568639713.6,711,661,None,Move,development
1568639713.6079998,747,667,None,Move,development
1568639713.6160002,775,671,None,Move,development
1568639713.6239998,794,672,None,Move,development
1568639713.6320002,810,674,None,Move,development
1568639713.64,825,674,None,Move,development
1568639713.646,840,674,None,Move,development
1568639713.654,850,675,None,Move,development
1568639713.6620002,859,678,None,Move,development
1568639713.67,866,680,None,Move,development
1568639713.678,874,682,None,Move,development
1568639713.686,881,685,None,Move,development
1568639713.694,888,687,None,Move,development
1568639713.701,895,690,None,Move,development
1568639713.71,904,692,None,Move,development
1568639713.718,913,695,None,Move,development
1568639713.724,922,697,None,Move,development
1568639713.732,929,698,None,Move,development
1568639713.74,937,701,None,Move,development
1568639713.748,944,701,None,Move,development
1568639713.755,951,701,None,Move,development
1568639713.7629998,958,702,None,Move,development
1568639713.772,962,702,None,Move,development
1568639713.78,963,702,None,Move,development
1568639713.788,965,702,None,Move,development
1568639713.796,966,702,None,Move,development
1568639713.802,967,702,None,Move,development
1568639713.814,968,702,None,Move,development
1568639713.854,969,702,None,Move,development
1568639713.8620002,972,702,None,Move,development
1568639713.8679998,978,702,None,Move,development
1568639713.8760002,987,701,None,Move,development
1568639713.8839998,996,699,None,Move,development
1568639713.8920002,1003,697,None,Move,development
1568639713.899,1008,695,None,Move,development
1568639713.908,1016,692,None,Move,development
1568639713.915,1018,690,None,Move,development
1568639713.924,1020,689,None,Move,development
1568639713.9320002,1022,687,None,Move,development
1568639713.94,1023,685,None,Move,development
1568639713.948,1024,683,None,Move,development
1568639713.954,1024,682,None,Move,development
1568639713.962,1024,681,None,Move,development
1568639714.13,1024,680,None,Move,development
1568639714.211,1024,680,Left,Pressed,development
1568639714.326,1024,680,Left,Released,development
1568639714.429,1024,680,None,Move,development
1568639714.437,1018,680,None,Move,development
1568639714.445,1008,680,None,Move,development
1568639714.4529998,996,681,None,Move,development
1568639714.462,984,681,None,Move,development
1568639714.47,972,681,None,Move,development
1568639714.478,959,681,None,Move,development
1568639714.485,944,680,None,Move,development
1568639714.492,927,679,None,Move,development
1568639714.5,906,676,None,Move,development
1568639714.508,877,672,None,Move,development
1568639714.516,861,672,None,Move,development
1568639714.524,846,671,None,Move,development
1568639714.532,831,670,None,Move,development
1568639714.54,819,670,None,Move,development
1568639714.548,809,670,None,Move,development
1568639714.556,799,670,None,Move,development
1568639714.564,792,672,None,Move,development
1568639714.57,788,673,None,Move,development
1568639714.5779998,785,674,None,Move,development
1568639714.585,783,675,None,Move,development
1568639714.594,782,675,None,Move,development
1568639714.6020002,780,675,None,Move,development
1568639714.61,778,676,None,Move,development
1568639714.617,777,677,None,Move,development
1568639714.6260002,774,677,None,Move,development
1568639714.6339998,770,678,None,Move,development
1568639714.64,767,678,None,Move,development
1568639714.6479998,764,678,None,Move,development
1568639714.655,759,678,None,Move,development
1568639714.664,755,678,None,Move,development
1568639714.6720002,751,678,None,Move,development
1568639714.68,746,678,None,Move,development
1568639714.688,741,678,None,Move,development
1568639714.696,736,678,None,Move,development
1568639714.704,732,678,None,Move,development
1568639714.711,731,678,None,Move,development
1568639714.717,729,678,None,Move,development
1568639714.725,728,678,None,Move,development
1568639714.7329998,726,678,None,Move,development
1568639714.7410002,724,679,None,Move,development
1568639714.7489998,723,679,None,Move,development
1568639714.7570002,722,680,None,Move,development
1568639714.766,721,681,None,Move,development
1568639714.774,720,682,None,Move,development
1568639714.782,719,682,None,Move,development
1568639714.79,718,682,None,Move,development
1568639714.796,717,683,None,Move,development
1568639714.804,717,683,None,Move,development
1568639714.914,717,683,Left,Pressed,development
1568639715.062,717,683,Left,Released,development
1568639715.217,717,683,None,Move,development
1568639715.229,717,683,None,Move,development
1568639715.2370002,721,682,None,Move,development
1568639715.245,731,682,None,Move,development
1568639715.252,746,682,None,Move,development
1568639715.2589998,762,682,None,Move,development
1568639715.268,783,681,None,Move,development
1568639715.276,816,675,None,Move,development
1568639715.283,851,671,None,Move,development
1568639715.292,885,671,None,Move,development
1568639715.3,910,672,None,Move,development
1568639715.3079998,932,673,None,Move,development
1568639715.316,948,676,None,Move,development
1568639715.324,960,679,None,Move,development
1568639715.331,971,681,None,Move,development
1568639715.3379998,978,682,None,Move,development
1568639715.346,980,684,None,Move,development
1568639715.354,982,685,None,Move,development
1568639715.3620002,984,687,None,Move,development
1568639715.369,986,688,None,Move,development
1568639715.3779998,987,690,None,Move,development
1568639715.3860002,991,691,None,Move,development
1568639715.394,998,692,None,Move,development
1568639715.4020002,1007,693,None,Move,development
1568639715.41,1015,693,None,Move,development
1568639715.415,1025,693,None,Move,development
1568639715.424,1037,690,None,Move,development
1568639715.4320002,1048,687,None,Move,development
1568639715.44,1056,686,None,Move,development
1568639715.448,1064,684,None,Move,development
1568639715.456,1069,683,None,Move,development
1568639715.464,1071,683,None,Move,development
1568639715.472,1071,682,None,Move,development
1568639715.542,1072,682,None,Move,development
1568639715.55,1074,682,None,Move,development
1568639715.556,1076,682,None,Move,development
1568639715.564,1078,682,None,Move,development
1568639715.58,1080,682,None,Move,development
1568639716.17,1080,682,None,Move,development
1568639717.32,1080,682,None,Move,development
1568639717.332,1081,682,None,Move,development
1568639717.3820002,1082,683,None,Move,development
1568639717.39,1085,691,None,Move,development
1568639717.3979998,1092,709,None,Move,development
1568639717.406,1102,731,None,Move,development
1568639717.4120002,1112,750,None,Move,development
1568639717.42,1124,773,None,Move,development
1568639717.428,1140,794,None,Move,development
1568639717.436,1153,811,None,Move,development
1568639717.4429998,1162,828,None,Move,development
1568639717.452,1169,840,None,Move,development
1568639717.46,1174,849,None,Move,development
1568639717.468,1176,855,None,Move,development
1568639717.476,1177,856,None,Move,development
1568639717.554,1177,857,None,Move,development
1568639717.562,1176,859,None,Move,development
1568639717.5679998,1174,861,None,Move,development
1568639717.576,1173,862,None,Move,development
1568639717.584,1172,864,None,Move,development
1568639717.592,1171,864,None,Move,development
1568639717.834,1171,865,None,Move,development
1568639717.842,1168,866,None,Move,development
1568639717.85,1167,867,None,Move,development
1568639717.946,1167,867,None,Move,development
1568639717.961,1167,867,None,Move,development
1568639717.97,1168,865,None,Move,development
1568639717.978,1169,864,None,Move,development
1568639718.57,1167,862,None,Move,development
1568639718.5779998,1160,854,None,Move,development
1568639718.585,1152,848,None,Move,development
1568639718.594,1145,845,None,Move,development
1568639718.6020002,1134,843,None,Move,development
1568639718.61,1123,841,None,Move,development
1568639718.6179998,1113,841,None,Move,development
1568639718.625,1102,840,None,Move,development
1568639718.633,1094,840,None,Move,development
1568639718.6420002,1089,840,None,Move,development
1568639718.6479998,1085,840,None,Move,development
1568639718.656,1083,840,None,Move,development
1568639718.729,1083,840,None,Move,development
1568639718.738,1081,841,None,Move,development
1568639718.746,1079,843,None,Move,development
1568639718.754,1078,844,None,Move,development
1568639718.762,1076,846,None,Move,development
1568639718.77,1074,848,None,Move,development
1568639718.778,1072,850,None,Move,development
1568639718.785,1070,851,None,Move,development
1568639718.792,1069,853,None,Move,development
1568639718.8,1068,854,None,Move,development
1568639718.8079998,1067,855,None,Move,development
1568639718.816,1067,855,None,Move,development
1568639718.835,1067,856,None,Move,development
1568639718.843,1066,857,None,Move,development
1568639718.8520002,1064,858,None,Move,development
1568639718.86,1063,860,None,Move,development
1568639718.8679998,1062,861,None,Move,development
1568639718.8739998,1061,862,None,Move,development
1568639718.8860002,1061,862,None,Move,development
1568639719.1239998,1061,862,None,Move,development
1568639719.1320002,1061,861,None,Move,development
1568639719.14,1061,859,None,Move,development
1568639719.1479998,1062,858,None,Move,development
1568639719.156,1063,856,None,Move,development
1568639719.163,1063,854,None,Move,development
1568639719.176,1063,854,None,Move,development
1568639719.1820002,1064,854,None,Move,development
1568639719.8170002,1064,853,None,Move,development
1568639719.826,1065,851,None,Move,development
1568639719.834,1065,850,None,Move,development
1568639719.842,1066,848,None,Move,development
1568639719.85,1066,846,None,Move,development
1568639719.8579998,1066,846,None,Move,development
1568639719.8660002,1066,845,None,Move,development
1568639719.8720002,1066,844,None,Move,development
1568639720.028,1066,844,Left,Pressed,development
1568639720.204,1066,844,Left,Released,development
1568639720.729,1066,844,None,Move,development
1568639720.745,1063,844,None,Move,development
1568639720.7529998,1052,844,None,Move,development
1568639720.762,1037,844,None,Move,development
1568639720.769,1016,845,None,Move,development
1568639720.7770002,998,846,None,Move,development
1568639720.786,979,844,None,Move,development
1568639720.792,957,841,None,Move,development
1568639720.8,924,835,None,Move,development
1568639720.8079998,890,825,None,Move,development
1568639720.816,853,815,None,Move,development
1568639720.824,823,809,None,Move,development
1568639720.832,791,806,None,Move,development
1568639720.84,768,801,None,Move,development
1568639720.8479998,751,798,None,Move,development
1568639720.856,736,795,None,Move,development
1568639720.8639998,722,792,None,Move,development
1568639720.87,710,792,None,Move,development
1568639720.8779998,702,792,None,Move,development
1568639720.8860002,694,792,None,Move,development
1568639720.893,687,793,None,Move,development
1568639720.9020002,683,793,None,Move,development
1568639720.91,681,793,None,Move,development
1568639720.918,680,793,None,Move,development
1568639720.925,680,793,None,Move,development
1568639720.934,679,793,None,Move,development
1568639721.744,680,796,None,Move,development
1568639721.752,693,804,None,Move,development
1568639721.76,707,812,None,Move,development
1568639721.768,722,818,None,Move,development
1568639721.776,739,822,None,Move,development
1568639721.784,753,826,None,Move,development
1568639721.792,760,831,None,Move,development
1568639721.798,763,833,None,Move,development
1568639721.806,765,835,None,Move,development
1568639721.814,767,837,None,Move,development
1568639721.822,768,839,None,Move,development
1568639721.83,772,839,None,Move,development
1568639721.8379998,775,841,None,Move,development
1568639721.846,778,843,None,Move,development
1568639721.854,781,844,None,Move,development
1568639721.8620002,783,845,None,Move,development
1568639721.8679998,786,845,None,Move,development
1568639721.8760002,789,845,None,Move,development
1568639721.8839998,791,846,None,Move,development
1568639721.8920002,794,846,None,Move,development
1568639721.899,796,846,None,Move,development
1568639721.907,798,846,None,Move,development
1568639721.916,800,846,None,Move,development
1568639721.924,802,845,None,Move,development
1568639721.9320002,803,845,None,Move,development
1568639721.94,804,845,None,Move,development
1568639721.946,806,845,None,Move,development
1568639721.9529998,806,845,None,Move,development
1568639721.962,808,845,None,Move,development
1568639721.97,809,844,None,Move,development
1568639721.982,810,844,None,Move,development
1568639722.018,812,844,None,Move,development
1568639722.024,813,843,None,Move,development
1568639722.032,814,842,None,Move,development
1568639722.04,816,841,None,Move,development
1568639722.048,817,840,None,Move,development
1568639722.056,817,840,None,Move,development
1568639725.42,821,837,None,Move,development
1568639725.428,832,830,None,Move,development
1568639725.436,842,825,None,Move,development
1568639725.444,851,820,None,Move,development
1568639725.452,862,812,None,Move,development
1568639725.46,872,804,None,Move,development
1568639725.468,882,796,None,Move,development
1568639725.476,893,787,None,Move,development
1568639725.482,903,779,None,Move,development
1568639725.49,910,772,None,Move,development
1568639725.498,918,767,None,Move,development
1568639725.505,926,760,None,Move,development
1568639725.514,933,755,None,Move,development
1568639725.522,942,747,None,Move,development
1568639725.53,950,740,None,Move,development
1568639725.5370002,958,732,None,Move,development
1568639725.546,967,724,None,Move,development
1568639725.554,975,719,None,Move,development
1568639725.56,982,714,None,Move,development
1568639725.5679998,990,710,None,Move,development
1568639725.576,994,706,None,Move,development
1568639725.584,998,703,None,Move,development
1568639725.592,1001,701,None,Move,development
1568639725.6,1003,699,None,Move,development
1568639725.6079998,1005,697,None,Move,development
1568639725.615,1007,695,None,Move,development
1568639725.6239998,1008,693,None,Move,development
1568639725.63,1010,692,None,Move,development
1568639725.6379998,1011,690,None,Move,development
1568639725.646,1013,688,None,Move,development
1568639725.654,1014,686,None,Move,development
1568639725.6620002,1014,685,None,Move,development
1568639725.67,1016,683,None,Move,development
1568639725.678,1017,682,None,Move,development
1568639725.686,1018,682,None,Move,development
1568639725.694,1018,681,None,Move,development
1568639725.702,1020,680,None,Move,development
1568639725.71,1021,678,None,Move,development
1568639725.716,1021,678,None,Move,development
1568639725.724,1022,677,None,Move,development
1568639725.732,1023,677,None,Move,development
1568639725.74,1023,676,None,Move,development
1568639726.38,1023,676,None,Move,development
1568639726.3920002,1022,676,None,Move,development
1568639726.397,1008,678,None,Move,development
1568639726.405,992,680,None,Move,development
1568639726.414,967,680,None,Move,development
1568639726.4220002,932,679,None,Move,development
1568639726.43,884,677,None,Move,development
1568639726.438,825,672,None,Move,development
1568639726.446,760,670,None,Move,development
1568639726.454,698,676,None,Move,development
1568639726.461,648,687,None,Move,development
1568639726.47,606,691,None,Move,development
1568639726.478,571,693,None,Move,development
1568639726.484,553,693,None,Move,development
1568639726.492,543,693,None,Move,development
1568639726.5,533,693,None,Move,development
1568639726.508,523,693,None,Move,development
1568639726.516,514,693,None,Move,development
1568639726.524,506,693,None,Move,development
1568639726.532,497,692,None,Move,development
1568639726.54,490,691,None,Move,development
1568639726.548,483,690,None,Move,development
1568639726.554,476,688,None,Move,development
1568639726.562,472,688,None,Move,development
1568639726.57,470,687,None,Move,development
1568639726.5779998,468,687,None,Move,development
1568639726.586,466,687,None,Move,development
1568639726.738,465,687,None,Move,development
1568639726.746,458,684,None,Move,development
1568639726.754,451,682,None,Move,development
1568639726.762,445,680,None,Move,development
1568639726.77,440,677,None,Move,development
1568639726.778,437,676,None,Move,development
1568639726.783,434,674,None,Move,development
1568639726.792,432,672,None,Move,development
1568639726.8,430,670,None,Move,development
1568639726.8079998,429,668,None,Move,development
1568639726.816,427,667,None,Move,development
1568639726.824,424,665,None,Move,development
1568639726.832,420,663,None,Move,development
1568639726.84,416,661,None,Move,development
1568639726.8479998,411,660,None,Move,development
1568639726.856,405,659,None,Move,development
1568639726.8620002,401,656,None,Move,development
1568639726.869,396,655,None,Move,development
1568639726.877,393,655,None,Move,development
1568639726.8860002,390,655,None,Move,development
1568639726.894,388,655,None,Move,development
1568639726.9020002,386,655,None,Move,development
1568639726.91,384,655,None,Move,development
1568639726.918,383,655,None,Move,development
1568639726.926,382,655,None,Move,development
1568639726.934,381,655,None,Move,development
1568639726.94,380,655,None,Move,development
1568639726.948,378,655,None,Move,development
1568639726.955,375,655,None,Move,development
1568639726.964,372,655,None,Move,development
1568639726.971,367,655,None,Move,development
1568639726.979,360,656,None,Move,development
1568639726.988,353,656,None,Move,development
1568639726.996,350,657,None,Move,development
1568639727.004,347,657,None,Move,development
1568639727.012,346,658,None,Move,development
1568639727.018,344,658,None,Move,development
1568639727.026,342,658,None,Move,development
1568639727.034,341,658,None,Move,development
1568639727.041,339,658,None,Move,development
1568639727.05,339,658,None,Move,development
1568639727.0579998,337,658,None,Move,development
1568639727.066,335,658,None,Move,development
1568639727.073,333,658,None,Move,development
1568639727.082,331,659,None,Move,development
1568639727.09,328,660,None,Move,development
1568639727.096,327,660,None,Move,development
1568639727.104,326,661,None,Move,development
1568639727.226,326,661,None,Move,development
1568639727.234,327,660,None,Move,development
1568639727.242,329,659,None,Move,development
1568639727.248,331,657,None,Move,development
1568639727.256,332,655,None,Move,development
1568639727.264,334,653,None,Move,development
1568639727.272,335,653,None,Move,development
1568639727.28,337,651,None,Move,development
1568639727.2870002,337,649,None,Move,development
1568639727.296,339,646,None,Move,development
1568639727.304,340,645,None,Move,development
1568639727.311,341,643,None,Move,development
1568639727.32,342,641,None,Move,development
1568639727.326,343,640,None,Move,development
1568639727.334,344,638,None,Move,development
1568639727.342,345,637,None,Move,development
1568639727.35,347,635,None,Move,development
1568639727.3579998,349,634,None,Move,development
1568639727.3660002,349,633,None,Move,development
1568639727.3739998,349,632,None,Move,development
1568639727.716,352,634,None,Move,development
1568639727.724,361,645,None,Move,development
1568639727.732,372,656,None,Move,development
1568639727.74,385,668,None,Move,development
1568639727.748,396,681,None,Move,development
1568639727.755,408,695,None,Move,development
1568639727.764,421,713,None,Move,development
1568639727.772,435,736,None,Move,development
1568639727.778,451,766,None,Move,development
1568639727.786,477,804,None,Move,development
1568639727.794,499,840,None,Move,development
1568639727.802,518,877,None,Move,development
1568639727.81,534,909,None,Move,development
1568639727.8179998,551,945,None,Move,development
1568639727.826,564,968,None,Move,development
1568639727.834,574,993,None,Move,development
1568639727.842,577,1005,None,Move,development
1568639727.85,580,1014,None,Move,development
1568639727.8579998,580,1018,None,Move,development
1568639727.8639998,581,1019,None,Move,development
1568639727.871,582,1021,None,Move,development
1568639727.88,584,1023,None,Move,development
1568639727.8879998,586,1025,None,Move,development
1568639727.896,588,1026,None,Move,development
1568639727.904,589,1028,None,Move,development
1568639727.9120002,590,1029,None,Move,development
1568639727.92,590,1030,None,Move,development
1568639727.936,590,1031,None,Move,development
1568639727.946,590,1032,None,Move,development
1568639727.961,590,1033,None,Move,development
1568639727.969,591,1034,None,Move,development
1568639727.978,593,1036,None,Move,development
1568639727.986,595,1039,None,Move,development
1568639727.994,597,1042,None,Move,development
1568639728.002,603,1044,None,Move,development
1568639728.01,608,1047,None,Move,development
1568639728.016,614,1051,None,Move,development
1568639728.024,620,1053,None,Move,development
1568639728.032,622,1054,None,Move,development
1568639728.04,623,1055,None,Move,development
1568639728.048,623,1055,None,Move,development
1568639728.055,624,1055,None,Move,development
1568639728.1020002,624,1055,None,Move,development
1568639728.11,619,1054,None,Move,development
1568639728.1179998,610,1051,None,Move,development
1568639728.1260002,601,1049,None,Move,development
1568639728.1339998,591,1046,None,Move,development
1568639728.1420002,579,1043,None,Move,development
1568639728.15,565,1041,None,Move,development
1568639728.158,552,1038,None,Move,development
1568639728.166,541,1035,None,Move,development
1568639728.1720002,529,1034,None,Move,development
1568639728.18,519,1032,None,Move,development
1568639728.188,510,1029,None,Move,development
1568639728.196,503,1027,None,Move,development
1568639728.2029998,499,1025,None,Move,development
1568639728.212,495,1024,None,Move,development
1568639728.22,492,1023,None,Move,development
1568639728.228,490,1022,None,Move,development
1568639728.236,488,1022,None,Move,development
1568639728.244,486,1022,None,Move,development
1568639728.25,486,1022,None,Move,development
1568639728.258,485,1022,None,Move,development
1568639728.314,485,1023,None,Move,development
1568639728.32,485,1024,None,Move,development
1568639728.3279998,487,1025,None,Move,development
1568639728.335,488,1026,None,Move,development
1568639728.344,490,1028,None,Move,development
1568639728.3520002,491,1030,None,Move,development
1568639728.36,493,1033,None,Move,development
1568639728.3679998,495,1034,None,Move,development
1568639728.3760002,499,1036,None,Move,development
1568639728.3839998,503,1041,None,Move,development
1568639728.3920002,508,1044,None,Move,development
1568639728.3979998,512,1047,None,Move,development
1568639728.406,514,1049,None,Move,development
1568639728.414,516,1051,None,Move,development
1568639728.4220002,517,1053,None,Move,development
1568639728.429,518,1054,None,Move,development
1568639728.437,520,1056,None,Move,development
1568639728.446,522,1058,None,Move,development
1568639728.454,522,1059,None,Move,development
1568639728.462,523,1060,None,Move,development
1568639728.468,523,1060,None,Move,development
1568639728.476,525,1061,None,Move,development
1568639728.4829998,526,1062,None,Move,development
1568639728.492,526,1062,None,Move,development
1568639728.554,526,1062,Left,Pressed,development
1568639728.6720002,526,1062,Left,Released,development
1568639728.706,526,1062,None,Move,browsing
1568639728.7129998,526,1059,None,Move,browsing
1568639728.722,526,1054,None,Move,browsing
1568639728.73,526,1046,None,Move,browsing
1568639728.738,529,1038,None,Move,browsing
1568639728.746,531,1028,None,Move,browsing
1568639728.754,536,1017,None,Move,browsing
1568639728.762,542,1005,None,Move,browsing
1568639728.769,546,988,None,Move,browsing
1568639728.776,552,969,None,Move,browsing
1568639728.784,555,946,None,Move,browsing
1568639728.791,557,921,None,Move,browsing
1568639728.799,561,886,None,Move,browsing
1568639728.8070002,567,850,None,Move,browsing
1568639728.815,578,806,None,Move,browsing
1568639728.823,589,759,None,Move,browsing
1568639728.832,603,709,None,Move,browsing
1568639728.839,619,654,None,Move,browsing
1568639728.847,636,600,None,Move,browsing
1568639728.855,649,552,None,Move,browsing
1568639728.861,658,513,None,Move,browsing
1568639728.87,668,478,None,Move,browsing
1568639728.8779998,673,455,None,Move,browsing
1568639728.885,677,435,None,Move,browsing
1568639728.894,682,420,None,Move,browsing
1568639728.9020002,684,408,None,Move,browsing
1568639728.91,686,399,None,Move,browsing
1568639728.918,686,391,None,Move,browsing
1568639728.937,686,386,None,Move,browsing
1568639728.937,686,382,None,Move,browsing
1568639728.939,684,379,None,Move,browsing
1568639728.948,683,378,None,Move,browsing
1568639728.956,682,376,None,Move,browsing
1568639728.964,681,374,None,Move,browsing
1568639728.98,681,373,None,Move,browsing
1568639728.996,680,373,None,Move,browsing
1568639729.05,679,373,None,Move,browsing
1568639729.0570002,676,376,None,Move,browsing
1568639729.066,668,382,None,Move,browsing
1568639729.073,663,385,None,Move,browsing
1568639729.082,659,387,None,Move,browsing
1568639729.0879998,654,389,None,Move,browsing
1568639729.096,652,392,None,Move,browsing
1568639729.104,650,393,None,Move,browsing
1568639729.1220002,646,397,None,Move,browsing
1568639729.1279998,644,399,None,Move,browsing
1568639729.1360002,644,402,None,Move,browsing
1568639729.144,642,404,None,Move,browsing
1568639729.151,641,406,None,Move,browsing
1568639729.16,641,408,None,Move,browsing
1568639729.166,640,409,None,Move,browsing
1568639729.174,640,411,None,Move,browsing
1568639729.1820002,640,413,None,Move,browsing
1568639729.19,640,413,None,Move,browsing
1568639729.3,640,413,None,Move,browsing
1568639729.424,640,413,Left,Pressed,browsing
1568639729.5679998,640,413,Left,Released,browsing
1568639729.6239998,640,413,None,Move,browsing
1568639729.6339998,641,413,None,Move,browsing
1568639729.6420002,657,413,None,Move,browsing
1568639729.65,688,412,None,Move,browsing
1568639729.658,723,410,None,Move,browsing
1568639729.666,758,409,None,Move,browsing
1568639729.674,788,409,None,Move,browsing
1568639729.6820002,816,407,None,Move,browsing
1568639729.69,837,407,None,Move,browsing
1568639729.698,854,407,None,Move,browsing
1568639729.704,864,410,None,Move,browsing
1568639729.712,869,411,None,Move,browsing
1568639729.72,870,411,None,Move,browsing
1568639729.768,871,412,None,Move,browsing
1568639729.778,872,412,None,Move,browsing
1568639729.786,877,415,None,Move,browsing
1568639729.794,885,419,None,Move,browsing
1568639729.802,895,423,None,Move,browsing
1568639729.81,904,424,None,Move,browsing
1568639729.8179998,911,426,None,Move,browsing
1568639729.835,916,428,None,Move,browsing
1568639729.836,918,428,None,Move,browsing
1568639729.842,919,428,None,Move,browsing
1568639730.0110002,920,428,None,Move,browsing
1568639730.02,920,426,None,Move,browsing
1568639730.0270002,921,423,None,Move,browsing
1568639730.035,921,421,None,Move,browsing
1568639730.044,921,418,None,Move,browsing
1568639730.052,922,415,None,Move,browsing
1568639730.06,922,414,None,Move,browsing
1568639730.0679998,923,412,None,Move,browsing
1568639730.076,923,410,None,Move,browsing
1568639730.084,923,410,None,Move,browsing
1568639730.09,923,409,None,Move,browsing
1568639730.1420002,923,409,Left,Pressed,browsing
1568639730.289,923,409,Left,Released,browsing
1568639730.305,923,409,None,Move,browsing
1568639730.315,923,409,None,Move,browsing
1568639730.323,921,409,None,Move,browsing
1568639730.331,919,410,None,Move,browsing
1568639730.339,917,412,None,Move,browsing
1568639730.347,914,413,None,Move,browsing
1568639730.356,909,416,None,Move,browsing
1568639730.3639998,901,418,None,Move,browsing
1568639730.3720002,894,420,None,Move,browsing
1568639730.38,884,423,None,Move,browsing
1568639730.4020002,875,425,None,Move,browsing
1568639730.404,857,432,None,Move,browsing
1568639730.41,848,436,None,Move,browsing
1568639730.418,839,439,None,Move,browsing
1568639730.426,829,443,None,Move,browsing
1568639730.434,820,449,None,Move,browsing
1568639730.4420002,809,452,None,Move,browsing
1568639730.45,799,458,None,Move,browsing
1568639730.458,785,465,None,Move,browsing
1568639730.466,773,470,None,Move,browsing
1568639730.472,759,476,None,Move,browsing
1568639730.479,747,478,None,Move,browsing
1568639730.4870002,737,481,None,Move,browsing
1568639730.496,726,483,None,Move,browsing
1568639730.504,717,486,None,Move,browsing
1568639730.512,710,488,None,Move,browsing
1568639730.519,706,490,None,Move,browsing
1568639730.528,702,494,None,Move,browsing
1568639730.535,698,496,None,Move,browsing
1568639730.544,692,499,None,Move,browsing
1568639730.549,686,505,None,Move,browsing
1568639730.5570002,680,510,None,Move,browsing
1568639730.566,672,517,None,Move,browsing
1568639730.574,664,523,None,Move,browsing
1568639730.582,657,527,None,Move,browsing
1568639730.59,652,531,None,Move,browsing
1568639730.5979998,648,533,None,Move,browsing
1568639730.606,646,535,None,Move,browsing
1568639730.613,644,537,None,Move,browsing
1568639730.6220002,642,538,None,Move,browsing
1568639730.6279998,640,539,None,Move,browsing
1568639730.6360002,640,539,None,Move,browsing
1568639730.644,639,539,None,Move,browsing
1568639730.7870002,639,540,None,Move,browsing
1568639730.804,639,541,None,Move,browsing
1568639730.812,640,542,None,Move,browsing
1568639730.82,642,544,None,Move,browsing
1568639730.8279998,644,547,None,Move,browsing
1568639730.835,646,552,None,Move,browsing
1568639730.843,647,558,None,Move,browsing
1568639730.851,647,560,None,Move,browsing
1568639730.857,647,562,None,Move,browsing
1568639730.865,647,563,None,Move,browsing
1568639730.972,648,563,None,Move,browsing
1568639730.988,648,564,None,Move,browsing
1568639730.996,649,566,None,Move,browsing
1568639731.004,650,566,None,Move,browsing
1568639731.01,651,567,None,Move,browsing
1568639731.0170002,652,569,None,Move,browsing
1568639731.026,653,569,None,Move,browsing
1568639731.034,653,569,None,Move,browsing
1568639731.1279998,654,570,None,Move,browsing
1568639731.1360002,655,575,None,Move,browsing
1568639731.144,657,576,None,Move,browsing
1568639731.1520002,658,578,None,Move,browsing
1568639731.157,660,580,None,Move,browsing
1568639731.165,662,583,None,Move,browsing
1568639731.173,664,586,None,Move,browsing
1568639731.181,665,587,None,Move,browsing
1568639731.189,666,589,None,Move,browsing
1568639731.198,667,591,None,Move,browsing
1568639731.205,667,591,None,Move,browsing
1568639735.7510002,668,591,None,Move,browsing
1568639735.76,671,585,None,Move,browsing
1568639735.768,673,579,None,Move,browsing
1568639735.776,675,572,None,Move,browsing
1568639735.781,678,565,None,Move,browsing
1568639735.789,680,559,None,Move,browsing
1568639735.798,680,552,None,Move,browsing
1568639735.806,680,547,None,Move,browsing
1568639735.814,680,540,None,Move,browsing
1568639735.821,681,533,None,Move,browsing
1568639735.83,681,527,None,Move,browsing
1568639735.8379998,681,520,None,Move,browsing
1568639735.846,680,516,None,Move,browsing
1568639735.8520002,678,508,None,Move,browsing
1568639735.86,675,503,None,Move,browsing
1568639735.8679998,673,497,None,Move,browsing
1568639735.875,671,493,None,Move,browsing
1568639735.883,670,491,None,Move,browsing
1568639735.891,669,490,None,Move,browsing
1568639735.9,669,488,None,Move,browsing
1568639735.908,669,486,None,Move,browsing
1568639735.916,667,485,None,Move,browsing
1568639735.924,665,482,None,Move,browsing
1568639735.929,663,478,None,Move,browsing
1568639735.938,661,474,None,Move,browsing
1568639735.946,659,468,None,Move,browsing
1568639735.954,656,461,None,Move,browsing
1568639735.962,654,452,None,Move,browsing
1568639735.969,650,440,None,Move,browsing
1568639735.978,646,428,None,Move,browsing
1568639735.985,640,417,None,Move,browsing
1568639735.994,636,407,None,Move,browsing
1568639736.002,633,402,None,Move,browsing
1568639736.008,632,402,None,Move,browsing
1568639736.028,632,402,None,Move,browsing
1568639736.039,631,402,None,Move,browsing
1568639736.0470002,630,402,None,Move,browsing
1568639736.056,628,402,None,Move,browsing
1568639736.064,624,402,None,Move,browsing
1568639736.072,618,404,None,Move,browsing
1568639736.08,618,405,None,Move,browsing
1568639736.086,619,404,None,Move,browsing
1568639736.094,620,404,None,Move,browsing
1568639736.208,620,403,None,Move,browsing
1568639736.216,623,402,None,Move,browsing
1568639736.224,626,400,None,Move,browsing
1568639736.232,631,398,None,Move,browsing
1568639736.238,637,395,None,Move,browsing
1568639736.245,642,393,None,Move,browsing
1568639736.254,647,387,None,Move,browsing
1568639736.262,650,378,None,Move,browsing
1568639736.27,652,371,None,Move,browsing
1568639736.278,653,364,None,Move,browsing
1568639736.286,653,356,None,Move,browsing
1568639736.294,653,346,None,Move,browsing
1568639736.314,653,335,None,Move,browsing
1568639736.315,650,325,None,Move,browsing
1568639736.316,646,315,None,Move,browsing
1568639736.324,642,304,None,Move,browsing
1568639736.332,638,292,None,Move,browsing
1568639736.34,632,281,None,Move,browsing
1568639736.347,628,271,None,Move,browsing
1568639736.356,623,263,None,Move,browsing
1568639736.3639998,618,257,None,Move,browsing
1568639736.3720002,615,253,None,Move,browsing
1568639736.38,613,250,None,Move,browsing
1568639736.3860002,611,248,None,Move,browsing
1568639736.394,609,247,None,Move,browsing
1568639736.4020002,608,245,None,Move,browsing
1568639736.41,608,244,None,Move,browsing
1568639736.417,607,243,None,Move,browsing
1568639736.425,606,241,None,Move,browsing
1568639736.4329998,606,240,None,Move,browsing
1568639736.441,604,239,None,Move,browsing
1568639736.449,604,237,None,Move,browsing
1568639736.457,603,235,None,Move,browsing
1568639736.465,603,234,None,Move,browsing
1568639736.471,602,232,None,Move,browsing
1568639736.479,602,230,None,Move,browsing
1568639736.488,601,230,None,Move,browsing
1568639736.495,601,228,None,Move,browsing
1568639736.504,601,227,None,Move,browsing
1568639736.512,601,227,None,Move,browsing
1568639736.566,601,226,None,Move,browsing
1568639736.698,601,226,Left,Pressed,browsing
1568639736.82,601,226,Left,Released,browsing
1568639736.936,600,226,None,Move,browsing
1568639736.948,600,226,None,Move,browsing
1568639736.956,599,228,None,Move,browsing
1568639736.964,597,229,None,Move,browsing
1568639736.972,595,231,None,Move,browsing
1568639736.98,593,235,None,Move,browsing
1568639736.988,591,242,None,Move,browsing
1568639736.996,587,248,None,Move,browsing
1568639737.002,581,252,None,Move,browsing
1568639737.01,577,258,None,Move,browsing
1568639737.018,572,264,None,Move,browsing
1568639737.026,568,270,None,Move,browsing
1568639737.034,567,273,None,Move,browsing
1568639737.042,566,275,None,Move,browsing
1568639737.05,564,277,None,Move,browsing
1568639737.0579998,562,278,None,Move,browsing
1568639737.066,560,281,None,Move,browsing
1568639737.074,559,283,None,Move,browsing
1568639737.082,558,285,None,Move,browsing
1568639737.0879998,558,285,None,Move,browsing
1568639737.095,557,286,None,Move,browsing
1568639737.104,556,287,None,Move,browsing
1568639737.1120002,555,288,None,Move,browsing
1568639737.12,555,289,None,Move,browsing
1568639737.1279998,553,291,None,Move,browsing
1568639737.1360002,551,291,None,Move,browsing
1568639737.144,550,291,None,Move,browsing
1568639737.1520002,548,292,None,Move,browsing
1568639737.16,546,292,None,Move,browsing
1568639737.166,545,292,None,Move,browsing
1568639737.174,543,292,None,Move,browsing
1568639737.1820002,542,292,None,Move,browsing
1568639737.19,539,292,None,Move,browsing
1568639737.198,537,292,None,Move,browsing
1568639737.206,534,294,None,Move,browsing
1568639737.214,530,296,None,Move,browsing
1568639737.221,525,298,None,Move,browsing
1568639737.23,523,299,None,Move,browsing
1568639737.2370002,521,300,None,Move,browsing
1568639737.2429998,520,301,None,Move,browsing
1568639737.2510002,514,303,None,Move,browsing
1568639737.2589998,510,305,None,Move,browsing
1568639737.268,503,307,None,Move,browsing
1568639737.276,496,311,None,Move,browsing
1568639737.284,488,314,None,Move,browsing
1568639737.292,481,316,None,Move,browsing
1568639737.3,476,318,None,Move,browsing
1568639737.3079998,473,319,None,Move,browsing
1568639737.314,471,319,None,Move,browsing
1568639737.322,470,320,None,Move,browsing
1568639737.395,469,319,None,Move,browsing
1568639737.404,469,317,None,Move,browsing
1568639737.411,469,313,None,Move,browsing
1568639737.419,468,309,None,Move,browsing
1568639737.428,468,304,None,Move,browsing
1568639737.436,467,300,None,Move,browsing
1568639737.444,466,295,None,Move,browsing
1568639737.452,465,289,None,Move,browsing
1568639737.46,464,286,None,Move,browsing
1568639737.466,463,285,None,Move,browsing
1568639737.474,462,283,None,Move,browsing
1568639737.482,460,281,None,Move,browsing
1568639737.49,459,280,None,Move,browsing
1568639737.498,458,278,None,Move,browsing
1568639737.506,457,277,None,Move,browsing
1568639737.514,456,276,None,Move,browsing
1568639737.522,455,276,None,Move,browsing
1568639737.53,454,275,None,Move,browsing
1568639737.539,452,274,None,Move,browsing
1568639737.544,451,272,None,Move,browsing
1568639737.552,449,272,None,Move,browsing
1568639737.56,447,271,None,Move,browsing
1568639737.5679998,445,271,None,Move,browsing
1568639737.576,444,270,None,Move,browsing
1568639737.584,442,270,None,Move,browsing
1568639737.591,440,269,None,Move,browsing
1568639737.6,438,268,None,Move,browsing
1568639737.6079998,435,267,None,Move,browsing
1568639737.6160002,430,267,None,Move,browsing
1568639737.6220002,425,267,None,Move,browsing
1568639737.629,420,267,None,Move,browsing
1568639737.6379998,415,267,None,Move,browsing
1568639737.645,412,267,None,Move,browsing
1568639737.6620002,408,267,None,Move,browsing
1568639737.669,406,267,None,Move,browsing
1568639737.677,404,265,None,Move,browsing
1568639737.686,404,265,None,Move,browsing
1568639737.694,402,264,None,Move,browsing
1568639737.7,401,263,None,Move,browsing
1568639737.708,400,262,None,Move,browsing
1568639737.716,398,261,None,Move,browsing
1568639737.724,396,261,None,Move,browsing
1568639737.732,395,261,None,Move,browsing
1568639737.74,393,261,None,Move,browsing
1568639737.846,393,261,Left,Pressed,browsing
1568639737.982,393,261,Left,Released,browsing
1568639739.225,393,263,None,Move,browsing
1568639739.2329998,394,270,None,Move,browsing
1568639739.2389998,398,276,None,Move,browsing
1568639739.2470002,401,280,None,Move,browsing
1568639739.256,409,288,None,Move,browsing
1568639739.264,418,296,None,Move,browsing
1568639739.272,428,305,None,Move,browsing
1568639739.28,439,315,None,Move,browsing
1568639739.288,451,326,None,Move,browsing
1568639739.31,462,337,None,Move,browsing
1568639739.312,483,359,None,Move,browsing
1568639739.32,491,370,None,Move,browsing
1568639739.326,496,379,None,Move,browsing
1568639739.333,498,386,None,Move,browsing
1568639739.342,500,393,None,Move,browsing
1568639739.35,502,398,None,Move,browsing
1568639739.3579998,504,404,None,Move,browsing
1568639739.3660002,504,409,None,Move,browsing
1568639739.3739998,504,413,None,Move,browsing
1568639739.3820002,504,417,None,Move,browsing
1568639739.39,504,419,None,Move,browsing
1568639739.395,504,422,None,Move,browsing
1568639739.404,504,424,None,Move,browsing
1568639739.411,504,425,None,Move,browsing
1568639739.42,504,427,None,Move,browsing
1568639739.428,504,428,None,Move,browsing
1568639739.446,504,428,None,Move,browsing
1568639739.464,504,429,None,Move,browsing
1568639739.526,503,429,None,Move,browsing
1568639739.534,503,428,None,Move,browsing
1568639739.542,503,425,None,Move,browsing
1568639739.55,503,422,None,Move,browsing
1568639739.555,503,418,None,Move,browsing
1568639739.563,503,414,None,Move,browsing
1568639739.572,503,410,None,Move,browsing
1568639739.58,503,405,None,Move,browsing
1568639739.587,503,400,None,Move,browsing
1568639739.596,503,396,None,Move,browsing
1568639739.604,503,391,None,Move,browsing
1568639739.6120002,503,388,None,Move,browsing
1568639739.62,502,381,None,Move,browsing
1568639739.6260002,501,374,None,Move,browsing
1568639739.645,499,371,None,Move,browsing
1568639739.647,499,370,None,Move,browsing
1568639739.649,498,370,None,Move,browsing
1568639739.794,498,369,None,Move,browsing
1568639739.802,497,368,None,Move,browsing
1568639739.81,497,368,None,Move,browsing
1568639739.8179998,497,367,None,Move,browsing
1568639739.826,497,366,None,Move,browsing
1568639739.833,497,366,None,Move,browsing
1568639739.846,497,365,None,Move,browsing
1568639739.907,496,365,None,Move,browsing
1568639739.92,494,365,None,Move,browsing
1568639739.928,487,372,None,Move,browsing
1568639739.936,478,378,None,Move,browsing
1568639739.9420002,469,386,None,Move,browsing
1568639739.95,459,395,None,Move,browsing
1568639739.958,449,404,None,Move,browsing
1568639739.978,438,413,None,Move,browsing
1568639739.979,427,424,None,Move,browsing
1568639739.982,417,437,None,Move,browsing
1568639739.99,407,448,None,Move,browsing
1568639739.998,401,458,None,Move,browsing
1568639740.006,396,466,None,Move,browsing
1568639740.0110002,392,473,None,Move,browsing
1568639740.02,390,480,None,Move,browsing
1568639740.028,387,489,None,Move,browsing
1568639740.036,385,500,None,Move,browsing
1568639740.059,380,512,None,Move,browsing
1568639740.06,375,542,None,Move,browsing
1568639740.0670002,371,561,None,Move,browsing
1568639740.076,369,578,None,Move,browsing
1568639740.083,370,593,None,Move,browsing
1568639740.089,375,607,None,Move,browsing
1568639740.0979998,383,618,None,Move,browsing
1568639740.106,391,628,None,Move,browsing
1568639740.1139998,401,641,None,Move,browsing
1568639740.1220002,409,652,None,Move,browsing
1568639740.13,417,661,None,Move,browsing
1568639740.1379998,425,670,None,Move,browsing
1568639740.146,434,678,None,Move,browsing
1568639740.154,444,685,None,Move,browsing
1568639740.16,451,690,None,Move,browsing
1568639740.167,458,692,None,Move,browsing
1568639740.176,465,695,None,Move,browsing
1568639740.184,474,697,None,Move,browsing
1568639740.1920002,481,697,None,Move,browsing
1568639740.2,488,697,None,Move,browsing
1568639740.208,495,697,None,Move,browsing
1568639740.216,502,696,None,Move,browsing
1568639740.224,509,695,None,Move,browsing
1568639740.232,516,692,None,Move,browsing
1568639740.24,523,690,None,Move,browsing
1568639740.246,530,687,None,Move,browsing
1568639740.254,534,686,None,Move,browsing
1568639740.262,538,685,None,Move,browsing
1568639740.27,542,683,None,Move,browsing
1568639740.292,546,681,None,Move,browsing
1568639740.293,551,679,None,Move,browsing
1568639740.302,554,676,None,Move,browsing
1568639740.309,556,669,None,Move,browsing
1568639740.316,560,663,None,Move,browsing
1568639740.324,562,656,None,Move,browsing
1568639740.342,564,650,None,Move,browsing
1568639740.343,567,644,None,Move,browsing
1568639740.347,569,640,None,Move,browsing
1568639740.356,571,637,None,Move,browsing
1568639740.377,571,634,None,Move,browsing
1568639740.3779998,571,631,None,Move,browsing
1568639740.379,571,627,None,Move,browsing
1568639740.3879998,569,620,None,Move,browsing
1568639740.393,567,613,None,Move,browsing
1568639740.4020002,565,604,None,Move,browsing
1568639740.409,561,597,None,Move,browsing
1568639740.418,558,589,None,Move,browsing
1568639740.425,556,581,None,Move,browsing
1568639740.4420002,554,574,None,Move,browsing
1568639740.444,551,566,None,Move,browsing
1568639740.45,549,561,None,Move,browsing
1568639740.458,547,555,None,Move,browsing
1568639740.466,544,549,None,Move,browsing
1568639740.472,542,545,None,Move,browsing
1568639740.492,541,543,None,Move,browsing
1568639740.4929998,540,542,None,Move,browsing
1568639740.496,540,541,None,Move,browsing
1568639740.54,540,540,None,Move,browsing
1568639740.55,540,539,None,Move,browsing
1568639740.5570002,540,536,None,Move,browsing
1568639740.566,541,530,None,Move,browsing
1568639740.574,543,522,None,Move,browsing
1568639740.593,544,517,None,Move,browsing
1568639740.595,547,510,None,Move,browsing
1568639740.597,547,505,None,Move,browsing
1568639740.606,548,499,None,Move,browsing
1568639740.625,548,495,None,Move,browsing
1568639740.6260002,548,489,None,Move,browsing
1568639740.627,545,482,None,Move,browsing
1568639740.6360002,543,475,None,Move,browsing
1568639740.643,542,468,None,Move,browsing
1568639740.6520002,538,460,None,Move,browsing
1568639740.66,534,453,None,Move,browsing
1568639740.668,531,445,None,Move,browsing
1568639740.675,526,438,None,Move,browsing
1568639740.6829998,521,432,None,Move,browsing
1568639740.691,519,430,None,Move,browsing
1568639740.7,518,428,None,Move,browsing
1568639740.705,517,428,None,Move,browsing
1568639740.754,517,428,None,Move,browsing
1568639740.78,515,428,None,Move,browsing
1568639740.788,513,430,None,Move,browsing
1568639740.796,511,432,None,Move,browsing
1568639740.803,508,434,None,Move,browsing
1568639740.812,506,437,None,Move,browsing
1568639740.82,503,439,None,Move,browsing
1568639740.827,500,442,None,Move,browsing
1568639740.836,497,447,None,Move,browsing
1568639740.844,493,454,None,Move,browsing
1568639740.85,491,460,None,Move,browsing
1568639740.8579998,488,470,None,Move,browsing
1568639740.8660002,486,482,None,Move,browsing
1568639740.8739998,484,492,None,Move,browsing
1568639740.8820002,483,502,None,Move,browsing
1568639740.89,483,514,None,Move,browsing
1568639740.897,483,524,None,Move,browsing
1568639740.906,483,534,None,Move,browsing
1568639740.914,483,546,None,Move,browsing
1568639740.9220002,483,561,None,Move,browsing
1568639740.93,483,581,None,Move,browsing
1568639740.936,483,608,None,Move,browsing
1568639740.944,483,642,None,Move,browsing
1568639740.952,485,677,None,Move,browsing
1568639740.96,487,705,None,Move,browsing
1568639740.968,493,735,None,Move,browsing
1568639740.976,496,761,None,Move,browsing
1568639740.984,499,777,None,Move,browsing
1568639740.9910002,505,795,None,Move,browsing
1568639741.0,511,805,None,Move,browsing
1568639741.006,518,816,None,Move,browsing
1568639741.014,526,824,None,Move,browsing
1568639741.022,532,830,None,Move,browsing
1568639741.03,538,834,None,Move,browsing
1568639741.038,545,837,None,Move,browsing
1568639741.046,549,839,None,Move,browsing
1568639741.054,556,842,None,Move,browsing
1568639741.075,562,844,None,Move,browsing
1568639741.076,569,846,None,Move,browsing
1568639741.077,577,849,None,Move,browsing
1568639741.083,585,851,None,Move,browsing
1568639741.091,594,854,None,Move,browsing
1568639741.099,604,855,None,Move,browsing
1568639741.107,618,858,None,Move,browsing
1568639741.115,633,861,None,Move,browsing
1568639741.123,645,861,None,Move,browsing
1568639741.131,655,861,None,Move,browsing
1568639741.139,665,861,None,Move,browsing
1568639741.147,677,862,None,Move,browsing
1568639741.153,687,862,None,Move,browsing
1568639741.175,699,859,None,Move,browsing
1568639741.178,721,850,None,Move,browsing
1568639741.186,733,846,None,Move,browsing
1568639741.194,749,840,None,Move,browsing
1568639741.202,760,833,None,Move,browsing
1568639741.21,773,828,None,Move,browsing
1568639741.218,789,822,None,Move,browsing
1568639741.225,807,813,None,Move,browsing
1568639741.232,824,802,None,Move,browsing
1568639741.24,848,786,None,Move,browsing
1568639741.248,867,766,None,Move,browsing
1568639741.255,889,748,None,Move,browsing
1568639741.264,911,730,None,Move,browsing
1568639741.272,932,714,None,Move,browsing
1568639741.28,959,697,None,Move,browsing
1568639741.288,985,682,None,Move,browsing
1568639741.296,1006,668,None,Move,browsing
1568639741.304,1023,657,None,Move,browsing
1568639741.309,1042,648,None,Move,browsing
1568639741.3170002,1054,640,None,Move,browsing
1568639741.325,1065,633,None,Move,browsing
1568639741.334,1077,626,None,Move,browsing
1568639741.341,1091,619,None,Move,browsing
1568639741.35,1102,612,None,Move,browsing
1568639741.3579998,1111,604,None,Move,browsing
1568639741.3660002,1120,598,None,Move,browsing
1568639741.3739998,1128,590,None,Move,browsing
1568639741.3820002,1136,582,None,Move,browsing
1568639741.3879998,1144,574,None,Move,browsing
1568639741.396,1151,568,None,Move,browsing
1568639741.404,1157,562,None,Move,browsing
1568639741.4120002,1163,558,None,Move,browsing
1568639741.419,1165,556,None,Move,browsing
1568639741.427,1167,554,None,Move,browsing
1568639741.435,1169,552,None,Move,browsing
1568639741.4429998,1169,550,None,Move,browsing
1568639741.451,1170,549,None,Move,browsing
1568639741.459,1170,547,None,Move,browsing
1568639741.465,1170,546,None,Move,browsing
1568639741.4729998,1170,544,None,Move,browsing
1568639741.482,1171,541,None,Move,browsing
1568639741.49,1173,537,None,Move,browsing
1568639741.498,1175,533,None,Move,browsing
1568639741.506,1180,525,None,Move,browsing
1568639741.514,1188,518,None,Move,browsing
1568639741.522,1196,505,None,Move,browsing
1568639741.53,1205,493,None,Move,browsing
1568639741.536,1216,482,None,Move,browsing
1568639741.544,1225,473,None,Move,browsing
1568639741.551,1236,463,None,Move,browsing
1568639741.559,1247,453,None,Move,browsing
1568639741.5679998,1259,445,None,Move,browsing
1568639741.576,1269,439,None,Move,browsing
1568639741.584,1276,431,None,Move,browsing
1568639741.592,1286,424,None,Move,browsing
1568639741.6,1295,419,None,Move,browsing
1568639741.607,1304,412,None,Move,browsing
1568639741.6139998,1312,405,None,Move,browsing
1568639741.6220002,1319,397,None,Move,browsing
1568639741.63,1327,389,None,Move,browsing
1568639741.6379998,1335,384,None,Move,browsing
1568639741.657,1339,382,None,Move,browsing
1568639741.658,1342,380,None,Move,browsing
1568639741.661,1343,379,None,Move,browsing
1568639741.67,1344,379,None,Move,browsing
1568639741.764,1345,379,None,Move,browsing
1568639741.77,1346,377,None,Move,browsing
1568639741.778,1348,375,None,Move,browsing
1568639741.786,1350,373,None,Move,browsing
1568639741.796,1352,373,None,Move,browsing
1568639741.802,1353,372,None,Move,browsing
1568639741.809,1355,371,None,Move,browsing
1568639741.8179998,1355,370,None,Move,browsing
1568639741.825,1356,370,None,Move,browsing
1568639741.833,1356,370,None,Move,browsing
1568639741.842,1357,369,None,Move,browsing
1568639741.8479998,1359,368,None,Move,browsing
1568639741.855,1359,367,None,Move,browsing
1568639741.8639998,1360,367,None,Move,browsing
1568639741.8720002,1361,367,None,Move,browsing
1568639741.88,1362,366,None,Move,browsing
1568639741.8879998,1363,365,None,Move,browsing
1568639741.895,1365,364,None,Move,browsing
1568639741.903,1366,363,None,Move,browsing
1568639741.9120002,1368,363,None,Move,browsing
1568639741.918,1369,361,None,Move,browsing
1568639741.926,1371,360,None,Move,browsing
1568639741.944,1374,356,None,Move,browsing
1568639741.95,1376,355,None,Move,browsing
1568639741.958,1378,353,None,Move,browsing
1568639741.966,1380,351,None,Move,browsing
1568639741.974,1381,349,None,Move,browsing
1568639741.982,1382,349,None,Move,browsing
1568639741.99,1383,348,None,Move,browsing
1568639741.998,1384,346,None,Move,browsing
1568639742.004,1385,345,None,Move,browsing
1568639742.012,1385,344,None,Move,browsing
1568639742.02,1386,343,None,Move,browsing
1568639742.0270002,1386,342,None,Move,browsing
1568639742.036,1386,342,None,Move,browsing
1568639742.044,1386,341,None,Move,browsing
1568639742.052,1386,340,None,Move,browsing
1568639742.059,1386,340,None,Move,browsing
1568639742.071,1386,339,None,Move,browsing
1568639742.09,1386,338,None,Move,browsing
1568639742.093,1386,338,None,Move,browsing
1568639742.101,1385,338,None,Move,browsing
1568639742.109,1383,338,None,Move,browsing
1568639742.117,1382,338,None,Move,browsing
1568639742.125,1380,338,None,Move,browsing
1568639742.133,1379,338,None,Move,browsing
1568639742.141,1373,338,None,Move,browsing
1568639742.1479998,1372,340,None,Move,browsing
1568639742.156,1369,342,None,Move,browsing
1568639742.164,1367,344,None,Move,browsing
1568639742.171,1364,345,None,Move,browsing
1568639742.18,1361,348,None,Move,browsing
1568639742.187,1358,353,None,Move,browsing
1568639742.196,1356,358,None,Move,browsing
1568639742.204,1354,364,None,Move,browsing
1568639742.212,1351,371,None,Move,browsing
1568639742.22,1349,378,None,Move,browsing
1568639742.228,1346,386,None,Move,browsing
1568639742.234,1344,393,None,Move,browsing
1568639742.242,1342,400,None,Move,browsing
1568639742.25,1342,408,None,Move,browsing
1568639742.2570002,1342,417,None,Move,browsing
1568639742.274,1342,424,None,Move,browsing
1568639742.276,1344,431,None,Move,browsing
1568639742.282,1347,440,None,Move,browsing
1568639742.29,1349,450,None,Move,browsing
1568639742.3079998,1352,461,None,Move,browsing
1568639742.3079998,1355,474,None,Move,browsing
1568639742.312,1357,491,None,Move,browsing
1568639742.32,1360,508,None,Move,browsing
1568639742.3279998,1363,524,None,Move,browsing
1568639742.336,1366,541,None,Move,browsing
1568639742.357,1367,558,None,Move,browsing
1568639742.3579998,1368,571,None,Move,browsing
1568639742.359,1371,583,None,Move,browsing
1568639742.3679998,1374,595,None,Move,browsing
1568639742.3760002,1376,605,None,Move,browsing
1568639742.3820002,1379,614,None,Move,browsing
1568639742.39,1381,621,None,Move,browsing
1568639742.409,1384,629,None,Move,browsing
1568639742.41,1386,633,None,Move,browsing
1568639742.414,1387,635,None,Move,browsing
1568639742.4220002,1389,635,None,Move,browsing
1568639742.441,1391,636,None,Move,browsing
1568639742.4420002,1392,636,None,Move,browsing
1568639742.446,1394,636,None,Move,browsing
1568639742.454,1397,635,None,Move,browsing
1568639742.459,1399,633,None,Move,browsing
1568639742.468,1403,626,None,Move,browsing
1568639742.476,1407,620,None,Move,browsing
1568639742.484,1413,612,None,Move,browsing
1568639742.492,1417,605,None,Move,browsing
1568639742.5089998,1421,588,None,Move,browsing
1568639742.516,1420,574,None,Move,browsing
1568639742.5229998,1416,561,None,Move,browsing
1568639742.532,1410,543,None,Move,browsing
1568639742.538,1397,514,None,Move,browsing
1568639742.545,1382,491,None,Move,browsing
1568639742.554,1362,469,None,Move,browsing
1568639742.562,1331,446,None,Move,browsing
1568639742.57,1281,420,None,Move,browsing
1568639742.589,1232,396,None,Move,browsing
1568639742.59,1162,358,None,Move,browsing
1568639742.594,1091,332,None,Move,browsing
1568639742.6020002,998,294,None,Move,browsing
1568639742.61,900,261,None,Move,browsing
1568639742.6160002,806,240,None,Move,browsing
1568639742.6239998,722,219,None,Move,browsing
1568639742.633,628,197,None,Move,browsing
1568639742.64,557,177,None,Move,browsing
1568639742.6479998,500,163,None,Move,browsing
1568639742.656,449,146,None,Move,browsing
1568639742.664,412,138,None,Move,browsing
1568639742.6720002,382,131,None,Move,browsing
1568639742.68,367,127,None,Move,browsing
1568639742.687,358,123,None,Move,browsing
1568639742.694,349,118,None,Move,browsing
1568639742.702,343,113,None,Move,browsing
1568639742.71,341,109,None,Move,browsing
1568639742.718,339,107,None,Move,browsing
1568639742.726,337,105,None,Move,browsing
1568639742.7329998,335,104,None,Move,browsing
1568639742.742,334,102,None,Move,browsing
1568639742.7489998,332,101,None,Move,browsing
1568639742.758,331,99,None,Move,browsing
1568639742.766,329,99,None,Move,browsing
1568639742.771,328,98,None,Move,browsing
1568639742.78,327,97,None,Move,browsing
1568639742.788,326,97,None,Move,browsing
1568639742.857,326,97,None,Move,browsing
1568639742.865,328,104,None,Move,browsing
1568639742.873,330,111,None,Move,browsing
1568639742.881,334,119,None,Move,browsing
1568639742.889,338,126,None,Move,browsing
1568639742.897,346,137,None,Move,browsing
1568639742.906,351,147,None,Move,browsing
1568639742.914,358,158,None,Move,browsing
1568639742.92,363,167,None,Move,browsing
1568639742.929,367,175,None,Move,browsing
1568639742.936,369,182,None,Move,browsing
1568639742.946,371,187,None,Move,browsing
1568639742.952,374,193,None,Move,browsing
1568639742.96,376,197,None,Move,browsing
1568639742.968,378,201,None,Move,browsing
1568639742.976,380,204,None,Move,browsing
1568639742.992,383,210,None,Move,browsing
1568639742.998,385,212,None,Move,browsing
1568639743.006,387,215,None,Move,browsing
1568639743.014,389,216,None,Move,browsing
1568639743.022,391,218,None,Move,browsing
1568639743.03,392,220,None,Move,browsing
1568639743.038,392,220,None,Move,browsing
1568639743.046,392,222,None,Move,browsing
1568639743.054,392,223,None,Move,browsing
1568639743.066,392,223,None,Move,browsing
1568639743.072,393,224,None,Move,browsing
1568639743.08,393,225,None,Move,browsing
1568639743.0879998,393,226,None,Move,browsing
1568639743.096,394,228,None,Move,browsing
1568639743.103,394,229,None,Move,browsing
1568639743.1120002,395,230,None,Move,browsing
1568639743.12,395,232,None,Move,browsing
1568639743.1279998,395,234,None,Move,browsing
1568639743.1360002,396,235,None,Move,browsing
1568639743.144,396,237,None,Move,browsing
1568639743.1520002,396,239,None,Move,browsing
1568639743.158,396,240,None,Move,browsing
1568639743.166,396,242,None,Move,browsing
1568639743.173,396,244,None,Move,browsing
1568639743.1820002,396,247,None,Move,browsing
1568639743.189,396,249,None,Move,browsing
1568639743.198,396,250,None,Move,browsing
1568639743.206,396,252,None,Move,browsing
1568639743.214,396,254,None,Move,browsing
1568639743.222,396,254,None,Move,browsing
1568639743.228,396,255,None,Move,browsing
1568639743.3,396,256,None,Move,browsing
1568639743.31,396,257,None,Move,browsing
1568639743.3179998,397,257,None,Move,browsing
1568639743.326,397,258,None,Move,browsing
1568639743.334,397,259,None,Move,browsing
1568639743.399,398,259,None,Move,browsing
1568639743.411,399,259,None,Move,browsing
1568639743.419,399,260,None,Move,browsing
1568639743.427,400,262,None,Move,browsing
1568639743.435,401,263,None,Move,browsing
1568639743.4429998,402,263,None,Move,browsing
1568639743.455,402,264,None,Move,browsing
1568639743.462,403,265,None,Move,browsing
1568639743.47,403,265,None,Move,browsing
1568639743.478,404,267,None,Move,browsing
1568639743.486,406,268,None,Move,browsing
1568639743.494,407,269,None,Move,browsing
1568639743.506,407,269,None,Move,browsing
1568639743.521,407,270,None,Move,browsing
1568639743.53,408,270,None,Move,browsing
1568639743.633,408,270,Left,Pressed,browsing
1568639743.7610002,408,270,Left,Released,browsing
1568639744.1829998,408,270,None,Move,browsing
1568639744.191,408,270,None,Move,browsing
1568639744.199,406,270,None,Move,browsing
1568639744.207,404,269,None,Move,browsing
1568639744.215,403,268,None,Move,browsing
1568639744.2229998,403,269,None,Move,browsing
1568639744.229,403,275,None,Move,browsing
1568639744.238,405,283,None,Move,browsing
1568639744.246,407,287,None,Move,browsing
1568639744.254,412,291,None,Move,browsing
1568639744.262,419,299,None,Move,browsing
1568639744.27,429,307,None,Move,browsing
1568639744.289,440,314,None,Move,browsing
1568639744.293,459,326,None,Move,browsing
1568639744.302,468,329,None,Move,browsing
1568639744.3079998,475,332,None,Move,browsing
1568639744.316,480,334,None,Move,browsing
1568639744.323,481,335,None,Move,browsing
1568639744.332,483,336,None,Move,browsing
1568639744.405,484,336,None,Move,browsing
1568639744.418,484,336,None,Move,browsing
1568639744.43,485,336,None,Move,browsing
1568639744.468,487,336,None,Move,browsing
1568639744.476,492,334,None,Move,browsing
1568639744.484,498,331,None,Move,browsing
1568639744.492,505,329,None,Move,browsing
1568639744.5,510,327,None,Move,browsing
1568639744.508,518,324,None,Move,browsing
1568639744.516,525,322,None,Move,browsing
1568639744.524,532,321,None,Move,browsing
1568639744.532,536,320,None,Move,browsing
1568639744.5370002,538,320,None,Move,browsing
1568639744.546,541,320,None,Move,browsing
1568639744.554,543,320,None,Move,browsing
1568639744.562,543,320,None,Move,browsing
1568639744.586,544,320,None,Move,browsing
1568639744.594,545,320,None,Move,browsing
1568639744.6020002,546,320,None,Move,browsing
1568639744.62,546,321,None,Move,browsing
1568639744.788,546,321,None,Move,browsing
1568639744.799,546,321,None,Move,browsing
1568639744.8079998,548,320,None,Move,browsing
1568639744.816,549,319,None,Move,browsing
1568639744.824,549,317,None,Move,browsing
1568639744.832,549,315,None,Move,browsing
1568639744.84,551,313,None,Move,browsing
1568639744.847,553,310,None,Move,browsing
1568639744.853,555,308,None,Move,browsing
1568639744.8620002,556,307,None,Move,browsing
1568639744.87,557,305,None,Move,browsing
1568639744.877,557,303,None,Move,browsing
1568639744.885,557,303,None,Move,browsing
1568639744.893,557,301,None,Move,browsing
1568639744.901,557,300,None,Move,browsing
1568639744.92,557,299,None,Move,browsing
1568639745.091,557,299,None,Move,browsing
1568639745.099,557,300,None,Move,browsing
1568639745.107,557,302,None,Move,browsing
1568639745.115,557,303,None,Move,browsing
1568639745.123,557,305,None,Move,browsing
1568639745.131,557,306,None,Move,browsing
1568639745.139,557,307,None,Move,browsing
1568639745.1479998,558,309,None,Move,browsing
1568639745.154,558,310,None,Move,browsing
1568639745.1620002,559,311,None,Move,browsing
1568639745.17,559,313,None,Move,browsing
1568639745.178,560,314,None,Move,browsing
1568639745.186,561,315,None,Move,browsing
1568639745.1929998,561,316,None,Move,browsing
1568639745.201,561,317,None,Move,browsing
1568639745.209,561,318,None,Move,browsing
1568639745.404,562,318,Left,Pressed,browsing
1568639745.404,562,318,None,Drag,browsing
1568639745.411,563,318,None,Drag,browsing
1568639745.42,563,318,None,Drag,browsing
1568639745.428,563,318,None,Drag,browsing
1568639745.436,564,318,None,Drag,browsing
1568639745.436,564,318,Left,Released,browsing
1568639745.8170002,564,318,Left,Pressed,browsing
1568639745.946,564,318,Left,Released,browsing
1568639745.966,565,318,None,Move,browsing
1568639745.974,569,319,None,Move,browsing
1568639745.981,578,320,None,Move,browsing
1568639745.99,588,323,None,Move,browsing
1568639746.008,600,324,None,Move,browsing
1568639746.0089998,612,324,None,Move,browsing
1568639746.012,627,325,None,Move,browsing
1568639746.02,640,325,None,Move,browsing
1568639746.028,655,328,None,Move,browsing
1568639746.036,669,331,None,Move,browsing
1568639746.044,681,334,None,Move,browsing
1568639746.052,693,336,None,Move,browsing
1568639746.06,701,337,None,Move,browsing
1568639746.0679998,710,340,None,Move,browsing
1568639746.076,717,341,None,Move,browsing
1568639746.082,720,342,None,Move,browsing
1568639746.09,725,343,None,Move,browsing
1568639746.0979998,727,344,None,Move,browsing
1568639746.106,727,345,None,Move,browsing
1568639746.208,728,345,None,Move,browsing
1568639746.22,729,345,None,Move,browsing
1568639746.228,730,344,None,Move,browsing
1568639746.234,732,343,None,Move,browsing
1568639746.242,734,342,None,Move,browsing
1568639746.25,736,341,None,Move,browsing
1568639746.258,737,340,None,Move,browsing
1568639746.266,739,339,None,Move,browsing
1568639746.274,741,338,None,Move,browsing
1568639746.302,742,338,None,Move,browsing
1568639746.303,746,336,None,Move,browsing
1568639746.306,747,336,None,Move,browsing
1568639746.312,749,335,None,Move,browsing
1568639746.32,751,335,None,Move,browsing
1568639746.327,752,335,None,Move,browsing
1568639746.336,755,335,None,Move,browsing
1568639746.343,757,335,None,Move,browsing
1568639746.3520002,758,335,None,Move,browsing
1568639746.36,760,335,None,Move,browsing
1568639746.3679998,762,336,None,Move,browsing
1568639746.3760002,765,337,None,Move,browsing
1568639746.3839998,767,337,None,Move,browsing
1568639746.39,770,337,None,Move,browsing
1568639746.3979998,772,338,None,Move,browsing
1568639746.406,774,338,None,Move,browsing
1568639746.414,776,339,None,Move,browsing
1568639746.451,776,339,Left,Pressed,browsing
1568639746.597,776,339,Left,Released,browsing
1568639747.083,774,342,None,Move,browsing
1568639747.091,765,350,None,Move,browsing
1568639747.1,754,361,None,Move,browsing
1568639747.1079998,739,376,None,Move,browsing
1568639747.115,721,398,None,Move,browsing
1568639747.123,710,414,None,Move,browsing
1568639747.131,696,435,None,Move,browsing
1568639747.14,682,456,None,Move,browsing
1568639747.1479998,670,473,None,Move,browsing
1568639747.156,659,490,None,Move,browsing
1568639747.1620002,650,506,None,Move,browsing
1568639747.169,647,518,None,Move,browsing
1568639747.178,645,529,None,Move,browsing
1568639747.186,644,539,None,Move,browsing
1568639747.1929998,644,546,None,Move,browsing
1568639747.202,644,552,None,Move,browsing
1568639747.21,644,557,None,Move,browsing
1568639747.218,644,561,None,Move,browsing
1568639747.226,644,563,None,Move,browsing
1568639747.234,644,564,None,Move,browsing
1568639747.2389998,644,566,None,Move,browsing
1568639747.248,644,568,None,Move,browsing
1568639747.256,644,568,None,Move,browsing
1568639747.264,643,568,None,Move,browsing
1568639747.272,642,569,None,Move,browsing
1568639747.28,641,571,None,Move,browsing
1568639747.2870002,640,572,None,Move,browsing
1568639747.296,638,573,None,Move,browsing
1568639747.304,636,574,None,Move,browsing
1568639747.312,635,575,None,Move,browsing
1568639747.3170002,635,575,None,Move,browsing
1568639747.326,635,576,None,Move,browsing
1568639747.334,634,576,None,Move,browsing
1568639747.407,634,576,None,Move,browsing
1568639747.591,634,576,None,Move,browsing
1568639747.654,634,575,None,Move,browsing
1568639747.666,634,575,None,Move,browsing
1568639747.674,639,571,None,Move,browsing
1568639747.681,645,566,None,Move,browsing
1568639747.689,654,560,None,Move,browsing
1568639747.698,665,553,None,Move,browsing
1568639747.704,681,545,None,Move,browsing
1568639747.712,699,537,None,Move,browsing
1568639747.72,721,529,None,Move,browsing
1568639747.728,756,516,None,Move,browsing
1568639747.736,784,505,None,Move,browsing
1568639747.744,809,496,None,Move,browsing
1568639747.752,830,488,None,Move,browsing
1568639747.76,849,480,None,Move,browsing
1568639747.7670002,873,473,None,Move,browsing
1568639747.776,890,467,None,Move,browsing
1568639747.782,904,463,None,Move,browsing
1568639747.79,916,459,None,Move,browsing
1568639747.8070002,926,457,None,Move,browsing
1568639747.8070002,935,454,None,Move,browsing
1568639747.814,942,452,None,Move,browsing
1568639747.822,950,449,None,Move,browsing
1568639747.83,952,448,None,Move,browsing
1568639747.8379998,955,447,None,Move,browsing
1568639747.845,956,446,None,Move,browsing
1568639747.851,956,445,None,Move,browsing
1568639747.9,956,445,Left,Pressed,browsing
1568639748.075,956,445,Left,Released,browsing
1568639748.234,956,445,None,Move,browsing
1568639748.2410002,954,444,None,Move,browsing
1568639748.25,951,444,None,Move,browsing
1568639748.258,948,444,None,Move,browsing
1568639748.266,946,444,None,Move,browsing
1568639748.2729998,939,443,None,Move,browsing
1568639748.281,926,439,None,Move,browsing
1568639748.29,910,436,None,Move,browsing
1568639748.298,895,434,None,Move,browsing
1568639748.306,876,431,None,Move,browsing
1568639748.312,842,419,None,Move,browsing
1568639748.32,805,408,None,Move,browsing
1568639748.3279998,768,402,None,Move,browsing
1568639748.335,733,398,None,Move,browsing
1568639748.344,704,395,None,Move,browsing
1568639748.3520002,678,389,None,Move,browsing
1568639748.36,661,387,None,Move,browsing
1568639748.367,649,384,None,Move,browsing
1568639748.3760002,642,382,None,Move,browsing
1568639748.383,638,381,None,Move,browsing
1568639748.39,637,381,None,Move,browsing
1568639748.397,637,380,None,Move,browsing
1568639748.4220002,637,379,None,Move,browsing
1568639748.43,637,378,None,Move,browsing
1568639748.438,638,378,None,Move,browsing
1568639748.48,638,377,None,Move,browsing
1568639748.69,638,376,None,Move,browsing
1568639748.698,638,375,None,Move,browsing
1568639748.71,638,375,None,Move,browsing
1568639748.722,639,374,None,Move,browsing
1568639748.73,641,373,None,Move,browsing
1568639748.738,642,372,None,Move,browsing
1568639748.746,644,372,None,Move,browsing
1568639748.754,646,372,None,Move,browsing
1568639748.762,646,372,None,Move,browsing
1568639750.1420002,646,370,None,Move,browsing
1568639750.15,635,351,None,Move,browsing
1568639750.166,618,327,None,Move,browsing
1568639750.167,609,313,None,Move,browsing
1568639750.171,608,310,None,Move,browsing
1568639750.179,607,309,None,Move,browsing
1568639750.224,607,308,None,Move,browsing
1568639750.236,606,307,None,Move,browsing
1568639750.242,592,298,None,Move,browsing
1568639750.2489998,567,296,None,Move,browsing
1568639750.266,534,298,None,Move,browsing
1568639750.274,528,301,None,Move,browsing
1568639750.894,528,301,None,Move,browsing
1568639750.9020002,527,300,None,Move,browsing
1568639750.91,527,299,None,Move,browsing
1568639751.053,527,298,None,Move,browsing
1568639751.061,527,293,None,Move,browsing
1568639751.069,527,286,None,Move,browsing
1568639751.077,527,279,None,Move,browsing
1568639751.085,525,272,None,Move,browsing
1568639751.091,524,265,None,Move,browsing
1568639751.1,521,256,None,Move,browsing
1568639751.1079998,519,247,None,Move,browsing
1568639751.115,518,236,None,Move,browsing
1568639751.1239998,516,219,None,Move,browsing
1568639751.1320002,509,201,None,Move,browsing
1568639751.14,497,170,None,Move,browsing
1568639751.147,488,160,None,Move,browsing
1568639751.155,480,155,None,Move,browsing
1568639751.163,474,149,None,Move,browsing
1568639751.17,471,145,None,Move,browsing
1568639751.178,468,142,None,Move,browsing
1568639751.186,466,140,None,Move,browsing
1568639751.194,464,138,None,Move,browsing
1568639751.202,464,138,None,Move,browsing
1568639751.214,464,137,None,Move,browsing
1568639751.276,464,137,None,Move,browsing
1568639751.284,464,141,None,Move,browsing
1568639751.292,464,144,None,Move,browsing
1568639751.3,464,146,None,Move,browsing
1568639751.3079998,464,148,None,Move,browsing
1568639751.316,465,150,None,Move,browsing
1568639751.322,466,152,None,Move,browsing
1568639751.33,468,153,None,Move,browsing
1568639751.342,468,154,None,Move,browsing
1568639751.349,469,155,None,Move,browsing
1568639751.3620002,470,155,None,Move,browsing
1568639751.4,470,156,None,Move,browsing
1568639751.4120002,471,156,None,Move,browsing
1568639751.42,472,158,None,Move,browsing
1568639751.428,474,159,None,Move,browsing
1568639751.436,476,160,None,Move,browsing
1568639751.444,477,162,None,Move,browsing
1568639751.452,479,165,None,Move,browsing
1568639751.46,481,167,None,Move,browsing
1568639751.468,482,169,None,Move,browsing
1568639751.474,484,170,None,Move,browsing
1568639751.482,485,172,None,Move,browsing
1568639751.49,485,174,None,Move,browsing
1568639751.4970002,486,176,None,Move,browsing
1568639751.506,487,179,None,Move,browsing
1568639751.514,488,183,None,Move,browsing
1568639751.522,489,188,None,Move,browsing
1568639751.53,491,193,None,Move,browsing
1568639751.538,494,200,None,Move,browsing
1568639751.546,496,205,None,Move,browsing
1568639751.564,497,209,None,Move,browsing
1568639751.565,498,213,None,Move,browsing
1568639751.5679998,499,217,None,Move,browsing
1568639751.576,501,223,None,Move,browsing
1568639751.584,502,228,None,Move,browsing
1568639751.592,503,232,None,Move,browsing
1568639751.599,503,235,None,Move,browsing
1568639751.6079998,503,236,None,Move,browsing
1568639751.6160002,503,238,None,Move,browsing
1568639751.6239998,504,240,None,Move,browsing
1568639751.63,504,241,None,Move,browsing
1568639751.637,504,242,None,Move,browsing
1568639751.8639998,504,242,Left,Pressed,browsing
1568639751.994,504,242,Left,Released,browsing
1568639752.056,504,243,None,Move,browsing
1568639752.072,504,243,None,Move,browsing
1568639752.08,504,244,None,Move,browsing
1568639752.086,504,246,None,Move,browsing
1568639752.093,504,247,None,Move,browsing
1568639752.1020002,504,248,None,Move,browsing
1568639752.11,504,249,None,Move,browsing
1568639752.117,504,249,None,Move,browsing
1568639752.1260002,504,250,None,Move,browsing
1568639752.1339998,504,251,None,Move,browsing
1568639752.524,504,252,None,Move,browsing
1568639752.532,503,260,None,Move,browsing
1568639752.54,503,268,None,Move,browsing
1568639752.548,505,277,None,Move,browsing
1568639752.554,509,285,None,Move,browsing
1568639752.562,514,294,None,Move,browsing
1568639752.569,517,301,None,Move,browsing
1568639752.577,522,308,None,Move,browsing
1568639752.586,529,315,None,Move,browsing
1568639752.594,536,321,None,Move,browsing
1568639752.6020002,544,326,None,Move,browsing
1568639752.61,551,330,None,Move,browsing
1568639752.6179998,558,332,None,Move,browsing
1568639752.625,566,335,None,Move,browsing
1568639752.631,573,336,None,Move,browsing
1568639752.64,578,337,None,Move,browsing
1568639752.6479998,585,339,None,Move,browsing
1568639752.656,589,339,None,Move,browsing
1568639752.664,593,339,None,Move,browsing
1568639752.6720002,598,339,None,Move,browsing
1568639752.68,601,339,None,Move,browsing
1568639752.688,604,339,None,Move,browsing
1568639752.696,608,339,None,Move,browsing
1568639752.704,609,339,None,Move,browsing
1568639752.71,612,339,None,Move,browsing
1568639752.717,615,339,None,Move,browsing
1568639752.725,617,339,None,Move,browsing
1568639752.7329998,620,339,None,Move,browsing
1568639752.7410002,624,339,None,Move,browsing
1568639752.75,627,339,None,Move,browsing
1568639752.758,633,339,None,Move,browsing
1568639752.766,639,338,None,Move,browsing
1568639752.774,643,333,None,Move,browsing
1568639752.782,650,331,None,Move,browsing
1568639752.788,658,329,None,Move,browsing
1568639752.796,660,328,None,Move,browsing
1568639752.804,661,328,None,Move,browsing
1568639752.812,661,330,None,Move,browsing
1568639752.82,655,337,None,Move,browsing
1568639752.8279998,651,341,None,Move,browsing
1568639752.836,643,349,None,Move,browsing
1568639752.844,635,357,None,Move,browsing
1568639752.8520002,633,359,None,Move,browsing
1568639752.952,632,358,None,Move,browsing
1568639752.96,632,352,None,Move,browsing
1568639752.968,632,345,None,Move,browsing
1568639752.976,634,339,None,Move,browsing
1568639752.984,638,332,None,Move,browsing
1568639752.992,640,327,None,Move,browsing
1568639753.0,641,326,None,Move,browsing
1568639753.008,643,324,None,Move,browsing
1568639753.015,644,322,None,Move,browsing
1568639753.022,644,321,None,Move,browsing
1568639753.029,646,319,None,Move,browsing
1568639753.0370002,647,317,None,Move,browsing
1568639753.046,649,317,None,Move,browsing
1568639753.054,649,317,None,Move,browsing
1568639753.062,651,318,None,Move,browsing
1568639753.069,656,320,None,Move,browsing
1568639753.077,662,322,None,Move,browsing
1568639753.083,669,324,None,Move,browsing
1568639753.091,678,327,None,Move,browsing
1568639753.1,689,327,None,Move,browsing
1568639753.1079998,699,327,None,Move,browsing
1568639753.115,710,327,None,Move,browsing
1568639753.1239998,717,329,None,Move,browsing
1568639753.1320002,724,332,None,Move,browsing
1568639753.14,731,334,None,Move,browsing
1568639753.147,740,337,None,Move,browsing
1568639753.156,747,339,None,Move,browsing
1568639753.163,756,342,None,Move,browsing
1568639753.17,765,344,None,Move,browsing
1568639753.178,775,347,None,Move,browsing
1568639753.186,785,349,None,Move,browsing
1568639753.194,794,352,None,Move,browsing
1568639753.202,804,353,None,Move,browsing
1568639753.21,811,353,None,Move,browsing
1568639753.218,820,354,None,Move,browsing
1568639753.226,828,354,None,Move,browsing
1568639753.234,837,357,None,Move,browsing
1568639753.242,844,359,None,Move,browsing
1568639753.2470002,851,362,None,Move,browsing
1568639753.255,857,364,None,Move,browsing
1568639753.264,864,366,None,Move,browsing
1568639753.272,871,369,None,Move,browsing
1568639753.279,879,371,None,Move,browsing
1568639753.288,882,372,None,Move,browsing
1568639753.296,885,374,None,Move,browsing
1568639753.303,888,375,None,Move,browsing
1568639753.311,890,376,None,Move,browsing
1568639753.32,891,376,None,Move,browsing
1568639753.326,893,377,None,Move,browsing
1568639753.474,896,377,None,Move,browsing
1568639753.482,902,377,None,Move,browsing
1568639753.4889998,908,376,None,Move,browsing
1568639753.4970002,913,375,None,Move,browsing
1568639753.505,920,374,None,Move,browsing
1568639753.5129998,927,374,None,Move,browsing
1568639753.522,934,373,None,Move,browsing
1568639753.529,939,373,None,Move,browsing
1568639753.538,943,373,None,Move,browsing
1568639753.546,947,373,None,Move,browsing
1568639753.564,951,373,None,Move,browsing
1568639753.5679998,957,373,None,Move,browsing
1568639753.576,961,373,None,Move,browsing
1568639753.584,962,373,None,Move,browsing
1568639753.592,966,372,None,Move,browsing
1568639753.599,968,371,None,Move,browsing
1568639753.6079998,971,370,None,Move,browsing
1568639753.6160002,972,370,None,Move,browsing
1568639753.6220002,974,370,None,Move,browsing
1568639753.63,975,370,None,Move,browsing
1568639753.6379998,977,369,None,Move,browsing
1568639753.645,978,369,None,Move,browsing
1568639753.654,979,369,None,Move,browsing
1568639753.661,980,369,None,Move,browsing
1568639753.67,981,368,None,Move,browsing
1568639753.678,982,368,None,Move,browsing
1568639753.686,984,368,None,Move,browsing
1568639753.736,984,368,Left,Pressed,browsing
1568639753.908,984,368,Left,Released,browsing
1568639754.0110002,982,368,None,Move,browsing
1568639754.019,973,370,None,Move,browsing
1568639754.0270002,958,373,None,Move,browsing
1568639754.035,939,377,None,Move,browsing
1568639754.043,913,380,None,Move,browsing
1568639754.051,882,382,None,Move,browsing
1568639754.06,846,386,None,Move,browsing
1568639754.0679998,820,390,None,Move,browsing
1568639754.076,793,390,None,Move,browsing
1568639754.096,767,387,None,Move,browsing
1568639754.097,749,386,None,Move,browsing
1568639754.0979998,740,383,None,Move,browsing
1568639754.106,735,381,None,Move,browsing
1568639754.1139998,733,379,None,Move,browsing
1568639754.1220002,731,378,None,Move,browsing
1568639754.168,731,378,None,Move,browsing
1568639754.179,731,377,None,Move,browsing
1568639754.188,732,375,None,Move,browsing
1568639754.196,735,374,None,Move,browsing
1568639754.204,737,372,None,Move,browsing
1568639754.212,740,370,None,Move,browsing
1568639754.22,747,368,None,Move,browsing
1568639754.228,756,365,None,Move,browsing
1568639754.2329998,764,364,None,Move,browsing
1568639754.242,776,363,None,Move,browsing
1568639754.25,789,363,None,Move,browsing
1568639754.258,806,363,None,Move,browsing
1568639754.266,818,366,None,Move,browsing
1568639754.2729998,832,370,None,Move,browsing
1568639754.281,842,372,None,Move,browsing
1568639754.289,852,376,None,Move,browsing
1568639754.298,863,382,None,Move,browsing
1568639754.306,871,388,None,Move,browsing
1568639754.314,879,396,None,Move,browsing
1568639754.32,886,403,None,Move,browsing
1568639754.3279998,891,408,None,Move,browsing
1568639754.336,894,412,None,Move,browsing
1568639754.344,896,414,None,Move,browsing
1568639754.3520002,898,416,None,Move,browsing
1568639754.36,898,418,None,Move,browsing
1568639754.3679998,898,419,None,Move,browsing
1568639754.3760002,898,421,None,Move,browsing
1568639754.396,897,422,None,Move,browsing
1568639754.397,896,422,None,Move,browsing
1568639754.3979998,895,423,None,Move,browsing
1568639754.405,894,423,None,Move,browsing
1568639754.48,892,424,None,Move,browsing
1568639754.492,891,425,None,Move,browsing
1568639754.5,889,426,None,Move,browsing
1568639754.508,887,427,None,Move,browsing
1568639754.516,887,427,None,Move,browsing
1568639754.524,885,427,None,Move,browsing
1568639754.54,884,427,None,Move,browsing
1568639754.734,884,427,None,Move,browsing
1568639754.75,883,427,None,Move,browsing
1568639754.7570002,881,427,None,Move,browsing
1568639754.77,881,427,None,Move,browsing
1568639754.776,879,428,None,Move,browsing
1568639754.784,877,430,None,Move,browsing
1568639754.791,875,432,None,Move,browsing
1568639754.799,873,434,None,Move,browsing
1568639754.811,870,435,None,Move,browsing
1568639754.82,867,437,None,Move,browsing
1568639754.827,864,439,None,Move,browsing
1568639754.836,863,440,None,Move,browsing
1568639754.844,861,442,None,Move,browsing
1568639754.85,860,442,None,Move,browsing
1568639754.857,859,443,None,Move,browsing
1568639754.8660002,859,443,None,Move,browsing
1568639754.8739998,859,443,None,Move,browsing
1568639754.8820002,857,443,None,Move,browsing
1568639754.894,856,443,None,Move,browsing
1568639754.906,856,443,None,Move,browsing
1568639754.914,855,443,None,Move,browsing
1568639754.9220002,854,443,None,Move,browsing
1568639754.928,853,442,None,Move,browsing
1568639754.936,852,442,None,Move,browsing
1568639754.944,850,441,None,Move,browsing
1568639754.952,849,440,None,Move,browsing
1568639754.959,847,440,None,Move,browsing
1568639754.968,845,440,None,Move,browsing
1568639754.976,844,439,None,Move,browsing
1568639754.984,842,438,None,Move,browsing
1568639754.992,841,437,None,Move,browsing
1568639755.0,840,436,None,Move,browsing
1568639755.006,838,435,None,Move,browsing
1568639755.014,836,434,None,Move,browsing
1568639755.021,836,433,None,Move,browsing
1568639755.03,834,432,None,Move,browsing
1568639755.0370002,833,431,None,Move,browsing
1568639755.046,832,430,None,Move,browsing
1568639755.054,831,428,None,Move,browsing
1568639755.062,830,427,None,Move,browsing
1568639755.07,829,427,None,Move,browsing
1568639755.077,829,425,None,Move,browsing
1568639755.084,828,423,None,Move,browsing
1568639755.092,827,423,None,Move,browsing
1568639755.1,825,422,None,Move,browsing
1568639755.1079998,825,421,None,Move,browsing
1568639755.1160002,824,421,None,Move,browsing
1568639755.1239998,823,421,None,Move,browsing
1568639755.1320002,823,420,None,Move,browsing
1568639755.23,822,419,None,Move,browsing
1568639755.24,822,418,None,Move,browsing
1568639755.248,822,417,None,Move,browsing
1568639755.256,823,415,None,Move,browsing
1568639755.264,824,413,None,Move,browsing
1568639755.272,826,412,None,Move,browsing
1568639755.28,828,411,None,Move,browsing
1568639755.288,830,411,None,Move,browsing
1568639755.295,831,410,None,Move,browsing
1568639755.304,834,409,None,Move,browsing
1568639755.31,836,409,None,Move,browsing
1568639755.3179998,837,409,None,Move,browsing
1568639755.326,839,409,None,Move,browsing
1568639755.334,839,409,None,Move,browsing
1568639755.342,840,409,None,Move,browsing
1568639755.896,840,409,Left,Pressed,browsing
1568639756.028,840,409,Left,Released,browsing
1568639756.199,840,409,None,Move,browsing
1568639756.208,845,409,None,Move,browsing
1568639756.216,850,409,None,Move,browsing
1568639756.224,857,409,None,Move,browsing
1568639756.232,864,408,None,Move,browsing
1568639756.238,870,408,None,Move,browsing
1568639756.245,877,408,None,Move,browsing
1568639756.254,884,408,None,Move,browsing
1568639756.262,891,409,None,Move,browsing
1568639756.27,898,409,None,Move,browsing
1568639756.278,905,410,None,Move,browsing
1568639756.286,909,410,None,Move,browsing
1568639756.294,910,410,None,Move,browsing
1568639756.302,911,410,None,Move,browsing
1568639756.421,912,410,None,Move,browsing
1568639756.429,912,410,None,Move,browsing
1568639756.438,914,410,None,Move,browsing
1568639756.446,916,409,None,Move,browsing
1568639756.454,917,408,None,Move,browsing
1568639756.462,919,408,None,Move,browsing
1568639756.468,920,407,None,Move,browsing
1568639756.476,920,407,None,Move,browsing
1568639756.5979998,920,407,Left,Pressed,browsing
1568639756.734,920,407,Left,Released,browsing
1568639757.4970002,920,407,Left,Pressed,browsing
1568639757.646,920,407,Left,Released,browsing
1568639757.962,920,407,Left,Pressed,browsing
1568639758.0879998,920,407,Left,Released,browsing
1568639758.45,919,407,None,Move,browsing
1568639758.458,907,407,None,Move,browsing
1568639758.466,885,407,None,Move,browsing
1568639758.474,856,410,None,Move,browsing
1568639758.48,824,414,None,Move,browsing
1568639758.488,789,414,None,Move,browsing
1568639758.496,757,411,None,Move,browsing
1568639758.504,728,407,None,Move,browsing
1568639758.512,696,402,None,Move,browsing
1568639758.52,666,396,None,Move,browsing
1568639758.5270002,648,395,None,Move,browsing
1568639758.536,633,395,None,Move,browsing
1568639758.544,624,396,None,Move,browsing
1568639758.552,617,399,None,Move,browsing
1568639758.5579998,613,401,None,Move,browsing
1568639758.566,611,401,None,Move,browsing
1568639758.574,608,401,None,Move,browsing
1568639758.582,607,402,None,Move,browsing
1568639758.59,605,402,None,Move,browsing
1568639758.5979998,604,402,None,Move,browsing
1568639758.606,604,402,None,Move,browsing
1568639758.6179998,603,402,None,Move,browsing
1568639758.625,602,402,None,Move,browsing
1568639758.633,601,402,None,Move,browsing
1568639758.64,600,402,None,Move,browsing
1568639758.647,599,400,None,Move,browsing
1568639758.655,599,399,None,Move,browsing
1568639758.663,599,397,None,Move,browsing
1568639758.671,600,395,None,Move,browsing
1568639758.68,602,394,None,Move,browsing
1568639758.688,603,392,None,Move,browsing
1568639758.708,605,390,None,Move,browsing
1568639758.709,606,388,None,Move,browsing
1568639758.712,608,385,None,Move,browsing
1568639758.718,610,381,None,Move,browsing
1568639758.726,611,381,None,Move,browsing
1568639758.734,612,380,None,Move,browsing
1568639758.7410002,614,378,None,Move,browsing
1568639758.75,616,376,None,Move,browsing
1568639758.758,618,375,None,Move,browsing
1568639758.766,619,373,None,Move,browsing
1568639758.9420002,622,375,None,Move,browsing
1568639758.948,633,384,None,Move,browsing
1568639758.955,641,392,None,Move,browsing
1568639758.974,643,399,None,Move,browsing
1568639758.975,644,405,None,Move,browsing
1568639758.979,647,410,None,Move,browsing
1568639758.988,652,418,None,Move,browsing
1568639758.996,658,426,None,Move,browsing
1568639759.004,662,433,None,Move,browsing
1568639759.024,664,436,None,Move,browsing
1568639759.025,665,439,None,Move,browsing
1568639759.033,669,443,None,Move,browsing
1568639759.042,670,445,None,Move,browsing
1568639759.05,671,446,None,Move,browsing
1568639759.0579998,671,446,None,Move,browsing
1568639759.3779998,672,446,None,Move,browsing
1568639759.3860002,674,445,None,Move,browsing
1568639759.393,675,443,None,Move,browsing
1568639759.401,677,441,None,Move,browsing
1568639759.409,679,440,None,Move,browsing
1568639759.415,681,438,None,Move,browsing
1568639759.424,683,436,None,Move,browsing
1568639759.4320002,683,434,None,Move,browsing
1568639759.44,685,433,None,Move,browsing
1568639759.448,687,433,None,Move,browsing
1568639759.456,688,433,None,Move,browsing
1568639759.464,689,433,None,Move,browsing
1568639759.472,690,433,None,Move,browsing
1568639759.48,691,433,None,Move,browsing
1568639759.49,691,433,None,Move,browsing
1568639759.498,693,433,None,Move,browsing
1568639759.505,695,434,None,Move,browsing
1568639759.514,696,436,None,Move,browsing
1568639759.522,698,438,None,Move,browsing
1568639759.53,700,438,None,Move,browsing
1568639759.538,701,439,None,Move,browsing
1568639759.546,702,440,None,Move,browsing
1568639759.554,703,441,None,Move,browsing
1568639759.562,704,441,None,Move,browsing
1568639759.5679998,704,442,None,Move,browsing
1568639759.576,706,443,None,Move,browsing
1568639759.584,708,445,None,Move,browsing
1568639759.591,708,446,None,Move,browsing
1568639759.6,710,448,None,Move,browsing
1568639759.607,712,450,None,Move,browsing
1568639759.615,714,452,None,Move,browsing
1568639759.623,716,453,None,Move,browsing
1568639759.6320002,717,454,None,Move,browsing
1568639759.6379998,719,456,None,Move,browsing
1568639759.646,721,457,None,Move,browsing
1568639759.654,722,458,None,Move,browsing
1568639759.6620002,724,459,None,Move,browsing
1568639759.67,726,460,None,Move,browsing
1568639759.678,728,460,None,Move,browsing
1568639759.686,729,462,None,Move,browsing
1568639759.6929998,731,463,None,Move,browsing
1568639759.701,733,464,None,Move,browsing
1568639759.709,735,465,None,Move,browsing
1568639759.715,736,466,None,Move,browsing
1568639759.7229998,738,466,None,Move,browsing
1568639759.731,739,466,None,Move,browsing
1568639759.7389998,739,466,None,Move,browsing
1568639759.8839998,739,466,None,Move,browsing
1568639759.9,741,466,None,Move,browsing
1568639759.908,744,460,None,Move,browsing
1568639759.916,749,453,None,Move,browsing
1568639759.924,755,445,None,Move,browsing
1568639759.9320002,763,439,None,Move,browsing
1568639759.94,772,434,None,Move,browsing
1568639759.948,780,430,None,Move,browsing
1568639759.9529998,787,428,None,Move,browsing
1568639759.962,792,425,None,Move,browsing
1568639759.97,797,423,None,Move,browsing
1568639759.978,799,422,None,Move,browsing
1568639759.985,801,422,None,Move,browsing
1568639759.994,802,422,None,Move,browsing
1568639760.0010002,803,422,None,Move,browsing
1568639760.0089998,805,423,None,Move,browsing
1568639760.0170002,807,425,None,Move,browsing
1568639760.0229998,808,427,None,Move,browsing
1568639760.032,810,428,None,Move,browsing
1568639760.041,812,430,None,Move,browsing
1568639760.048,814,433,None,Move,browsing
1568639760.056,816,435,None,Move,browsing
1568639760.064,817,436,None,Move,browsing
1568639760.072,818,438,None,Move,browsing
1568639760.08,819,440,None,Move,browsing
1568639760.0879998,820,442,None,Move,browsing
1568639760.096,821,443,None,Move,browsing
1568639760.1020002,821,444,None,Move,browsing
1568639760.1179998,822,445,None,Move,browsing
1568639760.1260002,823,445,None,Move,browsing
1568639760.1339998,824,445,None,Move,browsing
1568639760.1420002,824,446,None,Move,browsing
1568639760.15,824,446,None,Move,browsing
1568639760.38,823,448,None,Move,browsing
1568639760.387,815,455,None,Move,browsing
1568639760.396,801,463,None,Move,browsing
1568639760.404,788,471,None,Move,browsing
1568639760.411,778,478,None,Move,browsing
1568639760.417,767,483,None,Move,browsing
1568639760.425,758,487,None,Move,browsing
1568639760.4329998,754,491,None,Move,browsing
1568639760.441,752,492,None,Move,browsing
1568639760.449,750,492,None,Move,browsing
1568639760.457,749,492,None,Move,browsing
1568639760.478,749,492,None,Move,browsing
1568639760.4829998,752,492,None,Move,browsing
1568639760.4910002,755,490,None,Move,browsing
1568639760.5,760,488,None,Move,browsing
1568639760.508,766,485,None,Move,browsing
1568639760.516,768,483,None,Move,browsing
1568639760.5229998,770,483,None,Move,browsing
1568639760.532,771,483,None,Move,browsing
1568639760.54,771,483,None,Move,browsing
1568639760.552,771,482,None,Move,browsing
1568639760.562,771,482,None,Move,browsing
1568639760.57,771,482,None,Move,browsing
1568639760.5779998,770,482,None,Move,browsing
1568639760.586,768,482,None,Move,browsing
1568639760.594,766,482,None,Move,browsing
1568639760.6020002,763,482,None,Move,browsing
1568639760.61,756,482,None,Move,browsing
1568639760.6179998,746,482,None,Move,browsing
1568639760.6260002,735,482,None,Move,browsing
1568639760.6339998,716,479,None,Move,browsing
1568639760.64,699,476,None,Move,browsing
1568639760.647,681,475,None,Move,browsing
1568639760.656,670,479,None,Move,browsing
1568639760.663,663,486,None,Move,browsing
1568639760.6720002,655,493,None,Move,browsing
1568639760.68,651,501,None,Move,browsing
1568639760.687,647,508,None,Move,browsing
1568639760.695,645,518,None,Move,browsing
1568639760.704,642,532,None,Move,browsing
1568639760.711,641,550,None,Move,browsing
1568639760.718,641,573,None,Move,browsing
1568639760.726,645,615,None,Move,browsing
1568639760.734,647,654,None,Move,browsing
1568639760.7410002,652,699,None,Move,browsing
1568639760.75,656,741,None,Move,browsing
1568639760.7570002,658,782,None,Move,browsing
1568639760.765,657,814,None,Move,browsing
1568639760.774,655,845,None,Move,browsing
1568639760.782,653,862,None,Move,browsing
1568639760.79,653,874,None,Move,browsing
1568639760.796,653,880,None,Move,browsing
1568639760.804,653,887,None,Move,browsing
1568639760.812,653,896,None,Move,browsing
1568639760.82,653,902,None,Move,browsing
1568639760.8279998,653,908,None,Move,browsing
1568639760.835,653,912,None,Move,browsing
1568639760.843,653,913,None,Move,browsing
1568639760.8520002,653,915,None,Move,browsing
1568639760.859,653,916,None,Move,browsing
1568639760.8660002,653,918,None,Move,browsing
1568639760.8739998,654,920,None,Move,browsing
1568639760.8820002,656,924,None,Move,browsing
1568639760.89,659,929,None,Move,browsing
1568639760.8979998,661,934,None,Move,browsing
1568639760.906,663,938,None,Move,browsing
1568639760.914,666,943,None,Move,browsing
1568639760.9220002,670,949,None,Move,browsing
1568639760.93,675,957,None,Move,browsing
1568639760.938,681,963,None,Move,browsing
1568639760.946,689,971,None,Move,browsing
1568639760.952,696,979,None,Move,browsing
1568639760.96,701,986,None,Move,browsing
1568639760.968,709,992,None,Move,browsing
1568639760.975,717,1000,None,Move,browsing
1568639760.984,725,1007,None,Move,browsing
1568639760.992,730,1010,None,Move,browsing
1568639761.0,733,1012,None,Move,browsing
1568639761.0070002,737,1014,None,Move,browsing
1568639761.016,739,1016,None,Move,browsing
1568639761.024,742,1016,None,Move,browsing
1568639761.029,743,1018,None,Move,browsing
1568639761.0370002,745,1018,None,Move,browsing
1568639761.045,747,1019,None,Move,browsing
1568639761.054,748,1019,None,Move,browsing
1568639761.062,749,1021,None,Move,browsing
1568639761.07,751,1022,None,Move,browsing
1568639761.0779998,753,1023,None,Move,browsing
1568639761.085,754,1024,None,Move,browsing
1568639761.093,756,1025,None,Move,browsing
1568639761.099,757,1027,None,Move,browsing
1568639761.107,758,1028,None,Move,browsing
1568639761.115,758,1029,None,Move,browsing
1568639761.123,758,1031,None,Move,browsing
1568639761.1320002,758,1032,None,Move,browsing
1568639761.139,756,1034,None,Move,browsing
1568639761.1479998,753,1037,None,Move,browsing
1568639761.155,751,1039,None,Move,browsing
1568639761.163,750,1041,None,Move,browsing
1568639761.169,748,1045,None,Move,browsing
1568639761.177,746,1046,None,Move,browsing
1568639761.186,744,1048,None,Move,browsing
1568639761.194,742,1050,None,Move,browsing
1568639761.201,741,1052,None,Move,browsing
1568639761.21,740,1053,None,Move,browsing
1568639761.218,740,1054,None,Move,browsing
1568639761.226,738,1056,None,Move,browsing
1568639761.234,737,1056,None,Move,browsing
1568639761.242,736,1057,None,Move,browsing
1568639761.25,735,1058,None,Move,browsing
1568639761.255,734,1059,None,Move,browsing
1568639761.264,732,1060,None,Move,browsing
1568639761.272,730,1061,None,Move,browsing
1568639761.28,728,1062,None,Move,browsing
1568639761.288,727,1062,None,Move,browsing
1568639761.296,725,1062,None,Move,browsing
1568639761.304,724,1062,None,Move,browsing
1568639761.312,723,1062,None,Move,browsing
1568639761.32,722,1062,None,Move,browsing
1568639761.326,722,1062,None,Move,browsing
1568639761.3860002,722,1062,None,Move,browsing
1568639761.3979998,722,1061,None,Move,browsing
1568639761.404,722,1060,None,Move,browsing
1568639761.4120002,722,1059,None,Move,browsing
1568639761.42,722,1059,None,Move,browsing
1568639761.428,722,1059,None,Move,browsing
1568639761.436,721,1058,None,Move,browsing
1568639761.444,719,1057,None,Move,browsing
1568639761.452,717,1056,None,Move,browsing
1568639761.46,712,1055,None,Move,browsing
1568639761.468,705,1054,None,Move,browsing
1568639761.476,696,1052,None,Move,browsing
1568639761.484,688,1049,None,Move,browsing
1568639761.49,676,1046,None,Move,browsing
1568639761.4970002,659,1045,None,Move,browsing
1568639761.505,642,1044,None,Move,browsing
1568639761.514,626,1044,None,Move,browsing
1568639761.522,612,1042,None,Move,browsing
1568639761.53,602,1042,None,Move,browsing
1568639761.538,592,1041,None,Move,browsing
1568639761.546,587,1041,None,Move,browsing
1568639761.554,585,1040,None,Move,browsing
1568639761.562,585,1040,None,Move,browsing
1568639761.5679998,584,1040,None,Move,browsing
1568639761.712,583,1040,None,Move,browsing
1568639761.72,582,1040,None,Move,browsing
1568639761.728,580,1040,None,Move,browsing
1568639761.735,579,1040,None,Move,browsing
1568639761.7429998,579,1040,None,Move,browsing
1568639761.752,578,1041,None,Move,browsing
1568639761.76,577,1041,None,Move,browsing
1568639761.768,576,1041,None,Move,browsing
1568639761.776,575,1042,None,Move,browsing
1568639761.783,573,1044,None,Move,browsing
1568639761.789,570,1046,None,Move,browsing
1568639761.798,566,1048,None,Move,browsing
1568639761.805,561,1050,None,Move,browsing
1568639761.814,554,1051,None,Move,browsing
1568639761.822,547,1052,None,Move,browsing
1568639761.829,541,1053,None,Move,browsing
1568639761.8379998,537,1054,None,Move,browsing
1568639761.845,535,1054,None,Move,browsing
1568639761.853,533,1054,None,Move,browsing
1568639761.94,533,1054,None,Move,browsing
1568639761.946,533,1054,None,Move,browsing
1568639761.954,534,1053,None,Move,browsing
1568639761.962,535,1053,None,Move,browsing
1568639762.055,535,1053,None,Move,browsing
1568639762.165,536,1052,None,Move,browsing
1568639762.174,542,1046,None,Move,browsing
1568639762.18,551,1035,None,Move,browsing
1568639762.188,562,1022,None,Move,browsing
1568639762.196,577,1003,None,Move,browsing
1568639762.2029998,609,962,None,Move,browsing
1568639762.211,658,918,None,Move,browsing
1568639762.22,703,882,None,Move,browsing
1568639762.228,738,854,None,Move,browsing
1568639762.236,766,832,None,Move,browsing
1568639762.244,786,818,None,Move,browsing
1568639762.25,799,810,None,Move,browsing
1568639762.258,808,802,None,Move,browsing
1568639762.265,816,795,None,Move,browsing
1568639762.2729998,819,793,None,Move,browsing
1568639762.282,820,791,None,Move,browsing
1568639762.289,822,789,None,Move,browsing
1568639762.2970002,823,788,None,Move,browsing
1568639762.305,823,788,None,Move,browsing
1568639762.347,824,787,None,Move,browsing
1568639762.355,824,786,None,Move,browsing
1568639762.363,825,786,None,Move,browsing
1568639762.405,826,785,None,Move,browsing
1568639762.418,826,785,None,Move,browsing
1568639762.425,827,785,None,Move,browsing
1568639762.437,828,785,None,Move,browsing
1568639762.582,831,783,None,Move,browsing
1568639762.59,842,776,None,Move,browsing
1568639762.5979998,853,770,None,Move,browsing
1568639762.606,859,765,None,Move,browsing
1568639762.6139998,862,763,None,Move,browsing
1568639762.6220002,864,761,None,Move,browsing
1568639762.63,866,759,None,Move,browsing
1568639762.637,870,756,None,Move,browsing
1568639762.644,876,754,None,Move,browsing
1568639762.6520002,879,751,None,Move,browsing
1568639762.659,883,749,None,Move,browsing
1568639762.668,892,742,None,Move,browsing
1568639762.676,905,733,None,Move,browsing
1568639762.684,920,718,None,Move,browsing
1568639762.691,943,695,None,Move,browsing
1568639762.7,967,666,None,Move,browsing
1568639762.707,984,639,None,Move,browsing
1568639762.716,999,616,None,Move,browsing
1568639762.721,1010,599,None,Move,browsing
1568639762.73,1016,588,None,Move,browsing
1568639762.738,1020,581,None,Move,browsing
1568639762.746,1021,575,None,Move,browsing
1568639762.754,1021,574,None,Move,browsing
1568639762.762,1021,570,None,Move,browsing
1568639762.77,1021,567,None,Move,browsing
1568639762.778,1021,566,None,Move,browsing
1568639762.786,1019,563,None,Move,browsing
1568639762.792,1018,560,None,Move,browsing
1568639762.8,1018,557,None,Move,browsing
1568639762.8079998,1017,555,None,Move,browsing
1568639762.816,1016,551,None,Move,browsing
1568639762.824,1016,548,None,Move,browsing
1568639762.832,1016,546,None,Move,browsing
1568639762.84,1016,545,None,Move,browsing
1568639762.8479998,1016,543,None,Move,browsing
1568639762.856,1016,541,None,Move,browsing
1568639762.8639998,1016,540,None,Move,browsing
1568639762.8720002,1016,539,None,Move,browsing
1568639762.877,1016,538,None,Move,browsing
1568639762.972,1017,538,None,Move,browsing
1568639762.984,1017,537,None,Move,browsing
1568639763.045,1018,537,None,Move,browsing
1568639763.385,1018,537,Left,Pressed,browsing
1568639763.546,1018,537,Left,Released,browsing
1568639763.64,1018,537,None,Move,browsing
1568639763.654,1016,537,None,Move,browsing
1568639763.666,1016,537,None,Move,browsing
1568639763.674,1015,537,None,Move,browsing
1568639763.6820002,1014,537,None,Move,browsing
1568639763.69,1012,537,None,Move,browsing
1568639763.698,1010,537,None,Move,browsing
1568639763.708,1005,537,None,Move,browsing
1568639763.714,998,537,None,Move,browsing
1568639763.722,988,537,None,Move,browsing
1568639763.728,973,537,None,Move,browsing
1568639763.736,951,537,None,Move,browsing
1568639763.744,922,533,None,Move,browsing
1568639763.752,893,529,None,Move,browsing
1568639763.7589998,861,526,None,Move,browsing
1568639763.7670002,832,522,None,Move,browsing
1568639763.776,805,515,None,Move,browsing
1568639763.783,779,511,None,Move,browsing
1568639763.792,753,508,None,Move,browsing
1568639763.8,728,504,None,Move,browsing
1568639763.806,709,501,None,Move,browsing
1568639763.814,692,499,None,Move,browsing
1568639763.822,678,496,None,Move,browsing
1568639763.83,668,495,None,Move,browsing
1568639763.837,658,493,None,Move,browsing
1568639763.845,650,493,None,Move,browsing
1568639763.853,643,493,None,Move,browsing
1568639763.8620002,640,493,None,Move,browsing
1568639763.87,639,492,None,Move,browsing
1568639763.8760002,639,492,None,Move,browsing
1568639763.883,639,492,None,Move,browsing
1568639763.8920002,640,491,None,Move,browsing
1568639763.9,641,491,None,Move,browsing
1568639763.908,643,490,None,Move,browsing
1568639763.916,645,490,None,Move,browsing
1568639763.923,646,489,None,Move,browsing
1568639763.9320002,647,489,None,Move,browsing
1568639763.939,648,489,None,Move,browsing
1568639764.01,648,491,None,Move,browsing
1568639764.0170002,648,509,None,Move,browsing
1568639764.0229998,640,539,None,Move,browsing
1568639764.032,628,571,None,Move,browsing
1568639764.04,618,608,None,Move,browsing
1568639764.048,610,641,None,Move,browsing
1568639764.056,602,672,None,Move,browsing
1568639764.064,594,696,None,Move,browsing
1568639764.072,585,718,None,Move,browsing
1568639764.079,578,733,None,Move,browsing
1568639764.0879998,574,750,None,Move,browsing
1568639764.096,571,762,None,Move,browsing
1568639764.103,569,772,None,Move,browsing
1568639764.11,566,783,None,Move,browsing
1568639764.117,564,790,None,Move,browsing
1568639764.1260002,563,799,None,Move,browsing
1568639764.1339998,563,805,None,Move,browsing
1568639764.1420002,563,815,None,Move,browsing
1568639764.15,563,826,None,Move,browsing
1568639764.158,564,836,None,Move,browsing
1568639764.166,567,846,None,Move,browsing
1568639764.174,569,858,None,Move,browsing
1568639764.1820002,572,870,None,Move,browsing
1568639764.188,575,882,None,Move,browsing
1568639764.196,577,892,None,Move,browsing
1568639764.204,580,901,None,Move,browsing
1568639764.212,581,908,None,Move,browsing
1568639764.219,582,915,None,Move,browsing
1568639764.228,582,922,None,Move,browsing
1568639764.236,582,927,None,Move,browsing
1568639764.244,581,933,None,Move,browsing
1568639764.2510002,581,938,None,Move,browsing
1568639764.258,579,942,None,Move,browsing
1568639764.266,579,946,None,Move,browsing
1568639764.274,579,949,None,Move,browsing
1568639764.282,579,952,None,Move,browsing
1568639764.29,580,954,None,Move,browsing
1568639764.2970002,581,957,None,Move,browsing
1568639764.306,581,959,None,Move,browsing
1568639764.314,581,962,None,Move,browsing
1568639764.322,581,965,None,Move,browsing
1568639764.3279998,581,967,None,Move,browsing
1568639764.336,580,971,None,Move,browsing
1568639764.344,577,977,None,Move,browsing
1568639764.3520002,574,980,None,Move,browsing
1568639764.36,571,984,None,Move,browsing
1568639764.3679998,565,988,None,Move,browsing
1568639764.3760002,559,991,None,Move,browsing
1568639764.3839998,552,995,None,Move,browsing
1568639764.391,544,1001,None,Move,browsing
1568639764.4,537,1008,None,Move,browsing
1568639764.405,529,1013,None,Move,browsing
1568639764.413,522,1018,None,Move,browsing
1568639764.421,515,1020,None,Move,browsing
1568639764.43,507,1025,None,Move,browsing
1568639764.438,501,1029,None,Move,browsing
1568639764.446,495,1032,None,Move,browsing
1568639764.454,490,1034,None,Move,browsing
1568639764.462,484,1037,None,Move,browsing
1568639764.47,477,1039,None,Move,browsing
1568639764.478,470,1041,None,Move,browsing
1568639764.486,464,1044,None,Move,browsing
1568639764.492,458,1046,None,Move,browsing
1568639764.5,457,1048,None,Move,browsing
1568639764.508,454,1050,None,Move,browsing
1568639764.516,452,1050,None,Move,browsing
1568639764.5229998,452,1051,None,Move,browsing
1568639764.647,452,1051,Left,Pressed,browsing
1568639764.804,452,1051,Left,Released,browsing
1568639764.815,452,1051,None,Move,file system
1568639764.827,452,1049,None,Move,file system
1568639764.835,453,1048,None,Move,file system
1568639764.843,453,1047,None,Move,file system
1568639764.851,454,1046,None,Move,file system
1568639764.859,454,1045,None,Move,file system
1568639764.867,455,1045,None,Move,file system
1568639764.8760002,455,1045,None,Move,file system
1568639764.8839998,455,1044,None,Move,file system
1568639764.8920002,456,1043,None,Move,file system
1568639764.8979998,457,1042,None,Move,file system
1568639764.906,458,1041,None,Move,file system
1568639764.913,458,1039,None,Move,file system
1568639764.9220002,460,1038,None,Move,file system
1568639764.93,462,1037,None,Move,file system
1568639764.937,464,1035,None,Move,file system
1568639764.946,466,1033,None,Move,file system
1568639764.954,470,1031,None,Move,file system
1568639764.962,474,1029,None,Move,file system
1568639764.968,481,1023,None,Move,file system
1568639764.976,489,1016,None,Move,file system
1568639764.984,496,1011,None,Move,file system
1568639764.992,504,1006,None,Move,file system
1568639764.9989998,510,1004,None,Move,file system
1568639765.008,512,1002,None,Move,file system
1568639765.016,515,1000,None,Move,file system
1568639765.0229998,516,999,None,Move,file system
1568639765.094,517,999,None,Move,file system
1568639765.1020002,518,997,None,Move,file system
1568639765.11,520,995,None,Move,file system
1568639765.115,522,995,None,Move,file system
1568639765.123,523,994,None,Move,file system
1568639765.1320002,524,993,None,Move,file system
1568639765.14,525,992,None,Move,file system
1568639765.222,525,992,None,Move,file system
1568639765.23,519,989,None,Move,file system
1568639765.238,507,985,None,Move,file system
1568639765.246,488,980,None,Move,file system
1568639765.254,454,970,None,Move,file system
1568639765.262,416,958,None,Move,file system
1568639765.2670002,375,945,None,Move,file system
1568639765.276,328,933,None,Move,file system
1568639765.284,275,922,None,Move,file system
1568639765.292,215,912,None,Move,file system
1568639765.299,160,908,None,Move,file system
1568639765.3079998,125,906,None,Move,file system
1568639765.316,99,900,None,Move,file system
1568639765.324,78,894,None,Move,file system
1568639765.332,64,891,None,Move,file system
1568639765.34,57,889,None,Move,file system
1568639765.3479998,54,887,None,Move,file system
1568639765.3660002,54,886,None,Move,file system
1568639765.3739998,55,885,None,Move,file system
1568639765.3820002,57,884,None,Move,file system
1568639765.39,58,883,None,Move,file system
1568639765.3979998,60,882,None,Move,file system
1568639765.505,60,882,None,Move,file system
1568639765.582,60,882,None,Move,file system
1568639765.596,60,883,None,Move,file system
1568639765.604,60,884,None,Move,file system
1568639765.6120002,61,885,None,Move,file system
1568639765.619,62,887,None,Move,file system
1568639765.627,64,888,None,Move,file system
1568639765.635,65,890,None,Move,file system
1568639765.644,66,891,None,Move,file system
1568639765.6520002,67,892,None,Move,file system
1568639765.657,68,892,None,Move,file system
1568639765.666,68,893,None,Move,file system
1568639765.673,69,895,None,Move,file system
1568639765.681,70,895,None,Move,file system
1568639765.689,71,895,None,Move,file system
1568639765.698,71,896,None,Move,file system
1568639765.706,71,897,None,Move,file system
1568639765.714,72,897,None,Move,file system
1568639767.335,73,897,None,Move,file system
1568639767.343,76,898,None,Move,file system
1568639767.351,80,898,None,Move,file system
1568639767.3579998,83,899,None,Move,file system
1568639767.365,85,899,None,Move,file system
1568639767.3739998,88,899,None,Move,file system
1568639767.3820002,90,900,None,Move,file system
1568639767.39,91,900,None,Move,file system
1568639768.006,91,901,None,Move,file system
1568639768.014,94,903,None,Move,file system
1568639768.021,99,905,None,Move,file system
1568639768.029,106,907,None,Move,file system
1568639768.038,117,911,None,Move,file system
1568639768.046,125,914,None,Move,file system
1568639768.052,136,919,None,Move,file system
1568639768.06,151,925,None,Move,file system
1568639768.0679998,175,929,None,Move,file system
1568639768.076,199,934,None,Move,file system
1568639768.084,230,946,None,Move,file system
1568639768.092,255,955,None,Move,file system
1568639768.1,269,962,None,Move,file system
1568639768.1079998,281,966,None,Move,file system
1568639768.1160002,293,971,None,Move,file system
1568639768.1239998,303,975,None,Move,file system
1568639768.13,314,978,None,Move,file system
1568639768.137,323,980,None,Move,file system
1568639768.146,331,982,None,Move,file system
1568639768.154,340,984,None,Move,file system
1568639768.1620002,350,987,None,Move,file system
1568639768.17,362,989,None,Move,file system
1568639768.177,376,992,None,Move,file system
1568639768.186,389,995,None,Move,file system
1568639768.194,401,997,None,Move,file system
1568639768.202,412,1000,None,Move,file system
1568639768.208,422,1003,None,Move,file system
1568639768.216,432,1005,None,Move,file system
1568639768.224,440,1008,None,Move,file system
1568639768.232,447,1010,None,Move,file system
1568639768.2389998,450,1012,None,Move,file system
1568639768.248,451,1013,None,Move,file system
1568639768.255,453,1014,None,Move,file system
1568639768.264,454,1014,None,Move,file system
1568639768.272,455,1015,None,Move,file system
1568639768.2770002,458,1017,None,Move,file system
1568639768.286,462,1019,None,Move,file system
1568639768.294,465,1021,None,Move,file system
1568639768.301,468,1023,None,Move,file system
1568639768.31,470,1024,None,Move,file system
1568639768.3179998,472,1026,None,Move,file system
1568639768.326,474,1028,None,Move,file system
1568639768.333,476,1030,None,Move,file system
1568639768.342,478,1032,None,Move,file system
1568639768.349,479,1033,None,Move,file system
1568639768.355,480,1035,None,Move,file system
1568639768.3639998,482,1037,None,Move,file system
1568639768.371,483,1039,None,Move,file system
1568639768.38,484,1040,None,Move,file system
1568639768.3879998,484,1041,None,Move,file system
1568639768.396,485,1043,None,Move,file system
1568639768.404,487,1045,None,Move,file system
1568639768.4120002,489,1047,None,Move,file system
1568639768.419,492,1049,None,Move,file system
1568639768.428,493,1051,None,Move,file system
1568639768.434,496,1053,None,Move,file system
1568639768.4420002,500,1055,None,Move,file system
1568639768.45,504,1055,None,Move,file system
1568639768.458,511,1058,None,Move,file system
1568639768.465,517,1059,None,Move,file system
1568639768.4729998,522,1060,None,Move,file system
1568639768.482,526,1061,None,Move,file system
1568639768.49,529,1062,None,Move,file system
1568639768.498,530,1063,None,Move,file system
1568639768.506,532,1063,None,Move,file system
1568639768.5110002,533,1064,None,Move,file system
1568639768.519,534,1064,None,Move,file system
1568639768.54,534,1064,None,Move,file system
1568639768.548,535,1064,None,Move,file system
1568639768.556,536,1064,None,Move,file system
1568639768.564,536,1064,None,Move,file system
1568639768.572,537,1064,None,Move,file system
1568639768.6139998,537,1064,Left,Pressed,file system
1568639768.765,537,1064,Left,Released,file system
1568639768.79,537,1062,None,Move,browsing
1568639768.798,536,1057,None,Move,browsing
1568639768.806,535,1047,None,Move,browsing
1568639768.814,534,1033,None,Move,browsing
1568639768.82,532,1018,None,Move,browsing
1568639768.8279998,534,1002,None,Move,browsing
1568639768.835,537,978,None,Move,browsing
1568639768.844,541,949,None,Move,browsing
1568639768.8520002,544,920,None,Move,browsing
1568639768.86,548,888,None,Move,browsing
1568639768.867,553,862,None,Move,browsing
1568639768.8760002,563,831,None,Move,browsing
1568639768.8839998,578,795,None,Move,browsing
1568639768.8920002,594,760,None,Move,browsing
1568639768.897,610,730,None,Move,browsing
1568639768.906,622,695,None,Move,browsing
1568639768.914,630,662,None,Move,browsing
1568639768.921,638,632,None,Move,browsing
1568639768.929,650,597,None,Move,browsing
1568639768.938,655,574,None,Move,browsing
1568639768.946,656,557,None,Move,browsing
1568639768.9529998,655,544,None,Move,browsing
1568639768.962,652,529,None,Move,browsing
1568639768.968,646,515,None,Move,browsing
1568639768.976,641,503,None,Move,browsing
1568639768.9829998,636,492,None,Move,browsing
1568639768.992,630,481,None,Move,browsing
1568639769.0,625,471,None,Move,browsing
1568639769.008,622,459,None,Move,browsing
1568639769.016,620,447,None,Move,browsing
1568639769.024,617,436,None,Move,browsing
1568639769.032,615,424,None,Move,browsing
1568639769.04,612,413,None,Move,browsing
1568639769.048,608,399,None,Move,browsing
1568639769.053,605,385,None,Move,browsing
1568639769.061,603,375,None,Move,browsing
1568639769.07,601,365,None,Move,browsing
1568639769.0779998,600,356,None,Move,browsing
1568639769.1,599,349,None,Move,browsing
1568639769.101,598,341,None,Move,browsing
1568639769.101,596,333,None,Move,browsing
1568639769.11,596,328,None,Move,browsing
1568639769.1179998,596,324,None,Move,browsing
1568639769.1239998,597,322,None,Move,browsing
1568639769.1320002,599,319,None,Move,browsing
1568639769.14,601,316,None,Move,browsing
1568639769.147,603,313,None,Move,browsing
1568639769.156,605,312,None,Move,browsing
1568639769.164,606,310,None,Move,browsing
1568639769.1720002,607,308,None,Move,browsing
1568639769.179,609,306,None,Move,browsing
1568639769.188,611,304,None,Move,browsing
1568639769.196,613,303,None,Move,browsing
1568639769.202,615,300,None,Move,browsing
1568639769.21,616,297,None,Move,browsing
1568639769.217,618,293,None,Move,browsing
1568639769.226,620,290,None,Move,browsing
1568639769.2329998,622,288,None,Move,browsing
1568639769.242,624,286,None,Move,browsing
1568639769.25,626,283,None,Move,browsing
1568639769.258,628,280,None,Move,browsing
1568639769.266,630,277,None,Move,browsing
1568639769.274,630,275,None,Move,browsing
1568639769.28,631,273,None,Move,browsing
1568639769.288,632,271,None,Move,browsing
1568639769.295,633,269,None,Move,browsing
1568639769.304,634,267,None,Move,browsing
1568639769.312,634,265,None,Move,browsing
1568639769.319,634,263,None,Move,browsing
1568639769.327,634,262,None,Move,browsing
1568639769.335,634,260,None,Move,browsing
1568639769.344,634,259,None,Move,browsing
1568639769.3520002,634,257,None,Move,browsing
1568639769.3579998,635,255,None,Move,browsing
1568639769.365,635,254,None,Move,browsing
1568639769.3739998,636,252,None,Move,browsing
1568639769.381,636,250,None,Move,browsing
1568639769.39,636,248,None,Move,browsing
1568639769.3979998,636,246,None,Move,browsing
1568639769.406,636,245,None,Move,browsing
1568639769.414,636,244,None,Move,browsing
1568639769.488,636,244,Left,Pressed,browsing
1568639769.6520002,636,244,Left,Released,browsing
1568639770.0089998,636,244,None,Move,browsing
1568639770.0170002,637,245,None,Move,browsing
1568639770.025,638,247,None,Move,browsing
1568639770.033,639,248,None,Move,browsing
1568639770.039,640,250,None,Move,browsing
1568639770.0470002,641,252,None,Move,browsing
1568639770.055,641,253,None,Move,browsing
1568639770.063,641,254,None,Move,browsing
1568639770.072,642,256,None,Move,browsing
1568639770.079,643,257,None,Move,browsing
1568639770.4529998,643,258,None,Move,browsing
1568639770.461,640,261,None,Move,browsing
1568639770.47,638,263,None,Move,browsing
1568639770.478,636,264,None,Move,browsing
1568639770.486,633,266,None,Move,browsing
1568639770.494,629,268,None,Move,browsing
1568639770.502,627,270,None,Move,browsing
1568639770.508,625,272,None,Move,browsing
1568639770.516,622,273,None,Move,browsing
1568639770.524,620,274,None,Move,browsing
1568639770.532,619,274,None,Move,browsing
1568639770.54,617,275,None,Move,browsing
1568639770.548,616,275,None,Move,browsing
1568639770.556,615,275,None,Move,browsing
1568639770.563,612,275,None,Move,browsing
1568639770.572,609,276,None,Move,browsing
1568639770.58,606,276,None,Move,browsing
1568639770.586,601,276,None,Move,browsing
1568639770.594,594,276,None,Move,browsing
1568639770.6020002,587,276,None,Move,browsing
1568639770.61,580,276,None,Move,browsing
1568639770.6179998,571,275,None,Move,browsing
1568639770.625,564,274,None,Move,browsing
1568639770.6339998,559,273,None,Move,browsing
1568639770.6420002,556,272,None,Move,browsing
1568639770.649,555,271,None,Move,browsing
1568639770.656,554,271,None,Move,browsing
1568639770.704,553,270,None,Move,browsing
1568639770.72,552,269,None,Move,browsing
1568639770.728,545,267,None,Move,browsing
1568639770.734,538,265,None,Move,browsing
1568639770.742,529,262,None,Move,browsing
1568639770.75,519,260,None,Move,browsing
1568639770.7570002,508,257,None,Move,browsing
1568639770.765,500,257,None,Move,browsing
1568639770.7729998,493,255,None,Move,browsing
1568639770.781,486,255,None,Move,browsing
1568639770.79,479,252,None,Move,browsing
1568639770.7970002,473,250,None,Move,browsing
1568639770.806,469,250,None,Move,browsing
1568639770.812,468,249,None,Move,browsing
1568639770.82,466,249,None,Move,browsing
1568639770.8279998,464,249,None,Move,browsing
1568639770.836,463,249,None,Move,browsing
1568639770.844,461,249,None,Move,browsing
1568639770.8520002,457,249,None,Move,browsing
1568639770.86,454,248,None,Move,browsing
1568639770.8679998,448,247,None,Move,browsing
1568639770.875,443,246,None,Move,browsing
1568639770.8839998,439,244,None,Move,browsing
1568639770.89,436,243,None,Move,browsing
1568639770.8979998,434,242,None,Move,browsing
1568639770.906,433,242,None,Move,browsing
1568639770.913,432,242,None,Move,browsing
1568639770.9220002,431,242,None,Move,browsing
1568639770.954,430,242,None,Move,browsing
1568639770.962,429,242,None,Move,browsing
1568639770.968,427,244,None,Move,browsing
1568639770.976,425,246,None,Move,browsing
1568639770.984,424,247,None,Move,browsing
1568639770.992,420,249,None,Move,browsing
1568639771.0,415,251,None,Move,browsing
1568639771.008,411,253,None,Move,browsing
1568639771.016,406,255,None,Move,browsing
1568639771.024,402,255,None,Move,browsing
1568639771.032,397,257,None,Move,browsing
1568639771.04,393,258,None,Move,browsing
1568639771.045,389,258,None,Move,browsing
1568639771.053,386,258,None,Move,browsing
1568639771.062,383,258,None,Move,browsing
1568639771.07,380,258,None,Move,browsing
1568639771.0779998,378,258,None,Move,browsing
1568639771.086,376,258,None,Move,browsing
1568639771.094,374,258,None,Move,browsing
1568639771.1020002,372,259,None,Move,browsing
1568639771.11,370,259,None,Move,browsing
1568639771.1179998,368,260,None,Move,browsing
1568639771.1239998,366,260,None,Move,browsing
1568639771.1320002,364,260,None,Move,browsing
1568639771.14,362,261,None,Move,browsing
1568639771.147,360,261,None,Move,browsing
1568639771.156,359,261,None,Move,browsing
1568639771.164,357,261,None,Move,browsing
1568639771.1720002,355,261,None,Move,browsing
1568639771.18,354,261,None,Move,browsing
1568639771.188,352,261,None,Move,browsing
1568639771.196,351,262,None,Move,browsing
1568639771.206,350,262,None,Move,browsing
1568639771.2129998,350,263,None,Move,browsing
1568639771.222,349,263,None,Move,browsing
1568639771.2329998,348,263,None,Move,browsing
1568639771.32,348,263,Left,Pressed,browsing
1568639771.48,348,263,Left,Released,browsing
1568639772.0370002,348,264,None,Move,browsing
1568639772.043,350,266,None,Move,browsing
1568639772.051,352,267,None,Move,browsing
1568639772.059,353,269,None,Move,browsing
1568639772.0679998,355,271,None,Move,browsing
1568639772.076,357,273,None,Move,browsing
1568639772.084,359,274,None,Move,browsing
1568639772.092,359,274,None,Move,browsing
1568639772.1,359,274,None,Move,browsing
1568639772.244,359,275,None,Move,browsing
1568639772.27,360,276,None,Move,browsing
1568639772.2770002,361,276,None,Move,browsing
1568639772.286,362,278,None,Move,browsing
1568639772.294,363,280,None,Move,browsing
1568639772.302,365,281,None,Move,browsing
1568639772.31,367,282,None,Move,browsing
1568639772.3179998,368,284,None,Move,browsing
1568639772.326,370,286,None,Move,browsing
1568639772.334,373,289,None,Move,browsing
1568639772.342,376,292,None,Move,browsing
1568639772.35,384,298,None,Move,browsing
1568639772.356,390,306,None,Move,browsing
1568639772.3639998,396,313,None,Move,browsing
1568639772.381,410,327,None,Move,browsing
1568639772.3879998,415,333,None,Move,browsing
1568639772.395,423,340,None,Move,browsing
1568639772.404,429,343,None,Move,browsing
1568639772.4120002,434,345,None,Move,browsing
1568639772.42,436,347,None,Move,browsing
1568639772.426,438,349,None,Move,browsing
1568639772.434,439,350,None,Move,browsing
1568639772.4420002,439,350,None,Move,browsing
1568639772.93,439,350,None,Move,browsing
1568639772.9420002,439,350,None,Move,browsing
1568639772.95,437,344,None,Move,browsing
1568639772.957,432,337,None,Move,browsing
1568639772.978,427,328,None,Move,browsing
1568639772.979,419,318,None,Move,browsing
1568639772.98,411,307,None,Move,browsing
1568639772.988,403,298,None,Move,browsing
1568639772.995,395,290,None,Move,browsing
1568639773.012,387,283,None,Move,browsing
1568639773.014,381,277,None,Move,browsing
1568639773.02,375,273,None,Move,browsing
1568639773.028,371,270,None,Move,browsing
1568639773.045,369,268,None,Move,browsing
1568639773.0470002,367,266,None,Move,browsing
1568639773.049,366,264,None,Move,browsing
1568639773.0570002,366,263,None,Move,browsing
1568639773.066,365,262,None,Move,browsing
1568639773.074,365,261,None,Move,browsing
1568639773.082,364,261,None,Move,browsing
1568639773.09,364,260,None,Move,browsing
1568639773.0979998,364,259,None,Move,browsing
1568639773.3,364,259,None,Move,browsing
1568639773.3070002,364,260,None,Move,browsing
1568639773.3170002,365,262,None,Move,browsing
1568639773.324,366,264,None,Move,browsing
1568639773.332,366,265,None,Move,browsing
1568639773.34,367,266,None,Move,browsing
1568639773.3479998,367,267,None,Move,browsing
1568639773.354,367,268,None,Move,browsing
1568639773.464,367,268,Left,Pressed,browsing
1568639773.592,367,268,Left,Released,browsing
