client_timestamp,x,y,button,state,window
1568620091.697,374,0,None,Move,browsing
1568620091.712,374,2,None,Move,browsing
1568620091.721,374,3,None,Move,browsing
1568620091.726,374,3,None,Move,browsing
1568620091.742,374,4,None,Move,browsing
1568620091.7510002,375,5,None,Move,browsing
1568620091.7670002,377,7,None,Move,browsing
1568620091.771,379,7,None,Move,browsing
1568620091.783,380,9,None,Move,browsing
1568620091.791,383,12,None,Move,browsing
1568620091.796,385,14,None,Move,browsing
1568620091.805,388,18,None,Move,browsing
1568620091.813,391,22,None,Move,browsing
1568620091.821,395,27,None,Move,browsing
1568620091.829,400,37,None,Move,browsing
1568620091.839,404,43,None,Move,browsing
1568620091.845,411,53,None,Move,browsing
1568620091.853,417,62,None,Move,browsing
1568620091.86,424,73,None,Move,browsing
1568620091.8660002,431,84,None,Move,browsing
1568620091.873,439,94,None,Move,browsing
1568620091.883,447,103,None,Move,browsing
1568620091.891,459,115,None,Move,browsing
1568620091.899,474,129,None,Move,browsing
1568620091.906,484,139,None,Move,browsing
1568620091.914,492,149,None,Move,browsing
1568620091.921,492,149,None,Move,browsing
1568620091.939,495,155,None,Move,browsing
1568620091.952,496,155,None,Move,browsing
1568620092.031,496,155,None,Move,browsing
1568620092.046,496,155,None,Move,browsing
1568620092.085,496,154,None,Move,browsing
1568620092.211,496,154,None,Move,browsing
1568620092.2270002,496,153,None,Move,browsing
1568620092.231,496,153,None,Move,browsing
1568620092.413,496,152,None,Move,browsing
1568620092.451,496,151,None,Move,browsing
1568620092.4889998,496,151,None,Move,browsing
1568620092.5129998,496,149,None,Move,browsing
1568620092.521,496,147,None,Move,browsing
1568620092.526,496,144,None,Move,browsing
1568620092.5370002,496,136,None,Move,browsing
1568620092.545,496,128,None,Move,browsing
1568620092.55,496,118,None,Move,browsing
1568620092.561,496,104,None,Move,browsing
1568620092.569,496,92,None,Move,browsing
1568620092.574,495,77,None,Move,browsing
1568620092.583,491,68,None,Move,browsing
1568620092.587,485,57,None,Move,browsing
1568620092.599,481,46,None,Move,browsing
1568620092.603,476,35,None,Move,browsing
1568620092.615,471,23,None,Move,browsing
1568620092.623,466,15,None,Move,browsing
1568620092.631,465,9,None,Move,browsing
1568620092.637,462,3,None,Move,browsing
1568620092.65,460,0,None,Move,browsing
1568620092.655,459,-2,None,Move,browsing
1568620092.66,459,-2,None,Move,browsing
1568620092.669,459,-2,None,Move,browsing
1568620092.677,459,0,None,Move,browsing
1568620092.6820002,458,-1,None,Move,browsing
1568620092.6929998,457,0,None,Move,browsing
1568620092.707,455,0,None,Move,browsing
1568620092.755,455,0,None,Move,browsing
1568620092.7670002,455,0,None,Move,browsing
1568620092.779,454,2,None,Move,browsing
1568620092.784,453,4,None,Move,browsing
1568620092.795,453,7,None,Move,browsing
1568620092.801,451,11,None,Move,browsing
1568620092.809,450,13,None,Move,browsing
1568620092.816,449,15,None,Move,browsing
1568620092.825,449,16,None,Move,browsing
1568620092.833,448,17,None,Move,browsing
1568620092.84,448,18,None,Move,browsing
1568620092.849,446,19,None,Move,browsing
1568620092.857,445,20,None,Move,browsing
1568620092.865,444,20,None,Move,browsing
1568620092.8679998,443,21,None,Move,browsing
1568620092.879,442,21,None,Move,browsing
1568620092.895,442,21,None,Move,browsing
1568620092.911,441,21,None,Move,browsing
1568620092.927,439,21,None,Move,browsing
1568620092.94,437,21,None,Move,browsing
1568620092.949,431,19,None,Move,browsing
1568620092.957,426,18,None,Move,browsing
1568620092.965,419,16,None,Move,browsing
1568620092.9729998,415,15,None,Move,browsing
1568620092.981,412,15,None,Move,browsing
1568620092.9889998,408,15,None,Move,browsing
1568620092.998,407,15,None,Move,browsing
1568620093.005,405,15,None,Move,browsing
1568620093.01,405,15,None,Move,browsing
1568620093.121,405,15,None,Move,browsing
1568620093.141,405,15,None,Move,browsing
1568620093.165,405,15,None,Move,browsing
1568620093.1829998,407,15,None,Move,browsing
1568620093.19,409,15,None,Move,browsing
1568620093.199,412,15,None,Move,browsing
1568620093.204,412,15,None,Move,browsing
1568620093.214,414,15,None,Move,browsing
1568620093.222,415,15,None,Move,browsing
1568620093.229,415,15,None,Move,browsing
1568620093.245,416,15,None,Move,browsing
1568620093.2610002,417,15,None,Move,browsing
1568620093.285,419,13,None,Move,browsing
1568620093.29,420,12,None,Move,browsing
1568620093.3070002,421,11,None,Move,browsing
1568620093.339,421,10,None,Move,browsing
1568620093.728,421,8,None,Move,browsing
1568620093.7429998,419,7,None,Move,browsing
1568620093.923,420,7,None,Move,browsing
1568620093.938,420,8,None,Move,browsing
1568620093.985,420,8,None,Move,browsing
1568620094.0010002,420,8,None,Move,browsing
1568620094.079,421,8,None,Move,browsing
1568620094.254,421,8,None,Move,browsing
1568620094.27,421,9,None,Move,browsing
1568620094.295,422,9,None,Move,browsing
1568620094.375,422,9,None,Move,browsing
1568620094.397,422,11,None,Move,browsing
1568620094.41,422,11,None,Move,browsing
1568620094.437,422,12,None,Move,browsing
1568620094.45,422,13,None,Move,browsing
1568620094.475,422,14,None,Move,browsing
1568620094.4910002,422,15,None,Move,browsing
1568620096.341,422,15,None,Move,browsing
1568620096.359,424,17,None,Move,browsing
1568620096.3639998,439,37,None,Move,browsing
1568620096.375,474,86,None,Move,browsing
1568620096.383,525,141,None,Move,browsing
1568620096.391,583,195,None,Move,browsing
1568620096.399,649,252,None,Move,browsing
1568620096.405,707,303,None,Move,browsing
1568620096.413,751,342,None,Move,browsing
1568620096.421,788,376,None,Move,browsing
1568620096.429,817,405,None,Move,browsing
1568620096.436,840,433,None,Move,browsing
1568620096.445,857,456,None,Move,browsing
1568620096.452,869,475,None,Move,browsing
1568620096.461,880,491,None,Move,browsing
1568620096.469,887,504,None,Move,browsing
1568620096.472,892,514,None,Move,browsing
1568620096.4829998,897,522,None,Move,browsing
1568620096.4910002,900,531,None,Move,browsing
1568620096.498,902,534,None,Move,browsing
1568620096.5070002,904,539,None,Move,browsing
1568620096.515,906,543,None,Move,browsing
1568620096.5229998,907,545,None,Move,browsing
1568620096.531,909,550,None,Move,browsing
1568620096.538,910,552,None,Move,browsing
1568620096.543,912,556,None,Move,browsing
1568620096.553,915,563,None,Move,browsing
1568620096.5570002,917,568,None,Move,browsing
1568620096.569,920,575,None,Move,browsing
1568620096.577,923,582,None,Move,browsing
1568620096.585,925,586,None,Move,browsing
1568620096.593,927,590,None,Move,browsing
1568620096.601,928,592,None,Move,browsing
1568620096.606,928,594,None,Move,browsing
1568620096.615,929,598,None,Move,browsing
1568620096.6220002,929,600,None,Move,browsing
1568620096.631,930,602,None,Move,browsing
1568620096.639,932,605,None,Move,browsing
1568620096.644,934,610,None,Move,browsing
1568620096.656,935,614,None,Move,browsing
1568620096.6620002,937,621,None,Move,browsing
1568620096.671,940,626,None,Move,browsing
1568620096.679,942,633,None,Move,browsing
1568620096.685,944,637,None,Move,browsing
1568620096.6929998,947,643,None,Move,browsing
1568620096.699,950,650,None,Move,browsing
1568620096.709,952,655,None,Move,browsing
1568620096.717,955,661,None,Move,browsing
1568620096.725,958,666,None,Move,browsing
1568620096.7329998,959,670,None,Move,browsing
1568620096.7410002,962,675,None,Move,browsing
1568620096.75,965,678,None,Move,browsing
1568620096.755,965,679,None,Move,browsing
1568620096.762,967,681,None,Move,browsing
1568620096.771,968,681,None,Move,browsing
1568620096.786,968,682,None,Move,browsing
1568620096.804,970,683,None,Move,browsing
1568620096.8820002,970,683,None,Move,browsing
1568620096.894,970,682,None,Move,browsing
1568620096.9120002,970,681,None,Move,browsing
1568620096.926,970,680,None,Move,browsing
1568620096.951,970,679,None,Move,browsing
1568620096.967,970,679,None,Move,browsing
1568620096.9889998,970,678,None,Move,browsing
1568620097.029,970,678,None,Move,browsing
1568620097.043,970,677,None,Move,browsing
1568620097.0670002,970,677,None,Move,browsing
1568620097.083,970,676,None,Move,browsing
1568620097.2229998,970,675,None,Move,browsing
1568620097.2389998,969,675,None,Move,browsing
1568620097.2570002,968,673,None,Move,browsing
1568620097.3,968,673,None,Move,browsing
1568620097.3170002,968,672,None,Move,browsing
1568620097.355,968,672,None,Move,browsing
1568620097.3760002,968,672,None,Move,browsing
1568620097.417,968,671,None,Move,browsing
1568620098.05,968,670,None,Move,browsing
1568620098.055,967,669,None,Move,browsing
1568620098.06,966,666,None,Move,browsing
1568620098.071,964,662,None,Move,browsing
1568620098.075,960,659,None,Move,browsing
1568620098.087,958,657,None,Move,browsing
1568620098.093,955,655,None,Move,browsing
1568620098.101,951,650,None,Move,browsing
1568620098.1079998,948,646,None,Move,browsing
1568620098.119,944,643,None,Move,browsing
1568620098.125,942,640,None,Move,browsing
1568620098.133,941,639,None,Move,browsing
1568620098.141,941,638,None,Move,browsing
1568620098.149,940,636,None,Move,browsing
1568620098.157,939,635,None,Move,browsing
1568620098.164,938,634,None,Move,browsing
1568620098.17,937,633,None,Move,browsing
1568620098.179,935,632,None,Move,browsing
1568620098.189,935,630,None,Move,browsing
1568620098.195,932,628,None,Move,browsing
1568620098.2029998,931,627,None,Move,browsing
1568620098.211,929,624,None,Move,browsing
1568620098.219,926,621,None,Move,browsing
1568620098.228,926,620,None,Move,browsing
1568620098.236,922,615,None,Move,browsing
1568620098.2429998,921,615,None,Move,browsing
1568620098.2510002,919,612,None,Move,browsing
1568620098.2589998,916,609,None,Move,browsing
1568620098.262,914,607,None,Move,browsing
1568620098.27,912,604,None,Move,browsing
1568620098.281,909,602,None,Move,browsing
1568620098.289,909,601,None,Move,browsing
1568620098.2970002,908,600,None,Move,browsing
1568620098.305,907,599,None,Move,browsing
1568620098.313,906,599,None,Move,browsing
1568620098.335,905,598,None,Move,browsing
1568620098.343,904,598,None,Move,browsing
1568620098.36,904,598,None,Move,browsing
1568620098.399,903,598,None,Move,browsing
1568620098.41,903,598,None,Move,browsing
1568620098.873,903,598,None,Move,browsing
1568620098.887,904,599,None,Move,browsing
1568620098.897,906,600,None,Move,browsing
1568620098.905,907,601,None,Move,browsing
1568620098.913,909,602,None,Move,browsing
1568620098.919,911,602,None,Move,browsing
1568620098.927,914,603,None,Move,browsing
1568620098.935,914,604,None,Move,browsing
1568620098.9429998,916,604,None,Move,browsing
1568620098.951,918,604,None,Move,browsing
1568620098.955,918,604,None,Move,browsing
1568620098.986,919,604,None,Move,browsing
1568620099.045,912,604,None,Move,browsing
1568620099.053,908,604,None,Move,browsing
1568620099.0570002,896,604,None,Move,browsing
1568620099.0670002,883,604,None,Move,browsing
1568620099.073,869,605,None,Move,browsing
1568620099.083,848,605,None,Move,browsing
1568620099.091,821,605,None,Move,browsing
1568620099.1,797,605,None,Move,browsing
1568620099.104,755,602,None,Move,browsing
1568620099.1120002,713,599,None,Move,browsing
1568620099.121,671,591,None,Move,browsing
1568620099.129,629,584,None,Move,browsing
1568620099.137,590,567,None,Move,browsing
1568620099.145,556,551,None,Move,browsing
1568620099.153,532,538,None,Move,browsing
1568620099.161,514,529,None,Move,browsing
1568620099.166,500,520,None,Move,browsing
1568620099.178,486,510,None,Move,browsing
1568620099.185,475,502,None,Move,browsing
1568620099.1929998,462,494,None,Move,browsing
1568620099.199,452,486,None,Move,browsing
1568620099.207,439,476,None,Move,browsing
1568620099.215,426,465,None,Move,browsing
1568620099.222,411,451,None,Move,browsing
1568620099.231,395,434,None,Move,browsing
1568620099.2389998,377,417,None,Move,browsing
1568620099.2470002,352,395,None,Move,browsing
1568620099.255,329,376,None,Move,browsing
1568620099.2629998,296,354,None,Move,browsing
1568620099.268,264,334,None,Move,browsing
1568620099.276,241,323,None,Move,browsing
1568620099.282,220,313,None,Move,browsing
1568620099.293,208,307,None,Move,browsing
1568620099.301,201,304,None,Move,browsing
1568620099.309,195,301,None,Move,browsing
1568620099.3170002,193,300,None,Move,browsing
1568620099.325,193,299,None,Move,browsing
1568620099.339,193,299,None,Move,browsing
1568620099.355,193,298,None,Move,browsing
1568620099.379,195,298,None,Move,browsing
1568620099.387,200,302,None,Move,browsing
1568620099.395,204,304,None,Move,browsing
1568620099.403,208,309,None,Move,browsing
1568620099.408,211,314,None,Move,browsing
1568620099.414,215,319,None,Move,browsing
1568620099.424,218,324,None,Move,browsing
1568620099.4329998,220,328,None,Move,browsing
1568620099.438,223,334,None,Move,browsing
1568620099.449,226,339,None,Move,browsing
1568620099.457,227,343,None,Move,browsing
1568620099.462,229,348,None,Move,browsing
1568620099.4729998,230,350,None,Move,browsing
1568620099.478,231,351,None,Move,browsing
1568620099.4870002,231,353,None,Move,browsing
1568620099.496,232,353,None,Move,browsing
1568620099.5029998,232,354,None,Move,browsing
1568620099.519,233,355,None,Move,browsing
1568620099.5270002,233,357,None,Move,browsing
1568620099.535,234,360,None,Move,browsing
1568620099.543,236,366,None,Move,browsing
1568620099.551,237,370,None,Move,browsing
1568620099.5570002,239,375,None,Move,browsing
1568620099.564,240,379,None,Move,browsing
1568620099.573,243,385,None,Move,browsing
1568620099.581,246,392,None,Move,browsing
1568620099.5879998,250,400,None,Move,browsing
1568620099.597,252,405,None,Move,browsing
1568620099.603,254,410,None,Move,browsing
1568620099.611,257,416,None,Move,browsing
1568620099.621,259,420,None,Move,browsing
1568620099.627,261,425,None,Move,browsing
1568620099.635,263,429,None,Move,browsing
1568620099.643,264,432,None,Move,browsing
1568620099.65,265,436,None,Move,browsing
1568620099.657,266,440,None,Move,browsing
1568620099.667,266,444,None,Move,browsing
1568620099.674,266,448,None,Move,browsing
1568620099.6829998,266,452,None,Move,browsing
1568620099.691,266,457,None,Move,browsing
1568620099.697,266,460,None,Move,browsing
1568620099.702,266,464,None,Move,browsing
1568620099.71,266,468,None,Move,browsing
1568620099.721,266,470,None,Move,browsing
1568620099.728,266,472,None,Move,browsing
1568620099.7370002,265,474,None,Move,browsing
1568620099.744,265,477,None,Move,browsing
1568620099.75,265,477,None,Move,browsing
1568620099.7610002,265,478,None,Move,browsing
1568620099.7670002,265,479,None,Move,browsing
1568620099.774,265,480,None,Move,browsing
1568620099.788,265,481,None,Move,browsing
1568620099.831,265,481,None,Move,browsing
1568620099.844,265,481,None,Move,browsing
1568620099.8660002,265,482,None,Move,browsing
1568620099.893,266,483,None,Move,browsing
1568620099.904,266,484,None,Move,browsing
1568620099.928,266,485,None,Move,browsing
1568620099.946,266,486,None,Move,browsing
1568620099.96,267,488,None,Move,browsing
1568620099.969,267,490,None,Move,browsing
1568620099.9770002,267,491,None,Move,browsing
1568620099.985,267,494,None,Move,browsing
1568620099.99,267,496,None,Move,browsing
1568620099.9970002,267,497,None,Move,browsing
1568620100.008,267,499,None,Move,browsing
1568620100.015,267,501,None,Move,browsing
1568620100.025,267,504,None,Move,browsing
1568620100.033,267,504,None,Move,browsing
1568620100.041,267,505,None,Move,browsing
1568620100.048,267,506,None,Move,browsing
1568620100.063,267,506,None,Move,browsing
1568620100.4910002,267,506,None,Move,browsing
1568620100.515,269,504,None,Move,browsing
1568620100.5229998,270,501,None,Move,browsing
1568620100.53,271,499,None,Move,browsing
1568620100.539,273,497,None,Move,browsing
1568620100.5470002,273,494,None,Move,browsing
1568620100.554,275,492,None,Move,browsing
1568620100.561,276,489,None,Move,browsing
1568620100.569,278,484,None,Move,browsing
1568620100.577,283,474,None,Move,browsing
1568620100.583,287,465,None,Move,browsing
1568620100.593,290,455,None,Move,browsing
1568620100.601,296,443,None,Move,browsing
1568620100.606,299,432,None,Move,browsing
1568620100.617,302,421,None,Move,browsing
1568620100.625,305,407,None,Move,browsing
1568620100.629,306,394,None,Move,browsing
1568620100.639,306,379,None,Move,browsing
1568620100.647,306,363,None,Move,browsing
1568620100.655,306,351,None,Move,browsing
1568620100.663,306,342,None,Move,browsing
1568620100.671,306,334,None,Move,browsing
1568620100.679,305,323,None,Move,browsing
1568620100.687,305,318,None,Move,browsing
1568620100.695,304,312,None,Move,browsing
1568620100.701,304,310,None,Move,browsing
1568620100.709,303,306,None,Move,browsing
1568620100.717,302,304,None,Move,browsing
1568620100.725,302,303,None,Move,browsing
1568620100.73,301,301,None,Move,browsing
1568620100.7410002,301,300,None,Move,browsing
1568620100.7489998,301,299,None,Move,browsing
1568620100.7570002,300,298,None,Move,browsing
1568620100.769,300,297,None,Move,browsing
1568620100.78,298,296,None,Move,browsing
1568620100.7870002,296,293,None,Move,browsing
1568620100.794,294,291,None,Move,browsing
1568620100.803,294,291,None,Move,browsing
1568620100.811,293,290,None,Move,browsing
1568620100.819,291,288,None,Move,browsing
1568620100.825,290,287,None,Move,browsing
1568620100.8379998,290,286,None,Move,browsing
1568620100.847,289,286,None,Move,browsing
1568620100.865,289,284,None,Move,browsing
1568620100.8779998,287,283,None,Move,browsing
1568620100.897,286,282,None,Move,browsing
1568620100.905,285,282,None,Move,browsing
1568620100.911,284,281,None,Move,browsing
1568620100.925,284,281,None,Move,browsing
1568620100.94,283,281,None,Move,browsing
1568620100.956,282,280,None,Move,browsing
1568620100.974,282,279,None,Move,browsing
1568620101.0129998,280,277,None,Move,browsing
1568620101.029,278,276,None,Move,browsing
1568620101.0370002,277,274,None,Move,browsing
1568620101.045,275,272,None,Move,browsing
1568620101.053,274,271,None,Move,browsing
1568620101.059,273,270,None,Move,browsing
1568620101.0670002,272,269,None,Move,browsing
1568620101.072,271,268,None,Move,browsing
1568620101.0879998,271,268,None,Move,browsing
1568620101.107,271,266,None,Move,browsing
1568620101.129,271,265,None,Move,browsing
1568620101.145,271,263,None,Move,browsing
1568620101.151,270,260,None,Move,browsing
1568620101.158,270,259,None,Move,browsing
1568620101.166,269,258,None,Move,browsing
1568620101.178,269,256,None,Move,browsing
1568620101.185,269,255,None,Move,browsing
1568620101.1929998,269,254,None,Move,browsing
1568620101.199,269,254,None,Move,browsing
1568620101.219,269,253,None,Move,browsing
1568620101.3170002,268,252,None,Move,browsing
1568620101.347,268,252,Left,Pressed,browsing
1568620101.425,268,252,Left,Released,browsing
1568620101.635,268,252,None,Move,browsing
1568620101.65,268,255,None,Move,browsing
1568620101.659,268,255,None,Move,browsing
1568620101.664,267,257,None,Move,browsing
1568620101.673,266,259,None,Move,browsing
1568620101.6829998,266,259,None,Move,browsing
1568620101.689,262,264,None,Move,browsing
1568620101.699,259,268,None,Move,browsing
1568620101.705,253,272,None,Move,browsing
1568620101.712,248,275,None,Move,browsing
1568620101.721,244,278,None,Move,browsing
1568620101.728,238,282,None,Move,browsing
1568620101.7370002,230,285,None,Move,browsing
1568620101.745,226,287,None,Move,browsing
1568620101.7529998,220,290,None,Move,browsing
1568620101.7570002,215,293,None,Move,browsing
1568620101.7670002,211,295,None,Move,browsing
1568620101.775,208,296,None,Move,browsing
1568620101.783,205,298,None,Move,browsing
1568620101.791,203,299,None,Move,browsing
1568620101.799,202,299,None,Move,browsing
1568620101.804,201,300,None,Move,browsing
1568620101.814,201,300,None,Move,browsing
1568620101.831,200,301,None,Move,browsing
1568620101.843,199,301,None,Move,browsing
1568620101.869,199,301,None,Move,browsing
1568620102.469,199,301,Left,Pressed,browsing
1568620102.5470002,199,301,Left,Released,browsing
1568620102.553,199,301,None,Move,browsing
1568620102.633,200,301,None,Move,browsing
1568620102.647,205,303,None,Move,browsing
1568620102.655,207,304,None,Move,browsing
1568620102.661,210,305,None,Move,browsing
1568620102.669,215,306,None,Move,browsing
1568620102.679,222,309,None,Move,browsing
1568620102.687,232,314,None,Move,browsing
1568620102.694,252,323,None,Move,browsing
1568620102.7029998,284,343,None,Move,browsing
1568620102.706,330,373,None,Move,browsing
1568620102.718,392,411,None,Move,browsing
1568620102.725,454,452,None,Move,browsing
1568620102.731,527,505,None,Move,browsing
1568620102.7410002,606,561,None,Move,browsing
1568620102.7489998,684,620,None,Move,browsing
1568620102.756,760,675,None,Move,browsing
1568620102.766,838,729,None,Move,browsing
1568620102.7729998,911,780,None,Move,browsing
1568620102.779,982,828,None,Move,browsing
1568620102.7870002,1043,864,None,Move,browsing
1568620102.795,1107,901,None,Move,browsing
1568620102.802,1169,935,None,Move,browsing
1568620102.8070002,1227,964,None,Move,browsing
1568620102.819,1278,990,None,Move,browsing
1568620102.8279998,1322,1009,None,Move,browsing
1568620102.835,1356,1025,None,Move,browsing
1568620102.841,1384,1037,None,Move,browsing
1568620102.849,1402,1045,None,Move,browsing
1568620102.854,1414,1051,None,Move,browsing
1568620102.865,1423,1053,None,Move,browsing
1568620102.873,1428,1054,None,Move,browsing
1568620102.881,1430,1054,None,Move,browsing
1568620102.889,1432,1054,None,Move,browsing
1568620102.894,1433,1054,None,Move,browsing
1568620102.9020002,1438,1056,None,Move,browsing
1568620102.914,1445,1058,None,Move,browsing
1568620102.921,1453,1059,None,Move,browsing
1568620102.927,1470,1060,None,Move,browsing
1568620102.935,1485,1062,None,Move,browsing
1568620102.94,1507,1063,None,Move,browsing
1568620102.952,1533,1066,None,Move,browsing
1568620102.956,1564,1069,None,Move,browsing
1568620102.967,1592,1072,None,Move,browsing
1568620102.975,1615,1075,None,Move,browsing
1568620102.984,1641,1078,None,Move,browsing
1568620102.99,1664,1081,None,Move,browsing
1568620102.9970002,1683,1083,None,Move,browsing
1568620103.002,1702,1085,None,Move,browsing
1568620103.0129998,1715,1082,None,Move,browsing
1568620103.02,1729,1082,None,Move,browsing
1568620103.0270002,1744,1082,None,Move,browsing
1568620103.0370002,1756,1080,None,Move,browsing
1568620103.042,1768,1080,None,Move,browsing
1568620103.053,1780,1080,None,Move,browsing
1568620103.06,1789,1079,None,Move,browsing
1568620103.0670002,1797,1080,None,Move,browsing
1568620103.075,1804,1079,None,Move,browsing
1568620103.083,1810,1080,None,Move,browsing
1568620103.089,1815,1080,None,Move,browsing
1568620103.099,1819,1079,None,Move,browsing
1568620103.107,1822,1079,None,Move,browsing
1568620103.1160002,1824,1079,None,Move,browsing
1568620103.1220002,1826,1079,None,Move,browsing
1568620103.131,1827,1079,None,Move,browsing
1568620103.135,1827,1079,None,Move,browsing
1568620103.145,1828,1079,None,Move,browsing
1568620103.1520002,1828,1077,None,Move,browsing
1568620103.161,1828,1075,None,Move,browsing
1568620103.169,1828,1072,None,Move,browsing
1568620103.178,1829,1070,None,Move,browsing
1568620103.185,1830,1068,None,Move,browsing
1568620103.19,1831,1066,None,Move,browsing
1568620103.201,1832,1064,None,Move,browsing
1568620103.207,1834,1062,None,Move,browsing
1568620103.216,1838,1059,None,Move,browsing
1568620103.2229998,1841,1056,None,Move,browsing
1568620103.232,1846,1053,None,Move,browsing
1568620103.235,1850,1049,None,Move,browsing
1568620103.2470002,1852,1047,None,Move,browsing
1568620103.255,1854,1044,None,Move,browsing
1568620103.2629998,1856,1042,None,Move,browsing
1568620103.271,1857,1040,None,Move,browsing
1568620103.279,1857,1038,None,Move,browsing
1568620103.285,1857,1036,None,Move,browsing
1568620103.29,1857,1036,None,Move,browsing
1568620103.301,1857,1034,None,Move,browsing
1568620103.309,1857,1032,None,Move,browsing
1568620103.3170002,1858,1031,None,Move,browsing
1568620103.325,1859,1029,None,Move,browsing
1568620103.333,1859,1028,None,Move,browsing
1568620103.341,1859,1027,None,Move,browsing
1568620103.347,1859,1026,None,Move,browsing
1568620103.425,1860,1026,None,Move,browsing
1568620103.4320002,1861,1027,None,Move,browsing
1568620103.438,1864,1029,None,Move,browsing
1568620103.447,1866,1030,None,Move,browsing
1568620103.457,1868,1032,None,Move,browsing
1568620103.465,1869,1033,None,Move,browsing
1568620103.4729998,1872,1033,None,Move,browsing
1568620103.481,1872,1033,None,Move,browsing
1568620103.4889998,1873,1033,None,Move,browsing
1568620103.605,1873,1033,None,Move,browsing
1568620103.62,1870,1032,None,Move,browsing
1568620103.6279998,1867,1032,None,Move,browsing
1568620103.637,1864,1031,None,Move,browsing
1568620103.641,1862,1031,None,Move,browsing
1568620103.651,1860,1030,None,Move,browsing
1568620103.659,1858,1030,None,Move,browsing
1568620103.667,1855,1030,None,Move,browsing
1568620103.6720002,1853,1030,None,Move,browsing
1568620103.679,1851,1030,None,Move,browsing
1568620103.689,1851,1030,None,Move,browsing
1568620104.087,1851,1030,Left,Pressed,browsing
1568620104.156,1851,1030,Left,Released,browsing
1568620104.197,1850,1029,None,Move,browsing
1568620104.212,1850,1029,None,Move,browsing
1568620104.234,1848,1028,None,Move,browsing
1568620104.2510002,1848,1027,None,Move,browsing
1568620104.275,1847,1026,None,Move,browsing
1568620104.327,1847,1025,None,Move,browsing
1568620104.3520002,1847,1025,None,Move,browsing
1568620104.367,1847,1024,None,Move,browsing
1568620104.469,1847,1023,None,Move,browsing
1568620104.485,1846,1022,None,Move,browsing
1568620104.4989998,1844,1021,None,Move,browsing
1568620104.506,1843,1020,None,Move,browsing
1568620104.515,1842,1019,None,Move,browsing
1568620104.5229998,1841,1017,None,Move,browsing
1568620104.532,1838,1014,None,Move,browsing
1568620104.539,1836,1012,None,Move,browsing
1568620104.544,1833,1008,None,Move,browsing
1568620104.555,1828,1001,None,Move,browsing
1568620104.562,1823,996,None,Move,browsing
1568620104.569,1816,988,None,Move,browsing
1568620104.575,1809,982,None,Move,browsing
1568620104.585,1801,973,None,Move,browsing
1568620104.59,1788,961,None,Move,browsing
1568620104.601,1771,945,None,Move,browsing
1568620104.609,1737,917,None,Move,browsing
1568620104.617,1701,884,None,Move,browsing
1568620104.6239998,1651,841,None,Move,browsing
1568620104.633,1593,794,None,Move,browsing
1568620104.639,1523,741,None,Move,browsing
1568620104.647,1444,685,None,Move,browsing
1568620104.655,1369,639,None,Move,browsing
1568620104.66,1300,599,None,Move,browsing
1568620104.669,1228,569,None,Move,browsing
1568620104.679,1174,553,None,Move,browsing
1568620104.686,1135,548,None,Move,browsing
1568620104.695,1102,548,None,Move,browsing
1568620104.7029998,1080,548,None,Move,browsing
1568620104.709,1064,548,None,Move,browsing
1568620104.717,1052,548,None,Move,browsing
1568620104.725,1043,548,None,Move,browsing
1568620104.7329998,1035,547,None,Move,browsing
1568620104.74,1029,547,None,Move,browsing
1568620104.75,1023,545,None,Move,browsing
1568620104.755,1019,542,None,Move,browsing
1568620104.765,1016,541,None,Move,browsing
1568620104.772,1015,537,None,Move,browsing
1568620104.781,1012,534,None,Move,browsing
1568620104.7870002,1011,531,None,Move,browsing
1568620104.793,1009,528,None,Move,browsing
1568620104.803,1008,528,None,Move,browsing
1568620104.81,1006,525,None,Move,browsing
1568620104.819,1003,522,None,Move,browsing
1568620104.827,1001,521,None,Move,browsing
1568620104.835,998,519,None,Move,browsing
1568620104.843,996,518,None,Move,browsing
1568620104.851,994,517,None,Move,browsing
1568620104.857,993,517,None,Move,browsing
1568620104.865,992,517,None,Move,browsing
1568620104.873,991,518,None,Move,browsing
1568620104.881,990,521,None,Move,browsing
1568620104.889,989,527,None,Move,browsing
1568620104.897,988,533,None,Move,browsing
1568620104.904,987,540,None,Move,browsing
1568620104.913,987,548,None,Move,browsing
1568620104.921,987,554,None,Move,browsing
1568620104.927,986,560,None,Move,browsing
1568620104.935,985,564,None,Move,browsing
1568620104.9429998,984,567,None,Move,browsing
1568620104.951,984,571,None,Move,browsing
1568620104.959,984,574,None,Move,browsing
1568620104.967,984,579,None,Move,browsing
1568620104.975,986,583,None,Move,browsing
1568620104.9829998,988,586,None,Move,browsing
1568620104.9910002,989,591,None,Move,browsing
1568620104.9970002,992,596,None,Move,browsing
1568620105.004,994,599,None,Move,browsing
1568620105.01,998,604,None,Move,browsing
1568620105.019,1001,607,None,Move,browsing
1568620105.03,1006,612,None,Move,browsing
1568620105.035,1011,615,None,Move,browsing
1568620105.046,1016,617,None,Move,browsing
1568620105.053,1018,617,None,Move,browsing
1568620105.061,1021,618,None,Move,browsing
1568620105.066,1024,618,None,Move,browsing
1568620105.072,1026,618,None,Move,browsing
1568620105.083,1028,618,None,Move,browsing
1568620105.089,1030,618,None,Move,browsing
1568620105.099,1033,618,None,Move,browsing
1568620105.107,1035,618,None,Move,browsing
1568620105.115,1037,618,None,Move,browsing
1568620105.123,1039,618,None,Move,browsing
1568620105.129,1041,617,None,Move,browsing
1568620105.139,1042,617,None,Move,browsing
1568620105.145,1044,616,None,Move,browsing
1568620105.153,1045,616,None,Move,browsing
1568620105.16,1048,615,None,Move,browsing
1568620105.169,1048,615,None,Move,browsing
1568620105.175,1049,615,None,Move,browsing
1568620105.185,1050,615,None,Move,browsing
1568620105.1920002,1051,615,None,Move,browsing
1568620105.201,1054,616,None,Move,browsing
1568620105.207,1056,616,None,Move,browsing
1568620105.215,1058,618,None,Move,browsing
1568620105.2229998,1060,619,None,Move,browsing
1568620105.229,1062,620,None,Move,browsing
1568620105.2389998,1064,621,None,Move,browsing
1568620105.2470002,1066,622,None,Move,browsing
1568620105.255,1067,623,None,Move,browsing
1568620105.2610002,1068,624,None,Move,browsing
1568620105.271,1069,626,None,Move,browsing
1568620105.2770002,1069,626,None,Move,browsing
1568620105.286,1070,629,None,Move,browsing
1568620105.293,1070,630,None,Move,browsing
1568620105.301,1071,633,None,Move,browsing
1568620105.309,1071,636,None,Move,browsing
1568620105.3170002,1072,639,None,Move,browsing
1568620105.325,1072,641,None,Move,browsing
1568620105.333,1073,642,None,Move,browsing
1568620105.349,1073,643,None,Move,browsing
1568620105.44,1074,643,Left,Pressed,browsing
1568620105.44,1074,643,None,Drag,browsing
1568620105.44,1074,643,Left,Released,browsing
1568620105.621,1083,643,None,Move,browsing
1568620105.625,1088,643,None,Move,browsing
1568620105.6360002,1093,645,None,Move,browsing
1568620105.643,1102,648,None,Move,browsing
1568620105.651,1108,649,None,Move,browsing
1568620105.656,1118,651,None,Move,browsing
1568620105.666,1126,654,None,Move,browsing
1568620105.674,1128,654,None,Move,browsing
1568620105.72,1144,672,None,Move,browsing
1568620105.745,1145,672,None,Move,browsing
1568620105.7610002,1145,672,None,Move,browsing
1568620106.0570002,1145,672,None,Move,browsing
1568620106.071,1145,675,None,Move,browsing
1568620106.08,1145,676,None,Move,browsing
1568620106.087,1145,676,None,Move,browsing
1568620106.101,1145,677,None,Move,browsing
1568620106.119,1145,678,None,Move,browsing
1568620106.14,1145,678,None,Move,browsing
1568620106.157,1144,678,None,Move,browsing
1568620106.173,1140,678,None,Move,browsing
1568620106.181,1139,678,None,Move,browsing
1568620106.186,1137,678,None,Move,browsing
1568620106.196,1134,678,None,Move,browsing
1568620106.2029998,1131,678,None,Move,browsing
1568620106.2129998,1129,677,None,Move,browsing
1568620106.218,1125,677,None,Move,browsing
1568620106.225,1122,676,None,Move,browsing
1568620106.236,1120,675,None,Move,browsing
1568620106.2429998,1118,675,None,Move,browsing
1568620106.2510002,1116,675,None,Move,browsing
1568620106.258,1113,675,None,Move,browsing
1568620106.2670002,1110,675,None,Move,browsing
1568620106.274,1107,675,None,Move,browsing
1568620106.282,1103,674,None,Move,browsing
1568620106.2870002,1099,672,None,Move,browsing
1568620106.2970002,1092,669,None,Move,browsing
1568620106.305,1083,665,None,Move,browsing
1568620106.313,1072,659,None,Move,browsing
1568620106.323,1057,649,None,Move,browsing
1568620106.329,1038,636,None,Move,browsing
1568620106.337,1002,612,None,Move,browsing
1568620106.341,961,574,None,Move,browsing
1568620106.353,911,528,None,Move,browsing
1568620106.359,845,473,None,Move,browsing
1568620106.367,779,414,None,Move,browsing
1568620106.375,710,356,None,Move,browsing
1568620106.383,637,294,None,Move,browsing
1568620106.39,555,233,None,Move,browsing
1568620106.399,474,176,None,Move,browsing
1568620106.407,393,125,None,Move,browsing
1568620106.415,326,84,None,Move,browsing
1568620106.423,262,50,None,Move,browsing
1568620106.427,212,23,None,Move,browsing
1568620106.435,173,5,None,Move,browsing
1568620106.445,150,-3,None,Move,browsing
1568620106.4529998,138,-4,None,Move,browsing
1568620106.461,134,-1,None,Move,browsing
1568620106.469,130,-2,None,Move,browsing
1568620106.475,130,0,None,Move,browsing
1568620106.484,129,0,None,Move,browsing
1568620106.5070002,129,-2,None,Move,browsing
1568620106.515,131,0,None,Move,browsing
1568620106.522,133,-2,None,Move,browsing
1568620106.531,136,-2,None,Move,browsing
1568620106.538,138,-3,None,Move,browsing
1568620106.5470002,142,-3,None,Move,browsing
1568620106.555,144,-3,None,Move,browsing
1568620106.563,146,-2,None,Move,browsing
1568620106.569,148,-1,None,Move,browsing
1568620106.577,149,-2,None,Move,browsing
1568620106.585,149,-1,None,Move,browsing
1568620106.593,149,0,None,Move,browsing
1568620106.601,149,-2,None,Move,browsing
1568620106.609,149,-3,None,Move,browsing
1568620106.6160002,149,0,None,Move,browsing
1568620106.625,149,-3,None,Move,browsing
1568620106.633,149,0,None,Move,browsing
1568620106.64,149,-3,None,Move,browsing
1568620106.647,148,-2,None,Move,browsing
1568620106.655,147,-3,None,Move,browsing
1568620106.663,147,0,None,Move,browsing
1568620106.671,147,-1,None,Move,browsing
1568620106.679,147,-1,None,Move,browsing
1568620106.6920002,146,-1,None,Move,browsing
1568620106.71,146,0,None,Move,browsing
1568620106.724,145,-1,None,Move,browsing
1568620106.7489998,145,-2,None,Move,browsing
1568620106.765,145,0,None,Move,browsing
1568620106.803,145,0,Left,Pressed,browsing
1568620106.8879998,145,0,Left,Released,browsing
1568620107.082,145,3,None,Move,browsing
1568620107.091,145,4,None,Move,browsing
1568620107.099,145,7,None,Move,browsing
1568620107.107,145,12,None,Move,browsing
1568620107.1120002,145,19,None,Move,browsing
1568620107.123,148,27,None,Move,browsing
1568620107.1260002,154,45,None,Move,browsing
1568620107.139,167,71,None,Move,browsing
1568620107.1420002,184,110,None,Move,browsing
1568620107.153,206,155,None,Move,browsing
1568620107.161,234,205,None,Move,browsing
1568620107.169,266,267,None,Move,browsing
1568620107.174,302,331,None,Move,browsing
1568620107.185,338,395,None,Move,browsing
1568620107.1929998,372,459,None,Move,browsing
1568620107.201,399,512,None,Move,browsing
1568620107.209,421,564,None,Move,browsing
1568620107.215,436,600,None,Move,browsing
1568620107.221,442,630,None,Move,browsing
1568620107.231,443,647,None,Move,browsing
1568620107.2389998,443,658,None,Move,browsing
1568620107.2470002,443,664,None,Move,browsing
1568620107.256,443,668,None,Move,browsing
1568620107.2629998,443,672,None,Move,browsing
1568620107.271,443,675,None,Move,browsing
1568620107.279,441,679,None,Move,browsing
1568620107.285,439,684,None,Move,browsing
1568620107.293,437,691,None,Move,browsing
1568620107.3,435,696,None,Move,browsing
1568620107.309,433,703,None,Move,browsing
1568620107.3170002,431,709,None,Move,browsing
1568620107.325,430,716,None,Move,browsing
1568620107.333,429,722,None,Move,browsing
1568620107.341,429,726,None,Move,browsing
1568620107.349,429,729,None,Move,browsing
1568620107.357,429,731,None,Move,browsing
1568620107.363,429,732,None,Move,browsing
1568620107.369,429,732,None,Move,browsing
1568620107.387,429,732,None,Move,browsing
1568620107.403,430,731,None,Move,browsing
1568620107.411,430,729,None,Move,browsing
1568620107.419,430,727,None,Move,browsing
1568620107.4220002,430,727,None,Move,browsing
1568620107.44,430,726,Left,Pressed,browsing
1568620107.44,430,726,None,Drag,browsing
1568620107.44,430,726,Left,Released,browsing
1568620107.5170002,432,721,None,Move,browsing
1568620107.5270002,433,719,None,Move,browsing
1568620107.534,433,715,None,Move,browsing
1568620107.542,433,710,None,Move,browsing
1568620107.551,430,701,None,Move,browsing
1568620107.559,425,687,None,Move,browsing
1568620107.5670002,415,664,None,Move,browsing
1568620107.573,400,635,None,Move,browsing
1568620107.581,382,601,None,Move,browsing
1568620107.59,359,561,None,Move,browsing
1568620107.597,332,518,None,Move,browsing
1568620107.604,301,470,None,Move,browsing
1568620107.613,266,416,None,Move,browsing
1568620107.621,231,362,None,Move,browsing
1568620107.625,197,303,None,Move,browsing
1568620107.637,164,247,None,Move,browsing
1568620107.64,141,204,None,Move,browsing
1568620107.6520002,122,167,None,Move,browsing
1568620107.659,113,149,None,Move,browsing
1568620107.667,109,139,None,Move,browsing
1568620107.673,109,138,None,Move,browsing
1568620107.6820002,109,136,None,Move,browsing
1568620107.69,109,135,None,Move,browsing
1568620107.699,109,134,None,Move,browsing
1568620107.707,109,134,None,Move,browsing
1568620107.714,109,132,None,Move,browsing
1568620107.729,109,132,None,Move,browsing
1568620107.746,110,131,None,Move,browsing
1568620107.769,111,131,None,Move,browsing
1568620107.783,113,131,None,Move,browsing
1568620107.791,115,131,None,Move,browsing
1568620107.799,119,134,None,Move,browsing
1568620107.804,124,137,None,Move,browsing
1568620107.815,129,141,None,Move,browsing
1568620107.822,136,148,None,Move,browsing
1568620107.831,144,155,None,Move,browsing
1568620107.836,150,163,None,Move,browsing
1568620107.847,156,171,None,Move,browsing
1568620107.855,162,181,None,Move,browsing
1568620107.86,166,191,None,Move,browsing
1568620107.869,171,205,None,Move,browsing
1568620107.8760002,174,216,None,Move,browsing
1568620107.885,179,230,None,Move,browsing
1568620107.893,183,242,None,Move,browsing
1568620107.901,189,258,None,Move,browsing
1568620107.906,195,270,None,Move,browsing
1568620107.917,201,283,None,Move,browsing
1568620107.925,208,295,None,Move,browsing
1568620107.928,211,304,None,Move,browsing
1568620107.939,215,311,None,Move,browsing
1568620107.947,218,316,None,Move,browsing
1568620107.955,219,319,None,Move,browsing
1568620107.96,221,321,None,Move,browsing
1568620107.969,221,322,None,Move,browsing
1568620107.985,222,322,None,Move,browsing
1568620108.087,223,323,None,Move,browsing
1568620108.101,223,323,None,Move,browsing
1568620108.127,224,323,None,Move,browsing
1568620108.149,224,324,None,Move,browsing
1568620108.165,226,325,None,Move,browsing
1568620108.1720002,228,325,None,Move,browsing
1568620108.181,230,325,None,Move,browsing
1568620108.189,233,326,None,Move,browsing
1568620108.196,235,326,None,Move,browsing
1568620108.205,240,326,None,Move,browsing
1568620108.211,247,327,None,Move,browsing
1568620108.219,252,327,None,Move,browsing
1568620108.226,259,328,None,Move,browsing
1568620108.235,267,328,None,Move,browsing
1568620108.2429998,277,329,None,Move,browsing
1568620108.2510002,287,330,None,Move,browsing
1568620108.2589998,295,330,None,Move,browsing
1568620108.2670002,309,331,None,Move,browsing
1568620108.272,323,333,None,Move,browsing
1568620108.282,339,333,None,Move,browsing
1568620108.286,354,333,None,Move,browsing
1568620108.2970002,372,333,None,Move,browsing
1568620108.304,387,333,None,Move,browsing
1568620108.313,403,333,None,Move,browsing
1568620108.321,416,333,None,Move,browsing
1568620108.3279998,429,333,None,Move,browsing
1568620108.336,441,333,None,Move,browsing
1568620108.345,452,333,None,Move,browsing
1568620108.353,459,333,None,Move,browsing
1568620108.356,465,333,None,Move,browsing
1568620108.3679998,471,333,None,Move,browsing
1568620108.3720002,476,333,None,Move,browsing
1568620108.383,478,333,None,Move,browsing
1568620108.3879998,482,333,None,Move,browsing
1568620108.399,485,333,None,Move,browsing
1568620108.407,485,333,None,Move,browsing
1568620108.415,487,333,None,Move,browsing
1568620108.4220002,488,333,None,Move,browsing
1568620108.427,489,333,None,Move,browsing
1568620108.436,490,333,None,Move,browsing
1568620108.445,491,333,None,Move,browsing
1568620108.451,492,333,None,Move,browsing
1568620108.46,492,333,None,Move,browsing
1568620108.593,493,333,None,Move,browsing
1568620108.686,493,332,None,Move,browsing
1568620108.7029998,493,329,None,Move,browsing
1568620108.711,493,328,None,Move,browsing
1568620108.716,493,328,None,Move,browsing
1568620110.906,493,327,None,Move,browsing
1568620110.92,491,326,None,Move,browsing
1568620110.929,486,325,None,Move,browsing
1568620110.934,483,324,None,Move,browsing
1568620110.945,481,324,None,Move,browsing
1568620110.951,480,324,None,Move,browsing
1568620110.959,478,324,None,Move,browsing
1568620110.967,475,324,None,Move,browsing
1568620110.975,474,324,None,Move,browsing
1568620110.9889998,475,324,None,Move,browsing
1568620110.9989998,478,325,None,Move,browsing
1568620111.004,480,325,None,Move,browsing
1568620111.015,481,326,None,Move,browsing
1568620111.021,481,327,None,Move,browsing
1568620111.029,481,328,None,Move,browsing
1568620111.034,481,329,None,Move,browsing
1568620111.045,480,329,None,Move,browsing
1568620111.053,477,331,None,Move,browsing
1568620111.06,474,334,None,Move,browsing
1568620111.065,471,337,None,Move,browsing
1568620111.073,468,340,None,Move,browsing
1568620111.085,465,345,None,Move,browsing
1568620111.091,462,350,None,Move,browsing
1568620111.096,459,354,None,Move,browsing
1568620111.107,458,359,None,Move,browsing
1568620111.1139998,456,363,None,Move,browsing
1568620111.123,456,365,None,Move,browsing
1568620111.131,456,368,None,Move,browsing
1568620111.137,456,370,None,Move,browsing
1568620111.146,456,372,None,Move,browsing
1568620111.1520002,456,374,None,Move,browsing
1568620111.161,457,376,None,Move,browsing
1568620111.169,459,378,None,Move,browsing
1568620111.177,461,380,None,Move,browsing
1568620111.185,463,381,None,Move,browsing
1568620111.1929998,463,382,None,Move,browsing
1568620111.201,464,383,None,Move,browsing
1568620111.209,464,384,None,Move,browsing
1568620111.224,465,384,None,Move,browsing
1568620111.2389998,465,386,None,Move,browsing
1568620111.254,460,386,None,Move,browsing
1568620111.2610002,458,386,None,Move,browsing
1568620111.268,451,386,None,Move,browsing
1568620111.279,444,380,None,Move,browsing
1568620111.284,438,375,None,Move,browsing
1568620111.295,431,370,None,Move,browsing
1568620111.303,424,365,None,Move,browsing
1568620111.3079998,420,362,None,Move,browsing
1568620111.316,416,361,None,Move,browsing
1568620111.324,416,361,None,Move,browsing
1568620111.339,416,362,None,Move,browsing
1568620111.349,417,363,None,Move,browsing
1568620111.877,417,363,None,Move,browsing
1568620111.895,417,363,None,Move,browsing
1568620111.9,417,363,None,Move,browsing
1568620111.908,417,360,None,Move,browsing
1568620111.924,417,359,None,Move,browsing
1568620111.9329998,417,357,None,Move,browsing
1568620111.938,418,356,None,Move,browsing
1568620111.947,418,356,None,Move,browsing
1568620111.954,419,356,None,Move,browsing
1568620111.9629998,419,355,None,Move,browsing
1568620112.024,419,355,None,Move,browsing
1568620112.041,419,355,None,Move,browsing
1568620112.0570002,416,355,None,Move,browsing
1568620112.065,413,355,None,Move,browsing
1568620112.07,410,355,None,Move,browsing
1568620112.081,405,356,None,Move,browsing
1568620112.089,401,357,None,Move,browsing
1568620112.095,396,359,None,Move,browsing
1568620112.103,392,361,None,Move,browsing
1568620112.111,387,364,None,Move,browsing
1568620112.119,382,368,None,Move,browsing
1568620112.125,376,375,None,Move,browsing
1568620112.1339998,370,382,None,Move,browsing
1568620112.143,361,395,None,Move,browsing
1568620112.151,354,411,None,Move,browsing
1568620112.159,345,434,None,Move,browsing
1568620112.167,339,455,None,Move,browsing
1568620112.1720002,337,480,None,Move,browsing
1568620112.181,337,502,None,Move,browsing
1568620112.189,346,530,None,Move,browsing
1568620112.194,361,554,None,Move,browsing
1568620112.205,379,581,None,Move,browsing
1568620112.212,402,607,None,Move,browsing
1568620112.221,425,628,None,Move,browsing
1568620112.228,438,643,None,Move,browsing
1568620112.2370002,450,653,None,Move,browsing
1568620112.24,456,658,None,Move,browsing
1568620112.2510002,462,663,None,Move,browsing
1568620112.2570002,466,666,None,Move,browsing
1568620112.264,468,667,None,Move,browsing
1568620112.274,469,668,None,Move,browsing
1568620112.28,469,668,None,Move,browsing
1568620112.299,470,669,None,Move,browsing
1568620112.337,470,669,None,Move,browsing
1568620112.343,468,669,None,Move,browsing
1568620112.353,467,669,None,Move,browsing
1568620112.361,467,669,None,Move,browsing
1568620112.3679998,465,670,None,Move,browsing
1568620112.377,465,670,None,Move,browsing
1568620112.38,464,670,None,Move,browsing
1568620112.39,463,671,None,Move,browsing
1568620112.405,462,671,None,Move,browsing
1568620112.431,462,671,None,Move,browsing
1568620112.4929998,461,671,Left,Pressed,browsing
1568620112.4929998,461,671,None,Drag,browsing
1568620112.4929998,461,671,Left,Released,browsing
1568620112.531,461,671,None,Move,browsing
1568620112.5470002,460,671,None,Move,browsing
1568620112.571,460,671,None,Move,browsing
1568620112.587,460,665,None,Move,browsing
1568620112.592,461,662,None,Move,browsing
1568620112.6020002,463,656,None,Move,browsing
1568620112.606,464,652,None,Move,browsing
1568620112.617,465,642,None,Move,browsing
1568620112.6239998,466,633,None,Move,browsing
1568620112.633,467,620,None,Move,browsing
1568620112.6379998,468,605,None,Move,browsing
1568620112.649,468,587,None,Move,browsing
1568620112.658,470,564,None,Move,browsing
1568620112.6620002,470,542,None,Move,browsing
1568620112.671,470,518,None,Move,browsing
1568620112.679,470,488,None,Move,browsing
1568620112.687,469,455,None,Move,browsing
1568620112.695,466,424,None,Move,browsing
1568620112.7029998,464,396,None,Move,browsing
1568620112.708,461,370,None,Move,browsing
1568620112.717,457,347,None,Move,browsing
1568620112.7270002,451,322,None,Move,browsing
1568620112.735,443,298,None,Move,browsing
1568620112.7410002,432,272,None,Move,browsing
1568620112.7489998,419,246,None,Move,browsing
1568620112.7570002,407,225,None,Move,browsing
1568620112.765,392,207,None,Move,browsing
1568620112.7729998,374,189,None,Move,browsing
1568620112.781,362,178,None,Move,browsing
1568620112.7870002,352,169,None,Move,browsing
1568620112.7970002,341,164,None,Move,browsing
1568620112.805,333,159,None,Move,browsing
1568620112.8079998,329,157,None,Move,browsing
1568620112.8170002,325,155,None,Move,browsing
1568620112.825,321,153,None,Move,browsing
1568620112.834,320,153,None,Move,browsing
1568620112.84,318,153,None,Move,browsing
1568620112.851,318,152,None,Move,browsing
1568620112.903,318,151,None,Move,browsing
1568620112.918,318,148,None,Move,browsing
1568620112.929,318,146,None,Move,browsing
1568620112.937,318,146,None,Move,browsing
1568620112.945,318,145,None,Move,browsing
1568620112.956,318,145,None,Move,browsing
1568620112.9829998,323,148,None,Move,browsing
1568620112.9910002,328,153,None,Move,browsing
1568620112.998,332,158,None,Move,browsing
1568620113.004,338,165,None,Move,browsing
1568620113.015,345,173,None,Move,browsing
1568620113.021,351,179,None,Move,browsing
1568620113.028,358,185,None,Move,browsing
1568620113.034,364,191,None,Move,browsing
1568620113.045,372,195,None,Move,browsing
1568620113.053,378,198,None,Move,browsing
1568620113.06,382,199,None,Move,browsing
1568620113.069,388,200,None,Move,browsing
1568620113.076,390,201,None,Move,browsing
1568620113.085,392,201,None,Move,browsing
1568620113.0879998,393,201,None,Move,browsing
1568620113.099,393,201,None,Move,browsing
1568620113.104,393,201,None,Move,browsing
1568620113.115,393,200,None,Move,browsing
1568620113.121,393,198,None,Move,browsing
1568620113.131,393,197,None,Move,browsing
1568620113.1360002,391,195,None,Move,browsing
1568620113.147,389,193,None,Move,browsing
1568620113.155,389,193,None,Move,browsing
1568620113.158,387,191,None,Move,browsing
1568620113.166,385,189,None,Move,browsing
1568620113.177,384,189,None,Move,browsing
1568620113.185,381,187,None,Move,browsing
1568620113.1929998,376,185,None,Move,browsing
1568620113.201,372,184,None,Move,browsing
1568620113.209,367,183,None,Move,browsing
1568620113.217,363,182,None,Move,browsing
1568620113.225,356,181,None,Move,browsing
1568620113.229,352,181,None,Move,browsing
1568620113.236,345,181,None,Move,browsing
1568620113.246,339,181,None,Move,browsing
1568620113.252,334,183,None,Move,browsing
1568620113.2629998,327,185,None,Move,browsing
1568620113.268,322,186,None,Move,browsing
1568620113.278,319,188,None,Move,browsing
1568620113.286,317,189,None,Move,browsing
1568620113.293,312,191,None,Move,browsing
1568620113.3,310,192,None,Move,browsing
1568620113.309,307,193,None,Move,browsing
1568620113.319,305,194,None,Move,browsing
1568620113.327,304,194,None,Move,browsing
1568620113.335,302,194,None,Move,browsing
1568620113.339,301,194,None,Move,browsing
1568620113.349,298,194,None,Move,browsing
1568620113.357,295,194,None,Move,browsing
1568620113.365,290,191,None,Move,browsing
1568620113.373,286,189,None,Move,browsing
1568620113.379,284,188,None,Move,browsing
1568620113.3839998,279,186,None,Move,browsing
1568620113.394,277,186,None,Move,browsing
1568620113.403,272,185,None,Move,browsing
1568620113.411,270,185,None,Move,browsing
1568620113.419,266,184,None,Move,browsing
1568620113.427,264,184,None,Move,browsing
1568620113.435,261,184,None,Move,browsing
1568620113.439,261,184,None,Move,browsing
1568620113.449,260,184,None,Move,browsing
1568620113.457,260,184,None,Move,browsing
1568620113.472,260,184,None,Move,browsing
1568620113.488,259,183,None,Move,browsing
1568620113.4970002,259,181,None,Move,browsing
1568620113.505,259,181,None,Move,browsing
1568620113.512,259,180,None,Move,browsing
1568620113.5270002,259,180,None,Move,browsing
1568620113.541,259,179,None,Move,browsing
1568620113.5670002,258,179,None,Move,browsing
1568620113.742,258,178,None,Move,browsing
1568620113.7589998,259,177,None,Move,browsing
1568620113.766,260,176,None,Move,browsing
1568620113.7770002,261,176,None,Move,browsing
1568620113.782,262,176,None,Move,browsing
1568620113.821,262,175,None,Move,browsing
1568620113.835,262,173,None,Move,browsing
1568620113.844,262,170,None,Move,browsing
1568620113.853,262,167,None,Move,browsing
1568620113.86,260,163,None,Move,browsing
1568620113.871,258,157,None,Move,browsing
1568620113.877,256,152,None,Move,browsing
1568620113.8839998,253,147,None,Move,browsing
1568620113.8920002,252,143,None,Move,browsing
1568620113.901,252,141,None,Move,browsing
1568620113.906,251,139,None,Move,browsing
1568620113.917,250,136,None,Move,browsing
1568620113.9220002,250,135,None,Move,browsing
1568620113.9329998,250,134,None,Move,browsing
1568620113.938,250,132,None,Move,browsing
1568620113.947,250,132,None,Move,browsing
1568620113.954,250,130,None,Move,browsing
1568620113.9629998,250,129,None,Move,browsing
1568620113.971,250,129,None,Move,browsing
1568620113.976,250,127,None,Move,browsing
1568620113.9870002,250,127,None,Move,browsing
1568620113.994,250,126,None,Move,browsing
1568620114.0029998,250,125,None,Move,browsing
1568620114.025,250,124,None,Move,browsing
1568620114.055,251,124,None,Move,browsing
1568620114.081,251,124,None,Move,browsing
1568620114.085,252,125,None,Move,browsing
1568620114.092,252,125,None,Move,browsing
1568620114.099,253,125,None,Move,browsing
1568620114.1160002,253,126,None,Move,browsing
1568620114.158,254,126,None,Move,browsing
1568620114.181,254,126,None,Move,browsing
1568620114.197,254,125,None,Move,browsing
1568620114.219,255,125,None,Move,browsing
1568620114.4770002,261,125,None,Move,browsing
1568620114.485,265,127,None,Move,browsing
1568620114.4910002,271,129,None,Move,browsing
1568620114.498,275,132,None,Move,browsing
1568620114.5089998,280,134,None,Move,browsing
1568620114.515,286,137,None,Move,browsing
1568620114.5229998,296,140,None,Move,browsing
1568620114.531,305,143,None,Move,browsing
1568620114.539,311,146,None,Move,browsing
1568620114.5470002,320,149,None,Move,browsing
1568620114.554,332,153,None,Move,browsing
1568620114.563,340,156,None,Move,browsing
1568620114.571,348,157,None,Move,browsing
1568620114.579,359,159,None,Move,browsing
1568620114.585,368,159,None,Move,browsing
1568620114.593,377,160,None,Move,browsing
1568620114.599,385,160,None,Move,browsing
1568620114.609,390,160,None,Move,browsing
1568620114.617,396,160,None,Move,browsing
1568620114.625,397,159,None,Move,browsing
1568620114.633,398,159,None,Move,browsing
1568620114.639,399,159,None,Move,browsing
1568620114.649,400,158,None,Move,browsing
1568620114.6620002,400,158,None,Move,browsing
1568620114.678,400,157,None,Move,browsing
1568620114.719,400,156,None,Move,browsing
1568620114.7329998,401,154,None,Move,browsing
1568620114.746,401,154,None,Move,browsing
1568620114.765,401,153,None,Move,browsing
1568620114.7870002,401,153,None,Move,browsing
1568620114.803,403,154,None,Move,browsing
1568620114.811,406,155,None,Move,browsing
1568620114.819,409,158,None,Move,browsing
1568620114.824,411,159,None,Move,browsing
1568620114.835,413,161,None,Move,browsing
1568620114.843,418,162,None,Move,browsing
1568620114.851,418,163,None,Move,browsing
1568620114.859,420,163,None,Move,browsing
1568620114.8660002,422,164,None,Move,browsing
1568620114.881,423,165,None,Move,browsing
1568620114.8860002,423,165,None,Move,browsing
1568620114.904,423,166,None,Move,browsing
1568620114.921,422,167,None,Move,browsing
1568620114.929,419,168,None,Move,browsing
1568620114.934,410,169,None,Move,browsing
1568620114.945,398,170,None,Move,browsing
1568620114.951,383,170,None,Move,browsing
1568620114.959,361,170,None,Move,browsing
1568620114.967,345,170,None,Move,browsing
1568620114.975,320,170,None,Move,browsing
1568620114.9829998,301,170,None,Move,browsing
1568620114.9910002,285,170,None,Move,browsing
1568620114.9970002,270,170,None,Move,browsing
1568620115.006,261,170,None,Move,browsing
1568620115.0129998,253,170,None,Move,browsing
1568620115.021,250,170,None,Move,browsing
1568620115.029,246,170,None,Move,browsing
1568620115.0370002,242,172,None,Move,browsing
1568620115.045,242,172,None,Move,browsing
1568620115.053,241,173,None,Move,browsing
1568620115.061,240,174,None,Move,browsing
1568620115.069,239,174,None,Move,browsing
1568620115.084,238,175,None,Move,browsing
1568620115.096,237,175,None,Move,browsing
1568620115.106,235,175,None,Move,browsing
1568620115.115,232,175,None,Move,browsing
1568620115.12,227,175,None,Move,browsing
1568620115.13,221,175,None,Move,browsing
1568620115.1360002,214,175,None,Move,browsing
1568620115.147,209,175,None,Move,browsing
1568620115.155,205,175,None,Move,browsing
1568620115.161,202,175,None,Move,browsing
1568620115.167,201,175,None,Move,browsing
1568620115.23,201,175,None,Move,browsing
1568620115.242,200,175,None,Move,browsing
1568620115.276,199,173,None,Move,browsing
1568620115.285,198,173,None,Move,browsing
1568620115.309,197,173,None,Move,browsing
1568620115.327,197,173,None,Move,browsing
1568620115.349,195,172,None,Move,browsing
1568620115.357,193,171,None,Move,browsing
1568620115.365,191,171,None,Move,browsing
1568620115.37,189,171,None,Move,browsing
1568620115.379,187,171,None,Move,browsing
1568620115.387,186,171,None,Move,browsing
1568620115.3920002,185,171,None,Move,browsing
1568620115.411,184,171,None,Move,browsing
1568620115.481,183,171,None,Move,browsing
1568620115.505,183,171,None,Move,browsing
1568620115.7770002,183,171,Left,Pressed,browsing
1568620115.7770002,183,171,None,Drag,browsing
1568620115.793,183,171,None,Drag,browsing
1568620115.801,187,172,None,Drag,browsing
1568620115.8070002,198,172,None,Drag,browsing
1568620115.815,206,172,None,Drag,browsing
1568620115.822,214,172,None,Drag,browsing
1568620115.831,224,172,None,Drag,browsing
1568620115.839,235,172,None,Drag,browsing
1568620115.847,248,172,None,Drag,browsing
1568620115.854,259,171,None,Drag,browsing
1568620115.863,277,171,None,Drag,browsing
1568620115.871,292,170,None,Drag,browsing
1568620115.875,306,168,None,Drag,browsing
1568620115.885,323,168,None,Drag,browsing
1568620115.893,337,167,None,Drag,browsing
1568620115.901,350,167,None,Drag,browsing
1568620115.909,362,167,None,Drag,browsing
1568620115.917,376,167,None,Drag,browsing
1568620115.925,390,167,None,Drag,browsing
1568620115.9329998,402,167,None,Drag,browsing
1568620115.941,417,169,None,Drag,browsing
1568620115.947,429,169,None,Drag,browsing
1568620115.952,441,169,None,Drag,browsing
1568620115.9629998,452,169,None,Drag,browsing
1568620115.968,466,169,None,Drag,browsing
1568620115.979,478,169,None,Drag,browsing
1568620115.9870002,492,169,None,Drag,browsing
1568620115.992,504,169,None,Drag,browsing
1568620116.002,519,169,None,Drag,browsing
1568620116.01,531,169,None,Drag,browsing
1568620116.019,544,169,None,Drag,browsing
1568620116.024,556,169,None,Drag,browsing
1568620116.033,568,169,None,Drag,browsing
1568620116.038,580,169,None,Drag,browsing
1568620116.045,592,168,None,Drag,browsing
1568620116.0570002,602,168,None,Drag,browsing
1568620116.065,609,167,None,Drag,browsing
1568620116.07,614,167,None,Drag,browsing
1568620116.081,617,167,None,Drag,browsing
1568620116.085,619,167,None,Drag,browsing
1568620116.103,619,167,None,Drag,browsing
1568620116.1420002,619,167,None,Drag,browsing
1568620116.1420002,619,167,Left,Released,browsing
1568620116.159,617,168,None,Move,browsing
1568620116.164,616,166,None,Move,browsing
1568620116.1720002,616,161,None,Move,browsing
1568620116.181,616,158,None,Move,browsing
1568620116.189,616,158,None,Move,browsing
1568620117.325,616,156,None,Move,browsing
1568620117.329,633,147,None,Move,browsing
1568620117.34,679,132,None,Move,browsing
1568620117.3479998,746,115,None,Move,browsing
1568620117.357,829,100,None,Move,browsing
1568620117.365,889,98,None,Move,browsing
1568620117.3739998,928,100,None,Move,browsing
1568620117.381,959,105,None,Move,browsing
1568620117.3860002,977,112,None,Move,browsing
1568620117.395,985,119,None,Move,browsing
1568620117.403,988,125,None,Move,browsing
1568620117.411,988,132,None,Move,browsing
1568620117.419,988,140,None,Move,browsing
1568620117.425,988,147,None,Move,browsing
1568620117.435,993,155,None,Move,browsing
1568620117.4420002,1004,166,None,Move,browsing
1568620117.448,1030,177,None,Move,browsing
1568620117.457,1067,184,None,Move,browsing
1568620117.462,1122,190,None,Move,browsing
1568620117.47,1179,190,None,Move,browsing
1568620117.481,1244,190,None,Move,browsing
1568620117.4889998,1304,192,None,Move,browsing
1568620117.4970002,1363,192,None,Move,browsing
1568620117.505,1415,192,None,Move,browsing
1568620117.514,1458,192,None,Move,browsing
1568620117.519,1496,192,None,Move,browsing
1568620117.5270002,1523,192,None,Move,browsing
1568620117.535,1543,192,None,Move,browsing
1568620117.543,1556,192,None,Move,browsing
1568620117.551,1565,192,None,Move,browsing
1568620117.5570002,1571,192,None,Move,browsing
1568620117.5670002,1575,192,None,Move,browsing
1568620117.575,1576,192,None,Move,browsing
1568620117.583,1578,192,None,Move,browsing
1568620117.59,1580,192,None,Move,browsing
1568620117.596,1581,192,None,Move,browsing
1568620117.605,1583,190,None,Move,browsing
1568620117.613,1586,188,None,Move,browsing
1568620117.619,1595,186,None,Move,browsing
1568620117.629,1603,183,None,Move,browsing
1568620117.637,1614,182,None,Move,browsing
1568620117.6420002,1627,180,None,Move,browsing
1568620117.651,1639,179,None,Move,browsing
1568620117.661,1651,178,None,Move,browsing
1568620117.669,1661,178,None,Move,browsing
1568620117.675,1669,178,None,Move,browsing
1568620117.6829998,1674,177,None,Move,browsing
1568620117.691,1680,177,None,Move,browsing
1568620117.699,1684,177,None,Move,browsing
1568620117.705,1693,177,None,Move,browsing
1568620117.714,1700,177,None,Move,browsing
1568620117.722,1708,177,None,Move,browsing
1568620117.731,1713,177,None,Move,browsing
1568620117.7389998,1718,177,None,Move,browsing
1568620117.745,1721,177,None,Move,browsing
1568620117.75,1725,179,None,Move,browsing
1568620117.758,1726,179,None,Move,browsing
1568620117.769,1727,180,None,Move,browsing
1568620117.775,1727,181,None,Move,browsing
1568620117.785,1727,182,None,Move,browsing
1568620117.791,1727,184,None,Move,browsing
1568620117.801,1727,185,None,Move,browsing
1568620117.8070002,1727,185,None,Move,browsing
1568620117.815,1727,186,None,Move,browsing
1568620117.823,1727,187,None,Move,browsing
1568620117.83,1727,187,None,Move,browsing
1568620117.87,1727,188,None,Move,browsing
1568620117.893,1727,188,None,Move,browsing
1568620117.9329998,1726,188,None,Move,browsing
1568620117.949,1727,188,None,Move,browsing
1568620117.961,1733,188,None,Move,browsing
1568620117.968,1741,187,None,Move,browsing
1568620117.979,1751,186,None,Move,browsing
1568620117.986,1759,186,None,Move,browsing
1568620117.996,1767,185,None,Move,browsing
1568620118.0029998,1778,184,None,Move,browsing
1568620118.008,1786,184,None,Move,browsing
1568620118.019,1791,183,None,Move,browsing
1568620118.0270002,1797,183,None,Move,browsing
1568620118.033,1799,183,None,Move,browsing
1568620118.041,1801,183,None,Move,browsing
1568620118.046,1802,183,None,Move,browsing
1568620118.0570002,1803,183,None,Move,browsing
1568620118.065,1804,184,None,Move,browsing
1568620118.073,1805,184,None,Move,browsing
1568620118.081,1806,184,None,Move,browsing
1568620118.089,1807,184,None,Move,browsing
1568620118.1020002,1807,184,None,Move,browsing
1568620118.111,1808,184,None,Move,browsing
1568620118.119,1809,184,None,Move,browsing
1568620118.127,1810,184,None,Move,browsing
1568620118.1339998,1813,184,None,Move,browsing
1568620118.1420002,1816,183,None,Move,browsing
1568620118.151,1818,182,None,Move,browsing
1568620118.159,1820,181,None,Move,browsing
1568620118.167,1821,180,None,Move,browsing
1568620118.173,1823,180,None,Move,browsing
1568620118.181,1823,180,None,Move,browsing
1568620118.197,1824,179,None,Move,browsing
1568620118.2129998,1824,179,None,Move,browsing
1568620118.231,1825,177,None,Move,browsing
1568620118.2470002,1827,176,None,Move,browsing
1568620118.2510002,1834,173,None,Move,browsing
1568620118.258,1836,172,None,Move,browsing
1568620118.2670002,1840,171,None,Move,browsing
1568620118.272,1844,171,None,Move,browsing
1568620118.282,1847,171,None,Move,browsing
1568620118.289,1851,171,None,Move,browsing
1568620118.296,1855,170,None,Move,browsing
1568620118.3070002,1859,170,None,Move,browsing
1568620118.315,1865,169,None,Move,browsing
1568620118.319,1869,169,None,Move,browsing
1568620118.329,1874,168,None,Move,browsing
1568620118.337,1877,168,None,Move,browsing
1568620118.345,1878,167,None,Move,browsing
1568620118.35,1878,167,None,Move,browsing
1568620118.361,1880,167,None,Move,browsing
1568620118.482,1879,167,None,Move,browsing
1568620118.4910002,1879,167,None,Move,browsing
1568620118.599,1878,167,Left,Pressed,browsing
1568620118.599,1878,167,None,Drag,browsing
1568620118.599,1878,167,Left,Released,browsing
1568620118.665,1878,167,None,Move,browsing
1568620118.673,1880,167,None,Move,browsing
1568620118.684,1881,167,None,Move,browsing
1568620118.6929998,1882,167,None,Move,browsing
1568620118.7029998,1882,167,None,Move,browsing
1568620118.7570002,1882,169,None,Move,browsing
1568620118.77,1882,170,None,Move,browsing
1568620118.781,1882,171,None,Move,browsing
1568620118.789,1883,173,None,Move,browsing
1568620118.796,1884,174,None,Move,browsing
1568620118.805,1884,177,None,Move,browsing
1568620118.813,1884,179,None,Move,browsing
1568620118.8170002,1884,183,None,Move,browsing
1568620118.826,1884,185,None,Move,browsing
1568620118.835,1884,187,None,Move,browsing
1568620118.843,1884,190,None,Move,browsing
1568620118.851,1884,192,None,Move,browsing
1568620118.859,1883,193,None,Move,browsing
1568620118.8660002,1882,195,None,Move,browsing
1568620118.875,1881,197,None,Move,browsing
1568620118.883,1879,199,None,Move,browsing
1568620118.889,1879,200,None,Move,browsing
1568620118.896,1876,204,None,Move,browsing
1568620118.905,1874,206,None,Move,browsing
1568620118.913,1872,208,None,Move,browsing
1568620118.92,1867,213,None,Move,browsing
1568620118.929,1862,216,None,Move,browsing
1568620118.9329998,1856,219,None,Move,browsing
1568620118.945,1848,222,None,Move,browsing
1568620118.949,1839,226,None,Move,browsing
1568620118.956,1831,230,None,Move,browsing
1568620118.967,1822,234,None,Move,browsing
1568620118.975,1814,238,None,Move,browsing
1568620118.9829998,1808,242,None,Move,browsing
1568620118.9910002,1803,245,None,Move,browsing
1568620118.998,1800,247,None,Move,browsing
1568620119.0070002,1795,251,None,Move,browsing
1568620119.015,1793,253,None,Move,browsing
1568620119.0229998,1790,255,None,Move,browsing
1568620119.031,1788,257,None,Move,browsing
1568620119.034,1787,258,None,Move,browsing
1568620119.045,1783,261,None,Move,browsing
1568620119.05,1781,263,None,Move,browsing
1568620119.061,1779,264,None,Move,browsing
1568620119.069,1776,266,None,Move,browsing
1568620119.076,1773,267,None,Move,browsing
1568620119.083,1771,268,None,Move,browsing
1568620119.093,1771,269,None,Move,browsing
1568620119.101,1768,269,None,Move,browsing
1568620119.107,1767,269,None,Move,browsing
1568620119.1139998,1766,269,None,Move,browsing
1568620119.121,1764,269,None,Move,browsing
1568620119.13,1763,269,None,Move,browsing
1568620119.139,1761,268,None,Move,browsing
1568620119.145,1760,267,None,Move,browsing
1568620119.155,1759,266,None,Move,browsing
1568620119.171,1758,266,None,Move,browsing
1568620119.225,1758,266,Left,Pressed,browsing
1568620119.311,1758,266,Left,Released,browsing
1568620119.323,1758,265,None,Move,browsing
1568620119.34,1759,264,None,Move,browsing
1568620119.349,1761,263,None,Move,browsing
1568620119.357,1761,263,None,Move,browsing
1568620119.373,1762,263,None,Move,browsing
1568620119.436,1762,263,None,Move,browsing
1568620119.451,1762,265,None,Move,browsing
1568620119.4629998,1762,265,None,Move,browsing
1568620119.471,1762,267,None,Move,browsing
1568620119.4889998,1762,269,None,Move,browsing
1568620119.495,1761,269,None,Move,browsing
1568620119.505,1760,271,None,Move,browsing
1568620119.521,1759,272,None,Move,browsing
1568620119.529,1759,273,None,Move,browsing
1568620119.535,1758,274,None,Move,browsing
1568620119.559,1758,275,None,Move,browsing
1568620119.574,1757,275,None,Move,browsing
1568620119.59,1755,277,None,Move,browsing
1568620119.599,1754,280,None,Move,browsing
1568620119.606,1752,281,None,Move,browsing
1568620119.613,1750,283,None,Move,browsing
1568620119.6220002,1745,288,None,Move,browsing
1568620119.627,1741,292,None,Move,browsing
1568620119.6339998,1739,294,None,Move,browsing
1568620119.645,1734,298,None,Move,browsing
1568620119.653,1732,300,None,Move,browsing
1568620119.659,1730,300,None,Move,browsing
1568620119.669,1728,301,None,Move,browsing
1568620119.675,1727,302,None,Move,browsing
1568620119.6829998,1726,302,None,Move,browsing
1568620119.691,1725,302,None,Move,browsing
1568620119.699,1724,303,None,Move,browsing
1568620119.706,1723,304,None,Move,browsing
1568620119.716,1720,306,None,Move,browsing
1568620119.72,1719,307,None,Move,browsing
1568620119.732,1717,309,None,Move,browsing
1568620119.7370002,1715,311,None,Move,browsing
1568620119.748,1714,314,None,Move,browsing
1568620119.7529998,1711,317,None,Move,browsing
1568620119.7589998,1709,320,None,Move,browsing
1568620119.769,1704,325,None,Move,browsing
1568620119.7770002,1702,327,None,Move,browsing
1568620119.785,1700,330,None,Move,browsing
1568620119.793,1696,334,None,Move,browsing
1568620119.801,1695,335,None,Move,browsing
1568620119.81,1692,337,None,Move,browsing
1568620119.8170002,1692,337,None,Move,browsing
1568620119.821,1691,338,None,Move,browsing
1568620119.95,1691,338,Left,Pressed,browsing
1568620120.025,1691,338,Left,Released,browsing
1568620120.0570002,1691,337,None,Move,browsing
1568620120.073,1691,336,None,Move,browsing
1568620120.081,1691,336,None,Move,browsing
1568620120.096,1692,334,None,Move,browsing
1568620120.1079998,1694,333,None,Move,browsing
1568620120.119,1694,332,None,Move,browsing
1568620120.1239998,1696,331,None,Move,browsing
1568620120.135,1696,329,None,Move,browsing
1568620120.141,1698,328,None,Move,browsing
1568620120.159,1698,327,None,Move,browsing
1568620120.167,1699,326,None,Move,browsing
1568620120.171,1700,325,None,Move,browsing
1568620120.18,1701,322,None,Move,browsing
1568620120.189,1701,320,None,Move,browsing
1568620120.197,1703,318,None,Move,browsing
1568620120.202,1704,316,None,Move,browsing
1568620120.2129998,1704,313,None,Move,browsing
1568620120.22,1706,311,None,Move,browsing
1568620120.225,1707,308,None,Move,browsing
1568620120.2370002,1708,306,None,Move,browsing
1568620120.245,1709,305,None,Move,browsing
1568620120.25,1709,303,None,Move,browsing
1568620120.2589998,1710,302,None,Move,browsing
1568620120.2670002,1710,302,None,Move,browsing
1568620120.275,1711,300,None,Move,browsing
1568620120.283,1711,300,None,Move,browsing
1568620120.299,1712,298,None,Move,browsing
1568620120.315,1712,298,None,Move,browsing
1568620120.329,1712,297,None,Move,browsing
1568620120.345,1712,295,None,Move,browsing
1568620120.423,1712,295,None,Move,browsing
1568620120.439,1714,295,None,Move,browsing
1568620120.455,1716,295,None,Move,browsing
1568620120.467,1717,297,None,Move,browsing
1568620120.475,1719,299,None,Move,browsing
1568620120.485,1720,304,None,Move,browsing
1568620120.4929998,1721,306,None,Move,browsing
1568620120.5010002,1721,308,None,Move,browsing
1568620120.5089998,1721,312,None,Move,browsing
1568620120.5170002,1721,315,None,Move,browsing
1568620120.525,1721,315,None,Move,browsing
1568620120.533,1719,318,None,Move,browsing
1568620120.536,1715,321,None,Move,browsing
1568620120.5470002,1713,322,None,Move,browsing
1568620120.555,1709,325,None,Move,browsing
1568620120.563,1706,326,None,Move,browsing
1568620120.571,1702,328,None,Move,browsing
1568620120.579,1698,330,None,Move,browsing
1568620120.587,1695,331,None,Move,browsing
1568620120.592,1693,333,None,Move,browsing
1568620120.6,1692,334,None,Move,browsing
1568620120.607,1689,335,None,Move,browsing
1568620120.617,1688,336,None,Move,browsing
1568620120.625,1688,336,None,Move,browsing
1568620120.633,1686,338,None,Move,browsing
1568620120.639,1684,338,None,Move,browsing
1568620120.65,1683,339,None,Move,browsing
1568620120.656,1682,340,None,Move,browsing
1568620120.665,1680,343,None,Move,browsing
1568620120.6720002,1678,344,None,Move,browsing
1568620120.679,1678,345,None,Move,browsing
1568620120.687,1677,346,None,Move,browsing
1568620120.695,1677,347,None,Move,browsing
1568620120.701,1676,347,None,Move,browsing
1568620120.716,1675,348,None,Move,browsing
1568620120.724,1675,349,None,Move,browsing
1568620120.742,1674,350,None,Move,browsing
1568620120.756,1673,350,None,Move,browsing
1568620120.78,1672,351,None,Move,browsing
1568620120.7970002,1672,351,None,Move,browsing
1568620120.812,1671,352,None,Move,browsing
1568620120.819,1671,353,None,Move,browsing
1568620120.835,1671,354,None,Move,browsing
1568620120.8479998,1670,355,None,Move,browsing
1568620120.867,1669,356,None,Move,browsing
1568620120.959,1669,356,None,Move,browsing
1568620120.972,1669,356,None,Move,browsing
1568620121.071,1669,356,None,Move,browsing
1568620121.086,1669,354,None,Move,browsing
1568620121.105,1668,354,None,Move,browsing
1568620121.13,1668,353,None,Move,browsing
1568620121.155,1668,353,None,Move,browsing
1568620121.17,1668,352,None,Move,browsing
1568620121.171,1668,352,Left,Pressed,browsing
1568620121.2329998,1668,352,Left,Released,browsing
1568620121.349,1668,352,None,Move,browsing
1568620121.365,1668,352,None,Move,browsing
1568620121.3879998,1670,352,None,Move,browsing
1568620121.395,1670,354,None,Move,browsing
1568620121.4,1670,355,None,Move,browsing
1568620121.407,1667,360,None,Move,browsing
1568620121.417,1662,365,None,Move,browsing
1568620121.424,1657,370,None,Move,browsing
1568620121.435,1649,378,None,Move,browsing
1568620121.44,1639,384,None,Move,browsing
1568620121.448,1626,393,None,Move,browsing
1568620121.456,1611,399,None,Move,browsing
1568620121.465,1589,406,None,Move,browsing
1568620121.4729998,1563,416,None,Move,browsing
1568620121.481,1534,422,None,Move,browsing
1568620121.4889998,1503,427,None,Move,browsing
1568620121.494,1466,432,None,Move,browsing
1568620121.5029998,1427,438,None,Move,browsing
1568620121.5129998,1384,445,None,Move,browsing
1568620121.521,1339,455,None,Move,browsing
1568620121.529,1288,466,None,Move,browsing
1568620121.533,1227,479,None,Move,browsing
1568620121.543,1168,491,None,Move,browsing
1568620121.551,1103,505,None,Move,browsing
1568620121.555,1036,522,None,Move,browsing
1568620121.5670002,967,537,None,Move,browsing
1568620121.575,899,556,None,Move,browsing
1568620121.582,842,572,None,Move,browsing
1568620121.587,786,586,None,Move,browsing
1568620121.597,743,597,None,Move,browsing
1568620121.6020002,710,606,None,Move,browsing
1568620121.613,681,612,None,Move,browsing
1568620121.621,657,617,None,Move,browsing
1568620121.629,641,621,None,Move,browsing
1568620121.633,624,623,None,Move,browsing
1568620121.645,614,624,None,Move,browsing
1568620121.653,606,624,None,Move,browsing
1568620121.661,600,624,None,Move,browsing
1568620121.667,597,623,None,Move,browsing
1568620121.673,596,619,None,Move,browsing
1568620121.6829998,596,617,None,Move,browsing
1568620121.688,596,611,None,Move,browsing
1568620121.699,597,607,None,Move,browsing
1568620121.704,599,600,None,Move,browsing
1568620121.715,601,596,None,Move,browsing
1568620121.7229998,602,594,None,Move,browsing
1568620121.732,602,592,None,Move,browsing
1568620121.7370002,602,591,None,Move,browsing
1568620121.7470002,602,590,None,Move,browsing
1568620121.752,602,589,None,Move,browsing
1568620121.758,602,589,None,Move,browsing
1568620121.785,602,588,None,Move,browsing
1568620122.018,602,588,None,Move,browsing
1568620122.0570002,602,588,None,Move,browsing
1568620122.081,601,588,None,Move,browsing
1568620122.097,601,588,None,Move,browsing
1568620122.119,600,588,None,Move,browsing
1568620122.174,599,588,None,Move,browsing
1568620122.353,599,588,None,Move,browsing
1568620122.3760002,598,588,None,Move,browsing
1568620122.393,598,588,None,Move,browsing
1568620122.566,593,594,None,Move,browsing
1568620122.579,585,605,None,Move,browsing
1568620122.586,575,618,None,Move,browsing
1568620122.595,559,643,None,Move,browsing
1568620122.603,545,664,None,Move,browsing
1568620122.611,534,690,None,Move,browsing
1568620122.615,521,714,None,Move,browsing
1568620122.625,515,728,None,Move,browsing
1568620122.633,507,744,None,Move,browsing
1568620122.641,503,753,None,Move,browsing
1568620122.6479998,500,759,None,Move,browsing
1568620122.657,499,761,None,Move,browsing
1568620122.681,499,761,None,Move,browsing
1568620122.702,498,761,None,Move,browsing
1568620122.719,497,761,None,Move,browsing
1568620122.735,497,759,Left,Pressed,browsing
1568620122.735,497,759,None,Drag,browsing
1568620122.7429998,497,758,None,Drag,browsing
1568620122.7510002,497,757,None,Drag,browsing
1568620122.754,499,754,None,Drag,browsing
1568620122.765,499,754,None,Drag,browsing
1568620122.771,499,753,None,Drag,browsing
1568620122.781,499,753,None,Drag,browsing
1568620122.781,499,753,Left,Released,browsing
1568620122.805,499,751,None,Move,browsing
1568620122.814,499,751,None,Move,browsing
1568620122.821,499,750,None,Move,browsing
1568620122.834,499,750,None,Move,browsing
1568620122.851,499,747,None,Move,browsing
1568620122.859,499,743,None,Move,browsing
1568620122.867,499,739,None,Move,browsing
1568620122.8720002,499,732,None,Move,browsing
1568620122.883,498,725,None,Move,browsing
1568620122.8879998,496,717,None,Move,browsing
1568620122.897,494,706,None,Move,browsing
1568620122.903,493,691,None,Move,browsing
1568620122.913,490,674,None,Move,browsing
1568620122.9220002,488,657,None,Move,browsing
1568620122.926,485,633,None,Move,browsing
1568620122.938,482,605,None,Move,browsing
1568620122.945,477,576,None,Move,browsing
1568620122.95,470,544,None,Move,browsing
1568620122.961,461,509,None,Move,browsing
1568620122.969,453,474,None,Move,browsing
1568620122.9729998,446,450,None,Move,browsing
1568620122.981,444,435,None,Move,browsing
1568620122.9910002,443,423,None,Move,browsing
1568620122.998,442,409,None,Move,browsing
1568620123.0070002,441,400,None,Move,browsing
1568620123.012,440,392,None,Move,browsing
1568620123.0229998,437,383,None,Move,browsing
1568620123.031,432,375,None,Move,browsing
1568620123.038,429,369,None,Move,browsing
1568620123.045,427,363,None,Move,browsing
1568620123.053,424,358,None,Move,browsing
1568620123.0570002,421,354,None,Move,browsing
1568620123.069,418,350,None,Move,browsing
1568620123.077,418,348,None,Move,browsing
1568620123.085,416,347,None,Move,browsing
1568620123.093,415,344,None,Move,browsing
1568620123.1,412,342,None,Move,browsing
1568620123.106,410,340,None,Move,browsing
1568620123.115,409,338,None,Move,browsing
1568620123.123,406,336,None,Move,browsing
1568620123.1279998,403,332,None,Move,browsing
1568620123.139,402,332,None,Move,browsing
1568620123.147,400,330,None,Move,browsing
1568620123.154,398,327,None,Move,browsing
1568620123.161,398,325,None,Move,browsing
1568620123.171,397,323,None,Move,browsing
1568620123.175,396,321,None,Move,browsing
1568620123.184,396,320,None,Move,browsing
1568620123.1920002,395,320,None,Move,browsing
1568620123.199,395,319,None,Move,browsing
1568620123.2670002,395,319,None,Move,browsing
1568620123.293,395,317,None,Move,browsing
1568620123.316,395,316,None,Move,browsing
1568620123.373,395,315,None,Move,browsing
1568620123.3879998,395,312,None,Move,browsing
1568620123.395,395,311,None,Move,browsing
1568620123.403,395,310,None,Move,browsing
1568620123.411,395,309,None,Move,browsing
1568620123.416,395,309,None,Move,browsing
1568620123.435,395,308,None,Move,browsing
1568620123.5129998,395,308,Left,Pressed,browsing
1568620123.5129998,395,308,None,Drag,browsing
1568620123.5129998,395,308,Left,Released,browsing
1568620123.615,395,308,None,Move,browsing
1568620123.621,402,307,None,Move,browsing
1568620123.629,409,306,None,Move,browsing
1568620123.637,416,306,None,Move,browsing
1568620123.645,421,305,None,Move,browsing
1568620123.6520002,427,305,None,Move,browsing
1568620123.661,434,305,None,Move,browsing
1568620123.67,439,305,None,Move,browsing
1568620123.676,443,305,None,Move,browsing
1568620123.6829998,449,307,None,Move,browsing
1568620123.689,454,309,None,Move,browsing
1568620123.697,458,311,None,Move,browsing
1568620123.708,460,311,None,Move,browsing
1568620123.7129998,461,312,None,Move,browsing
1568620123.7229998,462,312,None,Move,browsing
1568620123.73,462,313,None,Move,browsing
1568620123.7470002,462,314,None,Move,browsing
1568620123.7610002,462,315,None,Move,browsing
1568620123.7770002,462,316,None,Move,browsing
1568620123.791,462,317,None,Move,browsing
1568620123.801,463,319,None,Move,browsing
1568620123.8079998,463,320,None,Move,browsing
1568620123.813,465,321,None,Move,browsing
1568620123.821,465,322,None,Move,browsing
1568620123.831,467,323,None,Move,browsing
1568620123.835,469,326,None,Move,browsing
1568620123.844,470,326,None,Move,browsing
1568620123.85,472,327,None,Move,browsing
1568620123.863,472,328,None,Move,browsing
1568620123.867,474,328,None,Move,browsing
1568620123.879,474,328,None,Move,browsing
1568620123.8820002,475,328,None,Move,browsing
1568620123.896,475,328,None,Move,browsing
1568620123.936,475,328,None,Move,browsing
1568620123.955,475,327,None,Move,browsing
1568620123.97,475,327,Left,Pressed,browsing
1568620123.97,475,327,None,Drag,browsing
1568620123.97,475,327,Left,Released,browsing
1568620124.0879998,476,326,None,Move,browsing
1568620124.1120002,476,326,None,Move,browsing
1568620124.127,479,323,None,Move,browsing
1568620124.1339998,481,322,None,Move,browsing
1568620124.1420002,481,321,None,Move,browsing
1568620124.151,485,318,None,Move,browsing
1568620124.158,485,318,None,Move,browsing
1568620124.167,486,316,None,Move,browsing
1568620124.173,487,315,None,Move,browsing
1568620124.1829998,488,312,None,Move,browsing
1568620124.186,491,307,None,Move,browsing
1568620124.197,492,303,None,Move,browsing
1568620124.205,493,293,None,Move,browsing
1568620124.212,494,285,None,Move,browsing
1568620124.22,494,272,None,Move,browsing
1568620124.229,494,253,None,Move,browsing
1568620124.2370002,489,225,None,Move,browsing
1568620124.245,480,192,None,Move,browsing
1568620124.252,472,160,None,Move,browsing
1568620124.2589998,463,127,None,Move,browsing
1568620124.266,455,95,None,Move,browsing
1568620124.275,449,71,None,Move,browsing
1568620124.283,444,45,None,Move,browsing
1568620124.291,443,27,None,Move,browsing
1568620124.299,443,13,None,Move,browsing
1568620124.306,443,1,None,Move,browsing
1568620124.315,443,-12,None,Move,browsing
1568620124.322,443,-11,None,Move,browsing
1568620124.339,443,-28,None,Move,browsing
1568620124.347,443,-6,None,Move,browsing
1568620124.353,444,-7,None,Move,browsing
1568620124.361,444,-3,None,Move,browsing
1568620124.3660002,444,-4,None,Move,browsing
1568620124.377,444,-1,None,Move,browsing
1568620124.3839998,445,-1,None,Move,browsing
1568620124.393,445,-1,None,Move,browsing
1568620124.399,445,0,None,Move,browsing
1568620124.405,445,-2,None,Move,browsing
1568620124.4220002,447,-1,None,Move,browsing
1568620124.43,448,-2,None,Move,browsing
1568620124.438,451,-2,None,Move,browsing
1568620124.446,452,-1,None,Move,browsing
1568620124.454,454,-2,None,Move,browsing
1568620124.4629998,458,-3,None,Move,browsing
1568620124.47,460,-2,None,Move,browsing
1568620124.4770002,463,-1,None,Move,browsing
1568620124.481,464,-2,None,Move,browsing
1568620124.4929998,466,-1,None,Move,browsing
1568620124.5010002,468,-2,None,Move,browsing
1568620124.5089998,468,0,None,Move,browsing
1568620124.524,469,0,Left,Pressed,browsing
1568620124.524,469,0,None,Drag,browsing
1568620124.525,469,0,Left,Released,browsing
1568620124.595,469,-1,None,Move,browsing
1568620124.671,469,0,None,Move,browsing
1568620124.687,469,1,None,Move,browsing
1568620124.7029998,469,1,None,Move,browsing
1568620124.719,469,3,None,Move,browsing
1568620124.7229998,469,5,None,Move,browsing
1568620124.735,468,6,None,Move,browsing
1568620124.7429998,468,7,None,Move,browsing
1568620124.75,468,8,None,Move,browsing
1568620124.7570002,468,10,None,Move,browsing
1568620124.765,468,11,None,Move,browsing
1568620125.0229998,468,12,None,Move,browsing
1568620125.031,468,14,None,Move,browsing
1568620125.061,468,14,None,Move,browsing
1568620125.4970002,467,14,None,Move,browsing
1568620125.512,467,14,None,Move,browsing
1568620125.529,467,12,None,Move,browsing
1568620125.5370002,467,11,None,Move,browsing
1568620125.55,467,11,None,Move,browsing
1568620125.613,467,10,None,Move,browsing
1568620126.851,467,10,None,Move,browsing
1568620126.859,470,13,None,Move,browsing
1568620126.867,472,14,None,Move,browsing
1568620126.875,475,15,None,Move,browsing
1568620126.883,475,15,None,Move,browsing
1568620126.891,477,15,None,Move,browsing
1568620126.899,479,15,None,Move,browsing
1568620126.907,479,15,None,Move,browsing
1568620126.915,480,15,None,Move,browsing
1568620126.921,481,15,None,Move,browsing
1568620126.929,483,14,None,Move,browsing
1568620126.94,485,11,None,Move,browsing
1568620126.945,487,10,None,Move,browsing
1568620126.9529998,491,6,None,Move,browsing
1568620126.961,494,6,None,Move,browsing
1568620126.969,496,5,None,Move,browsing
1568620126.9770002,499,4,None,Move,browsing
1568620126.985,503,4,None,Move,browsing
1568620126.988,505,4,None,Move,browsing
1568620126.9989998,506,4,None,Move,browsing
1568620127.0070002,508,3,None,Move,browsing
1568620127.014,509,3,None,Move,browsing
1568620127.022,510,3,None,Move,browsing
1568620127.031,512,3,None,Move,browsing
1568620127.061,513,3,None,Move,browsing
1568620127.216,515,3,None,Move,browsing
1568620127.231,515,2,None,Move,browsing
1568620128.7510002,521,1,None,Move,browsing
1568620128.7589998,532,0,None,Move,browsing
1568620128.766,544,0,None,Move,browsing
1568620128.775,557,0,None,Move,browsing
1568620128.783,569,0,None,Move,browsing
1568620128.791,581,0,None,Move,browsing
1568620128.7970002,590,0,None,Move,browsing
1568620128.805,596,0,None,Move,browsing
1568620128.813,601,1,None,Move,browsing
1568620128.82,603,2,None,Move,browsing
1568620128.829,604,3,None,Move,browsing
1568620128.836,605,3,None,Move,browsing
1568620128.844,605,4,None,Move,browsing
1568620128.857,605,4,None,Move,browsing
1568620128.883,605,5,None,Move,browsing
1568620128.899,606,5,None,Move,browsing
1568620128.904,608,7,None,Move,browsing
1568620128.915,609,7,None,Move,browsing
1568620128.923,611,9,None,Move,browsing
1568620128.931,613,9,None,Move,browsing
1568620128.939,614,10,None,Move,browsing
1568620128.945,615,10,None,Move,browsing
1568620128.951,616,10,None,Move,browsing
1568620128.969,617,11,None,Move,browsing
1568620128.985,618,11,None,Move,browsing
1568620129.0070002,619,12,None,Move,browsing
1568620129.014,620,12,None,Move,browsing
1568620129.025,621,12,None,Move,browsing
1568620129.063,621,13,None,Move,browsing
1568620129.074,618,17,None,Move,browsing
1568620129.093,617,17,None,Move,browsing
1568620129.099,616,18,None,Move,browsing
1568620129.117,615,18,None,Move,browsing
1568620129.133,615,18,None,Move,browsing
1568620129.153,614,18,None,Move,browsing
1568620129.343,614,18,Left,Pressed,browsing
1568620129.437,614,18,Left,Released,browsing
1568620129.5679998,613,18,None,Move,browsing
1568620129.583,612,22,None,Move,browsing
1568620129.591,612,24,None,Move,browsing
1568620129.599,612,30,None,Move,browsing
1568620129.607,611,39,None,Move,browsing
1568620129.615,608,47,None,Move,browsing
1568620129.623,604,57,None,Move,browsing
1568620129.631,596,73,None,Move,browsing
1568620129.6360002,587,89,None,Move,browsing
1568620129.647,574,113,None,Move,browsing
1568620129.6520002,562,134,None,Move,browsing
1568620129.661,549,160,None,Move,browsing
1568620129.669,536,186,None,Move,browsing
1568620129.675,523,210,None,Move,browsing
1568620129.685,510,236,None,Move,browsing
1568620129.6929998,499,261,None,Move,browsing
1568620129.701,486,285,None,Move,browsing
1568620129.708,476,308,None,Move,browsing
1568620129.717,465,329,None,Move,browsing
1568620129.7229998,453,350,None,Move,browsing
1568620129.731,444,366,None,Move,browsing
1568620129.738,437,377,None,Move,browsing
1568620129.745,429,387,None,Move,browsing
1568620129.755,422,396,None,Move,browsing
1568620129.7629998,417,400,None,Move,browsing
1568620129.771,411,405,None,Move,browsing
1568620129.779,406,406,None,Move,browsing
1568620129.785,402,406,None,Move,browsing
1568620129.793,395,404,None,Move,browsing
1568620129.801,390,399,None,Move,browsing
1568620129.809,384,391,None,Move,browsing
1568620129.8170002,376,385,None,Move,browsing
1568620129.823,370,378,None,Move,browsing
1568620129.833,363,371,None,Move,browsing
1568620129.841,356,365,None,Move,browsing
1568620129.847,350,359,None,Move,browsing
1568620129.857,345,354,None,Move,browsing
1568620129.863,341,347,None,Move,browsing
1568620129.871,338,341,None,Move,browsing
1568620129.879,337,334,None,Move,browsing
1568620129.887,337,327,None,Move,browsing
1568620129.895,337,322,None,Move,browsing
1568620129.903,337,316,None,Move,browsing
1568620129.911,337,312,None,Move,browsing
1568620129.919,338,310,None,Move,browsing
1568620129.927,339,307,None,Move,browsing
1568620129.9329998,339,307,None,Move,browsing
1568620129.941,340,306,None,Move,browsing
1568620129.949,341,306,None,Move,browsing
1568620129.956,343,304,None,Move,browsing
1568620129.965,346,303,None,Move,browsing
1568620129.9729998,349,303,None,Move,browsing
1568620129.981,355,303,None,Move,browsing
1568620129.9889998,364,305,None,Move,browsing
1568620129.996,375,310,None,Move,browsing
1568620130.004,387,315,None,Move,browsing
1568620130.008,401,323,None,Move,browsing
1568620130.019,412,328,None,Move,browsing
1568620130.026,426,338,None,Move,browsing
1568620130.032,435,346,None,Move,browsing
1568620130.039,449,355,None,Move,browsing
1568620130.051,461,365,None,Move,browsing
1568620130.059,468,374,None,Move,browsing
1568620130.0670002,477,382,None,Move,browsing
1568620130.075,484,391,None,Move,browsing
1568620130.081,488,397,None,Move,browsing
1568620130.086,491,404,None,Move,browsing
1568620130.097,491,406,None,Move,browsing
1568620130.105,491,409,None,Move,browsing
1568620130.1120002,491,409,None,Move,browsing
1568620130.1220002,491,409,None,Move,browsing
1568620130.137,487,405,None,Move,browsing
1568620130.144,477,391,None,Move,browsing
1568620130.15,464,372,None,Move,browsing
1568620130.159,442,340,None,Move,browsing
1568620130.165,417,302,None,Move,browsing
1568620130.173,387,251,None,Move,browsing
1568620130.1829998,352,197,None,Move,browsing
1568620130.191,315,135,None,Move,browsing
1568620130.198,279,74,None,Move,browsing
1568620130.206,245,12,None,Move,browsing
1568620130.215,218,-46,None,Move,browsing
1568620130.219,192,-50,None,Move,browsing
1568620130.229,180,-33,None,Move,browsing
1568620130.2370002,177,-14,None,Move,browsing
1568620130.245,177,-7,None,Move,browsing
1568620130.2510002,177,0,None,Move,browsing
1568620130.2610002,180,-1,None,Move,browsing
1568620130.269,183,0,None,Move,browsing
1568620130.2770002,186,0,None,Move,browsing
1568620130.285,186,0,None,Move,browsing
1568620130.288,191,1,None,Move,browsing
1568620130.299,196,3,None,Move,browsing
1568620130.306,200,5,None,Move,browsing
1568620130.315,207,8,None,Move,browsing
1568620130.32,217,10,None,Move,browsing
1568620130.331,226,11,None,Move,browsing
1568620130.339,236,12,None,Move,browsing
1568620130.347,245,12,None,Move,browsing
1568620130.355,256,12,None,Move,browsing
1568620130.363,265,12,None,Move,browsing
1568620130.369,273,10,None,Move,browsing
1568620130.377,282,7,None,Move,browsing
1568620130.385,289,5,None,Move,browsing
1568620130.393,296,1,None,Move,browsing
1568620130.401,303,-2,None,Move,browsing
1568620130.407,307,-4,None,Move,browsing
1568620130.417,309,-2,None,Move,browsing
1568620130.4220002,311,-2,None,Move,browsing
1568620130.4320002,312,-6,None,Move,browsing
1568620130.439,313,-2,None,Move,browsing
1568620130.446,313,-2,None,Move,browsing
1568620130.452,313,-2,None,Move,browsing
1568620130.462,313,-2,None,Move,browsing
1568620130.469,313,-1,None,Move,browsing
1568620130.479,313,0,None,Move,browsing
1568620130.4870002,313,-1,None,Move,browsing
1568620130.5010002,312,-1,None,Move,browsing
1568620130.627,312,0,Left,Pressed,browsing
1568620130.627,312,0,None,Drag,browsing
1568620130.627,312,0,Left,Released,browsing
1568620130.631,310,0,None,Move,browsing
1568620130.643,309,-1,None,Move,browsing
1568620130.646,306,0,None,Move,browsing
1568620130.653,302,-1,None,Move,browsing
1568620130.6620002,297,0,None,Move,browsing
1568620130.667,290,0,None,Move,browsing
1568620130.681,282,0,None,Move,browsing
1568620130.685,272,0,None,Move,browsing
1568620130.6920002,255,0,None,Move,browsing
1568620130.7,242,0,None,Move,browsing
1568620130.711,226,0,None,Move,browsing
1568620130.72,213,0,None,Move,browsing
1568620130.725,198,-2,None,Move,browsing
1568620130.735,187,-2,None,Move,browsing
1568620130.742,175,-2,None,Move,browsing
1568620130.75,165,-4,None,Move,browsing
1568620130.7589998,157,-4,None,Move,browsing
1568620130.766,151,-3,None,Move,browsing
1568620130.775,147,-2,None,Move,browsing
1568620130.783,146,-4,None,Move,browsing
1568620130.789,146,0,None,Move,browsing
1568620130.7970002,146,-2,None,Move,browsing
1568620130.805,146,-2,None,Move,browsing
1568620130.813,146,-1,None,Move,browsing
1568620130.819,149,-2,None,Move,browsing
1568620130.829,154,-2,None,Move,browsing
1568620130.837,158,-1,None,Move,browsing
1568620130.844,162,0,Left,Pressed,browsing
1568620130.845,162,0,None,Drag,browsing
1568620130.854,164,0,None,Drag,browsing
1568620130.8620002,164,1,None,Drag,browsing
1568620130.891,165,2,None,Drag,browsing
1568620130.907,166,3,None,Drag,browsing
1568620130.907,166,3,Left,Released,browsing
1568620130.93,167,3,None,Move,browsing
1568620131.0070002,167,4,None,Move,browsing
1568620131.021,171,9,None,Move,browsing
1568620131.031,173,11,None,Move,browsing
1568620131.039,177,17,None,Move,browsing
1568620131.0470002,181,23,None,Move,browsing
1568620131.055,186,32,None,Move,browsing
1568620131.063,196,45,None,Move,browsing
1568620131.0679998,203,56,None,Move,browsing
1568620131.074,215,73,None,Move,browsing
1568620131.084,228,93,None,Move,browsing
1568620131.093,244,117,None,Move,browsing
1568620131.101,263,144,None,Move,browsing
1568620131.109,285,170,None,Move,browsing
1568620131.117,305,193,None,Move,browsing
1568620131.125,324,213,None,Move,browsing
1568620131.133,345,234,None,Move,browsing
1568620131.14,365,251,None,Move,browsing
1568620131.147,379,261,None,Move,browsing
1568620131.155,389,268,None,Move,browsing
1568620131.163,399,275,None,Move,browsing
1568620131.171,405,280,None,Move,browsing
1568620131.179,411,284,None,Move,browsing
1568620131.186,415,286,None,Move,browsing
1568620131.195,418,288,None,Move,browsing
1568620131.202,418,289,None,Move,browsing
1568620131.211,420,290,None,Move,browsing
1568620131.224,420,290,None,Move,browsing
1568620131.2489998,421,291,None,Move,browsing
1568620131.265,421,292,None,Move,browsing
1568620131.2729998,421,295,None,Move,browsing
1568620131.28,421,298,None,Move,browsing
1568620131.286,421,302,None,Move,browsing
1568620131.295,421,306,None,Move,browsing
1568620131.303,421,311,None,Move,browsing
1568620131.311,421,315,None,Move,browsing
1568620131.315,421,318,None,Move,browsing
1568620131.327,421,320,None,Move,browsing
1568620131.335,421,322,None,Move,browsing
1568620131.341,421,323,None,Move,browsing
1568620131.351,421,324,None,Move,browsing
1568620131.356,421,324,None,Move,browsing
1568620131.365,421,326,None,Move,browsing
1568620131.381,420,326,None,Move,browsing
1568620131.3860002,419,327,None,Move,browsing
1568620131.4020002,418,328,None,Move,browsing
1568620131.413,416,329,None,Move,browsing
1568620131.421,415,330,None,Move,browsing
1568620131.426,413,331,None,Move,browsing
1568620131.4329998,413,332,None,Move,browsing
1568620131.4429998,411,333,None,Move,browsing
1568620131.448,408,333,None,Move,browsing
1568620131.46,407,333,None,Move,browsing
1568620131.464,405,333,None,Move,browsing
1568620131.472,403,331,None,Move,browsing
1568620131.481,402,331,None,Move,browsing
1568620131.488,401,330,None,Move,browsing
1568620131.498,401,329,None,Move,browsing
1568620131.512,401,329,None,Move,browsing
1568620131.569,400,329,None,Move,browsing
1568620131.582,400,329,None,Move,browsing
1568620131.615,400,329,Right,Pressed,browsing
1568620131.677,400,329,Right,Released,browsing
1568620131.685,400,329,None,Move,browsing
1568620131.701,400,329,None,Move,browsing
1568620131.7389998,400,329,None,Move,browsing
1568620131.754,400,331,None,Move,browsing
1568620131.76,404,333,None,Move,browsing
1568620131.769,409,336,None,Move,browsing
1568620131.779,414,339,None,Move,browsing
1568620131.784,418,340,None,Move,browsing
1568620131.79,423,342,None,Move,browsing
1568620131.801,426,344,None,Move,browsing
1568620131.81,431,346,None,Move,browsing
1568620131.815,433,346,None,Move,browsing
1568620131.826,433,346,None,Move,browsing
1568620131.833,434,346,None,Move,browsing
1568620131.84,434,346,None,Move,browsing
1568620131.87,434,346,None,Move,browsing
1568620131.887,435,346,None,Move,browsing
1568620131.9020002,436,346,None,Move,browsing
1568620131.919,436,345,None,Move,browsing
1568620131.935,436,345,None,Move,browsing
1568620131.944,437,343,None,Move,browsing
1568620131.979,437,343,None,Move,browsing
1568620131.986,437,343,None,Move,browsing
1568620132.026,438,342,None,Move,browsing
1568620132.065,438,342,Left,Pressed,browsing
1568620132.065,438,342,None,Drag,browsing
1568620132.065,438,342,Left,Released,browsing
1568620132.214,439,342,None,Move,browsing
1568620132.229,440,342,None,Move,browsing
1568620132.245,442,341,None,Move,browsing
1568620132.252,444,340,None,Move,browsing
1568620132.2610002,449,339,None,Move,browsing
1568620132.2670002,456,339,None,Move,browsing
1568620132.2770002,465,337,None,Move,browsing
1568620132.283,473,336,None,Move,browsing
1568620132.291,487,332,None,Move,browsing
1568620132.299,500,327,None,Move,browsing
1568620132.3070002,518,319,None,Move,browsing
1568620132.314,539,309,None,Move,browsing
1568620132.323,568,294,None,Move,browsing
1568620132.332,595,275,None,Move,browsing
1568620132.3379998,619,249,None,Move,browsing
1568620132.347,638,219,None,Move,browsing
1568620132.355,651,183,None,Move,browsing
1568620132.361,656,147,None,Move,browsing
1568620132.3679998,656,109,None,Move,browsing
1568620132.373,656,68,None,Move,browsing
1568620132.385,654,32,None,Move,browsing
1568620132.393,648,-10,None,Move,browsing
1568620132.3979998,641,-40,None,Move,browsing
1568620132.409,634,-29,None,Move,browsing
1568620132.417,626,-28,None,Move,browsing
1568620132.424,619,-24,None,Move,browsing
1568620132.43,614,-14,None,Move,browsing
1568620132.439,612,-9,None,Move,browsing
1568620132.447,610,-6,None,Move,browsing
1568620132.455,608,-3,None,Move,browsing
1568620132.4629998,607,-2,None,Move,browsing
1568620132.469,607,-3,None,Move,browsing
1568620132.478,606,-2,None,Move,browsing
1568620132.4870002,604,-3,None,Move,browsing
1568620132.495,604,0,None,Move,browsing
1568620132.502,604,-1,None,Move,browsing
1568620132.506,603,-1,None,Move,browsing
1568620132.5170002,602,-1,None,Move,browsing
1568620132.524,601,0,None,Move,browsing
1568620132.533,599,0,None,Move,browsing
1568620132.54,599,0,None,Move,browsing
1568620132.548,596,0,None,Move,browsing
1568620132.553,594,0,None,Move,browsing
1568620132.565,591,0,None,Move,browsing
1568620132.57,589,0,None,Move,browsing
1568620132.5779998,586,0,None,Move,browsing
1568620132.586,582,0,None,Move,browsing
1568620132.595,575,0,None,Move,browsing
1568620132.603,570,0,None,Move,browsing
1568620132.611,563,0,None,Move,browsing
1568620132.619,557,-1,None,Move,browsing
1568620132.625,551,0,None,Move,browsing
1568620132.635,548,-1,None,Move,browsing
1568620132.643,543,0,None,Move,browsing
1568620132.647,542,-1,None,Move,browsing
1568620132.657,541,0,None,Move,browsing
1568620132.6620002,540,-1,None,Move,browsing
1568620132.673,540,-1,None,Move,browsing
1568620132.69,540,0,Left,Pressed,browsing
1568620132.69,540,0,None,Drag,browsing
1568620132.706,540,0,None,Drag,browsing
1568620132.719,540,0,None,Drag,browsing
1568620132.719,540,0,Left,Released,browsing
1568620132.821,540,0,None,Move,browsing
1568620132.837,541,1,None,Move,browsing
1568620132.9,541,1,None,Move,browsing
1568620132.915,541,3,None,Move,browsing
1568620132.9320002,542,5,None,Move,browsing
1568620132.941,544,6,None,Move,browsing
1568620132.944,546,8,None,Move,browsing
1568620132.9529998,549,10,None,Move,browsing
1568620132.961,552,12,None,Move,browsing
1568620132.968,557,13,None,Move,browsing
1568620132.9770002,561,14,None,Move,browsing
1568620132.985,566,16,None,Move,browsing
1568620132.9929998,573,18,None,Move,browsing
1568620133.0010002,577,20,None,Move,browsing
1568620133.0070002,583,23,None,Move,browsing
1568620133.015,588,25,None,Move,browsing
1568620133.02,594,28,None,Move,browsing
1568620133.031,598,29,None,Move,browsing
1568620133.036,605,31,None,Move,browsing
1568620133.0470002,610,33,None,Move,browsing
1568620133.055,617,35,None,Move,browsing
1568620133.063,622,35,None,Move,browsing
1568620133.071,628,36,None,Move,browsing
1568620133.077,637,36,None,Move,browsing
1568620133.084,643,36,None,Move,browsing
1568620133.093,650,35,None,Move,browsing
1568620133.101,653,35,None,Move,browsing
1568620133.109,655,34,None,Move,browsing
1568620133.1160002,655,34,None,Move,browsing
1568620133.123,656,34,None,Move,browsing
1568620133.133,656,33,None,Move,browsing
1568620133.1520002,656,33,None,Move,browsing
1568620133.179,656,31,None,Move,browsing
1568620133.187,655,30,None,Move,browsing
1568620133.195,652,29,None,Move,browsing
1568620133.2029998,647,27,None,Move,browsing
1568620133.211,641,25,None,Move,browsing
1568620133.217,637,23,None,Move,browsing
1568620133.225,632,20,None,Move,browsing
1568620133.2329998,628,19,None,Move,browsing
1568620133.2410002,626,18,None,Move,browsing
1568620133.248,623,18,None,Move,browsing
1568620133.256,621,17,None,Move,browsing
1568620133.264,619,16,None,Move,browsing
1568620133.272,619,16,None,Move,browsing
1568620133.28,617,16,None,Move,browsing
1568620133.289,615,16,None,Move,browsing
1568620133.295,614,15,None,Move,browsing
1568620133.303,612,15,None,Move,browsing
1568620133.31,609,15,None,Move,browsing
1568620133.316,608,15,None,Move,browsing
1568620133.327,606,14,None,Move,browsing
1568620133.335,605,14,None,Move,browsing
1568620133.341,604,14,None,Move,browsing
1568620133.347,604,14,None,Move,browsing
1568620133.356,603,14,None,Move,browsing
1568620133.435,603,14,None,Move,browsing
1568620133.451,605,14,None,Move,browsing
1568620133.459,606,14,None,Move,browsing
1568620133.465,607,14,None,Move,browsing
1568620133.4729998,607,14,None,Move,browsing
1568620133.4989998,608,14,None,Move,browsing
1568620133.5129998,609,14,None,Move,browsing
1568620133.529,610,14,None,Move,browsing
1568620133.535,612,14,None,Move,browsing
1568620133.545,612,14,None,Move,browsing
1568620133.559,613,14,None,Move,browsing
1568620133.569,614,14,None,Move,browsing
1568620133.583,615,14,None,Move,browsing
1568620133.596,617,13,None,Move,browsing
1568620133.6120002,617,13,None,Move,browsing
1568620133.623,618,13,None,Move,browsing
1568620133.9020002,618,12,None,Move,browsing
1568620134.445,618,12,None,Move,browsing
1568620134.461,617,10,None,Move,browsing
1568620134.4770002,613,9,None,Move,browsing
1568620134.486,613,9,None,Move,browsing
1568620134.5029998,612,8,None,Move,browsing
1568620134.735,612,8,None,Move,browsing
1568620134.7589998,613,10,None,Move,browsing
1568620134.774,613,10,None,Move,browsing
1568620134.791,613,10,None,Move,browsing
1568620134.813,614,11,None,Move,browsing
1568620134.8279998,615,12,None,Move,browsing
1568620134.853,616,12,None,Move,browsing
1568620134.867,617,12,None,Move,browsing
1568620134.883,618,12,None,Move,browsing
1568620134.8979998,619,12,None,Move,browsing
1568620135.566,619,12,None,Move,browsing
1568620135.591,620,12,None,Move,browsing
1568620136.5110002,620,12,None,Move,browsing
1568620137.235,620,11,None,Move,browsing
1568620137.25,620,11,None,Move,browsing
1568620137.29,619,10,None,Move,browsing
1568620137.459,619,10,None,Move,browsing
1568620137.935,619,10,Left,Pressed,browsing
1568620137.935,619,10,None,Drag,browsing
1568620137.951,619,14,None,Drag,browsing
1568620137.956,619,14,None,Drag,browsing
1568620137.971,619,15,None,Drag,browsing
1568620137.971,619,15,Left,Released,browsing
1568620138.0879998,619,15,None,Move,browsing
1568620138.113,619,15,None,Move,browsing
1568620138.309,619,15,None,Move,browsing
1568620138.3170002,614,22,None,Move,browsing
1568620138.323,609,27,None,Move,browsing
1568620138.331,601,33,None,Move,browsing
1568620138.341,591,42,None,Move,browsing
1568620138.347,582,51,None,Move,browsing
1568620138.3520002,570,63,None,Move,browsing
1568620138.363,553,79,None,Move,browsing
1568620138.371,540,90,None,Move,browsing
1568620138.379,525,104,None,Move,browsing
1568620138.3860002,495,127,None,Move,browsing
1568620138.395,467,152,None,Move,browsing
1568620138.401,436,177,None,Move,browsing
1568620138.406,408,202,None,Move,browsing
1568620138.417,389,220,None,Move,browsing
1568620138.425,371,238,None,Move,browsing
1568620138.431,358,253,None,Move,browsing
1568620138.441,350,265,None,Move,browsing
1568620138.448,344,274,None,Move,browsing
1568620138.457,341,285,None,Move,browsing
1568620138.465,341,293,None,Move,browsing
1568620138.471,341,303,None,Move,browsing
1568620138.479,345,311,None,Move,browsing
1568620138.4870002,348,317,None,Move,browsing
1568620138.495,351,321,None,Move,browsing
1568620138.5029998,352,321,None,Move,browsing
1568620138.532,349,316,None,Move,browsing
1568620138.541,346,310,None,Move,browsing
1568620138.549,343,305,None,Move,browsing
1568620138.5570002,340,299,None,Move,browsing
1568620138.564,337,292,None,Move,browsing
1568620138.572,332,284,None,Move,browsing
1568620138.579,326,269,None,Move,browsing
1568620138.585,318,252,None,Move,browsing
1568620138.595,306,228,None,Move,browsing
1568620138.606,292,199,None,Move,browsing
1568620138.6120002,279,171,None,Move,browsing
1568620138.619,264,144,None,Move,browsing
1568620138.627,253,124,None,Move,browsing
1568620138.6320002,247,109,None,Move,browsing
1568620138.643,242,97,None,Move,browsing
1568620138.65,241,88,None,Move,browsing
1568620138.659,239,80,None,Move,browsing
1568620138.667,238,72,None,Move,browsing
1568620138.675,236,66,None,Move,browsing
1568620138.681,235,62,None,Move,browsing
1568620138.688,234,59,None,Move,browsing
1568620138.696,233,54,None,Move,browsing
1568620138.705,232,52,None,Move,browsing
1568620138.7129998,232,50,None,Move,browsing
1568620138.721,231,49,None,Move,browsing
1568620138.729,231,48,None,Move,browsing
1568620138.7370002,231,48,None,Move,browsing
1568620138.745,230,46,None,Move,browsing
1568620138.7510002,229,46,None,Move,browsing
1568620138.7589998,228,45,None,Move,browsing
1568620138.766,227,44,None,Move,browsing
1568620138.774,226,43,None,Move,browsing
1568620138.788,225,43,None,Move,browsing
1568620138.8070002,224,42,None,Move,browsing
1568620138.815,224,40,None,Move,browsing
1568620138.821,221,37,None,Move,browsing
1568620138.829,220,36,None,Move,browsing
1568620138.837,217,34,None,Move,browsing
1568620138.844,209,30,None,Move,browsing
1568620138.853,202,29,None,Move,browsing
1568620138.861,195,27,None,Move,browsing
1568620138.867,185,26,None,Move,browsing
1568620138.875,179,26,None,Move,browsing
1568620138.885,171,25,None,Move,browsing
1568620138.89,163,24,None,Move,browsing
1568620138.899,157,23,None,Move,browsing
1568620138.905,153,21,None,Move,browsing
1568620138.915,151,21,None,Move,browsing
1568620138.921,149,19,None,Move,browsing
1568620138.929,148,19,None,Move,browsing
1568620138.939,147,17,None,Move,browsing
1568620138.945,147,17,None,Move,browsing
1568620138.952,147,15,None,Move,browsing
1568620138.9629998,147,14,None,Move,browsing
1568620138.967,147,14,None,Move,browsing
1568620138.976,147,13,None,Move,browsing
1568620138.986,147,12,Left,Pressed,browsing
1568620138.986,147,12,None,Drag,browsing
1568620138.986,147,12,Left,Released,browsing
1568620139.059,147,12,None,Move,browsing
1568620139.084,153,11,None,Move,browsing
1568620139.093,159,11,None,Move,browsing
1568620139.099,161,11,None,Move,browsing
1568620139.106,165,11,None,Move,browsing
1568620139.113,167,11,None,Move,browsing
1568620139.12,171,12,None,Move,browsing
1568620139.133,179,15,None,Move,browsing
1568620139.14,186,17,None,Move,browsing
1568620139.146,193,20,None,Move,browsing
1568620139.154,204,25,None,Move,browsing
1568620139.164,212,29,None,Move,browsing
1568620139.17,223,37,None,Move,browsing
1568620139.181,235,46,None,Move,browsing
1568620139.186,247,57,None,Move,browsing
1568620139.1929998,260,68,None,Move,browsing
1568620139.202,275,84,None,Move,browsing
1568620139.211,293,100,None,Move,browsing
1568620139.216,303,108,None,Move,browsing
1568620139.228,314,114,None,Move,browsing
1568620139.235,321,120,None,Move,browsing
1568620139.2429998,330,124,None,Move,browsing
1568620139.2489998,338,127,None,Move,browsing
1568620139.255,344,129,None,Move,browsing
1568620139.265,348,130,None,Move,browsing
1568620139.274,355,132,None,Move,browsing
1568620139.281,361,134,None,Move,browsing
1568620139.289,366,136,None,Move,browsing
1568620139.2970002,370,138,None,Move,browsing
1568620139.305,372,141,None,Move,browsing
1568620139.313,373,142,None,Move,browsing
1568620139.319,374,143,None,Move,browsing
1568620139.327,374,145,None,Move,browsing
1568620139.335,374,145,None,Move,browsing
1568620139.343,374,148,None,Move,browsing
1568620139.351,374,149,None,Move,browsing
1568620139.419,374,149,None,Move,browsing
1568620139.438,370,151,None,Move,browsing
1568620139.445,368,154,None,Move,browsing
1568620139.451,364,157,None,Move,browsing
1568620139.462,364,157,None,Move,browsing
1568620139.467,362,159,None,Move,browsing
1568620139.475,361,160,None,Move,browsing
1568620139.4829998,360,161,None,Move,browsing
1568620139.4889998,359,161,None,Move,browsing
1568620139.522,358,161,None,Move,browsing
1568620139.531,356,158,None,Move,browsing
1568620139.536,356,150,None,Move,browsing
1568620139.545,356,141,None,Move,browsing
1568620139.552,356,129,None,Move,browsing
1568620139.561,355,111,None,Move,browsing
1568620139.569,355,83,None,Move,browsing
1568620139.577,355,53,None,Move,browsing
1568620139.582,355,26,None,Move,browsing
1568620139.593,355,10,None,Move,browsing
1568620139.6,355,-5,None,Move,browsing
1568620139.609,355,-8,None,Move,browsing
1568620139.615,354,-8,None,Move,browsing
1568620139.6220002,354,-3,None,Move,browsing
1568620139.63,353,-2,None,Move,browsing
1568620139.639,353,-2,None,Move,browsing
1568620139.647,353,-1,None,Move,browsing
1568620139.654,352,-1,None,Move,browsing
1568620139.663,352,0,None,Move,browsing
1568620139.718,352,0,Left,Pressed,browsing
1568620139.795,352,0,Left,Released,browsing
1568620139.873,352,0,None,Move,browsing
1568620139.885,349,3,None,Move,browsing
1568620139.8920002,345,9,None,Move,browsing
1568620139.9020002,341,16,None,Move,browsing
1568620139.908,337,24,None,Move,browsing
1568620139.918,331,34,None,Move,browsing
1568620139.927,323,45,None,Move,browsing
1568620139.935,312,57,None,Move,browsing
1568620139.9429998,297,72,None,Move,browsing
1568620139.948,282,90,None,Move,browsing
1568620139.959,267,105,None,Move,browsing
1568620139.967,246,126,None,Move,browsing
1568620139.972,230,141,None,Move,browsing
1568620139.981,215,157,None,Move,browsing
1568620139.9870002,199,172,None,Move,browsing
1568620139.9970002,186,187,None,Move,browsing
1568620140.0029998,175,197,None,Move,browsing
1568620140.01,170,204,None,Move,browsing
1568620140.021,166,210,None,Move,browsing
1568620140.029,162,217,None,Move,browsing
1568620140.0370002,161,220,None,Move,browsing
1568620140.043,161,224,None,Move,browsing
1568620140.051,161,227,None,Move,browsing
1568620140.059,160,230,None,Move,browsing
1568620140.0670002,159,233,None,Move,browsing
1568620140.075,158,235,None,Move,browsing
1568620140.082,155,237,None,Move,browsing
1568620140.089,154,238,None,Move,browsing
1568620140.099,153,238,None,Move,browsing
1568620140.107,151,239,None,Move,browsing
1568620140.113,149,239,None,Move,browsing
1568620140.119,147,240,None,Move,browsing
1568620140.129,144,241,None,Move,browsing
1568620140.1360002,142,242,None,Move,browsing
1568620140.145,141,243,None,Move,browsing
1568620140.153,139,243,None,Move,browsing
1568620140.161,138,243,None,Move,browsing
1568620140.181,137,243,None,Move,browsing
1568620140.199,137,243,None,Move,browsing
1568620140.221,136,243,None,Move,browsing
1568620140.236,132,243,None,Move,browsing
1568620140.246,130,243,None,Move,browsing
1568620140.2529998,126,240,None,Move,browsing
1568620140.2610002,124,238,None,Move,browsing
1568620140.269,121,236,None,Move,browsing
1568620140.2770002,119,231,None,Move,browsing
1568620140.283,118,229,None,Move,browsing
1568620140.293,118,225,None,Move,browsing
1568620140.301,118,222,None,Move,browsing
1568620140.309,118,220,None,Move,browsing
1568620140.314,119,217,None,Move,browsing
1568620140.325,121,213,None,Move,browsing
1568620140.331,122,211,None,Move,browsing
1568620140.339,123,210,None,Move,browsing
1568620140.347,124,207,None,Move,browsing
1568620140.355,124,206,None,Move,browsing
1568620140.363,124,206,None,Move,browsing
1568620140.371,124,204,None,Move,browsing
1568620140.399,124,203,None,Move,browsing
1568620140.441,124,203,None,Move,browsing
1568620140.45,126,204,None,Move,browsing
1568620140.456,132,207,None,Move,browsing
1568620140.465,139,209,None,Move,browsing
1568620140.47,147,212,None,Move,browsing
1568620140.475,160,213,None,Move,browsing
1568620140.486,171,214,None,Move,browsing
1568620140.4929998,186,214,None,Move,browsing
1568620140.5010002,196,214,None,Move,browsing
1568620140.5110002,208,214,None,Move,browsing
1568620140.518,219,213,None,Move,browsing
1568620140.5270002,227,213,None,Move,browsing
1568620140.535,233,212,None,Move,browsing
1568620140.541,236,212,None,Move,browsing
1568620140.548,240,212,None,Move,browsing
1568620140.554,241,212,None,Move,browsing
1568620140.565,241,212,None,Move,browsing
1568620140.57,242,212,None,Move,browsing
1568620140.586,243,212,None,Move,browsing
1568620140.6020002,243,213,None,Move,browsing
1568620140.627,244,213,None,Move,browsing
1568620140.643,245,213,None,Move,browsing
1568620140.665,246,213,None,Move,browsing
1568620140.679,247,213,None,Move,browsing
1568620140.704,249,213,None,Move,browsing
1568620140.7129998,250,213,None,Move,browsing
1568620140.719,251,213,None,Move,browsing
1568620140.729,252,213,None,Move,browsing
1568620140.734,252,213,None,Move,browsing
1568620140.7510002,253,212,None,Move,browsing
1568620140.764,254,211,None,Move,browsing
1568620140.774,255,209,None,Move,browsing
1568620140.783,255,206,None,Move,browsing
1568620140.789,255,203,None,Move,browsing
1568620140.799,256,199,None,Move,browsing
1568620140.805,256,196,None,Move,browsing
1568620140.815,257,194,None,Move,browsing
1568620140.821,258,194,None,Move,browsing
1568620140.829,258,193,None,Move,browsing
1568620140.833,258,192,None,Move,browsing
1568620140.845,259,191,None,Move,browsing
1568620140.853,259,191,None,Move,browsing
1568620140.905,259,191,Left,Pressed,browsing
1568620141.025,259,191,Left,Released,browsing
1568620141.149,260,191,None,Move,browsing
1568620141.163,260,192,None,Move,browsing
1568620141.173,269,193,None,Move,browsing
1568620141.181,278,196,None,Move,browsing
1568620141.187,291,198,None,Move,browsing
1568620141.195,305,198,None,Move,browsing
1568620141.202,320,198,None,Move,browsing
1568620141.209,333,198,None,Move,browsing
1568620141.217,345,198,None,Move,browsing
1568620141.2270002,351,198,None,Move,browsing
1568620141.2329998,356,198,None,Move,browsing
1568620141.2410002,358,198,None,Move,browsing
1568620141.2489998,358,198,None,Move,browsing
1568620141.28,358,197,None,Move,browsing
1568620141.296,357,196,None,Move,browsing
1568620141.305,356,195,None,Move,browsing
1568620141.313,355,195,None,Move,browsing
1568620141.319,354,195,None,Move,browsing
1568620141.329,354,194,None,Move,browsing
1568620141.335,353,194,None,Move,browsing
1568620141.353,352,194,None,Move,browsing
1568620141.375,352,193,None,Move,browsing
1568620141.39,350,192,None,Move,browsing
1568620141.4020002,349,192,None,Move,browsing
1568620141.414,344,191,None,Move,browsing
1568620141.419,340,191,None,Move,browsing
1568620141.43,333,189,None,Move,browsing
1568620141.437,329,188,None,Move,browsing
1568620141.445,323,186,None,Move,browsing
1568620141.4529998,316,184,None,Move,browsing
1568620141.458,313,182,None,Move,browsing
1568620141.466,311,181,None,Move,browsing
1568620141.472,306,178,None,Move,browsing
1568620141.481,306,178,None,Move,browsing
1568620141.4910002,304,175,None,Move,browsing
1568620141.4989998,303,174,None,Move,browsing
1568620141.504,302,172,None,Move,browsing
1568620141.515,302,171,None,Move,browsing
1568620141.522,300,168,None,Move,browsing
1568620141.531,300,168,None,Move,browsing
1568620141.535,299,167,None,Move,browsing
1568620141.545,299,166,None,Move,browsing
1568620141.553,298,165,None,Move,browsing
1568620141.561,297,165,None,Move,browsing
1568620141.577,297,164,None,Move,browsing
1568620141.656,296,164,None,Move,browsing
1568620141.746,295,164,None,Move,browsing
1568620141.795,294,163,None,Move,browsing
1568620141.811,293,162,None,Move,browsing
1568620141.816,293,161,None,Move,browsing
1568620141.833,293,160,None,Move,browsing
1568620141.847,293,160,Left,Pressed,browsing
1568620141.929,293,160,Left,Released,browsing
1568620141.9889998,293,160,None,Move,browsing
1568620142.0129998,293,161,None,Move,browsing
1568620142.035,293,162,None,Move,browsing
1568620142.048,293,162,None,Move,browsing
1568620142.073,295,164,None,Move,browsing
1568620142.081,301,166,None,Move,browsing
1568620142.091,308,171,None,Move,browsing
1568620142.099,317,176,None,Move,browsing
1568620142.107,328,183,None,Move,browsing
1568620142.113,342,188,None,Move,browsing
1568620142.121,359,195,None,Move,browsing
1568620142.129,382,204,None,Move,browsing
1568620142.137,409,212,None,Move,browsing
1568620142.145,440,222,None,Move,browsing
1568620142.153,472,231,None,Move,browsing
1568620142.16,504,239,None,Move,browsing
1568620142.168,539,248,None,Move,browsing
1568620142.178,572,257,None,Move,browsing
1568620142.1829998,604,265,None,Move,browsing
1568620142.191,637,274,None,Move,browsing
1568620142.197,664,282,None,Move,browsing
1568620142.208,690,293,None,Move,browsing
1568620142.215,712,302,None,Move,browsing
1568620142.2229998,730,310,None,Move,browsing
1568620142.229,750,319,None,Move,browsing
1568620142.2389998,761,324,None,Move,browsing
1568620142.246,776,332,None,Move,browsing
1568620142.2510002,786,337,None,Move,browsing
1568620142.2610002,800,344,None,Move,browsing
1568620142.269,813,351,None,Move,browsing
1568620142.2770002,824,357,None,Move,browsing
1568620142.282,839,366,None,Move,browsing
1568620142.292,852,373,None,Move,browsing
1568620142.301,865,380,None,Move,browsing
1568620142.309,878,387,None,Move,browsing
1568620142.3170002,896,395,None,Move,browsing
1568620142.323,909,402,None,Move,browsing
1568620142.329,927,410,None,Move,browsing
1568620142.339,939,415,None,Move,browsing
1568620142.346,951,420,None,Move,browsing
1568620142.355,958,422,None,Move,browsing
1568620142.363,964,424,None,Move,browsing
1568620142.3720002,968,425,None,Move,browsing
1568620142.379,971,425,None,Move,browsing
1568620142.387,972,425,None,Move,browsing
1568620142.39,972,425,None,Move,browsing
1568620142.417,973,425,None,Move,browsing
1568620142.4329998,974,425,None,Move,browsing
1568620142.455,974,425,None,Move,browsing
1568620142.464,974,420,None,Move,browsing
1568620142.471,974,417,None,Move,browsing
1568620142.478,974,413,None,Move,browsing
1568620142.4870002,973,408,None,Move,browsing
1568620142.492,972,404,None,Move,browsing
1568620142.5029998,970,394,None,Move,browsing
1568620142.5110002,968,386,None,Move,browsing
1568620142.519,968,378,None,Move,browsing
1568620142.525,966,367,None,Move,browsing
1568620142.53,966,354,None,Move,browsing
1568620142.541,966,340,None,Move,browsing
1568620142.549,971,318,None,Move,browsing
1568620142.556,977,301,None,Move,browsing
1568620142.564,984,290,None,Move,browsing
1568620142.569,993,278,None,Move,browsing
1568620142.58,1002,271,None,Move,browsing
1568620142.5879998,1009,266,None,Move,browsing
1568620142.596,1015,262,None,Move,browsing
1568620142.603,1021,259,None,Move,browsing
1568620142.611,1026,257,None,Move,browsing
1568620142.6160002,1028,256,None,Move,browsing
1568620142.6260002,1030,254,None,Move,browsing
1568620142.635,1033,254,None,Move,browsing
1568620142.643,1033,253,None,Move,browsing
1568620142.649,1036,253,None,Move,browsing
1568620142.656,1039,253,None,Move,browsing
1568620142.667,1043,253,None,Move,browsing
1568620142.671,1045,253,None,Move,browsing
1568620142.681,1049,252,None,Move,browsing
1568620142.688,1051,252,None,Move,browsing
1568620142.694,1055,251,None,Move,browsing
1568620142.705,1060,249,None,Move,browsing
1568620142.7129998,1064,247,None,Move,browsing
1568620142.721,1071,245,None,Move,browsing
1568620142.728,1076,243,None,Move,browsing
1568620142.736,1080,242,None,Move,browsing
1568620142.745,1084,240,None,Move,browsing
1568620142.7489998,1086,238,None,Move,browsing
1568620142.76,1088,236,None,Move,browsing
1568620142.766,1091,234,None,Move,browsing
1568620142.774,1091,232,None,Move,browsing
1568620142.783,1093,230,None,Move,browsing
1568620142.792,1094,228,None,Move,browsing
1568620142.796,1094,227,None,Move,browsing
1568620142.803,1094,224,None,Move,browsing
1568620142.814,1095,223,None,Move,browsing
1568620142.819,1095,223,None,Move,browsing
1568620142.829,1096,221,None,Move,browsing
1568620142.837,1096,221,None,Move,browsing
1568620142.845,1096,220,None,Move,browsing
1568620142.85,1096,219,None,Move,browsing
1568620142.861,1096,218,None,Move,browsing
1568620142.869,1096,217,None,Move,browsing
1568620142.875,1095,216,None,Move,browsing
1568620142.885,1093,215,None,Move,browsing
1568620142.8920002,1090,215,None,Move,browsing
1568620142.8979998,1086,215,None,Move,browsing
1568620142.908,1084,215,None,Move,browsing
1568620142.915,1084,215,None,Move,browsing
1568620142.923,1082,215,None,Move,browsing
1568620142.931,1080,215,None,Move,browsing
1568620142.939,1078,215,None,Move,browsing
1568620142.947,1077,215,None,Move,browsing
1568620142.9529998,1076,215,None,Move,browsing
1568620142.961,1074,216,None,Move,browsing
1568620142.968,1074,217,None,Move,browsing
1568620142.974,1071,218,None,Move,browsing
1568620142.9829998,1067,219,None,Move,browsing
1568620142.9929998,1061,220,None,Move,browsing
1568620142.9989998,1057,221,None,Move,browsing
1568620143.0089998,1053,221,None,Move,browsing
1568620143.0129998,1050,221,None,Move,browsing
1568620143.025,1047,221,None,Move,browsing
1568620143.029,1045,220,None,Move,browsing
1568620143.039,1045,220,None,Move,browsing
1568620143.0470002,1044,220,None,Move,browsing
1568620143.063,1043,218,None,Move,browsing
1568620143.071,1043,217,None,Move,browsing
1568620143.085,1043,216,None,Move,browsing
1568620143.095,1043,215,None,Move,browsing
1568620143.099,1043,214,None,Move,browsing
1568620143.109,1043,213,None,Move,browsing
1568620143.125,1043,213,None,Move,browsing
1568620143.139,1044,212,None,Move,browsing
1568620143.163,1045,211,None,Move,browsing
1568620143.176,1047,210,None,Move,browsing
1568620143.184,1048,210,None,Move,browsing
1568620143.195,1049,210,None,Move,browsing
1568620143.202,1050,210,None,Move,browsing
1568620143.211,1051,209,None,Move,browsing
1568620143.248,1051,209,Left,Pressed,browsing
1568620143.2489998,1051,209,None,Drag,browsing
1568620143.2489998,1051,209,Left,Released,browsing
1568620144.488,1051,208,None,Move,browsing
1568620144.5270002,1048,208,None,Move,browsing
1568620144.532,1031,210,None,Move,browsing
1568620144.539,1002,215,None,Move,browsing
1568620144.5470002,960,222,None,Move,browsing
1568620144.5570002,921,226,None,Move,browsing
1568620144.565,874,229,None,Move,browsing
1568620144.573,820,231,None,Move,browsing
1568620144.5779998,765,233,None,Move,browsing
1568620144.5879998,708,237,None,Move,browsing
1568620144.597,659,239,None,Move,browsing
1568620144.605,615,243,None,Move,browsing
1568620144.613,578,246,None,Move,browsing
1568620144.619,551,246,None,Move,browsing
1568620144.627,536,247,None,Move,browsing
1568620144.6320002,523,247,None,Move,browsing
1568620144.6420002,515,247,None,Move,browsing
1568620144.651,512,247,None,Move,browsing
1568620144.658,509,245,None,Move,browsing
1568620144.667,508,244,None,Move,browsing
1568620144.675,507,244,None,Move,browsing
1568620144.688,506,243,None,Move,browsing
1568620144.697,505,242,None,Move,browsing
1568620144.705,503,242,None,Move,browsing
1568620144.712,498,242,None,Move,browsing
1568620144.721,488,242,None,Move,browsing
1568620144.728,478,242,None,Move,browsing
1568620144.7370002,466,242,None,Move,browsing
1568620144.744,456,242,None,Move,browsing
1568620144.7529998,446,242,None,Move,browsing
1568620144.7589998,440,242,None,Move,browsing
1568620144.764,437,242,None,Move,browsing
1568620144.775,435,242,None,Move,browsing
1568620144.78,434,242,None,Move,browsing
1568620144.7870002,434,241,None,Move,browsing
1568620144.7970002,434,239,None,Move,browsing
1568620144.8070002,434,236,None,Move,browsing
1568620144.815,434,233,None,Move,browsing
1568620144.822,434,231,None,Move,browsing
1568620144.829,436,227,None,Move,browsing
1568620144.836,436,225,None,Move,browsing
1568620144.843,437,222,None,Move,browsing
1568620144.853,437,220,None,Move,browsing
1568620144.861,437,220,None,Move,browsing
1568620144.869,437,218,None,Move,browsing
1568620144.877,437,217,None,Move,browsing
1568620144.8920002,437,216,None,Move,browsing
1568620144.899,436,215,None,Move,browsing
1568620144.915,435,214,None,Move,browsing
1568620144.923,434,213,None,Move,browsing
1568620144.931,430,212,None,Move,browsing
1568620144.936,430,212,None,Move,browsing
1568620144.947,428,210,None,Move,browsing
1568620144.955,427,210,None,Move,browsing
1568620144.9629998,426,209,None,Move,browsing
1568620144.9770002,425,208,None,Move,browsing
1568620144.982,425,207,None,Move,browsing
1568620145.0010002,425,207,None,Move,browsing
1568620145.093,425,207,Left,Pressed,browsing
1568620145.093,425,207,None,Drag,browsing
1568620145.093,425,207,Left,Released,browsing
1568620145.194,426,208,None,Move,browsing
1568620145.2029998,427,209,None,Move,browsing
1568620145.211,429,210,None,Move,browsing
1568620145.218,431,211,None,Move,browsing
1568620145.2270002,431,211,None,Move,browsing
1568620145.235,433,212,None,Move,browsing
1568620145.2429998,434,212,None,Move,browsing
1568620145.2470002,434,212,None,Move,browsing
1568620145.265,435,212,None,Move,browsing
1568620145.29,436,213,None,Move,browsing
1568620145.305,437,213,None,Move,browsing
1568620145.327,438,214,None,Move,browsing
1568620145.343,439,214,None,Move,browsing
1568620145.359,440,214,None,Move,browsing
1568620145.377,440,214,None,Move,browsing
1568620145.9770002,440,214,None,Move,browsing
1568620146.004,440,214,None,Move,browsing
1568620146.021,440,213,None,Move,browsing
1568620146.043,440,212,None,Move,browsing
1568620146.059,440,211,None,Move,browsing
1568620146.0670002,440,210,None,Move,browsing
1568620146.08,440,209,None,Move,browsing
1568620146.107,440,209,None,Move,browsing
1568620146.2610002,441,209,None,Move,browsing
1568620146.274,442,209,None,Move,browsing
1568620146.301,442,209,None,Move,browsing
1568620146.3170002,442,210,None,Move,browsing
1568620146.339,442,210,None,Move,browsing
1568620146.395,442,211,None,Move,browsing
1568620146.417,442,211,None,Move,browsing
1568620146.4320002,442,212,None,Move,browsing
1568620146.457,442,212,None,Move,browsing
1568620146.649,442,213,None,Move,browsing
1568620146.6720002,445,221,None,Move,browsing
1568620146.6829998,448,228,None,Move,browsing
1568620146.689,452,237,None,Move,browsing
1568620146.695,459,248,None,Move,browsing
1568620146.702,464,262,None,Move,browsing
1568620146.7129998,473,280,None,Move,browsing
1568620146.721,482,303,None,Move,browsing
1568620146.729,491,328,None,Move,browsing
1568620146.7370002,502,354,None,Move,browsing
1568620146.745,512,379,None,Move,browsing
1568620146.7529998,521,399,None,Move,browsing
1568620146.76,530,424,None,Move,browsing
1568620146.7670002,539,447,None,Move,browsing
1568620146.775,548,470,None,Move,browsing
1568620146.783,553,486,None,Move,browsing
1568620146.791,558,500,None,Move,browsing
1568620146.799,562,511,None,Move,browsing
1568620146.8070002,565,517,None,Move,browsing
1568620146.815,569,523,None,Move,browsing
1568620146.823,572,527,None,Move,browsing
1568620146.831,575,529,None,Move,browsing
1568620146.836,578,530,None,Move,browsing
1568620146.845,582,531,None,Move,browsing
1568620146.853,586,531,None,Move,browsing
1568620146.859,589,531,None,Move,browsing
1568620146.8679998,593,533,None,Move,browsing
1568620146.877,598,535,None,Move,browsing
1568620146.881,601,538,None,Move,browsing
1568620146.893,603,539,None,Move,browsing
1568620146.901,606,541,None,Move,browsing
1568620146.907,607,542,None,Move,browsing
1568620146.914,609,545,None,Move,browsing
1568620146.921,610,546,None,Move,browsing
1568620146.93,613,551,None,Move,browsing
1568620146.939,614,553,None,Move,browsing
1568620146.947,615,553,None,Move,browsing
1568620146.952,615,554,None,Move,browsing
1568620146.971,615,554,None,Move,browsing
1568620146.984,617,556,None,Move,browsing
1568620146.998,618,556,None,Move,browsing
1568620147.033,618,557,None,Move,browsing
1568620147.046,618,559,None,Move,browsing
1568620147.055,618,560,None,Move,browsing
1568620147.063,617,561,None,Move,browsing
1568620147.071,616,561,None,Move,browsing
1568620147.087,616,563,None,Move,browsing
1568620147.103,616,563,None,Move,browsing
1568620147.115,615,564,None,Move,browsing
1568620147.141,615,564,None,Move,browsing
1568620147.158,613,565,None,Move,browsing
1568620147.178,611,567,None,Move,browsing
1568620147.187,610,568,None,Move,browsing
1568620147.195,607,569,None,Move,browsing
1568620147.202,604,570,None,Move,browsing
1568620147.208,603,570,None,Move,browsing
1568620147.217,599,572,None,Move,browsing
1568620147.226,596,573,None,Move,browsing
1568620147.235,594,574,None,Move,browsing
1568620147.24,591,575,None,Move,browsing
1568620147.2510002,587,577,None,Move,browsing
1568620147.255,585,578,None,Move,browsing
1568620147.264,582,581,None,Move,browsing
1568620147.2729998,581,581,None,Move,browsing
1568620147.281,579,584,None,Move,browsing
1568620147.286,575,589,None,Move,browsing
1568620147.2970002,573,592,None,Move,browsing
1568620147.306,573,596,None,Move,browsing
1568620147.313,572,601,None,Move,browsing
1568620147.321,572,604,None,Move,browsing
1568620147.329,572,608,None,Move,browsing
1568620147.335,572,612,None,Move,browsing
1568620147.343,572,614,None,Move,browsing
1568620147.351,572,616,None,Move,browsing
1568620147.359,572,617,None,Move,browsing
1568620147.367,572,619,None,Move,browsing
1568620147.375,572,620,None,Move,browsing
1568620147.383,572,620,None,Move,browsing
1568620147.391,572,621,None,Move,browsing
1568620147.405,572,622,None,Move,browsing
1568620147.4120002,572,624,None,Move,browsing
1568620147.421,572,625,None,Move,browsing
1568620147.434,572,625,None,Move,browsing
1568620147.445,572,626,None,Move,browsing
1568620147.562,572,626,None,Move,browsing
1568620147.577,572,626,None,Move,browsing
1568620147.59,570,626,None,Move,browsing
1568620147.617,569,626,None,Move,browsing
1568620147.639,569,626,None,Move,browsing
1568620147.653,568,628,None,Move,browsing
1568620147.668,567,633,None,Move,browsing
1568620147.678,567,637,None,Move,browsing
1568620147.685,566,642,None,Move,browsing
1568620147.6929998,566,646,None,Move,browsing
1568620147.701,566,652,None,Move,browsing
1568620147.712,566,661,None,Move,browsing
1568620147.717,566,670,None,Move,browsing
1568620147.725,566,679,None,Move,browsing
1568620147.7329998,567,690,None,Move,browsing
1568620147.7410002,567,701,None,Move,browsing
1568620147.7489998,567,710,None,Move,browsing
1568620147.7570002,567,723,None,Move,browsing
1568620147.765,566,735,None,Move,browsing
1568620147.77,564,750,None,Move,browsing
1568620147.778,562,764,None,Move,browsing
1568620147.7870002,558,777,None,Move,browsing
1568620147.795,555,793,None,Move,browsing
1568620147.802,553,805,None,Move,browsing
1568620147.811,552,814,None,Move,browsing
1568620147.819,550,825,None,Move,browsing
1568620147.826,550,831,None,Move,browsing
1568620147.835,550,834,None,Move,browsing
1568620147.841,550,838,None,Move,browsing
1568620147.845,549,840,None,Move,browsing
1568620147.857,549,840,None,Move,browsing
1568620147.865,549,841,None,Move,browsing
1568620147.873,549,841,None,Move,browsing
1568620147.881,548,843,None,Move,browsing
1568620147.897,548,843,None,Move,browsing
1568620147.91,548,844,None,Move,browsing
1568620147.935,548,845,None,Move,browsing
1568620147.951,548,846,None,Move,browsing
1568620147.967,548,848,None,Move,browsing
1568620147.975,548,850,None,Move,browsing
1568620147.981,548,851,None,Move,browsing
1568620147.9889998,548,852,None,Move,browsing
1568620147.995,548,854,None,Move,browsing
1568620148.002,548,855,None,Move,browsing
1568620148.0129998,548,858,None,Move,browsing
1568620148.019,548,860,None,Move,browsing
1568620148.029,548,861,None,Move,browsing
1568620148.0370002,548,863,None,Move,browsing
1568620148.042,548,866,None,Move,browsing
1568620148.052,548,868,None,Move,browsing
1568620148.059,548,871,None,Move,browsing
1568620148.0670002,548,875,None,Move,browsing
1568620148.074,548,877,None,Move,browsing
1568620148.083,548,881,None,Move,browsing
1568620148.091,548,884,None,Move,browsing
1568620148.096,548,886,None,Move,browsing
1568620148.107,548,888,None,Move,browsing
1568620148.115,548,890,None,Move,browsing
1568620148.119,548,891,None,Move,browsing
1568620148.1260002,548,892,None,Move,browsing
1568620148.135,548,892,None,Move,browsing
1568620148.153,548,894,None,Move,browsing
1568620148.206,548,894,None,Move,browsing
1568620148.22,548,887,None,Move,browsing
1568620148.231,548,880,None,Move,browsing
1568620148.2370002,548,875,None,Move,browsing
1568620148.2470002,548,869,None,Move,browsing
1568620148.2529998,552,860,None,Move,browsing
1568620148.2629998,554,849,None,Move,browsing
1568620148.268,557,840,None,Move,browsing
1568620148.2770002,559,826,None,Move,browsing
1568620148.285,560,816,None,Move,browsing
1568620148.293,563,801,None,Move,browsing
1568620148.301,564,781,None,Move,browsing
1568620148.3079998,566,750,None,Move,browsing
1568620148.316,566,718,None,Move,browsing
1568620148.325,566,690,None,Move,browsing
1568620148.333,565,668,None,Move,browsing
1568620148.339,564,657,None,Move,browsing
1568620148.347,563,646,None,Move,browsing
1568620148.353,562,639,None,Move,browsing
1568620148.363,562,635,None,Move,browsing
1568620148.37,562,631,None,Move,browsing
1568620148.3760002,562,627,None,Move,browsing
1568620148.387,562,624,None,Move,browsing
1568620148.395,561,622,None,Move,browsing
1568620148.403,561,620,None,Move,browsing
1568620148.409,559,617,None,Move,browsing
1568620148.417,558,616,None,Move,browsing
1568620148.425,557,614,None,Move,browsing
1568620148.4329998,556,613,None,Move,browsing
1568620148.447,556,613,None,Move,browsing
1568620148.457,554,611,None,Move,browsing
1568620148.472,553,609,None,Move,browsing
1568620148.479,551,606,None,Move,browsing
1568620148.4870002,551,605,None,Move,browsing
1568620148.495,550,603,None,Move,browsing
1568620148.5029998,549,602,None,Move,browsing
1568620148.5110002,549,602,None,Move,browsing
1568620148.519,548,601,None,Move,browsing
1568620148.533,548,601,None,Move,browsing
1568620148.5570002,547,601,None,Move,browsing
1568620148.573,547,601,None,Move,browsing
1568620148.589,544,603,None,Move,browsing
1568620148.597,543,604,None,Move,browsing
1568620148.603,542,606,None,Move,browsing
1568620148.6120002,540,607,None,Move,browsing
1568620148.619,538,610,None,Move,browsing
1568620148.627,537,611,None,Move,browsing
1568620148.6320002,535,614,None,Move,browsing
1568620148.643,533,616,None,Move,browsing
1568620148.649,532,617,None,Move,browsing
1568620148.658,531,617,None,Move,browsing
1568620148.675,531,618,None,Move,browsing
1568620148.691,530,618,None,Move,browsing
1568620148.705,530,619,None,Move,browsing
1568620148.729,530,620,None,Move,browsing
1568620148.745,529,622,None,Move,browsing
1568620148.7610002,528,623,None,Move,browsing
1568620148.7670002,528,624,None,Move,browsing
1568620148.783,528,625,None,Move,browsing
1568620148.788,528,626,None,Move,browsing
1568620148.8070002,528,627,None,Move,browsing
1568620148.815,528,629,None,Move,browsing
1568620148.82,528,630,None,Move,browsing
1568620148.831,527,631,None,Move,browsing
1568620148.837,526,633,None,Move,browsing
1568620148.845,526,635,None,Move,browsing
1568620148.851,525,636,None,Move,browsing
1568620148.8579998,524,638,None,Move,browsing
1568620148.869,524,639,None,Move,browsing
1568620148.875,523,640,None,Move,browsing
1568620148.885,523,641,None,Move,browsing
1568620148.893,522,642,None,Move,browsing
1568620148.901,522,643,None,Move,browsing
1568620148.907,522,644,None,Move,browsing
1568620148.915,522,645,None,Move,browsing
1568620148.921,522,646,None,Move,browsing
1568620148.931,522,647,None,Move,browsing
1568620148.947,522,647,None,Move,browsing
1568620148.9629998,522,648,None,Move,browsing
