client_timestamp,x,y,button,state,window
1571312262.0470002,2891,576,None,Move,browsing
1571312262.063,2892,576,None,Move,browsing
1571312262.071,2893,575,None,Move,browsing
1571312262.095,2893,575,None,Move,browsing
1571312262.1120002,2895,575,None,Move,browsing
1571312262.133,2895,574,None,Move,browsing
1571312262.157,2901,573,None,Move,browsing
1571312262.165,2905,573,None,Move,browsing
1571312262.173,2909,573,None,Move,browsing
1571312262.1820002,2913,573,None,Move,browsing
1571312262.19,2915,572,None,Move,browsing
1571312262.195,2920,571,None,Move,browsing
1571312262.204,2922,571,None,Move,browsing
1571312262.212,2923,571,None,Move,browsing
1571312262.219,2923,570,None,Move,browsing
1571312262.2270002,2924,570,None,Move,browsing
1571312262.2429998,2925,570,None,Move,browsing
1571312262.305,2925,570,None,Move,browsing
1571312262.322,2928,570,None,Move,browsing
1571312262.33,2931,570,None,Move,browsing
1571312262.336,2933,570,None,Move,browsing
1571312262.344,2936,570,None,Move,browsing
1571312262.351,2940,570,None,Move,browsing
1571312262.359,2945,570,None,Move,browsing
1571312262.367,2951,570,None,Move,browsing
1571312262.375,2959,570,None,Move,browsing
1571312262.383,2968,571,None,Move,browsing
1571312262.391,2978,573,None,Move,browsing
1571312262.399,2987,573,None,Move,browsing
1571312262.405,2995,574,None,Move,browsing
1571312262.413,3006,575,None,Move,browsing
1571312262.421,3014,576,None,Move,browsing
1571312262.429,3025,577,None,Move,browsing
1571312262.437,3036,578,None,Move,browsing
1571312262.445,3049,579,None,Move,browsing
1571312262.4529998,3061,580,None,Move,browsing
1571312262.461,3076,581,None,Move,browsing
1571312262.469,3094,582,None,Move,browsing
1571312262.4770002,3111,584,None,Move,browsing
1571312262.4829998,3133,584,None,Move,browsing
1571312262.4910002,3153,585,None,Move,browsing
1571312262.4989998,3175,585,None,Move,browsing
1571312262.5070002,3194,585,None,Move,browsing
1571312262.515,3211,585,None,Move,browsing
1571312262.5229998,3225,585,None,Move,browsing
1571312262.531,3236,585,None,Move,browsing
1571312262.539,3248,585,None,Move,browsing
1571312262.5470002,3256,585,None,Move,browsing
1571312262.553,3264,585,None,Move,browsing
1571312262.561,3267,585,None,Move,browsing
1571312262.569,3268,585,None,Move,browsing
1571312262.577,3269,585,None,Move,browsing
1571312262.585,3270,585,None,Move,browsing
1571312262.593,3270,583,None,Move,browsing
1571312262.601,3270,583,None,Move,browsing
1571312262.609,3266,582,None,Move,browsing
1571312262.617,3261,580,None,Move,browsing
1571312262.623,3255,578,None,Move,browsing
1571312262.6320002,3251,576,None,Move,browsing
1571312262.6420002,3245,574,None,Move,browsing
1571312262.647,3240,573,None,Move,browsing
1571312262.655,3237,571,None,Move,browsing
1571312262.663,3233,569,None,Move,browsing
1571312262.671,3228,567,None,Move,browsing
1571312262.679,3226,567,None,Move,browsing
1571312262.687,3224,565,None,Move,browsing
1571312262.694,3222,564,None,Move,browsing
1571312262.701,3220,564,None,Move,browsing
1571312262.709,3220,563,None,Move,browsing
1571312262.717,3219,563,None,Move,browsing
1571312262.725,3218,563,None,Move,browsing
1571312262.7410002,3218,561,None,Move,browsing
1571312326.677,3220,561,None,Move,browsing
1571312326.6920002,3220,561,None,Move,browsing
1571312326.7,3221,561,None,Move,browsing
1571312326.708,3221,561,None,Move,browsing
1571312326.716,3220,563,None,Move,browsing
1571312326.724,3219,564,None,Move,browsing
1571312326.731,3215,567,None,Move,browsing
1571312326.74,3210,572,None,Move,browsing
1571312326.748,3208,574,None,Move,browsing
1571312326.755,3202,581,None,Move,browsing
1571312326.7610002,3198,586,None,Move,browsing
1571312326.769,3194,592,None,Move,browsing
1571312326.7770002,3189,600,None,Move,browsing
1571312326.785,3182,607,None,Move,browsing
1571312326.793,3175,614,None,Move,browsing
1571312326.801,3163,622,None,Move,browsing
1571312326.809,3152,628,None,Move,browsing
1571312326.8170002,3132,636,None,Move,browsing
1571312326.825,3116,640,None,Move,browsing
1571312326.831,3096,642,None,Move,browsing
1571312326.839,3074,642,None,Move,browsing
1571312326.847,3055,642,None,Move,browsing
1571312326.855,3040,642,None,Move,browsing
1571312326.863,3027,641,None,Move,browsing
1571312326.8720002,3017,638,None,Move,browsing
1571312326.879,3009,636,None,Move,browsing
1571312326.887,3000,633,None,Move,browsing
1571312326.895,2996,630,None,Move,browsing
1571312326.901,2994,628,None,Move,browsing
1571312326.909,2993,628,None,Move,browsing
1571312326.919,2991,626,None,Move,browsing
1571312326.925,2991,624,None,Move,browsing
1571312326.9329998,2991,621,None,Move,browsing
1571312326.9420002,2990,619,None,Move,browsing
1571312326.949,2989,616,None,Move,browsing
1571312326.957,2988,614,None,Move,browsing
1571312326.965,2986,611,None,Move,browsing
1571312326.971,2979,605,None,Move,browsing
1571312326.979,2969,601,None,Move,browsing
1571312326.9870002,2958,596,None,Move,browsing
1571312326.995,2942,591,None,Move,browsing
1571312327.004,2929,588,None,Move,browsing
1571312327.012,2917,586,None,Move,browsing
1571312327.019,2907,583,None,Move,browsing
1571312327.0270002,2899,582,None,Move,browsing
1571312327.035,2896,581,None,Move,browsing
1571312327.041,2896,580,None,Move,browsing
1571312327.049,2895,580,None,Move,browsing
1571312327.065,2895,580,None,Move,browsing
1571312327.089,2895,577,None,Move,browsing
1571312327.097,2895,576,None,Move,browsing
1571312327.106,2895,574,None,Move,browsing
1571312327.113,2896,572,None,Move,browsing
1571312327.119,2896,572,None,Move,browsing
1571312327.127,2896,571,None,Move,browsing
1571312327.135,2896,571,None,Move,browsing
1571312327.197,2898,569,None,Move,browsing
1571312327.214,2901,569,None,Move,browsing
1571312327.221,2904,569,None,Move,browsing
1571312327.229,2904,569,None,Move,browsing
1571312327.2370002,2907,568,None,Move,browsing
1571312327.245,2907,568,None,Move,browsing
1571312327.254,2910,568,None,Move,browsing
1571312327.26,2911,567,None,Move,browsing
1571312327.268,2912,567,None,Move,browsing
1571312327.276,2915,567,None,Move,browsing
1571312327.283,2916,567,None,Move,browsing
1571312327.293,2917,566,None,Move,browsing
1571312327.299,2919,565,None,Move,browsing
1571312327.3070002,2919,565,None,Move,browsing
1571312327.323,2921,564,None,Move,browsing
1571312327.337,2922,563,None,Move,browsing
1571312327.353,2923,563,None,Move,browsing
1571312327.369,2924,561,None,Move,browsing
1571312327.385,2925,560,None,Move,browsing
1571312327.5010002,2925,560,Left,Pressed,browsing
1571312327.5010002,2925,560,None,Drag,browsing
1571312327.5010002,2925,560,Left,Released,browsing
1571312327.7729998,2926,561,None,Move,browsing
1571312327.781,2931,566,None,Move,browsing
1571312327.789,2939,571,None,Move,browsing
1571312327.7970002,2950,578,None,Move,browsing
1571312327.805,2968,584,None,Move,browsing
1571312327.814,2990,593,None,Move,browsing
1571312327.822,3018,601,None,Move,browsing
1571312327.829,3049,606,None,Move,browsing
1571312327.835,3088,610,None,Move,browsing
1571312327.843,3127,611,None,Move,browsing
1571312327.851,3165,611,None,Move,browsing
1571312327.859,3200,611,None,Move,browsing
1571312327.867,3224,611,None,Move,browsing
1571312327.8760002,3252,611,None,Move,browsing
1571312327.883,3268,608,None,Move,browsing
1571312327.891,3280,606,None,Move,browsing
1571312327.899,3289,604,None,Move,browsing
1571312327.905,3295,601,None,Move,browsing
1571312327.913,3300,598,None,Move,browsing
1571312327.921,3301,597,None,Move,browsing
1571312327.929,3302,595,None,Move,browsing
1571312327.937,3302,592,None,Move,browsing
1571312327.945,3302,589,None,Move,browsing
1571312327.9529998,3302,586,None,Move,browsing
1571312327.961,3300,582,None,Move,browsing
1571312327.97,3298,578,None,Move,browsing
1571312327.975,3294,573,None,Move,browsing
1571312327.984,3293,571,None,Move,browsing
1571312327.9910002,3291,569,None,Move,browsing
1571312369.219,3256,594,None,Move,browsing
1571312369.2270002,3216,623,None,Move,browsing
1571312369.235,3183,643,None,Move,browsing
1571312369.2429998,3151,663,None,Move,browsing
1571312369.2510002,3128,675,None,Move,browsing
1571312369.2589998,3110,684,None,Move,browsing
1571312369.2670002,3099,688,None,Move,browsing
1571312369.275,3088,690,None,Move,browsing
1571312369.283,3082,692,None,Move,browsing
1571312369.292,3074,693,None,Move,browsing
1571312369.298,3073,694,None,Move,browsing
1571312369.305,3071,694,None,Move,browsing
1571312369.313,3070,694,None,Move,browsing
1571312369.367,3069,684,None,Move,browsing
1571312369.375,3067,672,None,Move,browsing
1571312369.383,3060,654,None,Move,browsing
1571312369.391,3051,638,None,Move,browsing
1571312369.399,3034,616,None,Move,browsing
1571312369.407,3013,597,None,Move,browsing
1571312369.415,2993,580,None,Move,browsing
1571312369.424,2969,565,None,Move,browsing
1571312369.43,2944,547,None,Move,browsing
1571312369.438,2916,525,None,Move,browsing
1571312369.446,2885,497,None,Move,browsing
1571312369.454,2854,468,None,Move,browsing
1571312369.461,2810,432,None,Move,browsing
1571312369.469,2768,398,None,Move,browsing
1571312369.4770002,2719,363,None,Move,browsing
1571312369.485,2670,329,None,Move,browsing
1571312369.494,2623,303,None,Move,browsing
1571312369.5,2578,279,None,Move,browsing
1571312369.508,2544,265,None,Move,browsing
1571312369.515,2521,254,None,Move,browsing
1571312369.5229998,2505,247,None,Move,browsing
1571312369.532,2496,242,None,Move,browsing
1571312369.539,2492,240,None,Move,browsing
1571312369.5470002,2492,239,None,Move,browsing
1571312369.555,2491,239,None,Move,browsing
1571312369.563,2490,237,None,Move,browsing
1571312369.593,2489,243,None,Move,browsing
1571312369.601,2488,250,None,Move,browsing
1571312369.61,2488,256,None,Move,browsing
1571312369.617,2488,266,None,Move,browsing
1571312369.6260002,2488,274,None,Move,browsing
1571312369.633,2488,279,None,Move,browsing
1571312369.6420002,2486,285,None,Move,browsing
1571312369.647,2484,289,None,Move,browsing
1571312369.656,2482,295,None,Move,browsing
1571312369.664,2482,297,None,Move,browsing
1571312369.671,2482,301,None,Move,browsing
1571312369.679,2482,307,None,Move,browsing
1571312369.687,2482,312,None,Move,browsing
1571312369.695,2484,317,None,Move,browsing
1571312369.7029998,2487,324,None,Move,browsing
1571312369.712,2490,329,None,Move,browsing
1571312369.717,2493,335,None,Move,browsing
1571312369.725,2495,339,None,Move,browsing
1571312369.734,2496,341,None,Move,browsing
1571312369.742,2497,344,None,Move,browsing
1571312369.7489998,2497,347,None,Move,browsing
1571312369.7570002,2497,349,None,Move,browsing
1571312369.765,2497,352,None,Move,browsing
1571312369.7729998,2497,353,None,Move,browsing
1571312369.781,2497,355,None,Move,browsing
1571312369.789,2497,356,None,Move,browsing
1571312369.795,2496,358,None,Move,browsing
1571312369.803,2496,359,None,Move,browsing
1571312369.819,2496,363,None,Move,browsing
1571312369.827,2497,366,None,Move,browsing
1571312369.835,2497,370,None,Move,browsing
1571312369.844,2497,375,None,Move,browsing
1571312369.851,2497,379,None,Move,browsing
1571312369.859,2497,383,None,Move,browsing
1571312369.865,2496,387,None,Move,browsing
1571312369.873,2495,394,None,Move,browsing
1571312369.881,2494,402,None,Move,browsing
1571312369.889,2494,410,None,Move,browsing
1571312369.897,2493,421,None,Move,browsing
1571312369.905,2493,432,None,Move,browsing
1571312369.913,2492,437,None,Move,browsing
1571312369.921,2490,443,None,Move,browsing
1571312369.929,2490,446,None,Move,browsing
1571312369.935,2487,451,None,Move,browsing
1571312369.9429998,2486,453,None,Move,browsing
1571312369.951,2485,455,None,Move,browsing
1571312369.959,2485,456,None,Move,browsing
1571312369.976,2485,456,None,Move,browsing
1571312369.984,2485,457,None,Move,browsing
1571312370.0070002,2485,458,None,Move,browsing
1571312370.021,2485,458,None,Move,browsing
1571312370.045,2485,458,None,Move,browsing
1571312370.062,2485,458,None,Move,browsing
1571312370.083,2487,458,None,Move,browsing
1571312370.1,2490,461,None,Move,browsing
1571312370.107,2491,463,None,Move,browsing
1571312370.115,2492,463,None,Move,browsing
1571312370.123,2492,464,None,Move,browsing
1571312370.139,2493,464,None,Move,browsing
1571312370.153,2493,464,None,Move,browsing
1571312370.17,2494,464,None,Move,browsing
1571312370.1929998,2494,465,None,Move,browsing
1571312370.209,2494,465,None,Move,browsing
1571312370.2470002,2495,465,None,Move,browsing
1571312370.271,2497,465,None,Move,browsing
1571312370.279,2498,465,None,Move,browsing
1571312370.309,2499,465,None,Move,browsing
1571312370.35,2499,464,None,Move,browsing
1571312370.3720002,2499,464,None,Move,browsing
1571312370.42,2499,464,Left,Pressed,browsing
1571312370.512,2499,464,Left,Released,browsing
1571312370.7610002,2500,462,None,Move,browsing
1571312370.785,2501,462,None,Move,browsing
1571312370.799,2501,461,None,Move,browsing
1571312370.824,2502,460,None,Move,browsing
1571312370.84,2503,460,None,Move,browsing
1571312370.863,2503,459,None,Move,browsing
1571312370.988,2503,459,Left,Pressed,browsing
1571312371.111,2503,459,Left,Released,browsing
1571312371.369,2503,459,None,Move,browsing
1571312371.383,2502,460,None,Move,browsing
1571312371.423,2502,461,None,Move,browsing
1571312371.439,2509,462,None,Move,browsing
1571312371.445,2521,463,None,Move,browsing
1571312371.4529998,2535,464,None,Move,browsing
1571312371.462,2544,464,None,Move,browsing
1571312371.47,2553,464,None,Move,browsing
1571312371.4770002,2564,465,None,Move,browsing
1571312371.485,2571,465,None,Move,browsing
1571312371.4929998,2577,465,None,Move,browsing
1571312371.502,2580,465,None,Move,browsing
1571312371.51,2583,465,None,Move,browsing
1571312371.515,2583,465,None,Move,browsing
1571312371.5229998,2584,465,None,Move,browsing
1571312371.75,2584,465,None,Move,browsing
1571312371.774,2591,465,None,Move,browsing
1571312371.781,2595,465,None,Move,browsing
1571312371.789,2599,465,None,Move,browsing
1571312371.798,2604,465,None,Move,browsing
1571312371.806,2608,465,None,Move,browsing
1571312371.811,2612,465,None,Move,browsing
1571312371.82,2619,465,None,Move,browsing
1571312371.827,2623,465,None,Move,browsing
1571312371.835,2626,465,None,Move,browsing
1571312371.843,2630,466,None,Move,browsing
1571312371.851,2633,467,None,Move,browsing
1571312371.859,2635,468,None,Move,browsing
1571312371.867,2638,468,None,Move,browsing
1571312371.875,2640,471,None,Move,browsing
1571312371.881,2641,471,None,Move,browsing
1571312371.89,2643,473,None,Move,browsing
1571312371.897,2646,477,None,Move,browsing
1571312371.905,2646,477,None,Move,browsing
1571312371.914,2648,480,None,Move,browsing
1571312371.9220002,2648,481,None,Move,browsing
1571312371.93,2650,484,None,Move,browsing
1571312371.937,2650,486,None,Move,browsing
1571312371.9429998,2650,487,None,Move,browsing
1571312371.951,2651,489,None,Move,browsing
1571312371.959,2651,492,None,Move,browsing
1571312371.967,2651,494,None,Move,browsing
1571312371.975,2651,497,None,Move,browsing
1571312371.9829998,2651,501,None,Move,browsing
1571312371.9910002,2651,503,None,Move,browsing
1571312371.9989998,2651,508,None,Move,browsing
1571312372.0070002,2650,510,None,Move,browsing
1571312372.016,2650,512,None,Move,browsing
1571312372.021,2650,514,None,Move,browsing
1571312372.029,2648,516,None,Move,browsing
1571312372.0370002,2648,517,None,Move,browsing
1571312372.046,2648,518,None,Move,browsing
1571312372.054,2647,518,None,Move,browsing
1571312372.069,2646,519,None,Move,browsing
1571312372.093,2645,519,None,Move,browsing
1571312372.107,2642,517,None,Move,browsing
1571312372.115,2638,514,None,Move,browsing
1571312372.123,2632,510,None,Move,browsing
1571312372.1320002,2626,507,None,Move,browsing
1571312372.139,2617,502,None,Move,browsing
1571312372.147,2607,498,None,Move,browsing
1571312372.155,2593,493,None,Move,browsing
1571312372.161,2583,490,None,Move,browsing
1571312372.169,2573,489,None,Move,browsing
1571312372.177,2563,488,None,Move,browsing
1571312372.185,2555,488,None,Move,browsing
1571312372.1929998,2547,488,None,Move,browsing
1571312372.201,2539,487,None,Move,browsing
1571312372.21,2532,487,None,Move,browsing
1571312372.218,2527,487,None,Move,browsing
1571312372.226,2524,486,None,Move,browsing
1571312372.234,2522,486,None,Move,browsing
1571312372.2389998,2521,486,None,Move,browsing
1571312372.248,2521,486,None,Move,browsing
1571312372.256,2520,485,None,Move,browsing
1571312372.264,2519,484,None,Move,browsing
1571312372.2870002,2518,483,None,Move,browsing
1571312372.303,2517,482,None,Move,browsing
1571312372.309,2517,480,None,Move,browsing
1571312372.325,2516,479,None,Move,browsing
1571312372.333,2514,477,None,Move,browsing
1571312372.341,2514,475,None,Move,browsing
1571312372.349,2512,474,None,Move,browsing
1571312372.357,2512,473,None,Move,browsing
1571312372.373,2511,472,None,Move,browsing
1571312372.387,2510,471,None,Move,browsing
1571312372.404,2510,469,None,Move,browsing
1571312372.419,2508,468,None,Move,browsing
1571312372.427,2507,467,None,Move,browsing
1571312372.435,2506,466,None,Move,browsing
1571312372.444,2505,465,None,Move,browsing
1571312372.45,2504,465,None,Move,browsing
1571312372.465,2504,465,None,Move,browsing
1571312372.605,2503,464,None,Move,browsing
1571312372.629,2503,464,None,Move,browsing
1571312372.684,2503,463,Left,Pressed,browsing
1571312372.684,2503,463,None,Drag,browsing
1571312372.708,2503,463,None,Drag,browsing
1571312372.708,2503,463,Left,Released,browsing
1571312372.823,2503,463,None,Move,browsing
1571312372.839,2504,466,None,Move,browsing
1571312372.847,2508,468,None,Move,browsing
1571312372.856,2517,472,None,Move,browsing
1571312372.8639998,2526,476,None,Move,browsing
1571312372.8720002,2542,480,None,Move,browsing
1571312372.879,2574,489,None,Move,browsing
1571312372.885,2620,500,None,Move,browsing
1571312372.893,2672,518,None,Move,browsing
1571312372.901,2724,534,None,Move,browsing
1571312372.91,2780,550,None,Move,browsing
1571312372.917,2816,561,None,Move,browsing
1571312373.159,2816,561,None,Move,browsing
1571312373.167,2814,561,None,Move,browsing
1571312373.173,2812,561,None,Move,browsing
1571312373.181,2809,561,None,Move,browsing
1571312373.189,2807,561,None,Move,browsing
1571312373.197,2806,561,None,Move,browsing
1571312373.205,2805,561,None,Move,browsing
1571312373.214,2803,561,None,Move,browsing
1571312373.221,2802,561,None,Move,browsing
1571312373.229,2799,560,None,Move,browsing
1571312373.238,2798,560,None,Move,browsing
1571312373.244,2798,560,None,Move,browsing
1571312373.252,2795,560,None,Move,browsing
1571312373.26,2794,560,None,Move,browsing
1571312373.2670002,2791,559,None,Move,browsing
1571312373.275,2788,559,None,Move,browsing
1571312373.283,2786,559,None,Move,browsing
1571312373.291,2783,558,None,Move,browsing
1571312373.299,2782,558,None,Move,browsing
1571312373.3070002,2781,558,None,Move,browsing
1571312373.532,2781,559,None,Move,browsing
1571312373.54,2781,561,None,Move,browsing
1571312373.548,2781,562,None,Move,browsing
1571312373.556,2781,563,None,Move,browsing
1571312373.571,2781,563,None,Move,browsing
1571312373.587,2782,564,None,Move,browsing
1571312373.596,2782,565,None,Move,browsing
1571312373.61,2783,566,None,Move,browsing
1571312373.625,2784,568,None,Move,browsing
1571312373.6420002,2786,570,None,Move,browsing
1571312373.649,2787,571,None,Move,browsing
1571312373.657,2789,572,None,Move,browsing
1571312373.665,2790,573,None,Move,browsing
1571312373.673,2791,574,None,Move,browsing
1571312373.679,2792,575,None,Move,browsing
1571312373.687,2794,575,None,Move,browsing
1571312373.695,2796,576,None,Move,browsing
1571312373.7029998,2796,576,None,Move,browsing
1571312373.712,2797,577,None,Move,browsing
1571312373.72,2799,577,None,Move,browsing
1571312373.728,2802,577,None,Move,browsing
1571312373.736,2802,577,None,Move,browsing
1571312373.7410002,2805,577,None,Move,browsing
1571312373.7489998,2805,577,None,Move,browsing
1571312373.7570002,2807,577,None,Move,browsing
1571312373.765,2809,577,None,Move,browsing
1571312373.7729998,2809,577,None,Move,browsing
1571312373.782,2812,576,None,Move,browsing
1571312373.789,2812,576,None,Move,browsing
1571312373.7970002,2813,575,None,Move,browsing
1571312373.814,2814,574,None,Move,browsing
1571312373.819,2814,573,None,Move,browsing
1571312373.8279998,2815,571,None,Move,browsing
1571312373.835,2816,571,None,Move,browsing
1571312373.843,2816,569,None,Move,browsing
1571312373.8520002,2816,568,None,Move,browsing
1571312373.86,2816,567,None,Move,browsing
1571312373.8679998,2816,565,None,Move,browsing
1571312373.8760002,2816,564,None,Move,browsing
1571312373.883,2816,562,None,Move,browsing
1571312373.889,2816,560,None,Move,browsing
1571312373.897,2816,559,None,Move,browsing
1571312373.905,2816,557,None,Move,browsing
1571312373.913,2816,554,None,Move,browsing
1571312373.921,2814,551,None,Move,browsing
1571312373.929,2813,549,None,Move,browsing
1571312373.937,2812,547,None,Move,browsing
1571312373.946,2810,545,None,Move,browsing
1571312373.954,2810,543,None,Move,browsing
1571312373.96,2809,543,None,Move,browsing
1571312373.967,2808,540,None,Move,browsing
1571312373.975,2806,539,None,Move,browsing
1571312373.9829998,2806,538,None,Move,browsing
1571312373.992,2805,537,None,Move,browsing
1571312374.0,2805,536,None,Move,browsing
1571312374.008,2803,536,None,Move,browsing
1571312374.0229998,2802,534,None,Move,browsing
1571312374.029,2801,533,None,Move,browsing
1571312374.0370002,2800,533,None,Move,browsing
1571312374.045,2798,531,None,Move,browsing
1571312374.053,2797,531,None,Move,browsing
1571312374.062,2796,530,None,Move,browsing
1571312374.069,2794,529,None,Move,browsing
1571312374.077,2792,527,None,Move,browsing
1571312374.086,2790,526,None,Move,browsing
1571312374.094,2786,524,None,Move,browsing
1571312374.1020002,2784,522,None,Move,browsing
1571312374.1079998,2784,522,None,Move,browsing
1571312374.115,2781,521,None,Move,browsing
1571312374.123,2779,518,None,Move,browsing
1571312374.131,2778,518,None,Move,browsing
1571312374.139,2777,516,None,Move,browsing
1571312374.147,2776,516,None,Move,browsing
1571312374.156,2775,514,None,Move,browsing
1571312374.163,2774,513,None,Move,browsing
1571312374.171,2772,510,None,Move,browsing
1571312374.178,2770,506,None,Move,browsing
1571312374.185,2768,504,None,Move,browsing
1571312374.1929998,2767,502,None,Move,browsing
1571312374.201,2765,499,None,Move,browsing
1571312374.209,2761,494,None,Move,browsing
1571312374.218,2758,489,None,Move,browsing
1571312374.226,2756,484,None,Move,browsing
1571312374.234,2752,477,None,Move,browsing
1571312374.242,2746,470,None,Move,browsing
1571312374.248,2741,462,None,Move,browsing
1571312374.256,2734,454,None,Move,browsing
1571312374.264,2727,445,None,Move,browsing
1571312374.272,2720,436,None,Move,browsing
1571312374.28,2715,430,None,Move,browsing
1571312374.2870002,2710,425,None,Move,browsing
1571312374.295,2704,419,None,Move,browsing
1571312374.303,2699,414,None,Move,browsing
1571312374.311,2694,410,None,Move,browsing
1571312374.3170002,2690,407,None,Move,browsing
1571312374.325,2685,404,None,Move,browsing
1571312374.333,2681,401,None,Move,browsing
1571312374.341,2674,399,None,Move,browsing
1571312374.349,2670,397,None,Move,browsing
1571312374.357,2663,397,None,Move,browsing
1571312374.3660002,2656,397,None,Move,browsing
1571312374.373,2650,397,None,Move,browsing
1571312374.381,2641,399,None,Move,browsing
1571312374.387,2632,401,None,Move,browsing
1571312374.395,2623,405,None,Move,browsing
1571312374.403,2615,409,None,Move,browsing
1571312374.4120002,2606,414,None,Move,browsing
1571312374.42,2600,419,None,Move,browsing
1571312374.428,2593,425,None,Move,browsing
1571312374.435,2584,431,None,Move,browsing
1571312374.4429998,2579,434,None,Move,browsing
1571312374.451,2573,439,None,Move,browsing
1571312374.457,2569,442,None,Move,browsing
1571312374.465,2566,443,None,Move,browsing
1571312374.4729998,2564,446,None,Move,browsing
1571312374.481,2563,446,None,Move,browsing
1571312374.4889998,2563,447,None,Move,browsing
1571312374.4970002,2562,447,None,Move,browsing
1571312374.514,2562,447,None,Move,browsing
1571312374.592,2561,448,None,Move,browsing
1571312374.606,2560,449,None,Move,browsing
1571312374.6139998,2558,451,None,Move,browsing
1571312374.629,2557,451,None,Move,browsing
1571312374.637,2554,454,None,Move,browsing
1571312374.646,2550,457,None,Move,browsing
1571312374.654,2545,459,None,Move,browsing
1571312374.6620002,2542,461,None,Move,browsing
1571312374.669,2537,464,None,Move,browsing
1571312374.675,2533,466,None,Move,browsing
1571312374.6829998,2528,467,None,Move,browsing
1571312374.691,2525,469,None,Move,browsing
1571312374.699,2521,470,None,Move,browsing
1571312374.707,2516,471,None,Move,browsing
1571312374.715,2510,471,None,Move,browsing
1571312374.7229998,2508,471,None,Move,browsing
1571312374.731,2505,471,None,Move,browsing
1571312374.7389998,2504,471,None,Move,browsing
1571312374.7470002,2502,471,None,Move,browsing
1571312374.7610002,2502,471,None,Move,browsing
1571312374.7770002,2502,471,None,Move,browsing
1571312374.793,2502,471,None,Move,browsing
1571312374.8170002,2502,469,None,Move,browsing
1571312374.831,2502,468,None,Move,browsing
1571312374.839,2502,468,None,Move,browsing
1571312374.8639998,2502,467,None,Move,browsing
1571312374.879,2502,466,None,Move,browsing
1571312374.901,2502,466,None,Move,browsing
1571312375.2510002,2502,466,None,Move,browsing
1571312375.2589998,2504,466,None,Move,browsing
1571312375.2670002,2509,467,None,Move,browsing
1571312375.275,2514,468,None,Move,browsing
1571312375.284,2524,472,None,Move,browsing
1571312375.292,2532,476,None,Move,browsing
1571312375.3,2543,481,None,Move,browsing
1571312375.3079998,2554,486,None,Move,browsing
1571312375.315,2565,491,None,Move,browsing
1571312375.322,2575,496,None,Move,browsing
1571312375.33,2586,501,None,Move,browsing
1571312375.337,2594,506,None,Move,browsing
1571312375.346,2602,511,None,Move,browsing
1571312375.354,2612,516,None,Move,browsing
1571312375.3620002,2618,520,None,Move,browsing
1571312375.369,2624,524,None,Move,browsing
1571312375.377,2630,529,None,Move,browsing
1571312375.385,2635,534,None,Move,browsing
1571312375.393,2637,537,None,Move,browsing
1571312375.399,2642,540,None,Move,browsing
1571312375.407,2644,543,None,Move,browsing
1571312375.415,2647,545,None,Move,browsing
1571312375.423,2649,548,None,Move,browsing
1571312375.431,2652,551,None,Move,browsing
1571312375.439,2654,553,None,Move,browsing
1571312375.448,2656,555,None,Move,browsing
1571312375.455,2658,558,None,Move,browsing
1571312375.4629998,2658,559,None,Move,browsing
1571312375.469,2660,561,None,Move,browsing
1571312375.4770002,2661,563,None,Move,browsing
1571312375.485,2661,563,None,Move,browsing
1571312375.494,2662,566,None,Move,browsing
1571312375.502,2662,566,None,Move,browsing
1571312375.51,2662,568,None,Move,browsing
1571312375.518,2663,570,None,Move,browsing
1571312375.525,2663,571,None,Move,browsing
1571312375.534,2663,572,None,Move,browsing
1571312375.539,2664,575,None,Move,browsing
1571312375.5470002,2664,578,None,Move,browsing
1571312375.556,2664,580,None,Move,browsing
1571312375.563,2664,581,None,Move,browsing
1571312375.571,2664,583,None,Move,browsing
1571312375.579,2664,585,None,Move,browsing
1571312375.587,2664,587,None,Move,browsing
1571312375.596,2664,589,None,Move,browsing
1571312375.604,2664,589,None,Move,browsing
1571312375.609,2663,592,None,Move,browsing
1571312375.617,2662,593,None,Move,browsing
1571312375.625,2662,594,None,Move,browsing
1571312375.633,2662,594,None,Move,browsing
1571312375.641,2661,596,None,Move,browsing
1571312375.649,2661,598,None,Move,browsing
1571312375.657,2660,599,None,Move,browsing
1571312375.665,2660,600,None,Move,browsing
1571312375.673,2659,602,None,Move,browsing
1571312375.681,2658,604,None,Move,browsing
1571312375.687,2658,604,None,Move,browsing
1571312375.695,2658,606,None,Move,browsing
1571312375.7029998,2657,606,None,Move,browsing
1571312375.711,2656,607,None,Move,browsing
1571312375.728,2655,608,None,Move,browsing
1571312375.735,2654,609,None,Move,browsing
1571312375.7510002,2652,610,None,Move,browsing
1571312375.7570002,2652,610,None,Move,browsing
1571312375.7729998,2651,610,None,Move,browsing
1571312375.781,2649,611,None,Move,browsing
1571312375.789,2648,611,None,Move,browsing
1571312375.7970002,2647,611,None,Move,browsing
1571312375.805,2645,611,None,Move,browsing
1571312375.813,2642,611,None,Move,browsing
1571312375.821,2640,611,None,Move,browsing
1571312375.8279998,2638,611,None,Move,browsing
1571312375.836,2635,611,None,Move,browsing
1571312375.844,2633,611,None,Move,browsing
1571312375.8520002,2631,611,None,Move,browsing
1571312375.859,2629,611,None,Move,browsing
1571312375.867,2626,611,None,Move,browsing
1571312375.875,2623,610,None,Move,browsing
1571312375.883,2623,610,None,Move,browsing
1571312375.891,2620,609,None,Move,browsing
1571312375.897,2618,608,None,Move,browsing
1571312375.905,2617,608,None,Move,browsing
1571312375.914,2614,606,None,Move,browsing
1571312375.921,2611,604,None,Move,browsing
1571312375.929,2609,602,None,Move,browsing
1571312375.937,2604,597,None,Move,browsing
1571312375.945,2599,593,None,Move,browsing
1571312375.952,2597,590,None,Move,browsing
1571312375.961,2595,589,None,Move,browsing
1571312375.968,2594,586,None,Move,browsing
1571312375.976,2593,584,None,Move,browsing
1571312375.984,2593,583,None,Move,browsing
1571312375.992,2593,582,None,Move,browsing
1571312375.9989998,2593,581,None,Move,browsing
1571312376.0070002,2593,580,None,Move,browsing
1571312376.015,2593,579,None,Move,browsing
1571312376.022,2593,578,None,Move,browsing
1571312376.032,2593,577,None,Move,browsing
1571312376.04,2594,574,None,Move,browsing
1571312376.046,2594,573,None,Move,browsing
1571312376.053,2595,573,None,Move,browsing
1571312376.062,2595,571,None,Move,browsing
1571312376.069,2597,571,None,Move,browsing
1571312376.077,2597,569,None,Move,browsing
1571312376.085,2599,569,None,Move,browsing
1571312376.093,2600,567,None,Move,browsing
1571312376.1020002,2601,567,None,Move,browsing
1571312376.11,2602,566,None,Move,browsing
1571312376.1160002,2603,565,None,Move,browsing
1571312376.1239998,2604,565,None,Move,browsing
1571312376.1320002,2605,564,None,Move,browsing
1571312376.139,2607,563,None,Move,browsing
1571312376.1479998,2607,563,None,Move,browsing
1571312376.156,2608,562,None,Move,browsing
1571312376.164,2609,562,None,Move,browsing
1571312376.185,2610,562,None,Move,browsing
1571312376.202,2610,560,None,Move,browsing
1571312376.226,2611,560,None,Move,browsing
1571312376.2410002,2611,557,None,Move,browsing
1571312376.2489998,2612,557,None,Move,browsing
1571312376.2629998,2613,555,None,Move,browsing
1571312376.271,2613,554,None,Move,browsing
1571312376.279,2613,553,None,Move,browsing
1571312376.2870002,2614,550,None,Move,browsing
1571312376.295,2615,549,None,Move,browsing
1571312376.303,2615,548,None,Move,browsing
1571312376.311,2615,547,None,Move,browsing
1571312376.319,2615,546,None,Move,browsing
1571312376.327,2616,545,None,Move,browsing
1571312376.333,2616,544,None,Move,browsing
1571312376.341,2616,544,None,Move,browsing
1571312376.357,2616,543,None,Move,browsing
1571312376.365,2616,542,None,Move,browsing
1571312376.373,2617,541,None,Move,browsing
1571312376.381,2617,539,None,Move,browsing
1571312376.397,2617,539,None,Move,browsing
1571312376.403,2618,537,None,Move,browsing
1571312376.411,2618,536,None,Move,browsing
1571312376.419,2618,536,None,Move,browsing
1571312376.435,2618,535,None,Move,browsing
1571312376.451,2618,534,None,Move,browsing
1571312376.467,2619,534,None,Move,browsing
1571312377.369,2619,533,None,Move,browsing
1571312377.385,2616,532,None,Move,browsing
1571312377.393,2612,529,None,Move,browsing
1571312377.401,2605,524,None,Move,browsing
1571312377.409,2597,519,None,Move,browsing
1571312377.415,2590,513,None,Move,browsing
1571312377.423,2584,508,None,Move,browsing
1571312377.4320002,2575,502,None,Move,browsing
1571312377.439,2568,497,None,Move,browsing
1571312377.447,2562,493,None,Move,browsing
1571312377.455,2557,490,None,Move,browsing
1571312377.464,2554,487,None,Move,browsing
1571312377.472,2551,486,None,Move,browsing
1571312377.48,2550,484,None,Move,browsing
1571312377.494,2549,484,None,Move,browsing
1571312377.51,2548,483,None,Move,browsing
1571312377.525,2548,482,None,Move,browsing
1571312377.542,2547,481,None,Move,browsing
1571312377.556,2545,479,None,Move,browsing
1571312377.564,2545,478,None,Move,browsing
1571312377.572,2543,477,None,Move,browsing
1571312377.579,2543,476,None,Move,browsing
1571312377.587,2542,475,None,Move,browsing
1571312377.595,2542,474,None,Move,browsing
1571312377.611,2538,471,None,Move,browsing
1571312377.62,2536,471,None,Move,browsing
1571312377.625,2532,467,None,Move,browsing
1571312377.633,2530,466,None,Move,browsing
1571312377.641,2528,464,None,Move,browsing
1571312377.65,2525,463,None,Move,browsing
1571312377.658,2524,462,None,Move,browsing
1571312377.666,2523,462,None,Move,browsing
1571312377.674,2523,461,None,Move,browsing
1571312377.69,2523,461,None,Move,browsing
1571312377.7029998,2522,461,None,Move,browsing
1571312377.7429998,2522,460,None,Move,browsing
1571312377.7589998,2520,460,None,Move,browsing
1571312377.765,2518,459,None,Move,browsing
1571312377.7729998,2518,458,None,Move,browsing
1571312377.781,2517,458,None,Move,browsing
1571312377.789,2514,457,None,Move,browsing
1571312377.7970002,2513,457,None,Move,browsing
1571312377.805,2512,456,None,Move,browsing
1571312377.813,2510,456,None,Move,browsing
1571312377.821,2510,456,None,Move,browsing
1571312377.829,2508,456,None,Move,browsing
1571312377.837,2507,456,None,Move,browsing
1571312377.843,2505,456,None,Move,browsing
1571312377.851,2505,456,None,Move,browsing
1571312377.859,2504,456,None,Move,browsing
1571312377.8679998,2503,456,None,Move,browsing
1571312377.8760002,2502,456,None,Move,browsing
1571312377.8920002,2501,456,None,Move,browsing
1571312377.908,2501,456,None,Move,browsing
1571312378.179,2501,456,None,Move,browsing
1571312378.195,2501,457,None,Move,browsing
1571312378.218,2501,458,None,Move,browsing
1571312378.234,2501,459,None,Move,browsing
1571312378.2570002,2501,459,None,Move,browsing
1571312378.271,2501,460,None,Move,browsing
1571312378.2870002,2501,460,Left,Pressed,browsing
1571312378.3820002,2501,460,Left,Released,browsing
1571312378.428,2501,460,None,Move,browsing
1571312378.4429998,2501,458,None,Move,browsing
1571312378.451,2498,451,None,Move,browsing
1571312378.459,2497,446,None,Move,browsing
1571312378.467,2494,436,None,Move,browsing
1571312378.475,2491,429,None,Move,browsing
1571312378.484,2490,422,None,Move,browsing
1571312378.4889998,2490,419,None,Move,browsing
1571312378.4970002,2489,416,None,Move,browsing
1571312378.505,2488,413,None,Move,browsing
1571312378.5129998,2488,411,None,Move,browsing
1571312378.522,2488,410,None,Move,browsing
1571312378.53,2488,407,None,Move,browsing
1571312378.5370002,2488,405,None,Move,browsing
1571312378.545,2488,402,None,Move,browsing
1571312378.553,2488,398,None,Move,browsing
1571312378.561,2488,396,None,Move,browsing
1571312378.5670002,2488,394,None,Move,browsing
1571312378.575,2488,392,None,Move,browsing
1571312378.583,2488,391,None,Move,browsing
1571312378.591,2488,388,None,Move,browsing
1571312378.6,2488,387,None,Move,browsing
1571312378.6079998,2487,385,None,Move,browsing
1571312378.615,2487,384,None,Move,browsing
1571312378.623,2487,382,None,Move,browsing
1571312378.629,2487,381,None,Move,browsing
1571312378.637,2487,379,None,Move,browsing
1571312378.653,2487,379,None,Move,browsing
1571312378.6620002,2487,378,None,Move,browsing
1571312378.685,2487,377,None,Move,browsing
1571312378.701,2487,376,None,Move,browsing
1571312378.715,2487,374,None,Move,browsing
1571312378.731,2487,373,None,Move,browsing
1571312378.7389998,2486,372,None,Move,browsing
1571312378.755,2486,372,None,Move,browsing
1571312378.771,2486,372,Left,Pressed,browsing
1571312378.879,2486,372,Left,Released,browsing
1571312379.0270002,2492,374,None,Move,browsing
1571312379.035,2496,376,None,Move,browsing
1571312379.043,2507,381,None,Move,browsing
1571312379.051,2518,386,None,Move,browsing
1571312379.059,2535,395,None,Move,browsing
1571312379.065,2556,405,None,Move,browsing
1571312379.073,2588,425,None,Move,browsing
1571312379.081,2623,447,None,Move,browsing
1571312379.089,2665,470,None,Move,browsing
1571312379.097,2713,496,None,Move,browsing
1571312379.105,2761,520,None,Move,browsing
1571312379.113,2806,543,None,Move,browsing
1571312379.121,2848,565,None,Move,browsing
1571312379.129,2876,576,None,Move,browsing
1571312379.135,2904,588,None,Move,browsing
1571312379.143,2924,595,None,Move,browsing
1571312379.151,2935,599,None,Move,browsing
1571312379.159,2944,602,None,Move,browsing
1571312379.168,2951,605,None,Move,browsing
1571312379.176,2954,608,None,Move,browsing
1571312379.1829998,2955,609,None,Move,browsing
1571312379.1920002,2955,609,None,Move,browsing
1571312379.2,2957,610,None,Move,browsing
1571312379.23,2957,610,None,Move,browsing
1571312379.2370002,2956,610,None,Move,browsing
1571312379.2529998,2956,611,None,Move,browsing
1571312379.269,2955,611,None,Move,browsing
1571312379.5879998,2955,611,None,Move,browsing
1571312379.76,2954,611,None,Move,browsing
1571312379.782,2952,611,None,Move,browsing
1571312379.79,2951,611,None,Move,browsing
1571312379.806,2950,611,None,Move,browsing
1571312379.813,2950,610,None,Move,browsing
1571312379.821,2949,610,None,Move,browsing
1571312379.837,2949,610,None,Move,browsing
1571312379.854,2948,610,None,Move,browsing
1571312379.8920002,2947,610,None,Move,browsing
1571312379.916,2947,609,None,Move,browsing
1571312379.9529998,2947,609,None,Move,browsing
1571312380.0070002,2946,608,None,Move,browsing
1571312380.031,2946,608,None,Move,browsing
1571312380.0470002,2946,608,None,Move,browsing
1571312380.07,2945,607,None,Move,browsing
1571312380.561,2944,607,None,Move,browsing
1571312380.569,2942,607,None,Move,browsing
1571312380.575,2941,607,None,Move,browsing
1571312380.583,2935,606,None,Move,browsing
1571312380.591,2931,606,None,Move,browsing
1571312380.599,2927,605,None,Move,browsing
1571312380.607,2921,605,None,Move,browsing
1571312380.6160002,2914,604,None,Move,browsing
1571312380.6239998,2908,603,None,Move,browsing
1571312380.6320002,2902,603,None,Move,browsing
1571312380.64,2898,603,None,Move,browsing
1571312380.6479998,2892,602,None,Move,browsing
1571312380.654,2888,602,None,Move,browsing
1571312380.661,2886,602,None,Move,browsing
1571312380.669,2882,601,None,Move,browsing
1571312380.677,2880,601,None,Move,browsing
1571312380.685,2879,601,None,Move,browsing
1571312380.694,2877,600,None,Move,browsing
1571312380.701,2876,600,None,Move,browsing
1571312380.709,2875,600,None,Move,browsing
1571312380.718,2874,600,None,Move,browsing
1571312380.724,2872,600,None,Move,browsing
1571312380.731,2868,599,None,Move,browsing
1571312380.74,2864,598,None,Move,browsing
1571312380.748,2860,597,None,Move,browsing
1571312380.756,2853,595,None,Move,browsing
1571312380.764,2846,593,None,Move,browsing
1571312380.771,2837,590,None,Move,browsing
1571312380.779,2826,587,None,Move,browsing
1571312380.7870002,2815,583,None,Move,browsing
1571312380.794,2798,578,None,Move,browsing
1571312380.801,2781,573,None,Move,browsing
1571312380.81,2765,568,None,Move,browsing
1571312380.8170002,2742,561,None,Move,browsing
1571312380.826,2725,554,None,Move,browsing
1571312380.833,2703,548,None,Move,browsing
1571312380.841,2686,542,None,Move,browsing
1571312380.849,2670,537,None,Move,browsing
1571312380.857,2657,532,None,Move,browsing
1571312380.863,2646,529,None,Move,browsing
1571312380.871,2637,526,None,Move,browsing
1571312380.879,2628,522,None,Move,browsing
1571312380.887,2623,521,None,Move,browsing
1571312380.895,2619,519,None,Move,browsing
1571312380.904,2617,518,None,Move,browsing
1571312380.9120002,2616,517,None,Move,browsing
1571312380.927,2615,517,None,Move,browsing
1571312381.447,2615,517,None,Move,browsing
1571312381.471,2598,520,None,Move,browsing
1571312381.48,2554,535,None,Move,browsing
1571312381.4870002,2489,556,None,Move,browsing
1571312381.496,2413,584,None,Move,browsing
1571312381.5029998,2342,608,None,Move,browsing
1571312381.5110002,2267,629,None,Move,browsing
1571312381.5170002,2191,653,None,Move,browsing
1571312381.525,2100,675,None,Move,browsing
1571312381.534,1992,700,None,Move,browsing
1571312381.542,1872,721,None,Move,browsing
1571312381.549,1736,735,None,Move,browsing
1571312381.5570002,1593,745,None,Move,browsing
1571312381.566,1447,752,None,Move,browsing
1571312381.573,1296,756,None,Move,browsing
1571312381.582,1145,756,None,Move,browsing
1571312381.587,1005,756,None,Move,browsing
1571312381.596,865,753,None,Move,browsing
1571312381.603,735,746,None,Move,browsing
1571312381.611,607,737,None,Move,browsing
1571312381.619,493,723,None,Move,browsing
1571312381.627,399,700,None,Move,browsing
1571312381.6360002,316,681,None,Move,browsing
1571312381.643,245,657,None,Move,browsing
1571312381.651,187,632,None,Move,browsing
1571312381.658,150,612,None,Move,browsing
1571312381.665,127,590,None,Move,browsing
1571312381.673,116,574,None,Move,browsing
1571312381.6820002,110,562,None,Move,browsing
1571312381.689,110,552,None,Move,browsing
1571312381.698,110,544,None,Move,browsing
1571312381.72,110,541,None,Move,browsing
1571312381.721,110,541,None,Move,browsing
1571312381.7270002,110,540,None,Move,browsing
1571312381.736,107,544,None,Move,browsing
1571312381.744,99,560,None,Move,browsing
1571312381.7510002,85,591,None,Move,browsing
1571312381.7589998,69,630,None,Move,browsing
1571312381.7670002,49,677,None,Move,browsing
1571312381.776,27,725,None,Move,browsing
1571312381.783,6,772,None,Move,browsing
1571312381.791,-18,817,None,Move,browsing
1571312381.7970002,-20,852,None,Move,browsing
1571312381.805,-17,879,None,Move,browsing
1571312381.814,-12,896,None,Move,browsing
1571312381.821,-8,906,None,Move,browsing
1571312381.829,-4,913,None,Move,browsing
1571312381.837,-3,917,None,Move,browsing
1571312381.846,0,920,None,Move,browsing
1571312381.853,0,922,None,Move,browsing
1571312381.861,0,924,None,Move,browsing
1571312381.867,3,925,None,Move,browsing
1571312381.875,10,926,None,Move,browsing
1571312381.883,18,928,None,Move,browsing
1571312381.8920002,31,931,None,Move,browsing
1571312381.899,42,934,None,Move,browsing
1571312381.908,55,941,None,Move,browsing
1571312381.916,74,953,None,Move,browsing
1571312381.938,90,964,None,Move,browsing
1571312381.939,130,996,None,Move,browsing
1571312381.945,144,1008,None,Move,browsing
1571312381.9529998,159,1020,None,Move,browsing
1571312381.961,165,1025,None,Move,browsing
1571312381.969,170,1031,None,Move,browsing
1571312381.9770002,174,1034,None,Move,browsing
1571312381.985,176,1038,None,Move,browsing
1571312381.9929998,176,1039,None,Move,browsing
1571312382.0010002,176,1040,None,Move,browsing
1571312382.0089998,176,1043,None,Move,browsing
1571312382.018,176,1045,None,Move,browsing
1571312382.024,176,1047,None,Move,browsing
1571312382.031,173,1049,None,Move,browsing
1571312382.039,171,1053,None,Move,browsing
1571312382.048,169,1055,None,Move,browsing
1571312382.055,167,1057,None,Move,browsing
1571312382.064,166,1058,None,Move,browsing
1571312382.071,165,1059,None,Move,browsing
1571312382.079,164,1060,None,Move,browsing
1571312382.085,163,1060,None,Move,browsing
1571312382.093,163,1061,None,Move,browsing
1571312382.109,161,1062,None,Move,browsing
1571312382.1260002,161,1062,None,Move,browsing
1571312382.141,160,1063,None,Move,browsing
1571312382.156,159,1065,None,Move,browsing
1571312382.164,157,1068,None,Move,browsing
1571312382.1720002,155,1073,None,Move,browsing
1571312382.18,154,1077,None,Move,browsing
1571312382.187,152,1082,None,Move,browsing
1571312382.195,150,1081,None,Move,browsing
1571312382.2029998,150,1080,None,Move,browsing
1571312382.211,150,1080,None,Move,browsing
1571312382.22,150,1081,None,Move,browsing
1571312382.226,150,1079,None,Move,browsing
1571312382.2329998,150,1079,None,Move,browsing
1571312382.242,152,1079,None,Move,browsing
1571312382.2489998,153,1079,None,Move,browsing
1571312382.258,154,1079,None,Move,browsing
1571312382.265,156,1079,None,Move,browsing
1571312382.274,157,1078,None,Move,browsing
1571312382.289,158,1078,None,Move,browsing
1571312382.303,158,1077,None,Move,browsing
1571312382.319,158,1077,None,Move,browsing
1571312382.343,158,1075,None,Move,browsing
1571312382.359,158,1074,None,Move,browsing
1571312382.3820002,156,1073,None,Move,browsing
1571312382.3979998,155,1073,None,Move,browsing
1571312382.405,151,1072,None,Move,browsing
1571312382.413,149,1071,None,Move,browsing
1571312382.421,146,1071,None,Move,browsing
1571312382.429,143,1070,None,Move,browsing
1571312382.437,141,1070,None,Move,browsing
1571312382.445,139,1070,None,Move,browsing
1571312382.451,138,1070,None,Move,browsing
1571312382.459,138,1069,None,Move,browsing
1571312382.467,137,1069,None,Move,browsing
1571312382.545,137,1068,None,Move,browsing
1571312382.562,143,1066,None,Move,browsing
1571312382.57,145,1065,None,Move,browsing
1571312382.577,154,1063,None,Move,browsing
1571312382.583,163,1061,None,Move,browsing
1571312382.591,173,1060,None,Move,browsing
1571312382.599,181,1060,None,Move,browsing
1571312382.6079998,186,1060,None,Move,browsing
1571312382.615,192,1060,None,Move,browsing
1571312382.623,196,1060,None,Move,browsing
1571312382.631,201,1060,None,Move,browsing
1571312382.639,204,1060,None,Move,browsing
1571312382.647,207,1060,None,Move,browsing
1571312382.655,209,1060,None,Move,browsing
1571312382.661,212,1060,None,Move,browsing
1571312382.67,214,1060,None,Move,browsing
1571312382.678,214,1060,None,Move,browsing
1571312382.6929998,215,1060,None,Move,browsing
1571312382.709,215,1060,None,Move,browsing
1571312382.748,216,1060,None,Move,browsing
1571312382.7629998,217,1060,None,Move,browsing
1571312382.78,219,1060,None,Move,browsing
1571312382.788,220,1060,None,Move,browsing
1571312382.796,221,1060,None,Move,browsing
1571312382.801,222,1060,None,Move,browsing
1571312382.809,223,1060,None,Move,browsing
1571312382.8179998,224,1061,None,Move,browsing
1571312382.826,226,1061,None,Move,browsing
1571312382.833,227,1061,None,Move,browsing
1571312382.841,228,1061,None,Move,browsing
1571312382.849,230,1061,None,Move,browsing
1571312382.857,232,1061,None,Move,browsing
1571312382.865,234,1061,None,Move,browsing
1571312382.871,234,1061,None,Move,browsing
1571312382.879,235,1061,None,Move,browsing
1571312382.887,235,1062,None,Move,browsing
1571312382.9120002,235,1062,None,Move,browsing
1571312382.927,228,1066,None,Move,browsing
1571312382.935,222,1067,None,Move,browsing
1571312382.9429998,214,1067,None,Move,browsing
1571312382.949,204,1067,None,Move,browsing
1571312382.958,194,1067,None,Move,browsing
1571312382.965,182,1067,None,Move,browsing
1571312382.9729998,170,1065,None,Move,browsing
1571312382.981,159,1065,None,Move,browsing
1571312382.9889998,152,1064,None,Move,browsing
1571312382.9970002,144,1064,None,Move,browsing
1571312383.005,141,1064,None,Move,browsing
1571312383.0129998,139,1064,None,Move,browsing
1571312383.028,138,1063,None,Move,browsing
1571312383.0670002,139,1063,None,Move,browsing
1571312383.075,140,1062,None,Move,browsing
1571312383.129,140,1062,None,Move,browsing
1571312383.153,140,1062,None,Move,browsing
1571312383.167,140,1063,None,Move,browsing
1571312383.191,140,1063,None,Move,browsing
1571312383.2529998,140,1064,None,Move,browsing
1571312383.269,139,1065,None,Move,browsing
1571312383.285,138,1065,None,Move,browsing
1571312383.293,137,1066,None,Move,browsing
1571312383.3070002,136,1066,None,Move,browsing
1571312383.315,136,1066,None,Move,browsing
1571312383.332,134,1066,None,Move,browsing
1571312383.3479998,134,1066,None,Move,browsing
1571312383.363,133,1066,None,Move,browsing
1571312383.377,131,1066,None,Move,browsing
1571312383.418,131,1066,Left,Pressed,browsing
1571312383.5029998,131,1066,Left,Released,browsing
1571312383.589,134,1064,None,Move,office
1571312383.595,137,1062,None,Move,office
1571312383.603,142,1061,None,Move,office
1571312383.611,149,1058,None,Move,office
1571312383.619,160,1054,None,Move,office
1571312383.627,180,1048,None,Move,office
1571312383.6339998,207,1038,None,Move,office
1571312383.644,243,1027,None,Move,office
1571312383.6520002,284,1012,None,Move,office
1571312383.66,333,999,None,Move,office
1571312383.665,392,982,None,Move,office
1571312383.673,457,961,None,Move,office
1571312383.681,527,944,None,Move,office
1571312383.689,605,920,None,Move,office
1571312383.697,691,901,None,Move,office
1571312383.705,782,881,None,Move,office
1571312383.714,879,858,None,Move,office
1571312383.721,973,836,None,Move,office
1571312383.73,1077,811,None,Move,office
1571312383.7370002,1182,788,None,Move,office
1571312383.744,1289,763,None,Move,office
1571312383.7510002,1394,738,None,Move,office
1571312383.76,1504,713,None,Move,office
1571312383.768,1606,685,None,Move,office
1571312383.775,1700,663,None,Move,office
1571312383.784,1789,643,None,Move,office
1571312383.791,1870,621,None,Move,office
1571312383.799,1937,600,None,Move,office
1571312383.8070002,1997,581,None,Move,office
1571312383.813,2049,566,None,Move,office
1571312383.821,2087,551,None,Move,office
1571312383.83,2126,538,None,Move,office
1571312383.837,2156,528,None,Move,office
1571312383.846,2176,521,None,Move,office
1571312383.853,2197,515,None,Move,office
1571312383.8620002,2211,514,None,Move,office
1571312383.869,2225,513,None,Move,office
1571312383.877,2240,512,None,Move,office
1571312383.883,2252,512,None,Move,office
1571312383.891,2264,512,None,Move,office
1571312383.899,2281,514,None,Move,office
1571312383.907,2300,520,None,Move,office
1571312383.915,2322,527,None,Move,office
1571312383.923,2352,537,None,Move,office
1571312383.931,2389,554,None,Move,office
1571312383.94,2428,572,None,Move,office
1571312383.948,2478,594,None,Move,office
1571312383.954,2535,611,None,Move,office
1571312383.962,2587,635,None,Move,office
1571312383.969,2635,657,None,Move,office
1571312383.9770002,2679,678,None,Move,office
1571312383.985,2724,697,None,Move,office
1571312383.9929998,2760,714,None,Move,office
1571312384.0010002,2797,732,None,Move,office
1571312384.0089998,2823,745,None,Move,office
1571312384.0170002,2852,759,None,Move,office
1571312384.0229998,2867,766,None,Move,office
1571312384.031,2885,775,None,Move,office
1571312384.039,2895,778,None,Move,office
1571312384.0470002,2900,779,None,Move,office
1571312384.055,2902,779,None,Move,office
1571312384.064,2903,779,None,Move,office
1571312384.071,2904,779,None,Move,office
1571312384.0879998,2904,779,None,Move,office
1571312384.095,2904,777,None,Move,office
1571312384.109,2903,774,None,Move,office
1571312384.117,2902,772,None,Move,office
1571312384.125,2900,770,None,Move,office
1571312384.1339998,2896,762,None,Move,office
1571312384.141,2893,755,None,Move,office
1571312384.15,2888,744,None,Move,office
1571312384.158,2883,733,None,Move,office
1571312384.163,2876,720,None,Move,office
1571312384.171,2869,705,None,Move,office
1571312384.179,2856,681,None,Move,office
1571312384.187,2842,660,None,Move,office
1571312384.195,2825,639,None,Move,office
1571312384.2029998,2812,627,None,Move,office
1571312384.211,2797,613,None,Move,office
1571312384.219,2786,605,None,Move,office
1571312384.2270002,2776,598,None,Move,office
1571312384.235,2768,593,None,Move,office
1571312384.242,2758,588,None,Move,office
1571312384.25,2749,581,None,Move,office
1571312384.2570002,2737,570,None,Move,office
1571312384.265,2722,555,None,Move,office
1571312384.274,2704,537,None,Move,office
1571312384.282,2683,516,None,Move,office
1571312384.289,2659,490,None,Move,office
1571312384.2970002,2637,467,None,Move,office
1571312384.306,2617,444,None,Move,office
1571312384.312,2600,422,None,Move,office
1571312384.32,2593,410,None,Move,office
1571312384.327,2588,403,None,Move,office
1571312384.336,2586,397,None,Move,office
1571312384.343,2585,395,None,Move,office
1571312384.3520002,2585,395,None,Move,office
1571312384.359,2584,393,None,Move,office
1571312384.367,2584,392,None,Move,office
1571312384.375,2584,391,None,Move,office
1571312384.381,2583,389,None,Move,office
1571312384.389,2583,388,None,Move,office
1571312384.3979998,2583,387,None,Move,office
1571312384.405,2583,384,None,Move,office
1571312384.413,2583,382,None,Move,office
1571312384.421,2583,378,None,Move,office
1571312384.429,2582,375,None,Move,office
1571312384.437,2582,373,None,Move,office
1571312384.445,2581,368,None,Move,office
1571312384.451,2580,366,None,Move,office
1571312384.459,2579,362,None,Move,office
1571312384.467,2577,357,None,Move,office
1571312384.475,2573,350,None,Move,office
1571312384.484,2569,345,None,Move,office
1571312384.4910002,2563,338,None,Move,office
1571312384.4989998,2560,334,None,Move,office
1571312384.5070002,2553,327,None,Move,office
1571312384.515,2551,325,None,Move,office
1571312384.521,2547,323,None,Move,office
1571312384.529,2545,321,None,Move,office
1571312384.5370002,2542,320,None,Move,office
1571312384.546,2542,320,None,Move,office
1571312384.554,2541,320,None,Move,office
1571312384.562,2540,320,None,Move,office
1571312384.57,2539,320,None,Move,office
1571312384.577,2538,320,None,Move,office
1571312384.586,2537,320,None,Move,office
1571312384.593,2536,320,None,Move,office
1571312384.599,2535,320,None,Move,office
1571312384.607,2532,320,None,Move,office
1571312384.615,2531,320,None,Move,office
1571312384.623,2530,321,None,Move,office
1571312384.631,2527,321,None,Move,office
1571312384.639,2524,322,None,Move,office
1571312384.647,2522,323,None,Move,office
1571312384.655,2519,324,None,Move,office
1571312384.663,2517,325,None,Move,office
1571312384.669,2515,325,None,Move,office
1571312384.677,2513,327,None,Move,office
1571312384.685,2511,327,None,Move,office
1571312384.6929998,2510,328,None,Move,office
1571312384.701,2509,328,None,Move,office
1571312384.718,2508,329,None,Move,office
1571312384.7329998,2507,329,None,Move,office
1571312384.7470002,2507,330,None,Move,office
1571312384.81,2507,330,Left,Pressed,office
1571312384.927,2507,330,Left,Released,browsing
1571312385.0670002,2509,334,None,Move,browsing
1571312385.076,2515,338,None,Move,browsing
1571312385.083,2521,343,None,Move,browsing
1571312385.091,2528,349,None,Move,browsing
1571312385.097,2536,353,None,Move,browsing
1571312385.105,2544,358,None,Move,browsing
1571312385.113,2554,362,None,Move,browsing
1571312385.121,2565,368,None,Move,browsing
1571312385.129,2576,372,None,Move,browsing
1571312385.137,2587,377,None,Move,browsing
1571312385.145,2601,381,None,Move,browsing
1571312385.153,2611,386,None,Move,browsing
1571312385.161,2623,389,None,Move,browsing
1571312385.167,2634,392,None,Move,browsing
1571312385.175,2645,396,None,Move,browsing
1571312385.184,2657,400,None,Move,browsing
1571312385.1920002,2667,403,None,Move,browsing
1571312385.2,2678,408,None,Move,browsing
1571312385.208,2689,413,None,Move,browsing
1571312385.216,2697,416,None,Move,browsing
1571312385.2229998,2703,419,None,Move,browsing
1571312385.232,2709,422,None,Move,browsing
1571312385.2389998,2714,424,None,Move,browsing
1571312385.245,2718,426,None,Move,browsing
1571312385.2529998,2721,428,None,Move,browsing
1571312385.2610002,2725,428,None,Move,browsing
1571312385.269,2727,429,None,Move,browsing
1571312385.2770002,2728,430,None,Move,browsing
1571312385.286,2730,431,None,Move,browsing
1571312385.294,2731,431,None,Move,browsing
1571312385.3079998,2731,431,None,Move,browsing
1571312385.8620002,2731,432,None,Move,browsing
1571312385.877,2722,439,None,Move,browsing
1571312385.883,2715,442,None,Move,browsing
1571312385.891,2705,446,None,Move,browsing
1571312385.899,2696,450,None,Move,browsing
1571312385.907,2688,453,None,Move,browsing
1571312385.915,2680,456,None,Move,browsing
1571312385.923,2674,460,None,Move,browsing
1571312385.931,2669,463,None,Move,browsing
1571312385.939,2664,467,None,Move,browsing
1571312385.947,2663,469,None,Move,browsing
1571312385.9529998,2660,471,None,Move,browsing
1571312385.961,2658,473,None,Move,browsing
1571312385.969,2658,475,None,Move,browsing
1571312385.9770002,2657,475,None,Move,browsing
1571312385.986,2657,476,None,Move,browsing
1571312385.9929998,2657,478,None,Move,browsing
1571312386.0010002,2657,479,None,Move,browsing
1571312386.01,2657,480,None,Move,browsing
1571312386.025,2657,481,None,Move,browsing
1571312386.031,2657,481,None,Move,browsing
1571312386.048,2656,483,None,Move,browsing
1571312386.063,2656,484,None,Move,browsing
1571312386.071,2656,485,None,Move,browsing
1571312386.095,2656,485,None,Move,browsing
1571312386.188,2656,486,None,Move,browsing
1571312386.211,2656,488,None,Move,browsing
1571312386.219,2656,490,None,Move,browsing
1571312386.2270002,2656,491,None,Move,browsing
1571312386.235,2656,492,None,Move,browsing
1571312386.244,2656,495,None,Move,browsing
1571312386.25,2656,496,None,Move,browsing
1571312386.258,2657,500,None,Move,browsing
1571312386.265,2658,503,None,Move,browsing
1571312386.2729998,2660,507,None,Move,browsing
1571312386.281,2663,513,None,Move,browsing
1571312386.289,2668,519,None,Move,browsing
1571312386.2970002,2673,526,None,Move,browsing
1571312386.306,2680,534,None,Move,browsing
1571312386.314,2687,542,None,Move,browsing
1571312386.319,2695,549,None,Move,browsing
1571312386.3279998,2705,558,None,Move,browsing
1571312386.336,2717,568,None,Move,browsing
1571312386.343,2726,577,None,Move,browsing
1571312386.3520002,2741,590,None,Move,browsing
1571312386.36,2763,606,None,Move,browsing
1571312386.367,2788,622,None,Move,browsing
1571312386.375,2817,642,None,Move,browsing
1571312386.383,2850,661,None,Move,browsing
1571312386.389,2884,681,None,Move,browsing
1571312386.397,2919,701,None,Move,browsing
1571312386.406,2948,719,None,Move,browsing
1571312386.414,2967,730,None,Move,browsing
1571312386.4220002,2988,741,None,Move,browsing
1571312386.43,2998,746,None,Move,browsing
1571312386.438,3005,749,None,Move,browsing
1571312386.445,3011,752,None,Move,browsing
1571312386.4529998,3013,754,None,Move,browsing
1571312386.459,3014,754,None,Move,browsing
1571312386.467,3014,755,None,Move,browsing
1571312386.515,3013,755,None,Move,browsing
1571312386.5229998,3009,753,None,Move,browsing
1571312386.531,3003,748,None,Move,browsing
1571312386.5370002,2997,740,None,Move,browsing
1571312386.545,2989,734,None,Move,browsing
1571312386.553,2980,724,None,Move,browsing
1571312386.561,2968,712,None,Move,browsing
1571312386.569,2952,694,None,Move,browsing
1571312386.577,2934,678,None,Move,browsing
1571312386.585,2908,653,None,Move,browsing
1571312386.593,2888,636,None,Move,browsing
1571312386.599,2862,612,None,Move,browsing
1571312386.6079998,2839,593,None,Move,browsing
1571312386.615,2811,570,None,Move,browsing
1571312386.623,2786,548,None,Move,browsing
1571312386.6320002,2756,527,None,Move,browsing
1571312386.64,2730,504,None,Move,browsing
1571312386.647,2708,490,None,Move,browsing
1571312386.655,2687,477,None,Move,browsing
1571312386.664,2676,469,None,Move,browsing
1571312386.669,2667,463,None,Move,browsing
1571312386.677,2661,459,None,Move,browsing
1571312386.685,2659,458,None,Move,browsing
1571312386.6929998,2657,456,None,Move,browsing
1571312386.701,2657,455,None,Move,browsing
1571312386.709,2656,454,None,Move,browsing
1571312386.718,2655,453,None,Move,browsing
1571312386.725,2655,453,None,Move,browsing
1571312386.881,2655,451,None,Move,browsing
1571312386.895,2655,448,None,Move,browsing
1571312386.9020002,2655,447,None,Move,browsing
1571312386.911,2655,446,None,Move,browsing
1571312386.919,2655,445,None,Move,browsing
1571312386.935,2655,445,None,Move,browsing
1571312386.951,2655,443,None,Move,browsing
1571312386.965,2655,443,None,Move,browsing
1571312387.022,2655,443,Left,Pressed,browsing
1571312387.161,2655,443,Left,Released,browsing
1571312413.301,2609,439,None,Move,browsing
1571312413.31,2536,424,None,Move,browsing
1571312413.3170002,2465,418,None,Move,browsing
1571312413.323,2400,414,None,Move,browsing
1571312413.331,2340,414,None,Move,browsing
1571312413.339,2286,414,None,Move,browsing
1571312413.347,2247,418,None,Move,browsing
1571312413.355,2212,429,None,Move,browsing
1571312413.363,2180,442,None,Move,browsing
1571312413.3720002,2156,457,None,Move,browsing
1571312413.379,2132,473,None,Move,browsing
1571312413.387,2107,491,None,Move,browsing
1571312413.394,2090,506,None,Move,browsing
1571312413.4020002,2067,525,None,Move,browsing
1571312413.409,2049,542,None,Move,browsing
1571312413.417,2032,554,None,Move,browsing
1571312413.425,2012,571,None,Move,browsing
1571312413.4329998,1997,585,None,Move,browsing
1571312413.441,1982,599,None,Move,browsing
1571312413.449,1972,609,None,Move,browsing
1571312413.458,1961,621,None,Move,browsing
1571312413.466,1955,631,None,Move,browsing
1571312413.472,1949,642,None,Move,browsing
1571312413.479,1946,648,None,Move,browsing
1571312413.488,1943,654,None,Move,browsing
1571312413.495,1942,656,None,Move,browsing
1571312413.52,1942,656,None,Move,browsing
1571312413.542,1943,661,None,Move,browsing
1571312413.549,1935,671,None,Move,browsing
1571312413.5570002,1910,685,None,Move,browsing
1571312413.566,1881,701,None,Move,browsing
1571312413.5979998,1842,718,None,Move,browsing
1571312413.599,1726,750,None,Move,browsing
1571312413.605,1685,759,None,Move,browsing
1571312413.6120002,1635,769,None,Move,browsing
1571312413.619,1582,775,None,Move,browsing
1571312413.627,1520,777,None,Move,browsing
1571312413.6360002,1455,777,None,Move,browsing
1571312413.644,1390,776,None,Move,browsing
1571312413.651,1327,772,None,Move,browsing
1571312413.66,1267,770,None,Move,browsing
1571312413.668,1215,768,None,Move,browsing
1571312413.673,1164,768,None,Move,browsing
1571312413.6820002,1118,768,None,Move,browsing
1571312413.689,1079,770,None,Move,browsing
1571312413.697,1046,772,None,Move,browsing
1571312413.705,1026,773,None,Move,browsing
1571312413.7129998,1013,773,None,Move,browsing
1571312413.721,1006,773,None,Move,browsing
1571312413.729,1004,773,None,Move,browsing
1571312413.738,1003,773,None,Move,browsing
1571312413.7510002,1002,773,None,Move,browsing
1571312413.7670002,1002,773,None,Move,browsing
1571312413.783,1002,773,None,Move,browsing
1571312413.791,1002,771,None,Move,browsing
1571312413.8070002,1002,771,None,Move,browsing
1571312413.816,1002,770,None,Move,browsing
1571312413.821,1002,770,None,Move,browsing
1571312413.845,1002,769,Left,Pressed,browsing
1571312413.845,1002,769,None,Drag,browsing
1571312413.8620002,1002,769,None,Drag,office
1571312413.908,1002,768,None,Drag,office
1571312413.9220002,1002,767,None,Drag,office
1571312413.923,1002,767,Left,Released,office
1571312414.026,996,767,None,Move,office
1571312414.033,992,767,None,Move,office
1571312414.04,985,769,None,Move,office
1571312414.0470002,979,771,None,Move,office
1571312414.055,972,772,None,Move,office
1571312414.063,966,774,None,Move,office
1571312414.071,965,774,None,Move,office
1571312414.079,965,774,None,Move,office
1571312414.087,965,772,None,Move,office
1571312414.096,972,763,None,Move,office
1571312414.103,976,752,None,Move,office
1571312414.109,983,737,None,Move,office
1571312414.117,988,725,None,Move,office
1571312414.1260002,991,710,None,Move,office
1571312414.133,992,700,None,Move,office
1571312414.141,993,695,None,Move,office
1571312414.149,993,692,None,Move,office
1571312414.157,993,690,None,Move,office
1571312414.165,993,689,None,Move,office
1571312414.1720002,993,688,None,Move,office
1571312414.179,993,688,None,Move,office
1571312414.359,994,688,None,Move,office
1571312414.375,1000,690,None,Move,office
1571312414.383,1002,691,None,Move,office
1571312414.3920002,1003,691,None,Move,office
1571312414.397,1005,691,None,Move,office
1571312414.406,1006,691,None,Move,office
1571312414.438,1006,691,None,Move,office
1571312414.461,1008,691,None,Move,office
1571312414.475,1009,690,None,Move,office
1571312414.4910002,1011,689,None,Move,office
1571312414.508,1011,688,None,Move,office
1571312414.531,1011,688,None,Move,office
1571312414.788,1012,686,None,Move,office
1571312414.795,1014,686,None,Move,office
1571312414.804,1014,685,None,Move,office
1571312414.819,1015,685,None,Move,office
1571312414.8979998,1015,684,None,Move,office
1571312414.9120002,1017,683,None,Move,office
1571312414.928,1019,683,None,Move,office
1571312414.935,1019,683,None,Move,office
1571312414.9429998,1020,683,None,Move,office
1571312415.6520002,1021,683,None,Move,office
1571312415.668,1052,690,None,Move,office
1571312415.676,1097,694,None,Move,office
1571312415.684,1154,698,None,Move,office
1571312415.6920002,1212,704,None,Move,office
1571312415.699,1274,706,None,Move,office
1571312415.705,1340,708,None,Move,office
1571312415.7129998,1405,710,None,Move,office
1571312415.721,1475,710,None,Move,office
1571312415.729,1553,710,None,Move,office
1571312415.7370002,1634,710,None,Move,office
1571312415.745,1726,708,None,Move,office
1571312415.7529998,1818,706,None,Move,office
1571312415.7610002,1908,702,None,Move,office
1571312415.783,2003,697,None,Move,office
1571312415.785,2196,682,None,Move,office
1571312415.791,2288,675,None,Move,office
1571312415.799,2384,666,None,Move,office
1571312415.8070002,2471,660,None,Move,office
1571312415.815,2552,653,None,Move,office
1571312415.824,2627,645,None,Move,office
1571312415.832,2692,641,None,Move,office
1571312415.837,2747,635,None,Move,office
1571312415.845,2805,631,None,Move,office
1571312415.853,2851,629,None,Move,office
1571312415.8620002,2892,627,None,Move,office
1571312415.87,2930,627,None,Move,office
1571312415.877,2961,626,None,Move,office
1571312415.885,2985,626,None,Move,office
1571312415.894,3007,626,None,Move,office
1571312415.901,3026,626,None,Move,office
1571312415.909,3041,626,None,Move,office
1571312415.915,3059,626,None,Move,office
1571312415.924,3074,626,None,Move,office
1571312415.931,3090,627,None,Move,office
1571312415.939,3103,627,None,Move,office
1571312415.947,3117,628,None,Move,office
1571312415.955,3133,628,None,Move,office
1571312415.9629998,3146,628,None,Move,office
1571312415.971,3164,628,None,Move,office
1571312415.98,3184,628,None,Move,office
1571312415.986,3203,628,None,Move,office
1571312415.9929998,3220,628,None,Move,office
1571312416.0010002,3233,627,None,Move,office
1571312416.0089998,3244,626,None,Move,office
1571312416.0170002,3251,624,None,Move,office
1571312416.025,3257,622,None,Move,office
1571312416.033,3257,622,None,Move,office
1571312416.041,3258,621,None,Move,office
1571312416.049,3259,621,None,Move,office
1571312416.055,3259,620,None,Move,office
1571312416.063,3260,619,None,Move,office
1571312416.079,3261,615,None,Move,office
1571312416.087,3262,612,None,Move,office
1571312416.096,3263,610,None,Move,office
1571312416.103,3264,606,None,Move,office
1571312416.111,3264,603,None,Move,office
1571312416.12,3264,601,None,Move,office
1571312416.127,3262,599,None,Move,office
1571312416.133,3262,598,None,Move,office
1571312416.1420002,3257,595,None,Move,office
1571312416.149,3253,593,None,Move,office
1571312416.157,3246,590,None,Move,office
1571312416.165,3237,587,None,Move,office
1571312416.173,3226,584,None,Move,office
1571312416.181,3215,578,None,Move,office
1571312416.189,3201,574,None,Move,office
1571312416.198,3189,568,None,Move,office
1571312416.2029998,3177,565,None,Move,office
1571312416.211,3162,559,None,Move,office
1571312416.219,3153,554,None,Move,office
1571312416.228,3142,550,None,Move,office
1571312416.236,3132,547,None,Move,office
1571312416.2429998,3126,544,None,Move,office
1571312416.2510002,3120,542,None,Move,office
1571312416.2589998,3118,541,None,Move,office
1571312416.2670002,3117,540,None,Move,office
1571312416.351,3117,540,Left,Pressed,browsing
1571312416.351,3117,540,None,Drag,browsing
1571312416.351,3117,540,Left,Released,browsing
1571312425.2429998,3117,539,None,Move,browsing
1571312425.2570002,3132,525,None,Move,browsing
1571312425.265,3141,516,None,Move,browsing
1571312425.2729998,3149,509,None,Move,browsing
1571312425.281,3156,504,None,Move,browsing
1571312425.289,3161,501,None,Move,browsing
1571312425.2970002,3163,500,None,Move,browsing
1571312425.305,3164,499,None,Move,browsing
1571312426.091,3164,499,None,Move,browsing
1571312426.107,3164,498,None,Move,browsing
1571312426.115,3162,496,None,Move,browsing
1571312426.123,3160,495,None,Move,browsing
1571312426.129,3154,493,None,Move,browsing
1571312426.137,3148,490,None,Move,browsing
1571312426.145,3141,488,None,Move,browsing
1571312426.153,3134,486,None,Move,browsing
1571312426.1620002,3126,483,None,Move,browsing
1571312426.17,3119,482,None,Move,browsing
1571312426.178,3112,481,None,Move,browsing
1571312426.186,3105,481,None,Move,browsing
1571312426.194,3102,480,None,Move,browsing
1571312426.199,3098,480,None,Move,browsing
1571312426.207,3094,480,None,Move,browsing
1571312426.216,3092,480,None,Move,browsing
1571312426.2229998,3088,480,None,Move,browsing
1571312426.232,3084,480,None,Move,browsing
1571312426.24,3080,480,None,Move,browsing
1571312426.248,3075,481,None,Move,browsing
1571312426.255,3071,482,None,Move,browsing
1571312426.2629998,3066,483,None,Move,browsing
1571312426.269,3063,484,None,Move,browsing
1571312426.2770002,3060,485,None,Move,browsing
1571312426.285,3058,485,None,Move,browsing
1571312426.294,3057,485,None,Move,browsing
1571312426.302,3057,485,None,Move,browsing
1571312426.31,3056,485,None,Move,browsing
1571312426.3170002,3055,486,None,Move,browsing
1571312426.465,3054,486,None,Move,browsing
1571312426.481,3054,484,None,Move,browsing
1571312426.495,3053,483,None,Move,browsing
1571312426.5029998,3052,482,None,Move,browsing
1571312426.5110002,3052,480,None,Move,browsing
1571312426.5270002,3051,480,None,Move,browsing
1571312426.535,3050,478,None,Move,browsing
1571312426.543,3048,478,None,Move,browsing
1571312426.551,3047,477,None,Move,browsing
1571312426.5570002,3044,476,None,Move,browsing
1571312426.565,3037,476,None,Move,browsing
1571312426.573,3031,476,None,Move,browsing
1571312426.582,3021,476,None,Move,browsing
1571312426.59,3010,478,None,Move,browsing
1571312426.597,2994,480,None,Move,browsing
1571312426.605,2973,482,None,Move,browsing
1571312426.613,2944,487,None,Move,browsing
1571312426.6220002,2916,489,None,Move,browsing
1571312426.627,2888,492,None,Move,browsing
1571312426.635,2868,493,None,Move,browsing
1571312426.644,2855,493,None,Move,browsing
1571312426.651,2846,493,None,Move,browsing
1571312426.66,2840,493,None,Move,browsing
1571312426.667,2839,493,None,Move,browsing
1571312426.675,2838,492,None,Move,browsing
1571312426.684,2838,491,None,Move,browsing
1571312426.699,2838,491,None,Move,browsing
1571312426.705,2842,491,None,Move,browsing
1571312426.7129998,2846,491,None,Move,browsing
1571312426.721,2853,490,None,Move,browsing
1571312426.729,2861,490,None,Move,browsing
1571312426.955,2861,490,None,Move,browsing
1571312426.9629998,2859,492,None,Move,browsing
1571312426.972,2856,493,None,Move,browsing
1571312426.979,2851,495,None,Move,browsing
1571312426.9870002,2849,496,None,Move,browsing
1571312426.994,2845,497,None,Move,browsing
1571312427.002,2841,497,None,Move,browsing
1571312427.01,2839,497,None,Move,browsing
1571312427.0170002,2839,497,None,Move,browsing
1571312427.025,2837,497,None,Move,browsing
1571312427.033,2837,497,None,Move,browsing
1571312427.042,2836,497,None,Move,browsing
1571312427.063,2836,497,None,Move,browsing
1571312427.08,2838,495,None,Move,browsing
1571312427.0879998,2846,488,None,Move,browsing
1571312427.095,2859,484,None,Move,browsing
1571312427.104,2874,479,None,Move,browsing
1571312427.1120002,2897,472,None,Move,browsing
1571312427.12,2924,462,None,Move,browsing
1571312427.1279998,2954,454,None,Move,browsing
1571312427.1360002,2987,443,None,Move,browsing
1571312427.1420002,3017,433,None,Move,browsing
1571312427.15,3049,426,None,Move,browsing
1571312427.158,3073,422,None,Move,browsing
1571312427.165,3099,417,None,Move,browsing
1571312427.173,3119,416,None,Move,browsing
1571312427.1820002,3137,414,None,Move,browsing
1571312427.19,3149,411,None,Move,browsing
1571312427.197,3159,409,None,Move,browsing
1571312427.2029998,3168,406,None,Move,browsing
1571312427.211,3175,404,None,Move,browsing
1571312427.219,3181,401,None,Move,browsing
1571312427.228,3185,398,None,Move,browsing
1571312427.235,3187,397,None,Move,browsing
1571312427.2429998,3189,395,None,Move,browsing
1571312427.2510002,3190,393,None,Move,browsing
1571312427.2589998,3191,391,None,Move,browsing
1571312427.268,3191,387,None,Move,browsing
1571312427.274,3193,384,None,Move,browsing
1571312427.281,3194,381,None,Move,browsing
1571312427.289,3196,379,None,Move,browsing
1571312427.2970002,3200,377,None,Move,browsing
1571312427.306,3204,374,None,Move,browsing
1571312427.314,3211,371,None,Move,browsing
1571312427.321,3216,370,None,Move,browsing
1571312427.33,3223,368,None,Move,browsing
1571312427.3379998,3229,365,None,Move,browsing
1571312427.345,3233,364,None,Move,browsing
1571312427.351,3240,361,None,Move,browsing
1571312427.359,3241,360,None,Move,browsing
1571312427.367,3244,360,None,Move,browsing
1571312427.3760002,3246,360,None,Move,browsing
1571312427.3839998,3246,359,None,Move,browsing
1571312427.399,3248,359,None,Move,browsing
1571312427.407,3248,358,None,Move,browsing
1571312427.415,3249,358,None,Move,browsing
1571312427.423,3252,357,None,Move,browsing
1571312427.43,3252,356,None,Move,browsing
1571312427.438,3253,356,None,Move,browsing
1571312427.446,3254,356,None,Move,browsing
1571312427.462,3254,356,None,Move,browsing
1571312427.4770002,3255,356,None,Move,browsing
1571312427.5,3255,355,None,Move,browsing
1571312427.516,3256,355,None,Move,browsing
1571312427.593,3256,355,None,Move,browsing
1571312427.609,3256,353,None,Move,browsing
1571312427.6179998,3256,352,None,Move,browsing
1571312427.625,3257,352,None,Move,browsing
1571312427.633,3257,350,None,Move,browsing
1571312427.639,3258,348,None,Move,browsing
1571312427.647,3260,348,None,Move,browsing
1571312427.655,3260,346,None,Move,browsing
1571312427.664,3262,345,None,Move,browsing
1571312427.671,3262,344,None,Move,browsing
1571312427.68,3263,343,None,Move,browsing
1571312427.688,3264,342,None,Move,browsing
1571312427.696,3265,341,None,Move,browsing
1571312427.704,3267,340,None,Move,browsing
1571312427.709,3267,339,None,Move,browsing
1571312427.718,3268,339,None,Move,browsing
1571312427.725,3268,337,None,Move,browsing
1571312427.7410002,3268,337,None,Move,browsing
1571312427.7489998,3269,336,None,Move,browsing
1571312427.765,3270,335,None,Move,browsing
1571312427.7729998,3270,334,None,Move,browsing
1571312427.7870002,3270,333,None,Move,browsing
1571312427.803,3270,333,None,Move,browsing
1571312427.865,3270,332,None,Move,browsing
1571312427.881,3270,331,None,Move,browsing
1571312427.897,3270,330,None,Move,browsing
1571312427.914,3270,330,None,Move,browsing
1571312427.928,3270,329,None,Move,browsing
1571312428.0679998,3270,328,None,Move,browsing
1571312428.083,3271,326,None,Move,browsing
1571312428.092,3273,321,None,Move,browsing
1571312428.1,3274,320,None,Move,browsing
1571312428.107,3276,316,None,Move,browsing
1571312428.1160002,3280,311,None,Move,browsing
1571312428.123,3287,303,None,Move,browsing
1571312428.131,3292,300,None,Move,browsing
1571312428.139,3302,294,None,Move,browsing
1571312428.145,3311,290,None,Move,browsing
1571312428.153,3322,286,None,Move,browsing
1571312428.161,3334,282,None,Move,browsing
1571312428.169,3344,278,None,Move,browsing
1571312428.177,3357,274,None,Move,browsing
1571312428.185,3375,269,None,Move,browsing
1571312428.1929998,3396,265,None,Move,browsing
1571312428.201,3421,257,None,Move,browsing
1571312428.21,3450,249,None,Move,browsing
1571312428.216,3483,239,None,Move,browsing
1571312428.224,3514,227,None,Move,browsing
1571312428.232,3547,213,None,Move,browsing
1571312428.24,3579,197,None,Move,browsing
1571312428.2470002,3602,188,None,Move,browsing
1571312428.255,3625,175,None,Move,browsing
1571312428.2629998,3648,165,None,Move,browsing
1571312428.271,3664,157,None,Move,browsing
1571312428.279,3676,151,None,Move,browsing
1571312428.285,3685,147,None,Move,browsing
1571312428.293,3693,144,None,Move,browsing
1571312428.301,3697,141,None,Move,browsing
1571312428.309,3700,139,None,Move,browsing
1571312428.3170002,3701,138,None,Move,browsing
1571312428.325,3703,136,None,Move,browsing
1571312428.333,3703,135,None,Move,browsing
1571312428.341,3703,134,None,Move,browsing
1571312428.355,3703,133,None,Move,browsing
1571312428.3639998,3703,130,None,Move,browsing
1571312428.3720002,3703,128,None,Move,browsing
1571312428.379,3703,124,None,Move,browsing
1571312428.387,3703,121,None,Move,browsing
1571312428.395,3703,117,None,Move,browsing
1571312428.404,3703,115,None,Move,browsing
1571312428.411,3703,111,None,Move,browsing
1571312428.419,3704,109,None,Move,browsing
1571312428.427,3705,107,None,Move,browsing
1571312428.4329998,3706,104,None,Move,browsing
1571312428.4420002,3707,101,None,Move,browsing
1571312428.449,3708,99,None,Move,browsing
1571312428.46,3709,97,None,Move,browsing
1571312428.466,3710,94,None,Move,browsing
1571312428.4729998,3710,92,None,Move,browsing
1571312428.481,3713,87,None,Move,browsing
1571312428.49,3714,85,None,Move,browsing
1571312428.4970002,3715,82,None,Move,browsing
1571312428.504,3717,80,None,Move,browsing
1571312428.512,3718,77,None,Move,browsing
1571312428.52,3720,77,None,Move,browsing
1571312428.528,3721,76,None,Move,browsing
1571312428.536,3723,74,None,Move,browsing
1571312428.544,3725,73,None,Move,browsing
1571312428.552,3728,71,None,Move,browsing
1571312428.56,3730,69,None,Move,browsing
1571312428.5670002,3735,67,None,Move,browsing
1571312428.574,3739,66,None,Move,browsing
1571312428.581,3741,65,None,Move,browsing
1571312428.589,3743,64,None,Move,browsing
1571312428.597,3743,64,None,Move,browsing
1571312428.613,3744,64,None,Move,browsing
1571312428.6379998,3744,64,None,Move,browsing
1571312428.6520002,3745,64,None,Move,browsing
1571312428.6920002,3745,64,None,Move,browsing
1571312428.8620002,3745,64,Left,Pressed,browsing
1571312428.955,3745,64,Left,Released,browsing
1571312429.049,3745,64,None,Move,browsing
1571312429.066,3743,64,None,Move,browsing
1571312429.073,3743,65,None,Move,browsing
1571312429.079,3741,65,None,Move,browsing
1571312429.0879998,3738,67,None,Move,browsing
1571312429.095,3733,71,None,Move,browsing
1571312429.103,3730,73,None,Move,browsing
1571312429.111,3725,77,None,Move,browsing
1571312429.119,3720,82,None,Move,browsing
1571312429.127,3712,90,None,Move,browsing
1571312429.135,3704,99,None,Move,browsing
1571312429.144,3688,113,None,Move,browsing
1571312429.15,3668,130,None,Move,browsing
1571312429.157,3643,148,None,Move,browsing
1571312429.165,3608,168,None,Move,browsing
1571312429.173,3566,189,None,Move,browsing
1571312429.181,3519,209,None,Move,browsing
1571312429.189,3472,227,None,Move,browsing
1571312429.197,3429,238,None,Move,browsing
1571312429.205,3386,247,None,Move,browsing
1571312429.2129998,3347,254,None,Move,browsing
1571312429.219,3310,260,None,Move,browsing
1571312429.2270002,3278,265,None,Move,browsing
1571312429.236,3251,266,None,Move,browsing
1571312429.2429998,3228,268,None,Move,browsing
1571312429.2510002,3209,268,None,Move,browsing
1571312429.2589998,3194,268,None,Move,browsing
1571312429.2670002,3181,268,None,Move,browsing
1571312429.275,3169,268,None,Move,browsing
1571312429.283,3161,268,None,Move,browsing
1571312429.292,3154,267,None,Move,browsing
1571312429.298,3149,266,None,Move,browsing
1571312429.306,3146,266,None,Move,browsing
1571312429.314,3144,266,None,Move,browsing
1571312429.322,3144,266,None,Move,browsing
1571312429.329,3143,266,None,Move,browsing
1571312429.345,3143,266,None,Move,browsing
1571312429.3620002,3141,266,None,Move,browsing
1571312429.3679998,3139,269,None,Move,browsing
1571312429.3760002,3138,270,None,Move,browsing
1571312429.383,3136,273,None,Move,browsing
1571312429.3920002,3133,278,None,Move,browsing
1571312429.4,3132,280,None,Move,browsing
1571312429.407,3130,284,None,Move,browsing
1571312429.415,3127,289,None,Move,browsing
1571312429.424,3127,291,None,Move,browsing
1571312429.431,3125,294,None,Move,browsing
1571312429.438,3124,296,None,Move,browsing
1571312429.445,3124,297,None,Move,browsing
1571312429.4529998,3123,299,None,Move,browsing
1571312429.462,3121,303,None,Move,browsing
1571312429.47,3121,305,None,Move,browsing
1571312429.478,3119,308,None,Move,browsing
1571312429.486,3118,310,None,Move,browsing
1571312429.4929998,3117,312,None,Move,browsing
1571312429.502,3115,315,None,Move,browsing
1571312429.5070002,3114,317,None,Move,browsing
1571312429.515,3113,317,None,Move,browsing
1571312429.532,3113,318,None,Move,browsing
1571312429.593,3115,319,None,Move,browsing
1571312429.6020002,3118,320,None,Move,browsing
1571312429.61,3122,321,None,Move,browsing
1571312429.6179998,3127,322,None,Move,browsing
1571312429.6260002,3131,323,None,Move,browsing
1571312429.6339998,3133,323,None,Move,browsing
1571312429.641,3137,323,None,Move,browsing
1571312429.647,3141,323,None,Move,browsing
1571312429.655,3144,323,None,Move,browsing
1571312429.663,3146,323,None,Move,browsing
1571312429.671,3150,323,None,Move,browsing
1571312429.679,3152,323,None,Move,browsing
1571312429.687,3154,323,None,Move,browsing
1571312429.696,3155,323,None,Move,browsing
1571312429.704,3157,323,None,Move,browsing
1571312429.712,3157,322,None,Move,browsing
1571312429.725,3158,322,None,Move,browsing
1571312429.75,3158,321,None,Move,browsing
1571312429.766,3158,319,None,Move,browsing
1571312429.7729998,3158,318,None,Move,browsing
1571312429.789,3158,318,None,Move,browsing
1571312429.905,3159,318,None,Move,browsing
1571312429.921,3159,318,None,Move,browsing
1571312429.93,3164,318,None,Move,browsing
1571312429.937,3171,318,None,Move,browsing
1571312429.9429998,3177,318,None,Move,browsing
1571312429.951,3181,318,None,Move,browsing
1571312429.959,3186,318,None,Move,browsing
1571312429.967,3188,318,None,Move,browsing
1571312429.975,3191,318,None,Move,browsing
1571312429.9829998,3193,318,None,Move,browsing
1571312429.9910002,3195,318,None,Move,browsing
1571312429.9989998,3195,318,None,Move,browsing
1571312430.0070002,3196,318,None,Move,browsing
1571312430.021,3196,318,None,Move,browsing
1571312430.077,3196,318,None,Move,browsing
1571312430.1,3198,318,None,Move,browsing
1571312430.107,3200,318,None,Move,browsing
1571312430.1160002,3200,318,None,Move,browsing
1571312430.123,3201,318,None,Move,browsing
1571312430.1320002,3203,318,None,Move,browsing
1571312430.14,3204,318,None,Move,browsing
1571312430.1479998,3207,318,None,Move,browsing
1571312430.154,3210,319,None,Move,browsing
1571312430.1620002,3212,320,None,Move,browsing
1571312430.169,3216,320,None,Move,browsing
1571312430.177,3218,320,None,Move,browsing
1571312430.185,3221,320,None,Move,browsing
1571312430.1929998,3224,320,None,Move,browsing
1571312430.202,3225,320,None,Move,browsing
1571312430.209,3226,320,None,Move,browsing
1571312430.226,3227,320,None,Move,browsing
1571312430.232,3228,320,None,Move,browsing
1571312430.256,3229,320,None,Move,browsing
1571312430.271,3231,320,None,Move,browsing
1571312430.279,3235,320,None,Move,browsing
1571312430.288,3240,320,None,Move,browsing
1571312430.294,3244,320,None,Move,browsing
1571312430.302,3247,319,None,Move,browsing
1571312430.31,3250,319,None,Move,browsing
1571312430.3179998,3252,318,None,Move,browsing
1571312430.326,3256,318,None,Move,browsing
1571312430.333,3258,317,None,Move,browsing
1571312430.342,3260,317,None,Move,browsing
1571312430.349,3260,317,None,Move,browsing
1571312430.3579998,3261,317,None,Move,browsing
1571312430.365,3261,317,None,Move,browsing
1571312430.379,3262,317,None,Move,browsing
1571312430.396,3264,317,None,Move,browsing
1571312430.411,3265,317,None,Move,browsing
1571312430.419,3266,317,None,Move,browsing
1571312430.427,3267,317,None,Move,browsing
1571312430.675,3267,317,Left,Pressed,browsing
1571312430.801,3267,317,Left,Released,browsing
1571312430.863,3267,317,None,Move,browsing
1571312430.8720002,3265,317,None,Move,browsing
1571312430.877,3263,317,None,Move,browsing
1571312430.8860002,3262,317,None,Move,browsing
1571312430.894,3261,319,None,Move,browsing
1571312430.9020002,3261,321,None,Move,browsing
1571312430.909,3261,325,None,Move,browsing
1571312430.917,3264,329,None,Move,browsing
1571312430.926,3266,332,None,Move,browsing
1571312430.934,3273,337,None,Move,browsing
1571312430.941,3283,341,None,Move,browsing
1571312431.165,3283,340,None,Move,browsing
1571312431.173,3283,340,None,Move,browsing
1571312431.181,3283,345,None,Move,browsing
1571312431.189,3283,349,None,Move,browsing
1571312431.197,3282,357,None,Move,browsing
1571312431.205,3280,364,None,Move,browsing
1571312431.2129998,3276,370,None,Move,browsing
1571312431.222,3270,376,None,Move,browsing
1571312431.23,3260,385,None,Move,browsing
1571312431.238,3252,393,None,Move,browsing
1571312431.244,3246,399,None,Move,browsing
1571312431.252,3241,404,None,Move,browsing
1571312431.2589998,3235,410,None,Move,browsing
1571312431.2670002,3228,418,None,Move,browsing
1571312431.275,3220,429,None,Move,browsing
1571312431.284,3210,444,None,Move,browsing
1571312431.291,3204,455,None,Move,browsing
1571312431.299,3194,468,None,Move,browsing
1571312431.3070002,3184,483,None,Move,browsing
1571312431.314,3170,498,None,Move,browsing
1571312431.322,3159,510,None,Move,browsing
1571312431.33,3144,525,None,Move,browsing
1571312431.337,3132,538,None,Move,browsing
1571312431.346,3112,557,None,Move,browsing
1571312431.353,3094,573,None,Move,browsing
1571312431.361,3074,592,None,Move,browsing
1571312431.369,3057,604,None,Move,browsing
1571312431.375,3038,618,None,Move,browsing
1571312431.383,3019,628,None,Move,browsing
1571312431.3920002,3004,635,None,Move,browsing
1571312431.4,2986,643,None,Move,browsing
1571312431.407,2974,648,None,Move,browsing
1571312431.415,2962,651,None,Move,browsing
1571312431.424,2946,655,None,Move,browsing
1571312431.4320002,2934,656,None,Move,browsing
1571312431.44,2922,657,None,Move,browsing
1571312431.445,2913,659,None,Move,browsing
1571312431.454,2902,660,None,Move,browsing
1571312431.462,2895,661,None,Move,browsing
1571312431.47,2891,662,None,Move,browsing
1571312431.478,2885,662,None,Move,browsing
1571312431.486,2881,662,None,Move,browsing
1571312431.494,2879,662,None,Move,browsing
1571312431.5010002,2878,662,None,Move,browsing
1571312431.5089998,2878,662,None,Move,browsing
1571312431.518,2877,662,None,Move,browsing
1571312431.587,2878,662,None,Move,browsing
1571312431.61,2878,662,None,Move,browsing
1571312431.649,2879,661,None,Move,browsing
1571312431.671,2879,661,None,Move,browsing
1571312431.688,2880,661,None,Move,browsing
1571312432.373,2880,659,None,Move,browsing
1571312432.3820002,2880,658,None,Move,browsing
1571312432.389,2880,656,None,Move,browsing
1571312432.395,2880,656,None,Move,browsing
1571312432.4020002,2879,653,None,Move,browsing
1571312432.411,2878,650,None,Move,browsing
1571312432.42,2874,644,None,Move,browsing
1571312432.427,2869,637,None,Move,browsing
1571312432.435,2856,624,None,Move,browsing
1571312432.444,2830,599,None,Move,browsing
1571312432.452,2799,574,None,Move,browsing
1571312432.459,2758,543,None,Move,browsing
1571312432.465,2712,513,None,Move,browsing
1571312432.4729998,2667,489,None,Move,browsing
1571312432.481,2620,466,None,Move,browsing
1571312432.4889998,2576,448,None,Move,browsing
1571312432.498,2540,436,None,Move,browsing
1571312432.506,2518,430,None,Move,browsing
1571312432.5129998,2497,426,None,Move,browsing
1571312432.521,2485,424,None,Move,browsing
1571312432.53,2473,421,None,Move,browsing
1571312432.536,2466,418,None,Move,browsing
1571312432.543,2459,416,None,Move,browsing
1571312432.551,2455,415,None,Move,browsing
1571312432.559,2453,413,None,Move,browsing
1571312432.5670002,2451,412,None,Move,browsing
1571312432.575,2450,411,None,Move,browsing
1571312432.583,2450,411,None,Move,browsing
1571312432.591,2450,410,None,Move,browsing
1571312432.629,2450,409,None,Move,browsing
1571312432.653,2450,404,None,Move,browsing
1571312432.661,2450,402,None,Move,browsing
1571312432.669,2450,400,None,Move,browsing
1571312432.677,2450,399,None,Move,browsing
1571312432.6829998,2450,399,None,Move,browsing
1571312432.7,2450,397,None,Move,browsing
1571312432.769,2449,397,Left,Pressed,browsing
1571312432.77,2449,397,None,Drag,browsing
1571312432.794,2449,397,None,Drag,browsing
1571312432.794,2449,397,Left,Released,browsing
1571312432.91,2440,395,None,Move,browsing
1571312432.917,2436,392,None,Move,browsing
1571312432.926,2429,389,None,Move,browsing
1571312432.934,2420,386,None,Move,browsing
1571312432.9420002,2410,382,None,Move,browsing
1571312432.95,2399,377,None,Move,browsing
1571312432.957,2385,371,None,Move,browsing
1571312432.965,2367,363,None,Move,browsing
1571312432.972,2350,356,None,Move,browsing
1571312432.979,2329,346,None,Move,browsing
1571312432.9870002,2304,335,None,Move,browsing
1571312432.995,2278,322,None,Move,browsing
1571312433.0029998,2255,311,None,Move,browsing
1571312433.012,2231,298,None,Move,browsing
1571312433.02,2211,291,None,Move,browsing
1571312433.0270002,2196,284,None,Move,browsing
1571312433.035,2184,280,None,Move,browsing
1571312433.042,2173,277,None,Move,browsing
1571312433.05,2166,275,None,Move,browsing
1571312433.0570002,2157,273,None,Move,browsing
1571312433.066,2150,271,None,Move,browsing
1571312433.073,2145,269,None,Move,browsing
1571312433.081,2141,266,None,Move,browsing
1571312433.089,2138,266,None,Move,browsing
1571312433.097,2135,263,None,Move,browsing
1571312433.105,2131,261,None,Move,browsing
1571312433.113,2128,258,None,Move,browsing
1571312433.119,2124,256,None,Move,browsing
1571312433.127,2122,255,None,Move,browsing
1571312433.1360002,2118,254,None,Move,browsing
1571312433.144,2112,252,None,Move,browsing
1571312433.1520002,2108,251,None,Move,browsing
1571312433.159,2104,251,None,Move,browsing
1571312433.168,2097,249,None,Move,browsing
1571312433.176,2091,248,None,Move,browsing
1571312433.184,2084,247,None,Move,browsing
1571312433.19,2075,246,None,Move,browsing
1571312433.197,2067,245,None,Move,browsing
1571312433.205,2061,244,None,Move,browsing
1571312433.2129998,2056,244,None,Move,browsing
1571312433.221,2050,244,None,Move,browsing
1571312433.23,2048,244,None,Move,browsing
1571312433.238,2046,244,None,Move,browsing
1571312433.245,2045,244,None,Move,browsing
1571312433.2510002,2045,244,None,Move,browsing
1571312433.2589998,2044,244,None,Move,browsing
1571312433.268,2044,244,None,Move,browsing
1571312433.291,2043,245,None,Move,browsing
1571312433.3079998,2042,245,None,Move,browsing
1571312433.329,2041,245,None,Move,browsing
1571312433.3379998,2038,245,None,Move,browsing
1571312433.346,2035,245,None,Move,browsing
1571312433.353,2033,244,None,Move,browsing
1571312433.3620002,2030,243,None,Move,browsing
1571312433.37,2028,241,None,Move,browsing
1571312433.377,2023,239,None,Move,browsing
1571312433.3860002,2021,237,None,Move,browsing
1571312433.394,2018,235,None,Move,browsing
1571312433.399,2013,232,None,Move,browsing
1571312433.407,2008,227,None,Move,browsing
1571312433.415,2003,219,None,Move,browsing
1571312433.424,1999,215,None,Move,browsing
1571312433.4320002,1998,212,None,Move,browsing
1571312433.439,1994,209,None,Move,browsing
1571312433.447,1993,208,None,Move,browsing
1571312433.455,1993,206,None,Move,browsing
1571312433.4629998,1992,206,None,Move,browsing
1571312433.5170002,1992,206,None,Move,browsing
1571312433.541,1993,207,None,Move,browsing
1571312433.5470002,1993,210,None,Move,browsing
1571312433.556,1994,212,None,Move,browsing
1571312433.563,1994,212,None,Move,browsing
1571312433.571,1994,214,None,Move,browsing
1571312433.58,1995,217,None,Move,browsing
1571312433.5879998,1995,217,None,Move,browsing
1571312433.595,1995,218,None,Move,browsing
1571312433.603,1996,221,None,Move,browsing
1571312433.6120002,1996,221,None,Move,browsing
1571312433.617,1997,222,None,Move,browsing
1571312433.633,1997,223,None,Move,browsing
1571312433.688,1997,224,None,Move,browsing
1571312433.7029998,1997,225,None,Move,browsing
1571312433.719,1997,227,None,Move,browsing
1571312433.728,1998,228,None,Move,browsing
1571312433.736,1999,229,None,Move,browsing
1571312433.744,1999,230,None,Move,browsing
1571312433.7510002,2000,231,None,Move,browsing
1571312433.8920002,2000,231,None,Move,browsing
1571312433.905,2001,230,None,Move,browsing
1571312433.929,2001,230,None,Move,browsing
1571312433.984,2001,230,Left,Pressed,browsing
1571312434.109,2001,230,Left,Released,browsing
1571312434.265,2002,230,None,Move,browsing
1571312434.279,2005,230,None,Move,browsing
1571312434.2870002,2008,230,None,Move,browsing
1571312434.295,2012,231,None,Move,browsing
1571312434.303,2019,233,None,Move,browsing
1571312434.311,2029,236,None,Move,browsing
1571312434.319,2043,241,None,Move,browsing
1571312434.327,2068,252,None,Move,browsing
1571312434.335,2109,267,None,Move,browsing
1571312434.341,2154,284,None,Move,browsing
1571312434.349,2198,304,None,Move,browsing
1571312434.357,2253,324,None,Move,browsing
1571312434.365,2305,344,None,Move,browsing
1571312434.373,2356,358,None,Move,browsing
1571312434.381,2407,370,None,Move,browsing
1571312434.389,2458,381,None,Move,browsing
1571312434.3979998,2509,395,None,Move,browsing
1571312434.406,2557,405,None,Move,browsing
1571312434.411,2602,412,None,Move,browsing
1571312434.419,2644,418,None,Move,browsing
1571312434.427,2681,425,None,Move,browsing
1571312434.436,2711,431,None,Move,browsing
1571312434.444,2738,438,None,Move,browsing
1571312434.452,2754,441,None,Move,browsing
1571312434.459,2766,444,None,Move,browsing
1571312434.468,2770,445,None,Move,browsing
1571312434.475,2772,445,None,Move,browsing
1571312434.522,2770,445,None,Move,browsing
1571312434.529,2769,444,None,Move,browsing
1571312434.538,2767,443,None,Move,browsing
1571312434.545,2766,443,None,Move,browsing
1571312434.553,2765,442,None,Move,browsing
1571312434.559,2764,442,None,Move,browsing
1571312434.576,2764,442,None,Move,browsing
1571312434.911,2763,442,None,Move,browsing
1571312434.917,2760,441,None,Move,browsing
1571312434.925,2756,440,None,Move,browsing
1571312434.934,2751,438,None,Move,browsing
1571312434.9420002,2744,436,None,Move,browsing
1571312434.949,2736,432,None,Move,browsing
1571312434.957,2724,426,None,Move,browsing
1571312434.965,2713,418,None,Move,browsing
1571312434.974,2702,409,None,Move,browsing
1571312434.982,2683,391,None,Move,browsing
1571312434.99,2663,372,None,Move,browsing
1571312434.995,2642,353,None,Move,browsing
1571312435.004,2620,334,None,Move,browsing
1571312435.012,2605,320,None,Move,browsing
1571312435.02,2595,311,None,Move,browsing
1571312435.0270002,2586,305,None,Move,browsing
1571312435.036,2580,299,None,Move,browsing
1571312435.043,2577,297,None,Move,browsing
1571312435.051,2573,293,None,Move,browsing
1571312435.059,2568,290,None,Move,browsing
1571312435.066,2566,288,None,Move,browsing
1571312435.074,2561,285,None,Move,browsing
1571312435.082,2556,283,None,Move,browsing
1571312435.09,2552,280,None,Move,browsing
1571312435.097,2549,277,None,Move,browsing
1571312435.105,2545,276,None,Move,browsing
1571312435.113,2543,274,None,Move,browsing
1571312435.1220002,2540,273,None,Move,browsing
1571312435.13,2538,271,None,Move,browsing
1571312435.135,2535,270,None,Move,browsing
1571312435.143,2533,269,None,Move,browsing
1571312435.151,2531,267,None,Move,browsing
1571312435.159,2527,265,None,Move,browsing
1571312435.167,2522,261,None,Move,browsing
1571312435.175,2520,260,None,Move,browsing
1571312435.184,2517,257,None,Move,browsing
1571312435.191,2512,252,None,Move,browsing
1571312435.199,2510,250,None,Move,browsing
1571312435.205,2506,245,None,Move,browsing
1571312435.2129998,2502,238,None,Move,browsing
1571312435.222,2498,231,None,Move,browsing
1571312435.23,2494,225,None,Move,browsing
1571312435.238,2489,215,None,Move,browsing
1571312435.246,2484,206,None,Move,browsing
1571312435.2529998,2478,198,None,Move,browsing
1571312435.2610002,2472,188,None,Move,browsing
1571312435.269,2465,179,None,Move,browsing
1571312435.275,2461,173,None,Move,browsing
1571312435.284,2455,164,None,Move,browsing
1571312435.292,2453,161,None,Move,browsing
1571312435.3,2452,159,None,Move,browsing
1571312435.3070002,2450,157,None,Move,browsing
1571312435.315,2449,154,None,Move,browsing
1571312435.324,2448,154,None,Move,browsing
1571312435.339,2448,153,None,Move,browsing
1571312435.502,2446,153,None,Move,browsing
1571312435.5089998,2441,152,None,Move,browsing
1571312435.518,2439,152,None,Move,browsing
1571312435.525,2435,151,None,Move,browsing
1571312435.533,2430,150,None,Move,browsing
1571312435.541,2426,149,None,Move,browsing
1571312435.549,2422,148,None,Move,browsing
1571312435.5570002,2417,147,None,Move,browsing
1571312435.563,2415,147,None,Move,browsing
1571312435.572,2411,147,None,Move,browsing
1571312435.58,2411,147,None,Move,browsing
1571312435.587,2409,147,None,Move,browsing
1571312435.595,2408,147,None,Move,browsing
1571312435.611,2408,147,None,Move,browsing
1571312435.649,2407,147,None,Move,browsing
1571312435.673,2407,147,None,Move,browsing
1571312435.689,2406,147,None,Move,browsing
1571312435.711,2405,147,None,Move,browsing
1571312435.867,2405,148,None,Move,browsing
1571312435.891,2410,149,None,Move,browsing
1571312435.899,2414,150,None,Move,browsing
1571312435.907,2417,150,None,Move,browsing
1571312435.915,2421,150,None,Move,browsing
1571312435.923,2425,150,None,Move,browsing
1571312435.929,2428,150,None,Move,browsing
1571312435.937,2432,150,None,Move,browsing
1571312435.945,2434,150,None,Move,browsing
1571312435.9529998,2435,150,None,Move,browsing
1571312435.962,2436,150,None,Move,browsing
1571312435.97,2436,150,None,Move,browsing
1571312436.218,2437,150,None,Move,browsing
1571312436.2329998,2437,149,None,Move,browsing
1571312436.258,2439,148,None,Move,browsing
1571312436.451,2439,148,None,Move,browsing
1571312436.468,2438,148,None,Move,browsing
1571312436.4910002,2437,150,None,Move,browsing
1571312436.506,2436,151,None,Move,browsing
1571312436.529,2435,151,None,Move,browsing
1571312436.545,2435,153,None,Move,browsing
1571312436.57,2434,153,None,Move,browsing
1571312436.583,2434,153,None,Move,browsing
1571312436.607,2433,153,None,Move,browsing
1571312436.623,2433,154,None,Move,browsing
1571312436.647,2433,154,None,Move,browsing
1571312436.957,2433,154,Left,Pressed,browsing
1571312437.0670002,2433,154,Left,Released,browsing
1571312437.394,2432,156,None,Move,browsing
1571312437.4020002,2432,159,None,Move,browsing
1571312437.409,2431,161,None,Move,browsing
1571312437.417,2430,162,None,Move,browsing
1571312437.425,2428,167,None,Move,browsing
1571312437.4329998,2428,172,None,Move,browsing
1571312437.441,2428,176,None,Move,browsing
1571312437.447,2426,184,None,Move,browsing
1571312437.456,2426,193,None,Move,browsing
1571312437.4629998,2425,202,None,Move,browsing
1571312437.471,2424,210,None,Move,browsing
1571312437.479,2424,215,None,Move,browsing
1571312437.488,2421,224,None,Move,browsing
1571312437.496,2420,230,None,Move,browsing
1571312437.504,2418,239,None,Move,browsing
1571312437.512,2415,245,None,Move,browsing
1571312437.518,2412,252,None,Move,browsing
1571312437.525,2409,258,None,Move,browsing
1571312437.534,2407,262,None,Move,browsing
1571312437.541,2403,268,None,Move,browsing
1571312437.549,2399,273,None,Move,browsing
1571312437.5570002,2396,278,None,Move,browsing
1571312437.566,2393,283,None,Move,browsing
1571312437.574,2390,287,None,Move,browsing
1571312437.581,2385,295,None,Move,browsing
1571312437.587,2380,303,None,Move,browsing
1571312437.595,2373,313,None,Move,browsing
1571312437.603,2368,322,None,Move,browsing
1571312437.611,2361,333,None,Move,browsing
1571312437.619,2353,346,None,Move,browsing
1571312437.6279998,2343,364,None,Move,browsing
1571312437.635,2334,378,None,Move,browsing
1571312437.643,2323,396,None,Move,browsing
1571312437.651,2313,412,None,Move,browsing
1571312437.658,2302,431,None,Move,browsing
1571312437.666,2294,447,None,Move,browsing
1571312437.674,2286,460,None,Move,browsing
1571312437.681,2279,473,None,Move,browsing
1571312437.689,2270,487,None,Move,browsing
1571312437.697,2264,498,None,Move,browsing
1571312437.705,2259,508,None,Move,browsing
1571312437.7129998,2253,519,None,Move,browsing
1571312437.721,2248,530,None,Move,browsing
1571312437.729,2243,541,None,Move,browsing
1571312437.735,2239,552,None,Move,browsing
1571312437.7429998,2235,564,None,Move,browsing
1571312437.7510002,2231,576,None,Move,browsing
1571312437.7589998,2228,585,None,Move,browsing
1571312437.7670002,2226,593,None,Move,browsing
1571312437.775,2222,600,None,Move,browsing
1571312437.784,2219,607,None,Move,browsing
1571312437.792,2217,610,None,Move,browsing
1571312437.799,2215,613,None,Move,browsing
1571312437.806,2213,615,None,Move,browsing
1571312437.814,2213,617,None,Move,browsing
1571312437.822,2212,618,None,Move,browsing
1571312437.829,2211,618,None,Move,browsing
1571312437.845,2211,619,None,Move,browsing
1571312437.948,2211,618,None,Move,browsing
1571312437.954,2211,613,None,Move,browsing
1571312437.962,2207,603,None,Move,browsing
1571312437.97,2205,596,None,Move,browsing
1571312437.978,2201,585,None,Move,browsing
1571312437.986,2197,574,None,Move,browsing
1571312437.994,2191,564,None,Move,browsing
1571312438.0010002,2182,546,None,Move,browsing
1571312438.01,2172,528,None,Move,browsing
1571312438.018,2161,511,None,Move,browsing
1571312438.024,2147,487,None,Move,browsing
1571312438.032,2134,470,None,Move,browsing
1571312438.04,2124,456,None,Move,browsing
1571312438.0470002,2116,445,None,Move,browsing
1571312438.055,2112,436,None,Move,browsing
1571312438.064,2108,430,None,Move,browsing
1571312438.071,2105,427,None,Move,browsing
1571312438.079,2102,422,None,Move,browsing
1571312438.087,2101,420,None,Move,browsing
1571312438.094,2099,416,None,Move,browsing
1571312438.1020002,2097,410,None,Move,browsing
1571312438.11,2094,402,None,Move,browsing
1571312438.1179998,2093,393,None,Move,browsing
1571312438.1260002,2092,385,None,Move,browsing
1571312438.1339998,2092,377,None,Move,browsing
1571312438.141,2092,371,None,Move,browsing
1571312438.149,2092,365,None,Move,browsing
1571312438.157,2092,360,None,Move,browsing
1571312438.164,2092,355,None,Move,browsing
1571312438.1720002,2092,353,None,Move,browsing
1571312438.18,2093,349,None,Move,browsing
1571312438.187,2093,345,None,Move,browsing
1571312438.195,2093,341,None,Move,browsing
1571312438.204,2093,337,None,Move,browsing
1571312438.212,2093,330,None,Move,browsing
1571312438.219,2093,327,None,Move,browsing
1571312438.2270002,2093,323,None,Move,browsing
1571312438.236,2093,316,None,Move,browsing
1571312438.2410002,2094,312,None,Move,browsing
1571312438.2489998,2094,305,None,Move,browsing
1571312438.2570002,2094,298,None,Move,browsing
1571312438.265,2095,293,None,Move,browsing
1571312438.274,2095,287,None,Move,browsing
1571312438.282,2096,283,None,Move,browsing
1571312438.29,2096,282,None,Move,browsing
1571312438.2970002,2096,280,None,Move,browsing
1571312438.305,2096,279,None,Move,browsing
1571312438.319,2097,278,None,Move,browsing
1571312438.3820002,2097,279,None,Move,browsing
1571312438.397,2097,280,None,Move,browsing
1571312438.4829998,2096,280,None,Move,browsing
1571312438.508,2094,280,None,Move,browsing
1571312438.515,2092,278,None,Move,browsing
1571312438.524,2091,277,None,Move,browsing
1571312438.53,2090,276,None,Move,browsing
1571312438.5370002,2089,275,None,Move,browsing
1571312438.545,2088,272,None,Move,browsing
1571312438.553,2088,272,None,Move,browsing
1571312438.561,2087,270,None,Move,browsing
1571312438.57,2086,268,None,Move,browsing
1571312438.586,2086,268,None,Move,browsing
1571312438.592,2086,267,None,Move,browsing
1571312438.607,2085,267,None,Move,browsing
1571312438.623,2085,265,None,Move,browsing
1571312438.857,2084,265,None,Move,browsing
1571312438.873,2082,265,None,Move,browsing
1571312438.881,2079,266,None,Move,browsing
1571312438.887,2076,267,None,Move,browsing
1571312438.895,2071,268,None,Move,browsing
1571312438.903,2069,268,None,Move,browsing
1571312438.911,2065,268,None,Move,browsing
1571312438.919,2061,268,None,Move,browsing
1571312438.927,2057,268,None,Move,browsing
1571312438.935,2050,267,None,Move,browsing
1571312438.944,2044,265,None,Move,browsing
1571312438.952,2037,264,None,Move,browsing
1571312438.958,2031,263,None,Move,browsing
1571312438.965,2025,262,None,Move,browsing
1571312438.974,2022,262,None,Move,browsing
1571312438.982,2018,262,None,Move,browsing
1571312438.99,2015,262,None,Move,browsing
1571312438.998,2012,262,None,Move,browsing
1571312439.006,2011,262,None,Move,browsing
1571312439.014,2009,262,None,Move,browsing
1571312439.022,2008,262,None,Move,browsing
1571312439.028,2006,263,None,Move,browsing
1571312439.035,2004,264,None,Move,browsing
1571312439.043,2001,266,None,Move,browsing
1571312439.051,1996,269,None,Move,browsing
1571312439.059,1994,269,None,Move,browsing
1571312439.0670002,1992,270,None,Move,browsing
1571312439.076,1988,272,None,Move,browsing
1571312439.084,1986,272,None,Move,browsing
1571312439.092,1983,272,None,Move,browsing
1571312439.1,1982,272,None,Move,browsing
1571312439.106,1980,272,None,Move,browsing
1571312439.1139998,1979,272,None,Move,browsing
1571312439.129,1979,272,None,Move,browsing
1571312439.145,1978,272,None,Move,browsing
1571312439.161,1976,270,None,Move,browsing
1571312439.175,1975,269,None,Move,browsing
1571312439.184,1973,267,None,Move,browsing
1571312439.1920002,1973,267,None,Move,browsing
1571312439.199,1971,265,None,Move,browsing
1571312439.207,1971,264,None,Move,browsing
1571312439.215,1969,263,None,Move,browsing
1571312439.224,1969,261,None,Move,browsing
1571312439.232,1968,259,None,Move,browsing
1571312439.2389998,1966,257,None,Move,browsing
1571312439.245,1966,255,None,Move,browsing
1571312439.2529998,1965,253,None,Move,browsing
1571312439.2610002,1965,253,None,Move,browsing
1571312439.2770002,1964,252,None,Move,browsing
1571312439.294,1964,251,None,Move,browsing
1571312439.324,1965,250,None,Move,browsing
1571312439.331,1966,250,None,Move,browsing
1571312439.339,1968,248,None,Move,browsing
1571312439.347,1969,247,None,Move,browsing
1571312439.355,1971,244,None,Move,browsing
1571312439.363,1973,244,None,Move,browsing
1571312439.371,1975,241,None,Move,browsing
1571312439.379,1978,240,None,Move,browsing
1571312439.3860002,1980,239,None,Move,browsing
1571312439.393,1982,239,None,Move,browsing
1571312439.401,1984,238,None,Move,browsing
1571312439.41,1987,238,None,Move,browsing
1571312439.418,1989,238,None,Move,browsing
1571312439.426,1991,238,None,Move,browsing
1571312439.434,1992,238,None,Move,browsing
1571312439.4420002,1993,238,None,Move,browsing
1571312439.45,1994,238,None,Move,browsing
1571312439.457,1994,237,None,Move,browsing
1571312439.627,1994,237,None,Move,browsing
1571312439.651,1995,236,None,Move,browsing
1571312439.667,1997,236,None,Move,browsing
1571312439.681,1998,236,None,Move,browsing
1571312439.697,1999,236,None,Move,browsing
1571312439.7129998,2000,236,None,Move,browsing
1571312439.738,2000,236,None,Move,browsing
1571312439.8,2000,236,Left,Pressed,browsing
1571312439.9,2000,236,Left,Released,browsing
1571312439.956,2000,236,None,Move,browsing
1571312440.033,2000,237,None,Move,browsing
1571312440.039,2004,240,None,Move,browsing
1571312440.0470002,2011,243,None,Move,browsing
1571312440.055,2022,249,None,Move,browsing
1571312440.063,2037,255,None,Move,browsing
1571312440.071,2054,262,None,Move,browsing
1571312440.079,2082,271,None,Move,browsing
1571312440.087,2109,279,None,Move,browsing
1571312440.095,2149,290,None,Move,browsing
1571312440.103,2192,300,None,Move,browsing
1571312440.109,2237,309,None,Move,browsing
1571312440.117,2285,319,None,Move,browsing
1571312440.1260002,2333,326,None,Move,browsing
1571312440.133,2378,336,None,Move,browsing
1571312440.1420002,2421,343,None,Move,browsing
1571312440.149,2461,354,None,Move,browsing
1571312440.157,2494,363,None,Move,browsing
1571312440.166,2521,373,None,Move,browsing
1571312440.173,2546,380,None,Move,browsing
1571312440.179,2561,386,None,Move,browsing
1571312440.188,2571,392,None,Move,browsing
1571312440.196,2577,395,None,Move,browsing
1571312440.204,2580,397,None,Move,browsing
1571312440.212,2582,400,None,Move,browsing
1571312440.22,2583,403,None,Move,browsing
1571312440.228,2584,405,None,Move,browsing
1571312440.235,2585,407,None,Move,browsing
1571312440.2429998,2586,410,None,Move,browsing
1571312440.2489998,2587,413,None,Move,browsing
1571312440.2570002,2587,415,None,Move,browsing
1571312440.265,2589,420,None,Move,browsing
1571312440.274,2589,422,None,Move,browsing
1571312440.281,2592,427,None,Move,browsing
1571312440.29,2593,429,None,Move,browsing
1571312440.2970002,2594,431,None,Move,browsing
1571312440.306,2598,436,None,Move,browsing
1571312440.313,2600,439,None,Move,browsing
1571312440.319,2604,443,None,Move,browsing
1571312440.327,2608,446,None,Move,browsing
1571312440.335,2612,451,None,Move,browsing
1571312440.343,2617,455,None,Move,browsing
1571312440.351,2620,457,None,Move,browsing
1571312440.359,2624,460,None,Move,browsing
1571312440.367,2627,462,None,Move,browsing
1571312440.3760002,2629,464,None,Move,browsing
1571312440.383,2629,464,None,Move,browsing
1571312440.414,2629,465,None,Move,browsing
1571312440.438,2629,465,None,Move,browsing
1571312440.4529998,2629,466,None,Move,browsing
1571312440.553,2628,466,None,Move,browsing
1571312440.569,2626,465,None,Move,browsing
1571312440.577,2624,464,None,Move,browsing
1571312440.585,2623,463,None,Move,browsing
1571312440.593,2622,462,None,Move,browsing
1571312440.601,2621,462,None,Move,browsing
1571312440.607,2621,461,None,Move,browsing
1571312440.615,2619,460,None,Move,browsing
1571312440.631,2619,460,None,Move,browsing
1571312440.6479998,2618,460,None,Move,browsing
1571312440.671,2618,459,None,Move,browsing
1571312440.685,2616,459,None,Move,browsing
1571312440.702,2615,459,None,Move,browsing
1571312440.718,2614,459,None,Move,browsing
1571312440.734,2614,459,None,Move,browsing
1571312440.755,2613,459,None,Move,browsing
1571312440.771,2613,459,None,Move,browsing
1571312440.795,2611,459,None,Move,browsing
1571312440.803,2609,459,None,Move,browsing
1571312440.811,2606,461,None,Move,browsing
1571312440.819,2604,463,None,Move,browsing
1571312440.825,2599,467,None,Move,browsing
1571312440.833,2597,468,None,Move,browsing
1571312440.842,2594,469,None,Move,browsing
1571312440.85,2589,471,None,Move,browsing
1571312440.857,2585,473,None,Move,browsing
1571312440.865,2583,473,None,Move,browsing
1571312440.873,2580,474,None,Move,browsing
1571312440.881,2578,474,None,Move,browsing
1571312440.889,2578,474,None,Move,browsing
1571312440.896,2577,475,None,Move,browsing
1571312440.903,2577,476,None,Move,browsing
1571312440.9120002,2580,477,None,Move,browsing
1571312440.92,2585,478,None,Move,browsing
1571312440.928,2589,480,None,Move,browsing
1571312440.936,2596,482,None,Move,browsing
1571312440.9429998,2604,487,None,Move,browsing
1571312440.951,2609,489,None,Move,browsing
1571312440.96,2618,495,None,Move,browsing
1571312440.966,2628,498,None,Move,browsing
1571312440.974,2636,501,None,Move,browsing
1571312440.981,2645,507,None,Move,browsing
1571312440.9889998,2652,511,None,Move,browsing
1571312440.9970002,2660,515,None,Move,browsing
1571312441.005,2669,519,None,Move,browsing
1571312441.0129998,2677,523,None,Move,browsing
1571312441.021,2685,529,None,Move,browsing
1571312441.03,2691,532,None,Move,browsing
1571312441.036,2695,536,None,Move,browsing
1571312441.044,2699,539,None,Move,browsing
1571312441.051,2701,542,None,Move,browsing
1571312441.06,2702,546,None,Move,browsing
1571312441.0670002,2702,549,None,Move,browsing
1571312441.076,2702,553,None,Move,browsing
1571312441.083,2702,557,None,Move,browsing
1571312441.091,2700,559,None,Move,browsing
1571312441.099,2694,562,None,Move,browsing
1571312441.1079998,2687,565,None,Move,browsing
1571312441.113,2678,566,None,Move,browsing
1571312441.121,2670,567,None,Move,browsing
1571312441.129,2659,569,None,Move,browsing
1571312441.137,2652,569,None,Move,browsing
1571312441.145,2648,569,None,Move,browsing
1571312441.153,2646,569,None,Move,browsing
1571312441.161,2644,569,None,Move,browsing
1571312441.169,2638,568,None,Move,browsing
1571312441.177,2634,566,None,Move,browsing
1571312441.184,2627,563,None,Move,browsing
1571312441.191,2618,558,None,Move,browsing
1571312441.199,2607,552,None,Move,browsing
1571312441.207,2592,543,None,Move,browsing
1571312441.215,2576,534,None,Move,browsing
1571312441.2229998,2553,522,None,Move,browsing
1571312441.231,2526,507,None,Move,browsing
1571312441.24,2503,494,None,Move,browsing
1571312441.2470002,2476,479,None,Move,browsing
1571312441.255,2450,466,None,Move,browsing
1571312441.262,2424,453,None,Move,browsing
1571312441.269,2404,444,None,Move,browsing
1571312441.2770002,2378,431,None,Move,browsing
1571312441.285,2360,423,None,Move,browsing
1571312441.294,2339,411,None,Move,browsing
1571312441.302,2323,402,None,Move,browsing
1571312441.31,2306,391,None,Move,browsing
1571312441.3170002,2292,379,None,Move,browsing
1571312441.325,2283,371,None,Move,browsing
1571312441.331,2275,363,None,Move,browsing
1571312441.34,2269,354,None,Move,browsing
1571312441.347,2266,347,None,Move,browsing
1571312441.355,2263,341,None,Move,browsing
1571312441.363,2260,336,None,Move,browsing
1571312441.371,2258,333,None,Move,browsing
1571312441.379,2257,328,None,Move,browsing
1571312441.3879998,2256,326,None,Move,browsing
1571312441.393,2254,324,None,Move,browsing
1571312441.401,2254,323,None,Move,browsing
1571312441.409,2252,320,None,Move,browsing
1571312441.418,2251,320,None,Move,browsing
1571312441.426,2249,317,None,Move,browsing
1571312441.434,2246,314,None,Move,browsing
1571312441.4420002,2242,309,None,Move,browsing
1571312441.45,2239,304,None,Move,browsing
1571312441.458,2234,299,None,Move,browsing
1571312441.466,2228,292,None,Move,browsing
1571312441.472,2225,287,None,Move,browsing
1571312441.48,2221,283,None,Move,browsing
1571312441.488,2217,278,None,Move,browsing
1571312441.496,2213,274,None,Move,browsing
1571312441.504,2208,269,None,Move,browsing
1571312441.5110002,2203,264,None,Move,browsing
1571312441.52,2198,259,None,Move,browsing
1571312441.5270002,2192,254,None,Move,browsing
1571312441.535,2188,250,None,Move,browsing
1571312441.542,2183,246,None,Move,browsing
1571312441.55,2179,243,None,Move,browsing
1571312441.5570002,2177,243,None,Move,browsing
1571312441.565,2176,242,None,Move,browsing
1571312441.573,2175,241,None,Move,browsing
1571312441.581,2175,241,None,Move,browsing
1571312441.589,2174,241,None,Move,browsing
1571312441.605,2173,241,None,Move,browsing
1571312441.62,2171,240,None,Move,browsing
1571312441.6360002,2169,240,None,Move,browsing
1571312441.643,2167,239,None,Move,browsing
1571312441.6520002,2166,239,None,Move,browsing
1571312441.66,2163,239,None,Move,browsing
1571312441.668,2161,239,None,Move,browsing
1571312441.676,2158,239,None,Move,browsing
1571312441.684,2154,239,None,Move,browsing
1571312441.689,2149,238,None,Move,browsing
1571312441.697,2147,237,None,Move,browsing
1571312441.705,2143,235,None,Move,browsing
1571312441.7129998,2139,235,None,Move,browsing
1571312441.722,2134,233,None,Move,browsing
1571312441.729,2130,231,None,Move,browsing
1571312441.7370002,2126,230,None,Move,browsing
1571312441.745,2123,229,None,Move,browsing
1571312441.7529998,2118,226,None,Move,browsing
1571312441.7589998,2115,224,None,Move,browsing
1571312441.7670002,2113,223,None,Move,browsing
1571312441.776,2109,221,None,Move,browsing
1571312441.784,2106,219,None,Move,browsing
1571312441.791,2104,218,None,Move,browsing
1571312441.799,2102,216,None,Move,browsing
1571312441.8070002,2100,216,None,Move,browsing
1571312441.816,2099,215,None,Move,browsing
1571312441.824,2099,214,None,Move,browsing
1571312441.837,2098,214,None,Move,browsing
1571312441.853,2097,213,None,Move,browsing
1571312441.877,2097,213,None,Move,browsing
1571312441.894,2097,212,None,Move,browsing
1571312441.915,2097,212,None,Move,browsing
1571312441.931,2097,211,None,Move,browsing
1571312441.956,2097,210,None,Move,browsing
1571312441.994,2097,210,None,Move,browsing
1571312442.0089998,2097,209,None,Move,browsing
1571312442.111,2097,209,None,Move,browsing
1571312442.133,2097,208,None,Move,browsing
1571312442.149,2097,208,None,Move,browsing
1571312442.174,2097,207,None,Move,browsing
1571312442.187,2097,206,None,Move,browsing
1571312442.29,2096,207,None,Move,browsing
1571312442.2970002,2096,209,None,Move,browsing
1571312442.305,2096,210,None,Move,browsing
1571312442.313,2094,212,None,Move,browsing
1571312442.322,2094,214,None,Move,browsing
1571312442.3279998,2094,214,None,Move,browsing
1571312442.336,2093,216,None,Move,browsing
1571312442.351,2093,216,None,Move,browsing
1571312442.367,2093,217,None,Move,browsing
1571312442.462,2092,217,None,Move,browsing
1571312442.4829998,2091,217,None,Move,browsing
1571312442.4910002,2089,215,None,Move,browsing
1571312442.4989998,2087,214,None,Move,browsing
1571312442.508,2086,213,None,Move,browsing
1571312442.515,2083,210,None,Move,browsing
1571312442.5229998,2080,207,None,Move,browsing
1571312442.531,2075,202,None,Move,browsing
1571312442.539,2071,197,None,Move,browsing
1571312442.545,2066,190,None,Move,browsing
1571312442.554,2062,186,None,Move,browsing
1571312442.561,2061,184,None,Move,browsing
1571312442.569,2059,181,None,Move,browsing
1571312442.577,2059,181,None,Move,browsing
1571312442.586,2057,178,None,Move,browsing
1571312442.594,2057,178,None,Move,browsing
1571312442.6020002,2056,175,None,Move,browsing
1571312442.61,2056,173,None,Move,browsing
1571312442.6160002,2055,171,None,Move,browsing
1571312442.623,2055,170,None,Move,browsing
1571312442.631,2055,168,None,Move,browsing
1571312442.64,2054,167,None,Move,browsing
1571312442.6479998,2054,165,None,Move,browsing
1571312442.655,2054,164,None,Move,browsing
1571312442.663,2053,163,None,Move,browsing
1571312442.671,2051,160,None,Move,browsing
1571312442.679,2051,159,None,Move,browsing
1571312442.687,2050,156,None,Move,browsing
1571312442.6929998,2049,154,None,Move,browsing
1571312442.701,2049,153,None,Move,browsing
1571312442.709,2048,150,None,Move,browsing
1571312442.717,2048,147,None,Move,browsing
1571312442.725,2046,143,None,Move,browsing
1571312442.734,2045,139,None,Move,browsing
1571312442.742,2044,137,None,Move,browsing
1571312442.75,2042,132,None,Move,browsing
1571312442.7570002,2040,130,None,Move,browsing
1571312442.765,2039,128,None,Move,browsing
1571312442.772,2038,127,None,Move,browsing
1571312442.779,2037,125,None,Move,browsing
1571312442.7870002,2036,124,None,Move,browsing
1571312442.795,2036,124,None,Move,browsing
1571312442.811,2035,122,None,Move,browsing
1571312442.819,2035,121,None,Move,browsing
1571312442.827,2033,120,None,Move,browsing
1571312442.833,2032,119,None,Move,browsing
1571312442.841,2031,118,None,Move,browsing
1571312442.857,2031,118,None,Move,browsing
1571312442.873,2031,117,None,Move,browsing
1571312442.89,2030,116,None,Move,browsing
1571312442.911,2029,115,None,Move,browsing
1571312442.928,2029,114,None,Move,browsing
1571312442.951,2028,113,None,Move,browsing
1571312442.968,2027,112,None,Move,browsing
1571312442.981,2027,111,None,Move,browsing
1571312443.022,2027,110,None,Move,browsing
1571312443.092,2027,110,Left,Pressed,browsing
1571312443.224,2027,110,Left,Released,browsing
1571312443.495,2027,110,None,Move,browsing
1571312443.5110002,2027,110,None,Move,browsing
1571312443.519,2031,115,None,Move,browsing
1571312443.5270002,2038,121,None,Move,browsing
1571312443.535,2047,130,None,Move,browsing
1571312443.543,2060,140,None,Move,browsing
1571312443.551,2076,147,None,Move,browsing
1571312443.5570002,2094,157,None,Move,browsing
1571312443.566,2112,165,None,Move,browsing
1571312443.574,2140,177,None,Move,browsing
1571312443.582,2162,184,None,Move,browsing
1571312443.59,2184,190,None,Move,browsing
1571312443.597,2207,195,None,Move,browsing
1571312443.605,2228,199,None,Move,browsing
1571312443.613,2248,200,None,Move,browsing
1571312443.621,2268,201,None,Move,browsing
1571312443.627,2283,203,None,Move,browsing
1571312443.635,2299,203,None,Move,browsing
1571312443.643,2314,204,None,Move,browsing
1571312443.651,2327,205,None,Move,browsing
1571312443.659,2340,205,None,Move,browsing
1571312443.668,2352,206,None,Move,browsing
1571312443.675,2364,207,None,Move,browsing
1571312443.6829998,2372,207,None,Move,browsing
1571312443.6920002,2380,208,None,Move,browsing
1571312443.697,2386,208,None,Move,browsing
1571312443.706,2390,208,None,Move,browsing
1571312443.714,2393,209,None,Move,browsing
1571312443.722,2397,209,None,Move,browsing
1571312443.73,2398,209,None,Move,browsing
1571312443.7370002,2400,209,None,Move,browsing
1571312443.745,2400,209,None,Move,browsing
1571312444.4770002,2409,222,None,Move,browsing
1571312444.485,2416,228,None,Move,browsing
1571312444.4929998,2426,237,None,Move,browsing
1571312444.4989998,2434,244,None,Move,browsing
1571312444.5070002,2444,252,None,Move,browsing
1571312444.515,2453,258,None,Move,browsing
1571312444.5229998,2460,262,None,Move,browsing
1571312444.531,2469,266,None,Move,browsing
1571312444.539,2475,269,None,Move,browsing
1571312444.548,2482,272,None,Move,browsing
1571312444.556,2488,274,None,Move,browsing
1571312444.564,2490,276,None,Move,browsing
1571312444.57,2491,276,None,Move,browsing
1571312444.5779998,2492,276,None,Move,browsing
1571312444.586,2492,276,None,Move,browsing
1571312444.6260002,2492,277,None,Move,browsing
1571312444.641,2492,281,None,Move,browsing
1571312444.647,2492,283,None,Move,browsing
1571312444.655,2493,285,None,Move,browsing
1571312444.663,2493,287,None,Move,browsing
1571312444.671,2493,289,None,Move,browsing
1571312444.679,2494,292,None,Move,browsing
1571312444.687,2494,294,None,Move,browsing
1571312444.695,2496,298,None,Move,browsing
1571312444.7029998,2498,302,None,Move,browsing
1571312444.71,2500,307,None,Move,browsing
1571312444.718,2502,311,None,Move,browsing
1571312444.726,2505,316,None,Move,browsing
1571312444.734,2507,318,None,Move,browsing
1571312444.742,2509,321,None,Move,browsing
1571312444.7489998,2511,323,None,Move,browsing
1571312444.758,2512,323,None,Move,browsing
1571312444.766,2514,325,None,Move,browsing
1571312444.774,2515,326,None,Move,browsing
1571312444.7870002,2515,326,None,Move,browsing
1571312444.795,2517,326,None,Move,browsing
1571312444.811,2518,327,None,Move,browsing
1571312444.819,2518,327,None,Move,browsing
1571312444.9220002,2518,327,Left,Pressed,browsing
1571312445.046,2518,327,Left,Released,browsing
1571312445.169,2518,327,None,Move,browsing
1571312445.194,2520,329,None,Move,browsing
1571312445.202,2524,331,None,Move,browsing
1571312445.209,2531,335,None,Move,browsing
1571312445.218,2541,341,None,Move,browsing
1571312445.224,2551,347,None,Move,browsing
1571312445.232,2566,356,None,Move,browsing
1571312445.24,2590,370,None,Move,browsing
1571312445.248,2613,383,None,Move,browsing
1571312445.256,2640,398,None,Move,browsing
1571312445.2629998,2672,416,None,Move,browsing
1571312445.271,2703,431,None,Move,browsing
1571312445.279,2735,449,None,Move,browsing
1571312445.288,2764,463,None,Move,browsing
1571312445.294,2790,476,None,Move,browsing
1571312445.301,2810,484,None,Move,browsing
1571312445.309,2830,491,None,Move,browsing
1571312445.3170002,2842,496,None,Move,browsing
1571312445.325,2852,500,None,Move,browsing
1571312445.333,2860,502,None,Move,browsing
1571312445.342,2866,504,None,Move,browsing
1571312445.349,2869,505,None,Move,browsing
1571312445.357,2869,505,None,Move,browsing
1571312445.363,2870,505,None,Move,browsing
1571312445.4120002,2870,505,None,Move,browsing
1571312445.427,2868,505,None,Move,browsing
1571312445.4329998,2867,505,None,Move,browsing
1571312445.4420002,2867,505,None,Move,browsing
1571312445.45,2865,505,None,Move,browsing
1571312445.466,2864,505,None,Move,browsing
1571312445.474,2863,504,None,Move,browsing
1571312445.482,2862,504,None,Move,browsing
1571312445.49,2861,503,None,Move,browsing
1571312445.498,2859,502,None,Move,browsing
1571312445.505,2859,501,None,Move,browsing
1571312445.512,2856,500,None,Move,browsing
1571312445.52,2855,498,None,Move,browsing
1571312445.528,2850,495,None,Move,browsing
1571312445.536,2845,492,None,Move,browsing
1571312445.543,2840,488,None,Move,browsing
1571312445.551,2833,483,None,Move,browsing
1571312445.56,2824,478,None,Move,browsing
1571312445.5670002,2816,472,None,Move,browsing
1571312445.575,2806,467,None,Move,browsing
1571312445.581,2795,461,None,Move,browsing
1571312445.589,2784,457,None,Move,browsing
1571312445.597,2774,452,None,Move,browsing
1571312445.605,2760,446,None,Move,browsing
1571312445.613,2750,443,None,Move,browsing
1571312445.6220002,2738,439,None,Move,browsing
1571312445.63,2727,436,None,Move,browsing
1571312445.637,2719,433,None,Move,browsing
1571312445.646,2711,430,None,Move,browsing
1571312445.6520002,2706,429,None,Move,browsing
1571312445.66,2701,428,None,Move,browsing
1571312445.667,2697,428,None,Move,browsing
1571312445.676,2695,427,None,Move,browsing
1571312445.684,2694,427,None,Move,browsing
1571312445.6920002,2693,427,None,Move,browsing
1571312445.7,2693,427,None,Move,browsing
1571312445.715,2691,427,None,Move,browsing
1571312445.73,2691,427,None,Move,browsing
1571312445.745,2689,429,None,Move,browsing
1571312445.769,2688,429,None,Move,browsing
1571312445.785,2686,430,None,Move,browsing
1571312445.792,2684,431,None,Move,browsing
1571312445.8,2681,431,None,Move,browsing
1571312445.8070002,2679,431,None,Move,browsing
1571312445.816,2676,431,None,Move,browsing
1571312445.824,2674,430,None,Move,browsing
1571312445.831,2671,430,None,Move,browsing
1571312445.84,2669,428,None,Move,browsing
1571312445.847,2666,427,None,Move,browsing
1571312445.855,2666,427,None,Move,browsing
1571312445.863,2664,425,None,Move,browsing
1571312445.869,2662,425,None,Move,browsing
1571312445.877,2662,424,None,Move,browsing
1571312445.894,2661,424,None,Move,browsing
1571312445.909,2660,423,None,Move,browsing
1571312446.004,2659,422,None,Move,browsing
1571312446.0170002,2658,419,None,Move,browsing
1571312446.025,2657,418,None,Move,browsing
1571312446.034,2657,417,None,Move,browsing
1571312446.041,2656,416,None,Move,browsing
1571312446.049,2655,415,None,Move,browsing
1571312446.0570002,2654,414,None,Move,browsing
1571312446.066,2654,414,None,Move,browsing
1571312446.081,2654,413,None,Move,browsing
1571312446.144,2654,413,None,Move,browsing
1571312446.157,2653,417,None,Move,browsing
1571312446.166,2653,418,None,Move,browsing
1571312446.174,2653,421,None,Move,browsing
1571312446.1820002,2653,425,None,Move,browsing
1571312446.19,2653,428,None,Move,browsing
1571312446.197,2654,430,None,Move,browsing
1571312446.205,2655,431,None,Move,browsing
1571312446.2129998,2655,431,None,Move,browsing
1571312446.222,2655,432,None,Move,browsing
1571312446.2429998,2655,433,None,Move,browsing
1571312446.2589998,2657,435,None,Move,browsing
1571312446.2670002,2658,437,None,Move,browsing
1571312446.276,2659,437,None,Move,browsing
1571312446.284,2660,438,None,Move,browsing
1571312446.291,2661,439,None,Move,browsing
1571312446.305,2661,439,None,Move,browsing
1571312446.438,2661,439,Left,Pressed,browsing
1571312446.563,2661,439,Left,Released,browsing
1571312446.695,2661,440,None,Move,browsing
1571312446.719,2661,441,None,Move,browsing
1571312446.7329998,2662,441,None,Move,browsing
1571312488.698,2662,441,None,Move,browsing
1571312488.706,2631,434,None,Move,browsing
1571312488.714,2570,402,None,Move,browsing
1571312488.722,2508,361,None,Move,browsing
1571312488.728,2458,316,None,Move,browsing
1571312488.736,2408,270,None,Move,browsing
1571312488.744,2361,229,None,Move,browsing
1571312488.752,2314,192,None,Move,browsing
1571312488.76,2266,162,None,Move,browsing
1571312488.768,2220,136,None,Move,browsing
1571312488.775,2162,105,None,Move,browsing
1571312488.784,2113,77,None,Move,browsing
1571312488.791,2063,49,None,Move,browsing
1571312488.7970002,2017,23,None,Move,browsing
1571312488.806,1977,-2,None,Move,browsing
1571312488.824,1942,-24,None,Move,browsing
1571312488.826,1915,-20,None,Move,browsing
1571312488.829,1901,-14,None,Move,browsing
1571312488.837,1905,-11,None,Move,browsing
1571312488.845,1908,-9,None,Move,browsing
1571312488.853,1907,-8,None,Move,browsing
1571312488.861,1910,-4,None,Move,browsing
1571312488.87,1913,-4,None,Move,browsing
1571312488.8760002,1914,-3,None,Move,browsing
1571312488.8839998,1918,-3,None,Move,browsing
1571312488.891,1919,-3,None,Move,browsing
1571312488.899,1919,-3,None,Move,browsing
1571312488.9770002,1920,-1,None,Move,browsing
1571312488.986,1923,9,None,Move,browsing
1571312488.994,1929,32,None,Move,browsing
1571312489.015,1941,70,None,Move,browsing
1571312489.0170002,1960,110,None,Move,browsing
1571312489.018,1979,152,None,Move,browsing
1571312489.024,1997,183,None,Move,browsing
1571312489.031,2019,216,None,Move,browsing
1571312489.04,2039,241,None,Move,browsing
1571312489.048,2056,261,None,Move,browsing
1571312489.055,2071,275,None,Move,browsing
1571312489.063,2079,281,None,Move,browsing
1571312489.071,2085,285,None,Move,browsing
1571312489.079,2089,288,None,Move,browsing
1571312489.086,2090,289,None,Move,browsing
1571312489.1339998,2090,289,None,Move,browsing
1571312489.149,2090,290,None,Move,browsing
1571312489.163,2088,292,None,Move,browsing
1571312489.171,2085,292,None,Move,browsing
1571312489.179,2081,292,None,Move,browsing
1571312489.187,2077,292,None,Move,browsing
1571312489.195,2070,291,None,Move,browsing
1571312489.2029998,2060,288,None,Move,browsing
1571312489.211,2052,284,None,Move,browsing
1571312489.22,2043,277,None,Move,browsing
1571312489.2270002,2035,271,None,Move,browsing
1571312489.234,2029,266,None,Move,browsing
1571312489.2410002,2021,260,None,Move,browsing
1571312489.25,2018,257,None,Move,browsing
1571312489.2570002,2014,252,None,Move,browsing
1571312489.266,2012,251,None,Move,browsing
1571312489.274,2012,249,None,Move,browsing
1571312489.282,2012,249,None,Move,browsing
1571312489.311,2012,248,None,Move,browsing
1571312489.336,2012,247,None,Move,browsing
1571312489.3520002,2012,247,None,Move,browsing
1571312489.373,2013,247,None,Move,browsing
1571312489.39,2014,247,None,Move,browsing
1571312489.406,2015,247,None,Move,browsing
1571312489.5370002,2015,247,None,Move,browsing
1571312489.554,2014,246,None,Move,browsing
1571312489.57,2014,246,None,Move,browsing
1571312489.577,2014,246,None,Move,browsing
1571312489.6,2013,245,None,Move,browsing
1571312489.6160002,2012,244,None,Move,browsing
1571312489.639,2011,242,None,Move,browsing
1571312489.655,2010,242,None,Move,browsing
1571312489.677,2010,241,None,Move,browsing
1571312489.718,2009,241,None,Move,browsing
1571312489.7329998,2009,241,None,Move,browsing
1571312489.9120002,2008,241,Left,Pressed,browsing
1571312489.9120002,2008,241,None,Drag,browsing
1571312489.928,2008,241,None,Drag,browsing
1571312489.928,2008,241,Left,Released,browsing
1571312490.207,2008,241,None,Move,browsing
1571312490.216,2015,241,None,Move,browsing
1571312490.224,2022,243,None,Move,browsing
1571312490.232,2031,245,None,Move,browsing
1571312490.24,2039,247,None,Move,browsing
1571312490.246,2049,249,None,Move,browsing
1571312490.254,2059,251,None,Move,browsing
1571312490.262,2068,252,None,Move,browsing
1571312490.27,2077,253,None,Move,browsing
1571312490.2770002,2088,255,None,Move,browsing
1571312490.286,2094,257,None,Move,browsing
1571312490.293,2099,258,None,Move,browsing
1571312490.302,2104,259,None,Move,browsing
1571312490.31,2107,261,None,Move,browsing
1571312490.3179998,2109,262,None,Move,browsing
1571312490.324,2110,262,None,Move,browsing
1571312490.331,2110,263,None,Move,browsing
1571312490.347,2111,263,None,Move,browsing
1571312490.363,2111,264,None,Move,browsing
1571312490.9320002,2111,263,None,Move,browsing
1571312490.94,2110,260,None,Move,browsing
1571312490.947,2105,249,None,Move,browsing
1571312490.956,2100,238,None,Move,browsing
1571312490.964,2097,228,None,Move,browsing
1571312490.972,2094,217,None,Move,browsing
1571312490.978,2092,212,None,Move,browsing
1571312490.986,2091,206,None,Move,browsing
1571312490.994,2091,201,None,Move,browsing
1571312491.002,2091,198,None,Move,browsing
1571312491.01,2091,196,None,Move,browsing
1571312491.018,2091,196,None,Move,browsing
1571312491.026,2091,194,None,Move,browsing
1571312491.034,2091,193,None,Move,browsing
1571312491.0470002,2091,192,None,Move,browsing
1571312491.174,2090,192,None,Move,browsing
1571312491.1820002,2088,192,None,Move,browsing
1571312491.188,2087,192,None,Move,browsing
1571312491.196,2082,194,None,Move,browsing
1571312491.204,2079,194,None,Move,browsing
1571312491.212,2075,196,None,Move,browsing
1571312491.22,2073,197,None,Move,browsing
1571312491.2270002,2069,198,None,Move,browsing
1571312491.236,2065,199,None,Move,browsing
1571312491.244,2060,199,None,Move,browsing
1571312491.252,2056,199,None,Move,browsing
1571312491.258,2052,199,None,Move,browsing
1571312491.265,2049,200,None,Move,browsing
1571312491.2729998,2046,200,None,Move,browsing
1571312491.281,2042,201,None,Move,browsing
1571312491.289,2040,201,None,Move,browsing
1571312491.2970002,2037,202,None,Move,browsing
1571312491.305,2036,202,None,Move,browsing
1571312491.413,2036,202,None,Move,browsing
1571312491.438,2036,202,None,Move,browsing
1571312491.4529998,2036,200,None,Move,browsing
1571312491.469,2036,199,None,Move,browsing
1571312491.484,2036,199,None,Move,browsing
1571312491.5,2036,198,None,Move,browsing
1571312491.771,2035,198,Left,Pressed,browsing
1571312491.771,2035,198,None,Drag,browsing
1571312491.771,2035,198,Left,Released,browsing
1571312491.9120002,2034,198,None,Move,browsing
1571312491.976,2036,198,None,Move,browsing
1571312491.981,2044,199,None,Move,browsing
1571312491.9889998,2054,201,None,Move,browsing
1571312491.998,2065,203,None,Move,browsing
1571312492.006,2076,204,None,Move,browsing
1571312492.014,2089,206,None,Move,browsing
1571312492.021,2104,209,None,Move,browsing
1571312492.03,2120,211,None,Move,browsing
1571312492.038,2134,212,None,Move,browsing
1571312492.046,2150,216,None,Move,browsing
1571312492.052,2165,218,None,Move,browsing
1571312492.06,2177,220,None,Move,browsing
1571312492.0670002,2187,224,None,Move,browsing
1571312492.075,2196,227,None,Move,browsing
1571312492.083,2205,229,None,Move,browsing
1571312492.092,2213,232,None,Move,browsing
1571312492.1,2219,234,None,Move,browsing
1571312492.107,2221,235,None,Move,browsing
1571312492.115,2224,236,None,Move,browsing
1571312492.123,2225,237,None,Move,browsing
1571312492.129,2225,237,None,Move,browsing
1571312492.145,2225,237,None,Move,browsing
1571312492.186,2225,238,None,Move,browsing
1571312492.199,2225,239,None,Move,browsing
1571312492.224,2224,239,None,Move,browsing
1571312492.24,2222,240,None,Move,browsing
1571312492.248,2221,241,None,Move,browsing
1571312492.264,2220,241,None,Move,browsing
1571312492.271,2219,242,None,Move,browsing
1571312492.2770002,2218,242,None,Move,browsing
1571312492.286,2217,243,None,Move,browsing
1571312492.301,2216,244,None,Move,browsing
1571312492.309,2214,244,None,Move,browsing
1571312492.3170002,2213,244,None,Move,browsing
1571312492.325,2212,245,None,Move,browsing
1571312492.333,2210,246,None,Move,browsing
1571312492.339,2208,246,None,Move,browsing
1571312492.347,2208,246,None,Move,browsing
1571312492.356,2205,247,None,Move,browsing
1571312492.3639998,2205,248,None,Move,browsing
1571312492.3720002,2204,248,None,Move,browsing
1571312492.38,2203,248,None,Move,browsing
1571312492.3879998,2202,248,None,Move,browsing
1571312492.403,2202,248,None,Move,browsing
1571312492.418,2201,248,None,Move,browsing
1571312492.56,2200,248,None,Move,browsing
1571312492.574,2199,248,None,Move,browsing
1571312492.589,2198,248,None,Move,browsing
1571312492.606,2197,247,None,Move,browsing
1571312492.6279998,2195,247,None,Move,browsing
1571312492.6360002,2193,246,None,Move,browsing
1571312492.644,2193,245,None,Move,browsing
1571312492.6520002,2191,245,None,Move,browsing
1571312492.66,2191,245,None,Move,browsing
1571312492.668,2190,244,None,Move,browsing
1571312492.675,2190,244,None,Move,browsing
1571312492.697,2189,244,None,Move,browsing
1571312492.7129998,2189,244,None,Move,browsing
1571312492.738,2188,244,None,Move,browsing
1571312492.7529998,2187,244,None,Move,browsing
1571312492.769,2185,244,None,Move,browsing
1571312492.783,2185,244,None,Move,browsing
1571312492.791,2183,243,None,Move,browsing
1571312492.8070002,2183,243,None,Move,browsing
1571312492.824,2182,242,None,Move,browsing
1571312492.847,2182,242,None,Move,browsing
1571312492.869,2181,242,None,Move,browsing
1571312492.923,2181,242,None,Move,browsing
1571312492.947,2179,241,None,Move,browsing
1571312492.955,2178,240,None,Move,browsing
1571312492.971,2175,238,None,Move,browsing
1571312492.979,2173,238,None,Move,browsing
1571312492.9870002,2172,238,None,Move,browsing
1571312492.9929998,2170,237,None,Move,browsing
1571312493.0010002,2169,236,None,Move,browsing
1571312493.0089998,2166,235,None,Move,browsing
1571312493.0170002,2166,235,None,Move,browsing
1571312493.025,2165,234,None,Move,browsing
1571312493.033,2164,234,None,Move,browsing
1571312493.042,2163,234,None,Move,browsing
1571312493.064,2163,233,None,Move,browsing
1571312493.219,2162,232,None,Move,browsing
1571312493.236,2160,230,None,Move,browsing
1571312493.2429998,2159,228,None,Move,browsing
1571312493.252,2157,227,None,Move,browsing
1571312493.262,2156,225,None,Move,browsing
1571312493.268,2155,225,None,Move,browsing
1571312493.274,2153,222,None,Move,browsing
1571312493.282,2151,221,None,Move,browsing
1571312493.289,2150,220,None,Move,browsing
1571312493.2970002,2149,219,None,Move,browsing
1571312493.305,2148,218,None,Move,browsing
1571312493.313,2147,217,None,Move,browsing
1571312493.321,2146,216,None,Move,browsing
1571312493.33,2145,215,None,Move,browsing
1571312493.337,2144,213,None,Move,browsing
1571312493.343,2143,213,None,Move,browsing
1571312493.3520002,2142,213,None,Move,browsing
1571312493.3679998,2141,211,None,Move,browsing
1571312493.383,2141,211,None,Move,browsing
1571312493.446,2140,210,None,Move,browsing
1571312493.462,2140,210,None,Move,browsing
1571312493.485,2139,210,None,Move,browsing
1571312493.524,2139,210,None,Move,browsing
1571312493.564,2139,211,None,Move,browsing
1571312493.577,2139,214,None,Move,browsing
1571312493.586,2139,215,None,Move,browsing
1571312493.593,2139,217,None,Move,browsing
1571312493.6020002,2139,218,None,Move,browsing
1571312493.609,2139,219,None,Move,browsing
1571312493.617,2139,220,None,Move,browsing
1571312493.625,2139,221,None,Move,browsing
1571312493.639,2139,221,None,Move,browsing
1571312493.647,2139,223,None,Move,browsing
1571312493.663,2139,223,None,Move,browsing
1571312493.6720002,2139,225,None,Move,browsing
1571312493.695,2139,225,None,Move,browsing
1571312493.7870002,2139,224,None,Move,browsing
1571312494.006,2139,224,Left,Pressed,browsing
1571312494.006,2139,224,None,Drag,browsing
1571312494.006,2139,224,Left,Released,browsing
1571312494.146,2139,224,Left,Pressed,browsing
1571312494.256,2139,224,Left,Released,browsing
1571312496.164,2140,224,None,Move,browsing
1571312496.177,2144,222,None,Move,browsing
1571312496.185,2152,222,None,Move,browsing
1571312496.194,2161,221,None,Move,browsing
1571312496.201,2169,221,None,Move,browsing
1571312496.21,2180,221,None,Move,browsing
1571312496.217,2189,221,None,Move,browsing
1571312496.225,2200,221,None,Move,browsing
1571312496.234,2209,221,None,Move,browsing
1571312496.242,2220,221,None,Move,browsing
1571312496.2470002,2233,221,None,Move,browsing
1571312496.255,2244,221,None,Move,browsing
1571312496.264,2257,222,None,Move,browsing
1571312496.272,2274,226,None,Move,browsing
1571312496.28,2290,228,None,Move,browsing
1571312496.2870002,2316,233,None,Move,browsing
1571312496.295,2343,241,None,Move,browsing
1571312496.303,2376,251,None,Move,browsing
1571312496.311,2409,262,None,Move,browsing
1571312496.319,2442,274,None,Move,browsing
1571312496.326,2472,284,None,Move,browsing
1571312496.334,2497,294,None,Move,browsing
1571312496.342,2522,301,None,Move,browsing
1571312496.349,2539,306,None,Move,browsing
1571312496.357,2552,310,None,Move,browsing
1571312496.3660002,2564,313,None,Move,browsing
1571312496.3739998,2574,316,None,Move,browsing
1571312496.3820002,2584,321,None,Move,browsing
1571312496.3879998,2592,324,None,Move,browsing
1571312496.396,2601,328,None,Move,browsing
1571312496.404,2609,335,None,Move,browsing
1571312496.4120002,2617,340,None,Move,browsing
1571312496.42,2623,346,None,Move,browsing
1571312496.428,2628,353,None,Move,browsing
1571312496.435,2632,361,None,Move,browsing
1571312496.4429998,2635,366,None,Move,browsing
1571312496.451,2636,371,None,Move,browsing
1571312496.457,2637,374,None,Move,browsing
1571312496.466,2637,376,None,Move,browsing
1571312496.4729998,2637,377,None,Move,browsing
1571312496.482,2636,379,None,Move,browsing
1571312496.4889998,2635,379,None,Move,browsing
1571312496.4970002,2632,382,None,Move,browsing
1571312496.505,2629,383,None,Move,browsing
1571312496.5129998,2626,384,None,Move,browsing
1571312496.521,2624,385,None,Move,browsing
1571312496.5270002,2620,386,None,Move,browsing
1571312496.535,2615,386,None,Move,browsing
1571312496.543,2611,386,None,Move,browsing
1571312496.551,2609,387,None,Move,browsing
1571312496.56,2605,387,None,Move,browsing
1571312496.5679998,2603,387,None,Move,browsing
1571312496.576,2599,387,None,Move,browsing
1571312496.584,2597,387,None,Move,browsing
1571312496.592,2595,387,None,Move,browsing
1571312496.599,2593,387,None,Move,browsing
1571312496.605,2592,387,None,Move,browsing
1571312496.613,2591,387,None,Move,browsing
1571312496.629,2591,386,None,Move,browsing
1571312496.646,2590,386,None,Move,browsing
1571312496.941,2589,386,Left,Pressed,browsing
1571312496.941,2589,386,None,Drag,browsing
1571312496.958,2588,386,None,Drag,browsing
1571312496.979,2588,386,None,Drag,browsing
1571312496.979,2588,386,Left,Released,browsing
1571312496.995,2588,386,None,Move,browsing
1571312498.809,2581,386,None,Move,browsing
1571312498.8170002,2574,386,None,Move,browsing
1571312498.825,2568,386,None,Move,browsing
1571312498.833,2561,388,None,Move,browsing
1571312498.839,2558,388,None,Move,browsing
1571312498.847,2554,388,None,Move,browsing
1571312498.855,2551,388,None,Move,browsing
1571312498.8639998,2550,388,None,Move,browsing
1571312498.949,2548,388,None,Move,browsing
1571312498.965,2547,388,None,Move,browsing
1571312498.9729998,2540,379,None,Move,browsing
1571312498.982,2532,370,None,Move,browsing
1571312498.988,2527,364,None,Move,browsing
1571312498.996,2523,355,None,Move,browsing
1571312499.004,2517,346,None,Move,browsing
1571312499.012,2514,340,None,Move,browsing
1571312499.02,2513,336,None,Move,browsing
1571312499.0270002,2512,333,None,Move,browsing
1571312499.036,2511,330,None,Move,browsing
1571312499.044,2510,328,None,Move,browsing
1571312499.052,2510,326,None,Move,browsing
1571312499.0570002,2510,324,None,Move,browsing
1571312499.065,2510,323,None,Move,browsing
1571312499.073,2510,322,None,Move,browsing
1571312499.106,2510,321,None,Move,browsing
1571312499.1920002,2510,321,Left,Pressed,browsing
1571312499.323,2510,321,Left,Released,browsing
1571312507.357,2514,326,None,Move,browsing
1571312507.365,2549,368,None,Move,browsing
1571312507.373,2611,432,None,Move,browsing
1571312507.381,2669,492,None,Move,browsing
1571312507.387,2730,551,None,Move,browsing
1571312507.395,2776,596,None,Move,browsing
1571312507.403,2814,629,None,Move,browsing
1571312507.411,2842,648,None,Move,browsing
1571312507.419,2863,660,None,Move,browsing
1571312507.427,2873,665,None,Move,browsing
1571312507.435,2884,668,None,Move,browsing
1571312507.4429998,2890,669,None,Move,browsing
1571312507.451,2897,669,None,Move,browsing
1571312507.459,2900,668,None,Move,browsing
1571312507.465,2903,667,None,Move,browsing
1571312507.4729998,2904,664,None,Move,browsing
1571312507.482,2905,657,None,Move,browsing
1571312507.4889998,2905,647,None,Move,browsing
1571312507.498,2902,639,None,Move,browsing
1571312507.505,2898,629,None,Move,browsing
1571312507.514,2895,621,None,Move,browsing
1571312507.522,2892,616,None,Move,browsing
1571312507.53,2890,613,None,Move,browsing
1571312507.535,2890,612,None,Move,browsing
1571312507.599,2890,612,None,Move,browsing
1571312507.6220002,2886,607,None,Move,browsing
1571312507.63,2883,601,None,Move,browsing
1571312507.637,2880,599,None,Move,browsing
1571312507.646,2877,594,None,Move,browsing
1571312507.654,2873,589,None,Move,browsing
1571312507.6620002,2866,582,None,Move,browsing
1571312507.67,2865,579,None,Move,browsing
1571312507.678,2860,576,None,Move,browsing
1571312507.684,2858,573,None,Move,browsing
1571312507.6920002,2857,573,None,Move,browsing
1571312507.7,2854,570,None,Move,browsing
1571312507.708,2851,568,None,Move,browsing
1571312507.716,2847,565,None,Move,browsing
1571312507.7229998,2844,564,None,Move,browsing
1571312507.731,2844,563,None,Move,browsing
1571312507.7389998,2843,562,None,Move,browsing
1571312507.7470002,2842,561,None,Move,browsing
1571312507.7529998,2841,561,None,Move,browsing
1571312507.762,2840,559,None,Move,browsing
1571312507.77,2837,556,None,Move,browsing
1571312507.778,2837,555,None,Move,browsing
1571312507.785,2835,553,None,Move,browsing
1571312507.794,2834,553,None,Move,browsing
1571312507.81,2834,552,None,Move,browsing
1571312507.847,2833,551,None,Move,browsing
1571312507.871,2832,549,None,Move,browsing
1571312507.879,2830,548,None,Move,browsing
1571312507.887,2830,548,None,Move,browsing
1571312507.893,2830,547,None,Move,browsing
1571312507.9329998,2829,546,None,Move,browsing
1571312507.958,2828,544,None,Move,browsing
1571312507.964,2827,542,None,Move,browsing
1571312507.972,2827,542,None,Move,browsing
1571312507.9870002,2827,541,None,Move,browsing
1571312508.0029998,2827,541,Left,Pressed,browsing
1571312508.119,2827,541,Left,Released,browsing
1571312508.197,2828,540,None,Move,browsing
1571312508.205,2830,540,None,Move,browsing
1571312508.2129998,2833,539,None,Move,browsing
1571312508.221,2837,539,None,Move,browsing
1571312508.229,2843,539,None,Move,browsing
1571312508.2370002,2849,538,None,Move,browsing
1571312508.245,2859,538,None,Move,browsing
1571312508.2529998,2872,538,None,Move,browsing
1571312508.2589998,2884,539,None,Move,browsing
1571312508.268,2903,542,None,Move,browsing
1571312508.276,2904,542,None,Move,browsing
1571312508.518,2902,544,None,Move,browsing
1571312508.525,2895,545,None,Move,browsing
1571312508.533,2886,546,None,Move,browsing
1571312508.541,2878,546,None,Move,browsing
1571312508.5470002,2865,546,None,Move,browsing
1571312508.555,2851,546,None,Move,browsing
1571312508.563,2839,545,None,Move,browsing
1571312508.571,2827,544,None,Move,browsing
1571312508.579,2818,544,None,Move,browsing
1571312508.587,2810,544,None,Move,browsing
1571312508.596,2804,544,None,Move,browsing
1571312508.603,2800,544,None,Move,browsing
1571312508.6120002,2798,544,None,Move,browsing
1571312508.6179998,2797,544,None,Move,browsing
1571312508.633,2796,544,None,Move,browsing
1571312508.641,2796,544,None,Move,browsing
1571312508.666,2795,544,None,Move,browsing
1571312508.744,2795,544,None,Move,browsing
1571312508.765,2793,545,None,Move,browsing
1571312508.774,2791,545,None,Move,browsing
1571312508.782,2790,545,None,Move,browsing
1571312508.79,2789,545,None,Move,browsing
1571312508.798,2788,545,None,Move,browsing
1571312508.806,2787,545,None,Move,browsing
1571312508.822,2786,545,None,Move,browsing
1571312508.827,2785,545,None,Move,browsing
1571312508.835,2785,545,None,Move,browsing
1571312508.8520002,2783,545,None,Move,browsing
1571312508.8679998,2782,546,None,Move,browsing
1571312508.8839998,2780,546,None,Move,browsing
1571312508.8920002,2778,546,None,Move,browsing
1571312508.9,2777,546,None,Move,browsing
1571312508.905,2776,546,None,Move,browsing
1571312508.913,2775,546,None,Move,browsing
1571312508.921,2773,546,None,Move,browsing
1571312508.929,2772,546,None,Move,browsing
1571312508.937,2770,547,None,Move,browsing
1571312508.946,2767,547,None,Move,browsing
1571312508.954,2766,547,None,Move,browsing
1571312508.962,2762,548,None,Move,browsing
1571312508.969,2759,548,None,Move,browsing
1571312508.9770002,2755,548,None,Move,browsing
1571312508.984,2749,548,None,Move,browsing
1571312508.992,2745,548,None,Move,browsing
1571312508.9989998,2735,549,None,Move,browsing
1571312509.0070002,2727,549,None,Move,browsing
1571312509.015,2719,550,None,Move,browsing
1571312509.0229998,2709,552,None,Move,browsing
1571312509.032,2702,554,None,Move,browsing
1571312509.04,2695,556,None,Move,browsing
1571312509.045,2690,557,None,Move,browsing
1571312509.053,2688,557,None,Move,browsing
1571312509.061,2686,557,None,Move,browsing
1571312509.069,2683,557,None,Move,browsing
1571312509.0779998,2678,557,None,Move,browsing
1571312509.085,2674,557,None,Move,browsing
1571312509.094,2666,556,None,Move,browsing
1571312509.1020002,2658,555,None,Move,browsing
1571312509.11,2648,553,None,Move,browsing
1571312509.1160002,2637,552,None,Move,browsing
1571312509.123,2627,550,None,Move,browsing
1571312509.1320002,2617,549,None,Move,browsing
1571312509.139,2608,548,None,Move,browsing
1571312509.147,2600,548,None,Move,browsing
1571312509.155,2592,547,None,Move,browsing
1571312509.163,2586,546,None,Move,browsing
1571312509.171,2582,545,None,Move,browsing
1571312509.179,2578,541,None,Move,browsing
1571312509.187,2576,539,None,Move,browsing
1571312509.1929998,2572,535,None,Move,browsing
1571312509.201,2567,528,None,Move,browsing
1571312509.209,2560,518,None,Move,browsing
1571312509.218,2552,507,None,Move,browsing
1571312509.225,2541,492,None,Move,browsing
1571312509.234,2533,480,None,Move,browsing
1571312509.242,2523,467,None,Move,browsing
1571312509.25,2517,457,None,Move,browsing
1571312509.258,2512,449,None,Move,browsing
1571312509.265,2509,441,None,Move,browsing
1571312509.271,2505,433,None,Move,browsing
1571312509.28,2502,427,None,Move,browsing
1571312509.2870002,2497,417,None,Move,browsing
1571312509.295,2492,409,None,Move,browsing
1571312509.304,2488,401,None,Move,browsing
1571312509.312,2484,393,None,Move,browsing
1571312509.319,2479,384,None,Move,browsing
1571312509.3279998,2476,378,None,Move,browsing
1571312509.333,2471,370,None,Move,browsing
1571312509.341,2468,363,None,Move,browsing
1571312509.349,2464,357,None,Move,browsing
1571312509.357,2460,350,None,Move,browsing
1571312509.3660002,2455,343,None,Move,browsing
1571312509.373,2452,340,None,Move,browsing
1571312509.381,2451,338,None,Move,browsing
1571312509.389,2449,335,None,Move,browsing
1571312509.397,2448,333,None,Move,browsing
1571312509.403,2447,332,None,Move,browsing
1571312509.411,2446,330,None,Move,browsing
1571312509.419,2445,328,None,Move,browsing
1571312509.427,2445,328,None,Move,browsing
1571312509.435,2443,326,None,Move,browsing
1571312509.4429998,2443,323,None,Move,browsing
1571312509.451,2442,323,None,Move,browsing
1571312509.459,2441,321,None,Move,browsing
1571312509.468,2439,318,None,Move,browsing
1571312509.474,2438,317,None,Move,browsing
1571312509.482,2437,314,None,Move,browsing
1571312509.49,2437,314,None,Move,browsing
1571312509.4970002,2437,313,None,Move,browsing
1571312509.505,2436,313,None,Move,browsing
1571312509.5670002,2435,313,None,Move,browsing
1571312509.575,2428,313,None,Move,browsing
1571312509.583,2423,313,None,Move,browsing
1571312509.591,2419,313,None,Move,browsing
1571312509.599,2416,313,None,Move,browsing
1571312509.607,2414,313,None,Move,browsing
1571312509.6160002,2414,313,None,Move,browsing
1571312509.6220002,2412,313,None,Move,browsing
1571312509.63,2412,313,None,Move,browsing
1571312509.637,2411,313,None,Move,browsing
1571312509.645,2409,312,None,Move,browsing
1571312509.654,2408,312,None,Move,browsing
1571312509.6620002,2407,311,None,Move,browsing
1571312509.67,2404,311,None,Move,browsing
1571312509.678,2401,310,None,Move,browsing
1571312509.686,2401,310,None,Move,browsing
1571312509.694,2399,310,None,Move,browsing
1571312509.707,2398,310,None,Move,browsing
1571312510.603,2397,310,None,Move,browsing
1571312510.611,2396,310,None,Move,browsing
1571312510.619,2393,309,None,Move,browsing
1571312510.627,2386,307,None,Move,browsing
1571312510.633,2375,304,None,Move,browsing
1571312510.641,2361,300,None,Move,browsing
1571312510.649,2344,295,None,Move,browsing
1571312510.657,2319,289,None,Move,browsing
1571312510.666,2293,283,None,Move,browsing
1571312510.674,2260,274,None,Move,browsing
1571312510.6820002,2231,268,None,Move,browsing
1571312510.69,2201,261,None,Move,browsing
1571312510.697,2178,258,None,Move,browsing
1571312510.705,2155,256,None,Move,browsing
1571312510.711,2137,253,None,Move,browsing
1571312510.719,2124,251,None,Move,browsing
1571312510.728,2112,249,None,Move,browsing
1571312510.736,2104,248,None,Move,browsing
1571312510.7429998,2097,246,None,Move,browsing
1571312510.7510002,2092,245,None,Move,browsing
1571312510.76,2089,244,None,Move,browsing
1571312510.768,2089,243,None,Move,browsing
1571312510.775,2087,243,None,Move,browsing
1571312510.781,2087,242,None,Move,browsing
1571312510.789,2086,242,None,Move,browsing
1571312510.798,2086,240,None,Move,browsing
1571312510.813,2086,237,None,Move,browsing
1571312510.822,2087,236,None,Move,browsing
1571312510.83,2087,235,None,Move,browsing
1571312510.837,2087,234,None,Move,browsing
1571312510.846,2088,231,None,Move,browsing
1571312510.853,2089,230,None,Move,browsing
1571312510.86,2089,228,None,Move,browsing
1571312510.867,2089,227,None,Move,browsing
1571312510.8760002,2089,224,None,Move,browsing
1571312510.8839998,2089,222,None,Move,browsing
1571312510.8920002,2089,217,None,Move,browsing
1571312510.899,2088,215,None,Move,browsing
1571312510.908,2087,213,None,Move,browsing
1571312510.916,2087,211,None,Move,browsing
1571312510.9220002,2087,209,None,Move,browsing
1571312510.93,2087,207,None,Move,browsing
1571312510.937,2087,207,None,Move,browsing
1571312510.946,2087,206,None,Move,browsing
1571312510.962,2087,206,None,Move,browsing
1571312510.985,2087,205,None,Move,browsing
1571312511.0,2086,204,None,Move,browsing
1571312511.008,2085,203,None,Move,browsing
1571312511.016,2081,202,None,Move,browsing
1571312511.024,2076,201,None,Move,browsing
1571312511.032,2072,199,None,Move,browsing
1571312511.039,2067,197,None,Move,browsing
1571312511.0470002,2060,195,None,Move,browsing
1571312511.055,2055,193,None,Move,browsing
1571312511.063,2051,192,None,Move,browsing
1571312511.069,2048,191,None,Move,browsing
1571312511.077,2046,191,None,Move,browsing
1571312511.085,2043,190,None,Move,browsing
1571312511.093,2043,190,None,Move,browsing
1571312511.1020002,2042,190,None,Move,browsing
1571312511.109,2041,190,None,Move,browsing
1571312511.125,2041,190,None,Move,browsing
1571312511.133,2038,193,None,Move,browsing
1571312511.139,2037,195,None,Move,browsing
1571312511.147,2035,198,None,Move,browsing
1571312511.155,2033,201,None,Move,browsing
1571312511.164,2031,203,None,Move,browsing
1571312511.1720002,2027,208,None,Move,browsing
1571312511.18,2023,212,None,Move,browsing
1571312511.187,2021,214,None,Move,browsing
1571312511.196,2016,218,None,Move,browsing
1571312511.2029998,2014,220,None,Move,browsing
1571312511.212,2010,223,None,Move,browsing
1571312511.218,2008,224,None,Move,browsing
1571312511.226,2006,227,None,Move,browsing
1571312511.2329998,2005,227,None,Move,browsing
1571312511.242,2003,229,None,Move,browsing
1571312511.2489998,2002,230,None,Move,browsing
1571312511.2570002,2001,231,None,Move,browsing
1571312511.266,2000,232,None,Move,browsing
1571312511.282,2000,232,None,Move,browsing
1571312511.304,2000,232,None,Move,browsing
1571312511.575,2000,232,None,Move,browsing
1571312511.6,2000,232,None,Move,browsing
1571312511.661,2000,232,Left,Pressed,browsing
1571312511.772,2000,232,Left,Released,browsing
1571312511.934,2001,232,None,Move,browsing
1571312511.941,2003,232,None,Move,browsing
1571312511.95,2011,235,None,Move,browsing
1571312511.957,2019,238,None,Move,browsing
1571312511.965,2033,241,None,Move,browsing
1571312511.974,2052,246,None,Move,browsing
1571312511.982,2068,250,None,Move,browsing
1571312511.99,2090,256,None,Move,browsing
1571312511.9970002,2106,261,None,Move,browsing
1571312512.0029998,2121,266,None,Move,browsing
1571312512.012,2133,270,None,Move,browsing
1571312512.02,2143,275,None,Move,browsing
1571312512.028,2154,280,None,Move,browsing
1571312512.035,2160,283,None,Move,browsing
1571312512.043,2164,286,None,Move,browsing
1571312512.052,2168,288,None,Move,browsing
1571312512.06,2170,291,None,Move,browsing
1571312512.0670002,2172,292,None,Move,browsing
1571312512.074,2173,293,None,Move,browsing
1571312512.082,2173,294,None,Move,browsing
1571312512.089,2174,295,None,Move,browsing
1571312512.0979998,2174,295,None,Move,browsing
1571312512.121,2174,296,None,Move,browsing
1571312512.137,2173,296,None,Move,browsing
1571312512.1520002,2173,297,None,Move,browsing
1571312512.167,2172,297,None,Move,browsing
1571312512.643,2171,297,None,Move,browsing
1571312512.658,2166,297,None,Move,browsing
1571312512.665,2165,297,None,Move,browsing
1571312512.674,2165,297,None,Move,browsing
1571312512.681,2164,297,None,Move,browsing
1571312512.697,2163,297,None,Move,browsing
1571312512.7129998,2163,294,None,Move,browsing
1571312512.721,2162,293,None,Move,browsing
1571312512.728,2160,290,None,Move,browsing
1571312512.735,2159,287,None,Move,browsing
1571312512.7429998,2158,284,None,Move,browsing
1571312512.752,2157,282,None,Move,browsing
1571312512.76,2157,280,None,Move,browsing
1571312512.768,2157,280,None,Move,browsing
1571312512.775,2157,279,None,Move,browsing
1571312512.783,2157,278,None,Move,browsing
1571312512.7970002,2157,277,None,Move,browsing
1571312512.805,2158,275,None,Move,browsing
1571312512.814,2159,275,None,Move,browsing
1571312512.822,2159,273,None,Move,browsing
1571312512.829,2161,272,None,Move,browsing
1571312512.8379998,2161,271,None,Move,browsing
1571312512.845,2162,270,None,Move,browsing
1571312512.853,2163,269,None,Move,browsing
1571312512.869,2164,269,None,Move,browsing
1571312512.946,2164,269,None,Move,browsing
1571312512.961,2164,270,None,Move,browsing
1571312512.969,2163,272,None,Move,browsing
1571312512.978,2161,274,None,Move,browsing
1571312512.986,2158,277,None,Move,browsing
1571312512.994,2156,278,None,Move,browsing
1571312513.002,2155,279,None,Move,browsing
1571312513.0070002,2152,280,None,Move,browsing
1571312513.015,2150,280,None,Move,browsing
1571312513.024,2149,280,None,Move,browsing
1571312513.032,2148,280,None,Move,browsing
1571312513.04,2148,280,None,Move,browsing
1571312513.056,2147,280,None,Move,browsing
1571312513.071,2146,280,None,Move,browsing
1571312513.093,2145,280,None,Move,browsing
1571312513.11,2144,280,None,Move,browsing
1571312513.125,2143,279,None,Move,browsing
1571312513.1339998,2141,277,None,Move,browsing
1571312513.1420002,2141,275,None,Move,browsing
1571312513.15,2141,274,None,Move,browsing
1571312513.158,2140,273,None,Move,browsing
1571312513.164,2139,272,None,Move,browsing
1571312513.1720002,2139,271,None,Move,browsing
1571312513.18,2139,270,None,Move,browsing
1571312513.188,2139,267,None,Move,browsing
1571312513.196,2139,266,None,Move,browsing
1571312513.2029998,2138,262,None,Move,browsing
1571312513.212,2138,259,None,Move,browsing
1571312513.22,2138,257,None,Move,browsing
1571312513.2270002,2138,255,None,Move,browsing
1571312513.2329998,2138,253,None,Move,browsing
1571312513.2410002,2138,252,None,Move,browsing
1571312513.2489998,2138,250,None,Move,browsing
1571312513.258,2138,249,None,Move,browsing
1571312513.266,2138,248,None,Move,browsing
1571312513.274,2138,247,None,Move,browsing
1571312513.282,2139,246,None,Move,browsing
1571312513.298,2139,245,None,Move,browsing
1571312513.303,2139,244,None,Move,browsing
1571312513.311,2140,243,None,Move,browsing
1571312513.319,2140,242,None,Move,browsing
1571312513.335,2141,239,None,Move,browsing
1571312513.343,2141,238,None,Move,browsing
1571312513.3520002,2141,237,None,Move,browsing
1571312513.359,2142,236,None,Move,browsing
1571312513.367,2143,233,None,Move,browsing
1571312513.373,2143,232,None,Move,browsing
1571312513.3820002,2143,230,None,Move,browsing
1571312513.39,2144,229,None,Move,browsing
1571312513.3979998,2144,228,None,Move,browsing
1571312513.406,2144,227,None,Move,browsing
1571312513.414,2145,225,None,Move,browsing
1571312513.4220002,2145,223,None,Move,browsing
1571312513.43,2145,223,None,Move,browsing
1571312513.438,2145,222,None,Move,browsing
1571312513.444,2145,221,None,Move,browsing
1571312513.451,2145,220,None,Move,browsing
1571312513.459,2145,219,None,Move,browsing
1571312513.467,2145,218,None,Move,browsing
1571312513.475,2145,217,None,Move,browsing
1571312513.484,2145,216,None,Move,browsing
1571312513.492,2145,215,None,Move,browsing
1571312513.5070002,2145,214,None,Move,browsing
1571312513.529,2145,214,None,Move,browsing
1571312513.545,2145,213,None,Move,browsing
1571312513.583,2145,213,None,Move,browsing
1571312513.944,2145,214,None,Move,browsing
1571312513.949,2145,215,None,Move,browsing
1571312513.958,2144,217,None,Move,browsing
1571312513.966,2144,219,None,Move,browsing
1571312513.974,2143,222,None,Move,browsing
1571312513.982,2143,227,None,Move,browsing
1571312513.99,2143,231,None,Move,browsing
1571312513.998,2143,235,None,Move,browsing
1571312514.005,2145,242,None,Move,browsing
1571312514.014,2146,247,None,Move,browsing
1571312514.021,2149,252,None,Move,browsing
1571312514.0270002,2151,257,None,Move,browsing
1571312514.035,2153,262,None,Move,browsing
1571312514.043,2154,266,None,Move,browsing
1571312514.051,2156,270,None,Move,browsing
1571312514.06,2157,275,None,Move,browsing
1571312514.0679998,2158,279,None,Move,browsing
1571312514.076,2159,281,None,Move,browsing
1571312514.084,2161,286,None,Move,browsing
1571312514.091,2162,288,None,Move,browsing
1571312514.097,2164,290,None,Move,browsing
1571312514.105,2164,291,None,Move,browsing
1571312514.113,2164,291,None,Move,browsing
1571312514.121,2165,293,None,Move,browsing
1571312514.129,2165,293,None,Move,browsing
1571312514.1379998,2166,294,None,Move,browsing
1571312514.146,2166,296,None,Move,browsing
1571312514.154,2166,299,None,Move,browsing
1571312514.1620002,2166,302,None,Move,browsing
1571312514.168,2166,304,None,Move,browsing
1571312514.176,2166,306,None,Move,browsing
1571312514.1829998,2166,309,None,Move,browsing
1571312514.1920002,2166,311,None,Move,browsing
1571312514.2,2166,313,None,Move,browsing
1571312514.208,2166,314,None,Move,browsing
1571312514.216,2166,316,None,Move,browsing
1571312514.231,2165,316,None,Move,browsing
1571312514.246,2165,317,None,Move,browsing
1571312514.262,2165,317,None,Move,browsing
1571312514.286,2164,317,None,Move,browsing
1571312514.302,2163,318,None,Move,browsing
1571312514.324,2162,318,None,Move,browsing
1571312514.332,2160,318,None,Move,browsing
1571312514.347,2159,318,None,Move,browsing
1571312514.355,2159,318,None,Move,browsing
1571312514.363,2157,318,None,Move,browsing
1571312514.3720002,2156,317,None,Move,browsing
1571312514.38,2154,316,None,Move,browsing
1571312514.3860002,2154,314,None,Move,browsing
1571312514.401,2153,314,None,Move,browsing
1571312514.409,2153,312,None,Move,browsing
1571312514.418,2152,312,None,Move,browsing
1571312514.434,2151,311,None,Move,browsing
1571312514.4420002,2151,310,None,Move,browsing
1571312514.464,2150,310,None,Move,browsing
1571312514.7370002,2150,308,None,Move,browsing
1571312514.7510002,2148,304,None,Move,browsing
1571312514.7589998,2148,303,None,Move,browsing
1571312514.768,2147,300,None,Move,browsing
1571312514.775,2146,297,None,Move,browsing
1571312514.783,2145,293,None,Move,browsing
1571312514.792,2144,290,None,Move,browsing
1571312514.8,2142,286,None,Move,browsing
1571312514.8079998,2140,281,None,Move,browsing
1571312514.813,2137,274,None,Move,browsing
1571312514.822,2135,269,None,Move,browsing
1571312514.829,2135,266,None,Move,browsing
1571312514.837,2135,262,None,Move,browsing
1571312514.846,2135,260,None,Move,browsing
1571312514.854,2135,258,None,Move,browsing
1571312514.8620002,2135,257,None,Move,browsing
1571312514.869,2135,257,None,Move,browsing
1571312514.8779998,2135,256,None,Move,browsing
1571312514.8860002,2135,255,None,Move,browsing
1571312514.9,2135,254,None,Move,browsing
1571312514.908,2135,252,None,Move,browsing
1571312514.924,2135,250,None,Move,browsing
1571312514.939,2135,250,None,Move,browsing
1571312514.955,2135,249,None,Move,browsing
1571312515.0089998,2135,249,None,Move,browsing
1571312515.031,2135,248,None,Move,browsing
1571312515.0470002,2135,247,None,Move,browsing
1571312515.125,2135,247,None,Move,browsing
1571312515.165,2135,246,None,Move,browsing
1571312515.244,2135,246,Left,Pressed,browsing
1571312515.336,2135,246,Left,Released,browsing
1571312515.935,2135,246,None,Move,browsing
1571312515.951,2135,246,None,Move,browsing
1571312515.974,2135,247,None,Move,browsing
1571312516.13,2136,248,None,Move,browsing
1571312516.154,2137,249,None,Move,browsing
1571312516.1620002,2140,250,None,Move,browsing
1571312516.17,2142,251,None,Move,browsing
1571312516.178,2143,251,None,Move,browsing
1571312516.186,2147,252,None,Move,browsing
1571312516.1920002,2153,253,None,Move,browsing
1571312516.2,2159,253,None,Move,browsing
1571312516.208,2167,253,None,Move,browsing
1571312516.216,2175,253,None,Move,browsing
1571312516.2229998,2184,253,None,Move,browsing
1571312516.231,2189,253,None,Move,browsing
1571312516.2389998,2193,253,None,Move,browsing
1571312516.248,2196,253,None,Move,browsing
1571312516.255,2198,253,None,Move,browsing
1571312516.2610002,2200,253,None,Move,browsing
1571312516.269,2201,253,None,Move,browsing
1571312516.2770002,2201,253,None,Move,browsing
1571312516.293,2203,253,None,Move,browsing
1571312516.309,2204,253,None,Move,browsing
1571312516.3170002,2205,254,None,Move,browsing
1571312516.326,2208,256,None,Move,browsing
1571312516.331,2209,256,None,Move,browsing
1571312516.34,2211,259,None,Move,browsing
1571312516.347,2212,260,None,Move,browsing
1571312516.355,2213,261,None,Move,browsing
1571312516.363,2215,264,None,Move,browsing
1571312516.371,2215,265,None,Move,browsing
1571312516.38,2216,266,None,Move,browsing
1571312516.3879998,2217,269,None,Move,browsing
1571312516.395,2217,269,None,Move,browsing
1571312516.401,2218,272,None,Move,browsing
1571312516.409,2218,274,None,Move,browsing
1571312516.417,2219,276,None,Move,browsing
1571312516.426,2220,278,None,Move,browsing
1571312516.4329998,2220,278,None,Move,browsing
1571312516.441,2221,281,None,Move,browsing
1571312516.449,2222,283,None,Move,browsing
1571312516.457,2225,287,None,Move,browsing
1571312516.466,2228,289,None,Move,browsing
1571312516.471,2234,294,None,Move,browsing
1571312516.48,2246,304,None,Move,browsing
1571312516.488,2262,315,None,Move,browsing
1571312516.496,2290,333,None,Move,browsing
1571312516.5029998,2331,363,None,Move,browsing
1571312516.512,2382,395,None,Move,browsing
1571312516.519,2443,431,None,Move,browsing
1571312516.5270002,2505,465,None,Move,browsing
1571312516.536,2574,502,None,Move,browsing
1571312516.543,2645,535,None,Move,browsing
1571312516.549,2717,565,None,Move,browsing
1571312516.5570002,2787,591,None,Move,browsing
1571312516.566,2855,612,None,Move,browsing
1571312516.573,2922,626,None,Move,browsing
1571312516.582,2981,636,None,Move,browsing
1571312516.59,3031,644,None,Move,browsing
1571312516.597,3078,650,None,Move,browsing
1571312516.605,3117,652,None,Move,browsing
1571312516.6139998,3144,652,None,Move,browsing
1571312516.619,3160,652,None,Move,browsing
1571312516.6279998,3171,651,None,Move,browsing
1571312516.635,3179,648,None,Move,browsing
1571312516.644,3181,647,None,Move,browsing
1571312516.6520002,3182,645,None,Move,browsing
1571312516.668,3182,643,None,Move,browsing
1571312516.675,3182,641,None,Move,browsing
1571312516.6829998,3178,639,None,Move,browsing
1571312516.689,3171,633,None,Move,browsing
1571312516.697,3164,630,None,Move,browsing
1571312516.705,3155,626,None,Move,browsing
1571312516.714,3149,623,None,Move,browsing
1571312516.721,3140,620,None,Move,browsing
1571312516.729,3134,617,None,Move,browsing
1571312516.7370002,3128,614,None,Move,browsing
1571312516.746,3120,611,None,Move,browsing
1571312516.754,3112,608,None,Move,browsing
1571312516.76,3106,604,None,Move,browsing
1571312516.768,3099,601,None,Move,browsing
1571312516.776,3092,597,None,Move,browsing
1571312516.783,3084,592,None,Move,browsing
1571312516.792,3074,588,None,Move,browsing
1571312516.8,3064,582,None,Move,browsing
1571312516.8070002,3053,578,None,Move,browsing
1571312516.816,3043,574,None,Move,browsing
1571312516.823,3035,571,None,Move,browsing
1571312516.829,3026,567,None,Move,browsing
1571312516.837,3019,564,None,Move,browsing
1571312516.846,3013,562,None,Move,browsing
1571312516.853,3008,559,None,Move,browsing
1571312516.861,3000,556,None,Move,browsing
1571312516.869,2993,553,None,Move,browsing
1571312516.8779998,2987,550,None,Move,browsing
1571312516.8860002,2982,547,None,Move,browsing
1571312516.894,2974,544,None,Move,browsing
1571312516.9020002,2968,541,None,Move,browsing
1571312516.908,2961,538,None,Move,browsing
1571312516.916,2954,535,None,Move,browsing
1571312516.923,2948,532,None,Move,browsing
1571312516.931,2945,531,None,Move,browsing
1571312516.939,2940,528,None,Move,browsing
1571312516.947,2938,527,None,Move,browsing
1571312516.956,2937,527,None,Move,browsing
1571312516.964,2935,526,None,Move,browsing
1571312516.972,2932,524,None,Move,browsing
1571312516.978,2931,524,None,Move,browsing
1571312516.985,2929,523,None,Move,browsing
1571312516.994,2926,521,None,Move,browsing
1571312517.002,2925,521,None,Move,browsing
1571312517.0089998,2923,519,None,Move,browsing
1571312517.018,2920,518,None,Move,browsing
1571312517.026,2917,516,None,Move,browsing
1571312517.034,2912,514,None,Move,browsing
1571312517.042,2908,513,None,Move,browsing
1571312517.048,2903,511,None,Move,browsing
1571312517.055,2899,509,None,Move,browsing
1571312517.064,2893,506,None,Move,browsing
1571312517.071,2888,505,None,Move,browsing
1571312517.079,2884,503,None,Move,browsing
1571312517.0879998,2880,502,None,Move,browsing
1571312517.095,2876,502,None,Move,browsing
1571312517.103,2874,502,None,Move,browsing
1571312517.111,2872,501,None,Move,browsing
1571312517.117,2871,501,None,Move,browsing
1571312517.125,2870,500,None,Move,browsing
1571312517.133,2870,500,None,Move,browsing
1571312517.141,2868,500,None,Move,browsing
1571312517.149,2868,499,None,Move,browsing
1571312517.158,2867,499,None,Move,browsing
1571312517.174,2865,497,None,Move,browsing
1571312517.1820002,2864,496,None,Move,browsing
1571312517.188,2860,493,None,Move,browsing
1571312517.195,2857,490,None,Move,browsing
1571312517.2029998,2855,488,None,Move,browsing
1571312517.211,2850,485,None,Move,browsing
1571312517.219,2848,483,None,Move,browsing
1571312517.2270002,2845,482,None,Move,browsing
1571312517.236,2843,479,None,Move,browsing
1571312517.244,2843,479,None,Move,browsing
1571312517.252,2842,478,None,Move,browsing
1571312517.26,2841,477,None,Move,browsing
1571312517.266,2841,476,None,Move,browsing
1571312517.274,2841,475,None,Move,browsing
1571312517.282,2840,474,None,Move,browsing
1571312517.2970002,2840,473,None,Move,browsing
1571312517.305,2840,473,None,Move,browsing
1571312517.322,2840,471,None,Move,browsing
1571312517.335,2841,471,None,Move,browsing
1571312517.343,2842,470,None,Move,browsing
1571312517.359,2845,470,None,Move,browsing
1571312517.3679998,2847,470,None,Move,browsing
1571312517.3760002,2849,471,None,Move,browsing
1571312517.3839998,2854,473,None,Move,browsing
1571312517.3920002,2860,477,None,Move,browsing
1571312517.4,2865,482,None,Move,browsing
1571312517.406,2871,490,None,Move,browsing
1571312517.414,2877,496,None,Move,browsing
1571312517.4220002,2884,506,None,Move,browsing
1571312517.429,2889,514,None,Move,browsing
1571312517.437,2896,524,None,Move,browsing
1571312517.446,2904,535,None,Move,browsing
1571312517.454,2909,544,None,Move,browsing
1571312517.462,2913,553,None,Move,browsing
1571312517.47,2916,557,None,Move,browsing
1571312517.476,2918,561,None,Move,browsing
1571312517.484,2918,562,None,Move,browsing
1571312517.492,2918,563,None,Move,browsing
1571312517.5,2918,564,None,Move,browsing
1571312517.508,2918,565,None,Move,browsing
1571312517.516,2917,567,None,Move,browsing
1571312517.524,2915,569,None,Move,browsing
1571312517.531,2915,570,None,Move,browsing
1571312517.539,2914,573,None,Move,browsing
1571312517.545,2914,577,None,Move,browsing
1571312517.553,2914,581,None,Move,browsing
1571312517.561,2914,585,None,Move,browsing
1571312517.569,2914,587,None,Move,browsing
1571312517.577,2914,590,None,Move,browsing
1571312517.586,2914,592,None,Move,browsing
1571312517.594,2914,592,None,Move,browsing
1571312517.609,2914,592,None,Move,browsing
1571312517.78,2914,592,Left,Pressed,browsing
1571312517.8820002,2914,592,Left,Released,browsing
1571312517.959,2907,592,None,Move,browsing
1571312517.967,2901,591,None,Move,browsing
1571312517.976,2891,587,None,Move,browsing
1571312517.981,2875,582,None,Move,browsing
1571312517.9889998,2853,573,None,Move,browsing
1571312517.9970002,2824,560,None,Move,browsing
1571312518.005,2788,545,None,Move,browsing
1571312518.0129998,2743,526,None,Move,browsing
1571312518.021,2696,504,None,Move,browsing
1571312518.029,2649,485,None,Move,browsing
1571312518.0370002,2599,463,None,Move,browsing
1571312518.046,2554,439,None,Move,browsing
1571312518.052,2507,420,None,Move,browsing
1571312518.06,2468,401,None,Move,browsing
1571312518.0670002,2426,382,None,Move,browsing
1571312518.075,2392,368,None,Move,browsing
1571312518.084,2369,357,None,Move,browsing
1571312518.092,2346,346,None,Move,browsing
1571312518.099,2329,340,None,Move,browsing
1571312518.107,2316,334,None,Move,browsing
1571312518.115,2307,330,None,Move,browsing
1571312518.121,2298,327,None,Move,browsing
1571312518.129,2290,322,None,Move,browsing
1571312518.137,2286,320,None,Move,browsing
1571312518.145,2282,318,None,Move,browsing
1571312518.153,2277,314,None,Move,browsing
1571312518.161,2275,313,None,Move,browsing
1571312518.169,2272,310,None,Move,browsing
1571312518.177,2270,308,None,Move,browsing
1571312518.186,2264,304,None,Move,browsing
1571312518.1920002,2259,301,None,Move,browsing
1571312518.199,2255,298,None,Move,browsing
1571312518.208,2250,296,None,Move,browsing
1571312518.216,2247,295,None,Move,browsing
1571312518.224,2245,294,None,Move,browsing
1571312518.232,2241,293,None,Move,browsing
1571312518.2389998,2238,293,None,Move,browsing
1571312518.248,2238,293,None,Move,browsing
1571312518.255,2235,293,None,Move,browsing
1571312518.264,2235,293,None,Move,browsing
1571312518.269,2233,293,None,Move,browsing
1571312518.2770002,2231,292,None,Move,browsing
1571312518.286,2230,291,None,Move,browsing
1571312518.294,2227,290,None,Move,browsing
1571312518.302,2225,289,None,Move,browsing
1571312518.31,2219,287,None,Move,browsing
1571312518.3170002,2214,285,None,Move,browsing
1571312518.326,2209,283,None,Move,browsing
1571312518.334,2205,283,None,Move,browsing
1571312518.34,2200,282,None,Move,browsing
1571312518.3479998,2196,280,None,Move,browsing
1571312518.355,2193,279,None,Move,browsing
1571312518.363,2188,278,None,Move,browsing
1571312518.371,2184,278,None,Move,browsing
1571312518.38,2182,278,None,Move,browsing
1571312518.387,2178,278,None,Move,browsing
1571312518.396,2176,277,None,Move,browsing
1571312518.403,2175,277,None,Move,browsing
1571312518.409,2175,277,None,Move,browsing
1571312518.536,2174,276,None,Move,browsing
1571312518.5570002,2173,274,None,Move,browsing
1571312518.574,2172,273,None,Move,browsing
1571312518.59,2171,271,None,Move,browsing
1571312518.597,2171,270,None,Move,browsing
1571312518.606,2171,269,None,Move,browsing
1571312518.6139998,2170,267,None,Move,browsing
1571312518.62,2169,265,None,Move,browsing
1571312518.6279998,2169,265,None,Move,browsing
1571312518.6360002,2169,264,None,Move,browsing
1571312518.6520002,2169,263,None,Move,browsing
1571312518.66,2168,262,None,Move,browsing
1571312518.668,2167,261,None,Move,browsing
1571312518.676,2167,260,None,Move,browsing
1571312518.6920002,2167,259,None,Move,browsing
1571312518.698,2166,258,None,Move,browsing
1571312518.706,2166,257,None,Move,browsing
1571312518.722,2165,257,None,Move,browsing
1571312518.7370002,2165,256,None,Move,browsing
1571312518.8,2164,255,None,Move,browsing
1571312518.823,2163,254,None,Move,browsing
1571312518.8379998,2163,252,None,Move,browsing
1571312518.845,2163,252,None,Move,browsing
1571312518.853,2162,252,None,Move,browsing
1571312518.861,2162,251,None,Move,browsing
1571312518.923,2161,250,None,Move,browsing
1571312518.939,2161,249,None,Move,browsing
1571312518.955,2161,248,None,Move,browsing
1571312518.972,2161,247,None,Move,browsing
1571312519.026,2161,246,None,Move,browsing
1571312519.049,2161,246,None,Move,browsing
1571312519.0879998,2161,245,None,Move,browsing
1571312519.1279998,2160,245,None,Move,browsing
1571312519.149,2160,244,None,Move,browsing
1571312519.165,2160,244,None,Move,browsing
1571312519.1820002,2160,244,Left,Pressed,browsing
1571312519.29,2160,244,Left,Released,browsing
1571312519.4,2161,244,None,Move,browsing
1571312519.408,2163,244,None,Move,browsing
1571312519.416,2165,244,None,Move,browsing
1571312519.4220002,2170,244,None,Move,browsing
1571312519.43,2178,247,None,Move,browsing
1571312519.438,2192,249,None,Move,browsing
1571312519.446,2211,252,None,Move,browsing
1571312519.454,2229,256,None,Move,browsing
1571312519.462,2253,262,None,Move,browsing
1571312519.469,2280,268,None,Move,browsing
1571312519.478,2310,276,None,Move,browsing
1571312519.486,2342,285,None,Move,browsing
1571312519.4910002,2375,293,None,Move,browsing
1571312519.5,2412,302,None,Move,browsing
1571312519.5070002,2452,310,None,Move,browsing
1571312519.516,2484,318,None,Move,browsing
1571312519.524,2519,327,None,Move,browsing
1571312519.531,2549,335,None,Move,browsing
1571312519.539,2579,342,None,Move,browsing
1571312519.548,2608,348,None,Move,browsing
1571312519.556,2629,352,None,Move,browsing
1571312519.561,2647,355,None,Move,browsing
1571312519.569,2660,357,None,Move,browsing
1571312519.5779998,2673,359,None,Move,browsing
1571312519.585,2681,360,None,Move,browsing
1571312519.593,2689,362,None,Move,browsing
1571312519.603,2695,363,None,Move,browsing
1571312519.609,2698,364,None,Move,browsing
1571312519.6179998,2702,366,None,Move,browsing
1571312519.6260002,2704,367,None,Move,browsing
1571312519.6320002,2705,367,None,Move,browsing
1571312519.64,2707,368,None,Move,browsing
1571312519.6479998,2708,369,None,Move,browsing
1571312519.655,2709,370,None,Move,browsing
1571312519.664,2711,371,None,Move,browsing
1571312519.671,2712,372,None,Move,browsing
1571312519.68,2714,373,None,Move,browsing
1571312519.687,2715,374,None,Move,browsing
1571312519.695,2716,375,None,Move,browsing
1571312519.704,2718,377,None,Move,browsing
1571312519.71,2719,378,None,Move,browsing
1571312519.717,2721,380,None,Move,browsing
1571312519.725,2724,382,None,Move,browsing
1571312519.734,2726,385,None,Move,browsing
1571312519.742,2731,390,None,Move,browsing
1571312519.75,2736,395,None,Move,browsing
1571312519.758,2741,400,None,Move,browsing
1571312519.765,2746,405,None,Move,browsing
1571312519.7729998,2754,412,None,Move,browsing
1571312519.779,2761,418,None,Move,browsing
1571312519.7870002,2770,427,None,Move,browsing
1571312519.796,2780,434,None,Move,browsing
1571312519.804,2789,442,None,Move,browsing
1571312519.812,2800,453,None,Move,browsing
1571312519.82,2809,459,None,Move,browsing
1571312519.8279998,2818,465,None,Move,browsing
1571312519.835,2826,470,None,Move,browsing
1571312519.843,2835,475,None,Move,browsing
1571312519.849,2841,478,None,Move,browsing
1571312519.8579998,2849,483,None,Move,browsing
1571312519.8660002,2856,485,None,Move,browsing
1571312519.8739998,2862,488,None,Move,browsing
1571312519.8820002,2868,491,None,Move,browsing
1571312519.889,2878,494,None,Move,browsing
1571312519.897,2884,496,None,Move,browsing
1571312519.905,2889,498,None,Move,browsing
1571312519.913,2894,499,None,Move,browsing
1571312519.919,2896,499,None,Move,browsing
1571312519.927,2900,501,None,Move,browsing
1571312519.935,2902,501,None,Move,browsing
1571312519.944,2904,502,None,Move,browsing
1571312519.951,2907,503,None,Move,browsing
1571312519.959,2910,503,None,Move,browsing
1571312519.968,2912,504,None,Move,browsing
1571312519.975,2913,504,None,Move,browsing
1571312519.9829998,2915,505,None,Move,browsing
1571312519.9910002,2918,506,None,Move,browsing
1571312519.998,2920,507,None,Move,browsing
1571312520.006,2920,507,None,Move,browsing
1571312520.014,2922,507,None,Move,browsing
1571312520.022,2922,508,None,Move,browsing
1571312520.0370002,2923,508,None,Move,browsing
1571312520.059,2923,508,None,Move,browsing
1571312520.4729998,2924,508,None,Move,browsing
1571312520.481,2926,508,None,Move,browsing
1571312520.4889998,2927,508,None,Move,browsing
1571312520.495,2930,508,None,Move,browsing
1571312520.5029998,2932,508,None,Move,browsing
1571312520.5110002,2935,507,None,Move,browsing
1571312520.52,2938,507,None,Move,browsing
1571312520.5270002,2942,507,None,Move,browsing
1571312520.535,2945,507,None,Move,browsing
1571312520.543,2947,507,None,Move,browsing
1571312520.551,2949,507,None,Move,browsing
1571312520.559,2951,508,None,Move,browsing
1571312520.5679998,2954,509,None,Move,browsing
1571312520.574,2956,510,None,Move,browsing
1571312520.582,2959,511,None,Move,browsing
1571312520.59,2962,513,None,Move,browsing
1571312520.597,2967,517,None,Move,browsing
1571312520.606,2969,518,None,Move,browsing
1571312520.6139998,2974,521,None,Move,browsing
1571312520.621,2979,525,None,Move,browsing
1571312520.629,2984,528,None,Move,browsing
1571312520.637,2989,532,None,Move,browsing
1571312520.643,2992,534,None,Move,browsing
1571312520.651,2995,537,None,Move,browsing
1571312520.659,3000,541,None,Move,browsing
1571312520.667,3004,544,None,Move,browsing
1571312520.675,3009,548,None,Move,browsing
1571312520.684,3013,552,None,Move,browsing
1571312520.691,3016,554,None,Move,browsing
1571312520.699,3021,559,None,Move,browsing
1571312520.708,3026,563,None,Move,browsing
1571312520.714,3028,565,None,Move,browsing
1571312520.722,3030,568,None,Move,browsing
1571312520.73,3031,568,None,Move,browsing
1571312520.738,3031,569,None,Move,browsing
1571312520.754,3032,569,None,Move,browsing
1571312520.769,3032,570,None,Move,browsing
1571312520.7770002,3032,570,None,Move,browsing
1571312520.784,3030,569,None,Move,browsing
1571312520.791,3023,566,None,Move,browsing
1571312520.799,3016,564,None,Move,browsing
1571312520.8070002,3009,562,None,Move,browsing
1571312520.816,3003,562,None,Move,browsing
1571312520.823,3000,562,None,Move,browsing
1571312520.831,2996,562,None,Move,browsing
1571312520.839,2994,563,None,Move,browsing
1571312520.847,2990,566,None,Move,browsing
1571312520.854,2987,568,None,Move,browsing
1571312520.8620002,2983,570,None,Move,browsing
1571312520.869,2980,571,None,Move,browsing
1571312520.8779998,2975,574,None,Move,browsing
1571312520.8860002,2973,576,None,Move,browsing
1571312520.894,2971,577,None,Move,browsing
1571312520.901,2966,580,None,Move,browsing
1571312520.909,2964,582,None,Move,browsing
1571312520.917,2962,584,None,Move,browsing
1571312520.924,2960,586,None,Move,browsing
1571312520.9320002,2958,589,None,Move,browsing
1571312520.94,2956,591,None,Move,browsing
1571312520.948,2954,592,None,Move,browsing
1571312520.956,2952,594,None,Move,browsing
1571312520.964,2950,597,None,Move,browsing
1571312520.971,2946,598,None,Move,browsing
1571312520.979,2946,599,None,Move,browsing
1571312520.9870002,2943,600,None,Move,browsing
1571312520.995,2939,601,None,Move,browsing
1571312521.0010002,2936,601,None,Move,browsing
1571312521.01,2934,602,None,Move,browsing
1571312521.0170002,2931,603,None,Move,browsing
1571312521.025,2929,604,None,Move,browsing
1571312521.033,2927,604,None,Move,browsing
1571312521.041,2923,604,None,Move,browsing
1571312521.049,2920,604,None,Move,browsing
1571312521.0579998,2918,604,None,Move,browsing
1571312521.066,2915,604,None,Move,browsing
1571312521.071,2913,604,None,Move,browsing
1571312521.079,2911,604,None,Move,browsing
1571312521.087,2910,604,None,Move,browsing
1571312521.1360002,2910,604,None,Move,browsing
1571312521.15,2909,602,None,Move,browsing
1571312521.158,2908,600,None,Move,browsing
1571312521.165,2908,599,None,Move,browsing
1571312521.173,2908,599,None,Move,browsing
1571312521.181,2908,598,None,Move,browsing
1571312521.26,2908,598,Left,Pressed,browsing
1571312521.367,2908,598,Left,Released,browsing
1571312521.4529998,2908,597,None,Move,browsing
1571312521.461,2912,596,None,Move,browsing
1571312521.47,2917,594,None,Move,browsing
1571312521.478,2924,593,None,Move,browsing
1571312521.485,2933,591,None,Move,browsing
1571312521.494,2944,589,None,Move,browsing
1571312521.5,2958,587,None,Move,browsing
1571312521.508,2972,586,None,Move,browsing
1571312521.516,2989,582,None,Move,browsing
1571312521.524,3003,579,None,Move,browsing
1571312521.531,3018,576,None,Move,browsing
1571312521.539,3019,576,None,Move,browsing
1571312521.796,3014,576,None,Move,browsing
1571312521.804,3006,576,None,Move,browsing
1571312521.812,2993,575,None,Move,browsing
1571312521.82,2981,575,None,Move,browsing
1571312521.827,2962,571,None,Move,browsing
1571312521.836,2941,567,None,Move,browsing
1571312521.844,2917,562,None,Move,browsing
1571312521.8520002,2888,556,None,Move,browsing
1571312521.8579998,2858,549,None,Move,browsing
1571312521.8660002,2845,546,None,Move,browsing
1571312521.8760002,2825,539,None,Move,browsing
1571312521.8820002,2805,530,None,Move,browsing
1571312521.889,2777,521,None,Move,browsing
1571312521.8979998,2741,508,None,Move,browsing
1571312521.905,2703,495,None,Move,browsing
1571312521.913,2659,482,None,Move,browsing
1571312521.921,2618,469,None,Move,browsing
1571312521.929,2578,456,None,Move,browsing
1571312521.935,2548,448,None,Move,browsing
1571312521.944,2520,440,None,Move,browsing
1571312521.951,2501,434,None,Move,browsing
1571312521.96,2483,430,None,Move,browsing
1571312521.967,2466,425,None,Move,browsing
1571312521.976,2446,417,None,Move,browsing
1571312521.984,2428,408,None,Move,browsing
1571312521.992,2402,395,None,Move,browsing
1571312522.0,2378,381,None,Move,browsing
1571312522.006,2357,369,None,Move,browsing
1571312522.0129998,2333,356,None,Move,browsing
1571312522.021,2307,343,None,Move,browsing
1571312522.03,2286,333,None,Move,browsing
1571312522.0370002,2271,325,None,Move,browsing
1571312522.046,2256,317,None,Move,browsing
1571312522.054,2245,312,None,Move,browsing
1571312522.062,2235,308,None,Move,browsing
1571312522.07,2226,303,None,Move,browsing
1571312522.077,2220,300,None,Move,browsing
1571312522.084,2212,296,None,Move,browsing
1571312522.091,2206,293,None,Move,browsing
1571312522.099,2200,289,None,Move,browsing
1571312522.107,2195,286,None,Move,browsing
1571312522.115,2193,285,None,Move,browsing
1571312522.1239998,2189,280,None,Move,browsing
1571312522.1320002,2186,278,None,Move,browsing
1571312522.14,2186,277,None,Move,browsing
1571312522.146,2184,275,None,Move,browsing
1571312522.154,2183,274,None,Move,browsing
1571312522.1620002,2180,272,None,Move,browsing
1571312522.169,2179,271,None,Move,browsing
1571312522.177,2178,270,None,Move,browsing
1571312522.185,2177,269,None,Move,browsing
1571312522.194,2174,268,None,Move,browsing
1571312522.201,2173,267,None,Move,browsing
1571312522.21,2171,266,None,Move,browsing
1571312522.216,2169,266,None,Move,browsing
1571312522.224,2169,265,None,Move,browsing
1571312522.232,2168,265,None,Move,browsing
1571312522.248,2168,264,None,Move,browsing
1571312522.2629998,2167,264,None,Move,browsing
1571312522.2870002,2165,262,None,Move,browsing
1571312522.293,2163,262,None,Move,browsing
1571312522.301,2162,262,None,Move,browsing
1571312522.333,2161,262,None,Move,browsing
1571312522.3720002,2161,262,None,Move,browsing
1571312522.387,2159,262,None,Move,browsing
1571312522.403,2158,262,None,Move,browsing
1571312522.411,2158,262,None,Move,browsing
1571312522.428,2157,263,None,Move,browsing
1571312522.4420002,2156,264,None,Move,browsing
1571312522.465,2155,264,None,Move,browsing
1571312522.482,2154,265,None,Move,browsing
1571312522.504,2154,265,None,Move,browsing
1571312522.66,2154,265,Left,Pressed,browsing
1571312522.77,2154,265,Left,Released,browsing
1571312523.135,2159,266,None,Move,browsing
1571312523.143,2161,266,None,Move,browsing
1571312523.151,2165,266,None,Move,browsing
1571312523.157,2172,266,None,Move,browsing
1571312523.165,2181,267,None,Move,browsing
1571312523.173,2192,270,None,Move,browsing
1571312523.181,2206,271,None,Move,browsing
1571312523.189,2219,272,None,Move,browsing
1571312523.197,2235,273,None,Move,browsing
1571312523.205,2255,274,None,Move,browsing
1571312523.2129998,2275,276,None,Move,browsing
1571312523.222,2298,279,None,Move,browsing
1571312523.231,2316,280,None,Move,browsing
1571312523.236,2339,283,None,Move,browsing
1571312523.244,2359,284,None,Move,browsing
1571312523.2510002,2379,287,None,Move,browsing
1571312523.26,2392,289,None,Move,browsing
1571312523.2670002,2405,291,None,Move,browsing
1571312523.276,2411,292,None,Move,browsing
1571312523.284,2420,294,None,Move,browsing
1571312523.291,2423,295,None,Move,browsing
1571312523.2970002,2427,296,None,Move,browsing
1571312523.305,2428,296,None,Move,browsing
1571312523.314,2430,297,None,Move,browsing
1571312523.322,2430,297,None,Move,browsing
1571312523.337,2431,298,None,Move,browsing
1571312523.446,2431,298,None,Move,browsing
1571312523.462,2431,298,None,Move,browsing
1571312523.502,2431,299,None,Move,browsing
1571312523.524,2431,299,None,Move,browsing
1571312523.58,2430,299,None,Move,browsing
1571312523.601,2429,299,None,Move,browsing
1571312523.617,2428,299,None,Move,browsing
1571312523.6339998,2428,299,None,Move,browsing
1571312523.688,2427,299,None,Move,browsing
1571312523.712,2425,299,None,Move,browsing
1571312523.8820002,2425,299,None,Move,browsing
1571312523.8979998,2425,300,None,Move,browsing
1571312523.921,2427,300,None,Move,browsing
1571312523.929,2429,301,None,Move,browsing
1571312523.944,2433,302,None,Move,browsing
1571312523.951,2440,307,None,Move,browsing
1571312523.959,2449,312,None,Move,browsing
1571312523.967,2464,322,None,Move,browsing
1571312523.976,2488,339,None,Move,browsing
1571312523.9829998,2515,357,None,Move,browsing
1571312523.9910002,2550,379,None,Move,browsing
1571312524.0,2588,402,None,Move,browsing
1571312524.0070002,2623,424,None,Move,browsing
1571312524.014,2660,444,None,Move,browsing
1571312524.022,2692,462,None,Move,browsing
1571312524.03,2721,476,None,Move,browsing
1571312524.0370002,2738,484,None,Move,browsing
1571312524.046,2756,490,None,Move,browsing
1571312524.054,2765,494,None,Move,browsing
1571312524.061,2772,495,None,Move,browsing
1571312524.069,2775,495,None,Move,browsing
1571312524.077,2776,495,None,Move,browsing
1571312524.085,2776,495,None,Move,browsing
1571312524.092,2776,494,None,Move,browsing
1571312524.1,2775,489,None,Move,browsing
1571312524.107,2765,480,None,Move,browsing
1571312524.115,2749,469,None,Move,browsing
1571312524.123,2722,448,None,Move,browsing
1571312524.131,2684,425,None,Move,browsing
1571312524.139,2638,396,None,Move,browsing
1571312524.147,2587,365,None,Move,browsing
1571312524.156,2534,332,None,Move,browsing
1571312524.1620002,2475,301,None,Move,browsing
1571312524.17,2414,269,None,Move,browsing
1571312524.178,2356,240,None,Move,browsing
1571312524.186,2301,217,None,Move,browsing
1571312524.194,2256,200,None,Move,browsing
1571312524.202,2215,185,None,Move,browsing
1571312524.21,2183,177,None,Move,browsing
1571312524.218,2164,171,None,Move,browsing
1571312524.226,2150,170,None,Move,browsing
1571312524.232,2141,169,None,Move,browsing
1571312524.24,2135,169,None,Move,browsing
1571312524.2470002,2132,169,None,Move,browsing
1571312524.255,2130,169,None,Move,browsing
1571312524.2629998,2130,169,None,Move,browsing
1571312524.309,2130,169,None,Move,browsing
1571312524.326,2130,170,None,Move,browsing
1571312524.341,2131,170,None,Move,browsing
1571312524.357,2131,171,None,Move,browsing
1571312524.3739998,2131,171,None,Move,browsing
1571312524.396,2131,172,None,Move,browsing
1571312524.4120002,2132,175,None,Move,browsing
1571312524.42,2133,177,None,Move,browsing
1571312524.427,2136,182,None,Move,browsing
1571312524.436,2143,189,None,Move,browsing
1571312524.444,2148,196,None,Move,browsing
1571312524.45,2154,206,None,Move,browsing
1571312524.457,2162,215,None,Move,browsing
1571312524.465,2173,227,None,Move,browsing
1571312524.4729998,2186,239,None,Move,browsing
1571312524.481,2198,252,None,Move,browsing
1571312524.4889998,2211,263,None,Move,browsing
1571312524.498,2225,275,None,Move,browsing
1571312524.506,2239,285,None,Move,browsing
1571312524.512,2255,295,None,Move,browsing
1571312524.52,2271,304,None,Move,browsing
1571312524.5270002,2286,312,None,Move,browsing
1571312524.536,2304,320,None,Move,browsing
1571312524.543,2317,325,None,Move,browsing
1571312524.551,2333,332,None,Move,browsing
1571312524.559,2348,339,None,Move,browsing
1571312524.5670002,2365,346,None,Move,browsing
1571312524.575,2394,359,None,Move,browsing
1571312524.583,2419,371,None,Move,browsing
1571312524.589,2451,386,None,Move,browsing
1571312524.597,2485,402,None,Move,browsing
1571312524.605,2519,418,None,Move,browsing
1571312524.613,2545,433,None,Move,browsing
1571312524.6220002,2576,447,None,Move,browsing
1571312524.629,2605,459,None,Move,browsing
1571312524.637,2625,467,None,Move,browsing
1571312524.645,2648,477,None,Move,browsing
1571312524.654,2668,485,None,Move,browsing
1571312524.66,2682,490,None,Move,browsing
1571312524.668,2699,495,None,Move,browsing
1571312524.676,2711,497,None,Move,browsing
1571312524.6829998,2723,498,None,Move,browsing
1571312524.691,2732,499,None,Move,browsing
1571312524.7,2742,499,None,Move,browsing
1571312524.707,2752,499,None,Move,browsing
1571312524.716,2760,499,None,Move,browsing
1571312524.724,2766,499,None,Move,browsing
1571312524.732,2772,499,None,Move,browsing
1571312524.7370002,2781,498,None,Move,browsing
1571312524.746,2785,498,None,Move,browsing
1571312524.7529998,2793,496,None,Move,browsing
1571312524.7610002,2800,496,None,Move,browsing
1571312524.769,2808,496,None,Move,browsing
1571312524.7770002,2815,496,None,Move,browsing
1571312524.785,2823,496,None,Move,browsing
1571312524.794,2831,496,None,Move,browsing
1571312524.8,2839,496,None,Move,browsing
1571312524.8070002,2846,496,None,Move,browsing
1571312524.816,2854,498,None,Move,browsing
1571312524.824,2862,499,None,Move,browsing
1571312524.832,2871,502,None,Move,browsing
1571312524.839,2878,504,None,Move,browsing
1571312524.847,2883,506,None,Move,browsing
1571312524.855,2892,510,None,Move,browsing
1571312524.863,2899,513,None,Move,browsing
1571312524.869,2904,515,None,Move,browsing
1571312524.877,2907,516,None,Move,browsing
1571312524.885,2910,518,None,Move,browsing
1571312524.893,2912,519,None,Move,browsing
1571312524.901,2914,519,None,Move,browsing
1571312524.909,2914,519,None,Move,browsing
1571312524.917,2915,519,None,Move,browsing
1571312524.925,2916,519,None,Move,browsing
1571312524.965,2916,520,None,Move,browsing
1571312524.9870002,2916,521,None,Move,browsing
1571312525.025,2915,521,None,Move,browsing
1571312525.041,2915,522,None,Move,browsing
1571312525.143,2914,522,None,Move,browsing
1571312525.165,2911,530,None,Move,browsing
1571312525.173,2910,533,None,Move,browsing
1571312525.181,2907,540,None,Move,browsing
1571312525.189,2905,544,None,Move,browsing
1571312525.197,2903,549,None,Move,browsing
1571312525.205,2900,555,None,Move,browsing
1571312525.2129998,2899,557,None,Move,browsing
1571312525.221,2897,561,None,Move,browsing
1571312525.2270002,2896,564,None,Move,browsing
1571312525.235,2896,566,None,Move,browsing
1571312525.2429998,2896,568,None,Move,browsing
1571312525.252,2896,570,None,Move,browsing
1571312525.26,2896,571,None,Move,browsing
1571312525.2670002,2895,574,None,Move,browsing
1571312525.276,2895,575,None,Move,browsing
1571312525.284,2895,577,None,Move,browsing
1571312525.292,2895,580,None,Move,browsing
1571312525.299,2895,582,None,Move,browsing
1571312525.305,2895,585,None,Move,browsing
1571312525.313,2895,587,None,Move,browsing
1571312525.321,2895,589,None,Move,browsing
1571312525.33,2895,592,None,Move,browsing
1571312525.337,2895,595,None,Move,browsing
1571312525.345,2895,597,None,Move,browsing
1571312525.353,2895,599,None,Move,browsing
1571312525.3620002,2895,600,None,Move,browsing
1571312525.37,2895,601,None,Move,browsing
1571312525.3760002,2895,603,None,Move,browsing
1571312525.3920002,2895,603,None,Move,browsing
1571312525.4,2896,604,None,Move,browsing
1571312525.47,2896,603,None,Move,browsing
1571312525.485,2896,602,None,Move,browsing
1571312525.516,2896,601,None,Move,browsing
1571312525.531,2896,600,None,Move,browsing
1571312525.556,2895,599,None,Move,browsing
1571312525.572,2895,599,None,Move,browsing
1571312525.585,2895,598,None,Move,browsing
1571312525.633,2895,597,None,Move,browsing
1571312525.7270002,2894,596,Left,Pressed,browsing
1571312525.7270002,2894,596,None,Drag,browsing
1571312525.7270002,2894,596,Left,Released,browsing
1571312525.7410002,2888,592,None,Move,browsing
1571312525.7489998,2882,586,None,Move,browsing
1571312525.758,2875,583,None,Move,browsing
1571312525.766,2866,577,None,Move,browsing
1571312525.7729998,2851,570,None,Move,browsing
1571312525.781,2833,558,None,Move,browsing
1571312525.79,2801,544,None,Move,browsing
1571312525.7970002,2762,527,None,Move,browsing
1571312525.803,2715,506,None,Move,browsing
1571312525.812,2662,481,None,Move,browsing
1571312525.82,2602,454,None,Move,browsing
1571312525.8279998,2541,427,None,Move,browsing
1571312525.835,2486,400,None,Move,browsing
1571312525.844,2427,371,None,Move,browsing
1571312525.8520002,2369,344,None,Move,browsing
1571312525.86,2309,319,None,Move,browsing
1571312525.8679998,2254,297,None,Move,browsing
1571312525.8739998,2204,277,None,Move,browsing
1571312525.8820002,2165,260,None,Move,browsing
1571312525.89,2127,249,None,Move,browsing
1571312525.8979998,2111,244,None,Move,browsing
1571312525.905,2097,242,None,Move,browsing
1571312525.914,2092,241,None,Move,browsing
1571312525.921,2088,240,None,Move,browsing
1571312525.93,2088,240,None,Move,browsing
1571312526.008,2088,241,None,Move,browsing
1571312526.016,2089,243,None,Move,browsing
1571312526.022,2090,244,None,Move,browsing
1571312526.045,2090,245,None,Move,browsing
1571312526.062,2090,245,None,Move,browsing
1571312526.099,2090,245,None,Move,browsing
1571312526.14,2090,246,None,Move,browsing
1571312526.1479998,2094,248,None,Move,browsing
1571312526.156,2097,249,None,Move,browsing
1571312526.164,2101,251,None,Move,browsing
1571312526.17,2104,251,None,Move,browsing
1571312526.178,2107,252,None,Move,browsing
1571312526.185,2110,252,None,Move,browsing
1571312526.1929998,2113,253,None,Move,browsing
1571312526.201,2116,253,None,Move,browsing
1571312526.209,2118,253,None,Move,browsing
1571312526.218,2120,253,None,Move,browsing
1571312526.226,2123,253,None,Move,browsing
1571312526.232,2126,253,None,Move,browsing
1571312526.24,2128,253,None,Move,browsing
1571312526.248,2130,253,None,Move,browsing
1571312526.256,2130,253,None,Move,browsing
1571312526.264,2132,253,None,Move,browsing
1571312526.272,2132,252,None,Move,browsing
1571312526.279,2133,252,None,Move,browsing
1571312526.2870002,2134,252,None,Move,browsing
1571312526.295,2135,252,None,Move,browsing
1571312526.592,2135,250,None,Move,browsing
1571312526.605,2135,248,None,Move,browsing
1571312526.613,2135,248,None,Move,browsing
1571312526.63,2135,247,None,Move,browsing
1571312526.646,2135,246,None,Move,browsing
1571312526.6620002,2135,245,None,Move,browsing
1571312526.684,2135,245,None,Move,browsing
1571312526.724,2135,244,None,Move,browsing
1571312527.042,2135,244,Left,Pressed,browsing
1571312527.1279998,2135,244,Left,Released,browsing
1571312527.229,2135,244,None,Move,browsing
1571312527.2510002,2137,244,None,Move,browsing
1571312527.2589998,2139,244,None,Move,browsing
1571312527.2670002,2143,245,None,Move,browsing
1571312527.276,2148,247,None,Move,browsing
1571312527.283,2155,249,None,Move,browsing
1571312527.292,2163,251,None,Move,browsing
1571312527.3,2177,255,None,Move,browsing
1571312527.3079998,2194,262,None,Move,browsing
1571312527.316,2227,272,None,Move,browsing
1571312527.321,2261,287,None,Move,browsing
1571312527.329,2299,299,None,Move,browsing
1571312527.337,2343,315,None,Move,browsing
1571312527.345,2382,329,None,Move,browsing
1571312527.353,2425,345,None,Move,browsing
1571312527.3620002,2469,358,None,Move,browsing
1571312527.37,2509,367,None,Move,browsing
1571312527.3779998,2546,374,None,Move,browsing
1571312527.3860002,2578,379,None,Move,browsing
1571312527.393,2606,382,None,Move,browsing
1571312527.4,2629,385,None,Move,browsing
1571312527.407,2652,388,None,Move,browsing
1571312527.415,2675,391,None,Move,browsing
1571312527.424,2693,392,None,Move,browsing
1571312527.431,2707,393,None,Move,browsing
1571312527.44,2719,394,None,Move,browsing
1571312527.448,2730,395,None,Move,browsing
1571312527.456,2742,396,None,Move,browsing
1571312527.464,2750,396,None,Move,browsing
1571312527.47,2759,397,None,Move,browsing
1571312527.4770002,2765,397,None,Move,browsing
1571312527.485,2772,397,None,Move,browsing
1571312527.494,2777,397,None,Move,browsing
1571312527.5010002,2782,397,None,Move,browsing
1571312527.5089998,2787,397,None,Move,browsing
1571312527.518,2791,397,None,Move,browsing
1571312527.526,2798,398,None,Move,browsing
1571312527.532,2801,398,None,Move,browsing
1571312527.539,2805,398,None,Move,browsing
1571312527.549,2807,398,None,Move,browsing
1571312527.555,2811,399,None,Move,browsing
1571312527.563,2813,399,None,Move,browsing
1571312527.571,2817,399,None,Move,browsing
1571312527.579,2819,399,None,Move,browsing
1571312527.587,2822,400,None,Move,browsing
1571312527.596,2824,400,None,Move,browsing
1571312527.603,2825,400,None,Move,browsing
1571312527.61,2827,401,None,Move,browsing
1571312527.617,2830,401,None,Move,browsing
1571312527.625,2830,401,None,Move,browsing
1571312527.6339998,2831,401,None,Move,browsing
1571312527.6420002,2832,401,None,Move,browsing
1571312527.65,2834,403,None,Move,browsing
1571312527.657,2835,403,None,Move,browsing
1571312527.665,2836,403,None,Move,browsing
1571312527.68,2837,404,None,Move,browsing
1571312527.688,2838,404,None,Move,browsing
1571312527.695,2839,405,None,Move,browsing
1571312527.7029998,2840,406,None,Move,browsing
1571312527.711,2841,406,None,Move,browsing
1571312527.735,2841,407,None,Move,browsing
1571312527.75,2841,407,None,Move,browsing
1571312527.867,2840,407,None,Move,browsing
1571312527.875,2839,407,None,Move,browsing
1571312527.883,2839,407,None,Move,browsing
1571312527.897,2838,407,None,Move,browsing
1571312527.913,2837,407,None,Move,browsing
1571312528.234,2837,408,None,Move,browsing
1571312528.25,2837,411,None,Move,browsing
1571312528.258,2836,416,None,Move,browsing
1571312528.264,2836,423,None,Move,browsing
1571312528.272,2835,431,None,Move,browsing
1571312528.28,2835,442,None,Move,browsing
1571312528.288,2835,452,None,Move,browsing
1571312528.296,2835,462,None,Move,browsing
1571312528.303,2835,472,None,Move,browsing
1571312528.312,2835,480,None,Move,browsing
1571312528.32,2836,490,None,Move,browsing
1571312528.326,2840,498,None,Move,browsing
1571312528.334,2843,507,None,Move,browsing
1571312528.342,2847,513,None,Move,browsing
1571312528.35,2850,517,None,Move,browsing
1571312528.3579998,2853,521,None,Move,browsing
1571312528.3660002,2854,523,None,Move,browsing
1571312528.3739998,2857,525,None,Move,browsing
1571312528.381,2858,526,None,Move,browsing
1571312528.389,2860,528,None,Move,browsing
1571312528.395,2862,529,None,Move,browsing
1571312528.403,2864,531,None,Move,browsing
1571312528.411,2866,533,None,Move,browsing
1571312528.419,2869,536,None,Move,browsing
1571312528.427,2869,537,None,Move,browsing
1571312528.436,2871,540,None,Move,browsing
1571312528.444,2874,544,None,Move,browsing
1571312528.452,2876,549,None,Move,browsing
1571312528.46,2877,551,None,Move,browsing
1571312528.467,2880,556,None,Move,browsing
1571312528.474,2881,560,None,Move,browsing
1571312528.482,2883,562,None,Move,browsing
1571312528.49,2885,567,None,Move,browsing
1571312528.5010002,2885,570,None,Move,browsing
1571312528.505,2888,574,None,Move,browsing
1571312528.514,2889,577,None,Move,browsing
1571312528.522,2890,579,None,Move,browsing
1571312528.532,2891,581,None,Move,browsing
1571312528.5370002,2893,583,None,Move,browsing
1571312528.543,2893,585,None,Move,browsing
1571312528.551,2894,585,None,Move,browsing
1571312528.559,2895,587,None,Move,browsing
1571312528.5670002,2896,588,None,Move,browsing
1571312528.575,2896,589,None,Move,browsing
1571312528.583,2897,590,None,Move,browsing
1571312528.591,2898,591,None,Move,browsing
1571312528.599,2898,592,None,Move,browsing
1571312528.6160002,2900,593,None,Move,browsing
1571312528.732,2900,593,Left,Pressed,browsing
1571312528.8179998,2900,593,Left,Released,browsing
1571312528.871,2900,593,None,Move,browsing
1571312528.8879998,2897,592,None,Move,browsing
1571312528.895,2894,591,None,Move,browsing
1571312528.901,2881,584,None,Move,browsing
1571312528.909,2864,577,None,Move,browsing
1571312528.918,2833,561,None,Move,browsing
1571312528.926,2793,543,None,Move,browsing
1571312528.934,2735,518,None,Move,browsing
1571312528.9420002,2678,493,None,Move,browsing
1571312528.95,2609,461,None,Move,browsing
1571312528.958,2540,429,None,Move,browsing
1571312528.966,2473,394,None,Move,browsing
1571312528.972,2410,365,None,Move,browsing
1571312528.98,2355,340,None,Move,browsing
1571312528.9870002,2307,318,None,Move,browsing
1571312528.995,2263,301,None,Move,browsing
1571312529.004,2230,291,None,Move,browsing
1571312529.012,2198,280,None,Move,browsing
1571312529.02,2168,274,None,Move,browsing
1571312529.028,2141,268,None,Move,browsing
1571312529.036,2123,264,None,Move,browsing
1571312529.044,2104,260,None,Move,browsing
1571312529.05,2092,257,None,Move,browsing
1571312529.0579998,2083,255,None,Move,browsing
1571312529.066,2076,254,None,Move,browsing
1571312529.073,2074,254,None,Move,browsing
1571312529.089,2073,254,None,Move,browsing
1571312529.16,2073,254,None,Move,browsing
1571312529.176,2073,254,None,Move,browsing
1571312529.291,2074,254,None,Move,browsing
1571312529.3070002,2077,254,None,Move,browsing
1571312529.315,2078,255,None,Move,browsing
1571312529.323,2080,255,None,Move,browsing
1571312529.331,2083,256,None,Move,browsing
1571312529.337,2086,257,None,Move,browsing
1571312529.345,2090,257,None,Move,browsing
1571312529.353,2092,257,None,Move,browsing
1571312529.3620002,2095,258,None,Move,browsing
1571312529.37,2097,258,None,Move,browsing
1571312529.377,2099,258,None,Move,browsing
1571312529.385,2100,259,None,Move,browsing
1571312529.393,2102,259,None,Move,browsing
1571312529.4020002,2102,259,None,Move,browsing
1571312529.416,2103,259,None,Move,browsing
1571312529.424,2105,260,None,Move,browsing
1571312529.431,2105,260,None,Move,browsing
1571312529.439,2107,261,None,Move,browsing
1571312529.448,2107,261,None,Move,browsing
1571312529.464,2108,262,None,Move,browsing
1571312529.472,2110,263,None,Move,browsing
1571312529.485,2110,263,None,Move,browsing
1571312529.494,2111,264,None,Move,browsing
1571312529.5170002,2112,264,None,Move,browsing
1571312529.534,2113,264,None,Move,browsing
1571312529.55,2115,265,None,Move,browsing
1571312529.555,2116,265,None,Move,browsing
1571312529.563,2118,266,None,Move,browsing
1571312529.572,2118,266,None,Move,browsing
1571312529.579,2119,266,None,Move,browsing
1571312529.587,2120,266,None,Move,browsing
1571312529.604,2121,266,None,Move,browsing
1571312529.611,2122,266,None,Move,browsing
1571312529.625,2123,266,None,Move,browsing
1571312529.641,2124,266,None,Move,browsing
1571312529.649,2126,265,None,Move,browsing
1571312529.658,2127,265,None,Move,browsing
1571312529.666,2127,265,None,Move,browsing
1571312529.674,2129,264,None,Move,browsing
1571312529.69,2129,264,None,Move,browsing
1571312529.728,2130,264,None,Move,browsing
1571312529.7429998,2130,264,None,Move,browsing
1571312529.765,2130,263,None,Move,browsing
1571312529.782,2132,262,None,Move,browsing
1571312529.806,2133,261,None,Move,browsing
1571312529.822,2134,261,None,Move,browsing
1571312529.837,2135,260,None,Move,browsing
1571312529.86,2135,260,None,Move,browsing
1571312529.8760002,2136,259,None,Move,browsing
1571312529.9,2137,258,None,Move,browsing
1571312529.914,2138,257,None,Move,browsing
1571312529.938,2139,257,None,Move,browsing
1571312529.954,2139,257,None,Move,browsing
1571312530.389,2139,255,None,Move,browsing
1571312530.405,2139,254,None,Move,browsing
1571312530.42,2139,253,None,Move,browsing
1571312530.436,2139,251,None,Move,browsing
1571312530.444,2140,250,None,Move,browsing
1571312530.459,2140,250,None,Move,browsing
1571312530.467,2140,248,None,Move,browsing
1571312530.475,2140,247,None,Move,browsing
1571312530.4889998,2140,246,None,Move,browsing
1571312530.4970002,2140,246,None,Move,browsing
1571312530.522,2140,245,None,Move,browsing
1571312530.538,2140,245,None,Move,browsing
1571312530.56,2140,244,None,Move,browsing
1571312530.575,2140,244,None,Move,browsing
1571312530.599,2140,243,None,Move,browsing
1571312530.67,2140,243,Left,Pressed,browsing
1571312530.772,2140,243,Left,Released,browsing
1571312530.934,2140,243,None,Move,browsing
1571312530.95,2141,243,None,Move,browsing
1571312530.958,2147,246,None,Move,browsing
1571312530.966,2156,249,None,Move,browsing
1571312530.974,2167,253,None,Move,browsing
1571312530.982,2178,258,None,Move,browsing
1571312530.988,2193,262,None,Move,browsing
1571312530.996,2211,269,None,Move,browsing
1571312531.004,2232,275,None,Move,browsing
1571312531.012,2252,282,None,Move,browsing
1571312531.02,2284,290,None,Move,browsing
1571312531.028,2314,299,None,Move,browsing
1571312531.035,2349,306,None,Move,browsing
1571312531.043,2380,311,None,Move,browsing
1571312531.052,2409,315,None,Move,browsing
1571312531.0579998,2443,321,None,Move,browsing
1571312531.065,2474,324,None,Move,browsing
1571312531.074,2505,327,None,Move,browsing
1571312531.082,2533,329,None,Move,browsing
1571312531.089,2564,334,None,Move,browsing
1571312531.097,2593,337,None,Move,browsing
1571312531.105,2622,342,None,Move,browsing
1571312531.1139998,2642,344,None,Move,browsing
1571312531.1220002,2663,347,None,Move,browsing
1571312531.1279998,2678,349,None,Move,browsing
1571312531.137,2691,352,None,Move,browsing
1571312531.144,2703,354,None,Move,browsing
1571312531.151,2713,355,None,Move,browsing
1571312531.159,2724,357,None,Move,browsing
1571312531.168,2730,359,None,Move,browsing
1571312531.176,2733,361,None,Move,browsing
1571312531.184,2735,361,None,Move,browsing
1571312531.1920002,2736,362,None,Move,browsing
1571312531.4870002,2736,362,None,Move,browsing
1571312531.526,2735,363,None,Move,browsing
1571312531.534,2733,363,None,Move,browsing
1571312531.542,2732,363,None,Move,browsing
1571312531.55,2730,364,None,Move,browsing
1571312531.5579998,2729,364,None,Move,browsing
1571312531.564,2729,364,None,Move,browsing
1571312531.572,2727,364,None,Move,browsing
1571312531.587,2727,362,None,Move,browsing
1571312531.603,2727,362,None,Move,browsing
1571312531.6120002,2727,361,None,Move,browsing
1571312531.62,2728,360,None,Move,browsing
1571312531.627,2729,360,None,Move,browsing
1571312531.6360002,2729,360,None,Move,browsing
1571312531.6420002,2731,360,None,Move,browsing
1571312531.649,2734,360,None,Move,browsing
1571312531.658,2736,360,None,Move,browsing
1571312531.666,2742,360,None,Move,browsing
1571312531.674,2747,362,None,Move,browsing
1571312531.681,2754,363,None,Move,browsing
1571312531.689,2764,365,None,Move,browsing
1571312531.698,2775,368,None,Move,browsing
1571312531.704,2786,372,None,Move,browsing
1571312531.711,2797,376,None,Move,browsing
1571312531.72,2808,382,None,Move,browsing
1571312531.7270002,2819,389,None,Move,browsing
1571312531.735,2829,395,None,Move,browsing
1571312531.744,2840,402,None,Move,browsing
1571312531.752,2851,409,None,Move,browsing
1571312531.7589998,2859,414,None,Move,browsing
1571312531.7670002,2867,420,None,Move,browsing
1571312531.774,2876,427,None,Move,browsing
1571312531.781,2883,432,None,Move,browsing
1571312531.789,2891,437,None,Move,browsing
1571312531.7970002,2897,443,None,Move,browsing
1571312531.806,2905,449,None,Move,browsing
1571312531.814,2910,452,None,Move,browsing
1571312531.822,2914,455,None,Move,browsing
1571312531.83,2916,458,None,Move,browsing
1571312531.837,2918,460,None,Move,browsing
1571312531.846,2921,464,None,Move,browsing
1571312531.8520002,2923,466,None,Move,browsing
1571312531.86,2926,468,None,Move,browsing
1571312531.867,2931,474,None,Move,browsing
1571312531.875,2936,478,None,Move,browsing
1571312531.883,2940,483,None,Move,browsing
1571312531.8920002,2943,485,None,Move,browsing
1571312531.9,2946,491,None,Move,browsing
1571312531.908,2948,496,None,Move,browsing
1571312531.916,2949,500,None,Move,browsing
1571312531.9220002,2949,504,None,Move,browsing
1571312531.929,2950,511,None,Move,browsing
1571312531.937,2950,518,None,Move,browsing
1571312531.945,2950,525,None,Move,browsing
1571312531.9529998,2950,530,None,Move,browsing
1571312531.962,2950,540,None,Move,browsing
1571312531.969,2949,545,None,Move,browsing
1571312531.978,2949,552,None,Move,browsing
1571312531.985,2948,558,None,Move,browsing
1571312531.9910002,2947,566,None,Move,browsing
1571312532.0,2947,570,None,Move,browsing
1571312532.008,2945,576,None,Move,browsing
1571312532.015,2944,580,None,Move,browsing
1571312532.024,2943,582,None,Move,browsing
1571312532.032,2941,587,None,Move,browsing
1571312532.039,2941,587,None,Move,browsing
1571312532.0470002,2939,589,None,Move,browsing
1571312532.055,2938,589,None,Move,browsing
1571312532.062,2936,592,None,Move,browsing
1571312532.069,2936,594,None,Move,browsing
1571312532.077,2935,596,None,Move,browsing
1571312532.085,2934,598,None,Move,browsing
1571312532.093,2933,600,None,Move,browsing
1571312532.101,2932,602,None,Move,browsing
1571312532.11,2932,602,None,Move,browsing
1571312532.117,2931,603,None,Move,browsing
1571312532.133,2930,604,None,Move,browsing
1571312532.1479998,2928,604,None,Move,browsing
1571312532.156,2926,604,None,Move,browsing
1571312532.164,2924,603,None,Move,browsing
1571312532.1720002,2923,602,None,Move,browsing
1571312532.179,2922,602,None,Move,browsing
1571312532.187,2922,601,None,Move,browsing
1571312532.196,2919,600,None,Move,browsing
1571312532.2029998,2917,599,None,Move,browsing
1571312532.21,2917,599,None,Move,browsing
1571312532.217,2916,598,None,Move,browsing
1571312532.226,2915,598,None,Move,browsing
1571312532.234,2914,597,None,Move,browsing
1571312532.242,2913,597,None,Move,browsing
1571312532.25,2912,597,None,Move,browsing
1571312532.258,2911,596,None,Move,browsing
1571312532.266,2909,595,None,Move,browsing
1571312532.274,2908,594,None,Move,browsing
1571312532.28,2908,594,None,Move,browsing
1571312532.288,2907,594,None,Move,browsing
1571312532.295,2906,594,None,Move,browsing
1571312532.303,2906,593,None,Move,browsing
1571312532.335,2906,593,None,Move,browsing
1571312532.397,2905,592,Left,Pressed,browsing
1571312532.397,2905,592,None,Drag,browsing
1571312532.397,2905,592,Left,Released,browsing
1571312532.4910002,2905,592,None,Move,browsing
1571312532.5129998,2903,592,None,Move,browsing
1571312532.521,2900,590,None,Move,browsing
1571312532.529,2900,590,None,Move,browsing
1571312532.5370002,2900,588,None,Move,browsing
1571312532.545,2903,586,None,Move,browsing
1571312532.553,2909,582,None,Move,browsing
1571312532.6079998,2954,555,None,Move,browsing
1571312532.615,2955,555,None,Move,browsing
1571312532.863,2955,555,None,Move,browsing
1571312532.8879998,2955,555,None,Move,browsing
1571312532.911,2953,555,None,Move,browsing
1571312532.919,2947,556,None,Move,browsing
1571312532.928,2941,558,None,Move,browsing
1571312532.934,2937,558,None,Move,browsing
1571312532.9420002,2931,559,None,Move,browsing
1571312532.95,2927,560,None,Move,browsing
1571312532.957,2920,560,None,Move,browsing
1571312532.965,2912,560,None,Move,browsing
1571312532.9729998,2905,560,None,Move,browsing
1571312532.981,2897,558,None,Move,browsing
1571312532.9889998,2886,556,None,Move,browsing
1571312532.9970002,2877,554,None,Move,browsing
1571312533.0029998,2867,552,None,Move,browsing
1571312533.0110002,2859,550,None,Move,browsing
1571312533.019,2848,547,None,Move,browsing
1571312533.028,2837,544,None,Move,browsing
1571312533.036,2823,539,None,Move,browsing
1571312533.044,2809,535,None,Move,browsing
1571312533.052,2791,527,None,Move,browsing
1571312533.059,2769,517,None,Move,browsing
1571312533.0670002,2743,506,None,Move,browsing
1571312533.073,2718,497,None,Move,browsing
1571312533.081,2695,488,None,Move,browsing
1571312533.09,2670,480,None,Move,browsing
1571312533.097,2648,471,None,Move,browsing
1571312533.106,2625,464,None,Move,browsing
1571312533.1139998,2609,458,None,Move,browsing
1571312533.1220002,2586,449,None,Move,browsing
1571312533.129,2569,443,None,Move,browsing
1571312533.1379998,2546,434,None,Move,browsing
1571312533.143,2523,425,None,Move,browsing
1571312533.1520002,2495,413,None,Move,browsing
1571312533.16,2467,401,None,Move,browsing
1571312533.167,2433,385,None,Move,browsing
1571312533.175,2399,369,None,Move,browsing
1571312533.1829998,2365,353,None,Move,browsing
1571312533.191,2334,337,None,Move,browsing
1571312533.2,2300,321,None,Move,browsing
1571312533.208,2269,307,None,Move,browsing
1571312533.215,2243,298,None,Move,browsing
1571312533.221,2226,291,None,Move,browsing
1571312533.229,2214,288,None,Move,browsing
1571312533.238,2206,286,None,Move,browsing
1571312533.246,2203,285,None,Move,browsing
1571312533.254,2198,284,None,Move,browsing
1571312533.262,2196,284,None,Move,browsing
1571312533.269,2194,284,None,Move,browsing
1571312533.2770002,2193,284,None,Move,browsing
1571312533.285,2193,284,None,Move,browsing
1571312533.292,2192,284,None,Move,browsing
1571312533.495,2192,284,None,Move,browsing
1571312533.51,2190,283,None,Move,browsing
1571312533.5170002,2189,282,None,Move,browsing
1571312533.526,2188,282,None,Move,browsing
1571312533.533,2186,282,None,Move,browsing
1571312533.573,2186,282,None,Move,browsing
1571312533.587,2186,281,None,Move,browsing
1571312533.6120002,2185,281,None,Move,browsing
1571312533.649,2184,279,None,Move,browsing
1571312533.666,2183,279,None,Move,browsing
1571312533.6820002,2183,277,None,Move,browsing
1571312533.698,2182,276,None,Move,browsing
1571312533.705,2181,275,None,Move,browsing
1571312533.714,2180,269,None,Move,browsing
1571312533.72,2179,267,None,Move,browsing
1571312533.728,2176,263,None,Move,browsing
1571312533.735,2175,259,None,Move,browsing
1571312533.7429998,2175,257,None,Move,browsing
1571312533.7510002,2175,255,None,Move,browsing
1571312533.7589998,2175,254,None,Move,browsing
1571312533.7670002,2175,253,None,Move,browsing
1571312533.775,2175,252,None,Move,browsing
1571312533.784,2175,250,None,Move,browsing
1571312533.789,2175,249,None,Move,browsing
1571312533.7970002,2175,248,None,Move,browsing
1571312533.806,2175,247,None,Move,browsing
1571312533.814,2174,245,None,Move,browsing
1571312533.821,2174,245,None,Move,browsing
1571312533.83,2174,244,None,Move,browsing
1571312533.846,2174,241,None,Move,browsing
1571312533.861,2173,240,None,Move,browsing
1571312533.867,2173,240,None,Move,browsing
1571312533.883,2173,238,None,Move,browsing
1571312533.9,2173,238,None,Move,browsing
1571312533.916,2173,237,None,Move,browsing
1571312533.9320002,2173,236,None,Move,browsing
1571312533.954,2173,235,None,Move,browsing
1571312533.969,2172,233,None,Move,browsing
1571312533.985,2171,231,None,Move,browsing
1571312533.9929998,2167,228,None,Move,browsing
1571312534.0010002,2165,226,None,Move,browsing
1571312534.0070002,2164,224,None,Move,browsing
1571312534.015,2161,222,None,Move,browsing
1571312534.024,2159,220,None,Move,browsing
1571312534.032,2156,218,None,Move,browsing
1571312534.04,2154,216,None,Move,browsing
1571312534.0470002,2153,216,None,Move,browsing
1571312534.055,2150,214,None,Move,browsing
1571312534.064,2148,213,None,Move,browsing
1571312534.071,2145,212,None,Move,browsing
1571312534.077,2143,211,None,Move,browsing
1571312534.085,2141,211,None,Move,browsing
1571312534.094,2139,210,None,Move,browsing
1571312534.1020002,2136,209,None,Move,browsing
1571312534.109,2132,208,None,Move,browsing
1571312534.117,2130,208,None,Move,browsing
1571312534.125,2128,208,None,Move,browsing
1571312534.1339998,2125,208,None,Move,browsing
1571312534.1420002,2123,208,None,Move,browsing
1571312534.1479998,2122,208,None,Move,browsing
1571312534.156,2120,208,None,Move,browsing
1571312534.163,2119,208,None,Move,browsing
1571312534.171,2118,208,None,Move,browsing
1571312534.18,2116,208,None,Move,browsing
1571312534.188,2115,208,None,Move,browsing
1571312534.195,2113,208,None,Move,browsing
1571312534.2029998,2113,208,None,Move,browsing
1571312534.211,2110,207,None,Move,browsing
1571312534.217,2110,207,None,Move,browsing
1571312534.226,2108,207,None,Move,browsing
1571312534.2329998,2108,207,None,Move,browsing
1571312534.2410002,2107,206,None,Move,browsing
1571312534.577,2107,206,None,Move,browsing
1571312534.591,2107,208,None,Move,browsing
1571312534.607,2107,209,None,Move,browsing
1571312534.615,2108,210,None,Move,browsing
1571312534.631,2108,211,None,Move,browsing
1571312534.639,2110,213,None,Move,browsing
1571312534.647,2111,214,None,Move,browsing
1571312534.653,2113,215,None,Move,browsing
1571312534.6620002,2113,215,None,Move,browsing
1571312534.67,2114,216,None,Move,browsing
1571312534.685,2114,216,None,Move,browsing
1571312534.717,2115,217,None,Move,browsing
1571312534.74,2116,219,None,Move,browsing
1571312534.748,2117,219,None,Move,browsing
1571312534.756,2117,220,None,Move,browsing
1571312534.9970002,2117,220,Left,Pressed,browsing
1571312534.9970002,2117,220,None,Drag,browsing
1571312535.0110002,2117,221,None,Drag,browsing
1571312535.035,2117,221,None,Drag,browsing
1571312535.051,2117,222,None,Drag,browsing
1571312535.059,2117,225,None,Drag,browsing
1571312535.0670002,2117,229,None,Drag,browsing
1571312535.076,2118,235,None,Drag,browsing
1571312535.084,2120,242,None,Drag,browsing
1571312535.09,2123,251,None,Drag,browsing
1571312535.0979998,2124,257,None,Drag,browsing
1571312535.105,2127,265,None,Drag,browsing
1571312535.113,2127,272,None,Drag,browsing
1571312535.121,2127,275,None,Drag,browsing
1571312535.129,2128,281,None,Drag,browsing
1571312535.137,2129,287,None,Drag,browsing
1571312535.145,2129,291,None,Drag,browsing
1571312535.154,2129,295,None,Drag,browsing
1571312535.159,2129,302,None,Drag,browsing
1571312535.167,2129,305,None,Drag,browsing
1571312535.176,2129,309,None,Drag,browsing
1571312535.184,2129,313,None,Drag,browsing
1571312535.191,2129,317,None,Drag,browsing
1571312535.199,2128,322,None,Drag,browsing
1571312535.208,2128,326,None,Drag,browsing
1571312535.215,2127,330,None,Drag,browsing
1571312535.221,2126,334,None,Drag,browsing
1571312535.229,2125,340,None,Drag,browsing
1571312535.238,2123,343,None,Drag,browsing
1571312535.246,2122,347,None,Drag,browsing
1571312535.254,2121,349,None,Drag,browsing
1571312535.262,2120,351,None,Drag,browsing
1571312535.269,2118,354,None,Drag,browsing
1571312535.2770002,2117,355,None,Drag,browsing
1571312535.286,2116,355,None,Drag,browsing
1571312535.294,2116,356,None,Drag,browsing
1571312535.3,2115,357,None,Drag,browsing
1571312535.3639998,2113,352,None,Drag,browsing
1571312535.37,2113,349,None,Drag,browsing
1571312535.3779998,2112,346,None,Drag,browsing
1571312535.385,2109,340,None,Drag,browsing
1571312535.394,2107,335,None,Drag,browsing
1571312535.401,2105,328,None,Drag,browsing
1571312535.409,2103,325,None,Drag,browsing
1571312535.417,2103,323,None,Drag,browsing
1571312535.425,2102,319,None,Drag,browsing
1571312535.434,2101,316,None,Drag,browsing
1571312535.44,2100,313,None,Drag,browsing
1571312535.448,2100,309,None,Drag,browsing
1571312535.455,2099,307,None,Drag,browsing
1571312535.464,2098,305,None,Drag,browsing
1571312535.472,2097,303,None,Drag,browsing
1571312535.48,2097,302,None,Drag,browsing
1571312535.4870002,2096,301,None,Drag,browsing
1571312535.496,2096,300,None,Drag,browsing
1571312535.512,2096,299,None,Drag,browsing
1571312535.5170002,2095,299,None,Drag,browsing
1571312535.5170002,2095,299,Left,Released,browsing
1571312536.796,2095,298,None,Move,browsing
1571312536.811,2094,296,None,Move,browsing
1571312536.826,2093,291,None,Move,browsing
1571312536.833,2091,289,None,Move,browsing
1571312536.841,2090,286,None,Move,browsing
1571312536.849,2089,284,None,Move,browsing
1571312536.857,2088,283,None,Move,browsing
1571312536.865,2088,283,None,Move,browsing
1571312536.8739998,2087,282,None,Move,browsing
1571312536.8820002,2087,281,None,Move,browsing
1571312536.896,2086,280,None,Move,browsing
1571312536.903,2085,278,None,Move,browsing
1571312536.911,2084,277,None,Move,browsing
1571312536.919,2083,276,None,Move,browsing
1571312536.927,2083,274,None,Move,browsing
1571312536.935,2083,274,None,Move,browsing
1571312536.944,2081,271,None,Move,browsing
1571312536.951,2081,270,None,Move,browsing
1571312536.9729998,2081,269,None,Move,browsing
1571312536.998,2081,269,None,Move,browsing
1571312537.035,2081,268,None,Move,browsing
1571312537.051,2081,267,None,Move,browsing
1571312537.076,2082,266,None,Move,browsing
1571312537.092,2082,265,None,Move,browsing
1571312537.246,2082,264,None,Move,browsing
1571312537.269,2082,259,None,Move,browsing
1571312537.2770002,2081,255,None,Move,browsing
1571312537.285,2079,247,None,Move,browsing
1571312537.294,2076,242,None,Move,browsing
1571312537.302,2072,234,None,Move,browsing
1571312537.309,2069,227,None,Move,browsing
1571312537.315,2065,221,None,Move,browsing
1571312537.323,2060,213,None,Move,browsing
1571312537.332,2056,205,None,Move,browsing
1571312537.339,2051,199,None,Move,browsing
1571312537.347,2046,192,None,Move,browsing
1571312537.355,2042,186,None,Move,browsing
1571312537.3639998,2041,181,None,Move,browsing
1571312537.3720002,2038,178,None,Move,browsing
1571312537.38,2036,176,None,Move,browsing
1571312537.3860002,2036,173,None,Move,browsing
1571312537.393,2035,173,None,Move,browsing
1571312537.4020002,2035,172,None,Move,browsing
1571312537.41,2035,172,None,Move,browsing
1571312537.425,2035,171,None,Move,browsing
1571312537.5110002,2035,171,None,Move,browsing
1571312537.5270002,2035,173,None,Move,browsing
1571312537.533,2035,175,None,Move,browsing
1571312537.541,2036,176,None,Move,browsing
1571312537.55,2038,179,None,Move,browsing
1571312537.5579998,2039,180,None,Move,browsing
1571312537.566,2041,184,None,Move,browsing
1571312537.574,2044,188,None,Move,browsing
1571312537.582,2047,192,None,Move,browsing
1571312537.59,2051,200,None,Move,browsing
1571312537.5979998,2056,207,None,Move,browsing
1571312537.604,2060,212,None,Move,browsing
1571312537.611,2066,218,None,Move,browsing
1571312537.619,2070,223,None,Move,browsing
1571312537.627,2074,226,None,Move,browsing
1571312537.635,2076,229,None,Move,browsing
1571312537.643,2081,234,None,Move,browsing
1571312537.6520002,2084,236,None,Move,browsing
1571312537.659,2087,239,None,Move,browsing
1571312537.667,2087,239,None,Move,browsing
1571312537.673,2089,240,None,Move,browsing
1571312537.681,2090,241,None,Move,browsing
1571312537.698,2090,242,None,Move,browsing
1571312537.714,2092,243,None,Move,browsing
1571312537.73,2092,244,None,Move,browsing
1571312537.752,2093,245,None,Move,browsing
1571312538.204,2093,245,None,Move,browsing
1571312538.2570002,2093,245,None,Move,browsing
1571312538.281,2093,245,None,Move,browsing
1571312538.2970002,2091,244,None,Move,browsing
1571312538.322,2091,244,None,Move,browsing
1571312538.335,2090,243,None,Move,browsing
1571312538.36,2089,242,None,Move,browsing
1571312538.375,2088,240,None,Move,browsing
1571312538.391,2086,239,None,Move,browsing
1571312538.405,2086,238,None,Move,browsing
1571312538.413,2084,237,None,Move,browsing
1571312538.421,2084,235,None,Move,browsing
1571312538.43,2083,233,None,Move,browsing
1571312538.438,2081,230,None,Move,browsing
1571312538.445,2080,228,None,Move,browsing
1571312538.454,2079,226,None,Move,browsing
1571312538.462,2078,223,None,Move,browsing
1571312538.468,2078,222,None,Move,browsing
1571312538.476,2077,220,None,Move,browsing
1571312538.4829998,2076,218,None,Move,browsing
1571312538.4910002,2076,216,None,Move,browsing
1571312538.5,2076,214,None,Move,browsing
1571312538.508,2075,211,None,Move,browsing
1571312538.515,2075,211,None,Move,browsing
1571312538.524,2075,209,None,Move,browsing
1571312538.531,2075,207,None,Move,browsing
1571312538.5370002,2075,207,None,Move,browsing
1571312538.546,2075,206,None,Move,browsing
1571312538.554,2074,204,None,Move,browsing
1571312538.562,2074,204,None,Move,browsing
1571312538.569,2074,203,None,Move,browsing
1571312538.5779998,2074,203,None,Move,browsing
1571312538.601,2074,202,None,Move,browsing
1571312538.9889998,2073,201,None,Move,browsing
1571312539.006,2071,199,None,Move,browsing
1571312539.0129998,2070,198,None,Move,browsing
1571312539.022,2069,196,None,Move,browsing
1571312539.03,2067,193,None,Move,browsing
1571312539.038,2065,190,None,Move,browsing
1571312539.044,2064,188,None,Move,browsing
1571312539.051,2061,181,None,Move,browsing
1571312539.06,2058,177,None,Move,browsing
1571312539.0670002,2056,172,None,Move,browsing
1571312539.075,2053,166,None,Move,browsing
1571312539.083,2050,160,None,Move,browsing
1571312539.092,2047,154,None,Move,browsing
1571312539.1,2046,150,None,Move,browsing
1571312539.107,2043,143,None,Move,browsing
1571312539.115,2041,138,None,Move,browsing
1571312539.121,2038,135,None,Move,browsing
1571312539.13,2037,132,None,Move,browsing
1571312539.137,2036,128,None,Move,browsing
1571312539.146,2034,126,None,Move,browsing
1571312539.154,2032,122,None,Move,browsing
1571312539.1620002,2032,121,None,Move,browsing
1571312539.169,2030,118,None,Move,browsing
1571312539.178,2030,118,None,Move,browsing
1571312539.185,2029,116,None,Move,browsing
1571312539.191,2029,115,None,Move,browsing
1571312539.208,2028,115,None,Move,browsing
1571312539.224,2028,114,None,Move,browsing
1571312539.248,2027,113,None,Move,browsing
1571312539.262,2027,113,None,Move,browsing
1571312539.286,2026,112,None,Move,browsing
1571312539.543,2026,112,None,Move,browsing
1571312539.5570002,2026,111,None,Move,browsing
1571312539.581,2026,111,None,Move,browsing
1571312539.5979998,2026,110,None,Move,browsing
1571312539.66,2026,109,None,Move,browsing
1571312539.7610002,2025,109,Left,Pressed,browsing
1571312539.762,2025,109,None,Drag,browsing
1571312539.762,2025,109,Left,Released,browsing
1571312539.994,2030,111,None,Move,browsing
1571312540.002,2037,113,None,Move,browsing
1571312540.01,2048,117,None,Move,browsing
1571312540.018,2063,122,None,Move,browsing
1571312540.026,2086,130,None,Move,browsing
1571312540.033,2105,137,None,Move,browsing
1571312540.042,2139,149,None,Move,browsing
1571312540.05,2175,163,None,Move,browsing
1571312540.055,2213,176,None,Move,browsing
1571312540.063,2257,191,None,Move,browsing
1571312540.072,2301,207,None,Move,browsing
1571312540.079,2344,220,None,Move,browsing
1571312540.087,2383,234,None,Move,browsing
1571312540.095,2424,249,None,Move,browsing
1571312540.103,2463,264,None,Move,browsing
1571312540.1120002,2496,276,None,Move,browsing
1571312540.12,2523,284,None,Move,browsing
1571312540.125,2553,295,None,Move,browsing
1571312540.133,2573,300,None,Move,browsing
1571312540.141,2589,305,None,Move,browsing
1571312540.149,2608,311,None,Move,browsing
1571312540.158,2621,316,None,Move,browsing
1571312540.166,2631,321,None,Move,browsing
1571312540.174,2639,325,None,Move,browsing
1571312540.181,2645,328,None,Move,browsing
1571312540.19,2651,332,None,Move,browsing
1571312540.196,2653,333,None,Move,browsing
1571312540.204,2655,335,None,Move,browsing
1571312540.212,2656,335,None,Move,browsing
1571312540.2270002,2657,336,None,Move,browsing
1571312540.819,2656,336,None,Move,browsing
1571312540.827,2655,336,None,Move,browsing
1571312540.835,2655,336,None,Move,browsing
1571312540.843,2653,336,None,Move,browsing
1571312540.85,2651,336,None,Move,browsing
1571312540.857,2651,336,None,Move,browsing
1571312540.873,2647,336,None,Move,browsing
1571312540.881,2646,336,None,Move,browsing
1571312540.889,2644,336,None,Move,browsing
1571312540.8979998,2642,336,None,Move,browsing
1571312540.906,2641,336,None,Move,browsing
1571312540.913,2640,336,None,Move,browsing
1571312540.919,2640,336,None,Move,browsing
1571312541.029,2640,337,None,Move,browsing
1571312541.0370002,2641,340,None,Move,browsing
1571312541.045,2645,345,None,Move,browsing
1571312541.054,2646,347,None,Move,browsing
1571312541.059,2650,350,None,Move,browsing
1571312541.0670002,2650,351,None,Move,browsing
1571312541.076,2651,351,None,Move,browsing
1571312541.083,2652,352,None,Move,browsing
1571312541.1160002,2651,352,None,Move,browsing
1571312541.123,2648,352,None,Move,browsing
1571312541.131,2644,351,None,Move,browsing
1571312541.1379998,2638,349,None,Move,browsing
1571312541.146,2635,349,None,Move,browsing
1571312541.154,2628,348,None,Move,browsing
1571312541.1620002,2624,347,None,Move,browsing
1571312541.169,2620,346,None,Move,browsing
1571312541.178,2615,346,None,Move,browsing
1571312541.186,2609,345,None,Move,browsing
1571312541.194,2603,345,None,Move,browsing
1571312541.201,2599,344,None,Move,browsing
1571312541.207,2596,344,None,Move,browsing
1571312541.215,2593,343,None,Move,browsing
1571312541.224,2591,343,None,Move,browsing
1571312541.232,2589,342,None,Move,browsing
1571312541.2389998,2588,341,None,Move,browsing
1571312541.2470002,2587,341,None,Move,browsing
1571312541.255,2586,340,None,Move,browsing
1571312541.264,2585,339,None,Move,browsing
1571312541.271,2582,336,None,Move,browsing
1571312541.2770002,2581,335,None,Move,browsing
1571312541.285,2578,332,None,Move,browsing
1571312541.294,2574,331,None,Move,browsing
1571312541.302,2568,327,None,Move,browsing
1571312541.31,2562,325,None,Move,browsing
1571312541.3179998,2557,323,None,Move,browsing
1571312541.326,2552,321,None,Move,browsing
1571312541.333,2548,320,None,Move,browsing
1571312541.341,2545,320,None,Move,browsing
1571312541.347,2542,319,None,Move,browsing
1571312541.356,2537,319,None,Move,browsing
1571312541.363,2531,319,None,Move,browsing
1571312541.371,2528,319,None,Move,browsing
1571312541.38,2524,318,None,Move,browsing
1571312541.387,2519,318,None,Move,browsing
1571312541.395,2515,318,None,Move,browsing
1571312541.404,2509,318,None,Move,browsing
1571312541.411,2506,318,None,Move,browsing
1571312541.417,2501,318,None,Move,browsing
1571312541.426,2497,318,None,Move,browsing
1571312541.434,2493,318,None,Move,browsing
1571312541.4420002,2492,319,None,Move,browsing
1571312541.449,2490,320,None,Move,browsing
1571312541.457,2490,320,None,Move,browsing
1571312541.465,2489,320,None,Move,browsing
1571312541.559,2489,321,None,Move,browsing
1571312541.574,2489,322,None,Move,browsing
1571312541.581,2489,323,None,Move,browsing
1571312541.597,2489,324,None,Move,browsing
1571312541.6139998,2490,325,None,Move,browsing
1571312541.6220002,2491,326,None,Move,browsing
1571312541.63,2493,326,None,Move,browsing
1571312541.6360002,2494,326,None,Move,browsing
1571312541.644,2495,326,None,Move,browsing
1571312541.651,2496,326,None,Move,browsing
1571312541.66,2497,326,None,Move,browsing
1571312541.667,2497,326,None,Move,browsing
1571312541.6829998,2498,326,None,Move,browsing
1571312541.8070002,2498,326,Left,Pressed,browsing
1571312541.939,2498,326,Left,Released,browsing
1571312542.072,2499,327,None,Move,browsing
1571312542.096,2504,329,None,Move,browsing
1571312542.103,2505,329,None,Move,browsing
1571312542.1120002,2511,332,None,Move,browsing
1571312542.12,2513,334,None,Move,browsing
1571312542.1279998,2520,337,None,Move,browsing
1571312542.1360002,2527,340,None,Move,browsing
1571312542.1420002,2533,343,None,Move,browsing
1571312542.15,2543,347,None,Move,browsing
1571312542.158,2551,351,None,Move,browsing
1571312542.166,2561,354,None,Move,browsing
1571312542.173,2570,358,None,Move,browsing
1571312542.1820002,2581,362,None,Move,browsing
1571312542.189,2589,364,None,Move,browsing
1571312542.197,2597,366,None,Move,browsing
1571312542.205,2607,368,None,Move,browsing
1571312542.211,2616,369,None,Move,browsing
1571312542.219,2627,372,None,Move,browsing
1571312542.2270002,2635,375,None,Move,browsing
1571312542.235,2645,379,None,Move,browsing
1571312542.244,2656,382,None,Move,browsing
1571312542.2510002,2665,386,None,Move,browsing
1571312542.2589998,2673,388,None,Move,browsing
1571312542.268,2681,391,None,Move,browsing
1571312542.275,2690,394,None,Move,browsing
1571312542.281,2693,396,None,Move,browsing
1571312542.289,2697,398,None,Move,browsing
1571312542.2970002,2700,399,None,Move,browsing
1571312542.305,2702,400,None,Move,browsing
1571312542.314,2704,401,None,Move,browsing
1571312542.322,2705,401,None,Move,browsing
1571312542.329,2705,403,None,Move,browsing
1571312542.337,2706,404,None,Move,browsing
1571312542.345,2706,405,None,Move,browsing
1571312542.351,2706,407,None,Move,browsing
1571312542.359,2706,407,None,Move,browsing
1571312542.367,2706,410,None,Move,browsing
1571312542.3760002,2706,411,None,Move,browsing
1571312542.3839998,2704,413,None,Move,browsing
1571312542.391,2703,414,None,Move,browsing
1571312542.4,2700,416,None,Move,browsing
1571312542.408,2699,418,None,Move,browsing
1571312542.416,2697,419,None,Move,browsing
1571312542.4220002,2696,421,None,Move,browsing
1571312542.43,2695,421,None,Move,browsing
1571312542.438,2693,422,None,Move,browsing
1571312542.445,2693,423,None,Move,browsing
1571312542.4529998,2691,424,None,Move,browsing
1571312542.462,2691,425,None,Move,browsing
1571312542.469,2689,425,None,Move,browsing
1571312542.478,2689,425,None,Move,browsing
1571312542.485,2688,426,None,Move,browsing
1571312542.4989998,2688,426,None,Move,browsing
1571312542.577,2687,426,None,Move,browsing
1571312542.704,2686,427,None,Move,browsing
1571312542.718,2685,428,None,Move,browsing
1571312542.7410002,2684,428,None,Move,browsing
1571312542.7570002,2683,428,None,Move,browsing
1571312542.7729998,2682,428,None,Move,browsing
1571312542.857,2682,429,None,Move,browsing
1571312542.873,2680,430,None,Move,browsing
1571312542.89,2679,432,None,Move,browsing
1571312542.8979998,2678,432,None,Move,browsing
1571312542.906,2676,434,None,Move,browsing
1571312542.914,2675,434,None,Move,browsing
1571312542.92,2674,435,None,Move,browsing
1571312542.928,2673,436,None,Move,browsing
1571312542.936,2672,436,None,Move,browsing
1571312542.944,2671,437,None,Move,browsing
1571312542.952,2671,437,None,Move,browsing
1571312542.96,2669,438,None,Move,browsing
1571312542.976,2669,438,None,Move,browsing
1571312542.992,2668,439,None,Move,browsing
1571312543.0129998,2668,439,None,Move,browsing
1571312543.03,2668,440,None,Move,browsing
1571312543.053,2667,440,None,Move,browsing
1571312543.0670002,2666,441,None,Move,browsing
1571312543.091,2665,441,None,Move,browsing
1571312543.107,2664,441,None,Move,browsing
1571312543.1320002,2662,441,None,Move,browsing
1571312543.14,2660,441,None,Move,browsing
1571312543.146,2660,441,None,Move,browsing
1571312543.466,2660,441,None,Move,browsing
1571312543.56,2660,441,None,Move,browsing
1571312543.582,2660,442,None,Move,browsing
1571312543.5979998,2660,442,None,Move,browsing
1571312543.63,2660,442,Left,Pressed,browsing
1571312543.77,2660,442,Left,Released,browsing
1571312571.667,2663,431,None,Move,browsing
1571312571.675,2660,423,None,Move,browsing
1571312571.6829998,2657,417,None,Move,browsing
1571312571.6920002,2652,410,None,Move,browsing
1571312571.7,2647,406,None,Move,browsing
1571312571.707,2641,402,None,Move,browsing
1571312571.7129998,2637,401,None,Move,browsing
1571312571.721,2630,401,None,Move,browsing
1571312571.729,2626,401,None,Move,browsing
1571312571.738,2618,402,None,Move,browsing
1571312571.746,2611,405,None,Move,browsing
1571312571.754,2605,408,None,Move,browsing
1571312571.762,2599,412,None,Move,browsing
1571312571.769,2594,415,None,Move,browsing
1571312571.776,2591,418,None,Move,browsing
1571312571.784,2590,418,None,Move,browsing
1571312571.791,2590,419,None,Move,browsing
1571312571.799,2589,419,None,Move,browsing
1571312571.84,2596,408,None,Move,browsing
1571312571.846,2600,401,None,Move,browsing
1571312571.854,2608,391,None,Move,browsing
1571312571.861,2615,382,None,Move,browsing
1571312571.869,2628,368,None,Move,browsing
1571312571.877,2646,350,None,Move,browsing
1571312571.885,2661,336,None,Move,browsing
1571312571.894,2679,318,None,Move,browsing
1571312571.9020002,2700,297,None,Move,browsing
1571312571.909,2716,282,None,Move,browsing
1571312571.918,2731,268,None,Move,browsing
1571312571.924,2741,258,None,Move,browsing
1571312571.9320002,2750,250,None,Move,browsing
1571312571.94,2753,246,None,Move,browsing
1571312571.948,2757,242,None,Move,browsing
1571312571.955,2758,240,None,Move,browsing
1571312571.9629998,2759,238,None,Move,browsing
1571312571.971,2759,236,None,Move,browsing
1571312571.979,2759,234,None,Move,browsing
1571312571.9870002,2759,233,None,Move,browsing
1571312571.9929998,2759,230,None,Move,browsing
1571312572.0010002,2759,229,None,Move,browsing
1571312572.0089998,2759,226,None,Move,browsing
1571312572.0170002,2759,224,None,Move,browsing
1571312572.025,2757,222,None,Move,browsing
1571312572.033,2757,221,None,Move,browsing
1571312572.041,2754,218,None,Move,browsing
1571312572.049,2754,217,None,Move,browsing
1571312572.0579998,2752,214,None,Move,browsing
1571312572.066,2751,212,None,Move,browsing
1571312572.071,2750,209,None,Move,browsing
1571312572.079,2749,205,None,Move,browsing
1571312572.087,2748,202,None,Move,browsing
1571312572.095,2747,199,None,Move,browsing
1571312572.103,2747,197,None,Move,browsing
1571312572.1120002,2747,196,None,Move,browsing
1571312572.12,2746,193,None,Move,browsing
1571312572.1279998,2746,193,None,Move,browsing
1571312572.1339998,2745,192,None,Move,browsing
1571312572.1420002,2745,190,None,Move,browsing
1571312572.149,2745,189,None,Move,browsing
1571312572.158,2745,187,None,Move,browsing
1571312572.166,2745,185,None,Move,browsing
1571312572.174,2745,183,None,Move,browsing
1571312572.181,2745,180,None,Move,browsing
1571312572.19,2745,180,None,Move,browsing
1571312572.198,2745,178,None,Move,browsing
1571312572.206,2745,177,None,Move,browsing
1571312572.212,2745,174,None,Move,browsing
1571312572.219,2745,172,None,Move,browsing
1571312572.228,2745,170,None,Move,browsing
1571312572.236,2746,168,None,Move,browsing
1571312572.244,2746,166,None,Move,browsing
1571312572.252,2746,165,None,Move,browsing
1571312572.2589998,2746,162,None,Move,browsing
1571312572.2670002,2747,160,None,Move,browsing
1571312572.275,2747,159,None,Move,browsing
1571312572.284,2747,158,None,Move,browsing
1571312572.289,2747,156,None,Move,browsing
1571312572.2970002,2747,155,None,Move,browsing
1571312572.313,2747,155,None,Move,browsing
1571312572.322,2747,154,None,Move,browsing
1571312572.399,2748,153,None,Move,browsing
1571312572.415,2748,151,None,Move,browsing
1571312572.429,2748,150,None,Move,browsing
1571312572.446,2748,150,Left,Pressed,browsing
1571312572.446,2748,150,None,Drag,browsing
1571312572.446,2748,150,Left,Released,browsing
