client_timestamp,x,y,button,state,window
1573293138.701,220,-1,None,Move,browsing
1573293138.708,219,0,None,Move,browsing
1573293138.775,219,0,None,Move,browsing
1573293138.783,220,-1,None,Move,browsing
1573293138.793,222,-2,None,Move,browsing
1573293138.8,225,-2,None,Move,browsing
1573293138.8079998,231,-3,None,Move,browsing
1573293138.816,241,-5,None,Move,browsing
1573293138.825,253,-4,None,Move,browsing
1573293138.832,264,-1,None,Move,browsing
1573293138.839,276,0,None,Move,browsing
1573293138.846,289,3,None,Move,browsing
1573293138.854,305,7,None,Move,browsing
1573293138.8620002,313,9,None,Move,browsing
1573293138.87,317,11,None,Move,browsing
1573293341.572,318,11,None,Move,browsing
1573293341.58,327,5,None,Move,browsing
1573293341.589,337,2,None,Move,browsing
1573293341.596,345,0,None,Move,browsing
1573293341.605,355,1,None,Move,browsing
1573293341.61,371,1,None,Move,browsing
1573293341.619,394,4,None,Move,browsing
1573293341.627,438,12,None,Move,browsing
1573293341.635,499,26,None,Move,browsing
1573293341.643,534,59,None,Move,browsing
1573293341.65,571,91,None,Move,browsing
1573293341.659,602,131,None,Move,browsing
1573293341.666,614,171,None,Move,browsing
1573293341.6720002,620,208,None,Move,browsing
1573293341.68,624,242,None,Move,browsing
1573293341.689,634,281,None,Move,browsing
1573293341.696,649,318,None,Move,browsing
1573293341.704,665,352,None,Move,browsing
1573293341.712,687,385,None,Move,browsing
1573293341.72,710,410,None,Move,browsing
1573293341.728,721,429,None,Move,browsing
1573293341.736,724,443,None,Move,browsing
1573293341.745,724,452,None,Move,browsing
1573293341.75,723,452,None,Move,browsing
1573293341.9529998,720,454,None,Move,browsing
1573293341.961,719,456,None,Move,browsing
1573293341.9889998,719,454,None,Move,browsing
1573293341.996,728,430,None,Move,browsing
1573293342.005,728,415,None,Move,browsing
1573293342.0129998,731,400,None,Move,browsing
1573293342.02,745,379,None,Move,browsing
1573293342.026,777,345,None,Move,browsing
1573293342.034,830,304,None,Move,browsing
1573293342.042,870,268,None,Move,browsing
1573293342.05,914,227,None,Move,browsing
1573293342.0579998,961,184,None,Move,browsing
1573293342.066,999,146,None,Move,browsing
1573293342.074,1049,101,None,Move,browsing
1573293342.095,1100,50,None,Move,browsing
1573293342.101,1188,-47,None,Move,browsing
1573293342.1079998,1216,-40,None,Move,browsing
1573293342.115,1250,-43,None,Move,browsing
1573293342.1220002,1280,-34,None,Move,browsing
1573293342.129,1296,-15,None,Move,browsing
1573293342.137,1305,-12,None,Move,browsing
1573293342.145,1310,-9,None,Move,browsing
1573293342.153,1313,-5,None,Move,browsing
1573293342.161,1316,-3,None,Move,browsing
1573293342.167,1318,-2,None,Move,browsing
1573293342.175,1319,-1,None,Move,browsing
1573293342.1820002,1320,-1,None,Move,browsing
1573293342.195,1321,0,None,Move,browsing
1573293342.202,1321,-1,None,Move,browsing
1573293342.211,1323,-1,None,Move,browsing
1573293342.218,1324,-1,None,Move,browsing
1573293342.2270002,1324,0,None,Move,browsing
1573293342.2329998,1324,-1,None,Move,browsing
1573293342.2410002,1326,0,None,Move,browsing
1573293342.252,1327,-1,None,Move,browsing
1573293342.2610002,1327,-1,None,Move,browsing
1573293342.269,1328,-1,None,Move,browsing
1573293342.2770002,1328,-2,None,Move,browsing
1573293342.284,1329,-1,None,Move,browsing
1573293342.293,1329,0,None,Move,browsing
1573293342.298,1329,-1,None,Move,browsing
1573293342.35,1329,-1,None,Move,browsing
1573293342.3579998,1335,-1,None,Move,browsing
1573293342.3660002,1343,-3,None,Move,browsing
1573293342.3720002,1352,-2,None,Move,browsing
1573293342.38,1362,-3,None,Move,browsing
1573293342.389,1372,-2,None,Move,browsing
1573293342.397,1383,-3,None,Move,browsing
1573293342.404,1396,-2,None,Move,browsing
1573293342.4120002,1412,0,None,Move,browsing
1573293342.421,1428,-2,None,Move,browsing
1573293342.4329998,1444,-1,None,Move,browsing
1573293342.439,1460,0,None,Move,browsing
1573293342.444,1474,-1,None,Move,browsing
1573293342.45,1484,0,None,Move,browsing
1573293342.459,1492,-1,None,Move,browsing
1573293342.466,1497,0,None,Move,browsing
1573293342.475,1500,0,None,Move,browsing
1573293342.482,1500,0,None,Move,browsing
1573293342.582,1500,0,None,Move,browsing
1573293342.5979998,1500,0,None,Move,browsing
1573293342.606,1499,0,None,Move,browsing
1573293342.6139998,1499,0,None,Move,browsing
1573293342.6479998,1498,0,None,Move,browsing
1573293342.656,1497,1,None,Move,browsing
1573293342.664,1497,1,None,Move,browsing
1573293342.6720002,1495,1,None,Move,browsing
1573293342.68,1494,2,None,Move,browsing
1573293342.688,1494,2,None,Move,browsing
1573293342.696,1492,3,None,Move,browsing
1573293342.704,1491,3,None,Move,browsing
1573293342.712,1491,3,None,Move,browsing
1573293342.72,1490,3,None,Move,browsing
1573293342.726,1490,4,None,Move,browsing
1573293342.734,1489,4,None,Move,browsing
1573293342.742,1489,5,None,Move,browsing
1573293342.754,1489,5,Left,Pressed,browsing
1573293342.754,1489,5,None,Drag,browsing
1573293342.7770002,1488,5,None,Drag,browsing
1573293342.778,1488,5,Left,Released,browsing
1573293342.8779998,1487,5,None,Move,browsing
1573293342.894,1489,5,None,Move,browsing
1573293342.9020002,1497,4,None,Move,browsing
1573293342.91,1507,5,None,Move,browsing
1573293342.919,1511,6,None,Move,browsing
1573293342.928,1512,6,None,Move,browsing
1573293344.9,1512,6,None,Move,browsing
1573293344.908,1513,3,None,Move,browsing
1573293344.917,1515,1,None,Move,browsing
1573293344.925,1517,0,None,Move,browsing
1573293344.9320002,1518,0,None,Move,browsing
1573293344.94,1512,5,None,Move,browsing
1573293344.948,1508,18,None,Move,browsing
1573293344.956,1503,53,None,Move,browsing
1573293344.966,1475,195,None,Move,browsing
1573293344.975,1451,301,None,Move,browsing
1573293344.982,1422,407,None,Move,browsing
1573293344.99,1386,490,None,Move,browsing
1573293344.998,1353,566,None,Move,browsing
1573293345.006,1329,628,None,Move,browsing
1573293345.014,1300,685,None,Move,browsing
1573293345.022,1276,730,None,Move,browsing
1573293345.031,1257,765,None,Move,browsing
1573293345.0370002,1251,785,None,Move,browsing
1573293345.044,1250,798,None,Move,browsing
1573293345.052,1254,808,None,Move,browsing
1573293345.061,1261,815,None,Move,browsing
1573293345.0679998,1270,822,None,Move,browsing
1573293345.077,1276,826,None,Move,browsing
1573293345.084,1279,827,None,Move,browsing
1573293345.097,1279,827,None,Move,browsing
1573293345.104,1274,829,None,Move,browsing
1573293345.111,1260,833,None,Move,browsing
1573293345.1179998,1237,846,None,Move,browsing
1573293345.1260002,1217,861,None,Move,browsing
1573293345.1339998,1208,870,None,Move,browsing
1573293345.1420002,1200,879,None,Move,browsing
1573293345.151,1200,879,None,Move,browsing
1573293345.298,1200,878,None,Move,browsing
1573293345.324,1201,877,None,Move,browsing
1573293345.332,1224,861,None,Move,browsing
1573293345.34,1231,855,None,Move,browsing
1573293345.3479998,1231,853,None,Move,browsing
1573293345.357,1229,853,None,Move,browsing
1573293345.3639998,1228,853,None,Move,browsing
1573293345.3720002,1226,852,None,Move,browsing
1573293345.38,1225,852,None,Move,browsing
1573293345.3879998,1223,852,None,Move,browsing
1573293345.394,1218,856,None,Move,browsing
1573293345.403,1213,858,None,Move,browsing
1573293345.413,1208,862,None,Move,browsing
1573293345.418,1206,865,None,Move,browsing
1573293345.426,1204,869,None,Move,browsing
1573293345.434,1204,871,None,Move,browsing
1573293345.4420002,1204,875,None,Move,browsing
1573293345.45,1206,878,None,Move,browsing
1573293345.457,1209,882,None,Move,browsing
1573293345.464,1211,884,None,Move,browsing
1573293345.472,1214,887,None,Move,browsing
1573293345.48,1216,890,None,Move,browsing
1573293345.488,1217,891,None,Move,browsing
1573293345.496,1219,893,None,Move,browsing
1573293345.504,1223,895,None,Move,browsing
1573293345.512,1231,897,None,Move,browsing
1573293345.52,1241,897,None,Move,browsing
1573293345.526,1252,897,None,Move,browsing
1573293345.534,1263,897,None,Move,browsing
1573293345.542,1278,896,None,Move,browsing
1573293345.55,1294,893,None,Move,browsing
1573293345.5579998,1310,890,None,Move,browsing
1573293345.566,1328,888,None,Move,browsing
1573293345.574,1346,885,None,Move,browsing
1573293345.582,1364,883,None,Move,browsing
1573293345.59,1384,882,None,Move,browsing
1573293345.596,1404,881,None,Move,browsing
1573293345.604,1427,881,None,Move,browsing
1573293345.6120002,1454,881,None,Move,browsing
1573293345.62,1482,885,None,Move,browsing
1573293345.6320002,1534,896,None,Move,browsing
1573293345.6420002,1561,907,None,Move,browsing
1573293345.649,1590,916,None,Move,browsing
1573293345.657,1620,925,None,Move,browsing
1573293345.664,1649,933,None,Move,browsing
1573293345.6720002,1682,942,None,Move,browsing
1573293345.679,1713,948,None,Move,browsing
1573293345.686,1739,953,None,Move,browsing
1573293345.694,1755,956,None,Move,browsing
1573293345.702,1771,958,None,Move,browsing
1573293345.71,1782,961,None,Move,browsing
1573293345.718,1794,962,None,Move,browsing
1573293345.726,1804,963,None,Move,browsing
1573293345.734,1810,963,None,Move,browsing
1573293345.742,1814,964,None,Move,browsing
1573293345.7510002,1815,964,None,Move,browsing
1573293345.76,1817,964,None,Move,browsing
1573293345.769,1818,964,None,Move,browsing
1573293345.834,1818,965,None,Move,browsing
1573293345.846,1821,965,None,Move,browsing
1573293345.855,1822,965,None,Move,browsing
1573293345.8620002,1824,966,None,Move,browsing
1573293345.87,1825,966,None,Move,browsing
1573293345.8779998,1828,966,None,Move,browsing
1573293345.8860002,1831,967,None,Move,browsing
1573293345.8920002,1835,967,None,Move,browsing
1573293345.9,1841,967,None,Move,browsing
1573293345.908,1846,967,None,Move,browsing
1573293345.92,1853,967,None,Move,browsing
1573293345.928,1855,966,None,Move,browsing
1573293345.937,1858,965,None,Move,browsing
1573293345.944,1860,965,None,Move,browsing
1573293345.956,1860,965,None,Move,browsing
1573293345.982,1861,965,None,Move,browsing
1573293345.99,1862,965,None,Move,browsing
1573293345.998,1863,967,None,Move,browsing
1573293346.006,1865,968,None,Move,browsing
1573293346.014,1867,971,None,Move,browsing
1573293346.022,1868,973,None,Move,browsing
1573293346.028,1870,974,None,Move,browsing
1573293346.036,1872,976,None,Move,browsing
1573293346.044,1874,978,None,Move,browsing
1573293346.0570002,1875,980,None,Move,browsing
1573293346.063,1877,981,None,Move,browsing
1573293346.0679998,1879,983,None,Move,browsing
1573293346.076,1881,985,None,Move,browsing
1573293346.085,1883,987,None,Move,browsing
1573293346.092,1886,988,None,Move,browsing
1573293346.1020002,1887,989,None,Move,browsing
1573293346.107,1890,991,None,Move,browsing
1573293346.115,1892,992,None,Move,browsing
1573293346.1220002,1893,993,None,Move,browsing
1573293346.13,1895,993,None,Move,browsing
1573293346.137,1897,993,None,Move,browsing
1573293346.146,1898,993,None,Move,browsing
1573293346.154,1899,993,None,Move,browsing
1573293346.161,1899,993,None,Move,browsing
1573293346.1720002,1899,993,None,Move,browsing
1573293346.212,1899,993,None,Move,browsing
1573293346.3079998,1899,993,Left,Pressed,browsing
1573293346.39,1899,993,Left,Released,browsing
1573293346.4420002,1899,992,None,Move,browsing
1573293346.456,1899,992,None,Move,browsing
1573293346.465,1899,991,None,Move,browsing
1573293346.472,1899,990,None,Move,browsing
1573293346.48,1899,989,None,Move,browsing
1573293346.488,1899,987,None,Move,browsing
1573293346.496,1899,987,None,Move,browsing
1573293346.505,1899,986,None,Move,browsing
1573293346.514,1899,986,None,Move,browsing
1573293346.534,1899,985,None,Move,browsing
1573293346.584,1898,985,None,Move,browsing
1573293346.6,1898,985,None,Move,browsing
1573293346.6120002,1894,984,None,Move,browsing
1573293346.62,1889,981,None,Move,browsing
1573293346.6279998,1884,979,None,Move,browsing
1573293346.6360002,1875,977,None,Move,browsing
1573293346.644,1861,974,None,Move,browsing
1573293346.654,1821,965,None,Move,browsing
1573293346.6620002,1773,957,None,Move,browsing
1573293346.671,1712,942,None,Move,browsing
1573293346.678,1641,928,None,Move,browsing
1573293346.686,1561,913,None,Move,browsing
1573293346.694,1471,895,None,Move,browsing
1573293346.702,1373,882,None,Move,browsing
1573293346.71,1275,874,None,Move,browsing
1573293346.72,1167,864,None,Move,browsing
1573293346.725,1058,848,None,Move,browsing
1573293346.732,946,832,None,Move,browsing
1573293346.74,838,816,None,Move,browsing
1573293346.748,725,794,None,Move,browsing
1573293346.756,626,771,None,Move,browsing
1573293346.764,523,752,None,Move,browsing
1573293346.772,436,732,None,Move,browsing
1573293346.78,361,707,None,Move,browsing
1573293346.789,296,685,None,Move,browsing
1573293346.798,243,667,None,Move,browsing
1573293346.8079998,207,641,None,Move,browsing
1573293346.819,187,619,None,Move,browsing
1573293346.8279998,186,614,None,Move,browsing
1573293346.837,187,612,None,Move,browsing
1573293346.844,188,612,None,Move,browsing
1573293347.3,188,612,None,Move,browsing
1573293347.316,191,611,None,Move,browsing
1573293347.324,196,611,None,Move,browsing
1573293347.332,202,611,None,Move,browsing
1573293347.34,209,611,None,Move,browsing
1573293347.346,215,610,None,Move,browsing
1573293347.354,222,609,None,Move,browsing
1573293347.3620002,227,609,None,Move,browsing
1573293347.37,232,607,None,Move,browsing
1573293347.3779998,238,606,None,Move,browsing
1573293347.3860002,241,605,None,Move,browsing
1573293347.394,247,602,None,Move,browsing
1573293347.4020002,249,601,None,Move,browsing
1573293347.421,255,596,None,Move,browsing
1573293347.427,257,593,None,Move,browsing
1573293347.4329998,258,591,None,Move,browsing
1573293347.441,261,584,None,Move,browsing
1573293347.448,263,578,None,Move,browsing
1573293347.457,265,572,None,Move,browsing
1573293347.464,267,565,None,Move,browsing
1573293347.472,270,558,None,Move,browsing
1573293347.48,272,551,None,Move,browsing
1573293347.486,274,546,None,Move,browsing
1573293347.496,276,540,None,Move,browsing
1573293347.502,279,534,None,Move,browsing
1573293347.51,281,530,None,Move,browsing
1573293347.518,282,527,None,Move,browsing
1573293347.526,284,524,None,Move,browsing
1573293347.534,285,523,None,Move,browsing
1573293347.542,287,521,None,Move,browsing
1573293347.55,288,519,None,Move,browsing
1573293347.559,288,519,None,Move,browsing
1573293347.566,288,518,None,Move,browsing
1573293347.572,289,517,None,Move,browsing
1573293347.58,290,516,None,Move,browsing
1573293347.5879998,291,516,None,Move,browsing
1573293347.597,291,515,None,Move,browsing
1573293347.603,293,513,None,Move,browsing
1573293347.6120002,293,513,None,Move,browsing
1573293347.62,294,513,None,Move,browsing
1573293347.63,295,513,None,Move,browsing
1573293347.637,295,512,None,Move,browsing
1573293347.645,295,512,None,Move,browsing
1573293347.654,296,511,None,Move,browsing
1573293347.6620002,296,511,None,Move,browsing
1573293347.67,297,511,None,Move,browsing
1573293347.678,297,510,None,Move,browsing
1573293347.686,297,510,None,Move,browsing
1573293347.696,297,509,None,Move,browsing
1573293347.708,298,509,None,Move,browsing
1573293347.832,299,508,None,Move,browsing
1573293347.844,300,508,None,Move,browsing
1573293347.856,300,507,None,Move,browsing
1573293347.8679998,300,507,None,Move,browsing
1573293347.896,300,507,None,Move,browsing
1573293348.3660002,301,506,None,Move,browsing
1573293348.3820002,302,505,None,Move,browsing
1573293348.389,303,503,None,Move,browsing
1573293348.397,305,500,None,Move,browsing
1573293348.404,307,498,None,Move,browsing
1573293348.4120002,309,495,None,Move,browsing
1573293348.42,310,491,None,Move,browsing
1573293348.428,312,487,None,Move,browsing
1573293348.436,314,483,None,Move,browsing
1573293348.444,316,479,None,Move,browsing
1573293348.452,318,475,None,Move,browsing
1573293348.46,322,468,None,Move,browsing
1573293348.469,328,461,None,Move,browsing
1573293348.479,333,454,None,Move,browsing
1573293348.4870002,339,446,None,Move,browsing
1573293348.495,344,439,None,Move,browsing
1573293348.5010002,350,432,None,Move,browsing
1573293348.508,356,424,None,Move,browsing
1573293348.514,361,417,None,Move,browsing
1573293348.522,367,411,None,Move,browsing
1573293348.53,373,404,None,Move,browsing
1573293348.536,377,398,None,Move,browsing
1573293348.544,383,393,None,Move,browsing
1573293348.552,387,390,None,Move,browsing
1573293348.56,389,389,None,Move,browsing
1573293348.5679998,391,387,None,Move,browsing
1573293348.576,393,385,None,Move,browsing
1573293348.584,394,383,None,Move,browsing
1573293348.592,396,382,None,Move,browsing
1573293348.5979998,397,381,None,Move,browsing
1573293348.613,397,381,None,Move,browsing
1573293348.6260002,397,380,None,Move,browsing
1573293348.6420002,398,380,None,Move,browsing
1573293348.65,399,380,None,Move,browsing
1573293348.732,399,380,None,Move,browsing
1573293348.782,400,380,None,Move,browsing
1573293348.8839998,400,380,None,Move,browsing
1573293348.984,400,380,None,Move,browsing
1573293349.0,400,380,None,Move,browsing
1573293349.1239998,400,381,None,Move,browsing
1573293349.228,400,381,None,Move,browsing
1573293349.268,400,382,None,Move,browsing
1573293349.33,400,383,None,Move,browsing
1573293349.3579998,400,383,None,Move,browsing
1573293349.3760002,401,384,None,Move,browsing
1573293349.47,401,385,None,Move,browsing
1573293349.508,401,386,None,Move,browsing
1573293349.549,401,386,None,Move,browsing
1573293349.6260002,401,387,None,Move,browsing
1573293349.677,401,388,None,Move,browsing
1573293349.907,401,388,None,Move,browsing
1573293349.957,401,388,None,Move,browsing
1573293350.0579998,401,389,None,Move,browsing
1573293351.019,401,389,Left,Pressed,browsing
1573293351.188,401,389,Left,Released,browsing
1573293352.3820002,401,389,None,Move,browsing
1573293352.394,401,390,None,Move,browsing
1573293352.404,395,392,None,Move,browsing
1573293352.411,384,393,None,Move,browsing
1573293352.418,369,394,None,Move,browsing
1573293352.426,350,394,None,Move,browsing
1573293352.434,320,394,None,Move,browsing
1573293352.4420002,290,396,None,Move,browsing
1573293352.451,258,396,None,Move,browsing
1573293352.46,195,395,None,Move,browsing
1573293352.468,166,395,None,Move,browsing
1573293352.476,135,397,None,Move,browsing
1573293352.484,110,400,None,Move,browsing
1573293352.492,83,404,None,Move,browsing
1573293352.5,67,407,None,Move,browsing
1573293352.508,51,409,None,Move,browsing
1573293352.516,38,411,None,Move,browsing
1573293352.522,28,412,None,Move,browsing
1573293352.53,18,413,None,Move,browsing
1573293352.539,12,413,None,Move,browsing
1573293352.546,5,413,None,Move,browsing
1573293352.554,0,413,None,Move,browsing
1573293352.562,-3,414,None,Move,browsing
1573293352.57,-1,414,None,Move,browsing
1573293352.5779998,-2,414,None,Move,browsing
1573293352.586,-1,414,None,Move,browsing
1573293352.596,0,415,None,Move,browsing
1573293352.666,-1,415,None,Move,browsing
1573293354.585,0,415,None,Move,browsing
1573293354.597,2,415,None,Move,browsing
1573293354.605,17,415,None,Move,browsing
1573293354.611,45,412,None,Move,browsing
1573293354.62,86,406,None,Move,browsing
1573293354.6260002,147,392,None,Move,browsing
1573293354.635,217,378,None,Move,browsing
1573293354.6420002,296,373,None,Move,browsing
1573293354.651,382,360,None,Move,browsing
1573293354.659,478,344,None,Move,browsing
1573293354.667,567,326,None,Move,browsing
1573293354.675,660,308,None,Move,browsing
1573293354.6829998,750,293,None,Move,browsing
1573293354.691,839,280,None,Move,browsing
1573293354.696,918,273,None,Move,browsing
1573293354.705,997,268,None,Move,browsing
1573293354.712,1072,261,None,Move,browsing
1573293354.721,1129,254,None,Move,browsing
1573293354.728,1180,247,None,Move,browsing
1573293354.7370002,1217,243,None,Move,browsing
1573293354.744,1241,240,None,Move,browsing
1573293354.752,1260,237,None,Move,browsing
1573293354.76,1278,234,None,Move,browsing
1573293354.766,1294,234,None,Move,browsing
1573293354.775,1310,234,None,Move,browsing
1573293354.785,1323,234,None,Move,browsing
1573293354.79,1332,234,None,Move,browsing
1573293354.798,1342,233,None,Move,browsing
1573293354.8070002,1349,233,None,Move,browsing
1573293354.814,1355,233,None,Move,browsing
1573293354.823,1362,233,None,Move,browsing
1573293354.8279998,1365,233,None,Move,browsing
1573293354.837,1368,233,None,Move,browsing
1573293354.844,1370,233,None,Move,browsing
1573293354.853,1372,234,None,Move,browsing
1573293354.86,1374,236,None,Move,browsing
1573293354.8679998,1375,236,None,Move,browsing
1573293354.8760002,1377,236,None,Move,browsing
1573293354.885,1379,238,None,Move,browsing
1573293354.8920002,1380,239,None,Move,browsing
1573293354.9,1383,241,None,Move,browsing
1573293354.907,1387,243,None,Move,browsing
1573293354.914,1394,245,None,Move,browsing
1573293354.923,1404,247,None,Move,browsing
1573293354.93,1414,250,None,Move,browsing
1573293354.938,1428,253,None,Move,browsing
1573293354.946,1444,255,None,Move,browsing
1573293354.955,1459,258,None,Move,browsing
1573293354.962,1472,259,None,Move,browsing
1573293354.971,1484,261,None,Move,browsing
1573293354.976,1499,261,None,Move,browsing
1573293354.985,1515,261,None,Move,browsing
1573293354.992,1531,261,None,Move,browsing
1573293355.0,1546,261,None,Move,browsing
1573293355.008,1564,259,None,Move,browsing
1573293355.016,1584,259,None,Move,browsing
1573293355.024,1600,259,None,Move,browsing
1573293355.032,1618,259,None,Move,browsing
1573293355.041,1635,257,None,Move,browsing
1573293355.046,1655,254,None,Move,browsing
1573293355.055,1673,253,None,Move,browsing
1573293355.062,1689,250,None,Move,browsing
1573293355.07,1705,248,None,Move,browsing
1573293355.0779998,1721,248,None,Move,browsing
1573293355.086,1732,248,None,Move,browsing
1573293355.094,1742,248,None,Move,browsing
1573293355.1020002,1750,248,None,Move,browsing
1573293355.11,1756,248,None,Move,browsing
1573293355.1160002,1763,248,None,Move,browsing
1573293355.125,1766,247,None,Move,browsing
1573293355.1320002,1768,246,None,Move,browsing
1573293355.141,1770,245,None,Move,browsing
1573293355.147,1771,244,None,Move,browsing
1573293355.156,1773,243,None,Move,browsing
1573293355.165,1774,242,None,Move,browsing
1573293355.1720002,1774,241,None,Move,browsing
1573293355.178,1774,241,None,Move,browsing
1573293355.186,1774,240,None,Move,browsing
1573293355.194,1774,238,None,Move,browsing
1573293355.202,1774,237,None,Move,browsing
1573293355.21,1774,236,None,Move,browsing
1573293355.218,1774,235,None,Move,browsing
1573293355.226,1774,231,None,Move,browsing
1573293355.234,1774,229,None,Move,browsing
1573293355.242,1774,224,None,Move,browsing
1573293355.248,1774,217,None,Move,browsing
1573293355.2570002,1774,211,None,Move,browsing
1573293355.264,1774,204,None,Move,browsing
1573293355.2729998,1774,198,None,Move,browsing
1573293355.28,1774,191,None,Move,browsing
1573293355.288,1774,186,None,Move,browsing
1573293355.296,1774,183,None,Move,browsing
1573293355.305,1774,179,None,Move,browsing
1573293355.312,1774,175,None,Move,browsing
1573293355.3179998,1773,173,None,Move,browsing
1573293355.326,1773,169,None,Move,browsing
1573293355.335,1773,168,None,Move,browsing
1573293355.343,1771,165,None,Move,browsing
1573293355.35,1771,163,None,Move,browsing
1573293355.3579998,1769,162,None,Move,browsing
1573293355.3660002,1768,160,None,Move,browsing
1573293355.375,1768,158,None,Move,browsing
1573293355.3820002,1766,157,None,Move,browsing
1573293355.3879998,1764,155,None,Move,browsing
1573293355.396,1762,153,None,Move,browsing
1573293355.404,1761,152,None,Move,browsing
1573293355.4120002,1760,151,None,Move,browsing
1573293355.42,1759,149,None,Move,browsing
1573293355.428,1759,149,None,Move,browsing
1573293355.437,1758,148,None,Move,browsing
1573293355.444,1757,147,None,Move,browsing
1573293355.455,1757,147,None,Move,browsing
1573293355.462,1756,147,None,Move,browsing
1573293355.471,1756,146,None,Move,browsing
1573293355.5070002,1756,146,Left,Pressed,browsing
1573293355.607,1756,146,Left,Released,browsing
1573293357.969,1756,146,Left,Pressed,browsing
1573293358.1620002,1756,146,Left,Released,browsing
1573293358.6279998,1756,146,None,Move,browsing
1573293358.64,1758,146,None,Move,browsing
1573293358.6479998,1759,146,None,Move,browsing
1573293358.673,1759,146,None,Move,browsing
1573293358.7570002,1760,146,None,Move,browsing
1573293358.948,1760,145,Left,Pressed,browsing
1573293358.948,1760,145,None,Drag,browsing
1573293358.974,1761,145,None,Drag,browsing
1573293358.975,1761,145,Left,Released,browsing
1573293359.5779998,1761,145,Left,Pressed,browsing
1573293359.718,1761,145,Left,Released,browsing
1573293359.843,1760,145,None,Move,browsing
1573293359.85,1758,146,None,Move,browsing
1573293359.8579998,1757,148,None,Move,browsing
1573293359.8660002,1753,148,None,Move,browsing
1573293359.8720002,1748,148,None,Move,browsing
1573293359.88,1742,148,None,Move,browsing
1573293359.889,1732,148,None,Move,browsing
1573293359.897,1722,146,None,Move,browsing
1573293359.904,1712,143,None,Move,browsing
1573293359.9120002,1695,136,None,Move,browsing
1573293359.92,1662,124,None,Move,browsing
1573293359.928,1621,105,None,Move,browsing
1573293359.934,1570,77,None,Move,browsing
1573293359.9420002,1510,48,None,Move,browsing
1573293359.95,1446,19,None,Move,browsing
1573293359.958,1377,-11,None,Move,browsing
1573293359.966,1301,-32,None,Move,browsing
1573293359.974,1229,-30,None,Move,browsing
1573293359.982,1162,-32,None,Move,browsing
1573293359.99,1096,-27,None,Move,browsing
1573293359.998,1033,-27,None,Move,browsing
1573293360.0070002,964,-25,None,Move,browsing
1573293360.0129998,896,-19,None,Move,browsing
1573293360.022,838,-16,None,Move,browsing
1573293360.028,783,-16,None,Move,browsing
1573293360.036,733,-18,None,Move,browsing
1573293360.044,690,-18,None,Move,browsing
1573293360.052,655,-16,None,Move,browsing
1573293360.06,628,-13,None,Move,browsing
1573293360.0679998,606,-12,None,Move,browsing
1573293360.076,590,-8,None,Move,browsing
1573293360.083,577,-8,None,Move,browsing
1573293360.09,565,-7,None,Move,browsing
1573293360.0979998,554,-8,None,Move,browsing
1573293360.106,546,-7,None,Move,browsing
1573293360.1179998,534,-10,None,Move,browsing
1573293360.1260002,528,-4,None,Move,browsing
1573293360.1339998,525,-3,None,Move,browsing
1573293360.1420002,522,-2,None,Move,browsing
1573293360.149,521,-2,None,Move,browsing
1573293360.157,519,-1,None,Move,browsing
1573293360.165,517,-2,None,Move,browsing
1573293360.1720002,516,-1,None,Move,browsing
1573293360.181,516,-1,None,Move,browsing
1573293360.1920002,516,-1,None,Move,browsing
1573293360.201,515,0,None,Move,browsing
1573293360.274,516,-1,None,Move,browsing
1573293360.28,524,0,None,Move,browsing
1573293360.288,534,0,None,Move,browsing
1573293360.296,550,0,None,Move,browsing
1573293360.305,566,-1,None,Move,browsing
1573293360.312,583,-1,None,Move,browsing
1573293360.32,599,0,None,Move,browsing
1573293360.3279998,615,-2,None,Move,browsing
1573293360.336,630,-1,None,Move,browsing
1573293360.344,644,0,None,Move,browsing
1573293360.3520002,650,0,None,Move,browsing
1573293360.3579998,655,0,None,Move,browsing
1573293360.3660002,657,-1,None,Move,browsing
1573293360.375,658,0,None,Move,browsing
1573293360.3820002,659,0,None,Move,browsing
1573293360.492,660,0,Left,Pressed,browsing
1573293360.492,660,0,None,Drag,browsing
1573293360.492,660,0,Left,Released,browsing
1573293360.518,660,0,None,Move,browsing
1573293360.873,660,0,None,Move,browsing
1573293360.9,661,0,None,Move,browsing
1573293360.95,661,0,None,Move,browsing
1573293360.962,661,1,None,Move,browsing
1573293360.97,662,1,None,Move,browsing
1573293360.978,663,1,None,Move,browsing
1573293360.984,663,2,None,Move,browsing
1573293360.992,663,2,None,Move,browsing
1573293361.0,664,3,None,Move,browsing
1573293361.008,665,3,None,Move,browsing
1573293361.016,666,4,None,Move,browsing
1573293361.025,667,6,None,Move,browsing
1573293361.032,668,6,None,Move,browsing
1573293361.041,668,8,None,Move,browsing
1573293361.048,669,10,None,Move,browsing
1573293361.054,671,11,None,Move,browsing
1573293361.063,673,12,None,Move,browsing
1573293361.071,673,14,None,Move,browsing
1573293361.0779998,674,14,None,Move,browsing
1573293361.086,676,16,None,Move,browsing
1573293361.095,676,17,None,Move,browsing
1573293361.1020002,677,17,None,Move,browsing
1573293361.11,678,18,None,Move,browsing
1573293361.1179998,678,18,None,Move,browsing
1573293361.125,679,19,None,Move,browsing
1573293361.1320002,680,19,None,Move,browsing
1573293361.141,680,19,None,Move,browsing
1573293361.1479998,681,20,None,Move,browsing
1573293361.157,683,21,None,Move,browsing
1573293361.164,684,22,None,Move,browsing
1573293361.173,685,22,None,Move,browsing
1573293361.181,686,22,None,Move,browsing
1573293361.188,687,23,None,Move,browsing
1573293361.194,688,24,None,Move,browsing
1573293361.202,690,24,None,Move,browsing
1573293361.21,692,25,None,Move,browsing
1573293361.218,693,25,None,Move,browsing
1573293361.2270002,695,26,None,Move,browsing
1573293361.235,698,27,None,Move,browsing
1573293361.242,701,29,None,Move,browsing
1573293361.25,707,30,None,Move,browsing
1573293361.258,712,31,None,Move,browsing
1573293361.264,716,33,None,Move,browsing
1573293361.275,721,35,None,Move,browsing
1573293361.28,725,37,None,Move,browsing
1573293361.288,729,38,None,Move,browsing
1573293361.296,732,40,None,Move,browsing
1573293361.304,735,42,None,Move,browsing
1573293361.312,738,44,None,Move,browsing
1573293361.32,740,45,None,Move,browsing
1573293361.3279998,742,47,None,Move,browsing
1573293361.334,743,49,None,Move,browsing
1573293361.342,745,50,None,Move,browsing
1573293361.35,747,52,None,Move,browsing
1573293361.3579998,748,54,None,Move,browsing
1573293361.3660002,750,56,None,Move,browsing
1573293361.3739998,752,58,None,Move,browsing
1573293361.3820002,753,61,None,Move,browsing
1573293361.39,754,65,None,Move,browsing
1573293361.399,755,70,None,Move,browsing
1573293361.404,755,75,None,Move,browsing
1573293361.4120002,755,81,None,Move,browsing
1573293361.421,755,88,None,Move,browsing
1573293361.428,755,96,None,Move,browsing
1573293361.436,754,106,None,Move,browsing
1573293361.444,754,115,None,Move,browsing
1573293361.452,754,130,None,Move,browsing
1573293361.461,754,142,None,Move,browsing
1573293361.468,752,152,None,Move,browsing
1573293361.475,751,164,None,Move,browsing
1573293361.482,749,173,None,Move,browsing
1573293361.4910002,749,183,None,Move,browsing
1573293361.498,748,193,None,Move,browsing
1573293361.5070002,748,202,None,Move,browsing
1573293361.515,748,212,None,Move,browsing
1573293361.5229998,748,219,None,Move,browsing
1573293361.53,748,227,None,Move,browsing
1573293361.538,748,233,None,Move,browsing
1573293361.544,748,240,None,Move,browsing
1573293361.552,748,243,None,Move,browsing
1573293361.56,748,247,None,Move,browsing
1573293361.5679998,749,251,None,Move,browsing
1573293361.575,749,253,None,Move,browsing
1573293361.585,749,256,None,Move,browsing
1573293361.593,749,258,None,Move,browsing
1573293361.601,749,261,None,Move,browsing
1573293361.607,748,263,None,Move,browsing
1573293361.615,747,266,None,Move,browsing
1573293361.623,745,276,None,Move,browsing
1573293361.631,743,285,None,Move,browsing
1573293361.6379998,740,292,None,Move,browsing
1573293361.646,738,296,None,Move,browsing
1573293361.655,737,297,None,Move,browsing
1573293361.663,735,300,None,Move,browsing
1573293361.67,733,304,None,Move,browsing
1573293361.676,731,307,None,Move,browsing
1573293361.684,729,308,None,Move,browsing
1573293361.6920002,728,310,None,Move,browsing
1573293361.7,727,312,None,Move,browsing
1573293361.708,727,312,None,Move,browsing
1573293361.811,726,313,None,Move,browsing
1573293361.816,726,315,None,Move,browsing
1573293361.825,725,317,None,Move,browsing
1573293361.832,725,318,None,Move,browsing
1573293361.841,725,318,None,Move,browsing
1573293361.856,725,318,None,Move,browsing
1573293361.865,725,320,None,Move,browsing
1573293361.8720002,725,321,None,Move,browsing
1573293361.881,725,323,None,Move,browsing
1573293361.89,727,325,None,Move,browsing
1573293361.894,729,326,None,Move,browsing
1573293361.9020002,729,327,None,Move,browsing
1573293361.911,730,328,None,Move,browsing
1573293361.923,731,328,None,Move,browsing
1573293361.961,731,328,None,Move,browsing
1573293361.968,733,329,None,Move,browsing
1573293361.976,735,329,None,Move,browsing
1573293361.984,736,329,None,Move,browsing
1573293361.992,738,329,None,Move,browsing
1573293362.0,738,329,None,Move,browsing
1573293362.0089998,739,329,None,Move,browsing
1573293362.0170002,740,329,None,Move,browsing
1573293362.145,740,330,None,Move,browsing
1573293362.156,742,331,None,Move,browsing
1573293362.1620002,744,333,None,Move,browsing
1573293362.171,745,335,None,Move,browsing
1573293362.2529998,746,335,None,Move,browsing
1573293362.265,747,335,None,Move,browsing
1573293362.2770002,747,335,None,Move,browsing
1573293362.425,748,336,None,Move,browsing
1573293362.437,749,336,None,Move,browsing
1573293362.5070002,749,337,None,Move,browsing
1573293362.515,748,339,None,Move,browsing
1573293362.52,746,342,None,Move,browsing
1573293362.529,742,347,None,Move,browsing
1573293362.536,736,353,None,Move,browsing
1573293362.544,729,361,None,Move,browsing
1573293362.552,718,368,None,Move,browsing
1573293362.56,709,379,None,Move,browsing
1573293362.5679998,700,389,None,Move,browsing
1573293362.576,690,400,None,Move,browsing
1573293362.584,676,411,None,Move,browsing
1573293362.591,662,422,None,Move,browsing
1573293362.5979998,643,432,None,Move,browsing
1573293362.606,628,440,None,Move,browsing
1573293362.615,609,449,None,Move,browsing
1573293362.6220002,597,456,None,Move,browsing
1573293362.631,586,461,None,Move,browsing
1573293362.6379998,576,465,None,Move,browsing
1573293362.647,567,469,None,Move,browsing
1573293362.654,560,472,None,Move,browsing
1573293362.66,553,476,None,Move,browsing
1573293362.668,546,479,None,Move,browsing
1573293362.676,540,481,None,Move,browsing
1573293362.684,535,485,None,Move,browsing
1573293362.6920002,529,488,None,Move,browsing
1573293362.7,525,490,None,Move,browsing
1573293362.708,522,492,None,Move,browsing
1573293362.716,520,494,None,Move,browsing
1573293362.722,518,495,None,Move,browsing
1573293362.731,516,497,None,Move,browsing
1573293362.738,516,498,None,Move,browsing
1573293362.7470002,514,498,None,Move,browsing
1573293362.7589998,513,498,None,Move,browsing
1573293362.91,513,498,Left,Pressed,browsing
1573293362.91,513,498,None,Drag,browsing
1573293362.964,512,498,None,Drag,browsing
1573293362.964,512,498,Left,Released,browsing
1573293362.98,512,499,None,Move,browsing
1573293362.998,511,499,None,Move,browsing
1573293363.014,511,500,None,Move,browsing
1573293363.0229998,510,501,None,Move,browsing
1573293363.03,510,503,None,Move,browsing
1573293363.038,508,505,None,Move,browsing
1573293363.046,507,506,None,Move,browsing
1573293363.054,506,509,None,Move,browsing
1573293363.063,504,512,None,Move,browsing
1573293363.069,502,514,None,Move,browsing
1573293363.077,500,516,None,Move,browsing
1573293363.085,499,518,None,Move,browsing
1573293363.093,497,519,None,Move,browsing
1573293363.1,495,521,None,Move,browsing
1573293363.109,494,522,None,Move,browsing
1573293363.117,492,524,None,Move,browsing
1573293363.1239998,490,524,None,Move,browsing
1573293363.1320002,489,525,None,Move,browsing
1573293363.1379998,487,526,None,Move,browsing
1573293363.146,486,527,None,Move,browsing
1573293363.155,486,528,None,Move,browsing
1573293363.1620002,486,529,None,Move,browsing
1573293363.17,485,530,None,Move,browsing
1573293363.1820002,485,530,Left,Pressed,browsing
1573293363.1820002,485,530,None,Drag,browsing
1573293363.19,484,530,None,Drag,browsing
1573293363.19,484,530,Left,Released,browsing
1573293363.6520002,484,530,None,Move,browsing
1573293363.661,485,529,None,Move,browsing
1573293363.668,486,527,None,Move,browsing
1573293363.676,488,525,None,Move,browsing
1573293363.684,490,522,None,Move,browsing
1573293363.6929998,492,518,None,Move,browsing
1573293363.698,493,516,None,Move,browsing
1573293363.707,494,514,None,Move,browsing
1573293363.715,494,512,None,Move,browsing
1573293363.722,495,511,None,Move,browsing
1573293363.731,495,509,None,Move,browsing
1573293363.738,496,508,None,Move,browsing
1573293363.746,496,506,None,Move,browsing
1573293363.754,496,504,None,Move,browsing
1573293363.762,497,503,None,Move,browsing
1573293363.768,498,501,None,Move,browsing
1573293363.776,498,500,None,Move,browsing
1573293363.784,498,499,None,Move,browsing
1573293363.792,498,497,None,Move,browsing
1573293363.8,498,497,None,Move,browsing
1573293363.8079998,498,496,None,Move,browsing
1573293363.816,498,495,None,Move,browsing
1573293363.824,498,495,None,Move,browsing
1573293363.832,498,494,None,Move,browsing
1573293363.842,498,493,None,Move,browsing
1573293363.854,498,493,None,Move,browsing
1573293363.8660002,499,492,None,Move,browsing
1573293363.8820002,499,491,None,Move,browsing
1573293363.89,499,491,None,Move,browsing
1573293363.9020002,499,490,None,Move,browsing
1573293363.916,500,489,None,Move,browsing
1573293363.924,500,489,None,Move,browsing
1573293363.936,500,488,None,Move,browsing
1573293363.952,500,487,None,Move,browsing
1573293363.968,500,487,None,Move,browsing
1573293364.01,500,486,None,Move,browsing
1573293364.536,500,484,None,Move,browsing
1573293364.544,499,484,None,Move,browsing
1573293364.55,499,483,None,Move,browsing
1573293364.5579998,499,482,None,Move,browsing
1573293364.566,498,482,None,Move,browsing
1573293364.574,498,481,None,Move,browsing
1573293364.586,498,480,None,Move,browsing
1573293364.593,497,480,None,Move,browsing
1573293365.535,497,480,Left,Pressed,browsing
1573293365.666,497,480,Left,Released,browsing
1573293365.842,497,480,None,Move,browsing
1573293365.854,498,481,None,Move,browsing
1573293365.863,498,481,None,Move,browsing
1573293365.871,498,481,None,Move,browsing
1573293365.8760002,499,482,None,Move,browsing
1573293365.885,500,483,None,Move,browsing
1573293365.8920002,500,483,None,Move,browsing
1573293365.901,500,484,None,Move,browsing
1573293365.908,501,484,None,Move,browsing
1573293365.917,501,485,None,Move,browsing
1573293365.925,502,485,None,Move,browsing
1573293365.9329998,503,486,None,Move,browsing
1573293365.941,504,487,None,Move,browsing
1573293365.947,505,488,None,Move,browsing
1573293365.954,506,488,None,Move,browsing
1573293365.9629998,508,489,None,Move,browsing
1573293365.97,508,489,None,Move,browsing
1573293365.978,510,490,None,Move,browsing
1573293365.986,511,492,None,Move,browsing
1573293365.994,512,492,None,Move,browsing
1573293366.0029998,513,492,None,Move,browsing
1573293366.0110002,514,493,None,Move,browsing
1573293366.016,515,494,None,Move,browsing
1573293366.025,516,494,None,Move,browsing
1573293366.033,516,495,None,Move,browsing
1573293366.04,517,495,None,Move,browsing
1573293366.048,518,496,None,Move,browsing
1573293366.056,519,496,None,Move,browsing
1573293366.065,520,496,None,Move,browsing
1573293366.073,521,496,None,Move,browsing
1573293366.08,522,497,None,Move,browsing
1573293366.087,524,497,None,Move,browsing
1573293366.094,525,497,None,Move,browsing
1573293366.103,526,497,None,Move,browsing
1573293366.111,527,497,None,Move,browsing
1573293366.1179998,529,497,None,Move,browsing
1573293366.127,530,497,None,Move,browsing
1573293366.135,534,497,None,Move,browsing
1573293366.143,536,497,None,Move,browsing
1573293366.151,543,497,None,Move,browsing
1573293366.157,548,496,None,Move,browsing
1573293366.165,556,495,None,Move,browsing
1573293366.1720002,564,494,None,Move,browsing
1573293366.18,577,494,None,Move,browsing
1573293366.188,593,491,None,Move,browsing
1573293366.196,609,490,None,Move,browsing
1573293366.204,627,487,None,Move,browsing
1573293366.2129998,646,484,None,Move,browsing
1573293366.218,667,481,None,Move,browsing
1573293366.226,685,478,None,Move,browsing
1573293366.235,710,475,None,Move,browsing
1573293366.242,732,472,None,Move,browsing
1573293366.2510002,750,469,None,Move,browsing
1573293366.258,768,466,None,Move,browsing
1573293366.2670002,787,463,None,Move,browsing
1573293366.274,808,460,None,Move,browsing
1573293366.283,831,454,None,Move,browsing
1573293366.29,860,448,None,Move,browsing
1573293366.296,886,439,None,Move,browsing
1573293366.304,917,428,None,Move,browsing
1573293366.313,944,415,None,Move,browsing
1573293366.32,972,402,None,Move,browsing
1573293366.3279998,1004,384,None,Move,browsing
1573293366.336,1036,364,None,Move,browsing
1573293366.344,1059,350,None,Move,browsing
1573293366.3520002,1080,331,None,Move,browsing
1573293366.36,1104,303,None,Move,browsing
1573293366.3660002,1125,276,None,Move,browsing
1573293366.3739998,1145,252,None,Move,browsing
1573293366.383,1162,223,None,Move,browsing
1573293366.39,1175,198,None,Move,browsing
1573293366.3979998,1188,179,None,Move,browsing
1573293366.406,1203,153,None,Move,browsing
1573293366.415,1214,131,None,Move,browsing
1573293366.4220002,1226,112,None,Move,browsing
1573293366.43,1235,94,None,Move,browsing
1573293366.436,1239,81,None,Move,browsing
1573293366.444,1243,66,None,Move,browsing
1573293366.4529998,1248,54,None,Move,browsing
1573293366.46,1254,44,None,Move,browsing
1573293366.467,1259,34,None,Move,browsing
1573293366.476,1267,23,None,Move,browsing
1573293366.484,1275,16,None,Move,browsing
1573293366.492,1282,7,None,Move,browsing
1573293366.498,1290,0,None,Move,browsing
1573293366.506,1297,-8,None,Move,browsing
1573293366.515,1303,-6,None,Move,browsing
1573293366.522,1308,-6,None,Move,browsing
1573293366.53,1312,-5,None,Move,browsing
1573293366.538,1314,-3,None,Move,browsing
1573293366.546,1316,-3,None,Move,browsing
1573293366.554,1318,-1,None,Move,browsing
1573293366.563,1319,-2,None,Move,browsing
1573293366.5679998,1321,-2,None,Move,browsing
1573293366.576,1323,-2,None,Move,browsing
1573293366.585,1325,-2,None,Move,browsing
1573293366.592,1325,-2,None,Move,browsing
1573293366.601,1327,-3,None,Move,browsing
1573293366.609,1329,-1,None,Move,browsing
1573293366.6160002,1331,-2,None,Move,browsing
1573293366.625,1332,-2,None,Move,browsing
1573293366.6320002,1333,-1,None,Move,browsing
1573293366.639,1333,-2,None,Move,browsing
1573293366.647,1334,-1,None,Move,browsing
1573293366.752,1334,-1,Left,Pressed,browsing
1573293366.752,1334,-1,None,Drag,browsing
1573293366.752,1334,-1,Left,Released,browsing
1573293366.802,1334,-1,None,Move,browsing
1573293366.814,1335,-1,None,Move,browsing
1573293366.822,1335,0,None,Move,browsing
1573293366.83,1335,-1,None,Move,browsing
1573293366.846,1336,-1,None,Move,browsing
1573293366.865,1337,0,None,Move,browsing
1573293366.914,1337,0,None,Move,browsing
1573293366.934,1338,0,None,Move,browsing
1573293366.9420002,1339,0,None,Move,browsing
1573293366.982,1339,-1,None,Move,browsing
1573293367.021,1339,0,None,Move,browsing
1573293368.144,1339,0,None,Move,browsing
1573293368.156,1340,0,None,Move,browsing
1573293368.164,1348,0,None,Move,browsing
1573293368.1720002,1357,0,None,Move,browsing
1573293368.179,1370,2,None,Move,browsing
1573293368.187,1383,2,None,Move,browsing
1573293368.194,1396,2,None,Move,browsing
1573293368.202,1412,4,None,Move,browsing
1573293368.21,1423,6,None,Move,browsing
1573293368.218,1435,8,None,Move,browsing
1573293368.226,1446,11,None,Move,browsing
1573293368.235,1456,12,None,Move,browsing
1573293368.242,1466,14,None,Move,browsing
1573293368.248,1473,16,None,Move,browsing
1573293368.2570002,1479,17,None,Move,browsing
1573293368.265,1484,18,None,Move,browsing
1573293368.272,1488,19,None,Move,browsing
1573293368.28,1493,20,None,Move,browsing
1573293368.288,1496,20,None,Move,browsing
1573293368.2970002,1499,21,None,Move,browsing
1573293368.305,1500,21,None,Move,browsing
1573293368.312,1502,21,None,Move,browsing
1573293368.3179998,1504,22,None,Move,browsing
1573293368.326,1506,23,None,Move,browsing
1573293368.334,1508,24,None,Move,browsing
1573293368.342,1510,25,None,Move,browsing
1573293368.35,1514,27,None,Move,browsing
1573293368.3579998,1516,27,None,Move,browsing
1573293368.3660002,1517,27,None,Move,browsing
1573293368.3739998,1519,27,None,Move,browsing
1573293368.381,1520,27,None,Move,browsing
1573293368.3879998,1522,28,None,Move,browsing
1573293368.396,1523,28,None,Move,browsing
1573293368.404,1525,28,None,Move,browsing
1573293368.4120002,1527,29,None,Move,browsing
1573293368.421,1528,30,None,Move,browsing
1573293368.429,1530,31,None,Move,browsing
1573293368.436,1532,31,None,Move,browsing
1573293368.444,1533,31,None,Move,browsing
1573293368.452,1535,32,None,Move,browsing
1573293368.46,1538,33,None,Move,browsing
1573293368.466,1544,34,None,Move,browsing
1573293368.474,1549,35,None,Move,browsing
1573293368.482,1556,36,None,Move,browsing
1573293368.49,1564,37,None,Move,browsing
1573293368.498,1572,38,None,Move,browsing
1573293368.506,1582,39,None,Move,browsing
1573293368.515,1592,41,None,Move,browsing
1573293368.521,1601,41,None,Move,browsing
1573293368.529,1611,42,None,Move,browsing
1573293368.5370002,1618,42,None,Move,browsing
1573293368.544,1626,43,None,Move,browsing
1573293368.553,1632,43,None,Move,browsing
1573293368.561,1636,44,None,Move,browsing
1573293368.5679998,1638,44,None,Move,browsing
1573293368.577,1639,44,None,Move,browsing
1573293368.754,1639,44,None,Move,browsing
1573293368.762,1639,44,None,Move,browsing
1573293368.77,1638,44,None,Move,browsing
1573293368.778,1637,44,None,Move,browsing
1573293368.786,1637,44,None,Move,browsing
1573293368.794,1635,43,None,Move,browsing
1573293368.804,1634,42,None,Move,browsing
1573293368.812,1633,41,None,Move,browsing
1573293368.82,1633,41,None,Move,browsing
1573293368.8279998,1632,40,None,Move,browsing
1573293368.836,1632,39,None,Move,browsing
1573293368.844,1631,39,None,Move,browsing
1573293368.8520002,1631,39,None,Move,browsing
1573293368.86,1630,39,None,Move,browsing
1573293368.87,1630,38,None,Move,browsing
1573293369.062,1629,38,None,Move,browsing
1573293369.1239998,1629,38,Left,Pressed,browsing
1573293369.206,1629,38,Left,Released,browsing
1573293369.24,1629,37,None,Move,browsing
1573293369.255,1628,37,None,Move,browsing
1573293372.262,1629,37,None,Move,browsing
1573293372.27,1632,37,None,Move,browsing
1573293372.278,1632,37,None,Move,browsing
1573293372.286,1630,37,None,Move,browsing
1573293372.294,1629,37,None,Move,browsing
1573293372.303,1623,39,None,Move,browsing
1573293372.31,1614,42,None,Move,browsing
1573293372.3179998,1607,42,None,Move,browsing
1573293372.324,1597,42,None,Move,browsing
1573293372.332,1589,39,None,Move,browsing
1573293372.34,1574,32,None,Move,browsing
1573293372.3479998,1549,19,None,Move,browsing
1573293372.356,1522,-4,None,Move,browsing
1573293372.3639998,1489,-25,None,Move,browsing
1573293372.3720002,1453,-26,None,Move,browsing
1573293372.38,1413,-31,None,Move,browsing
1573293372.3860002,1368,-27,None,Move,browsing
1573293372.396,1315,-38,None,Move,browsing
1573293372.408,1253,-50,None,Move,browsing
1573293372.416,1207,-32,None,Move,browsing
1573293372.423,1159,-27,None,Move,browsing
1573293372.43,1123,-26,None,Move,browsing
1573293372.438,1085,-21,None,Move,browsing
1573293372.446,1054,-13,None,Move,browsing
1573293372.455,1033,-8,None,Move,browsing
1573293372.462,1018,-9,None,Move,browsing
1573293372.471,1006,-6,None,Move,browsing
1573293372.478,994,-5,None,Move,browsing
1573293372.4870002,984,-3,None,Move,browsing
1573293372.492,974,-2,None,Move,browsing
1573293372.5,966,-3,None,Move,browsing
1573293372.5070002,962,-2,None,Move,browsing
1573293372.516,960,-1,None,Move,browsing
1573293372.525,960,0,None,Move,browsing
1573293372.5370002,959,0,None,Move,browsing
1573293372.544,958,-2,None,Move,browsing
1573293372.552,958,0,None,Move,browsing
1573293372.5579998,957,-2,None,Move,browsing
1573293372.566,955,-2,None,Move,browsing
1573293372.576,953,-1,None,Move,browsing
1573293372.583,952,-2,None,Move,browsing
1573293372.59,950,-2,None,Move,browsing
1573293372.5979998,948,-1,None,Move,browsing
1573293372.6079998,947,-1,None,Move,browsing
1573293372.6160002,945,-1,None,Move,browsing
1573293372.6220002,943,-2,None,Move,browsing
1573293372.63,943,-1,None,Move,browsing
1573293372.6379998,941,0,None,Move,browsing
1573293372.646,939,-2,None,Move,browsing
1573293372.654,939,-1,None,Move,browsing
1573293372.6620002,939,0,None,Move,browsing
1573293372.67,939,-1,None,Move,browsing
1573293372.676,938,0,None,Move,browsing
1573293372.716,938,-1,None,Move,browsing
1573293372.728,938,0,None,Move,browsing
1573293372.736,943,-2,None,Move,browsing
1573293372.746,955,-2,None,Move,browsing
1573293372.754,972,-1,None,Move,browsing
1573293372.7610002,992,-1,None,Move,browsing
1573293372.768,1018,0,None,Move,browsing
1573293372.776,1052,-2,None,Move,browsing
1573293372.785,1086,-4,None,Move,browsing
1573293372.792,1116,-2,None,Move,browsing
1573293372.799,1143,-1,None,Move,browsing
1573293372.806,1163,0,None,Move,browsing
1573293372.814,1177,0,None,Move,browsing
1573293372.822,1188,0,None,Move,browsing
1573293372.83,1195,0,None,Move,browsing
1573293372.8379998,1196,0,None,Move,browsing
1573293372.978,1196,0,Left,Pressed,browsing
1573293373.083,1196,0,Left,Released,browsing
1573293373.157,1196,0,None,Move,browsing
1573293373.164,1196,1,None,Move,browsing
1573293373.173,1196,2,None,Move,browsing
1573293373.18,1194,4,None,Move,browsing
1573293373.188,1192,7,None,Move,browsing
1573293373.197,1190,10,None,Move,browsing
1573293373.204,1188,16,None,Move,browsing
1573293373.2129998,1186,23,None,Move,browsing
1573293373.221,1182,31,None,Move,browsing
1573293373.228,1179,38,None,Move,browsing
1573293373.235,1173,47,None,Move,browsing
1573293373.2429998,1167,57,None,Move,browsing
1573293373.2510002,1162,69,None,Move,browsing
1573293373.2589998,1157,79,None,Move,browsing
1573293373.2670002,1153,92,None,Move,browsing
1573293373.275,1148,107,None,Move,browsing
1573293373.282,1141,124,None,Move,browsing
1573293373.291,1132,143,None,Move,browsing
1573293373.298,1120,162,None,Move,browsing
1573293373.304,1107,181,None,Move,browsing
1573293373.312,1096,196,None,Move,browsing
1573293373.32,1084,208,None,Move,browsing
1573293373.3279998,1073,218,None,Move,browsing
1573293373.336,1063,229,None,Move,browsing
1573293373.344,1055,238,None,Move,browsing
1573293373.353,1047,248,None,Move,browsing
1573293373.36,1040,257,None,Move,browsing
1573293373.3679998,1036,264,None,Move,browsing
1573293373.3739998,1032,271,None,Move,browsing
1573293373.3820002,1030,278,None,Move,browsing
1573293373.391,1028,284,None,Move,browsing
1573293373.397,1026,285,None,Move,browsing
1573293373.407,1025,287,None,Move,browsing
1573293373.418,1025,288,None,Move,browsing
1573293373.492,1025,288,Left,Pressed,browsing
1573293373.5779998,1025,288,Left,Released,browsing
1573293373.586,1025,288,None,Move,browsing
1573293373.64,1025,287,None,Move,browsing
1573293373.649,1026,287,None,Move,browsing
1573293373.654,1031,286,None,Move,browsing
1573293373.6620002,1038,284,None,Move,browsing
1573293373.67,1047,282,None,Move,browsing
1573293373.678,1060,279,None,Move,browsing
1573293373.686,1076,275,None,Move,browsing
1573293373.694,1094,271,None,Move,browsing
1573293373.702,1112,264,None,Move,browsing
1573293373.71,1137,251,None,Move,browsing
1573293373.718,1168,236,None,Move,browsing
1573293373.724,1200,216,None,Move,browsing
1573293373.732,1238,199,None,Move,browsing
1573293373.74,1277,173,None,Move,browsing
1573293373.748,1309,150,None,Move,browsing
1573293373.756,1339,129,None,Move,browsing
1573293373.768,1385,94,None,Move,browsing
1573293373.7770002,1402,82,None,Move,browsing
1573293373.785,1419,69,None,Move,browsing
1573293373.791,1429,62,None,Move,browsing
1573293373.798,1438,54,None,Move,browsing
1573293373.806,1446,47,None,Move,browsing
1573293373.814,1450,41,None,Move,browsing
1573293373.822,1453,34,None,Move,browsing
1573293373.83,1455,30,None,Move,browsing
1573293373.837,1457,27,None,Move,browsing
1573293373.847,1457,25,None,Move,browsing
1573293373.853,1457,21,None,Move,browsing
1573293373.861,1457,17,None,Move,browsing
1573293373.8679998,1457,15,None,Move,browsing
1573293373.877,1455,12,None,Move,browsing
1573293373.8839998,1453,9,None,Move,browsing
1573293373.8920002,1451,7,None,Move,browsing
1573293373.9,1449,4,None,Move,browsing
1573293373.908,1448,0,None,Move,browsing
1573293373.916,1448,-5,None,Move,browsing
1573293373.924,1445,-7,None,Move,browsing
1573293373.9320002,1444,-7,None,Move,browsing
1573293373.9420002,1444,-11,None,Move,browsing
1573293373.95,1444,-6,None,Move,browsing
1573293373.958,1444,-7,None,Move,browsing
1573293373.966,1444,-6,None,Move,browsing
1573293373.974,1444,-7,None,Move,browsing
1573293373.982,1444,-6,None,Move,browsing
1573293373.9910002,1444,-5,None,Move,browsing
1573293373.998,1446,-6,None,Move,browsing
1573293374.004,1449,-5,None,Move,browsing
1573293374.012,1451,-6,None,Move,browsing
1573293374.02,1453,-2,None,Move,browsing
1573293374.028,1454,-4,None,Move,browsing
1573293374.036,1456,-2,None,Move,browsing
1573293374.044,1457,-2,None,Move,browsing
1573293374.052,1458,0,None,Move,browsing
1573293374.06,1458,-2,None,Move,browsing
1573293374.069,1458,-1,None,Move,browsing
1573293374.074,1458,-1,None,Move,browsing
1573293374.202,1458,-1,Left,Pressed,browsing
1573293374.202,1458,-1,None,Drag,browsing
1573293374.202,1458,-1,Left,Released,browsing
1573293374.2770002,1458,0,None,Move,browsing
1573293374.292,1458,0,None,Move,browsing
1573293374.3,1456,-1,None,Move,browsing
1573293375.404,1456,-1,None,Move,browsing
1573293375.416,1455,0,None,Move,browsing
1573293375.424,1452,-2,None,Move,browsing
1573293375.4329998,1449,-2,None,Move,browsing
1573293375.441,1445,-2,None,Move,browsing
1573293375.448,1441,-2,None,Move,browsing
1573293375.456,1437,-2,None,Move,browsing
1573293375.462,1432,-3,None,Move,browsing
1573293375.47,1426,-3,None,Move,browsing
1573293375.478,1418,-4,None,Move,browsing
1573293375.4870002,1409,-6,None,Move,browsing
1573293375.498,1391,-9,None,Move,browsing
1573293375.506,1381,-7,None,Move,browsing
1573293375.514,1371,-5,None,Move,browsing
1573293375.522,1364,-2,None,Move,browsing
1573293375.53,1355,-2,None,Move,browsing
1573293375.536,1349,-3,None,Move,browsing
1573293375.545,1345,-2,None,Move,browsing
1573293375.552,1341,-2,None,Move,browsing
1573293375.56,1339,-1,None,Move,browsing
1573293375.5679998,1337,-2,None,Move,browsing
1573293375.577,1336,-1,None,Move,browsing
1573293375.584,1334,-1,None,Move,browsing
1573293375.593,1333,0,None,Move,browsing
1573293375.601,1333,-1,None,Move,browsing
1573293375.607,1332,-1,None,Move,browsing
1573293375.6139998,1330,-1,None,Move,browsing
1573293375.6220002,1329,-1,None,Move,browsing
1573293375.63,1326,-1,None,Move,browsing
1573293375.639,1323,-2,None,Move,browsing
1573293375.646,1321,-2,None,Move,browsing
1573293375.654,1316,-2,None,Move,browsing
1573293375.6620002,1310,-2,None,Move,browsing
1573293375.668,1303,-2,None,Move,browsing
1573293375.676,1296,-3,None,Move,browsing
1573293375.684,1291,-2,None,Move,browsing
1573293375.6929998,1285,-2,None,Move,browsing
1573293375.7,1280,-2,None,Move,browsing
1573293375.709,1275,-2,None,Move,browsing
1573293375.717,1272,-2,None,Move,browsing
1573293375.724,1270,-2,None,Move,browsing
1573293375.732,1269,-1,None,Move,browsing
1573293375.7410002,1267,-1,None,Move,browsing
1573293375.746,1264,-2,None,Move,browsing
1573293375.755,1263,-1,None,Move,browsing
1573293375.7629998,1261,-2,None,Move,browsing
1573293375.77,1259,0,None,Move,browsing
1573293375.779,1257,-2,None,Move,browsing
1573293375.786,1256,-1,None,Move,browsing
1573293375.795,1254,-1,None,Move,browsing
1573293375.802,1254,0,None,Move,browsing
1573293375.814,1253,0,None,Move,browsing
1573293377.3839998,1253,0,None,Move,browsing
1573293377.3920002,1253,2,None,Move,browsing
1573293377.4,1253,2,None,Move,browsing
1573293377.408,1255,4,None,Move,browsing
1573293377.416,1256,6,None,Move,browsing
1573293377.424,1257,7,None,Move,browsing
1573293377.431,1259,9,None,Move,browsing
1573293377.44,1261,11,None,Move,browsing
1573293377.457,1265,15,None,Move,browsing
1573293377.467,1268,17,None,Move,browsing
1573293377.4770002,1271,20,None,Move,browsing
1573293377.488,1282,28,None,Move,browsing
1573293377.4970002,1289,34,None,Move,browsing
1573293377.5070002,1297,41,None,Move,browsing
1573293377.5129998,1306,49,None,Move,browsing
1573293377.52,1316,57,None,Move,browsing
1573293377.525,1327,64,None,Move,browsing
1573293377.532,1339,74,None,Move,browsing
1573293377.54,1357,86,None,Move,browsing
1573293377.549,1376,99,None,Move,browsing
1573293377.559,1399,113,None,Move,browsing
1573293377.564,1424,127,None,Move,browsing
1573293377.573,1447,141,None,Move,browsing
1573293377.577,1467,154,None,Move,browsing
1573293377.586,1486,168,None,Move,browsing
1573293377.594,1507,183,None,Move,browsing
1573293377.6020002,1527,198,None,Move,browsing
1573293377.61,1539,209,None,Move,browsing
1573293377.6179998,1546,216,None,Move,browsing
1573293377.6260002,1551,223,None,Move,browsing
1573293377.6339998,1555,229,None,Move,browsing
1573293377.641,1558,235,None,Move,browsing
1573293377.653,1563,240,None,Move,browsing
1573293377.663,1567,246,None,Move,browsing
1573293377.6720002,1570,250,None,Move,browsing
1573293377.678,1572,254,None,Move,browsing
1573293377.684,1577,259,None,Move,browsing
1573293377.69,1578,260,None,Move,browsing
1573293377.696,1580,262,None,Move,browsing
1573293377.704,1582,264,None,Move,browsing
1573293377.71,1583,265,None,Move,browsing
1573293377.718,1584,267,None,Move,browsing
1573293377.726,1586,269,None,Move,browsing
1573293377.734,1586,269,None,Move,browsing
1573293377.7429998,1587,271,None,Move,browsing
1573293377.75,1587,272,None,Move,browsing
1573293377.7570002,1587,272,None,Move,browsing
1573293377.766,1587,272,None,Move,browsing
1573293377.775,1587,273,None,Move,browsing
1573293377.825,1587,274,None,Move,browsing
1573293377.8379998,1587,274,None,Move,browsing
1573293377.847,1586,274,None,Move,browsing
1573293377.8579998,1586,274,None,Move,browsing
1573293377.8660002,1585,274,None,Move,browsing
1573293377.8739998,1583,274,None,Move,browsing
1573293377.883,1583,274,None,Move,browsing
1573293377.89,1581,273,None,Move,browsing
1573293377.8979998,1581,273,None,Move,browsing
1573293377.907,1579,272,None,Move,browsing
1573293377.9120002,1577,271,None,Move,browsing
1573293377.92,1576,270,None,Move,browsing
1573293377.929,1574,269,None,Move,browsing
1573293377.936,1572,269,None,Move,browsing
1573293377.944,1571,268,None,Move,browsing
1573293377.9529998,1569,267,None,Move,browsing
1573293377.961,1568,266,None,Move,browsing
1573293377.968,1566,266,None,Move,browsing
1573293377.9770002,1564,265,None,Move,browsing
1573293377.982,1563,264,None,Move,browsing
1573293377.99,1562,264,None,Move,browsing
1573293377.998,1561,264,None,Move,browsing
1573293378.0070002,1561,263,None,Move,browsing
1573293378.056,1560,263,None,Move,browsing
1573293378.187,1559,263,None,Move,browsing
1573293378.197,1559,263,None,Move,browsing
1573293378.205,1558,264,None,Move,browsing
1573293378.2129998,1556,266,None,Move,browsing
1573293378.221,1556,267,None,Move,browsing
1573293378.229,1554,269,None,Move,browsing
1573293378.2370002,1553,271,None,Move,browsing
1573293378.245,1551,272,None,Move,browsing
1573293378.2529998,1550,274,None,Move,browsing
1573293378.2610002,1548,276,None,Move,browsing
1573293378.266,1546,277,None,Move,browsing
1573293378.275,1545,278,None,Move,browsing
1573293378.282,1544,279,None,Move,browsing
1573293378.291,1543,280,None,Move,browsing
1573293378.299,1541,282,None,Move,browsing
1573293378.3070002,1541,283,None,Move,browsing
1573293378.314,1541,284,None,Move,browsing
1573293378.322,1540,285,None,Move,browsing
1573293378.33,1540,286,None,Move,browsing
1573293378.337,1539,286,None,Move,browsing
1573293378.344,1539,287,None,Move,browsing
1573293378.3520002,1539,288,None,Move,browsing
1573293378.36,1539,288,None,Move,browsing
1573293378.3679998,1539,289,None,Move,browsing
1573293378.3760002,1539,290,None,Move,browsing
1573293378.3839998,1539,291,None,Move,browsing
1573293378.3920002,1539,292,None,Move,browsing
1573293378.4020002,1539,293,None,Move,browsing
1573293378.41,1539,293,None,Move,browsing
1573293378.4220002,1539,294,None,Move,browsing
1573293378.45,1539,295,None,Move,browsing
1573293378.476,1539,295,None,Move,browsing
1573293378.488,1539,296,None,Move,browsing
1573293378.554,1539,297,None,Move,browsing
1573293378.566,1539,297,None,Move,browsing
1573293378.591,1538,298,None,Move,browsing
1573293378.5979998,1538,299,None,Move,browsing
1573293378.6120002,1537,299,None,Move,browsing
1573293378.6239998,1537,300,None,Move,browsing
1573293378.6320002,1537,301,None,Move,browsing
1573293378.64,1537,301,None,Move,browsing
1573293378.647,1536,302,None,Move,browsing
1573293378.656,1534,303,None,Move,browsing
1573293378.667,1534,304,None,Move,browsing
1573293378.675,1532,304,None,Move,browsing
1573293378.686,1532,305,None,Move,browsing
1573293378.7229998,1527,306,None,Move,browsing
1573293378.7410002,1523,306,None,Move,browsing
1573293378.752,1521,306,None,Move,browsing
1573293378.765,1516,306,None,Move,browsing
1573293378.7729998,1513,306,None,Move,browsing
1573293378.779,1511,306,None,Move,browsing
1573293378.786,1506,306,None,Move,browsing
1573293378.792,1503,306,None,Move,browsing
1573293378.8,1498,304,None,Move,browsing
1573293378.8079998,1492,302,None,Move,browsing
1573293378.814,1486,300,None,Move,browsing
1573293378.822,1481,299,None,Move,browsing
1573293378.83,1477,298,None,Move,browsing
1573293378.8379998,1472,297,None,Move,browsing
1573293378.846,1465,295,None,Move,browsing
1573293378.854,1458,294,None,Move,browsing
1573293378.8620002,1450,291,None,Move,browsing
1573293378.87,1445,290,None,Move,browsing
1573293378.8779998,1441,289,None,Move,browsing
1573293378.885,1439,289,None,Move,browsing
1573293378.8920002,1437,289,None,Move,browsing
1573293378.9,1435,288,None,Move,browsing
1573293378.908,1434,288,None,Move,browsing
1573293379.084,1433,288,None,Move,browsing
1573293379.092,1432,288,None,Move,browsing
1573293379.0979998,1432,288,None,Move,browsing
1573293379.107,1430,288,None,Move,browsing
1573293379.115,1429,288,None,Move,browsing
1573293379.123,1427,288,None,Move,browsing
1573293379.131,1425,288,None,Move,browsing
1573293379.1379998,1420,288,None,Move,browsing
1573293379.147,1412,288,None,Move,browsing
1573293379.155,1403,285,None,Move,browsing
1573293379.163,1392,284,None,Move,browsing
1573293379.168,1377,281,None,Move,browsing
1573293379.177,1361,279,None,Move,browsing
1573293379.184,1343,276,None,Move,browsing
1573293379.1929998,1319,273,None,Move,browsing
1573293379.2,1288,269,None,Move,browsing
1573293379.208,1254,265,None,Move,browsing
1573293379.216,1211,263,None,Move,browsing
1573293379.224,1171,261,None,Move,browsing
1573293379.232,1128,257,None,Move,browsing
1573293379.2389998,1078,253,None,Move,browsing
1573293379.246,1019,251,None,Move,browsing
1573293379.255,969,248,None,Move,browsing
1573293379.262,919,244,None,Move,browsing
1573293379.271,877,242,None,Move,browsing
1573293379.278,834,242,None,Move,browsing
1573293379.2870002,788,240,None,Move,browsing
1573293379.295,761,238,None,Move,browsing
1573293379.3,737,237,None,Move,browsing
1573293379.3079998,720,237,None,Move,browsing
1573293379.316,707,237,None,Move,browsing
1573293379.324,697,237,None,Move,browsing
1573293379.332,689,239,None,Move,browsing
1573293379.341,682,240,None,Move,browsing
1573293379.347,679,240,None,Move,browsing
1573293379.356,679,240,None,Move,browsing
1573293379.365,678,240,None,Move,browsing
1573293379.41,678,241,None,Move,browsing
1573293379.46,677,242,None,Move,browsing
1573293379.484,677,242,None,Move,browsing
1573293379.492,679,242,None,Move,browsing
1573293379.5,682,242,None,Move,browsing
1573293379.506,684,241,None,Move,browsing
1573293379.514,685,240,None,Move,browsing
1573293379.522,687,239,None,Move,browsing
1573293379.53,689,239,None,Move,browsing
1573293379.538,690,238,None,Move,browsing
1573293379.5470002,692,237,None,Move,browsing
1573293379.555,693,236,None,Move,browsing
1573293379.562,694,236,None,Move,browsing
1573293379.57,696,235,None,Move,browsing
1573293379.5779998,697,235,None,Move,browsing
1573293379.584,699,235,None,Move,browsing
1573293379.592,700,235,None,Move,browsing
1573293379.6,702,235,None,Move,browsing
1573293379.6079998,704,235,None,Move,browsing
1573293379.6160002,704,236,None,Move,browsing
1573293379.6239998,705,237,None,Move,browsing
1573293379.6320002,706,237,None,Move,browsing
1573293379.64,706,237,None,Move,browsing
1573293379.687,708,237,None,Move,browsing
1573293379.695,711,235,None,Move,browsing
1573293379.702,715,233,None,Move,browsing
1573293379.711,718,231,None,Move,browsing
1573293379.716,721,228,None,Move,browsing
1573293379.725,727,222,None,Move,browsing
1573293379.732,733,216,None,Move,browsing
1573293379.7410002,736,211,None,Move,browsing
1573293379.748,738,207,None,Move,browsing
1573293379.7570002,740,203,None,Move,browsing
1573293379.765,742,199,None,Move,browsing
1573293379.7729998,744,195,None,Move,browsing
1573293379.781,744,191,None,Move,browsing
1573293379.786,744,188,None,Move,browsing
1573293379.795,743,184,None,Move,browsing
1573293379.802,742,177,None,Move,browsing
1573293379.811,740,172,None,Move,browsing
1573293379.8179998,738,165,None,Move,browsing
1573293379.827,736,158,None,Move,browsing
1573293379.834,733,149,None,Move,browsing
1573293379.843,731,141,None,Move,browsing
1573293379.85,728,133,None,Move,browsing
1573293379.857,726,124,None,Move,browsing
1573293379.865,723,116,None,Move,browsing
1573293379.8720002,722,109,None,Move,browsing
1573293379.881,720,104,None,Move,browsing
1573293379.8879998,718,100,None,Move,browsing
1573293379.897,717,98,None,Move,browsing
1573293379.905,717,96,None,Move,browsing
1573293379.9120002,717,96,None,Move,browsing
1573293379.921,717,95,None,Move,browsing
1573293379.926,716,94,None,Move,browsing
1573293379.934,715,92,None,Move,browsing
1573293379.9429998,715,91,None,Move,browsing
1573293379.95,714,91,None,Move,browsing
1573293379.958,714,90,None,Move,browsing
1573293379.967,714,89,None,Move,browsing
1573293379.975,714,88,None,Move,browsing
1573293379.9829998,714,87,None,Move,browsing
1573293379.99,714,86,None,Move,browsing
1573293379.996,714,84,None,Move,browsing
1573293380.004,713,82,None,Move,browsing
1573293380.012,713,82,None,Move,browsing
1573293380.02,712,81,None,Move,browsing
1573293380.028,712,80,None,Move,browsing
1573293380.041,712,80,None,Move,browsing
1573293380.091,712,80,Left,Pressed,browsing
1573293380.168,712,80,Left,Released,browsing
1573293380.266,712,79,None,Move,browsing
1573293380.2770002,712,78,None,Move,browsing
1573293380.284,713,78,None,Move,browsing
1573293383.8579998,713,77,None,Move,browsing
1573293383.869,714,74,None,Move,browsing
1573293383.8779998,716,72,None,Move,browsing
1573293383.885,717,70,None,Move,browsing
1573293383.893,717,69,None,Move,browsing
1573293383.94,717,69,None,Move,browsing
1573293384.002,717,69,None,Move,browsing
1573293384.014,717,69,None,Move,browsing
1573293384.022,716,70,None,Move,browsing
1573293384.03,717,70,None,Move,browsing
1573293384.038,718,70,None,Move,browsing
1573293384.19,718,70,None,Move,browsing
1573293384.2,720,71,None,Move,browsing
1573293384.208,722,74,None,Move,browsing
1573293384.216,725,79,None,Move,browsing
1573293384.224,727,84,None,Move,browsing
1573293384.232,730,91,None,Move,browsing
1573293384.24,733,98,None,Move,browsing
1573293384.248,738,105,None,Move,browsing
1573293384.2570002,741,112,None,Move,browsing
1573293384.265,743,119,None,Move,browsing
1573293384.27,748,126,None,Move,browsing
1573293384.279,753,134,None,Move,browsing
1573293384.286,757,141,None,Move,browsing
1573293384.294,760,149,None,Move,browsing
1573293384.302,765,157,None,Move,browsing
1573293384.311,769,164,None,Move,browsing
1573293384.3179998,771,171,None,Move,browsing
1573293384.326,773,174,None,Move,browsing
1573293384.334,775,177,None,Move,browsing
1573293384.341,776,179,None,Move,browsing
1573293384.3479998,777,181,None,Move,browsing
1573293384.356,779,183,None,Move,browsing
1573293384.3639998,780,185,None,Move,browsing
1573293384.3720002,782,187,None,Move,browsing
1573293384.38,783,188,None,Move,browsing
1573293384.3879998,785,191,None,Move,browsing
1573293384.396,787,193,None,Move,browsing
1573293384.404,789,194,None,Move,browsing
1573293384.411,791,196,None,Move,browsing
1573293384.418,793,198,None,Move,browsing
1573293384.426,795,200,None,Move,browsing
1573293384.434,796,201,None,Move,browsing
1573293384.4429998,799,203,None,Move,browsing
1573293384.451,802,206,None,Move,browsing
1573293384.458,805,210,None,Move,browsing
1573293384.467,809,214,None,Move,browsing
1573293384.474,811,218,None,Move,browsing
1573293384.481,814,221,None,Move,browsing
1573293384.488,817,224,None,Move,browsing
1573293384.496,819,228,None,Move,browsing
1573293384.504,821,232,None,Move,browsing
1573293384.512,823,236,None,Move,browsing
1573293384.52,825,239,None,Move,browsing
1573293384.528,830,243,None,Move,browsing
1573293384.536,836,248,None,Move,browsing
1573293384.544,842,253,None,Move,browsing
1573293384.551,849,261,None,Move,browsing
1573293384.559,853,265,None,Move,browsing
1573293384.5670002,858,270,None,Move,browsing
1573293384.575,863,274,None,Move,browsing
1573293384.582,868,278,None,Move,browsing
1573293384.591,874,283,None,Move,browsing
1573293384.5979998,877,287,None,Move,browsing
1573293384.606,879,289,None,Move,browsing
1573293384.613,881,291,None,Move,browsing
1573293384.62,883,292,None,Move,browsing
1573293384.6279998,884,294,None,Move,browsing
1573293384.637,886,296,None,Move,browsing
1573293384.645,888,298,None,Move,browsing
1573293384.653,890,299,None,Move,browsing
1573293384.661,891,301,None,Move,browsing
1573293384.669,893,303,None,Move,browsing
1573293384.677,895,304,None,Move,browsing
1573293384.6829998,896,306,None,Move,browsing
1573293384.69,897,307,None,Move,browsing
1573293385.064,898,307,None,Move,browsing
1573293385.072,900,307,None,Move,browsing
1573293385.08,905,306,None,Move,browsing
1573293385.0879998,909,306,None,Move,browsing
1573293385.097,914,305,None,Move,browsing
1573293385.1020002,917,304,None,Move,browsing
1573293385.11,923,303,None,Move,browsing
1573293385.1179998,925,302,None,Move,browsing
1573293385.1260002,928,302,None,Move,browsing
1573293385.1339998,929,301,None,Move,browsing
1573293385.1420002,931,301,None,Move,browsing
1573293385.151,932,301,None,Move,browsing
1573293385.158,933,301,None,Move,browsing
1573293385.4420002,933,301,None,Move,browsing
1573293385.472,934,302,None,Move,browsing
1573293385.484,934,303,None,Move,browsing
1573293385.492,935,303,None,Move,browsing
1573293385.592,935,303,None,Move,browsing
1573293385.6320002,936,303,None,Move,browsing
1573293386.218,937,303,None,Move,browsing
1573293386.226,938,303,None,Move,browsing
1573293386.234,940,303,None,Move,browsing
1573293386.2429998,941,303,None,Move,browsing
1573293386.25,943,303,None,Move,browsing
1573293386.258,944,302,None,Move,browsing
1573293386.2670002,946,301,None,Move,browsing
1573293386.275,948,299,None,Move,browsing
1573293386.283,949,298,None,Move,browsing
1573293386.29,951,297,None,Move,browsing
1573293386.2970002,953,296,None,Move,browsing
1573293386.305,954,294,None,Move,browsing
1573293386.312,956,293,None,Move,browsing
1573293386.32,958,292,None,Move,browsing
1573293386.3279998,960,290,None,Move,browsing
1573293386.337,961,289,None,Move,browsing
1573293386.345,963,287,None,Move,browsing
1573293386.353,965,287,None,Move,browsing
1573293386.361,966,285,None,Move,browsing
1573293386.367,968,283,None,Move,browsing
1573293386.3739998,970,282,None,Move,browsing
1573293386.383,971,280,None,Move,browsing
1573293386.391,973,280,None,Move,browsing
1573293386.3979998,975,279,None,Move,browsing
1573293386.406,976,279,None,Move,browsing
1573293386.415,977,279,None,Move,browsing
1573293386.426,977,278,None,Move,browsing
1573293386.437,978,278,None,Move,browsing
1573293386.585,979,278,None,Move,browsing
1573293386.6,979,278,None,Move,browsing
1573293386.6120002,979,278,None,Move,browsing
1573293386.765,980,279,None,Move,browsing
1573293386.778,981,279,None,Move,browsing
1573293386.7870002,982,280,None,Move,browsing
1573293386.794,982,281,None,Move,browsing
1573293386.802,982,282,None,Move,browsing
1573293386.81,982,283,None,Move,browsing
1573293386.8179998,983,284,None,Move,browsing
1573293386.831,983,284,None,Move,browsing
1573293386.844,984,284,None,Move,browsing
1573293386.934,984,285,None,Move,browsing
1573293386.946,984,286,None,Move,browsing
1573293387.226,984,286,None,Move,browsing
1573293387.235,984,287,None,Move,browsing
1573293387.242,984,288,None,Move,browsing
1573293387.25,985,288,None,Move,browsing
1573293387.258,985,289,None,Move,browsing
1573293387.266,985,290,None,Move,browsing
1573293387.371,984,288,None,Move,browsing
1573293387.3779998,978,280,None,Move,browsing
1573293387.3860002,967,270,None,Move,browsing
1573293387.394,951,251,None,Move,browsing
1573293387.4,927,228,None,Move,browsing
1573293387.408,904,204,None,Move,browsing
1573293387.416,880,174,None,Move,browsing
1573293387.424,848,139,None,Move,browsing
1573293387.4320002,824,112,None,Move,browsing
1573293387.44,803,85,None,Move,browsing
1573293387.448,774,54,None,Move,browsing
1573293387.457,749,21,None,Move,browsing
1573293387.464,724,-15,None,Move,browsing
1573293387.47,693,-37,None,Move,browsing
1573293387.478,669,-31,None,Move,browsing
1573293387.486,654,-20,None,Move,browsing
1573293387.494,645,-13,None,Move,browsing
1573293387.502,637,-11,None,Move,browsing
1573293387.51,632,-7,None,Move,browsing
1573293387.518,629,-4,None,Move,browsing
1573293387.526,627,-3,None,Move,browsing
1573293387.534,625,-1,None,Move,browsing
1573293387.542,624,-2,None,Move,browsing
1573293387.556,624,-1,None,Move,browsing
1573293387.6079998,624,0,None,Move,browsing
1573293387.6179998,624,-1,None,Move,browsing
1573293387.6260002,624,-1,None,Move,browsing
1573293387.674,624,0,Left,Pressed,browsing
1573293387.762,624,0,Left,Released,browsing
1573293387.8479998,624,-1,None,Move,browsing
1573293388.016,624,0,None,Move,browsing
1573293388.0370002,624,1,None,Move,browsing
1573293388.178,624,2,None,Move,browsing
1573293388.194,624,2,None,Move,browsing
1573293388.218,623,2,None,Move,browsing
1573293388.246,623,3,None,Move,browsing
1573293388.268,623,4,None,Move,browsing
1573293388.3660002,623,4,None,Move,browsing
1573293388.3920002,622,5,None,Move,browsing
1573293388.404,622,6,None,Move,browsing
1573293388.4120002,622,6,None,Move,browsing
1573293388.419,622,7,None,Move,browsing
1573293388.428,622,8,None,Move,browsing
1573293388.436,622,8,None,Move,browsing
1573293388.444,623,10,None,Move,browsing
1573293388.455,625,12,None,Move,browsing
1573293388.462,626,13,None,Move,browsing
1573293388.468,629,15,None,Move,browsing
1573293388.474,631,18,None,Move,browsing
1573293388.482,637,21,None,Move,browsing
1573293388.49,645,28,None,Move,browsing
1573293388.498,655,36,None,Move,browsing
1573293388.506,668,44,None,Move,browsing
1573293388.514,682,52,None,Move,browsing
1573293388.522,700,63,None,Move,browsing
1573293388.528,719,76,None,Move,browsing
1573293388.536,745,90,None,Move,browsing
1573293388.544,768,106,None,Move,browsing
1573293388.552,786,123,None,Move,browsing
1573293388.56,810,141,None,Move,browsing
1573293388.5679998,833,159,None,Move,browsing
1573293388.576,857,179,None,Move,browsing
1573293388.585,874,198,None,Move,browsing
1573293388.594,886,208,None,Move,browsing
1573293388.601,898,220,None,Move,browsing
1573293388.607,908,231,None,Move,browsing
1573293388.6160002,919,242,None,Move,browsing
1573293388.6239998,927,250,None,Move,browsing
1573293388.6339998,941,263,None,Move,browsing
1573293388.6420002,948,271,None,Move,browsing
1573293388.65,956,277,None,Move,browsing
1573293388.658,960,283,None,Move,browsing
1573293388.666,964,286,None,Move,browsing
1573293388.674,968,290,None,Move,browsing
1573293388.6829998,972,294,None,Move,browsing
1573293388.689,979,302,None,Move,browsing
1573293388.697,987,311,None,Move,browsing
1573293388.704,995,318,None,Move,browsing
1573293388.7129998,1001,325,None,Move,browsing
1573293388.7229998,1005,331,None,Move,browsing
1573293388.7329998,1010,337,None,Move,browsing
1573293388.7389998,1014,340,None,Move,browsing
1573293388.746,1016,343,None,Move,browsing
1573293388.752,1019,346,None,Move,browsing
1573293388.758,1023,350,None,Move,browsing
1573293388.766,1028,356,None,Move,browsing
1573293388.774,1032,363,None,Move,browsing
1573293388.782,1036,368,None,Move,browsing
1573293388.792,1040,374,None,Move,browsing
1573293388.798,1048,380,None,Move,browsing
1573293388.806,1054,386,None,Move,browsing
1573293388.814,1061,391,None,Move,browsing
1573293388.821,1068,399,None,Move,browsing
1573293388.827,1076,405,None,Move,browsing
1573293388.836,1083,409,None,Move,browsing
1573293388.844,1090,414,None,Move,browsing
1573293388.8520002,1095,416,None,Move,browsing
1573293388.86,1101,421,None,Move,browsing
1573293388.8679998,1106,425,None,Move,browsing
1573293388.8760002,1110,430,None,Move,browsing
1573293388.8839998,1113,434,None,Move,browsing
1573293388.8920002,1116,437,None,Move,browsing
1573293388.8979998,1119,441,None,Move,browsing
1573293388.906,1125,445,None,Move,browsing
1573293388.914,1130,450,None,Move,browsing
1573293388.9220002,1136,456,None,Move,browsing
1573293388.931,1142,462,None,Move,browsing
1573293388.938,1150,468,None,Move,browsing
1573293388.946,1153,472,None,Move,browsing
1573293388.954,1157,477,None,Move,browsing
1573293388.962,1161,480,None,Move,browsing
1573293388.969,1163,481,None,Move,browsing
1573293388.976,1166,484,None,Move,browsing
1573293388.984,1169,487,None,Move,browsing
1573293388.992,1170,489,None,Move,browsing
1573293389.0,1172,490,None,Move,browsing
1573293389.008,1174,492,None,Move,browsing
1573293389.016,1175,495,None,Move,browsing
1573293389.024,1177,499,None,Move,browsing
1573293389.032,1179,502,None,Move,browsing
1573293389.04,1182,505,None,Move,browsing
1573293389.0470002,1184,507,None,Move,browsing
1573293389.0570002,1185,509,None,Move,browsing
1573293389.064,1186,510,None,Move,browsing
1573293389.07,1188,512,None,Move,browsing
1573293389.0779998,1189,513,None,Move,browsing
1573293389.1020002,1189,513,None,Move,browsing
1573293389.1160002,1189,514,None,Move,browsing
1573293389.1239998,1191,515,None,Move,browsing
1573293389.133,1191,516,None,Move,browsing
1573293389.14,1192,516,None,Move,browsing
1573293389.214,1192,517,None,Move,browsing
1573293389.252,1193,517,None,Move,browsing
1573293389.26,1194,518,None,Move,browsing
1573293389.268,1195,518,None,Move,browsing
1573293389.28,1196,518,None,Move,browsing
1573293389.288,1196,518,None,Move,browsing
1573293389.33,1196,518,None,Move,browsing
1573293417.4910002,1197,518,None,Move,browsing
1573293417.498,1199,518,None,Move,browsing
1573293417.506,1201,518,None,Move,browsing
1573293417.514,1202,517,None,Move,browsing
1573293417.522,1202,515,None,Move,browsing
1573293417.531,1202,509,None,Move,browsing
1573293417.539,1203,501,None,Move,browsing
1573293417.545,1209,492,None,Move,browsing
1573293417.553,1219,482,None,Move,browsing
1573293417.561,1226,463,None,Move,browsing
1573293417.569,1236,430,None,Move,browsing
1573293417.577,1240,389,None,Move,browsing
1573293417.585,1244,346,None,Move,browsing
1573293417.592,1243,290,None,Move,browsing
1573293417.601,1233,230,None,Move,browsing
1573293417.6079998,1219,169,None,Move,browsing
1573293417.615,1210,99,None,Move,browsing
1573293417.623,1190,31,None,Move,browsing
1573293417.63,1176,-36,None,Move,browsing
1573293417.6379998,1166,-64,None,Move,browsing
1573293417.646,1162,-53,None,Move,browsing
1573293417.654,1151,-45,None,Move,browsing
1573293417.663,1149,-33,None,Move,browsing
1573293417.67,1148,-24,None,Move,browsing
1573293417.676,1150,-19,None,Move,browsing
1573293417.684,1152,-14,None,Move,browsing
1573293417.6929998,1155,-10,None,Move,browsing
1573293417.7,1157,-10,None,Move,browsing
1573293417.709,1159,-7,None,Move,browsing
1573293417.716,1162,-7,None,Move,browsing
1573293417.725,1164,-5,None,Move,browsing
1573293417.7329998,1166,-4,None,Move,browsing
1573293417.7410002,1168,-4,None,Move,browsing
1573293417.7489998,1170,-3,None,Move,browsing
1573293417.754,1172,-3,None,Move,browsing
1573293417.7629998,1174,-4,None,Move,browsing
1573293417.771,1176,-2,None,Move,browsing
1573293417.778,1178,-3,None,Move,browsing
1573293417.7870002,1180,-2,None,Move,browsing
1573293417.795,1181,-1,None,Move,browsing
1573293417.803,1181,-2,None,Move,browsing
1573293417.811,1181,-2,None,Move,browsing
1573293417.819,1182,-1,None,Move,browsing
1573293417.825,1182,-2,None,Move,browsing
1573293417.833,1182,-1,None,Move,browsing
1573293417.84,1182,-2,None,Move,browsing
1573293417.8479998,1182,-1,None,Move,browsing
1573293417.857,1183,-2,None,Move,browsing
1573293417.865,1183,-1,None,Move,browsing
1573293417.873,1183,0,None,Move,browsing
1573293417.881,1183,-2,None,Move,browsing
1573293417.887,1183,-1,None,Move,browsing
1573293417.895,1183,-1,None,Move,browsing
1573293417.968,1183,-1,Left,Pressed,browsing
1573293417.968,1183,-1,None,Drag,browsing
1573293417.968,1183,-1,Left,Released,browsing
1573293418.186,1184,0,None,Move,browsing
1573293418.194,1184,0,None,Move,browsing
1573293418.202,1186,0,None,Move,browsing
1573293418.21,1187,1,None,Move,browsing
1573293418.218,1189,3,None,Move,browsing
1573293418.226,1191,3,None,Move,browsing
1573293418.232,1192,4,None,Move,browsing
1573293418.24,1193,5,None,Move,browsing
1573293418.248,1195,6,None,Move,browsing
1573293418.256,1196,7,None,Move,browsing
1573293418.264,1199,8,None,Move,browsing
1573293418.272,1203,9,None,Move,browsing
1573293418.281,1209,10,None,Move,browsing
1573293418.288,1216,10,None,Move,browsing
1573293418.2970002,1222,10,None,Move,browsing
1573293418.305,1228,10,None,Move,browsing
1573293418.311,1233,9,None,Move,browsing
1573293418.319,1237,8,None,Move,browsing
1573293418.327,1240,7,None,Move,browsing
1573293418.335,1242,5,None,Move,browsing
1573293418.342,1243,5,None,Move,browsing
1573293418.351,1245,5,None,Move,browsing
1573293418.3579998,1247,4,None,Move,browsing
1573293418.367,1248,4,None,Move,browsing
1573293418.3739998,1250,3,None,Move,browsing
1573293418.381,1251,3,None,Move,browsing
1573293418.3879998,1253,2,None,Move,browsing
1573293418.397,1255,1,None,Move,browsing
1573293418.405,1256,1,None,Move,browsing
1573293418.413,1258,1,None,Move,browsing
1573293418.421,1259,1,None,Move,browsing
1573293418.429,1260,1,None,Move,browsing
1573293418.436,1261,1,None,Move,browsing
1573293418.454,1262,1,None,Move,browsing
1573293418.462,1262,1,None,Move,browsing
1573293418.471,1262,6,None,Move,browsing
1573293418.478,1262,13,None,Move,browsing
1573293418.4870002,1260,20,None,Move,browsing
1573293418.495,1258,30,None,Move,browsing
1573293418.5029998,1255,40,None,Move,browsing
1573293418.5110002,1249,51,None,Move,browsing
1573293418.5170002,1240,69,None,Move,browsing
1573293418.524,1231,87,None,Move,browsing
1573293418.533,1220,106,None,Move,browsing
1573293418.54,1210,125,None,Move,browsing
1573293418.549,1204,148,None,Move,browsing
1573293418.556,1196,168,None,Move,browsing
1573293418.565,1183,196,None,Move,browsing
1573293418.572,1168,222,None,Move,browsing
1573293418.581,1151,242,None,Move,browsing
1573293418.587,1134,268,None,Move,browsing
1573293418.595,1119,297,None,Move,browsing
1573293418.603,1110,323,None,Move,browsing
1573293418.611,1105,340,None,Move,browsing
1573293418.619,1101,355,None,Move,browsing
1573293418.6260002,1097,364,None,Move,browsing
1573293418.635,1095,370,None,Move,browsing
1573293418.6420002,1094,377,None,Move,browsing
1573293418.6479998,1093,380,None,Move,browsing
1573293418.656,1092,381,None,Move,browsing
1573293418.665,1092,382,None,Move,browsing
1573293418.6720002,1092,384,None,Move,browsing
1573293418.6829998,1092,385,Left,Pressed,browsing
1573293418.6829998,1092,385,None,Drag,browsing
1573293418.689,1092,387,None,Drag,browsing
1573293418.696,1092,387,None,Drag,browsing
1573293418.696,1092,387,Left,Released,browsing
1573293418.771,1092,387,None,Move,browsing
1573293418.782,1091,387,None,Move,browsing
1573293418.8739998,1091,387,None,Move,browsing
1573293418.883,1092,387,None,Move,browsing
1573293418.891,1093,386,None,Move,browsing
1573293418.899,1095,384,None,Move,browsing
1573293418.906,1097,383,None,Move,browsing
1573293418.915,1098,381,None,Move,browsing
1573293418.9220002,1099,379,None,Move,browsing
1573293418.931,1101,378,None,Move,browsing
1573293418.936,1102,376,None,Move,browsing
1573293418.944,1104,375,None,Move,browsing
1573293418.952,1105,374,None,Move,browsing
1573293418.96,1106,374,None,Move,browsing
1573293419.042,1106,374,None,Move,browsing
1573293419.055,1106,375,None,Move,browsing
1573293419.063,1106,376,None,Move,browsing
1573293419.07,1106,376,None,Move,browsing
1573293419.076,1106,378,None,Move,browsing
1573293419.084,1104,379,None,Move,browsing
1573293419.092,1103,379,None,Move,browsing
1573293419.101,1101,379,None,Move,browsing
1573293419.1079998,1098,379,None,Move,browsing
1573293419.117,1094,379,None,Move,browsing
1573293419.1239998,1088,377,None,Move,browsing
1573293419.1320002,1081,375,None,Move,browsing
1573293419.14,1074,373,None,Move,browsing
1573293419.146,1067,370,None,Move,browsing
1573293419.154,1060,368,None,Move,browsing
1573293419.1620002,1054,366,None,Move,browsing
1573293419.171,1047,363,None,Move,browsing
1573293419.178,1043,361,None,Move,browsing
1573293419.187,1039,360,None,Move,browsing
1573293419.194,1035,358,None,Move,browsing
1573293419.202,1033,357,None,Move,browsing
1573293419.21,1033,357,None,Move,browsing
1573293419.216,1031,357,None,Move,browsing
1573293419.272,1030,357,None,Move,browsing
1573293419.278,1030,357,None,Move,browsing
1573293419.2870002,1030,359,None,Move,browsing
1573293419.295,1030,360,None,Move,browsing
1573293419.303,1030,361,None,Move,browsing
1573293419.31,1030,362,None,Move,browsing
1573293419.3179998,1030,362,None,Move,browsing
1573293419.326,1030,364,None,Move,browsing
1573293419.4429998,1030,364,None,Move,browsing
1573293419.4929998,1030,365,None,Move,browsing
1573293419.505,1030,366,None,Move,browsing
1573293419.6220002,1030,366,None,Move,browsing
1573293419.6720002,1030,367,None,Move,browsing
1573293419.684,1030,368,None,Move,browsing
1573293419.6929998,1030,368,None,Move,browsing
1573293419.706,1030,369,None,Move,browsing
1573293419.714,1030,370,None,Move,browsing
1573293419.7270002,1030,371,None,Move,browsing
1573293419.735,1030,371,None,Move,browsing
1573293419.75,1030,372,None,Move,browsing
1573293419.776,1030,373,None,Move,browsing
1573293419.796,1030,373,None,Move,browsing
1573293419.805,1031,373,None,Move,browsing
1573293419.812,1031,374,None,Move,browsing
1573293419.825,1031,375,None,Move,browsing
1573293419.84,1031,375,None,Move,browsing
1573293419.929,1031,376,None,Move,browsing
1573293420.084,1031,376,None,Move,browsing
1573293420.096,1031,376,None,Move,browsing
1573293420.1079998,1031,377,None,Move,browsing
1573293420.154,1030,377,None,Move,browsing
1573293420.178,1029,377,None,Move,browsing
1573293420.217,1029,377,None,Move,browsing
1573293420.231,1028,378,Left,Pressed,browsing
1573293420.232,1028,378,None,Drag,browsing
1573293420.2410002,1028,379,None,Drag,browsing
1573293420.306,1028,379,None,Drag,browsing
1573293420.306,1028,379,Left,Released,browsing
1573293420.322,1028,380,None,Move,browsing
1573293420.3279998,1028,381,None,Move,browsing
1573293420.3639998,1028,381,None,Move,browsing
1573293420.3760002,1028,381,None,Move,browsing
1573293420.3839998,1029,381,None,Move,browsing
1573293420.3920002,1030,380,None,Move,browsing
1573293420.3979998,1031,380,None,Move,browsing
1573293420.406,1035,378,None,Move,browsing
1573293420.414,1042,375,None,Move,browsing
1573293420.4220002,1052,370,None,Move,browsing
1573293420.43,1065,362,None,Move,browsing
1573293420.438,1081,354,None,Move,browsing
1573293420.446,1099,345,None,Move,browsing
1573293420.454,1118,334,None,Move,browsing
1573293420.462,1142,315,None,Move,browsing
1573293420.469,1166,293,None,Move,browsing
1573293420.476,1194,269,None,Move,browsing
1573293420.484,1212,237,None,Move,browsing
1573293420.492,1228,203,None,Move,browsing
1573293420.5,1237,170,None,Move,browsing
1573293420.508,1251,140,None,Move,browsing
1573293420.516,1276,106,None,Move,browsing
1573293420.525,1300,76,None,Move,browsing
1573293420.532,1317,50,None,Move,browsing
1573293420.543,1336,29,None,Move,browsing
1573293420.551,1348,12,None,Move,browsing
1573293420.556,1359,0,None,Move,browsing
1573293420.566,1367,-9,None,Move,browsing
1573293420.571,1372,-9,None,Move,browsing
1573293420.579,1375,-7,None,Move,browsing
1573293420.585,1377,-4,None,Move,browsing
1573293420.593,1377,-1,None,Move,browsing
1573293420.601,1377,-2,None,Move,browsing
1573293420.6079998,1377,-1,None,Move,browsing
1573293420.6160002,1377,-2,None,Move,browsing
1573293420.6239998,1377,-1,None,Move,browsing
1573293420.633,1377,-2,None,Move,browsing
1573293420.64,1377,-2,None,Move,browsing
1573293420.6479998,1377,-1,None,Move,browsing
1573293420.656,1377,-1,None,Move,browsing
1573293420.664,1377,0,None,Move,browsing
1573293420.6720002,1377,-1,None,Move,browsing
1573293420.679,1377,-1,None,Move,browsing
1573293420.698,1377,0,Left,Pressed,browsing
1573293420.784,1377,0,Left,Released,browsing
1573293420.8,1377,0,None,Move,browsing
1573293420.8879998,1378,0,None,Move,browsing
1573293420.908,1379,0,None,Move,browsing
1573293421.006,1379,0,None,Move,browsing
1573293421.014,1380,1,None,Move,browsing
1573293421.02,1380,2,None,Move,browsing
1573293421.028,1380,5,None,Move,browsing
1573293421.036,1379,9,None,Move,browsing
1573293421.044,1377,14,None,Move,browsing
1573293421.052,1375,21,None,Move,browsing
1573293421.06,1371,28,None,Move,browsing
1573293421.0679998,1365,38,None,Move,browsing
1573293421.076,1356,49,None,Move,browsing
1573293421.084,1346,61,None,Move,browsing
1573293421.092,1334,79,None,Move,browsing
1573293421.1,1320,96,None,Move,browsing
1573293421.106,1307,116,None,Move,browsing
1573293421.1139998,1288,143,None,Move,browsing
1573293421.1220002,1267,169,None,Move,browsing
1573293421.13,1253,192,None,Move,browsing
1573293421.139,1240,212,None,Move,browsing
1573293421.147,1221,235,None,Move,browsing
1573293421.154,1196,260,None,Move,browsing
1573293421.1620002,1163,285,None,Move,browsing
1573293421.168,1127,311,None,Move,browsing
1573293421.176,1096,326,None,Move,browsing
1573293421.184,1076,339,None,Move,browsing
1573293421.1920002,1063,348,None,Move,browsing
1573293421.2,1051,355,None,Move,browsing
1573293421.208,1041,362,None,Move,browsing
1573293421.216,1032,367,None,Move,browsing
1573293421.224,1026,369,None,Move,browsing
1573293421.232,1025,370,None,Move,browsing
1573293421.238,1023,371,None,Move,browsing
1573293421.294,1022,371,None,Move,browsing
1573293421.32,1022,372,None,Move,browsing
1573293421.3279998,1020,374,None,Move,browsing
1573293421.336,1019,376,None,Move,browsing
1573293421.344,1017,378,None,Move,browsing
1573293421.3520002,1015,380,None,Move,browsing
1573293421.36,1013,382,None,Move,browsing
1573293421.3679998,1012,384,None,Move,browsing
1573293421.3739998,1010,386,None,Move,browsing
1573293421.3820002,1009,387,None,Move,browsing
1573293421.39,1008,388,None,Move,browsing
1573293421.3979998,1008,389,None,Move,browsing
1573293421.406,1007,389,None,Move,browsing
1573293421.414,1007,390,None,Move,browsing
1573293421.686,1007,391,None,Move,browsing
1573293421.698,1007,392,None,Move,browsing
1573293421.706,1009,393,None,Move,browsing
1573293421.715,1011,395,None,Move,browsing
1573293421.72,1012,396,None,Move,browsing
1573293421.76,1014,396,None,Move,browsing
1573293421.768,1015,396,None,Move,browsing
1573293421.776,1017,396,None,Move,browsing
1573293421.785,1018,396,None,Move,browsing
1573293421.79,1018,396,None,Move,browsing
1573293421.798,1019,396,None,Move,browsing
1573293421.81,1020,396,None,Move,browsing
1573293421.834,1020,396,None,Move,browsing
1573293421.846,1021,396,None,Move,browsing
1573293421.853,1022,396,None,Move,browsing
1573293421.908,1022,396,None,Move,browsing
1573293421.916,1026,395,None,Move,browsing
1573293421.9220002,1033,393,None,Move,browsing
1573293421.93,1041,390,None,Move,browsing
1573293421.938,1051,387,None,Move,browsing
1573293421.946,1061,383,None,Move,browsing
1573293421.954,1073,378,None,Move,browsing
1573293421.9629998,1090,372,None,Move,browsing
1573293421.971,1107,366,None,Move,browsing
1573293421.979,1133,358,None,Move,browsing
1573293421.986,1166,348,None,Move,browsing
1573293421.995,1199,336,None,Move,browsing
1573293422.0,1229,325,None,Move,browsing
1573293422.008,1266,313,None,Move,browsing
1573293422.016,1303,298,None,Move,browsing
1573293422.025,1336,287,None,Move,browsing
1573293422.033,1368,279,None,Move,browsing
1573293422.041,1398,270,None,Move,browsing
1573293422.049,1421,263,None,Move,browsing
1573293422.0570002,1438,258,None,Move,browsing
1573293422.065,1459,254,None,Move,browsing
1573293422.07,1484,251,None,Move,browsing
1573293422.0779998,1498,249,None,Move,browsing
1573293422.086,1513,246,None,Move,browsing
1573293422.094,1527,243,None,Move,browsing
1573293422.1020002,1539,241,None,Move,browsing
1573293422.11,1549,238,None,Move,browsing
1573293422.119,1557,236,None,Move,browsing
1573293422.1260002,1564,235,None,Move,browsing
1573293422.131,1569,233,None,Move,browsing
1573293422.139,1572,232,None,Move,browsing
1573293422.149,1574,231,None,Move,browsing
1573293422.156,1575,231,None,Move,browsing
1573293422.165,1577,230,None,Move,browsing
1573293422.1720002,1578,229,None,Move,browsing
1573293422.18,1579,229,None,Move,browsing
1573293422.189,1581,228,None,Move,browsing
1573293422.196,1582,227,None,Move,browsing
1573293422.202,1585,226,None,Move,browsing
1573293422.21,1588,224,None,Move,browsing
1573293422.218,1591,222,None,Move,browsing
1573293422.226,1595,221,None,Move,browsing
1573293422.234,1598,220,None,Move,browsing
1573293422.242,1601,218,None,Move,browsing
1573293422.25,1602,217,None,Move,browsing
1573293422.258,1604,216,None,Move,browsing
1573293422.266,1606,214,None,Move,browsing
1573293422.272,1606,214,None,Move,browsing
1573293422.281,1608,212,None,Move,browsing
1573293422.289,1609,211,None,Move,browsing
1573293422.296,1611,210,None,Move,browsing
1573293422.305,1613,208,None,Move,browsing
1573293422.312,1614,206,None,Move,browsing
1573293422.32,1616,205,None,Move,browsing
1573293422.329,1619,203,None,Move,browsing
1573293422.336,1623,200,None,Move,browsing
1573293422.342,1626,198,None,Move,browsing
1573293422.35,1632,195,None,Move,browsing
1573293422.3579998,1636,190,None,Move,browsing
1573293422.3660002,1639,189,None,Move,browsing
1573293422.3739998,1643,187,None,Move,browsing
1573293422.3820002,1646,185,None,Move,browsing
1573293422.39,1647,183,None,Move,browsing
1573293422.399,1649,182,None,Move,browsing
1573293422.406,1651,180,None,Move,browsing
1573293422.4120002,1652,178,None,Move,browsing
1573293422.424,1653,177,None,Move,browsing
1573293422.5029998,1653,177,Left,Pressed,browsing
1573293422.5029998,1653,177,None,Drag,browsing
1573293422.5029998,1653,177,Left,Released,browsing
1573293422.758,1653,177,None,Move,browsing
1573293422.91,1653,177,None,Move,browsing
1573293422.919,1651,177,None,Move,browsing
1573293422.926,1649,179,None,Move,browsing
1573293422.934,1648,182,None,Move,browsing
1573293422.9429998,1644,185,None,Move,browsing
1573293422.951,1641,189,None,Move,browsing
1573293422.959,1636,194,None,Move,browsing
1573293422.965,1630,200,None,Move,browsing
1573293422.9729998,1625,206,None,Move,browsing
1573293422.981,1621,213,None,Move,browsing
1573293422.9889998,1616,221,None,Move,browsing
1573293422.996,1610,229,None,Move,browsing
1573293423.005,1605,238,None,Move,browsing
1573293423.012,1600,247,None,Move,browsing
1573293423.021,1593,257,None,Move,browsing
1573293423.028,1587,269,None,Move,browsing
1573293423.034,1581,281,None,Move,browsing
1573293423.042,1579,292,None,Move,browsing
1573293423.051,1576,305,None,Move,browsing
1573293423.059,1575,318,None,Move,browsing
1573293423.066,1572,329,None,Move,browsing
1573293423.075,1571,341,None,Move,browsing
1573293423.083,1570,351,None,Move,browsing
1573293423.091,1567,361,None,Move,browsing
1573293423.099,1565,367,None,Move,browsing
1573293423.105,1563,374,None,Move,browsing
1573293423.113,1560,381,None,Move,browsing
1573293423.121,1558,387,None,Move,browsing
1573293423.1279998,1557,390,None,Move,browsing
1573293423.1360002,1556,393,None,Move,browsing
1573293423.144,1555,395,None,Move,browsing
1573293423.1520002,1554,396,None,Move,browsing
1573293423.161,1554,398,None,Move,browsing
1573293423.169,1553,400,None,Move,browsing
1573293423.175,1552,401,None,Move,browsing
1573293423.1820002,1552,403,None,Move,browsing
1573293423.19,1551,405,None,Move,browsing
1573293423.198,1551,408,None,Move,browsing
1573293423.206,1549,411,None,Move,browsing
1573293423.215,1548,413,None,Move,browsing
1573293423.2229998,1547,417,None,Move,browsing
1573293423.231,1546,422,None,Move,browsing
1573293423.238,1545,427,None,Move,browsing
1573293423.244,1543,433,None,Move,browsing
1573293423.252,1542,437,None,Move,browsing
1573293423.26,1540,442,None,Move,browsing
1573293423.269,1537,447,None,Move,browsing
1573293423.2770002,1537,454,None,Move,browsing
1573293423.285,1537,462,None,Move,browsing
1573293423.293,1537,470,None,Move,browsing
1573293423.301,1537,478,None,Move,browsing
1573293423.306,1537,486,None,Move,browsing
1573293423.314,1537,493,None,Move,browsing
1573293423.322,1537,499,None,Move,browsing
1573293423.331,1537,504,None,Move,browsing
1573293423.3379998,1538,511,None,Move,browsing
1573293423.346,1538,514,None,Move,browsing
1573293423.355,1538,521,None,Move,browsing
1573293423.3620002,1538,526,None,Move,browsing
1573293423.37,1539,531,None,Move,browsing
1573293423.3779998,1539,534,None,Move,browsing
1573293423.3839998,1539,539,None,Move,browsing
1573293423.3920002,1539,543,None,Move,browsing
1573293423.4,1539,546,None,Move,browsing
1573293423.408,1538,549,None,Move,browsing
1573293423.416,1537,552,None,Move,browsing
1573293423.425,1536,554,None,Move,browsing
1573293423.4329998,1535,556,None,Move,browsing
1573293423.44,1534,558,None,Move,browsing
1573293423.449,1533,559,None,Move,browsing
1573293423.454,1531,561,None,Move,browsing
1573293423.462,1529,563,None,Move,browsing
1573293423.47,1528,564,None,Move,browsing
1573293423.478,1527,566,None,Move,browsing
1573293423.486,1525,568,None,Move,browsing
1573293423.494,1523,569,None,Move,browsing
1573293423.502,1523,571,None,Move,browsing
1573293423.51,1521,573,None,Move,browsing
1573293423.519,1520,574,None,Move,browsing
1573293423.525,1519,575,None,Move,browsing
1573293423.532,1518,577,None,Move,browsing
1573293423.54,1516,578,None,Move,browsing
1573293423.549,1514,579,None,Move,browsing
1573293423.556,1513,581,None,Move,browsing
1573293423.565,1512,581,None,Move,browsing
1573293423.572,1511,582,None,Move,browsing
1573293423.58,1511,582,None,Move,browsing
1573293423.589,1509,582,None,Move,browsing
1573293423.594,1509,583,None,Move,browsing
1573293423.603,1508,583,None,Move,browsing
1573293423.61,1508,583,None,Move,browsing
1573293423.623,1507,583,None,Move,browsing
1573293423.643,1506,583,None,Move,browsing
1573293423.653,1506,584,None,Move,browsing
1573293423.665,1505,584,None,Move,browsing
1573293423.673,1505,584,None,Move,browsing
1573293423.681,1504,584,None,Move,browsing
1573293423.6929998,1504,585,None,Move,browsing
1573293423.704,1504,585,Left,Pressed,browsing
1573293423.704,1504,585,None,Drag,browsing
1573293423.708,1503,585,None,Drag,browsing
1573293423.717,1502,585,None,Drag,browsing
1573293423.725,1502,585,None,Drag,browsing
1573293423.732,1500,585,None,Drag,browsing
1573293423.738,1499,585,None,Drag,browsing
1573293423.746,1499,585,None,Drag,browsing
1573293423.755,1498,585,None,Drag,browsing
1573293423.762,1497,584,None,Drag,browsing
1573293423.772,1496,583,None,Drag,browsing
1573293423.779,1495,583,None,Drag,browsing
1573293423.785,1495,582,None,Drag,browsing
1573293423.794,1495,581,None,Drag,browsing
1573293423.794,1495,581,Left,Released,browsing
1573293423.836,1495,581,Left,Pressed,browsing
1573293423.941,1495,581,Left,Released,browsing
1573293423.968,1493,581,None,Move,browsing
1573293423.976,1489,581,None,Move,browsing
1573293423.985,1484,581,None,Move,browsing
1573293423.992,1479,581,None,Move,browsing
1573293424.0010002,1473,582,None,Move,browsing
1573293424.006,1465,582,None,Move,browsing
1573293424.015,1455,582,None,Move,browsing
1573293424.022,1445,582,None,Move,browsing
1573293424.031,1436,582,None,Move,browsing
1573293424.039,1425,582,None,Move,browsing
1573293424.046,1415,582,None,Move,browsing
1573293424.054,1405,582,None,Move,browsing
1573293424.062,1396,582,None,Move,browsing
1573293424.07,1389,582,None,Move,browsing
1573293424.076,1383,582,None,Move,browsing
1573293424.085,1379,582,None,Move,browsing
1573293424.093,1377,582,None,Move,browsing
1573293424.101,1377,582,None,Move,browsing
1573293424.109,1376,582,None,Move,browsing
1573293424.1320002,1376,582,Left,Pressed,browsing
1573293424.225,1376,582,Left,Released,browsing
1573293424.282,1376,582,Left,Pressed,browsing
1573293424.381,1376,582,Left,Released,browsing
1573293424.664,1379,580,None,Move,browsing
1573293424.6720002,1388,571,None,Move,browsing
1573293424.68,1398,560,None,Move,browsing
1573293424.688,1409,550,None,Move,browsing
1573293424.697,1418,536,None,Move,browsing
1573293424.7029998,1425,519,None,Move,browsing
1573293424.71,1431,502,None,Move,browsing
1573293424.718,1435,483,None,Move,browsing
1573293424.726,1438,464,None,Move,browsing
1573293424.734,1441,448,None,Move,browsing
1573293424.742,1444,434,None,Move,browsing
1573293424.75,1446,422,None,Move,browsing
1573293424.758,1446,413,None,Move,browsing
1573293424.766,1446,403,None,Move,browsing
1573293424.772,1446,395,None,Move,browsing
1573293424.78,1446,389,None,Move,browsing
1573293424.788,1446,385,None,Move,browsing
1573293424.796,1446,383,None,Move,browsing
1573293424.804,1446,382,None,Move,browsing
1573293424.812,1445,380,None,Move,browsing
1573293424.82,1445,379,None,Move,browsing
1573293424.8279998,1445,378,None,Move,browsing
1573293424.836,1445,377,None,Move,browsing
1573293424.8660002,1445,377,None,Move,browsing
1573293424.956,1445,376,None,Move,browsing
1573293424.969,1445,375,None,Move,browsing
1573293424.976,1445,374,None,Move,browsing
1573293424.984,1445,373,None,Move,browsing
1573293424.9910002,1445,372,None,Move,browsing
1573293424.998,1445,370,None,Move,browsing
1573293425.006,1445,367,None,Move,browsing
1573293425.014,1445,364,None,Move,browsing
1573293425.0229998,1446,359,None,Move,browsing
1573293425.03,1446,352,None,Move,browsing
1573293425.039,1446,346,None,Move,browsing
1573293425.0470002,1445,339,None,Move,browsing
1573293425.053,1444,331,None,Move,browsing
1573293425.06,1443,322,None,Move,browsing
1573293425.0679998,1440,315,None,Move,browsing
1573293425.076,1438,307,None,Move,browsing
1573293425.084,1436,300,None,Move,browsing
1573293425.093,1433,293,None,Move,browsing
1573293425.1,1431,286,None,Move,browsing
1573293425.109,1429,279,None,Move,browsing
1573293425.1160002,1427,274,None,Move,browsing
1573293425.123,1425,270,None,Move,browsing
1573293425.13,1423,268,None,Move,browsing
1573293425.1379998,1421,267,None,Move,browsing
1573293425.146,1420,265,None,Move,browsing
1573293425.154,1420,264,None,Move,browsing
1573293425.1620002,1420,264,None,Move,browsing
1573293425.178,1420,264,None,Move,browsing
1573293425.197,1420,263,None,Move,browsing
1573293425.236,1420,263,Left,Pressed,browsing
1573293425.327,1420,263,Left,Released,browsing
1573293426.45,1419,263,None,Move,browsing
1573293426.46,1418,263,None,Move,browsing
1573293426.469,1417,265,None,Move,browsing
1573293426.476,1415,267,None,Move,browsing
1573293426.485,1413,268,None,Move,browsing
1573293426.4929998,1411,270,None,Move,browsing
1573293426.5010002,1406,272,None,Move,browsing
1573293426.5089998,1399,274,None,Move,browsing
1573293426.516,1389,278,None,Move,browsing
1573293426.522,1377,281,None,Move,browsing
1573293426.53,1358,286,None,Move,browsing
1573293426.538,1336,291,None,Move,browsing
1573293426.546,1307,299,None,Move,browsing
1573293426.555,1272,306,None,Move,browsing
1573293426.562,1228,313,None,Move,browsing
1573293426.57,1193,318,None,Move,browsing
1573293426.579,1156,322,None,Move,browsing
1573293426.589,1112,326,None,Move,browsing
1573293426.5979998,1073,328,None,Move,browsing
1573293426.606,1039,330,None,Move,browsing
1573293426.613,1012,330,None,Move,browsing
1573293426.62,985,321,None,Move,browsing
1573293426.6260002,968,313,None,Move,browsing
1573293426.6320002,955,309,None,Move,browsing
1573293426.641,946,306,None,Move,browsing
1573293426.647,939,303,None,Move,browsing
1573293426.656,935,303,None,Move,browsing
1573293426.6620002,933,303,None,Move,browsing
1573293426.671,931,303,None,Move,browsing
1573293426.679,930,303,None,Move,browsing
1573293426.752,930,303,None,Move,browsing
1573293427.3279998,930,303,None,Move,browsing
1573293427.336,931,307,None,Move,browsing
1573293427.344,935,314,None,Move,browsing
1573293427.3520002,937,321,None,Move,browsing
1573293427.3579998,942,331,None,Move,browsing
1573293427.3660002,946,341,None,Move,browsing
1573293427.375,948,351,None,Move,browsing
1573293427.3820002,951,361,None,Move,browsing
1573293427.39,955,371,None,Move,browsing
1573293427.3979998,957,379,None,Move,browsing
1573293427.406,958,386,None,Move,browsing
1573293427.414,959,393,None,Move,browsing
1573293427.4220002,962,400,None,Move,browsing
1573293427.428,963,406,None,Move,browsing
1573293427.436,964,413,None,Move,browsing
1573293427.444,966,420,None,Move,browsing
1573293427.4529998,969,427,None,Move,browsing
1573293427.461,971,434,None,Move,browsing
1573293427.468,973,442,None,Move,browsing
1573293427.476,976,449,None,Move,browsing
1573293427.485,978,458,None,Move,browsing
1573293427.492,982,466,None,Move,browsing
1573293427.498,984,476,None,Move,browsing
1573293427.506,987,485,None,Move,browsing
1573293427.514,990,495,None,Move,browsing
1573293427.522,995,505,None,Move,browsing
1573293427.53,1001,515,None,Move,browsing
1573293427.538,1007,525,None,Move,browsing
1573293427.546,1011,537,None,Move,browsing
1573293427.554,1015,549,None,Move,browsing
1573293427.562,1017,559,None,Move,browsing
1573293427.5679998,1021,569,None,Move,browsing
1573293427.576,1023,579,None,Move,browsing
1573293427.584,1027,587,None,Move,browsing
1573293427.592,1031,596,None,Move,browsing
1573293427.6,1036,604,None,Move,browsing
1573293427.6079998,1039,613,None,Move,browsing
1573293427.6160002,1042,620,None,Move,browsing
1573293427.6239998,1045,627,None,Move,browsing
1573293427.6320002,1047,632,None,Move,browsing
1573293427.6379998,1050,638,None,Move,browsing
1573293427.646,1052,643,None,Move,browsing
1573293427.654,1055,649,None,Move,browsing
1573293427.6620002,1057,654,None,Move,browsing
1573293427.67,1060,661,None,Move,browsing
1573293427.679,1062,667,None,Move,browsing
1573293427.686,1064,669,None,Move,browsing
1573293427.695,1065,672,None,Move,browsing
1573293427.702,1067,675,None,Move,browsing
1573293427.708,1068,676,None,Move,browsing
1573293427.716,1070,678,None,Move,browsing
1573293427.724,1071,680,None,Move,browsing
1573293427.732,1072,681,None,Move,browsing
1573293427.74,1073,683,None,Move,browsing
1573293427.748,1074,684,None,Move,browsing
1573293427.756,1074,684,None,Move,browsing
1573293427.768,1074,684,None,Move,browsing
1573293427.8070002,1074,685,None,Move,browsing
1573293427.909,1074,685,None,Move,browsing
1573293427.919,1074,685,None,Move,browsing
1573293427.927,1073,682,None,Move,browsing
1573293427.934,1071,679,None,Move,browsing
1573293427.941,1068,674,None,Move,browsing
1573293427.951,1063,667,None,Move,browsing
1573293427.959,1057,660,None,Move,browsing
1573293427.967,1051,654,None,Move,browsing
1573293427.975,1044,649,None,Move,browsing
1573293427.98,1038,643,None,Move,browsing
1573293427.9889998,1034,640,None,Move,browsing
1573293427.996,1027,635,None,Move,browsing
1573293428.004,1022,631,None,Move,browsing
1573293428.012,1020,629,None,Move,browsing
1573293428.021,1017,625,None,Move,browsing
1573293428.028,1014,622,None,Move,browsing
1573293428.036,1012,621,None,Move,browsing
1573293428.044,1011,619,None,Move,browsing
1573293428.053,1009,617,None,Move,browsing
1573293428.059,1007,616,None,Move,browsing
1573293428.066,1005,614,None,Move,browsing
1573293428.074,1005,612,None,Move,browsing
1573293428.081,1003,610,None,Move,browsing
1573293428.09,1002,609,None,Move,browsing
1573293428.099,1001,608,None,Move,browsing
1573293428.106,1001,607,None,Move,browsing
1573293428.115,1001,607,None,Move,browsing
1573293428.121,1000,605,None,Move,browsing
1573293428.176,1000,605,Left,Pressed,browsing
1573293428.475,1000,605,Left,Released,browsing
1573293428.522,1000,605,Left,Pressed,browsing
1573293428.6260002,1000,605,Left,Released,browsing
1573293428.705,1000,605,None,Move,browsing
1573293428.7129998,1000,605,None,Move,browsing
1573293428.721,1002,603,None,Move,browsing
1573293428.729,1004,602,None,Move,browsing
1573293428.736,1005,601,None,Move,browsing
1573293428.745,1008,601,None,Move,browsing
1573293428.75,1013,601,None,Move,browsing
1573293428.7589998,1018,601,None,Move,browsing
1573293428.7670002,1026,601,None,Move,browsing
1573293428.775,1034,601,None,Move,browsing
1573293428.782,1042,601,None,Move,browsing
1573293428.791,1052,603,None,Move,browsing
1573293428.798,1062,604,None,Move,browsing
1573293428.8070002,1072,606,None,Move,browsing
1573293428.815,1083,608,None,Move,browsing
1573293428.821,1094,609,None,Move,browsing
1573293428.829,1104,612,None,Move,browsing
1573293428.837,1114,613,None,Move,browsing
1573293428.845,1124,613,None,Move,browsing
1573293428.853,1132,614,None,Move,browsing
1573293428.861,1140,616,None,Move,browsing
1573293428.869,1145,616,None,Move,browsing
1573293428.8760002,1152,617,None,Move,browsing
1573293428.885,1155,617,None,Move,browsing
1573293428.891,1158,617,None,Move,browsing
1573293428.8979998,1161,617,None,Move,browsing
1573293428.906,1162,617,None,Move,browsing
1573293428.927,1162,617,None,Move,browsing
1573293429.0170002,1163,617,None,Move,browsing
1573293429.029,1164,616,None,Move,browsing
1573293429.034,1164,616,None,Move,browsing
1573293429.043,1165,615,None,Move,browsing
1573293429.05,1166,613,None,Move,browsing
1573293429.059,1166,613,None,Move,browsing
1573293429.066,1168,611,None,Move,browsing
1573293429.075,1169,610,None,Move,browsing
1573293429.083,1169,608,None,Move,browsing
1573293429.091,1171,606,None,Move,browsing
1573293429.096,1172,606,None,Move,browsing
1573293429.105,1173,604,None,Move,browsing
1573293429.113,1175,602,None,Move,browsing
1573293429.121,1177,601,None,Move,browsing
1573293429.129,1179,599,None,Move,browsing
1573293429.1360002,1180,597,None,Move,browsing
1573293429.145,1182,595,None,Move,browsing
1573293429.1520002,1184,594,None,Move,browsing
1573293429.161,1185,593,None,Move,browsing
1573293429.166,1186,591,None,Move,browsing
1573293429.175,1187,591,None,Move,browsing
1573293429.199,1187,591,Left,Pressed,browsing
1573293429.305,1187,591,Left,Released,browsing
1573293429.8170002,1187,590,None,Move,browsing
1573293429.825,1184,588,None,Move,browsing
1573293429.833,1180,587,None,Move,browsing
1573293429.841,1176,586,None,Move,browsing
1573293429.849,1171,584,None,Move,browsing
1573293429.857,1166,583,None,Move,browsing
1573293429.865,1161,582,None,Move,browsing
1573293429.87,1154,581,None,Move,browsing
1573293429.879,1147,579,None,Move,browsing
1573293429.8860002,1140,578,None,Move,browsing
1573293429.895,1133,576,None,Move,browsing
1573293429.9020002,1127,575,None,Move,browsing
1573293429.911,1122,575,None,Move,browsing
1573293429.918,1115,575,None,Move,browsing
1573293429.927,1110,574,None,Move,browsing
1573293429.935,1106,573,None,Move,browsing
1573293429.94,1104,572,None,Move,browsing
1573293429.949,1102,572,None,Move,browsing
1573293429.957,1101,572,None,Move,browsing
1573293429.984,1101,572,Left,Pressed,browsing
1573293430.081,1101,572,Left,Released,browsing
1573293430.113,1100,572,None,Move,browsing
1573293430.12,1098,573,None,Move,browsing
1573293430.129,1097,574,None,Move,browsing
1573293430.1360002,1096,574,None,Move,browsing
1573293430.144,1095,574,None,Move,browsing
1573293435.049,1095,572,None,Move,browsing
1573293435.0570002,1092,565,None,Move,browsing
1573293435.062,1088,558,None,Move,browsing
1573293435.07,1080,550,None,Move,browsing
1573293435.079,1074,544,None,Move,browsing
1573293435.087,1069,541,None,Move,browsing
1573293435.095,1066,539,None,Move,browsing
1573293435.103,1065,538,None,Move,browsing
1573293435.111,1065,538,None,Move,browsing
1573293435.153,1065,537,None,Move,browsing
1573293436.02,1065,537,None,Move,browsing
1573293436.028,1065,540,None,Move,browsing
1573293436.034,1062,547,None,Move,browsing
1573293436.042,1059,554,None,Move,browsing
1573293436.05,1055,561,None,Move,browsing
1573293436.0579998,1050,568,None,Move,browsing
1573293436.066,1043,576,None,Move,browsing
1573293436.074,1035,583,None,Move,browsing
1573293436.082,1028,591,None,Move,browsing
1573293436.091,1019,597,None,Move,browsing
1573293436.099,1012,604,None,Move,browsing
1573293436.104,1003,609,None,Move,browsing
1573293436.1120002,998,612,None,Move,browsing
1573293436.12,990,615,None,Move,browsing
1573293436.1279998,988,617,None,Move,browsing
1573293436.137,986,619,None,Move,browsing
1573293436.145,984,619,None,Move,browsing
1573293436.153,983,620,None,Move,browsing
1573293436.2529998,983,620,None,Move,browsing
1573293436.2610002,983,618,None,Move,browsing
1573293436.269,983,616,None,Move,browsing
1573293436.2770002,983,613,None,Move,browsing
1573293436.285,983,611,None,Move,browsing
1573293441.522,983,611,None,Move,browsing
1573293441.53,982,611,None,Move,browsing
1573293441.538,981,612,None,Move,browsing
1573293441.546,979,612,None,Move,browsing
1573293441.554,977,613,None,Move,browsing
1573293441.563,977,613,None,Move,browsing
1573293441.57,975,613,None,Move,browsing
1573293441.576,975,614,None,Move,browsing
1573293441.584,973,614,None,Move,browsing
1573293441.592,973,614,None,Move,browsing
1573293441.6079998,972,614,None,Move,browsing
1573293442.185,972,614,None,Move,browsing
1573293442.1920002,973,613,None,Move,browsing
1573293442.2,976,610,None,Move,browsing
1573293442.206,980,606,None,Move,browsing
1573293442.214,986,598,None,Move,browsing
1573293442.2229998,994,591,None,Move,browsing
1573293442.231,1003,583,None,Move,browsing
1573293442.238,1012,576,None,Move,browsing
1573293442.246,1021,568,None,Move,browsing
1573293442.255,1028,561,None,Move,browsing
1573293442.262,1037,552,None,Move,browsing
1573293442.27,1044,544,None,Move,browsing
1573293442.276,1052,537,None,Move,browsing
1573293442.284,1060,528,None,Move,browsing
1573293442.292,1067,520,None,Move,browsing
1573293442.3,1074,513,None,Move,browsing
1573293442.309,1080,507,None,Move,browsing
1573293442.3179998,1083,503,None,Move,browsing
1573293442.324,1085,501,None,Move,browsing
1573293442.332,1086,499,None,Move,browsing
1573293442.3379998,1086,498,None,Move,browsing
1573293442.354,1086,497,None,Move,browsing
1573293442.417,1087,497,None,Move,browsing
1573293442.4329998,1087,497,None,Move,browsing
1573293442.441,1088,497,None,Move,browsing
1573293442.449,1089,497,None,Move,browsing
1573293443.164,1089,497,None,Move,browsing
1573293443.176,1088,497,None,Move,browsing
1573293443.184,1081,495,None,Move,browsing
1573293443.19,1074,494,None,Move,browsing
1573293443.198,1064,494,None,Move,browsing
1573293443.206,1053,492,None,Move,browsing
1573293443.215,1038,489,None,Move,browsing
1573293443.222,1022,486,None,Move,browsing
1573293443.23,1004,483,None,Move,browsing
1573293443.2389998,980,480,None,Move,browsing
1573293443.246,954,475,None,Move,browsing
1573293443.255,936,472,None,Move,browsing
1573293443.2610002,920,470,None,Move,browsing
1573293443.269,904,467,None,Move,browsing
1573293443.2770002,889,464,None,Move,browsing
1573293443.285,879,462,None,Move,browsing
1573293443.293,869,459,None,Move,browsing
1573293443.301,862,457,None,Move,browsing
1573293443.309,856,455,None,Move,browsing
1573293443.316,853,454,None,Move,browsing
1573293443.324,851,452,None,Move,browsing
1573293443.33,850,451,None,Move,browsing
1573293443.3379998,848,450,None,Move,browsing
1573293443.346,847,450,None,Move,browsing
1573293443.354,847,450,None,Move,browsing
1573293443.3620002,846,450,None,Move,browsing
1573293443.405,845,450,None,Move,browsing
1573293443.417,844,449,None,Move,browsing
1573293443.425,844,449,None,Move,browsing
1573293443.441,843,449,None,Move,browsing
1573293443.515,843,449,None,Move,browsing
1573293443.5229998,841,452,None,Move,browsing
1573293443.531,841,455,None,Move,browsing
1573293443.536,839,457,None,Move,browsing
1573293443.545,837,460,None,Move,browsing
1573293443.553,835,462,None,Move,browsing
1573293443.561,833,465,None,Move,browsing
1573293443.5679998,833,466,None,Move,browsing
1573293443.577,832,468,None,Move,browsing
1573293443.585,831,469,None,Move,browsing
1573293443.593,830,471,None,Move,browsing
1573293443.6,830,473,None,Move,browsing
1573293443.607,830,473,None,Move,browsing
1573293443.6139998,830,474,None,Move,browsing
1573293443.619,830,474,Left,Pressed,browsing
1573293443.685,830,474,Left,Released,browsing
1573293444.404,830,474,None,Move,browsing
1573293444.42,831,473,None,Move,browsing
1573293444.428,833,471,None,Move,browsing
1573293444.436,835,465,None,Move,browsing
1573293444.444,839,458,None,Move,browsing
1573293444.45,845,449,None,Move,browsing
1573293444.458,851,439,None,Move,browsing
1573293444.466,857,428,None,Move,browsing
1573293444.474,860,418,None,Move,browsing
1573293444.482,862,409,None,Move,browsing
1573293444.49,863,399,None,Move,browsing
1573293444.498,862,392,None,Move,browsing
1573293444.5070002,859,385,None,Move,browsing
1573293444.512,857,378,None,Move,browsing
1573293444.52,854,372,None,Move,browsing
1573293444.528,850,365,None,Move,browsing
1573293444.5370002,848,361,None,Move,browsing
1573293444.544,846,356,None,Move,browsing
1573293444.552,844,350,None,Move,browsing
1573293444.56,840,343,None,Move,browsing
1573293444.5679998,836,333,None,Move,browsing
1573293444.576,830,323,None,Move,browsing
1573293444.582,824,314,None,Move,browsing
1573293444.59,818,307,None,Move,browsing
1573293444.5979998,815,300,None,Move,browsing
1573293444.606,813,296,None,Move,browsing
1573293444.6139998,811,293,None,Move,browsing
1573293444.623,810,292,None,Move,browsing
1573293444.631,809,290,None,Move,browsing
1573293444.6379998,808,289,None,Move,browsing
1573293444.647,808,289,None,Move,browsing
1573293444.68,808,288,None,Move,browsing
1573293444.688,809,287,None,Move,browsing
1573293444.696,811,286,None,Move,browsing
1573293444.705,812,286,None,Move,browsing
1573293452.952,812,286,None,Move,browsing
1573293452.964,813,288,None,Move,browsing
1573293452.972,816,289,None,Move,browsing
1573293452.98,818,291,None,Move,browsing
1573293452.986,819,293,None,Move,browsing
1573293452.994,821,294,None,Move,browsing
1573293453.002,823,294,None,Move,browsing
1573293453.01,823,295,None,Move,browsing
1573293453.018,825,296,None,Move,browsing
1573293453.026,826,296,None,Move,browsing
1573293453.034,826,297,None,Move,browsing
1573293453.042,827,298,None,Move,browsing
1573293453.05,828,299,None,Move,browsing
1573293453.056,830,299,None,Move,browsing
1573293453.064,832,299,None,Move,browsing
1573293453.072,833,299,None,Move,browsing
1573293453.08,835,300,None,Move,browsing
1573293453.0879998,836,301,None,Move,browsing
1573293453.097,838,301,None,Move,browsing
1573293453.105,841,302,None,Move,browsing
1573293453.113,843,304,None,Move,browsing
1573293453.119,845,305,None,Move,browsing
1573293453.127,848,306,None,Move,browsing
1573293453.1339998,850,307,None,Move,browsing
1573293453.1420002,852,309,None,Move,browsing
1573293453.15,853,309,None,Move,browsing
1573293453.158,855,311,None,Move,browsing
1573293453.166,857,311,None,Move,browsing
1573293453.174,858,312,None,Move,browsing
1573293453.1820002,860,313,None,Move,browsing
1573293453.188,862,314,None,Move,browsing
1573293453.196,862,315,None,Move,browsing
1573293453.204,864,315,None,Move,browsing
1573293453.212,865,316,None,Move,browsing
1573293453.22,865,317,None,Move,browsing
1573293453.229,866,317,None,Move,browsing
1573293453.2370002,867,317,None,Move,browsing
1573293453.245,868,317,None,Move,browsing
1573293453.258,869,317,None,Move,browsing
1573293453.275,869,318,None,Move,browsing
1573293453.283,870,319,None,Move,browsing
1573293453.291,871,319,None,Move,browsing
1573293453.299,872,319,None,Move,browsing
1573293453.306,872,319,None,Move,browsing
1573293453.3760002,873,319,None,Move,browsing
1573293453.3979998,874,319,None,Move,browsing
1573293453.414,874,319,None,Move,browsing
1573293453.427,875,319,None,Move,browsing
1573293453.4329998,876,319,None,Move,browsing
1573293453.439,878,319,None,Move,browsing
1573293453.447,879,319,None,Move,browsing
1573293453.462,879,319,None,Move,browsing
1573293453.516,880,319,None,Move,browsing
1573293453.539,881,320,None,Move,browsing
1573293453.55,882,320,None,Move,browsing
1573293453.5579998,883,320,None,Move,browsing
1573293453.5670002,884,320,None,Move,browsing
1573293453.574,886,320,None,Move,browsing
1573293453.583,887,320,None,Move,browsing
1573293453.59,889,320,None,Move,browsing
1573293453.599,891,320,None,Move,browsing
1573293453.605,893,320,None,Move,browsing
1573293453.6120002,895,320,None,Move,browsing
1573293453.621,897,320,None,Move,browsing
1573293453.629,903,320,None,Move,browsing
1573293453.637,908,321,None,Move,browsing
1573293453.645,915,322,None,Move,browsing
1573293453.6520002,922,325,None,Move,browsing
1573293453.66,930,326,None,Move,browsing
1573293453.668,939,328,None,Move,browsing
1573293453.674,946,331,None,Move,browsing
1573293453.6829998,954,333,None,Move,browsing
1573293453.69,964,336,None,Move,browsing
1573293453.698,972,338,None,Move,browsing
1573293453.706,982,340,None,Move,browsing
1573293453.715,992,343,None,Move,browsing
1573293453.7229998,1002,347,None,Move,browsing
1573293453.73,1013,351,None,Move,browsing
1573293453.7389998,1027,357,None,Move,browsing
1573293453.746,1045,366,None,Move,browsing
1573293453.752,1063,373,None,Move,browsing
1573293453.7610002,1080,381,None,Move,browsing
1573293453.768,1098,388,None,Move,browsing
1573293453.776,1116,396,None,Move,browsing
1573293453.784,1134,405,None,Move,browsing
1573293453.792,1150,413,None,Move,browsing
1573293453.801,1168,422,None,Move,browsing
1573293453.8079998,1179,430,None,Move,browsing
1573293453.814,1189,435,None,Move,browsing
1573293453.823,1197,440,None,Move,browsing
1573293453.83,1208,447,None,Move,browsing
1573293453.839,1216,450,None,Move,browsing
1573293453.846,1223,454,None,Move,browsing
1573293453.854,1230,458,None,Move,browsing
1573293453.8620002,1238,461,None,Move,browsing
1573293453.87,1245,466,None,Move,browsing
1573293453.8779998,1252,472,None,Move,browsing
1573293453.8839998,1259,478,None,Move,browsing
1573293453.8920002,1267,484,None,Move,browsing
1573293453.9,1271,490,None,Move,browsing
1573293453.908,1274,493,None,Move,browsing
1573293453.916,1277,497,None,Move,browsing
1573293453.924,1279,501,None,Move,browsing
1573293453.9320002,1281,505,None,Move,browsing
1573293453.94,1283,507,None,Move,browsing
1573293453.948,1285,510,None,Move,browsing
1573293453.954,1287,513,None,Move,browsing
1573293453.962,1289,516,None,Move,browsing
1573293453.97,1289,517,None,Move,browsing
1573293453.978,1291,519,None,Move,browsing
1573293453.986,1293,521,None,Move,browsing
1573293453.994,1295,524,None,Move,browsing
1573293454.002,1295,525,None,Move,browsing
1573293454.01,1298,528,None,Move,browsing
1573293454.018,1300,531,None,Move,browsing
1573293454.024,1302,533,None,Move,browsing
1573293454.033,1304,537,None,Move,browsing
1573293454.04,1305,540,None,Move,browsing
1573293454.048,1307,543,None,Move,browsing
1573293454.056,1309,544,None,Move,browsing
1573293454.064,1311,547,None,Move,browsing
1573293454.073,1312,549,None,Move,browsing
1573293454.08,1314,551,None,Move,browsing
1573293454.0879998,1316,553,None,Move,browsing
1573293454.097,1318,555,None,Move,browsing
1573293454.103,1319,556,None,Move,browsing
1573293454.11,1321,557,None,Move,browsing
1573293454.1179998,1323,559,None,Move,browsing
1573293454.1260002,1323,560,None,Move,browsing
1573293454.1339998,1325,560,None,Move,browsing
1573293454.1420002,1327,562,None,Move,browsing
1573293454.15,1328,563,None,Move,browsing
1573293454.156,1330,565,None,Move,browsing
1573293454.164,1332,566,None,Move,browsing
1573293454.173,1334,567,None,Move,browsing
1573293454.18,1337,569,None,Move,browsing
1573293454.188,1340,570,None,Move,browsing
1573293454.196,1342,572,None,Move,browsing
1573293454.204,1345,574,None,Move,browsing
1573293454.212,1349,574,None,Move,browsing
1573293454.22,1351,575,None,Move,browsing
1573293454.228,1354,577,None,Move,browsing
1573293454.234,1358,579,None,Move,browsing
1573293454.242,1362,580,None,Move,browsing
1573293454.25,1367,581,None,Move,browsing
1573293454.258,1373,582,None,Move,browsing
1573293454.266,1380,584,None,Move,browsing
1573293454.274,1389,587,None,Move,browsing
1573293454.282,1396,589,None,Move,browsing
1573293454.29,1404,592,None,Move,browsing
1573293454.298,1414,594,None,Move,browsing
1573293454.304,1423,596,None,Move,browsing
1573293454.312,1432,599,None,Move,browsing
1573293454.32,1442,601,None,Move,browsing
1573293454.3279998,1454,604,None,Move,browsing
1573293454.336,1464,606,None,Move,browsing
1573293454.344,1474,608,None,Move,browsing
1573293454.3520002,1484,610,None,Move,browsing
1573293454.36,1493,611,None,Move,browsing
1573293454.3679998,1502,614,None,Move,browsing
1573293454.3739998,1509,615,None,Move,browsing
1573293454.3820002,1515,615,None,Move,browsing
1573293454.39,1520,616,None,Move,browsing
1573293454.3979998,1525,617,None,Move,browsing
1573293454.406,1532,618,None,Move,browsing
1573293454.414,1538,620,None,Move,browsing
1573293454.4220002,1541,621,None,Move,browsing
1573293454.43,1545,622,None,Move,browsing
1573293454.438,1547,624,None,Move,browsing
1573293454.444,1548,624,None,Move,browsing
1573293454.452,1549,625,None,Move,browsing
1573293454.46,1550,625,None,Move,browsing
1573293454.468,1551,625,None,Move,browsing
1573293454.48,1551,626,None,Move,browsing
1573293454.488,1552,626,None,Move,browsing
1573293454.5,1552,627,None,Move,browsing
1573293454.506,1553,627,None,Move,browsing
1573293454.514,1553,627,None,Move,browsing
1573293454.695,1553,627,None,Move,browsing
1573293454.7029998,1555,627,None,Move,browsing
1573293454.711,1556,627,None,Move,browsing
1573293454.717,1558,627,None,Move,browsing
1573293454.724,1558,626,None,Move,browsing
1573293454.7329998,1560,626,None,Move,browsing
1573293454.7410002,1562,625,None,Move,browsing
1573293454.7489998,1563,625,None,Move,browsing
1573293454.7570002,1565,624,None,Move,browsing
1573293454.764,1567,624,None,Move,browsing
1573293454.7729998,1569,624,None,Move,browsing
1573293454.78,1572,624,None,Move,browsing
1573293454.7870002,1575,624,None,Move,browsing
1573293454.795,1581,625,None,Move,browsing
1573293454.803,1588,627,None,Move,browsing
1573293454.81,1595,629,None,Move,browsing
1573293454.819,1600,631,None,Move,browsing
1573293454.826,1606,633,None,Move,browsing
1573293454.835,1609,635,None,Move,browsing
1573293454.842,1612,637,None,Move,browsing
1573293454.851,1616,639,None,Move,browsing
1573293454.857,1619,642,None,Move,browsing
1573293454.865,1621,645,None,Move,browsing
1573293454.873,1624,646,None,Move,browsing
1573293454.881,1626,648,None,Move,browsing
1573293454.889,1628,650,None,Move,browsing
1573293454.897,1630,652,None,Move,browsing
1573293454.905,1632,654,None,Move,browsing
1573293454.9120002,1633,656,None,Move,browsing
1573293454.921,1635,658,None,Move,browsing
1573293454.926,1636,659,None,Move,browsing
1573293454.935,1637,661,None,Move,browsing
1573293454.9420002,1637,663,None,Move,browsing
1573293454.951,1637,664,None,Move,browsing
1573293454.958,1637,666,None,Move,browsing
1573293454.967,1637,667,None,Move,browsing
1573293454.975,1637,669,None,Move,browsing
1573293454.9829998,1635,671,None,Move,browsing
1573293454.9910002,1634,672,None,Move,browsing
1573293454.996,1632,674,None,Move,browsing
1573293455.005,1631,676,None,Move,browsing
1573293455.012,1629,677,None,Move,browsing
1573293455.021,1626,678,None,Move,browsing
1573293455.029,1624,679,None,Move,browsing
1573293455.0370002,1622,680,None,Move,browsing
1573293455.045,1620,680,None,Move,browsing
1573293455.053,1618,681,None,Move,browsing
1573293455.06,1614,681,None,Move,browsing
1573293455.0670002,1613,681,None,Move,browsing
1573293455.075,1610,681,None,Move,browsing
1573293455.083,1608,681,None,Move,browsing
1573293455.091,1606,681,None,Move,browsing
1573293455.099,1604,681,None,Move,browsing
1573293455.107,1602,681,None,Move,browsing
1573293455.115,1600,680,None,Move,browsing
1573293455.123,1599,680,None,Move,browsing
1573293455.13,1598,680,None,Move,browsing
1573293455.1360002,1597,680,None,Move,browsing
1573293455.144,1596,680,None,Move,browsing
1573293455.153,1595,680,None,Move,browsing
1573293455.16,1594,680,None,Move,browsing
1573293455.169,1593,680,None,Move,browsing
1573293455.176,1592,680,None,Move,browsing
1573293455.184,1591,680,None,Move,browsing
1573293455.1920002,1589,680,None,Move,browsing
1573293455.201,1588,680,None,Move,browsing
1573293455.207,1586,680,None,Move,browsing
1573293455.215,1585,680,None,Move,browsing
1573293455.2229998,1583,680,None,Move,browsing
1573293455.231,1581,680,None,Move,browsing
1573293455.2389998,1579,680,None,Move,browsing
1573293455.2470002,1576,681,None,Move,browsing
1573293455.254,1574,682,None,Move,browsing
1573293455.262,1572,683,None,Move,browsing
1573293455.271,1570,684,None,Move,browsing
1573293455.276,1566,686,None,Move,browsing
1573293455.285,1564,687,None,Move,browsing
1573293455.292,1561,688,None,Move,browsing
1573293455.301,1560,690,None,Move,browsing
1573293455.3079998,1558,691,None,Move,browsing
1573293455.316,1556,692,None,Move,browsing
1573293455.324,1554,694,None,Move,browsing
1573293455.333,1552,696,None,Move,browsing
1573293455.341,1550,697,None,Move,browsing
1573293455.346,1549,698,None,Move,browsing
1573293455.355,1548,699,None,Move,browsing
1573293455.363,1547,699,None,Move,browsing
1573293455.371,1547,700,None,Move,browsing
1573293455.3779998,1547,700,None,Move,browsing
1573293455.476,1547,700,None,Move,browsing
1573293455.482,1549,700,None,Move,browsing
1573293455.49,1555,700,None,Move,browsing
1573293455.498,1563,700,None,Move,browsing
1573293455.506,1572,700,None,Move,browsing
1573293455.514,1581,700,None,Move,browsing
1573293455.522,1591,700,None,Move,browsing
1573293455.53,1602,700,None,Move,browsing
1573293455.538,1612,700,None,Move,browsing
1573293455.546,1621,700,None,Move,browsing
1573293455.552,1631,700,None,Move,browsing
1573293455.56,1639,700,None,Move,browsing
1573293455.5679998,1646,700,None,Move,browsing
1573293455.576,1652,700,None,Move,browsing
1573293455.584,1657,700,None,Move,browsing
1573293455.592,1659,700,None,Move,browsing
1573293455.6,1660,700,None,Move,browsing
1573293455.6079998,1662,700,None,Move,browsing
1573293455.6160002,1663,700,None,Move,browsing
1573293455.6220002,1663,700,None,Move,browsing
1573293455.631,1664,700,None,Move,browsing
1573293455.6379998,1665,700,None,Move,browsing
1573293455.646,1665,700,None,Move,browsing
1573293455.654,1667,700,None,Move,browsing
1573293455.6620002,1668,700,None,Move,browsing
1573293455.67,1669,700,None,Move,browsing
1573293455.678,1670,700,None,Move,browsing
1573293455.686,1671,700,None,Move,browsing
1573293455.694,1672,700,None,Move,browsing
1573293455.7,1673,700,None,Move,browsing
1573293455.728,1674,700,None,Move,browsing
1573293455.778,1674,700,None,Move,browsing
1573293455.786,1674,699,None,Move,browsing
1573293455.798,1674,699,None,Move,browsing
1573293455.806,1674,698,None,Move,browsing
1573293455.814,1673,697,None,Move,browsing
1573293455.822,1671,696,None,Move,browsing
1573293455.83,1669,694,None,Move,browsing
1573293455.836,1668,692,None,Move,browsing
1573293455.844,1665,690,None,Move,browsing
1573293455.8520002,1662,689,None,Move,browsing
1573293455.86,1660,687,None,Move,browsing
1573293455.869,1657,686,None,Move,browsing
1573293455.8760002,1654,684,None,Move,browsing
1573293455.8839998,1652,683,None,Move,browsing
1573293455.8920002,1650,683,None,Move,browsing
1573293455.9,1648,681,None,Move,browsing
1573293455.906,1646,679,None,Move,browsing
1573293455.915,1644,678,None,Move,browsing
1573293455.9220002,1642,677,None,Move,browsing
1573293455.931,1641,676,None,Move,browsing
1573293455.938,1638,675,None,Move,browsing
1573293455.946,1636,674,None,Move,browsing
1573293455.954,1635,673,None,Move,browsing
1573293455.962,1633,672,None,Move,browsing
1573293455.968,1632,672,None,Move,browsing
1573293455.976,1632,672,None,Move,browsing
1573293455.984,1631,672,None,Move,browsing
1573293456.276,1631,672,None,Move,browsing
1573293456.292,1632,674,None,Move,browsing
1573293456.3,1633,675,None,Move,browsing
1573293456.3079998,1634,677,None,Move,browsing
1573293456.316,1636,679,None,Move,browsing
1573293456.322,1637,680,None,Move,browsing
1573293456.33,1638,682,None,Move,browsing
1573293456.3379998,1639,684,None,Move,browsing
1573293456.346,1641,685,None,Move,browsing
1573293456.354,1642,686,None,Move,browsing
1573293456.3620002,1642,687,None,Move,browsing
1573293456.37,1642,687,None,Move,browsing
1573293456.377,1643,688,None,Move,browsing
1573293456.3860002,1643,690,None,Move,browsing
1573293456.393,1643,690,None,Move,browsing
1573293456.4,1643,692,None,Move,browsing
1573293456.408,1643,692,None,Move,browsing
1573293456.42,1644,693,None,Move,browsing
1573293456.428,1644,694,None,Move,browsing
1573293456.437,1644,694,None,Move,browsing
1573293456.444,1644,695,None,Move,browsing
1573293456.456,1644,696,None,Move,browsing
1573293456.466,1644,697,None,Move,browsing
1573293456.478,1644,697,None,Move,browsing
1573293456.486,1645,698,None,Move,browsing
1573293456.498,1645,699,None,Move,browsing
1573293456.51,1645,699,None,Move,browsing
1573293456.518,1646,700,None,Move,browsing
1573293456.526,1646,701,None,Move,browsing
1573293456.532,1646,701,None,Move,browsing
1573293456.54,1646,702,None,Move,browsing
1573293456.548,1646,703,None,Move,browsing
1573293456.556,1646,703,None,Move,browsing
1573293456.565,1647,704,None,Move,browsing
1573293456.572,1647,705,None,Move,browsing
1573293456.58,1648,706,None,Move,browsing
1573293456.5879998,1648,707,None,Move,browsing
1573293456.596,1648,708,None,Move,browsing
1573293456.6020002,1648,709,None,Move,browsing
1573293456.61,1648,710,None,Move,browsing
1573293456.6179998,1648,711,None,Move,browsing
1573293456.6260002,1648,713,None,Move,browsing
1573293456.6339998,1648,714,None,Move,browsing
1573293456.6420002,1648,715,None,Move,browsing
1573293456.649,1648,716,None,Move,browsing
1573293456.658,1648,717,None,Move,browsing
1573293456.666,1648,718,None,Move,browsing
1573293456.6720002,1647,719,None,Move,browsing
1573293456.68,1645,721,None,Move,browsing
1573293456.689,1644,723,None,Move,browsing
1573293456.696,1642,723,None,Move,browsing
1573293456.704,1640,724,None,Move,browsing
1573293456.712,1638,724,None,Move,browsing
1573293456.72,1635,724,None,Move,browsing
1573293456.728,1631,724,None,Move,browsing
1573293456.736,1627,724,None,Move,browsing
1573293456.742,1620,723,None,Move,browsing
1573293456.75,1615,721,None,Move,browsing
1573293456.758,1608,719,None,Move,browsing
1573293456.766,1602,716,None,Move,browsing
1573293456.774,1596,715,None,Move,browsing
1573293456.782,1589,713,None,Move,browsing
1573293456.791,1583,711,None,Move,browsing
1573293456.798,1578,710,None,Move,browsing
1573293456.806,1575,708,None,Move,browsing
1573293456.812,1573,707,None,Move,browsing
1573293456.82,1571,705,None,Move,browsing
1573293456.8279998,1569,705,None,Move,browsing
1573293456.836,1568,703,None,Move,browsing
1573293456.843,1565,701,None,Move,browsing
1573293456.853,1563,700,None,Move,browsing
1573293456.86,1562,699,None,Move,browsing
1573293456.869,1560,697,None,Move,browsing
1573293456.875,1558,695,None,Move,browsing
1573293456.8820002,1557,694,None,Move,browsing
1573293456.89,1556,694,None,Move,browsing
1573293456.8979998,1556,693,None,Move,browsing
1573293456.906,1555,692,None,Move,browsing
1573293456.914,1555,692,None,Move,browsing
1573293456.9220002,1554,690,None,Move,browsing
1573293456.931,1553,689,None,Move,browsing
1573293456.939,1553,689,None,Move,browsing
1573293456.946,1552,688,None,Move,browsing
1573293456.952,1552,687,None,Move,browsing
1573293456.96,1551,686,None,Move,browsing
1573293456.968,1549,684,None,Move,browsing
1573293456.976,1548,683,None,Move,browsing
1573293456.984,1546,681,None,Move,browsing
1573293456.992,1544,680,None,Move,browsing
1573293457.0,1544,679,None,Move,browsing
1573293457.008,1543,678,None,Move,browsing
1573293457.016,1543,677,None,Move,browsing
1573293457.05,1543,677,Left,Pressed,browsing
1573293457.144,1543,677,Left,Released,browsing
1573293457.96,1543,677,None,Move,browsing
1573293457.972,1543,678,None,Move,browsing
1573293458.046,1541,678,None,Move,browsing
1573293458.055,1529,675,None,Move,browsing
1573293458.063,1505,668,None,Move,browsing
1573293458.07,1485,661,None,Move,browsing
1573293458.076,1465,655,None,Move,browsing
1573293458.084,1439,648,None,Move,browsing
1573293458.092,1409,637,None,Move,browsing
1573293458.1,1376,625,None,Move,browsing
1573293458.1079998,1346,616,None,Move,browsing
1573293458.117,1316,605,None,Move,browsing
1573293458.1239998,1286,593,None,Move,browsing
1573293458.1320002,1255,580,None,Move,browsing
1573293458.14,1228,569,None,Move,browsing
1573293458.1479998,1200,558,None,Move,browsing
1573293458.154,1183,551,None,Move,browsing
1573293458.1620002,1168,544,None,Move,browsing
1573293458.17,1156,537,None,Move,browsing
1573293458.178,1148,535,None,Move,browsing
1573293458.186,1136,532,None,Move,browsing
1573293458.194,1126,529,None,Move,browsing
1573293458.202,1119,526,None,Move,browsing
1573293458.211,1111,524,None,Move,browsing
1573293458.218,1104,522,None,Move,browsing
1573293458.224,1097,519,None,Move,browsing
1573293458.2329998,1091,517,None,Move,browsing
1573293458.2410002,1086,515,None,Move,browsing
1573293458.248,1083,513,None,Move,browsing
1573293458.256,1080,511,None,Move,browsing
1573293458.264,1076,510,None,Move,browsing
1573293458.272,1072,508,None,Move,browsing
1573293458.28,1069,506,None,Move,browsing
1573293458.286,1067,506,None,Move,browsing
1573293458.294,1065,504,None,Move,browsing
1573293458.302,1063,502,None,Move,browsing
1573293458.311,1060,501,None,Move,browsing
1573293458.3179998,1058,500,None,Move,browsing
1573293458.327,1056,499,None,Move,browsing
1573293458.335,1054,497,None,Move,browsing
1573293458.343,1053,496,None,Move,browsing
1573293458.35,1051,494,None,Move,browsing
1573293458.357,1049,494,None,Move,browsing
1573293458.3639998,1048,493,None,Move,browsing
1573293458.3720002,1047,492,None,Move,browsing
1573293458.575,1047,492,None,Move,browsing
1573293458.587,1047,493,None,Move,browsing
1573293458.595,1048,493,None,Move,browsing
1573293458.603,1049,494,None,Move,browsing
1573293458.611,1050,495,None,Move,browsing
1573293458.6260002,1050,495,None,Move,browsing
1573293458.738,1050,495,None,Move,browsing
1573293459.404,1051,496,None,Move,browsing
1573293459.4120002,1052,497,None,Move,browsing
1573293459.418,1052,498,None,Move,browsing
1573293459.43,1052,499,None,Move,browsing
1573293459.438,1053,500,None,Move,browsing
1573293459.447,1054,502,None,Move,browsing
1573293459.458,1055,503,None,Move,browsing
1573293459.466,1055,504,None,Move,browsing
1573293459.474,1057,506,None,Move,browsing
1573293459.482,1057,507,None,Move,browsing
1573293459.512,1058,507,None,Move,browsing
1573293459.532,1058,507,None,Move,browsing
1573293459.55,1058,508,None,Move,browsing
1573293459.562,1059,508,None,Move,browsing
1573293459.579,1060,508,None,Move,browsing
1573293459.587,1060,508,None,Move,browsing
1573293459.603,1061,508,None,Move,browsing
1573293459.611,1061,509,None,Move,browsing
1573293459.6179998,1062,509,None,Move,browsing
1573293459.627,1063,509,None,Move,browsing
1573293459.6320002,1063,509,None,Move,browsing
1573293459.649,1064,509,None,Move,browsing
1573293459.669,1064,510,None,Move,browsing
1573293459.707,1065,510,None,Move,browsing
1573293459.719,1065,511,None,Move,browsing
1573293459.7270002,1066,511,None,Move,browsing
1573293459.735,1067,511,None,Move,browsing
1573293459.7429998,1067,512,None,Move,browsing
1573293459.7510002,1067,513,None,Move,browsing
1573293459.7589998,1068,513,None,Move,browsing
1573293459.764,1068,513,None,Move,browsing
1573293459.772,1069,513,None,Move,browsing
1573293459.781,1069,514,None,Move,browsing
1573293459.831,1070,514,None,Move,browsing
1573293460.2410002,1071,515,None,Move,browsing
1573293460.2510002,1071,515,None,Move,browsing
1573293460.2589998,1071,515,None,Move,browsing
1573293460.2670002,1072,516,None,Move,browsing
1573293460.275,1073,517,None,Move,browsing
1573293460.283,1073,517,None,Move,browsing
1573293460.291,1073,517,None,Move,browsing
1573293460.299,1073,518,None,Move,browsing
1573293460.3070002,1073,519,None,Move,browsing
1573293460.315,1073,519,None,Move,browsing
1573293460.365,1073,520,None,Move,browsing
1573293460.389,1073,521,None,Move,browsing
1573293460.407,1073,522,None,Move,browsing
1573293460.414,1074,522,None,Move,browsing
1573293460.434,1074,523,None,Move,browsing
1573293460.447,1074,524,None,Move,browsing
1573293460.458,1074,524,None,Move,browsing
1573293460.485,1074,525,None,Move,browsing
1573293460.504,1074,526,None,Move,browsing
1573293460.524,1074,526,None,Move,browsing
1573293460.532,1074,527,None,Move,browsing
1573293460.538,1074,528,None,Move,browsing
1573293460.546,1074,528,None,Move,browsing
1573293460.559,1074,529,None,Move,browsing
1573293460.57,1074,530,None,Move,browsing
1573293460.667,1074,530,None,Move,browsing
1573293460.679,1074,531,None,Move,browsing
1573293460.687,1075,532,None,Move,browsing
1573293460.694,1075,532,None,Move,browsing
1573293460.707,1075,533,None,Move,browsing
1573293460.714,1075,534,None,Move,browsing
1573293460.7270002,1075,535,None,Move,browsing
1573293460.735,1075,535,None,Move,browsing
1573293460.7410002,1075,536,None,Move,browsing
1573293460.7489998,1076,537,None,Move,browsing
1573293460.7570002,1076,538,None,Move,browsing
1573293460.765,1076,539,None,Move,browsing
1573293460.772,1077,539,None,Move,browsing
1573293460.781,1078,540,None,Move,browsing
1573293460.789,1078,541,None,Move,browsing
1573293460.801,1078,541,None,Move,browsing
1573293460.814,1078,542,None,Move,browsing
1573293460.823,1079,542,None,Move,browsing
1573293460.83,1079,543,None,Move,browsing
1573293460.843,1079,544,None,Move,browsing
1573293460.855,1080,544,None,Move,browsing
1573293460.875,1080,545,None,Move,browsing
1573293460.966,1080,546,None,Move,browsing
1573293461.002,1081,546,None,Move,browsing
1573293461.028,1081,547,None,Move,browsing
1573293461.399,1081,548,None,Move,browsing
1573293461.407,1078,549,None,Move,browsing
1573293461.414,1073,551,None,Move,browsing
1573293461.423,1064,554,None,Move,browsing
1573293461.43,1057,559,None,Move,browsing
1573293461.439,1047,564,None,Move,browsing
1573293461.444,1036,570,None,Move,browsing
1573293461.452,1021,579,None,Move,browsing
1573293461.46,1003,588,None,Move,browsing
1573293461.468,981,598,None,Move,browsing
1573293461.4770002,951,609,None,Move,browsing
1573293461.484,928,617,None,Move,browsing
1573293461.492,909,627,None,Move,browsing
1573293461.5010002,890,638,None,Move,browsing
1573293461.506,870,651,None,Move,browsing
1573293461.514,854,661,None,Move,browsing
1573293461.522,845,670,None,Move,browsing
1573293461.531,838,678,None,Move,browsing
1573293461.538,830,685,None,Move,browsing
1573293461.5470002,826,691,None,Move,browsing
1573293461.555,822,696,None,Move,browsing
1573293461.563,820,699,None,Move,browsing
1573293461.571,818,703,None,Move,browsing
1573293461.577,818,708,None,Move,browsing
1573293461.585,818,713,None,Move,browsing
1573293461.593,818,719,None,Move,browsing
1573293461.6,818,723,None,Move,browsing
1573293461.609,818,727,None,Move,browsing
1573293461.6160002,818,729,None,Move,browsing
1573293461.625,818,731,None,Move,browsing
1573293461.6320002,818,734,None,Move,browsing
1573293461.641,818,737,None,Move,browsing
1573293461.647,817,739,None,Move,browsing
1573293461.654,816,740,None,Move,browsing
1573293461.663,816,742,None,Move,browsing
1573293461.67,815,743,None,Move,browsing
1573293461.678,815,745,None,Move,browsing
1573293461.861,815,746,None,Move,browsing
1573293461.8720002,814,746,None,Move,browsing
1573293461.88,814,748,None,Move,browsing
1573293461.8920002,814,748,None,Move,browsing
1573293461.9,813,748,None,Move,browsing
1573293461.909,813,749,None,Move,browsing
1573293461.92,813,750,None,Move,browsing
1573293461.93,813,751,None,Move,browsing
1573293461.951,813,751,None,Move,browsing
1573293461.959,813,752,None,Move,browsing
1573293461.966,813,753,None,Move,browsing
1573293461.975,813,754,None,Move,browsing
1573293461.982,813,755,None,Move,browsing
1573293461.9910002,813,756,None,Move,browsing
1573293462.0010002,813,757,None,Move,browsing
1573293462.048,814,757,None,Move,browsing
1573293462.061,814,757,None,Move,browsing
1573293462.0670002,815,757,None,Move,browsing
1573293462.086,815,757,None,Move,browsing
1573293462.127,815,757,None,Move,browsing
1573293462.137,816,756,None,Move,browsing
1573293462.145,817,755,None,Move,browsing
1573293462.1520002,817,755,None,Move,browsing
1573293462.25,818,754,None,Move,browsing
1573293462.2629998,818,754,None,Move,browsing
1573293462.269,818,753,None,Move,browsing
1573293462.2770002,819,753,None,Move,browsing
1573293462.313,819,752,None,Move,browsing
1573293462.325,819,752,None,Move,browsing
1573293462.332,819,751,None,Move,browsing
1573293462.339,819,750,None,Move,browsing
1573293462.347,819,750,None,Move,browsing
1573293462.355,820,750,None,Move,browsing
1573293462.363,820,748,None,Move,browsing
1573293462.379,820,748,None,Move,browsing
1573293462.387,820,747,None,Move,browsing
1573293462.395,820,747,None,Move,browsing
1573293462.407,820,746,None,Move,browsing
1573293462.417,820,746,None,Move,browsing
1573293462.465,820,745,None,Move,browsing
1573293462.593,821,745,None,Move,browsing
1573293462.617,822,744,None,Move,browsing
1573293462.6260002,822,743,None,Move,browsing
1573293462.6339998,823,743,None,Move,browsing
1573293462.666,824,743,None,Move,browsing
1573293462.6820002,824,743,None,Move,browsing
1573293462.744,824,743,None,Move,browsing
1573293463.486,825,743,None,Move,browsing
1573293463.495,826,743,None,Move,browsing
1573293463.502,828,743,None,Move,browsing
1573293463.5110002,829,743,None,Move,browsing
1573293463.518,830,743,None,Move,browsing
1573293463.5270002,832,743,None,Move,browsing
1573293463.532,833,742,None,Move,browsing
1573293463.541,835,742,None,Move,browsing
1573293463.549,836,742,None,Move,browsing
1573293463.556,836,742,None,Move,browsing
1573293463.565,838,741,None,Move,browsing
1573293463.577,838,741,None,Move,browsing
1573293463.5879998,839,741,None,Move,browsing
1573293463.599,840,741,None,Move,browsing
1573293463.607,840,741,None,Move,browsing
1573293463.6139998,841,741,None,Move,browsing
1573293463.6220002,842,741,None,Move,browsing
1573293463.631,842,741,None,Move,browsing
1573293463.6379998,843,741,None,Move,browsing
1573293463.647,845,741,None,Move,browsing
1573293463.655,845,741,None,Move,browsing
1573293463.663,846,741,None,Move,browsing
1573293463.669,847,741,None,Move,browsing
1573293463.677,848,741,None,Move,browsing
1573293463.689,849,741,None,Move,browsing
1573293463.697,849,741,None,Move,browsing
1573293463.705,849,741,None,Move,browsing
1573293464.2029998,849,741,None,Move,browsing
1573293464.2410002,849,741,None,Move,browsing
1573293464.281,848,741,None,Move,browsing
1573293464.38,848,741,None,Move,browsing
1573293464.3920002,847,741,None,Move,browsing
1573293464.4,846,741,None,Move,browsing
1573293464.416,846,741,None,Move,browsing
1573293464.438,845,741,None,Move,browsing
1573293464.446,844,741,None,Move,browsing
1573293464.458,844,742,None,Move,browsing
1573293464.495,843,742,None,Move,browsing
1573293464.5,842,742,None,Move,browsing
1573293464.508,842,742,None,Move,browsing
1573293465.022,842,742,None,Move,browsing
1573293465.031,842,741,None,Move,browsing
1573293465.038,842,741,None,Move,browsing
1573293465.0470002,842,740,None,Move,browsing
1573293465.054,842,738,None,Move,browsing
1573293465.061,842,738,None,Move,browsing
1573293465.109,842,737,None,Move,browsing
1573293465.225,842,737,None,Move,browsing
1573293465.275,842,737,None,Move,browsing
1573293465.327,842,736,None,Move,browsing
1573293465.337,842,736,None,Move,browsing
1573293465.345,842,735,None,Move,browsing
1573293465.361,843,735,None,Move,browsing
1573293465.3679998,843,734,None,Move,browsing
1573293465.3760002,843,734,None,Move,browsing
1573293465.385,843,733,None,Move,browsing
1573293465.415,843,732,None,Move,browsing
1573293465.4220002,843,731,None,Move,browsing
1573293465.554,843,731,None,Move,browsing
1573293465.562,843,731,None,Move,browsing
1573293465.57,843,729,None,Move,browsing
1573293465.579,843,728,None,Move,browsing
1573293465.586,843,726,None,Move,browsing
1573293465.595,843,725,None,Move,browsing
1573293465.603,842,725,None,Move,browsing
1573293465.61,842,723,None,Move,browsing
1573293465.6160002,842,723,None,Move,browsing
1573293465.6239998,842,722,None,Move,browsing
1573293465.6320002,842,721,None,Move,browsing
1573293465.64,842,721,None,Move,browsing
1573293465.649,842,720,None,Move,browsing
1573293465.685,842,719,None,Move,browsing
1573293466.275,842,718,None,Move,browsing
1573293466.2870002,842,718,None,Move,browsing
1573293466.295,842,717,None,Move,browsing
1573293466.3070002,842,716,None,Move,browsing
1573293466.3170002,842,716,None,Move,browsing
1573293466.329,842,715,None,Move,browsing
1573293466.337,842,714,None,Move,browsing
1573293466.345,841,712,None,Move,browsing
1573293466.3520002,840,710,None,Move,browsing
1573293466.361,840,709,None,Move,browsing
1573293466.3679998,838,707,None,Move,browsing
1573293466.3760002,836,704,None,Move,browsing
1573293466.383,833,702,None,Move,browsing
1573293466.391,830,696,None,Move,browsing
1573293466.399,827,690,None,Move,browsing
1573293466.407,819,683,None,Move,browsing
1573293466.415,812,675,None,Move,browsing
1573293466.423,804,668,None,Move,browsing
1573293466.431,797,659,None,Move,browsing
1573293466.439,789,649,None,Move,browsing
1573293466.444,781,638,None,Move,browsing
1573293466.452,773,628,None,Move,browsing
1573293466.461,765,617,None,Move,browsing
1573293466.468,758,607,None,Move,browsing
1573293466.4770002,748,598,None,Move,browsing
1573293466.485,739,589,None,Move,browsing
1573293466.4929998,732,581,None,Move,browsing
1573293466.5,725,574,None,Move,browsing
1573293466.508,717,568,None,Move,browsing
1573293466.5170002,711,563,None,Move,browsing
1573293466.522,706,560,None,Move,browsing
1573293466.531,700,557,None,Move,browsing
1573293466.539,698,555,None,Move,browsing
1573293466.5470002,695,553,None,Move,browsing
1573293466.555,693,552,None,Move,browsing
1573293466.563,692,551,None,Move,browsing
1573293466.571,691,551,None,Move,browsing
1573293466.659,691,551,None,Move,browsing
1573293466.667,691,552,None,Move,browsing
1573293466.675,691,553,None,Move,browsing
1573293466.6829998,691,554,None,Move,browsing
1573293466.691,691,555,None,Move,browsing
1573293466.699,691,556,None,Move,browsing
1573293466.707,691,557,None,Move,browsing
1573293466.715,691,557,None,Move,browsing
1573293466.7229998,691,558,None,Move,browsing
1573293466.728,691,559,None,Move,browsing
1573293466.7370002,691,560,None,Move,browsing
1573293466.745,692,561,None,Move,browsing
1573293466.7529998,692,562,None,Move,browsing
1573293466.7610002,693,564,None,Move,browsing
1573293466.769,693,566,None,Move,browsing
1573293466.7770002,693,566,None,Move,browsing
1573293466.785,693,568,None,Move,browsing
1573293466.8070002,693,568,None,Move,browsing
1573293466.815,693,569,None,Move,browsing
1573293466.851,693,570,None,Move,browsing
1573293466.901,693,570,None,Move,browsing
1573293467.002,694,570,None,Move,browsing
1573293467.016,695,570,None,Move,browsing
1573293467.032,696,570,None,Move,browsing
1573293467.056,696,570,None,Move,browsing
1573293467.095,696,570,None,Move,browsing
1573293467.197,697,570,None,Move,browsing
1573293467.301,698,570,None,Move,browsing
1573293467.313,698,570,None,Move,browsing
1573293467.321,699,571,None,Move,browsing
1573293467.333,700,572,None,Move,browsing
1573293467.341,700,572,None,Move,browsing
1573293467.349,700,573,None,Move,browsing
1573293467.354,700,574,None,Move,browsing
1573293467.363,701,574,None,Move,browsing
1573293467.371,701,574,None,Move,browsing
1573293467.387,701,575,None,Move,browsing
1573293467.445,701,576,None,Move,browsing
1573293467.469,702,576,None,Move,browsing
1573293467.827,702,577,None,Move,browsing
1573293467.8379998,704,577,None,Move,browsing
1573293467.844,705,577,None,Move,browsing
1573293467.8520002,706,579,None,Move,browsing
1573293467.86,708,580,None,Move,browsing
1573293467.8679998,710,581,None,Move,browsing
1573293467.8760002,714,583,None,Move,browsing
1573293467.8839998,720,586,None,Move,browsing
1573293467.893,725,588,None,Move,browsing
1573293467.901,731,590,None,Move,browsing
1573293467.909,738,593,None,Move,browsing
1573293467.915,745,600,None,Move,browsing
1573293467.923,751,605,None,Move,browsing
1573293467.93,756,613,None,Move,browsing
1573293467.938,758,620,None,Move,browsing
1573293467.946,760,626,None,Move,browsing
1573293467.955,763,635,None,Move,browsing
1573293467.9629998,763,645,None,Move,browsing
1573293467.971,763,654,None,Move,browsing
1573293467.979,761,663,None,Move,browsing
1573293467.984,759,674,None,Move,browsing
1573293467.9929998,756,687,None,Move,browsing
1573293468.0010002,753,703,None,Move,browsing
1573293468.0089998,749,719,None,Move,browsing
1573293468.0170002,744,736,None,Move,browsing
1573293468.025,740,752,None,Move,browsing
1573293468.033,736,764,None,Move,browsing
1573293468.041,733,777,None,Move,browsing
1573293468.049,731,788,None,Move,browsing
1573293468.055,728,798,None,Move,browsing
1573293468.063,726,807,None,Move,browsing
1573293468.071,724,814,None,Move,browsing
1573293468.079,721,819,None,Move,browsing
1573293468.087,720,826,None,Move,browsing
1573293468.095,719,828,None,Move,browsing
1573293468.103,719,831,None,Move,browsing
1573293468.111,719,832,None,Move,browsing
1573293468.119,719,834,None,Move,browsing
1573293468.1239998,719,836,None,Move,browsing
1573293468.133,719,837,None,Move,browsing
1573293468.141,719,839,None,Move,browsing
1573293468.149,719,839,None,Move,browsing
1573293468.156,718,840,None,Move,browsing
1573293468.165,718,841,None,Move,browsing
1573293468.1720002,718,842,None,Move,browsing
1573293468.181,718,844,None,Move,browsing
1573293468.186,718,844,None,Move,browsing
1573293468.195,717,844,None,Move,browsing
1573293468.292,717,845,None,Move,browsing
1573293468.449,717,845,None,Move,browsing
1573293468.457,716,842,None,Move,browsing
1573293468.462,713,837,None,Move,browsing
1573293468.471,710,826,None,Move,browsing
1573293468.479,703,813,None,Move,browsing
1573293468.4870002,694,796,None,Move,browsing
1573293468.495,686,780,None,Move,browsing
1573293468.5029998,673,760,None,Move,browsing
1573293468.5110002,655,740,None,Move,browsing
1573293468.519,633,710,None,Move,browsing
1573293468.5270002,609,680,None,Move,browsing
1573293468.533,587,650,None,Move,browsing
1573293468.543,564,622,None,Move,browsing
1573293468.548,533,593,None,Move,browsing
1573293468.556,501,559,None,Move,browsing
1573293468.565,466,527,None,Move,browsing
1573293468.572,432,497,None,Move,browsing
1573293468.581,399,472,None,Move,browsing
1573293468.589,370,455,None,Move,browsing
1573293468.597,342,442,None,Move,browsing
1573293468.603,324,433,None,Move,browsing
1573293468.61,308,429,None,Move,browsing
1573293468.619,293,427,None,Move,browsing
1573293468.627,277,426,None,Move,browsing
1573293468.635,263,426,None,Move,browsing
1573293468.643,252,428,None,Move,browsing
1573293468.651,239,430,None,Move,browsing
1573293468.659,227,433,None,Move,browsing
1573293468.664,217,435,None,Move,browsing
1573293468.673,207,438,None,Move,browsing
1573293468.681,197,441,None,Move,browsing
1573293468.688,187,445,None,Move,browsing
1573293468.696,177,450,None,Move,browsing
1573293468.705,165,456,None,Move,browsing
1573293468.7129998,155,461,None,Move,browsing
1573293468.721,143,469,None,Move,browsing
1573293468.728,131,477,None,Move,browsing
1573293468.7370002,121,484,None,Move,browsing
1573293468.742,109,492,None,Move,browsing
1573293468.7510002,97,500,None,Move,browsing
1573293468.7589998,84,508,None,Move,browsing
1573293468.7670002,73,516,None,Move,browsing
1573293468.775,63,524,None,Move,browsing
1573293468.783,56,526,None,Move,browsing
1573293468.791,52,528,None,Move,browsing
1573293468.799,49,530,None,Move,browsing
1573293468.805,46,532,None,Move,browsing
1573293468.813,45,533,None,Move,browsing
1573293468.821,44,533,None,Move,browsing
1573293468.833,43,533,None,Move,browsing
1573293468.895,43,533,None,Move,browsing
1573293468.906,44,533,None,Move,browsing
1573293468.915,45,533,None,Move,browsing
1573293468.968,45,533,None,Move,browsing
1573293468.98,45,532,None,Move,browsing
1573293468.988,48,530,None,Move,browsing
1573293468.9970002,52,524,None,Move,browsing
1573293469.005,59,515,None,Move,browsing
1573293469.0129998,68,505,None,Move,browsing
1573293469.019,78,493,None,Move,browsing
1573293469.0270002,86,479,None,Move,browsing
1573293469.035,97,461,None,Move,browsing
1573293469.043,105,446,None,Move,browsing
1573293469.051,115,427,None,Move,browsing
1573293469.059,122,410,None,Move,browsing
1573293469.0670002,126,395,None,Move,browsing
1573293469.074,130,385,None,Move,browsing
1573293469.083,132,375,None,Move,browsing
1573293469.0879998,135,365,None,Move,browsing
1573293469.096,137,355,None,Move,browsing
1573293469.104,138,345,None,Move,browsing
1573293469.113,138,336,None,Move,browsing
1573293469.12,140,329,None,Move,browsing
1573293469.1279998,140,322,None,Move,browsing
1573293469.137,141,316,None,Move,browsing
1573293469.145,141,309,None,Move,browsing
1573293469.151,142,301,None,Move,browsing
1573293469.159,143,294,None,Move,browsing
1573293469.167,144,286,None,Move,browsing
1573293469.175,145,279,None,Move,browsing
1573293469.1829998,146,274,None,Move,browsing
1573293469.19,146,269,None,Move,browsing
1573293469.199,146,267,None,Move,browsing
1573293469.206,146,264,None,Move,browsing
1573293469.215,147,262,None,Move,browsing
1573293469.22,147,261,None,Move,browsing
1573293469.229,147,259,None,Move,browsing
1573293469.2370002,147,258,None,Move,browsing
1573293469.245,147,256,None,Move,browsing
1573293469.2529998,147,255,None,Move,browsing
1573293469.2610002,147,253,None,Move,browsing
1573293469.269,147,251,None,Move,browsing
1573293469.2770002,146,250,None,Move,browsing
1573293469.285,146,248,None,Move,browsing
1573293469.29,145,247,None,Move,browsing
1573293469.299,144,245,None,Move,browsing
1573293469.306,143,243,None,Move,browsing
1573293469.315,142,242,None,Move,browsing
1573293469.322,142,240,None,Move,browsing
1573293469.331,142,238,None,Move,browsing
1573293469.339,142,237,None,Move,browsing
1573293469.347,141,235,None,Move,browsing
1573293469.355,139,233,None,Move,browsing
1573293469.36,137,231,None,Move,browsing
1573293469.369,136,229,None,Move,browsing
1573293469.377,134,227,None,Move,browsing
1573293469.385,133,226,None,Move,browsing
1573293469.393,131,223,None,Move,browsing
1573293469.401,129,219,None,Move,browsing
1573293469.409,128,217,None,Move,browsing
1573293469.417,127,215,None,Move,browsing
1573293469.425,125,213,None,Move,browsing
1573293469.431,123,211,None,Move,browsing
1573293469.439,121,209,None,Move,browsing
1573293469.447,121,207,None,Move,browsing
1573293469.455,119,206,None,Move,browsing
1573293469.4629998,118,204,None,Move,browsing
1573293469.471,116,202,None,Move,browsing
1573293469.479,116,201,None,Move,browsing
1573293469.486,114,199,None,Move,browsing
1573293469.492,113,197,None,Move,browsing
1573293469.5010002,112,196,None,Move,browsing
1573293469.5089998,112,196,None,Move,browsing
1573293469.5170002,112,195,None,Move,browsing
1573293469.524,111,194,None,Move,browsing
1573293469.772,111,194,None,Move,browsing
1573293469.788,111,195,None,Move,browsing
1573293469.796,112,198,None,Move,browsing
1573293469.804,115,205,None,Move,browsing
1573293469.812,117,212,None,Move,browsing
1573293469.82,119,220,None,Move,browsing
1573293469.8279998,122,230,None,Move,browsing
1573293469.836,126,239,None,Move,browsing
1573293469.844,128,249,None,Move,browsing
1573293469.85,132,262,None,Move,browsing
1573293469.859,136,274,None,Move,browsing
1573293469.867,138,287,None,Move,browsing
1573293469.875,141,301,None,Move,browsing
1573293469.883,144,317,None,Move,browsing
1573293469.89,146,330,None,Move,browsing
1573293469.899,149,346,None,Move,browsing
1573293469.906,153,356,None,Move,browsing
1573293469.9120002,155,366,None,Move,browsing
1573293469.921,158,375,None,Move,browsing
1573293469.929,160,382,None,Move,browsing
1573293469.937,162,389,None,Move,browsing
1573293469.945,163,392,None,Move,browsing
1573293469.952,163,394,None,Move,browsing
1573293469.961,164,396,None,Move,browsing
1573293469.968,164,396,None,Move,browsing
1573293469.976,164,397,None,Move,browsing
1573293469.982,165,398,None,Move,browsing
1573293470.0029998,165,399,None,Move,browsing
1573293470.139,166,399,None,Move,browsing
1573293470.151,166,399,None,Move,browsing
1573293470.179,166,398,None,Move,browsing
1573293470.187,166,397,None,Move,browsing
1573293470.1920002,166,397,None,Move,browsing
1573293470.205,166,396,None,Move,browsing
1573293470.217,167,395,None,Move,browsing
1573293470.283,167,395,Left,Pressed,browsing
1573293470.3920002,167,395,Left,Released,browsing
1573293471.1179998,167,395,None,Move,browsing
1573293471.1260002,168,392,None,Move,browsing
1573293471.135,169,390,None,Move,browsing
1573293471.1420002,169,387,None,Move,browsing
1573293471.15,169,385,None,Move,browsing
1573293471.158,169,382,None,Move,browsing
1573293471.166,169,379,None,Move,browsing
1573293471.1720002,169,378,None,Move,browsing
1573293471.18,169,375,None,Move,browsing
1573293471.188,169,373,None,Move,browsing
1573293471.196,168,370,None,Move,browsing
1573293471.204,168,368,None,Move,browsing
1573293471.212,167,367,None,Move,browsing
1573293471.22,166,365,None,Move,browsing
1573293471.228,165,362,None,Move,browsing
1573293471.236,164,361,None,Move,browsing
1573293471.242,164,359,None,Move,browsing
1573293471.25,164,357,None,Move,browsing
1573293471.258,164,354,None,Move,browsing
1573293471.266,164,352,None,Move,browsing
1573293471.274,164,351,None,Move,browsing
1573293471.282,164,349,None,Move,browsing
1573293471.29,163,348,None,Move,browsing
1573293471.298,163,346,None,Move,browsing
1573293471.306,163,345,None,Move,browsing
1573293471.312,163,344,None,Move,browsing
1573293471.32,163,343,None,Move,browsing
1573293471.356,163,343,Left,Pressed,browsing
1573293471.472,163,343,Left,Released,browsing
1573293472.234,163,343,None,Move,browsing
1573293472.246,163,341,None,Move,browsing
1573293472.254,163,341,None,Move,browsing
1573293472.262,164,339,None,Move,browsing
1573293472.27,165,337,None,Move,browsing
1573293472.278,165,336,None,Move,browsing
1573293472.284,166,334,None,Move,browsing
1573293472.292,166,333,None,Move,browsing
1573293472.3,166,332,None,Move,browsing
1573293472.3079998,166,331,None,Move,browsing
1573293472.316,166,331,None,Move,browsing
1573293472.351,166,330,None,Move,browsing
1573293472.531,166,330,Left,Pressed,browsing
1573293472.531,166,330,None,Drag,browsing
1573293472.543,166,330,None,Drag,browsing
1573293472.551,166,330,None,Drag,browsing
1573293472.569,166,331,None,Drag,browsing
1573293472.569,166,331,Left,Released,browsing
1573293472.6079998,166,332,None,Move,browsing
1573293472.646,166,332,None,Move,browsing
1573293472.686,166,333,None,Move,browsing
1573293472.7370002,166,333,None,Move,browsing
1573293472.839,166,334,None,Move,browsing
1573293472.901,166,334,None,Move,browsing
1573293472.913,166,335,None,Move,browsing
1573293472.93,166,336,None,Move,browsing
1573293472.98,166,336,None,Move,browsing
1573293473.033,166,337,None,Move,browsing
1573293473.044,166,337,None,Move,browsing
1573293473.07,166,338,None,Move,browsing
1573293473.111,166,338,None,Move,browsing
1573293473.1320002,166,339,None,Move,browsing
1573293473.2229998,166,340,None,Move,browsing
1573293473.2510002,166,340,None,Move,browsing
1573293473.289,166,341,None,Move,browsing
1573293473.339,166,341,None,Move,browsing
1573293473.81,167,342,None,Move,browsing
1573293473.8179998,168,343,None,Move,browsing
1573293473.824,169,343,None,Move,browsing
1573293473.832,171,344,None,Move,browsing
1573293473.84,173,345,None,Move,browsing
1573293473.8479998,178,346,None,Move,browsing
1573293473.856,185,347,None,Move,browsing
1573293473.8639998,193,348,None,Move,browsing
1573293473.8720002,203,348,None,Move,browsing
1573293473.88,213,350,None,Move,browsing
1573293473.8879998,230,350,None,Move,browsing
1573293473.895,254,350,None,Move,browsing
1573293473.9020002,281,351,None,Move,browsing
1573293473.911,322,355,None,Move,browsing
1573293473.918,372,360,None,Move,browsing
1573293473.926,431,362,None,Move,browsing
1573293473.934,486,362,None,Move,browsing
1573293473.9420002,541,362,None,Move,browsing
1573293473.951,600,358,None,Move,browsing
1573293473.958,660,354,None,Move,browsing
1573293473.964,718,354,None,Move,browsing
1573293473.972,784,349,None,Move,browsing
1573293473.98,846,347,None,Move,browsing
1573293473.988,905,344,None,Move,browsing
1573293473.996,958,342,None,Move,browsing
1573293474.005,1020,340,None,Move,browsing
1573293474.012,1075,340,None,Move,browsing
1573293474.021,1138,341,None,Move,browsing
1573293474.026,1196,344,None,Move,browsing
1573293474.034,1246,346,None,Move,browsing
1573293474.043,1292,348,None,Move,browsing
1573293474.051,1336,352,None,Move,browsing
1573293474.0579998,1376,356,None,Move,browsing
1573293474.066,1409,356,None,Move,browsing
1573293474.074,1432,358,None,Move,browsing
1573293474.082,1456,359,None,Move,browsing
1573293474.09,1478,362,None,Move,browsing
1573293474.097,1498,364,None,Move,browsing
1573293474.104,1513,364,None,Move,browsing
1573293474.1120002,1526,365,None,Move,browsing
1573293474.12,1540,368,None,Move,browsing
1573293474.1279998,1552,370,None,Move,browsing
1573293474.1360002,1562,373,None,Move,browsing
1573293474.144,1573,375,None,Move,browsing
1573293474.1520002,1586,378,None,Move,browsing
1573293474.16,1601,380,None,Move,browsing
1573293474.167,1614,383,None,Move,browsing
1573293474.174,1625,386,None,Move,browsing
1573293474.1820002,1638,390,None,Move,browsing
1573293474.19,1651,395,None,Move,browsing
1573293474.198,1662,400,None,Move,browsing
1573293474.206,1672,406,None,Move,browsing
1573293474.214,1682,413,None,Move,browsing
1573293474.222,1693,419,None,Move,browsing
1573293474.23,1704,426,None,Move,browsing
1573293474.236,1715,434,None,Move,browsing
1573293474.244,1724,441,None,Move,browsing
1573293474.252,1733,449,None,Move,browsing
1573293474.26,1740,456,None,Move,browsing
1573293474.268,1748,464,None,Move,browsing
1573293474.276,1755,470,None,Move,browsing
1573293474.284,1762,476,None,Move,browsing
1573293474.292,1770,482,None,Move,browsing
1573293474.3,1777,490,None,Move,browsing
1573293474.306,1785,500,None,Move,browsing
1573293474.314,1792,508,None,Move,browsing
1573293474.323,1801,517,None,Move,browsing
1573293474.331,1809,525,None,Move,browsing
1573293474.3379998,1817,536,None,Move,browsing
1573293474.346,1824,545,None,Move,browsing
1573293474.354,1831,552,None,Move,browsing
1573293474.3620002,1835,559,None,Move,browsing
1573293474.3679998,1838,566,None,Move,browsing
1573293474.3760002,1840,572,None,Move,browsing
1573293474.3839998,1842,574,None,Move,browsing
1573293474.3920002,1843,578,None,Move,browsing
1573293474.4,1845,582,None,Move,browsing
1573293474.408,1845,584,None,Move,browsing
1573293474.416,1845,585,None,Move,browsing
1573293474.424,1845,587,None,Move,browsing
1573293474.4320002,1845,588,None,Move,browsing
1573293474.44,1845,590,None,Move,browsing
1573293474.446,1845,592,None,Move,browsing
1573293474.454,1844,592,None,Move,browsing
1573293474.462,1844,593,None,Move,browsing
1573293474.47,1843,594,None,Move,browsing
1573293474.478,1843,594,None,Move,browsing
1573293474.486,1842,594,None,Move,browsing
1573293474.494,1840,596,None,Move,browsing
1573293474.502,1840,597,None,Move,browsing
1573293474.51,1838,598,None,Move,browsing
1573293474.5170002,1837,600,None,Move,browsing
1573293474.524,1835,601,None,Move,browsing
1573293474.532,1834,602,None,Move,browsing
1573293474.54,1833,603,None,Move,browsing
1573293474.548,1832,603,None,Move,browsing
1573293474.556,1832,604,None,Move,browsing
1573293474.5679998,1831,604,None,Move,browsing
1573293475.0670002,1831,604,None,Move,browsing
1573293475.081,1830,603,None,Move,browsing
1573293475.186,1830,603,None,Move,browsing
1573293478.686,1830,603,None,Move,browsing
1573293478.699,1829,602,None,Move,browsing
1573293478.833,1828,602,None,Move,browsing
1573293479.191,1828,602,None,Move,browsing
1573293479.202,1827,602,None,Move,browsing
1573293479.3820002,1827,601,None,Move,browsing
1573293479.56,1826,601,None,Move,browsing
1573293479.61,1826,601,None,Move,browsing
1573293479.631,1825,601,None,Move,browsing
1573293480.186,1824,601,None,Move,browsing
1573293480.276,1824,601,None,Move,browsing
1573293480.843,1823,601,None,Move,browsing
1573293480.965,1822,601,None,Move,browsing
1573293480.981,1821,601,None,Move,browsing
1573293480.988,1820,600,None,Move,browsing
1573293481.002,1819,600,None,Move,browsing
1573293481.0270002,1819,600,None,Move,browsing
1573293481.065,1818,599,None,Move,browsing
1573293481.084,1817,599,None,Move,browsing
1573293481.097,1817,599,None,Move,browsing
1573293481.212,1817,599,None,Move,browsing
1573293481.225,1816,599,None,Move,browsing
1573293481.2329998,1815,599,None,Move,browsing
1573293481.2489998,1815,599,None,Move,browsing
1573293482.166,1815,599,None,Move,browsing
1573293482.18,1815,599,None,Move,browsing
1573293482.189,1816,598,None,Move,browsing
1573293482.209,1816,598,None,Move,browsing
1573293482.22,1817,598,None,Move,browsing
1573293482.228,1817,597,None,Move,browsing
1573293482.236,1818,597,None,Move,browsing
1573293482.242,1818,597,None,Move,browsing
1573293482.25,1819,597,None,Move,browsing
1573293482.2589998,1820,597,None,Move,browsing
1573293482.2670002,1820,597,None,Move,browsing
1573293482.275,1822,597,None,Move,browsing
1573293482.282,1823,597,None,Move,browsing
1573293482.291,1825,597,None,Move,browsing
1573293482.298,1826,597,None,Move,browsing
1573293482.306,1828,597,None,Move,browsing
1573293482.312,1829,596,None,Move,browsing
1573293482.32,1829,596,None,Move,browsing
1573293482.3279998,1831,596,None,Move,browsing
1573293482.336,1831,596,None,Move,browsing
1573293482.345,1832,596,None,Move,browsing
1573293482.3520002,1833,596,None,Move,browsing
1573293482.361,1833,596,None,Move,browsing
1573293482.3679998,1834,596,None,Move,browsing
1573293482.377,1835,596,None,Move,browsing
1573293482.383,1836,596,None,Move,browsing
1573293482.391,1836,596,None,Move,browsing
1573293482.399,1837,596,None,Move,browsing
1573293482.407,1838,596,None,Move,browsing
1573293482.415,1838,596,None,Move,browsing
1573293482.427,1839,596,None,Move,browsing
1573293482.435,1840,596,None,Move,browsing
1573293482.449,1840,596,None,Move,browsing
1573293482.457,1841,596,None,Move,browsing
1573293482.468,1842,596,None,Move,browsing
1573293484.016,1842,596,None,Move,browsing
1573293484.04,1841,596,None,Move,browsing
1573293484.066,1841,596,None,Move,browsing
1573293484.086,1840,596,None,Move,browsing
1573293484.11,1839,596,None,Move,browsing
1573293484.1279998,1839,596,None,Move,browsing
1573293484.1339998,1838,596,None,Move,browsing
1573293484.14,1837,596,None,Move,browsing
1573293484.145,1837,596,None,Move,browsing
1573293484.1520002,1835,596,None,Move,browsing
1573293484.161,1834,596,None,Move,browsing
1573293484.169,1834,597,None,Move,browsing
1573293484.264,1834,597,None,Move,browsing
1573293484.32,1833,597,None,Move,browsing
1573293484.342,1832,597,None,Move,browsing
1573293484.5229998,1832,597,None,Move,browsing
1573293484.535,1831,597,None,Move,browsing
1573293484.545,1830,597,None,Move,browsing
1573293484.569,1830,597,None,Move,browsing
1573293484.606,1829,597,None,Move,browsing
1573293484.7870002,1828,597,None,Move,browsing
1573293484.802,1826,595,None,Move,browsing
1573293484.811,1821,593,None,Move,browsing
1573293484.816,1813,587,None,Move,browsing
1573293484.824,1803,580,None,Move,browsing
1573293484.832,1793,574,None,Move,browsing
1573293484.853,1769,562,None,Move,browsing
1573293484.859,1756,558,None,Move,browsing
1573293484.865,1743,556,None,Move,browsing
1573293484.8720002,1732,553,None,Move,browsing
1573293484.88,1722,551,None,Move,browsing
1573293484.8860002,1710,547,None,Move,browsing
1573293484.894,1696,544,None,Move,browsing
1573293484.9020002,1684,542,None,Move,browsing
1573293484.9120002,1674,539,None,Move,browsing
1573293484.919,1666,538,None,Move,browsing
1573293484.927,1656,535,None,Move,browsing
1573293484.935,1649,533,None,Move,browsing
1573293484.9420002,1643,533,None,Move,browsing
1573293484.948,1637,532,None,Move,browsing
1573293484.956,1636,531,None,Move,browsing
1573293484.964,1634,531,None,Move,browsing
1573293484.972,1633,531,None,Move,browsing
1573293484.981,1632,531,None,Move,browsing
1573293484.9970002,1631,531,None,Move,browsing
1573293485.397,1631,531,None,Move,browsing
1573293485.4120002,1632,531,None,Move,browsing
1573293485.421,1636,532,None,Move,browsing
1573293485.429,1641,534,None,Move,browsing
1573293485.437,1648,536,None,Move,browsing
1573293485.4429998,1654,538,None,Move,browsing
1573293485.451,1659,541,None,Move,browsing
1573293485.458,1666,543,None,Move,browsing
1573293485.466,1672,545,None,Move,browsing
1573293485.474,1677,547,None,Move,browsing
1573293485.4829998,1681,549,None,Move,browsing
1573293485.49,1684,551,None,Move,browsing
1573293485.4989998,1687,553,None,Move,browsing
1573293485.506,1691,555,None,Move,browsing
1573293485.512,1694,557,None,Move,browsing
1573293485.52,1696,558,None,Move,browsing
1573293485.544,1699,562,None,Move,browsing
1573293485.549,1700,563,None,Move,browsing
1573293485.556,1701,563,None,Move,browsing
1573293485.561,1702,563,None,Move,browsing
1573293485.569,1703,564,None,Move,browsing
1573293486.843,1701,564,None,Move,browsing
1573293486.85,1695,564,None,Move,browsing
1573293486.8579998,1686,564,None,Move,browsing
1573293486.867,1676,563,None,Move,browsing
1573293486.8739998,1660,560,None,Move,browsing
1573293486.883,1644,557,None,Move,browsing
1573293486.89,1628,555,None,Move,browsing
1573293486.899,1610,552,None,Move,browsing
1573293486.904,1591,549,None,Move,browsing
1573293486.9120002,1573,546,None,Move,browsing
1573293486.921,1557,543,None,Move,browsing
1573293486.929,1527,540,None,Move,browsing
1573293486.937,1499,537,None,Move,browsing
1573293486.944,1472,535,None,Move,browsing
1573293486.9529998,1443,535,None,Move,browsing
1573293486.96,1413,535,None,Move,browsing
1573293486.969,1384,535,None,Move,browsing
1573293486.9770002,1357,536,None,Move,browsing
1573293486.9829998,1330,537,None,Move,browsing
1573293486.99,1302,541,None,Move,browsing
1573293486.9989998,1275,542,None,Move,browsing
1573293487.0070002,1248,544,None,Move,browsing
1573293487.015,1230,547,None,Move,browsing
1573293487.0229998,1214,547,None,Move,browsing
1573293487.031,1199,548,None,Move,browsing
1573293487.039,1186,551,None,Move,browsing
1573293487.0470002,1176,552,None,Move,browsing
1573293487.053,1168,553,None,Move,browsing
1573293487.06,1161,556,None,Move,browsing
1573293487.0679998,1153,558,None,Move,browsing
1573293487.076,1146,560,None,Move,browsing
1573293487.085,1141,561,None,Move,browsing
1573293487.092,1138,562,None,Move,browsing
1573293487.101,1136,564,None,Move,browsing
1573293487.1079998,1135,565,None,Move,browsing
1573293487.115,1133,566,None,Move,browsing
1573293487.123,1132,566,None,Move,browsing
1573293487.131,1132,566,None,Move,browsing
1573293487.139,1131,567,None,Move,browsing
1573293487.2129998,1131,568,None,Move,browsing
1573293487.224,1131,569,None,Move,browsing
1573293487.232,1131,570,None,Move,browsing
1573293487.24,1131,570,None,Move,browsing
1573293487.248,1132,571,None,Move,browsing
1573293487.274,1132,572,None,Move,browsing
1573293487.282,1133,573,None,Move,browsing
1573293487.306,1134,573,None,Move,browsing
1573293487.3179998,1134,574,None,Move,browsing
1573293487.324,1134,574,None,Move,browsing
1573293487.373,1135,574,None,Move,browsing
1573293487.529,1136,575,None,Move,browsing
1573293487.908,1136,575,None,Move,browsing
1573293487.917,1137,575,None,Move,browsing
1573293487.95,1138,575,None,Move,browsing
1573293487.958,1138,575,None,Move,browsing
1573293487.974,1139,575,None,Move,browsing
1573293487.982,1140,576,None,Move,browsing
1573293488.025,1142,580,None,Move,browsing
1573293488.035,1142,581,None,Move,browsing
1573293488.041,1142,582,None,Move,browsing
1573293488.049,1143,583,None,Move,browsing
1573293488.054,1143,584,None,Move,browsing
1573293488.06,1144,585,None,Move,browsing
1573293488.0679998,1145,586,None,Move,browsing
1573293488.076,1145,587,None,Move,browsing
1573293488.084,1145,588,None,Move,browsing
1573293488.09,1145,590,None,Move,browsing
1573293488.0979998,1146,590,None,Move,browsing
1573293488.106,1146,591,None,Move,browsing
1573293488.1139998,1146,592,None,Move,browsing
1573293488.1220002,1147,592,None,Move,browsing
1573293488.13,1147,593,None,Move,browsing
1573293488.1379998,1147,594,None,Move,browsing
1573293488.146,1147,594,None,Move,browsing
1573293488.16,1147,595,None,Move,browsing
1573293488.1720002,1147,596,None,Move,browsing
1573293488.18,1148,596,None,Move,browsing
1573293488.305,1148,597,None,Move,browsing
1573293490.425,1148,598,None,Move,browsing
1573293490.441,1148,598,None,Move,browsing
1573293490.448,1148,599,None,Move,browsing
1573293490.494,1148,600,None,Move,browsing
1573293490.5070002,1148,600,None,Move,browsing
1573293493.559,1148,601,None,Move,browsing
1573293493.57,1148,602,None,Move,browsing
1573293493.604,1148,603,None,Move,browsing
1573293493.629,1148,603,None,Move,browsing
1573293493.679,1148,604,None,Move,browsing
1573293493.695,1148,604,None,Move,browsing
1573293495.2270002,1148,605,None,Move,browsing
1573293495.235,1149,605,None,Move,browsing
1573293495.246,1149,606,None,Move,browsing
1573293495.2589998,1149,607,None,Move,browsing
1573293495.271,1150,607,None,Move,browsing
1573293495.279,1152,607,None,Move,browsing
1573293495.286,1152,607,None,Move,browsing
1573293495.292,1153,608,None,Move,browsing
1573293495.3,1154,609,None,Move,browsing
1573293495.3079998,1156,610,None,Move,browsing
1573293495.316,1158,610,None,Move,browsing
1573293495.325,1159,610,None,Move,browsing
1573293495.332,1161,611,None,Move,browsing
1573293495.341,1162,611,None,Move,browsing
1573293495.349,1164,612,None,Move,browsing
1573293495.355,1167,614,None,Move,browsing
1573293495.363,1168,615,None,Move,browsing
1573293495.371,1170,616,None,Move,browsing
1573293495.379,1172,618,None,Move,browsing
1573293495.3860002,1173,619,None,Move,browsing
1573293495.394,1175,621,None,Move,browsing
1573293495.403,1176,621,None,Move,browsing
1573293495.411,1177,621,None,Move,browsing
1573293495.418,1179,623,None,Move,browsing
1573293495.427,1181,625,None,Move,browsing
1573293495.4320002,1185,627,None,Move,browsing
1573293495.44,1190,628,None,Move,browsing
1573293495.449,1193,629,None,Move,browsing
1573293495.456,1200,629,None,Move,browsing
1573293495.464,1204,627,None,Move,browsing
1573293495.472,1211,627,None,Move,browsing
1573293495.481,1219,627,None,Move,browsing
1573293495.488,1227,627,None,Move,browsing
1573293495.4970002,1235,627,None,Move,browsing
1573293495.5029998,1241,627,None,Move,browsing
1573293495.5110002,1248,627,None,Move,browsing
1573293495.518,1254,627,None,Move,browsing
1573293495.526,1261,627,None,Move,browsing
1573293495.534,1267,627,None,Move,browsing
1573293495.542,1274,627,None,Move,browsing
1573293495.55,1282,625,None,Move,browsing
1573293495.5579998,1290,625,None,Move,browsing
1573293495.564,1300,625,None,Move,browsing
1573293495.572,1311,625,None,Move,browsing
1573293495.581,1327,625,None,Move,browsing
1573293495.5879998,1343,625,None,Move,browsing
1573293495.597,1362,625,None,Move,browsing
1573293495.604,1389,626,None,Move,browsing
1573293495.6120002,1419,628,None,Move,browsing
1573293495.62,1450,630,None,Move,browsing
1573293495.629,1477,631,None,Move,browsing
1573293495.635,1500,633,None,Move,browsing
1573293495.643,1516,634,None,Move,browsing
1573293495.65,1531,636,None,Move,browsing
1573293495.658,1541,637,None,Move,browsing
1573293495.666,1549,638,None,Move,browsing
1573293495.675,1556,639,None,Move,browsing
1573293495.6820002,1559,640,None,Move,browsing
1573293495.691,1561,640,None,Move,browsing
1573293495.699,1562,640,None,Move,browsing
1573293495.705,1564,640,None,Move,browsing
1573293495.782,1565,641,None,Move,browsing
1573293495.799,1565,641,None,Move,browsing
1573293495.8070002,1565,643,None,Move,browsing
1573293495.815,1565,643,None,Move,browsing
1573293495.823,1565,644,None,Move,browsing
1573293496.177,1565,644,None,Move,browsing
1573293496.187,1565,644,None,Move,browsing
1573293496.195,1564,644,None,Move,browsing
1573293496.2029998,1562,643,None,Move,browsing
1573293496.211,1560,643,None,Move,browsing
1573293496.218,1559,642,None,Move,browsing
1573293496.2270002,1557,641,None,Move,browsing
1573293496.234,1555,640,None,Move,browsing
1573293496.2429998,1554,639,None,Move,browsing
1573293496.25,1553,639,None,Move,browsing
1573293496.2570002,1552,638,None,Move,browsing
1573293496.264,1550,637,None,Move,browsing
1573293496.272,1548,636,None,Move,browsing
1573293496.281,1547,634,None,Move,browsing
1573293496.289,1545,632,None,Move,browsing
1573293496.2970002,1543,630,None,Move,browsing
1573293496.305,1541,629,None,Move,browsing
1573293496.313,1540,626,None,Move,browsing
1573293496.321,1538,624,None,Move,browsing
1573293496.327,1536,623,None,Move,browsing
1573293496.334,1534,621,None,Move,browsing
1573293496.343,1533,619,None,Move,browsing
1573293496.35,1531,617,None,Move,browsing
1573293496.359,1529,616,None,Move,browsing
1573293496.3660002,1529,614,None,Move,browsing
1573293496.375,1527,612,None,Move,browsing
1573293496.3860002,1527,612,None,Move,browsing
1573293496.449,1527,612,Left,Pressed,browsing
1573293496.561,1527,612,Left,Released,browsing
1573293496.766,1526,612,None,Move,browsing
1573293496.806,1525,612,None,Move,browsing
1573293496.956,1525,612,None,Move,browsing
1573293497.034,1525,612,None,Move,browsing
1573293497.0470002,1525,613,None,Move,browsing
1573293497.1360002,1524,613,None,Move,browsing
1573293497.1620002,1523,613,None,Move,browsing
1573293497.17,1522,614,None,Move,browsing
1573293497.179,1520,614,None,Move,browsing
1573293497.187,1517,614,None,Move,browsing
1573293497.195,1512,614,None,Move,browsing
1573293497.2029998,1505,614,None,Move,browsing
1573293497.211,1497,614,None,Move,browsing
1573293497.219,1486,613,None,Move,browsing
1573293497.225,1473,610,None,Move,browsing
1573293497.232,1457,607,None,Move,browsing
1573293497.2410002,1441,605,None,Move,browsing
1573293497.248,1425,603,None,Move,browsing
1573293497.256,1409,602,None,Move,browsing
1573293497.264,1391,599,None,Move,browsing
1573293497.272,1373,598,None,Move,browsing
1573293497.28,1357,597,None,Move,browsing
1573293497.288,1341,594,None,Move,browsing
1573293497.294,1327,591,None,Move,browsing
1573293497.302,1314,590,None,Move,browsing
1573293497.31,1304,588,None,Move,browsing
1573293497.3179998,1294,585,None,Move,browsing
1573293497.326,1285,583,None,Move,browsing
1573293497.334,1279,582,None,Move,browsing
1573293497.342,1274,582,None,Move,browsing
1573293497.35,1270,581,None,Move,browsing
1573293497.359,1267,581,None,Move,browsing
1573293497.365,1266,580,None,Move,browsing
1573293497.373,1264,580,None,Move,browsing
1573293497.38,1263,580,None,Move,browsing
1573293497.3879998,1262,580,None,Move,browsing
1573293497.396,1261,580,None,Move,browsing
1573293497.4120002,1261,580,None,Move,browsing
1573293497.42,1260,580,None,Move,browsing
1573293497.429,1259,580,None,Move,browsing
1573293497.552,1259,580,None,Move,browsing
1573293497.6520002,1258,580,None,Move,browsing
1573293497.705,1257,580,None,Move,browsing
1573293497.714,1257,580,None,Move,browsing
1573293497.7229998,1256,581,None,Move,browsing
1573293497.731,1255,581,None,Move,browsing
1573293497.7389998,1255,581,None,Move,browsing
1573293497.746,1254,582,None,Move,browsing
1573293497.755,1252,582,None,Move,browsing
1573293497.7629998,1250,582,None,Move,browsing
1573293497.771,1248,582,None,Move,browsing
1573293497.779,1242,582,None,Move,browsing
1573293497.784,1235,582,None,Move,browsing
1573293497.793,1225,580,None,Move,browsing
1573293497.8,1209,577,None,Move,browsing
1573293497.809,1189,574,None,Move,browsing
1573293497.816,1161,571,None,Move,browsing
1573293497.825,1137,567,None,Move,browsing
1573293497.833,1103,564,None,Move,browsing
1573293497.841,1069,560,None,Move,browsing
1573293497.849,1031,556,None,Move,browsing
1573293497.855,985,554,None,Move,browsing
1573293497.863,942,552,None,Move,browsing
1573293497.871,887,550,None,Move,browsing
1573293497.879,828,547,None,Move,browsing
1573293497.887,772,545,None,Move,browsing
1573293497.895,717,545,None,Move,browsing
1573293497.903,664,545,None,Move,browsing
1573293497.911,609,545,None,Move,browsing
1573293497.916,553,546,None,Move,browsing
1573293497.924,508,546,None,Move,browsing
1573293497.9320002,456,546,None,Move,browsing
1573293497.94,410,546,None,Move,browsing
1573293497.948,365,546,None,Move,browsing
1573293497.957,325,546,None,Move,browsing
1573293497.965,286,545,None,Move,browsing
1573293497.9729998,246,543,None,Move,browsing
1573293497.981,209,541,None,Move,browsing
1573293497.986,173,541,None,Move,browsing
1573293497.995,140,542,None,Move,browsing
1573293498.002,113,544,None,Move,browsing
1573293498.0110002,89,546,None,Move,browsing
1573293498.018,72,546,None,Move,browsing
1573293498.0270002,57,547,None,Move,browsing
1573293498.034,43,548,None,Move,browsing
1573293498.043,33,549,None,Move,browsing
1573293498.05,25,551,None,Move,browsing
1573293498.0570002,18,552,None,Move,browsing
1573293498.065,12,552,None,Move,browsing
1573293498.073,9,553,None,Move,browsing
1573293498.081,7,553,None,Move,browsing
1573293498.089,6,554,None,Move,browsing
1573293498.1,5,554,None,Move,browsing
1573293498.275,5,555,None,Move,browsing
1573293498.303,5,556,None,Move,browsing
1573293498.315,4,556,None,Move,browsing
1573293498.323,4,557,None,Move,browsing
1573293498.331,4,558,None,Move,browsing
1573293498.336,4,559,None,Move,browsing
1573293498.3479998,4,560,None,Move,browsing
1573293498.357,4,560,None,Move,browsing
1573293498.365,4,561,None,Move,browsing
1573293498.373,4,562,None,Move,browsing
1573293498.381,4,563,None,Move,browsing
1573293498.389,4,563,None,Move,browsing
1573293498.396,3,564,None,Move,browsing
1573293498.4020002,3,565,None,Move,browsing
1573293498.411,3,566,None,Move,browsing
1573293498.418,3,567,None,Move,browsing
1573293498.427,3,567,None,Move,browsing
1573293498.435,3,568,None,Move,browsing
1573293498.4420002,2,569,None,Move,browsing
1573293498.451,2,569,None,Move,browsing
1573293498.524,2,570,None,Move,browsing
1573293498.742,2,571,None,Move,browsing
1573293498.768,2,571,None,Move,browsing
1573293498.792,2,572,None,Move,browsing
1573293499.4220002,2,573,None,Move,browsing
1573293499.448,2,574,None,Move,browsing
1573293499.589,2,574,None,Move,browsing
1573293499.617,3,574,None,Move,browsing
1573293499.719,3,575,None,Move,browsing
1573293499.9970002,3,575,None,Move,browsing
1573293500.025,4,576,None,Move,browsing
1573293500.0370002,5,576,None,Move,browsing
1573293501.569,5,576,None,Move,browsing
1573293501.58,6,576,None,Move,browsing
1573293501.589,7,576,None,Move,browsing
1573293501.627,7,576,None,Move,browsing
1573293501.639,8,576,None,Move,browsing
1573293501.646,8,576,None,Move,browsing
1573293501.887,9,576,None,Move,browsing
1573293501.907,9,576,None,Move,browsing
1573293501.915,9,577,None,Move,browsing
1573293501.9220002,9,577,None,Move,browsing
1573293501.931,9,578,None,Move,browsing
1573293501.951,9,578,None,Move,browsing
1573293501.969,10,579,None,Move,browsing
1573293501.9889998,10,580,None,Move,browsing
1573293502.2410002,11,580,None,Move,browsing
1573293503.595,12,580,None,Move,browsing
1573293503.603,12,578,None,Move,browsing
1573293503.61,14,578,None,Move,browsing
1573293503.619,15,577,None,Move,browsing
1573293503.627,16,576,None,Move,browsing
1573293503.635,18,575,None,Move,browsing
1573293503.64,19,574,None,Move,browsing
1573293503.649,21,574,None,Move,browsing
1573293503.657,23,573,None,Move,browsing
1573293503.665,23,572,None,Move,browsing
1573293503.6720002,23,572,None,Move,browsing
1573293503.681,24,572,None,Move,browsing
1573293503.689,25,572,None,Move,browsing
1573293503.697,25,571,None,Move,browsing
1573293503.705,26,571,None,Move,browsing
1573293503.715,26,570,None,Move,browsing
1573293503.722,27,570,None,Move,browsing
1573293503.731,27,569,None,Move,browsing
1573293503.7389998,28,569,None,Move,browsing
1573293503.7470002,29,569,None,Move,browsing
1573293503.755,30,568,None,Move,browsing
1573293503.7629998,31,567,None,Move,browsing
1573293503.771,32,567,None,Move,browsing
1573293503.7770002,33,567,None,Move,browsing
1573293503.793,34,566,None,Move,browsing
1573293504.019,35,565,None,Move,browsing
1573293504.0270002,36,564,None,Move,browsing
1573293504.035,38,564,None,Move,browsing
1573293504.043,40,562,None,Move,browsing
1573293504.051,42,561,None,Move,browsing
1573293504.056,45,559,None,Move,browsing
1573293504.065,47,558,None,Move,browsing
1573293504.072,52,555,None,Move,browsing
1573293504.08,61,553,None,Move,browsing
1573293504.089,71,550,None,Move,browsing
1573293504.097,85,548,None,Move,browsing
1573293504.105,100,545,None,Move,browsing
1573293504.113,116,542,None,Move,browsing
1573293504.121,139,539,None,Move,browsing
1573293504.127,166,536,None,Move,browsing
1573293504.135,188,533,None,Move,browsing
1573293504.143,216,529,None,Move,browsing
1573293504.151,243,526,None,Move,browsing
1573293504.158,271,523,None,Move,browsing
1573293504.167,298,521,None,Move,browsing
1573293504.175,326,517,None,Move,browsing
1573293504.1829998,349,517,None,Move,browsing
1573293504.19,366,516,None,Move,browsing
1573293504.197,384,515,None,Move,browsing
1573293504.204,398,513,None,Move,browsing
1573293504.2129998,414,513,None,Move,browsing
1573293504.221,427,512,None,Move,browsing
1573293504.229,441,512,None,Move,browsing
1573293504.2370002,457,512,None,Move,browsing
1573293504.245,472,511,None,Move,browsing
1573293504.2529998,488,511,None,Move,browsing
1573293504.2610002,503,511,None,Move,browsing
1573293504.266,520,512,None,Move,browsing
1573293504.275,536,515,None,Move,browsing
1573293504.282,553,515,None,Move,browsing
1573293504.29,571,518,None,Move,browsing
1573293504.299,589,521,None,Move,browsing
1573293504.306,608,524,None,Move,browsing
1573293504.315,624,526,None,Move,browsing
1573293504.322,640,529,None,Move,browsing
1573293504.331,656,532,None,Move,browsing
1573293504.337,671,534,None,Move,browsing
1573293504.345,682,537,None,Move,browsing
1573293504.3520002,692,539,None,Move,browsing
1573293504.361,702,542,None,Move,browsing
1573293504.369,712,544,None,Move,browsing
1573293504.377,720,547,None,Move,browsing
1573293504.385,726,549,None,Move,browsing
1573293504.3920002,731,551,None,Move,browsing
1573293504.3979998,734,553,None,Move,browsing
1573293504.406,737,556,None,Move,browsing
1573293504.415,738,557,None,Move,browsing
1573293504.423,740,559,None,Move,browsing
1573293504.431,742,561,None,Move,browsing
1573293504.439,744,562,None,Move,browsing
1573293504.447,745,565,None,Move,browsing
1573293504.455,746,568,None,Move,browsing
1573293504.4629998,747,571,None,Move,browsing
1573293504.469,747,578,None,Move,browsing
1573293504.4770002,747,584,None,Move,browsing
1573293504.485,747,591,None,Move,browsing
1573293504.4929998,747,598,None,Move,browsing
1573293504.5010002,746,604,None,Move,browsing
1573293504.5089998,744,611,None,Move,browsing
1573293504.516,741,621,None,Move,browsing
1573293504.524,738,628,None,Move,browsing
1573293504.532,734,635,None,Move,browsing
1573293504.539,732,642,None,Move,browsing
1573293504.546,727,648,None,Move,browsing
1573293504.555,725,655,None,Move,browsing
1573293504.563,722,659,None,Move,browsing
1573293504.571,720,663,None,Move,browsing
1573293504.579,717,666,None,Move,browsing
1573293504.587,715,668,None,Move,browsing
1573293504.595,713,670,None,Move,browsing
1573293504.6,712,672,None,Move,browsing
1573293504.6079998,711,674,None,Move,browsing
1573293504.617,710,675,None,Move,browsing
1573293504.625,709,677,None,Move,browsing
1573293504.633,708,679,None,Move,browsing
1573293504.641,708,679,None,Move,browsing
1573293504.649,708,679,None,Move,browsing
1573293504.661,708,680,None,Move,browsing
1573293504.941,708,680,None,Move,browsing
1573293504.949,708,680,None,Move,browsing
1573293504.955,707,678,None,Move,browsing
1573293504.9629998,707,677,None,Move,browsing
1573293504.971,706,676,None,Move,browsing
1573293504.979,706,674,None,Move,browsing
1573293504.9870002,706,674,None,Move,browsing
1573293504.995,705,672,None,Move,browsing
1573293505.0029998,704,671,None,Move,browsing
1573293505.0110002,703,671,None,Move,browsing
1573293505.019,703,669,None,Move,browsing
1573293505.024,703,669,None,Move,browsing
1573293505.032,702,669,None,Move,browsing
1573293505.053,702,668,None,Move,browsing
1573293505.55,702,667,None,Move,browsing
1573293505.571,702,667,None,Move,browsing
1573293506.6079998,702,666,None,Move,browsing
1573293506.6239998,702,665,None,Move,browsing
1573293506.63,701,665,None,Move,browsing
1573293506.639,701,665,None,Move,browsing
1573293506.691,701,665,None,Move,browsing
1573293506.701,700,665,None,Move,browsing
1573293506.717,699,665,None,Move,browsing
1573293506.732,699,665,None,Move,browsing
1573293506.831,699,665,None,Move,browsing
1573293506.8520002,698,665,None,Move,browsing
1573293506.9420002,698,665,None,Move,browsing
1573293506.97,697,665,None,Move,browsing
1573293507.2510002,697,664,None,Move,browsing
1573293507.2570002,697,663,None,Move,browsing
1573293509.793,696,663,None,Move,browsing
1573293509.8,695,663,None,Move,browsing
1573293510.637,695,662,None,Move,browsing
1573293510.649,694,661,None,Move,browsing
1573293510.661,694,660,None,Move,browsing
1573293510.667,693,660,None,Move,browsing
1573293510.675,693,660,None,Move,browsing
1573293510.6829998,692,660,None,Move,browsing
1573293510.691,690,659,None,Move,browsing
1573293510.699,689,659,None,Move,browsing
1573293510.707,689,659,None,Move,browsing
1573293510.719,688,658,None,Move,browsing
1573293510.7270002,687,658,None,Move,browsing
1573293510.7329998,686,657,None,Move,browsing
1573293510.7410002,684,656,None,Move,browsing
1573293510.7489998,683,655,None,Move,browsing
1573293510.7570002,681,654,None,Move,browsing
1573293510.764,678,651,None,Move,browsing
1573293510.7729998,672,645,None,Move,browsing
1573293510.78,663,637,None,Move,browsing
1573293510.789,654,627,None,Move,browsing
1573293510.7970002,643,615,None,Move,browsing
1573293510.803,623,600,None,Move,browsing
1573293510.811,590,578,None,Move,browsing
1573293510.819,557,553,None,Move,browsing
1573293510.827,518,527,None,Move,browsing
1573293510.835,475,498,None,Move,browsing
1573293510.843,434,474,None,Move,browsing
1573293510.851,396,453,None,Move,browsing
1573293510.859,357,429,None,Move,browsing
1573293510.867,316,407,None,Move,browsing
1573293510.873,280,384,None,Move,browsing
1573293510.88,247,362,None,Move,browsing
1573293510.889,221,343,None,Move,browsing
1573293510.896,201,328,None,Move,browsing
1573293510.905,187,316,None,Move,browsing
1573293510.913,175,307,None,Move,browsing
1573293510.921,166,299,None,Move,browsing
1573293510.929,158,293,None,Move,browsing
1573293510.934,155,290,None,Move,browsing
1573293510.9429998,153,288,None,Move,browsing
1573293510.951,151,285,None,Move,browsing
1573293510.959,149,282,None,Move,browsing
1573293510.967,147,281,None,Move,browsing
1573293510.975,147,279,None,Move,browsing
1573293510.9829998,147,278,None,Move,browsing
1573293510.9910002,146,278,None,Move,browsing
1573293510.998,146,277,None,Move,browsing
1573293511.099,146,276,None,Move,browsing
1573293511.107,147,274,None,Move,browsing
1573293511.1139998,147,272,None,Move,browsing
1573293511.123,148,271,None,Move,browsing
1573293511.131,149,269,None,Move,browsing
1573293511.139,151,267,None,Move,browsing
1573293511.147,152,266,None,Move,browsing
1573293511.153,152,264,None,Move,browsing
1573293511.161,153,262,None,Move,browsing
1573293511.169,155,261,None,Move,browsing
1573293511.176,156,259,None,Move,browsing
1573293511.185,156,257,None,Move,browsing
1573293511.1920002,156,256,None,Move,browsing
1573293511.201,157,254,None,Move,browsing
1573293511.208,157,252,None,Move,browsing
1573293511.214,157,249,None,Move,browsing
1573293511.222,157,247,None,Move,browsing
1573293511.23,155,243,None,Move,browsing
1573293511.2389998,154,239,None,Move,browsing
1573293511.2470002,153,237,None,Move,browsing
1573293511.255,151,234,None,Move,browsing
1573293511.2629998,150,231,None,Move,browsing
1573293511.271,148,228,None,Move,browsing
1573293511.279,147,225,None,Move,browsing
1573293511.285,145,223,None,Move,browsing
1573293511.293,143,220,None,Move,browsing
1573293511.3,141,217,None,Move,browsing
1573293511.309,140,216,None,Move,browsing
1573293511.316,138,214,None,Move,browsing
1573293511.325,137,212,None,Move,browsing
1573293511.333,135,211,None,Move,browsing
1573293511.341,134,209,None,Move,browsing
1573293511.349,132,207,None,Move,browsing
1573293511.355,131,206,None,Move,browsing
1573293511.363,129,204,None,Move,browsing
1573293511.371,128,202,None,Move,browsing
1573293511.379,126,200,None,Move,browsing
1573293511.387,124,200,None,Move,browsing
1573293511.395,123,198,None,Move,browsing
1573293511.403,122,197,None,Move,browsing
1573293511.411,120,196,None,Move,browsing
1573293511.419,119,194,None,Move,browsing
1573293511.425,117,192,None,Move,browsing
1573293511.4329998,115,191,None,Move,browsing
1573293511.441,114,189,None,Move,browsing
1573293511.449,114,188,None,Move,browsing
1573293511.457,113,188,None,Move,browsing
1573293511.464,113,187,None,Move,browsing
1573293511.485,112,187,Left,Pressed,browsing
1573293511.485,112,187,None,Drag,browsing
1573293511.5470002,112,186,None,Drag,browsing
1573293511.561,112,186,None,Drag,browsing
1573293511.561,112,186,Left,Released,browsing
1573293511.584,112,186,None,Move,browsing
1573293511.802,112,186,None,Move,browsing
1573293511.81,112,186,None,Move,browsing
1573293511.8179998,112,187,None,Move,browsing
1573293511.826,112,189,None,Move,browsing
1573293511.834,113,191,None,Move,browsing
1573293511.84,113,192,None,Move,browsing
1573293511.8479998,114,194,None,Move,browsing
1573293511.856,116,196,None,Move,browsing
1573293511.8639998,116,197,None,Move,browsing
1573293511.8720002,117,198,None,Move,browsing
1573293511.88,119,199,None,Move,browsing
1573293511.889,120,201,None,Move,browsing
1573293511.897,122,203,None,Move,browsing
1573293511.905,124,205,None,Move,browsing
1573293511.911,127,206,None,Move,browsing
1573293511.918,131,207,None,Move,browsing
1573293511.926,138,208,None,Move,browsing
1573293511.934,148,211,None,Move,browsing
1573293511.9420002,159,211,None,Move,browsing
1573293511.95,174,211,None,Move,browsing
1573293511.958,190,209,None,Move,browsing
1573293511.966,217,206,None,Move,browsing
1573293511.974,253,196,None,Move,browsing
1573293511.98,299,181,None,Move,browsing
1573293511.988,367,161,None,Move,browsing
1573293511.996,443,126,None,Move,browsing
1573293512.005,516,88,None,Move,browsing
1573293512.0129998,593,47,None,Move,browsing
1573293512.02,661,4,None,Move,browsing
1573293512.028,728,-36,None,Move,browsing
1573293512.0370002,771,-31,None,Move,browsing
1573293512.045,826,-36,None,Move,browsing
1573293512.052,878,-33,None,Move,browsing
1573293512.059,914,-23,None,Move,browsing
1573293512.066,939,-15,None,Move,browsing
1573293512.074,953,-11,None,Move,browsing
1573293512.082,962,-8,None,Move,browsing
1573293512.091,969,-4,None,Move,browsing
1573293512.099,974,-4,None,Move,browsing
1573293512.107,975,-1,None,Move,browsing
1573293512.113,978,-2,None,Move,browsing
1573293512.121,981,-2,None,Move,browsing
1573293512.129,983,-2,None,Move,browsing
1573293512.1360002,986,-1,None,Move,browsing
1573293512.144,990,-2,None,Move,browsing
1573293512.1520002,997,-3,None,Move,browsing
1573293512.161,1004,-2,None,Move,browsing
1573293512.168,1010,-1,None,Move,browsing
1573293512.177,1019,-1,None,Move,browsing
1573293512.184,1025,0,None,Move,browsing
1573293512.19,1032,0,None,Move,browsing
1573293512.198,1038,0,None,Move,browsing
1573293512.206,1045,0,None,Move,browsing
1573293512.214,1050,0,None,Move,browsing
1573293512.2229998,1055,0,None,Move,browsing
1573293512.231,1060,-1,None,Move,browsing
1573293512.2389998,1063,0,None,Move,browsing
1573293512.2470002,1067,0,None,Move,browsing
1573293512.2529998,1072,-1,None,Move,browsing
1573293512.2610002,1078,0,None,Move,browsing
1573293512.268,1085,-1,None,Move,browsing
1573293512.2770002,1093,-2,None,Move,browsing
1573293512.284,1103,-2,None,Move,browsing
1573293512.293,1113,-1,None,Move,browsing
1573293512.301,1123,-2,None,Move,browsing
1573293512.309,1133,-2,None,Move,browsing
1573293512.316,1141,-1,None,Move,browsing
1573293512.322,1150,-3,None,Move,browsing
1573293512.331,1156,-1,None,Move,browsing
1573293512.3379998,1163,-1,None,Move,browsing
1573293512.347,1168,-1,None,Move,browsing
1573293512.354,1172,0,None,Move,browsing
1573293512.363,1173,0,None,Move,browsing
1573293512.371,1175,-1,None,Move,browsing
1573293512.379,1177,0,None,Move,browsing
1573293512.3860002,1177,0,None,Move,browsing
1573293512.3920002,1178,0,None,Move,browsing
1573293512.4910002,1178,0,None,Move,browsing
1573293512.498,1177,1,None,Move,browsing
1573293512.506,1176,2,None,Move,browsing
1573293512.514,1171,2,None,Move,browsing
1573293512.522,1164,1,None,Move,browsing
1573293512.529,1156,-1,None,Move,browsing
1573293512.5370002,1144,-3,None,Move,browsing
1573293512.545,1131,-2,None,Move,browsing
1573293512.552,1115,-3,None,Move,browsing
1573293512.561,1096,-6,None,Move,browsing
1573293512.5679998,1070,-9,None,Move,browsing
1573293512.577,1046,-8,None,Move,browsing
1573293512.584,1017,-7,None,Move,browsing
1573293512.592,991,-7,None,Move,browsing
1573293512.6,966,-3,None,Move,browsing
1573293512.607,939,-4,None,Move,browsing
1573293512.6139998,917,-3,None,Move,browsing
1573293512.6220002,901,-3,None,Move,browsing
1573293512.63,890,-4,None,Move,browsing
1573293512.639,880,-2,None,Move,browsing
1573293512.646,873,-2,None,Move,browsing
1573293512.654,869,-2,None,Move,browsing
1573293512.6620002,867,-2,None,Move,browsing
1573293512.669,866,-1,None,Move,browsing
1573293512.676,866,0,None,Move,browsing
1573293512.684,866,-1,None,Move,browsing
1573293512.6920002,865,-1,None,Move,browsing
1573293512.7,864,0,None,Move,browsing
1573293512.708,863,-2,None,Move,browsing
1573293512.716,863,-1,None,Move,browsing
1573293512.724,863,0,None,Move,browsing
1573293512.732,863,0,None,Move,browsing
1573293512.758,863,-1,None,Move,browsing
1573293513.016,863,-1,None,Move,browsing
1573293513.022,864,0,None,Move,browsing
1573293513.03,866,-1,None,Move,browsing
1573293513.038,867,-2,None,Move,browsing
1573293513.046,869,-1,None,Move,browsing
1573293513.054,871,-1,None,Move,browsing
1573293513.062,871,0,None,Move,browsing
1573293513.07,873,-1,None,Move,browsing
1573293513.0779998,874,-1,None,Move,browsing
1573293513.1239998,875,0,None,Move,browsing
1573293513.1320002,876,1,None,Move,browsing
1573293513.141,877,2,None,Move,browsing
1573293513.149,877,3,None,Move,browsing
1573293513.156,878,4,None,Move,browsing
1573293513.163,880,6,None,Move,browsing
1573293513.17,881,8,None,Move,browsing
1573293513.179,884,9,None,Move,browsing
1573293513.186,891,13,None,Move,browsing
1573293513.195,901,16,None,Move,browsing
1573293513.202,917,19,None,Move,browsing
1573293513.211,944,21,None,Move,browsing
1573293513.218,983,23,None,Move,browsing
1573293513.224,1023,25,None,Move,browsing
1573293513.232,1066,27,None,Move,browsing
1573293513.24,1112,27,None,Move,browsing
1573293513.248,1164,27,None,Move,browsing
1573293513.256,1213,27,None,Move,browsing
1573293513.264,1272,31,None,Move,browsing
1573293513.272,1328,36,None,Move,browsing
1573293513.28,1375,40,None,Move,browsing
1573293513.288,1418,44,None,Move,browsing
1573293513.295,1453,48,None,Move,browsing
1573293513.302,1474,51,None,Move,browsing
1573293513.31,1492,52,None,Move,browsing
1573293513.3179998,1506,55,None,Move,browsing
1573293513.327,1522,58,None,Move,browsing
1573293513.335,1538,60,None,Move,browsing
1573293513.343,1553,63,None,Move,browsing
1573293513.351,1567,64,None,Move,browsing
1573293513.3579998,1579,66,None,Move,browsing
1573293513.365,1590,67,None,Move,browsing
1573293513.373,1600,67,None,Move,browsing
1573293513.381,1609,68,None,Move,browsing
1573293513.39,1619,68,None,Move,browsing
1573293513.397,1629,68,None,Move,browsing
1573293513.405,1638,68,None,Move,browsing
1573293513.4120002,1646,68,None,Move,browsing
1573293513.42,1654,68,None,Move,browsing
1573293513.428,1664,68,None,Move,browsing
1573293513.434,1674,68,None,Move,browsing
1573293513.4420002,1682,69,None,Move,browsing
1573293513.45,1689,70,None,Move,browsing
1573293513.458,1695,70,None,Move,browsing
1573293513.466,1699,71,None,Move,browsing
1573293513.474,1700,71,None,Move,browsing
1573293513.482,1702,71,None,Move,browsing
1573293513.49,1703,71,None,Move,browsing
1573293513.516,1703,71,None,Move,browsing
1573293513.524,1704,71,None,Move,browsing
1573293513.532,1705,71,None,Move,browsing
1573293513.54,1707,71,None,Move,browsing
1573293513.548,1708,71,None,Move,browsing
1573293513.556,1710,71,None,Move,browsing
1573293513.569,1711,71,None,Move,browsing
1573293513.575,1711,71,None,Move,browsing
1573293513.583,1712,71,None,Move,browsing
1573293513.591,1713,71,None,Move,browsing
1573293513.5979998,1713,71,None,Move,browsing
1573293513.606,1715,70,None,Move,browsing
1573293513.6139998,1716,70,None,Move,browsing
1573293513.623,1718,69,None,Move,browsing
1573293513.63,1722,69,None,Move,browsing
1573293513.6379998,1725,69,None,Move,browsing
1573293513.644,1729,69,None,Move,browsing
1573293513.6520002,1735,68,None,Move,browsing
1573293513.66,1739,67,None,Move,browsing
1573293513.671,1741,67,None,Move,browsing
1573293513.678,1743,67,None,Move,browsing
1573293513.687,1744,66,None,Move,browsing
1573293513.734,1744,65,None,Move,browsing
1573293513.746,1744,64,None,Move,browsing
1573293513.754,1738,60,None,Move,browsing
1573293513.762,1730,54,None,Move,browsing
1573293513.77,1720,47,None,Move,browsing
1573293513.776,1706,39,None,Move,browsing
1573293513.784,1689,30,None,Move,browsing
1573293513.792,1665,21,None,Move,browsing
1573293513.8,1644,12,None,Move,browsing
1573293513.8079998,1629,6,None,Move,browsing
1573293513.816,1615,2,None,Move,browsing
1573293513.824,1603,-2,None,Move,browsing
1573293513.832,1596,-2,None,Move,browsing
1573293513.84,1593,-1,None,Move,browsing
1573293513.846,1592,-2,None,Move,browsing
1573293513.854,1591,0,None,Move,browsing
1573293513.8620002,1590,-1,None,Move,browsing
1573293513.871,1590,-1,None,Move,browsing
1573293513.8779998,1590,0,None,Move,browsing
1573293513.8860002,1589,-1,None,Move,browsing
1573293513.9020002,1589,-1,None,Move,browsing
1573293514.105,1589,0,None,Move,browsing
1573293514.1160002,1589,0,None,Move,browsing
1573293514.1239998,1591,0,None,Move,browsing
1573293514.13,1593,0,None,Move,browsing
1573293514.1379998,1595,0,None,Move,browsing
1573293514.146,1597,1,None,Move,browsing
1573293514.154,1598,2,None,Move,browsing
1573293514.1620002,1599,3,None,Move,browsing
1573293514.17,1600,3,None,Move,browsing
1573293514.178,1601,3,None,Move,browsing
1573293514.194,1602,4,None,Move,browsing
1573293514.208,1602,4,None,Move,browsing
1573293514.216,1602,5,None,Move,browsing
1573293514.34,1603,5,Left,Pressed,browsing
1573293514.34,1603,5,None,Drag,browsing
1573293514.3479998,1605,4,None,Drag,browsing
1573293514.3479998,1605,4,Left,Released,browsing
1573293514.363,1605,4,None,Move,browsing
1573293514.379,1606,4,None,Move,browsing
1573293514.454,1606,3,None,Move,browsing
1573293514.471,1607,3,None,Move,browsing
1573293514.481,1607,3,None,Move,browsing
1573293514.492,1608,3,None,Move,browsing
1573293514.5010002,1609,2,None,Move,browsing
1573293514.512,1609,1,None,Move,browsing
1573293514.5579998,1607,1,None,Move,browsing
1573293514.566,1605,0,None,Move,browsing
1573293514.576,1604,0,None,Move,browsing
1573293515.722,1604,0,None,Move,browsing
1573293515.728,1608,0,None,Move,browsing
1573293515.736,1613,0,None,Move,browsing
1573293515.744,1620,-1,None,Move,browsing
1573293515.752,1628,-2,None,Move,browsing
1573293515.76,1638,-2,None,Move,browsing
1573293515.768,1648,-3,None,Move,browsing
1573293515.776,1652,-1,None,Move,browsing
1573293515.784,1652,-1,None,Move,browsing
1573293515.792,1649,-1,None,Move,browsing
1573293515.8,1642,-2,None,Move,browsing
1573293515.81,1633,-4,None,Move,browsing
1573293515.8170002,1622,-3,None,Move,browsing
1573293515.826,1609,-2,None,Move,browsing
1573293515.836,1594,-3,None,Move,browsing
1573293515.846,1576,-3,None,Move,browsing
1573293515.853,1558,-3,None,Move,browsing
1573293515.861,1539,-2,None,Move,browsing
1573293515.867,1518,-3,None,Move,browsing
1573293515.8760002,1490,-4,None,Move,browsing
1573293515.883,1470,-6,None,Move,browsing
1573293515.894,1427,-15,None,Move,browsing
1573293515.9020002,1410,-5,None,Move,browsing
1573293515.9120002,1393,-4,None,Move,browsing
1573293515.9220002,1379,-4,None,Move,browsing
1573293515.9320002,1360,-8,None,Move,browsing
1573293515.941,1352,-2,None,Move,browsing
1573293515.948,1343,-4,None,Move,browsing
1573293515.955,1334,-6,None,Move,browsing
1573293515.962,1327,-5,None,Move,browsing
1573293515.97,1320,-6,None,Move,browsing
1573293515.978,1312,-6,None,Move,browsing
1573293515.988,1305,-4,None,Move,browsing
1573293515.994,1298,-2,None,Move,browsing
1573293516.002,1293,-2,None,Move,browsing
1573293516.01,1286,-4,None,Move,browsing
1573293516.016,1279,-2,None,Move,browsing
1573293516.024,1272,-4,None,Move,browsing
1573293516.032,1266,-2,None,Move,browsing
1573293516.041,1262,-3,None,Move,browsing
1573293516.048,1260,-2,None,Move,browsing
1573293516.056,1257,-2,None,Move,browsing
1573293516.064,1255,-1,None,Move,browsing
1573293516.072,1254,-2,None,Move,browsing
1573293516.0779998,1252,-3,None,Move,browsing
1573293516.086,1250,-1,None,Move,browsing
1573293516.094,1249,-1,None,Move,browsing
1573293516.103,1249,-1,None,Move,browsing
1573293516.11,1249,0,None,Move,browsing
1573293516.1179998,1248,-2,None,Move,browsing
1573293516.1260002,1247,-1,None,Move,browsing
1573293516.1339998,1247,0,None,Move,browsing
1573293516.146,1246,-1,Left,Pressed,browsing
1573293516.146,1246,-1,None,Drag,browsing
1573293516.1920002,1246,-1,None,Drag,browsing
1573293516.218,1246,0,None,Drag,browsing
1573293516.226,1246,0,None,Drag,browsing
1573293516.226,1246,0,Left,Released,browsing
1573293516.242,1246,0,None,Move,browsing
1573293516.25,1246,-1,None,Move,browsing
1573293516.278,1247,0,None,Move,browsing
1573293516.284,1248,0,None,Move,browsing
1573293516.292,1248,-1,None,Move,browsing
1573293516.316,1248,0,None,Move,browsing
1573293516.325,1250,0,None,Move,browsing
1573293516.332,1250,0,None,Move,browsing
1573293516.34,1251,0,None,Move,browsing
1573293516.3479998,1252,0,None,Move,browsing
1573293516.355,1253,0,None,Move,browsing
1573293516.363,1255,0,None,Move,browsing
1573293516.37,1256,0,None,Move,browsing
1573293516.379,1258,1,None,Move,browsing
1573293516.4120002,1259,1,None,Move,browsing
1573293516.444,1260,2,None,Move,browsing
1573293516.452,1261,4,None,Move,browsing
1573293516.46,1263,6,None,Move,browsing
1573293516.468,1263,7,None,Move,browsing
1573293516.476,1265,9,None,Move,browsing
1573293516.484,1266,11,None,Move,browsing
1573293516.492,1269,13,None,Move,browsing
1573293516.498,1272,19,None,Move,browsing
1573293516.506,1277,25,None,Move,browsing
1573293516.514,1280,30,None,Move,browsing
1573293516.522,1286,36,None,Move,browsing
1573293516.53,1293,42,None,Move,browsing
1573293516.538,1301,49,None,Move,browsing
1573293516.546,1307,54,None,Move,browsing
1573293516.554,1309,57,None,Move,browsing
1573293516.56,1315,59,None,Move,browsing
1573293516.5679998,1322,63,None,Move,browsing
1573293516.576,1328,69,None,Move,browsing
1573293516.584,1331,74,None,Move,browsing
1573293516.592,1333,81,None,Move,browsing
1573293516.6,1336,88,None,Move,browsing
1573293516.6079998,1338,94,None,Move,browsing
1573293516.6160002,1340,99,None,Move,browsing
1573293516.6239998,1342,105,None,Move,browsing
1573293516.63,1344,110,None,Move,browsing
1573293516.6379998,1347,115,None,Move,browsing
1573293516.646,1348,122,None,Move,browsing
1573293516.654,1348,129,None,Move,browsing
1573293516.6620002,1346,137,None,Move,browsing
1573293516.67,1344,147,None,Move,browsing
1573293516.678,1340,157,None,Move,browsing
1573293516.686,1335,169,None,Move,browsing
1573293516.695,1327,179,None,Move,browsing
1573293516.7,1318,193,None,Move,browsing
1573293516.708,1306,209,None,Move,browsing
1573293516.716,1295,228,None,Move,browsing
1573293516.725,1281,250,None,Move,browsing
1573293516.732,1269,272,None,Move,browsing
1573293516.74,1255,295,None,Move,browsing
1573293516.748,1242,314,None,Move,browsing
1573293516.756,1228,337,None,Move,browsing
1573293516.765,1214,360,None,Move,browsing
1573293516.77,1207,377,None,Move,browsing
1573293516.778,1199,389,None,Move,browsing
1573293516.786,1190,400,None,Move,browsing
1573293516.795,1182,412,None,Move,browsing
1573293516.802,1174,420,None,Move,browsing
1573293516.81,1168,426,None,Move,browsing
1573293516.8179998,1164,430,None,Move,browsing
1573293516.826,1162,432,None,Move,browsing
1573293516.834,1161,434,None,Move,browsing
1573293516.84,1159,436,None,Move,browsing
1573293516.8479998,1158,436,None,Move,browsing
1573293516.856,1158,437,None,Move,browsing
1573293516.865,1157,437,None,Move,browsing
1573293516.873,1156,438,None,Move,browsing
1573293516.88,1156,438,None,Move,browsing
1573293516.8879998,1155,438,None,Move,browsing
1573293516.904,1155,439,None,Move,browsing
1573293516.958,1154,440,None,Move,browsing
1573293517.086,1154,440,None,Move,browsing
1573293517.1020002,1154,441,None,Move,browsing
1573293517.11,1155,443,None,Move,browsing
1573293517.1160002,1157,443,None,Move,browsing
1573293517.1239998,1159,444,None,Move,browsing
1573293517.1320002,1161,445,None,Move,browsing
1573293517.14,1165,446,None,Move,browsing
1573293517.1479998,1169,447,None,Move,browsing
1573293517.156,1172,447,None,Move,browsing
1573293517.164,1178,448,None,Move,browsing
1573293517.1720002,1185,448,None,Move,browsing
1573293517.18,1195,449,None,Move,browsing
1573293517.188,1204,449,None,Move,browsing
1573293517.194,1217,449,None,Move,browsing
1573293517.202,1230,449,None,Move,browsing
1573293517.21,1246,451,None,Move,browsing
1573293517.218,1262,451,None,Move,browsing
1573293517.2270002,1278,451,None,Move,browsing
1573293517.234,1294,450,None,Move,browsing
1573293517.242,1316,449,None,Move,browsing
1573293517.25,1332,449,None,Move,browsing
1573293517.258,1348,449,None,Move,browsing
1573293517.264,1360,449,None,Move,browsing
1573293517.272,1372,450,None,Move,browsing
1573293517.28,1383,453,None,Move,browsing
1573293517.289,1393,453,None,Move,browsing
1573293517.296,1403,454,None,Move,browsing
1573293517.305,1409,455,None,Move,browsing
1573293517.313,1416,455,None,Move,browsing
1573293517.319,1423,456,None,Move,browsing
1573293517.326,1429,456,None,Move,browsing
1573293517.334,1437,456,None,Move,browsing
1573293517.342,1444,457,None,Move,browsing
1573293517.35,1450,457,None,Move,browsing
1573293517.3579998,1457,457,None,Move,browsing
1573293517.3660002,1462,457,None,Move,browsing
1573293517.3739998,1467,457,None,Move,browsing
1573293517.3820002,1473,457,None,Move,browsing
1573293517.3879998,1478,457,None,Move,browsing
1573293517.396,1485,457,None,Move,browsing
1573293517.404,1488,457,None,Move,browsing
1573293517.4120002,1493,457,None,Move,browsing
1573293517.42,1496,457,None,Move,browsing
1573293517.428,1499,457,None,Move,browsing
1573293517.436,1503,457,None,Move,browsing
1573293517.444,1506,456,None,Move,browsing
1573293517.452,1507,456,None,Move,browsing
1573293517.459,1509,455,None,Move,browsing
1573293517.466,1510,455,None,Move,browsing
1573293517.474,1512,454,None,Move,browsing
1573293517.482,1513,454,None,Move,browsing
1573293517.494,1513,454,None,Move,browsing
1573293517.544,1514,453,None,Move,browsing
1573293517.556,1516,453,None,Move,browsing
1573293517.564,1517,453,None,Move,browsing
1573293517.572,1519,453,None,Move,browsing
1573293517.58,1520,454,None,Move,browsing
1573293517.5879998,1522,455,None,Move,browsing
1573293517.596,1524,455,None,Move,browsing
1573293517.6020002,1526,456,None,Move,browsing
1573293517.61,1528,457,None,Move,browsing
1573293517.6179998,1529,457,None,Move,browsing
1573293517.6260002,1532,457,None,Move,browsing
1573293517.6339998,1535,458,None,Move,browsing
1573293517.6420002,1537,458,None,Move,browsing
1573293517.65,1541,458,None,Move,browsing
1573293517.658,1547,459,None,Move,browsing
1573293517.664,1554,459,None,Move,browsing
1573293517.6720002,1562,459,None,Move,browsing
1573293517.681,1568,459,None,Move,browsing
1573293517.688,1575,458,None,Move,browsing
1573293517.697,1582,457,None,Move,browsing
1573293517.705,1587,455,None,Move,browsing
1573293517.714,1591,453,None,Move,browsing
1573293517.72,1593,451,None,Move,browsing
1573293517.729,1596,449,None,Move,browsing
1573293517.7389998,1597,448,None,Move,browsing
1573293517.7470002,1599,446,None,Move,browsing
1573293517.754,1600,444,None,Move,browsing
1573293517.762,1602,443,None,Move,browsing
1573293517.77,1603,441,None,Move,browsing
1573293517.7770002,1604,439,None,Move,browsing
1573293517.783,1605,438,None,Move,browsing
1573293517.79,1606,436,None,Move,browsing
1573293517.798,1607,434,None,Move,browsing
1573293517.805,1608,433,None,Move,browsing
1573293517.812,1609,431,None,Move,browsing
1573293517.82,1611,429,None,Move,browsing
1573293517.8279998,1611,428,None,Move,browsing
1573293517.836,1611,427,None,Move,browsing
1573293517.844,1611,426,None,Move,browsing
1573293517.8520002,1612,424,None,Move,browsing
1573293517.861,1613,422,None,Move,browsing
1573293517.8660002,1613,421,None,Move,browsing
1573293517.8739998,1614,418,None,Move,browsing
1573293517.8820002,1614,417,None,Move,browsing
1573293517.89,1614,414,None,Move,browsing
1573293517.8979998,1614,411,None,Move,browsing
1573293517.906,1615,410,None,Move,browsing
1573293517.914,1615,408,None,Move,browsing
1573293517.9220002,1615,407,None,Move,browsing
1573293517.93,1615,405,None,Move,browsing
1573293517.936,1614,403,None,Move,browsing
1573293517.945,1613,403,None,Move,browsing
1573293517.9529998,1613,402,None,Move,browsing
1573293517.96,1613,401,None,Move,browsing
1573293517.968,1613,400,None,Move,browsing
1573293517.9770002,1613,399,None,Move,browsing
1573293517.984,1613,399,None,Move,browsing
1573293517.992,1612,398,None,Move,browsing
1573293518.005,1612,397,None,Move,browsing
1573293518.0110002,1611,396,None,Move,browsing
1573293518.043,1611,396,None,Move,browsing
1573293518.054,1611,395,None,Move,browsing
1573293518.063,1610,394,None,Move,browsing
1573293518.07,1610,394,None,Move,browsing
1573293518.077,1610,393,None,Move,browsing
1573293518.085,1609,392,None,Move,browsing
1573293518.092,1609,392,None,Move,browsing
1573293518.101,1609,391,None,Move,browsing
1573293518.109,1609,390,None,Move,browsing
1573293518.117,1609,390,None,Move,browsing
1573293518.1239998,1609,388,None,Move,browsing
1573293518.133,1608,387,None,Move,browsing
1573293518.14,1608,386,None,Move,browsing
1573293518.147,1607,384,None,Move,browsing
1573293518.154,1606,383,None,Move,browsing
1573293518.163,1606,381,None,Move,browsing
1573293518.17,1605,380,None,Move,browsing
1573293518.179,1605,378,None,Move,browsing
1573293518.186,1604,375,None,Move,browsing
1573293518.195,1603,373,None,Move,browsing
1573293518.2029998,1601,370,None,Move,browsing
1573293518.211,1599,367,None,Move,browsing
1573293518.217,1598,365,None,Move,browsing
1573293518.225,1596,361,None,Move,browsing
1573293518.232,1594,357,None,Move,browsing
1573293518.2410002,1591,351,None,Move,browsing
1573293518.248,1590,349,None,Move,browsing
1573293518.2570002,1588,344,None,Move,browsing
1573293518.265,1586,340,None,Move,browsing
1573293518.272,1584,336,None,Move,browsing
1573293518.281,1582,333,None,Move,browsing
1573293518.286,1580,329,None,Move,browsing
1573293518.295,1578,327,None,Move,browsing
1573293518.303,1577,324,None,Move,browsing
1573293518.311,1575,321,None,Move,browsing
1573293518.3179998,1574,317,None,Move,browsing
1573293518.326,1572,315,None,Move,browsing
1573293518.334,1570,312,None,Move,browsing
1573293518.342,1569,310,None,Move,browsing
1573293518.35,1568,308,None,Move,browsing
1573293518.356,1567,306,None,Move,browsing
1573293518.3639998,1566,303,None,Move,browsing
1573293518.3720002,1565,302,None,Move,browsing
1573293518.38,1564,299,None,Move,browsing
1573293518.3879998,1563,297,None,Move,browsing
1573293518.396,1562,296,None,Move,browsing
1573293518.404,1562,294,None,Move,browsing
1573293518.4120002,1562,293,None,Move,browsing
1573293518.42,1562,291,None,Move,browsing
1573293518.428,1561,289,None,Move,browsing
1573293518.434,1561,289,None,Move,browsing
1573293518.4420002,1560,288,None,Move,browsing
1573293518.45,1560,287,None,Move,browsing
1573293518.458,1560,287,None,Move,browsing
1573293518.47,1559,287,None,Move,browsing
1573293518.516,1559,287,Left,Pressed,browsing
1573293518.6220002,1559,287,Left,Released,browsing
1573293518.829,1559,287,None,Move,browsing
1573293518.842,1559,287,None,Move,browsing
1573293519.216,1559,287,None,Move,browsing
1573293519.232,1559,288,None,Move,browsing
1573293519.24,1559,288,None,Move,browsing
1573293519.248,1559,289,None,Move,browsing
1573293519.274,1559,290,None,Move,browsing
1573293519.286,1559,290,None,Move,browsing
1573293519.2970002,1559,291,None,Move,browsing
1573293519.3070002,1559,292,None,Move,browsing
1573293519.315,1559,293,None,Move,browsing
1573293519.323,1560,293,None,Move,browsing
1573293519.329,1560,294,None,Move,browsing
1573293519.337,1560,295,None,Move,browsing
1573293519.344,1561,296,None,Move,browsing
1573293519.353,1562,298,None,Move,browsing
1573293519.36,1563,299,None,Move,browsing
1573293519.3679998,1563,301,None,Move,browsing
1573293519.3760002,1563,302,None,Move,browsing
1573293519.3839998,1563,304,None,Move,browsing
1573293519.3920002,1563,305,None,Move,browsing
1573293519.3979998,1561,307,None,Move,browsing
1573293519.406,1559,309,None,Move,browsing
1573293519.414,1553,312,None,Move,browsing
1573293519.423,1546,314,None,Move,browsing
1573293519.4320002,1538,318,None,Move,browsing
1573293519.44,1528,321,None,Move,browsing
1573293519.447,1516,324,None,Move,browsing
1573293519.454,1502,328,None,Move,browsing
1573293519.4629998,1485,332,None,Move,browsing
1573293519.47,1471,335,None,Move,browsing
1573293519.4770002,1448,338,None,Move,browsing
1573293519.485,1421,342,None,Move,browsing
1573293519.492,1393,345,None,Move,browsing
1573293519.5010002,1359,349,None,Move,browsing
1573293519.508,1325,353,None,Move,browsing
1573293519.5170002,1291,356,None,Move,browsing
1573293519.524,1256,362,None,Move,browsing
1573293519.532,1219,366,None,Move,browsing
1573293519.54,1185,368,None,Move,browsing
1573293519.546,1158,370,None,Move,browsing
1573293519.554,1138,371,None,Move,browsing
1573293519.563,1114,373,None,Move,browsing
1573293519.57,1098,374,None,Move,browsing
1573293519.579,1084,374,None,Move,browsing
1573293519.587,1072,374,None,Move,browsing
1573293519.595,1066,375,None,Move,browsing
1573293519.603,1059,376,None,Move,browsing
1573293519.609,1055,376,None,Move,browsing
1573293519.6160002,1054,376,None,Move,browsing
1573293519.6239998,1052,377,None,Move,browsing
1573293519.644,1052,377,None,Move,browsing
1573293519.657,1052,378,None,Move,browsing
1573293519.665,1051,378,None,Move,browsing
1573293520.449,1051,378,None,Move,browsing
1573293520.456,1052,378,None,Move,browsing
1573293520.4770002,1053,378,None,Move,browsing
1573293520.484,1053,378,None,Move,browsing
1573293520.492,1054,378,None,Move,browsing
1573293520.5,1055,378,None,Move,browsing
1573293520.508,1055,378,None,Move,browsing
1573293520.514,1057,378,None,Move,browsing
1573293520.522,1058,378,None,Move,browsing
1573293520.531,1058,378,None,Move,browsing
1573293520.539,1060,378,None,Move,browsing
1573293520.5470002,1060,378,None,Move,browsing
1573293520.555,1061,378,None,Move,browsing
1573293520.563,1062,378,None,Move,browsing
1573293520.57,1063,378,None,Move,browsing
1573293520.5779998,1064,378,None,Move,browsing
1573293520.584,1065,378,None,Move,browsing
1573293520.592,1066,378,None,Move,browsing
1573293520.6,1067,378,None,Move,browsing
1573293520.6079998,1067,378,None,Move,browsing
1573293520.617,1068,378,None,Move,browsing
1573293520.629,1069,378,None,Move,browsing
1573293520.637,1069,378,None,Move,browsing
1573293520.649,1070,378,None,Move,browsing
1573293520.654,1071,378,None,Move,browsing
1573293520.663,1071,378,None,Move,browsing
1573293520.671,1072,378,None,Move,browsing
1573293520.679,1073,378,None,Move,browsing
1573293520.687,1073,378,None,Move,browsing
1573293520.694,1074,378,None,Move,browsing
1573293520.7029998,1075,378,None,Move,browsing
1573293520.711,1076,378,None,Move,browsing
1573293520.719,1077,378,None,Move,browsing
1573293520.724,1078,378,None,Move,browsing
1573293520.7329998,1079,378,None,Move,browsing
1573293520.7410002,1080,378,None,Move,browsing
1573293520.748,1081,378,None,Move,browsing
1573293520.756,1083,378,None,Move,browsing
1573293520.765,1084,377,None,Move,browsing
1573293520.7729998,1086,376,None,Move,browsing
1573293520.781,1088,376,None,Move,browsing
1573293520.7870002,1088,376,None,Move,browsing
1573293520.794,1089,376,None,Move,browsing
1573293520.803,1089,375,None,Move,browsing
1573293521.215,1089,375,None,Move,browsing
1573293521.2270002,1089,375,None,Move,browsing
1573293521.235,1089,376,None,Move,browsing
1573293521.258,1089,377,None,Move,browsing
1573293521.2670002,1090,378,None,Move,browsing
1573293521.275,1090,378,None,Move,browsing
1573293521.281,1090,379,None,Move,browsing
1573293521.305,1090,380,None,Move,browsing
1573293521.6620002,1091,380,None,Move,browsing
1573293521.678,1092,381,None,Move,browsing
1573293521.686,1092,382,None,Move,browsing
1573293522.1239998,1093,382,None,Move,browsing
1573293522.1320002,1094,381,None,Move,browsing
1573293522.14,1095,381,None,Move,browsing
1573293522.1479998,1096,381,None,Move,browsing
1573293522.156,1098,381,None,Move,browsing
1573293522.164,1099,383,None,Move,browsing
1573293522.1720002,1101,384,None,Move,browsing
1573293522.178,1103,386,None,Move,browsing
1573293522.186,1105,388,None,Move,browsing
1573293522.194,1106,390,None,Move,browsing
1573293522.202,1108,391,None,Move,browsing
1573293522.21,1110,393,None,Move,browsing
1573293522.218,1110,394,None,Move,browsing
1573293522.2270002,1110,394,None,Move,browsing
1573293522.244,1110,394,None,Move,browsing
1573293522.2529998,1111,395,None,Move,browsing
1573293522.2610002,1112,396,None,Move,browsing
1573293522.269,1112,396,None,Move,browsing
1573293522.276,1113,398,None,Move,browsing
1573293522.285,1114,399,None,Move,browsing
1573293522.292,1115,399,None,Move,browsing
1573293522.3,1116,400,None,Move,browsing
1573293522.3079998,1118,401,None,Move,browsing
1573293522.314,1118,401,None,Move,browsing
1573293522.322,1119,401,None,Move,browsing
1573293522.33,1120,402,None,Move,browsing
1573293522.3379998,1121,402,None,Move,browsing
1573293522.346,1122,404,None,Move,browsing
1573293522.354,1124,405,None,Move,browsing
1573293522.3620002,1124,405,None,Move,browsing
1573293522.4120002,1124,405,None,Move,browsing
1573293522.424,1124,406,None,Move,browsing
1573293522.4320002,1124,407,None,Move,browsing
1573293522.529,1124,407,None,Move,browsing
1573293522.541,1124,408,None,Move,browsing
1573293522.595,1124,409,None,Move,browsing
1573293522.607,1124,409,None,Move,browsing
1573293522.685,1124,410,None,Move,browsing
1573293522.915,1124,411,None,Move,browsing
1573293523.042,1124,411,None,Move,browsing
1573293523.0670002,1124,412,None,Move,browsing
1573293523.085,1124,413,None,Move,browsing
1573293523.093,1124,413,None,Move,browsing
1573293523.113,1124,413,None,Move,browsing
1573293523.146,1124,414,None,Move,browsing
1573293523.1620002,1124,415,None,Move,browsing
1573293523.171,1124,415,None,Move,browsing
1573293523.179,1124,416,None,Move,browsing
1573293523.187,1125,416,None,Move,browsing
1573293523.195,1125,417,None,Move,browsing
1573293523.207,1125,418,None,Move,browsing
1573293523.215,1126,418,None,Move,browsing
1573293523.2370002,1126,418,None,Move,browsing
1573293523.2489998,1126,419,None,Move,browsing
1573293523.2570002,1126,419,None,Move,browsing
1573293523.265,1127,420,None,Move,browsing
1573293523.2729998,1128,420,None,Move,browsing
1573293523.281,1128,420,None,Move,browsing
1573293523.2870002,1129,421,None,Move,browsing
1573293523.295,1130,422,None,Move,browsing
1573293523.303,1132,422,None,Move,browsing
1573293523.311,1134,422,None,Move,browsing
1573293523.3179998,1136,423,None,Move,browsing
1573293523.326,1140,423,None,Move,browsing
1573293523.335,1143,423,None,Move,browsing
1573293523.342,1148,423,None,Move,browsing
1573293523.351,1153,423,None,Move,browsing
1573293523.357,1160,420,None,Move,browsing
1573293523.365,1167,417,None,Move,browsing
1573293523.3720002,1173,413,None,Move,browsing
1573293523.381,1180,406,None,Move,browsing
1573293523.389,1185,399,None,Move,browsing
1573293523.397,1192,388,None,Move,browsing
1573293523.405,1198,378,None,Move,browsing
1573293523.4120002,1205,363,None,Move,browsing
1573293523.42,1210,347,None,Move,browsing
1573293523.427,1216,330,None,Move,browsing
1573293523.434,1225,303,None,Move,browsing
1573293523.4420002,1236,273,None,Move,browsing
1573293523.45,1248,251,None,Move,browsing
1573293523.458,1257,224,None,Move,browsing
1573293523.466,1268,197,None,Move,browsing
1573293523.475,1279,167,None,Move,browsing
1573293523.4829998,1293,136,None,Move,browsing
1573293523.49,1304,109,None,Move,browsing
1573293523.4970002,1308,86,None,Move,browsing
1573293523.505,1311,65,None,Move,browsing
1573293523.512,1314,46,None,Move,browsing
1573293523.521,1317,30,None,Move,browsing
1573293523.528,1317,16,None,Move,browsing
1573293523.536,1317,3,None,Move,browsing
1573293523.544,1315,-7,None,Move,browsing
1573293523.553,1313,-8,None,Move,browsing
1573293523.56,1312,-7,None,Move,browsing
1573293523.5670002,1310,-7,None,Move,browsing
1573293523.574,1306,-7,None,Move,browsing
1573293523.583,1304,-4,None,Move,browsing
1573293523.59,1302,-4,None,Move,browsing
1573293523.5979998,1300,-2,None,Move,browsing
1573293523.607,1299,-2,None,Move,browsing
1573293523.6139998,1297,-3,None,Move,browsing
1573293523.623,1295,-3,None,Move,browsing
1573293523.63,1293,-1,None,Move,browsing
1573293523.637,1293,-2,None,Move,browsing
1573293523.644,1291,-2,None,Move,browsing
1573293523.6520002,1289,-1,None,Move,browsing
1573293523.66,1287,-2,None,Move,browsing
1573293523.669,1287,-1,None,Move,browsing
1573293523.676,1287,0,None,Move,browsing
1573293523.688,1287,-1,None,Move,browsing
1573293523.73,1287,-1,None,Move,browsing
1573293523.738,1287,0,None,Move,browsing
1573293523.7470002,1290,0,None,Move,browsing
1573293523.755,1292,1,None,Move,browsing
1573293523.762,1296,2,None,Move,browsing
1573293523.769,1300,3,None,Move,browsing
1573293523.7770002,1307,4,None,Move,browsing
1573293523.785,1312,5,None,Move,browsing
1573293523.793,1319,7,None,Move,browsing
1573293523.801,1326,10,None,Move,browsing
1573293523.809,1334,12,None,Move,browsing
1573293523.8170002,1344,15,None,Move,browsing
1573293523.825,1354,17,None,Move,browsing
1573293523.833,1364,18,None,Move,browsing
1573293523.839,1372,19,None,Move,browsing
1573293523.847,1380,21,None,Move,browsing
1573293523.855,1388,21,None,Move,browsing
1573293523.8620002,1398,21,None,Move,browsing
1573293523.87,1404,21,None,Move,browsing
1573293523.8779998,1411,21,None,Move,browsing
1573293523.887,1417,21,None,Move,browsing
1573293523.894,1422,21,None,Move,browsing
1573293523.903,1427,21,None,Move,browsing
1573293523.909,1431,21,None,Move,browsing
1573293523.917,1433,21,None,Move,browsing
1573293523.925,1435,21,None,Move,browsing
1573293523.9329998,1437,21,None,Move,browsing
1573293523.941,1437,21,None,Move,browsing
1573293524.019,1437,19,None,Move,browsing
1573293524.0270002,1434,17,None,Move,browsing
1573293524.035,1430,15,None,Move,browsing
1573293524.043,1423,13,None,Move,browsing
1573293524.05,1416,10,None,Move,browsing
1573293524.056,1407,6,None,Move,browsing
1573293524.064,1399,2,None,Move,browsing
1573293524.072,1389,-2,None,Move,browsing
1573293524.08,1379,-2,None,Move,browsing
1573293524.0879998,1369,-3,None,Move,browsing
1573293524.096,1360,-2,None,Move,browsing
1573293524.104,1352,-4,None,Move,browsing
1573293524.1120002,1343,-3,None,Move,browsing
1573293524.121,1335,-3,None,Move,browsing
1573293524.1260002,1327,-5,None,Move,browsing
1573293524.135,1320,-3,None,Move,browsing
1573293524.143,1315,-3,None,Move,browsing
1573293524.151,1311,-4,None,Move,browsing
1573293524.159,1308,-1,None,Move,browsing
1573293524.167,1305,-2,None,Move,browsing
1573293524.175,1304,-2,None,Move,browsing
1573293524.1829998,1302,-3,None,Move,browsing
1573293524.189,1300,-1,None,Move,browsing
1573293524.197,1298,-2,None,Move,browsing
1573293524.205,1298,-1,None,Move,browsing
1573293524.212,1297,0,None,Move,browsing
1573293524.221,1296,-1,None,Move,browsing
1573293524.228,1295,-1,None,Move,browsing
1573293524.2370002,1295,0,None,Move,browsing
1573293524.244,1294,0,None,Move,browsing
1573293524.255,1293,-1,None,Move,browsing
1573293524.702,1293,0,None,Move,browsing
1573293525.519,1293,0,None,Move,browsing
1573293525.5270002,1293,4,None,Move,browsing
1573293525.535,1291,9,None,Move,browsing
1573293525.543,1289,16,None,Move,browsing
1573293525.551,1285,23,None,Move,browsing
1573293525.559,1280,31,None,Move,browsing
1573293525.5670002,1274,38,None,Move,browsing
1573293525.575,1267,47,None,Move,browsing
1573293525.58,1259,54,None,Move,browsing
1573293525.589,1249,63,None,Move,browsing
1573293525.596,1235,71,None,Move,browsing
1573293525.605,1220,81,None,Move,browsing
1573293525.6120002,1198,91,None,Move,browsing
1573293525.621,1177,101,None,Move,browsing
1573293525.6279998,1147,110,None,Move,browsing
1573293525.6360002,1111,122,None,Move,browsing
1573293525.644,1066,133,None,Move,browsing
1573293525.653,1018,142,None,Move,browsing
1573293525.658,970,155,None,Move,browsing
1573293525.667,909,167,None,Move,browsing
1573293525.674,845,181,None,Move,browsing
1573293525.6820002,784,195,None,Move,browsing
1573293525.691,713,210,None,Move,browsing
1573293525.698,648,227,None,Move,browsing
1573293525.706,593,240,None,Move,browsing
1573293525.714,542,254,None,Move,browsing
1573293525.72,493,267,None,Move,browsing
1573293525.728,454,277,None,Move,browsing
1573293525.7370002,429,282,None,Move,browsing
1573293525.744,413,285,None,Move,browsing
1573293525.752,401,289,None,Move,browsing
1573293525.76,391,291,None,Move,browsing
1573293525.768,383,294,None,Move,browsing
1573293525.776,374,297,None,Move,browsing
1573293525.784,367,301,None,Move,browsing
1573293525.79,360,305,None,Move,browsing
1573293525.798,355,307,None,Move,browsing
1573293525.806,348,309,None,Move,browsing
1573293525.814,341,311,None,Move,browsing
1573293525.822,332,314,None,Move,browsing
1573293525.83,326,316,None,Move,browsing
1573293525.8379998,319,316,None,Move,browsing
1573293525.846,314,316,None,Move,browsing
1573293525.854,309,316,None,Move,browsing
1573293525.86,307,316,None,Move,browsing
1573293525.87,307,315,None,Move,browsing
1573293526.016,307,315,None,Move,browsing
1573293526.028,306,315,None,Move,browsing
1573293526.036,305,315,None,Move,browsing
1573293526.044,305,315,None,Move,browsing
1573293526.052,304,315,None,Move,browsing
1573293526.06,303,316,None,Move,browsing
1573293526.0679998,303,316,None,Move,browsing
1573293526.075,302,317,None,Move,browsing
1573293526.082,301,317,None,Move,browsing
1573293526.09,300,319,None,Move,browsing
1573293526.0979998,299,319,None,Move,browsing
1573293526.106,296,320,None,Move,browsing
1573293526.1139998,294,322,None,Move,browsing
1573293526.1220002,292,324,None,Move,browsing
1573293526.131,289,326,None,Move,browsing
1573293526.139,285,328,None,Move,browsing
1573293526.145,279,331,None,Move,browsing
1573293526.154,272,336,None,Move,browsing
1573293526.161,265,341,None,Move,browsing
1573293526.169,256,347,None,Move,browsing
1573293526.176,246,351,None,Move,browsing
1573293526.184,233,359,None,Move,browsing
1573293526.1920002,221,365,None,Move,browsing
1573293526.2,208,371,None,Move,browsing
1573293526.208,193,373,None,Move,browsing
1573293526.214,182,376,None,Move,browsing
1573293526.222,170,378,None,Move,browsing
1573293526.23,160,381,None,Move,browsing
1573293526.238,150,382,None,Move,browsing
1573293526.246,142,384,None,Move,browsing
1573293526.254,135,387,None,Move,browsing
1573293526.262,128,389,None,Move,browsing
1573293526.27,123,390,None,Move,browsing
1573293526.276,118,391,None,Move,browsing
1573293526.284,115,392,None,Move,browsing
1573293526.292,114,392,None,Move,browsing
1573293526.302,112,392,None,Move,browsing
1573293526.3079998,110,392,None,Move,browsing
1573293526.32,110,392,None,Move,browsing
1573293526.346,109,392,None,Move,browsing
1573293526.498,108,393,None,Move,browsing
1573293526.514,108,393,None,Move,browsing
1573293526.522,106,395,None,Move,browsing
1573293526.53,105,397,None,Move,browsing
1573293526.539,104,398,None,Move,browsing
1573293526.5470002,104,399,None,Move,browsing
1573293526.88,103,400,None,Move,browsing
1573293526.8879998,103,400,None,Move,browsing
1573293528.921,103,400,None,Move,browsing
1573293529.546,103,400,None,Move,browsing
1573293529.5579998,103,399,None,Move,browsing
1573293529.566,105,398,None,Move,browsing
1573293529.574,108,397,None,Move,browsing
1573293529.582,110,395,None,Move,browsing
1573293529.59,113,393,None,Move,browsing
1573293529.5979998,116,391,None,Move,browsing
1573293529.606,119,387,None,Move,browsing
1573293529.6139998,121,385,None,Move,browsing
1573293529.62,125,379,None,Move,browsing
1573293529.6279998,129,373,None,Move,browsing
1573293529.6360002,134,369,None,Move,browsing
1573293529.644,138,362,None,Move,browsing
1573293529.654,141,355,None,Move,browsing
1573293529.66,143,349,None,Move,browsing
1573293529.669,145,344,None,Move,browsing
1573293529.677,148,338,None,Move,browsing
1573293529.685,151,331,None,Move,browsing
1573293529.691,153,324,None,Move,browsing
1573293529.699,155,320,None,Move,browsing
1573293529.707,157,314,None,Move,browsing
1573293529.715,158,308,None,Move,browsing
1573293529.722,161,303,None,Move,browsing
1573293529.73,163,297,None,Move,browsing
1573293529.738,165,291,None,Move,browsing
1573293529.746,167,284,None,Move,browsing
1573293529.754,168,277,None,Move,browsing
1573293529.76,170,270,None,Move,browsing
1573293529.768,171,265,None,Move,browsing
1573293529.7770002,172,258,None,Move,browsing
1573293529.785,173,253,None,Move,browsing
1573293529.792,174,248,None,Move,browsing
1573293529.8,176,244,None,Move,browsing
1573293529.81,178,238,None,Move,browsing
1573293529.845,186,224,None,Move,browsing
1573293529.854,193,217,None,Move,browsing
1573293529.8620002,195,213,None,Move,browsing
1573293529.87,198,208,None,Move,browsing
1573293529.8779998,200,205,None,Move,browsing
1573293529.8860002,202,199,None,Move,browsing
1573293529.894,204,194,None,Move,browsing
1573293529.9020002,206,190,None,Move,browsing
1573293529.91,208,186,None,Move,browsing
1573293529.918,209,182,None,Move,browsing
1573293529.925,211,179,None,Move,browsing
1573293529.9320002,213,178,None,Move,browsing
1573293529.94,214,176,None,Move,browsing
1573293529.948,214,174,None,Move,browsing
1573293529.956,215,173,None,Move,browsing
1573293529.964,216,171,None,Move,browsing
1573293529.97,216,170,None,Move,browsing
1573293529.978,217,168,None,Move,browsing
1573293529.986,217,166,None,Move,browsing
1573293529.994,218,165,None,Move,browsing
1573293530.002,218,164,None,Move,browsing
1573293530.01,218,163,None,Move,browsing
1573293530.018,218,162,None,Move,browsing
1573293530.026,218,160,None,Move,browsing
1573293530.036,218,159,None,Move,browsing
1573293530.043,218,158,None,Move,browsing
1573293530.052,218,158,None,Move,browsing
1573293530.06,218,157,None,Move,browsing
1573293530.072,218,156,None,Move,browsing
1573293530.084,219,156,None,Move,browsing
1573293530.096,219,155,None,Move,browsing
1573293530.11,219,155,None,Move,browsing
1573293530.1179998,219,154,None,Move,browsing
1573293530.13,219,153,None,Move,browsing
1573293530.1420002,219,153,None,Move,browsing
1573293530.166,219,152,None,Move,browsing
1573293530.184,219,151,None,Move,browsing
1573293530.216,219,151,None,Move,browsing
1573293530.224,219,150,None,Move,browsing
1573293530.236,219,149,None,Move,browsing
1573293530.242,219,149,None,Move,browsing
1573293530.25,219,148,None,Move,browsing
1573293530.262,219,147,None,Move,browsing
1573293530.271,219,147,None,Move,browsing
1573293530.279,219,146,None,Move,browsing
1573293530.29,219,145,None,Move,browsing
1573293530.302,219,145,None,Move,browsing
1573293530.31,219,145,None,Move,browsing
1573293530.353,219,145,Left,Pressed,browsing
1573293530.464,219,145,Left,Released,browsing
1573293530.8739998,219,145,None,Move,browsing
1573293530.883,219,145,None,Move,browsing
1573293530.891,220,144,None,Move,browsing
1573293530.8979998,220,144,None,Move,browsing
1573293530.9120002,220,143,None,Move,browsing
1573293530.92,221,143,None,Move,browsing
1573293530.95,222,143,None,Move,browsing
1573293531.04,222,143,None,Move,browsing
1573293531.156,223,143,None,Move,browsing
1573293531.164,224,143,None,Move,browsing
1573293531.176,225,143,None,Move,browsing
1573293531.184,225,143,None,Move,browsing
1573293531.1920002,227,143,None,Move,browsing
1573293531.2,228,143,None,Move,browsing
1573293531.208,230,143,None,Move,browsing
1573293531.216,233,144,None,Move,browsing
1573293531.224,239,146,None,Move,browsing
1573293531.23,246,149,None,Move,browsing
1573293531.238,256,151,None,Move,browsing
1573293531.246,267,154,None,Move,browsing
1573293531.254,283,156,None,Move,browsing
1573293531.262,299,159,None,Move,browsing
1573293531.27,322,162,None,Move,browsing
1573293531.278,340,165,None,Move,browsing
1573293531.2870002,356,166,None,Move,browsing
1573293531.294,372,169,None,Move,browsing
1573293531.3,385,171,None,Move,browsing
1573293531.309,394,174,None,Move,browsing
1573293531.3170002,402,176,None,Move,browsing
1573293531.324,408,178,None,Move,browsing
1573293531.332,412,180,None,Move,browsing
1573293531.34,413,182,None,Move,browsing
1573293531.3479998,415,184,None,Move,browsing
1573293531.356,417,185,None,Move,browsing
1573293531.3620002,419,187,None,Move,browsing
1573293531.37,420,189,None,Move,browsing
1573293531.3779998,422,191,None,Move,browsing
1573293531.3860002,424,193,None,Move,browsing
1573293531.396,425,195,None,Move,browsing
1573293531.403,427,197,None,Move,browsing
1573293531.41,428,198,None,Move,browsing
1573293531.418,430,200,None,Move,browsing
1573293531.426,431,202,None,Move,browsing
1573293531.434,431,203,None,Move,browsing
1573293531.4429998,432,204,None,Move,browsing
1573293531.449,432,205,None,Move,browsing
1573293531.456,432,207,None,Move,browsing
1573293531.464,433,209,None,Move,browsing
1573293531.481,433,212,None,Move,browsing
1573293531.488,433,213,None,Move,browsing
1573293531.4970002,433,215,None,Move,browsing
1573293531.505,433,216,None,Move,browsing
1573293531.5110002,433,218,None,Move,browsing
1573293531.518,433,219,None,Move,browsing
1573293531.526,433,221,None,Move,browsing
1573293531.534,433,222,None,Move,browsing
1573293531.543,433,223,None,Move,browsing
1573293531.5579998,433,224,None,Move,browsing
1573293531.566,433,224,None,Move,browsing
1573293531.584,433,225,None,Move,browsing
1573293531.597,433,226,None,Move,browsing
1573293531.613,433,226,None,Move,browsing
1573293531.621,434,227,None,Move,browsing
1573293531.629,434,228,None,Move,browsing
1573293531.637,435,229,None,Move,browsing
1573293531.6420002,437,231,None,Move,browsing
1573293531.65,437,233,None,Move,browsing
1573293531.659,439,234,None,Move,browsing
1573293531.666,441,236,None,Move,browsing
1573293531.675,443,238,None,Move,browsing
1573293531.6820002,444,240,None,Move,browsing
1573293531.69,446,241,None,Move,browsing
1573293531.698,449,244,None,Move,browsing
1573293531.706,451,246,None,Move,browsing
1573293531.712,452,247,None,Move,browsing
1573293531.72,453,249,None,Move,browsing
1573293531.729,454,251,None,Move,browsing
1573293531.736,455,252,None,Move,browsing
1573293531.744,455,254,None,Move,browsing
1573293531.752,457,256,None,Move,browsing
1573293531.76,457,256,None,Move,browsing
1573293531.768,458,258,None,Move,browsing
1573293531.7770002,458,259,None,Move,browsing
1573293531.784,459,261,None,Move,browsing
1573293531.791,460,263,None,Move,browsing
1573293531.799,460,263,None,Move,browsing
1573293531.8070002,460,265,None,Move,browsing
1573293531.815,460,266,None,Move,browsing
1573293531.823,460,266,None,Move,browsing
1573293531.834,460,267,None,Move,browsing
1573293531.843,460,268,None,Move,browsing
1573293531.8760002,460,268,None,Move,browsing
1573293531.927,460,268,None,Move,browsing
1573293531.9420002,459,268,None,Move,browsing
1573293531.95,459,269,None,Move,browsing
1573293531.958,457,269,None,Move,browsing
1573293531.97,456,269,None,Move,browsing
1573293531.979,455,269,None,Move,browsing
1573293531.9870002,453,269,None,Move,browsing
1573293531.9929998,452,269,None,Move,browsing
1573293532.0,451,268,None,Move,browsing
1573293532.008,450,268,None,Move,browsing
1573293532.016,449,268,None,Move,browsing
1573293532.024,448,268,None,Move,browsing
1573293532.032,448,268,None,Move,browsing
1573293532.04,447,267,None,Move,browsing
1573293532.095,446,267,Left,Pressed,browsing
1573293532.095,446,267,None,Drag,browsing
1573293532.095,446,267,Left,Released,browsing
1573293532.3579998,446,267,None,Move,browsing
1573293532.367,446,268,None,Move,browsing
1573293532.375,446,269,None,Move,browsing
1573293532.3820002,446,270,None,Move,browsing
1573293532.391,448,272,None,Move,browsing
1573293532.397,449,274,None,Move,browsing
1573293532.407,449,275,None,Move,browsing
1573293532.4120002,451,277,None,Move,browsing
1573293532.421,453,279,None,Move,browsing
1573293532.428,455,281,None,Move,browsing
1573293532.436,455,284,None,Move,browsing
1573293532.444,456,287,None,Move,browsing
1573293532.452,458,291,None,Move,browsing
1573293532.46,460,293,None,Move,browsing
1573293532.469,461,296,None,Move,browsing
1573293532.476,463,300,None,Move,browsing
1573293532.4829998,464,302,None,Move,browsing
1573293532.49,466,306,None,Move,browsing
1573293532.498,466,309,None,Move,browsing
1573293532.5070002,467,311,None,Move,browsing
1573293532.514,468,314,None,Move,browsing
1573293532.522,469,317,None,Move,browsing
1573293532.53,470,318,None,Move,browsing
1573293532.54,470,320,None,Move,browsing
1573293532.5470002,470,321,None,Move,browsing
1573293532.553,470,323,None,Move,browsing
1573293532.56,470,324,None,Move,browsing
1573293532.5679998,470,325,None,Move,browsing
1573293532.576,470,327,None,Move,browsing
1573293532.584,469,328,None,Move,browsing
1573293532.592,469,329,None,Move,browsing
1573293532.6,469,330,None,Move,browsing
1573293532.6079998,468,330,None,Move,browsing
1573293532.6160002,467,331,None,Move,browsing
1573293532.6220002,467,332,None,Move,browsing
1573293532.631,467,332,None,Move,browsing
1573293532.6379998,467,333,None,Move,browsing
1573293532.647,466,334,None,Move,browsing
1573293532.654,465,335,None,Move,browsing
1573293532.674,465,335,None,Move,browsing
1573293532.686,464,336,None,Move,browsing
1573293532.696,464,337,None,Move,browsing
1573293532.705,463,337,None,Move,browsing
1573293532.712,463,337,None,Move,browsing
1573293532.721,462,338,None,Move,browsing
1573293532.728,462,338,None,Move,browsing
1573293532.7370002,461,339,None,Move,browsing
1573293532.744,461,339,None,Move,browsing
1573293532.752,460,339,None,Move,browsing
1573293532.758,460,340,None,Move,browsing
1573293532.766,460,340,None,Move,browsing
1573293532.774,459,341,None,Move,browsing
1573293532.786,458,341,None,Move,browsing
1573293532.794,458,341,None,Move,browsing
1573293532.802,457,342,None,Move,browsing
1573293532.81,456,342,None,Move,browsing
1573293532.8179998,455,343,None,Move,browsing
1573293532.827,453,344,None,Move,browsing
1573293532.832,453,344,None,Move,browsing
1573293532.84,451,345,None,Move,browsing
1573293532.8479998,449,346,None,Move,browsing
1573293532.857,448,347,None,Move,browsing
1573293532.865,446,348,None,Move,browsing
1573293532.8720002,444,348,None,Move,browsing
1573293532.881,442,350,None,Move,browsing
1573293532.889,440,351,None,Move,browsing
1573293532.895,439,351,None,Move,browsing
1573293532.9020002,437,352,None,Move,browsing
1573293532.91,434,353,None,Move,browsing
1573293532.918,432,354,None,Move,browsing
1573293532.926,430,354,None,Move,browsing
1573293532.934,429,354,None,Move,browsing
1573293532.9420002,427,354,None,Move,browsing
1573293532.95,425,354,None,Move,browsing
1573293532.958,425,354,None,Move,browsing
1573293532.966,424,354,None,Move,browsing
1573293532.9729998,423,354,None,Move,browsing
1573293532.98,423,354,None,Move,browsing
1573293533.008,422,354,None,Move,browsing
1573293533.1360002,422,354,None,Move,browsing
1573293533.1520002,421,354,None,Move,browsing
1573293533.206,421,354,Left,Pressed,browsing
1573293533.305,421,354,Left,Released,browsing
1573293533.343,421,354,None,Move,browsing
1573293533.47,421,353,None,Move,browsing
1573293533.482,421,353,None,Move,browsing
1573293533.4910002,423,352,None,Move,browsing
1573293533.4989998,426,351,None,Move,browsing
1573293533.5070002,433,350,None,Move,browsing
1573293533.515,443,348,None,Move,browsing
1573293533.522,454,347,None,Move,browsing
1573293533.529,472,344,None,Move,browsing
1573293533.5370002,497,341,None,Move,browsing
1573293533.544,528,338,None,Move,browsing
1573293533.552,563,330,None,Move,browsing
1573293533.56,606,317,None,Move,browsing
1573293533.5679998,661,298,None,Move,browsing
1573293533.576,724,272,None,Move,browsing
1573293533.587,788,240,None,Move,browsing
1573293533.593,848,206,None,Move,browsing
1573293533.6,915,176,None,Move,browsing
1573293533.607,973,143,None,Move,browsing
1573293533.615,1034,103,None,Move,browsing
1573293533.623,1093,62,None,Move,browsing
1573293533.63,1148,23,None,Move,browsing
1573293533.639,1208,-8,None,Move,browsing
1573293533.646,1259,-28,None,Move,browsing
1573293533.655,1301,-26,None,Move,browsing
1573293533.6620002,1343,-22,None,Move,browsing
1573293533.67,1374,-16,None,Move,browsing
1573293533.678,1399,-12,None,Move,browsing
1573293533.684,1414,-9,None,Move,browsing
1573293533.6929998,1424,-2,None,Move,browsing
1573293533.701,1433,-4,None,Move,browsing
1573293533.708,1438,-2,None,Move,browsing
1573293533.717,1441,-2,None,Move,browsing
1573293533.725,1442,0,None,Move,browsing
1573293533.732,1442,0,None,Move,browsing
1573293533.77,1442,0,None,Move,browsing
1573293533.778,1441,0,None,Move,browsing
1573293533.786,1441,0,None,Move,browsing
1573293533.795,1440,0,None,Move,browsing
1573293533.802,1439,0,None,Move,browsing
1573293533.81,1439,0,None,Move,browsing
1573293533.8170002,1437,0,None,Move,browsing
1573293533.825,1436,0,None,Move,browsing
1573293533.832,1434,0,None,Move,browsing
1573293533.84,1432,0,None,Move,browsing
1573293533.849,1430,0,None,Move,browsing
1573293533.856,1426,0,None,Move,browsing
1573293533.8639998,1421,0,None,Move,browsing
1573293533.871,1415,0,None,Move,browsing
1573293533.8779998,1408,-2,None,Move,browsing
1573293533.8860002,1398,-3,None,Move,browsing
1573293533.894,1388,-2,None,Move,browsing
1573293533.9020002,1375,-3,None,Move,browsing
1573293533.91,1362,-3,None,Move,browsing
1573293533.918,1347,-2,None,Move,browsing
1573293533.926,1330,-7,None,Move,browsing
1573293533.935,1313,-6,None,Move,browsing
1573293533.9420002,1299,-3,None,Move,browsing
1573293533.948,1284,-4,None,Move,browsing
1573293533.956,1271,-2,None,Move,browsing
1573293533.964,1261,-3,None,Move,browsing
1573293533.972,1253,-2,None,Move,browsing
1573293533.981,1246,-2,None,Move,browsing
1573293533.988,1240,-3,None,Move,browsing
1573293533.9970002,1238,-1,None,Move,browsing
1573293534.004,1236,-1,None,Move,browsing
1573293534.012,1235,-1,None,Move,browsing
1573293534.018,1235,0,None,Move,browsing
1573293534.026,1235,0,None,Move,browsing
1573293534.05,1234,0,Left,Pressed,browsing
1573293534.051,1234,0,None,Drag,browsing
1573293534.051,1234,0,Left,Released,browsing
1573293534.218,1233,0,None,Move,browsing
1573293534.2410002,1233,0,None,Move,browsing
1573293534.294,1233,0,None,Move,browsing
1573293534.3070002,1232,1,None,Move,browsing
1573293534.314,1231,3,None,Move,browsing
1573293534.322,1230,4,None,Move,browsing
1573293534.33,1229,5,None,Move,browsing
1573293534.3379998,1227,7,None,Move,browsing
1573293534.347,1225,9,None,Move,browsing
1573293534.354,1222,14,None,Move,browsing
1573293534.363,1219,21,None,Move,browsing
1573293534.369,1211,28,None,Move,browsing
1573293534.377,1205,39,None,Move,browsing
1573293534.385,1194,53,None,Move,browsing
1573293534.3920002,1180,70,None,Move,browsing
1573293534.4,1166,90,None,Move,browsing
1573293534.408,1153,109,None,Move,browsing
1573293534.416,1136,130,None,Move,browsing
1573293534.425,1111,153,None,Move,browsing
1573293534.4320002,1082,175,None,Move,browsing
1573293534.438,1043,201,None,Move,browsing
1573293534.447,1003,227,None,Move,browsing
1573293534.454,964,253,None,Move,browsing
1573293534.462,929,276,None,Move,browsing
1573293534.471,896,298,None,Move,browsing
1573293534.478,870,317,None,Move,browsing
1573293534.486,846,335,None,Move,browsing
1573293534.495,826,349,None,Move,browsing
1573293534.5,814,359,None,Move,browsing
1573293534.508,805,367,None,Move,browsing
1573293534.516,798,373,None,Move,browsing
1573293534.524,795,377,None,Move,browsing
1573293534.532,793,379,None,Move,browsing
1573293534.54,791,381,None,Move,browsing
1573293534.552,791,381,None,Move,browsing
1573293534.561,791,382,None,Move,browsing
1573293534.57,791,383,None,Move,browsing
1573293534.59,791,383,None,Move,browsing
1573293534.606,791,384,Left,Pressed,browsing
1573293534.607,791,384,None,Drag,browsing
1573293534.607,791,384,Left,Released,browsing
1573293534.75,790,384,None,Move,browsing
1573293534.7670002,789,384,None,Move,browsing
1573293534.774,788,384,None,Move,browsing
1573293534.78,784,384,None,Move,browsing
1573293534.788,779,385,None,Move,browsing
1573293534.7970002,770,385,None,Move,browsing
1573293534.804,757,385,None,Move,browsing
1573293534.812,730,385,None,Move,browsing
1573293534.82,688,385,None,Move,browsing
1573293534.829,632,384,None,Move,browsing
1573293534.837,570,385,None,Move,browsing
1573293534.845,504,390,None,Move,browsing
1573293534.85,433,390,None,Move,browsing
1573293534.8579998,342,395,None,Move,browsing
1573293534.867,247,400,None,Move,browsing
1573293534.8739998,149,405,None,Move,browsing
1573293534.8820002,54,415,None,Move,browsing
1573293534.89,-37,418,None,Move,browsing
1573293534.8979998,-91,421,None,Move,browsing
1573293534.908,-69,425,None,Move,browsing
1573293534.918,-59,428,None,Move,browsing
1573293534.925,-43,427,None,Move,browsing
1573293534.9329998,-30,425,None,Move,browsing
1573293534.939,-19,422,None,Move,browsing
1573293534.948,-13,419,None,Move,browsing
1573293534.956,-8,417,None,Move,browsing
1573293534.964,-4,415,None,Move,browsing
1573293534.971,-3,414,None,Move,browsing
1573293534.978,-1,413,None,Move,browsing
1573293534.99,0,413,None,Move,browsing
1573293534.998,2,411,None,Move,browsing
1573293535.006,4,408,None,Move,browsing
1573293535.014,10,405,None,Move,browsing
1573293535.022,17,399,None,Move,browsing
1573293535.03,25,393,None,Move,browsing
1573293535.038,30,389,None,Move,browsing
1573293535.046,32,388,None,Move,browsing
1573293537.1420002,36,387,None,Move,browsing
1573293537.15,56,384,None,Move,browsing
1573293537.158,88,378,None,Move,browsing
1573293537.166,131,374,None,Move,browsing
1573293537.1720002,181,370,None,Move,browsing
1573293537.18,240,368,None,Move,browsing
1573293537.19,296,363,None,Move,browsing
1573293537.196,342,363,None,Move,browsing
1573293537.204,369,364,None,Move,browsing
1573293537.212,379,366,None,Move,browsing
1573293537.22,383,369,None,Move,browsing
1573293537.228,386,375,None,Move,browsing
1573293537.234,389,382,None,Move,browsing
1573293537.242,391,387,None,Move,browsing
1573293537.25,395,390,None,Move,browsing
1573293537.258,399,395,None,Move,browsing
1573293537.2670002,405,399,None,Move,browsing
1573293537.275,411,405,None,Move,browsing
1573293537.283,417,411,None,Move,browsing
1573293537.291,424,416,None,Move,browsing
1573293537.299,432,423,None,Move,browsing
1573293537.305,439,431,None,Move,browsing
1573293537.313,448,437,None,Move,browsing
1573293537.321,456,442,None,Move,browsing
1573293537.3279998,465,447,None,Move,browsing
1573293537.337,475,452,None,Move,browsing
1573293537.344,484,455,None,Move,browsing
1573293537.3520002,491,457,None,Move,browsing
1573293537.36,496,458,None,Move,browsing
1573293537.369,499,458,None,Move,browsing
1573293537.375,501,458,None,Move,browsing
1573293537.3820002,503,458,None,Move,browsing
1573293537.399,503,458,None,Move,browsing
1573293537.488,503,458,Left,Pressed,browsing
1573293537.488,503,458,None,Drag,browsing
1573293537.496,503,458,None,Drag,browsing
1573293537.505,502,458,None,Drag,browsing
1573293537.5110002,501,458,None,Drag,browsing
1573293537.5110002,501,458,Left,Released,browsing
1573293537.521,499,458,None,Move,browsing
1573293537.5270002,499,457,None,Move,browsing
1573293537.6239998,499,456,None,Move,browsing
1573293537.6320002,498,455,None,Move,browsing
1573293537.64,497,453,None,Move,browsing
1573293537.649,496,452,None,Move,browsing
1573293537.654,496,450,None,Move,browsing
1573293537.663,494,448,None,Move,browsing
1573293537.671,493,447,None,Move,browsing
1573293537.678,492,447,None,Move,browsing
1573293540.292,491,447,None,Move,browsing
1573293540.3,491,447,None,Move,browsing
1573293540.309,491,447,None,Move,browsing
1573293540.315,490,447,None,Move,browsing
1573293540.322,489,448,None,Move,browsing
1573293540.342,489,448,None,Move,browsing
1573293540.351,489,448,None,Move,browsing
1573293541.063,489,448,Left,Pressed,browsing
1573293541.194,489,448,Left,Released,browsing
