client_timestamp,x,y,button,state,window
1570228780.1420002,1761,347,None,Move,gaming
1570228780.154,1761,348,None,Move,gaming
1570228780.1620002,1761,348,None,Move,gaming
1570228780.169,1761,349,None,Move,gaming
1570228780.175,1760,351,None,Move,gaming
1570228780.184,1758,355,None,Move,gaming
1570228780.194,1756,357,None,Move,gaming
1570228780.202,1752,362,None,Move,gaming
1570228780.211,1748,367,None,Move,gaming
1570228780.22,1744,372,None,Move,gaming
1570228780.2270002,1737,379,None,Move,gaming
1570228780.235,1732,384,None,Move,gaming
1570228780.242,1725,391,None,Move,gaming
1570228780.252,1717,397,None,Move,gaming
1570228780.2589998,1710,402,None,Move,gaming
1570228780.266,1703,407,None,Move,gaming
1570228780.274,1693,412,None,Move,gaming
1570228780.283,1686,415,None,Move,gaming
1570228780.292,1676,418,None,Move,gaming
1570228780.305,1657,424,None,Move,gaming
1570228780.313,1648,427,None,Move,gaming
1570228780.32,1639,430,None,Move,gaming
1570228780.335,1624,434,None,Move,gaming
1570228780.346,1619,436,None,Move,gaming
1570228780.3579998,1610,437,None,Move,gaming
1570228780.373,1609,438,None,Move,gaming
1570228780.385,1605,440,None,Move,gaming
1570228780.3979998,1603,441,None,Move,gaming
1570228780.411,1602,441,None,Move,gaming
1570228780.425,1600,441,None,Move,gaming
1570228780.518,1600,441,None,Move,gaming
1570228780.533,1599,441,None,Move,gaming
1570228780.552,1597,441,None,Move,gaming
1570228780.6220002,1597,441,None,Move,gaming
1570228780.6339998,1596,441,None,Move,gaming
1570228780.6479998,1595,441,None,Move,gaming
1570228780.6620002,1593,440,None,Move,gaming
1570228780.678,1593,439,None,Move,gaming
1570228780.734,1592,439,None,Move,gaming
1570228780.7470002,1591,439,None,Move,gaming
1570228780.76,1591,439,None,Move,gaming
1570228780.774,1590,439,None,Move,gaming
1570228780.7870002,1589,439,None,Move,gaming
1570228780.814,1589,439,None,Move,gaming
1570228780.87,1588,439,None,Move,gaming
1570228780.95,1588,439,None,Move,gaming
1570228780.965,1587,439,None,Move,gaming
1570228780.9770002,1582,439,None,Move,gaming
1570228780.99,1580,439,None,Move,gaming
1570228781.004,1574,442,None,Move,gaming
1570228781.0170002,1565,445,None,Move,gaming
1570228781.032,1556,447,None,Move,gaming
1570228781.043,1553,449,None,Move,gaming
1570228781.055,1548,450,None,Move,gaming
1570228781.069,1548,450,None,Move,gaming
1570228781.082,1546,450,None,Move,gaming
1570228781.334,1545,450,None,Move,gaming
1570228781.3520002,1544,449,None,Move,gaming
1570228781.702,1544,449,None,Move,gaming
1570228781.721,1541,444,None,Move,gaming
1570228781.738,1539,438,None,Move,gaming
1570228781.752,1538,437,None,Move,gaming
1570228781.782,1537,437,None,Move,gaming
1570228781.8,1524,443,None,Move,gaming
1570228783.3739998,1524,443,None,Move,gaming
1570228783.526,1524,443,None,Move,gaming
1570228783.542,1524,443,None,Move,gaming
1570228783.563,1524,442,None,Move,gaming
1570228783.6620002,1524,442,None,Move,gaming
1570228783.673,1524,444,None,Move,gaming
1570228783.688,1519,453,None,Move,gaming
1570228783.7029998,1518,467,None,Move,gaming
1570228783.718,1510,485,None,Move,gaming
1570228783.731,1506,494,None,Move,gaming
1570228783.7429998,1505,494,None,Move,gaming
1570228783.885,1501,495,None,Move,gaming
1570228783.9020002,1497,499,None,Move,gaming
1570228783.915,1493,503,None,Move,gaming
1570228783.929,1486,509,None,Move,gaming
1570228783.945,1485,509,None,Move,gaming
1570228783.998,1485,509,None,Move,gaming
1570228784.01,1486,504,None,Move,gaming
1570228784.025,1492,492,None,Move,gaming
1570228784.04,1497,480,None,Move,gaming
1570228784.053,1501,471,None,Move,gaming
1570228784.0679998,1506,454,None,Move,gaming
1570228784.08,1512,440,None,Move,gaming
1570228784.0879998,1514,433,None,Move,gaming
1570228784.106,1516,427,None,Move,gaming
1570228784.119,1516,424,None,Move,gaming
1570228784.3739998,1515,424,None,Move,gaming
1570228784.3860002,1515,424,None,Move,gaming
1570228784.399,1514,424,None,Move,gaming
1570228784.4529998,1514,424,None,Move,gaming
1570228784.485,1509,425,None,Move,gaming
1570228784.5,1487,432,None,Move,gaming
1570228784.514,1481,436,None,Move,gaming
1570228784.645,1481,436,None,Move,gaming
1570228784.66,1482,436,None,Move,gaming
1570228784.675,1486,434,None,Move,gaming
1570228784.688,1489,432,None,Move,gaming
1570228784.702,1491,431,None,Move,gaming
1570228784.798,1492,431,None,Move,gaming
1570228784.918,1493,431,None,Move,gaming
1570228784.934,1493,430,None,Move,gaming
1570228784.951,1493,430,None,Move,gaming
1570228784.9729998,1493,428,None,Move,gaming
1570228784.9889998,1494,428,None,Move,gaming
1570228785.022,1494,428,None,Move,gaming
1570228785.036,1494,427,None,Move,gaming
1570228785.05,1495,426,None,Move,gaming
1570228785.064,1496,423,None,Move,gaming
1570228785.08,1499,419,None,Move,gaming
1570228785.093,1500,416,None,Move,gaming
1570228785.104,1506,410,None,Move,gaming
1570228785.119,1510,405,None,Move,gaming
1570228785.133,1513,403,None,Move,gaming
1570228785.147,1520,398,None,Move,gaming
1570228785.16,1529,392,None,Move,gaming
1570228785.174,1542,384,None,Move,gaming
1570228785.187,1548,382,None,Move,gaming
1570228785.208,1575,366,None,Move,gaming
1570228785.2229998,1605,347,None,Move,gaming
1570228785.238,1649,315,None,Move,gaming
1570228785.252,1671,300,None,Move,gaming
1570228785.256,1693,286,None,Move,gaming
1570228785.269,1711,269,None,Move,gaming
1570228785.284,1740,246,None,Move,gaming
1570228785.298,1760,228,None,Move,gaming
1570228785.311,1774,209,None,Move,gaming
1570228785.324,1782,200,None,Move,gaming
1570228785.335,1793,181,None,Move,gaming
1570228785.346,1797,170,None,Move,gaming
1570228785.3620002,1807,149,None,Move,gaming
1570228785.3760002,1818,129,None,Move,gaming
1570228785.3879998,1824,118,None,Move,gaming
1570228785.4,1832,102,None,Move,gaming
1570228785.414,1841,87,None,Move,gaming
1570228785.429,1843,80,None,Move,gaming
1570228785.445,1850,66,None,Move,gaming
1570228785.459,1853,52,None,Move,gaming
1570228785.4729998,1858,38,None,Move,gaming
1570228785.485,1860,33,None,Move,gaming
1570228785.498,1862,22,None,Move,gaming
1570228785.514,1866,13,None,Move,gaming
1570228785.525,1867,10,None,Move,gaming
1570228785.5370002,1867,7,None,Move,gaming
1570228785.553,1867,6,None,Move,gaming
1570228785.6139998,1867,6,None,Move,gaming
1570228785.63,1867,6,None,Move,gaming
1570228785.644,1866,6,None,Move,gaming
1570228785.658,1865,6,None,Move,gaming
1570228785.67,1861,9,None,Move,gaming
1570228785.685,1859,12,None,Move,gaming
1570228785.7,1859,13,None,Move,gaming
1570228785.717,1858,13,None,Move,gaming
1570228785.798,1857,13,None,Move,gaming
1570228785.81,1857,16,None,Move,gaming
1570228785.822,1857,20,None,Move,gaming
1570228785.836,1857,21,None,Move,gaming
1570228785.85,1857,23,None,Move,gaming
1570228785.8620002,1857,23,Left,Pressed,gaming
1570228785.966,1857,23,Left,Released,gaming
1570228785.9970002,1857,24,None,Move,gaming
1570228786.0089998,1855,26,None,Move,gaming
1570228786.0229998,1854,28,None,Move,gaming
1570228786.036,1851,32,None,Move,gaming
1570228786.048,1838,42,None,Move,gaming
1570228786.061,1827,49,None,Move,gaming
1570228786.072,1783,73,None,Move,gaming
1570228786.084,1757,86,None,Move,gaming
1570228786.097,1676,121,None,Move,gaming
1570228786.109,1633,137,None,Move,gaming
1570228786.121,1533,181,None,Move,gaming
1570228786.139,1431,225,None,Move,gaming
1570228786.1520002,1304,280,None,Move,gaming
1570228786.168,1140,353,None,Move,gaming
1570228786.1829998,940,447,None,Move,gaming
1570228786.196,823,503,None,Move,gaming
1570228786.212,578,607,None,Move,gaming
1570228786.225,342,705,None,Move,gaming
1570228786.2370002,222,759,None,Move,gaming
1570228786.2489998,6,875,None,Move,gaming
1570228786.2610002,-110,941,None,Move,gaming
1570228786.2729998,-215,1077,None,Move,gaming
1570228786.284,-112,1147,None,Move,gaming
1570228786.2970002,-189,1199,None,Move,gaming
1570228786.31,-164,1189,None,Move,gaming
1570228786.322,-54,1117,None,Move,gaming
1570228786.333,-77,1138,None,Move,gaming
1570228786.346,-28,1100,None,Move,gaming
1570228786.359,-18,1101,None,Move,gaming
1570228786.37,-8,1088,None,Move,gaming
1570228786.3820002,-8,1088,None,Move,gaming
1570228786.396,-2,1082,None,Move,gaming
1570228786.408,-3,1081,None,Move,gaming
1570228786.486,7,1072,None,Move,gaming
1570228786.5,25,1054,None,Move,gaming
1570228786.514,105,992,None,Move,gaming
1570228786.5270002,211,917,None,Move,gaming
1570228786.538,273,876,None,Move,gaming
1570228786.551,402,788,None,Move,gaming
1570228786.566,527,702,None,Move,gaming
1570228786.5779998,591,661,None,Move,gaming
1570228786.59,697,591,None,Move,gaming
1570228786.603,740,559,None,Move,gaming
1570228786.6139998,801,514,None,Move,gaming
1570228786.6279998,815,504,None,Move,gaming
1570228786.6420002,822,500,None,Move,gaming
1570228786.655,822,500,Right,Pressed,gaming
1570228786.742,822,500,Right,Released,gaming
1570228786.7529998,825,497,None,Move,gaming
1570228786.766,849,488,None,Move,gaming
1570228786.78,869,481,None,Move,gaming
1570228786.793,886,479,None,Move,gaming
1570228786.805,887,479,None,Move,gaming
1570228787.014,872,484,None,Move,gaming
1570228787.028,811,520,None,Move,gaming
1570228787.041,632,613,None,Move,gaming
1570228787.055,418,722,None,Move,gaming
1570228787.069,312,773,None,Move,gaming
1570228787.083,67,884,None,Move,gaming
1570228787.0979998,-179,1017,None,Move,gaming
1570228787.1120002,-241,1151,None,Move,gaming
1570228787.125,-137,1151,None,Move,gaming
1570228787.1360002,-247,1192,None,Move,gaming
1570228787.15,-112,1131,None,Move,gaming
1570228787.164,-181,1169,None,Move,gaming
1570228787.181,-123,1127,None,Move,gaming
1570228787.198,-61,1110,None,Move,gaming
1570228787.2129998,-13,1085,None,Move,gaming
1570228787.238,0,1079,None,Move,gaming
1570228787.2570002,42,1057,None,Move,gaming
1570228787.27,128,1004,None,Move,gaming
1570228787.2870002,249,930,None,Move,gaming
1570228787.302,401,844,None,Move,gaming
1570228787.321,571,737,None,Move,gaming
1570228787.339,750,630,None,Move,gaming
1570228787.3579998,933,526,None,Move,gaming
1570228787.373,1085,437,None,Move,gaming
1570228787.389,1232,358,None,Move,gaming
1570228787.407,1409,247,None,Move,gaming
1570228787.424,1491,186,None,Move,gaming
1570228787.441,1537,149,None,Move,gaming
1570228787.459,1549,137,None,Move,gaming
1570228787.4770002,1551,135,None,Move,gaming
1570228787.5170002,1550,135,None,Move,gaming
1570228787.534,1549,136,None,Move,gaming
1570228787.67,1548,136,Left,Pressed,gaming
1570228787.67,1548,136,None,Drag,gaming
1570228787.671,1548,136,Left,Released,gaming
1570228787.698,1548,136,None,Move,gaming
1570228787.711,1542,136,None,Move,gaming
1570228787.724,1540,137,None,Move,gaming
1570228787.7370002,1532,141,None,Move,gaming
1570228787.752,1516,148,None,Move,gaming
1570228787.764,1506,155,None,Move,gaming
1570228787.7770002,1492,166,None,Move,gaming
1570228787.79,1478,176,None,Move,gaming
1570228787.801,1446,204,None,Move,gaming
1570228787.825,1438,210,Left,Pressed,gaming
1570228787.825,1438,210,None,Drag,gaming
1570228787.834,1428,223,None,Drag,gaming
1570228787.847,1426,226,None,Drag,gaming
1570228787.86,1425,227,None,Drag,gaming
1570228787.86,1425,227,Left,Released,gaming
1570228787.949,1424,227,None,Move,gaming
1570228788.021,1423,227,Left,Pressed,gaming
1570228788.021,1423,227,None,Drag,gaming
1570228788.035,1416,227,None,Drag,gaming
1570228788.048,1396,223,None,Drag,gaming
1570228788.062,1379,217,None,Drag,gaming
1570228788.076,1357,210,None,Drag,gaming
1570228788.077,1357,210,Left,Released,gaming
1570228788.101,1308,196,None,Move,gaming
1570228788.115,1246,181,None,Move,gaming
1570228788.1279998,1217,171,None,Move,gaming
1570228788.143,1197,165,None,Move,gaming
1570228788.1620002,1183,162,None,Move,gaming
1570228788.175,1178,162,None,Move,gaming
1570228788.19,1178,162,None,Move,gaming
1570228788.206,1177,162,None,Move,gaming
1570228788.231,1177,162,Left,Pressed,gaming
1570228788.231,1177,162,None,Drag,gaming
1570228788.248,1167,172,None,Drag,gaming
1570228788.26,1158,180,None,Drag,gaming
1570228788.274,1121,200,None,Drag,gaming
1570228788.285,1098,213,None,Drag,gaming
1570228788.3,1048,230,None,Drag,gaming
1570228788.319,997,235,None,Drag,gaming
1570228788.32,997,235,Left,Released,gaming
1570228788.35,948,235,None,Move,gaming
1570228788.3639998,892,235,None,Move,gaming
1570228788.379,871,238,None,Move,gaming
1570228788.395,861,239,None,Move,gaming
1570228788.408,854,243,None,Move,gaming
1570228788.42,851,247,None,Move,gaming
1570228788.437,846,253,None,Move,gaming
1570228788.455,838,261,None,Move,gaming
1570228788.4729998,805,304,None,Move,gaming
1570228788.502,798,311,Left,Pressed,gaming
1570228788.502,798,311,None,Drag,gaming
1570228788.521,773,340,None,Drag,gaming
1570228788.535,760,353,None,Drag,gaming
1570228788.553,754,359,None,Drag,gaming
1570228788.5670002,744,367,None,Drag,gaming
1570228788.582,711,391,None,Drag,gaming
1570228788.583,711,391,Left,Released,gaming
1570228788.613,703,395,None,Move,gaming
1570228788.6339998,699,398,None,Move,gaming
1570228788.651,699,398,Right,Pressed,gaming
1570228788.718,699,398,Right,Released,gaming
1570228788.7329998,699,398,None,Move,gaming
1570228788.805,699,398,Right,Pressed,gaming
1570228788.885,699,398,Right,Released,gaming
1570228788.8979998,699,400,None,Move,gaming
1570228788.913,699,400,None,Move,gaming
1570228788.9329998,701,401,None,Move,gaming
1570228788.949,721,401,None,Move,gaming
1570228788.964,730,401,None,Move,gaming
1570228788.9770002,738,401,None,Move,gaming
1570228789.07,741,400,None,Move,gaming
1570228789.083,743,397,None,Move,gaming
1570228789.099,743,396,None,Move,gaming
1570228789.1120002,744,394,None,Move,gaming
1570228789.1260002,746,393,None,Move,gaming
1570228789.14,748,392,None,Move,gaming
1570228789.154,748,391,None,Move,gaming
1570228789.168,749,391,None,Move,gaming
1570228789.188,752,390,None,Move,gaming
1570228789.212,761,387,None,Move,gaming
1570228789.2270002,778,381,None,Move,gaming
1570228789.2410002,816,363,None,Move,gaming
1570228789.256,908,324,None,Move,gaming
1570228789.274,1050,266,None,Move,gaming
1570228789.292,1248,189,None,Move,gaming
1570228789.304,1493,92,None,Move,gaming
1570228789.3179998,1766,-12,None,Move,gaming
1570228789.33,1920,-48,None,Move,gaming
1570228789.344,2195,-98,None,Move,gaming
1570228789.357,2061,-45,None,Move,gaming
1570228789.37,2182,-95,None,Move,gaming
1570228789.383,2145,-95,None,Move,gaming
1570228789.395,2011,-34,None,Move,gaming
1570228789.409,2075,-68,None,Move,gaming
1570228789.428,2013,-37,None,Move,gaming
1570228789.4420002,1940,-7,None,Move,gaming
1570228789.486,1919,0,None,Move,gaming
1570228789.498,1905,10,None,Move,gaming
1570228789.514,1858,37,None,Move,gaming
1570228789.529,1788,77,None,Move,gaming
1570228789.5470002,1708,125,None,Move,gaming
1570228789.563,1601,185,None,Move,gaming
1570228789.58,1474,248,None,Move,gaming
1570228789.595,1335,302,None,Move,gaming
1570228789.6079998,1205,357,None,Move,gaming
1570228789.6239998,1094,391,None,Move,gaming
1570228789.635,1050,407,None,Move,gaming
1570228789.649,962,429,None,Move,gaming
1570228789.663,885,453,None,Move,gaming
1570228789.68,823,470,None,Move,gaming
1570228789.6929998,801,477,None,Move,gaming
1570228789.71,763,487,None,Move,gaming
1570228789.724,736,495,None,Move,gaming
1570228789.7370002,717,497,None,Move,gaming
1570228789.75,706,501,None,Move,gaming
1570228789.764,703,501,None,Move,gaming
1570228789.7770002,697,505,None,Move,gaming
1570228789.794,694,508,None,Move,gaming
1570228789.813,690,512,None,Move,gaming
1570228789.841,687,517,Left,Pressed,gaming
1570228789.841,687,517,None,Drag,gaming
1570228789.854,675,534,None,Drag,gaming
1570228789.8660002,673,536,None,Drag,gaming
1570228789.881,667,544,None,Drag,gaming
1570228789.895,661,551,None,Drag,gaming
1570228789.909,656,554,None,Drag,gaming
1570228789.923,647,561,None,Drag,gaming
1570228789.923,647,561,Left,Released,gaming
1570228789.95,644,562,None,Move,gaming
1570228789.966,642,564,None,Move,gaming
1570228790.022,642,564,Left,Pressed,gaming
1570228790.022,642,564,None,Drag,gaming
1570228790.022,642,564,Left,Released,gaming
1570228790.101,642,566,None,Move,gaming
1570228790.1139998,643,567,None,Move,gaming
1570228790.129,646,567,None,Move,gaming
1570228790.144,647,567,None,Move,gaming
1570228790.286,649,566,None,Move,gaming
1570228790.302,649,564,None,Move,gaming
1570228790.316,649,563,None,Move,gaming
1570228790.33,649,562,None,Move,gaming
1570228790.3579998,649,561,None,Move,gaming
1570228790.446,649,561,Right,Pressed,gaming
1570228790.566,649,561,Right,Released,gaming
1570228790.686,649,561,Right,Pressed,gaming
1570228790.79,649,561,Right,Released,gaming
1570228790.803,649,560,None,Move,gaming
1570228790.816,639,557,None,Move,gaming
1570228790.833,633,556,None,Move,gaming
1570228790.846,623,553,None,Move,gaming
1570228790.86,619,553,None,Move,gaming
1570228790.873,606,551,None,Move,gaming
1570228790.887,595,551,None,Move,gaming
1570228790.8979998,591,551,None,Move,gaming
1570228790.911,584,551,None,Move,gaming
1570228790.923,581,551,None,Move,gaming
1570228790.935,574,552,None,Move,gaming
1570228790.949,569,554,None,Move,gaming
1570228790.962,566,557,None,Move,gaming
1570228790.985,563,558,Left,Pressed,gaming
1570228790.985,563,558,None,Drag,gaming
1570228791.005,563,559,None,Drag,gaming
1570228791.046,561,560,None,Drag,gaming
1570228791.059,558,561,None,Drag,gaming
1570228791.071,557,561,None,Drag,gaming
1570228791.071,557,561,Left,Released,gaming
1570228791.096,554,562,None,Move,gaming
1570228791.113,553,563,None,Move,gaming
1570228791.141,553,563,Right,Pressed,gaming
1570228791.262,553,563,Right,Released,gaming
1570228791.406,553,563,None,Move,gaming
1570228791.425,553,563,None,Move,gaming
1570228791.441,553,563,None,Move,gaming
1570228791.457,554,562,None,Move,gaming
1570228791.472,555,562,None,Move,gaming
1570228791.502,555,562,Right,Pressed,gaming
1570228791.637,555,562,Right,Released,gaming
1570228791.71,556,568,None,Move,gaming
1570228791.728,517,627,None,Move,gaming
1570228791.7410002,467,675,None,Move,gaming
1570228791.756,327,802,None,Move,gaming
1570228791.771,160,955,None,Move,gaming
1570228791.784,-33,1108,None,Move,gaming
1570228791.798,-97,1149,None,Move,gaming
1570228791.81,-165,1201,None,Move,gaming
1570228791.824,-156,1177,None,Move,gaming
1570228791.837,-57,1115,None,Move,gaming
1570228791.85,-89,1136,None,Move,gaming
1570228791.865,-31,1099,None,Move,gaming
1570228791.8779998,-3,1081,None,Move,gaming
1570228791.919,1,1074,None,Move,gaming
1570228791.935,25,1051,None,Move,gaming
1570228791.951,63,1017,None,Move,gaming
1570228791.965,89,995,None,Move,gaming
1570228791.981,166,933,None,Move,gaming
1570228791.994,266,864,None,Move,gaming
1570228792.006,381,795,None,Move,gaming
1570228792.019,437,764,None,Move,gaming
1570228792.03,533,710,None,Move,gaming
1570228792.046,575,678,None,Move,gaming
1570228792.059,641,625,None,Move,gaming
1570228792.073,700,579,None,Move,gaming
1570228792.086,715,565,None,Move,gaming
1570228792.0979998,738,546,None,Move,gaming
1570228792.1120002,745,541,None,Move,gaming
1570228792.198,745,541,Left,Pressed,gaming
1570228792.198,745,541,None,Drag,gaming
1570228792.198,745,541,Left,Released,gaming
1570228792.274,745,539,None,Move,gaming
1570228792.288,737,536,None,Move,gaming
1570228792.299,734,534,None,Move,gaming
1570228792.313,727,531,None,Move,gaming
1570228792.325,726,530,None,Move,gaming
1570228792.3379998,722,527,None,Move,gaming
1570228792.35,720,524,None,Move,gaming
1570228792.3620002,717,521,None,Move,gaming
1570228792.379,712,515,None,Move,gaming
1570228792.395,706,511,None,Move,gaming
1570228792.407,697,505,None,Move,gaming
1570228792.421,694,502,None,Move,gaming
1570228792.434,688,499,None,Move,gaming
1570228792.582,687,498,Left,Pressed,gaming
1570228792.582,687,498,None,Drag,gaming
1570228792.596,685,498,None,Drag,gaming
1570228792.6079998,683,498,None,Drag,gaming
1570228792.6079998,683,498,Left,Released,gaming
1570228792.63,681,496,None,Move,gaming
1570228792.644,675,489,None,Move,gaming
1570228792.657,673,487,None,Move,gaming
1570228793.391,673,487,Right,Pressed,gaming
1570228793.5670002,673,487,Right,Released,gaming
1570228793.6379998,673,487,Right,Pressed,gaming
1570228793.806,673,487,Right,Released,gaming
1570228793.854,673,485,None,Move,gaming
1570228794.158,673,485,Right,Pressed,gaming
1570228794.325,673,485,Right,Released,gaming
1570228794.3979998,673,485,Right,Pressed,gaming
1570228794.4529998,673,485,None,Drag,gaming
1570228794.55,673,485,Right,Released,gaming
1570228794.637,673,485,Right,Pressed,gaming
1570228794.685,673,485,None,Drag,gaming
1570228794.79,673,485,Right,Released,gaming
1570228794.8860002,673,485,Right,Pressed,gaming
1570228794.958,673,485,None,Drag,gaming
1570228795.038,673,485,Right,Released,gaming
1570228795.05,674,484,None,Move,gaming
1570228795.0779998,674,484,Left,Pressed,gaming
1570228795.0779998,674,484,None,Move,gaming
1570228795.0779998,674,484,Left,Released,gaming
1570228795.1420002,674,483,None,Drag,gaming
1570228795.174,676,483,None,Drag,gaming
1570228795.55,676,483,Right,Released,gaming
1570228795.565,677,482,None,Move,gaming
1570228795.5779998,677,481,None,Move,gaming
1570228795.594,677,481,None,Move,gaming
1570228795.822,677,480,None,Move,gaming
1570228795.894,677,480,Right,Pressed,gaming
1570228796.062,677,480,Right,Released,gaming
1570228796.0779998,677,479,None,Move,gaming
1570228796.15,677,479,Right,Pressed,gaming
1570228796.3179998,677,479,Right,Released,gaming
1570228796.3739998,677,478,None,Move,gaming
1570228796.43,677,478,Right,Pressed,gaming
1570228796.582,677,478,Right,Released,gaming
1570228797.342,677,478,Right,Released,gaming
1570228797.3579998,677,478,None,Move,gaming
1570228797.373,677,477,None,Move,gaming
1570228797.3860002,677,476,None,Move,gaming
1570228797.403,677,476,None,Move,gaming
1570228797.605,677,475,None,Move,gaming
1570228797.621,677,473,None,Move,gaming
1570228797.637,677,472,None,Move,gaming
1570228797.926,677,472,None,Move,gaming
1570228797.9420002,676,476,None,Move,gaming
1570228797.954,676,477,None,Move,gaming
1570228798.094,676,477,None,Move,gaming
1570228798.113,676,473,None,Move,gaming
1570228798.13,688,463,None,Move,gaming
1570228798.143,724,442,None,Move,gaming
1570228798.155,771,418,None,Move,gaming
1570228798.169,873,364,None,Move,gaming
1570228798.1820002,941,331,None,Move,gaming
1570228798.195,1097,270,None,Move,gaming
1570228798.208,1282,196,None,Move,gaming
1570228798.2229998,1483,125,None,Move,gaming
1570228798.2389998,1678,57,None,Move,gaming
1570228798.258,1881,-19,None,Move,gaming
1570228798.271,2079,-68,None,Move,gaming
1570228798.284,2016,-34,None,Move,gaming
1570228798.296,2111,-61,None,Move,gaming
1570228798.3079998,2014,-29,None,Move,gaming
1570228798.321,2097,-58,None,Move,gaming
1570228798.332,1990,-19,None,Move,gaming
1570228798.344,2067,-43,None,Move,gaming
1570228798.357,1986,-17,None,Move,gaming
1570228798.3720002,2041,-37,None,Move,gaming
1570228798.3860002,2009,-27,None,Move,gaming
1570228798.4,1989,-19,None,Move,gaming
1570228798.414,1949,-8,None,Move,gaming
1570228798.426,1947,-8,None,Move,gaming
1570228798.439,1934,-5,None,Move,gaming
1570228798.455,1925,-1,None,Move,gaming
1570228798.469,1919,-1,None,Move,gaming
1570228798.71,1916,0,None,Move,gaming
1570228798.7229998,1892,8,None,Move,gaming
1570228798.7370002,1843,30,None,Move,gaming
1570228798.7529998,1781,57,None,Move,gaming
1570228798.7670002,1692,96,None,Move,gaming
1570228798.782,1647,115,None,Move,gaming
1570228798.795,1551,153,None,Move,gaming
1570228798.8070002,1460,187,None,Move,gaming
1570228798.821,1417,201,None,Move,gaming
1570228798.835,1332,229,None,Move,gaming
1570228798.85,1271,251,None,Move,gaming
1570228798.8639998,1231,268,None,Move,gaming
1570228798.879,1206,280,None,Move,gaming
1570228798.893,1197,284,None,Move,gaming
1570228798.92,1191,287,None,Drag,gaming
1570228798.935,1174,296,None,Drag,gaming
1570228798.968,1158,308,Left,Pressed,gaming
1570228798.968,1158,308,None,Drag,gaming
1570228798.981,1157,309,None,Drag,gaming
1570228798.994,1152,313,None,Drag,gaming
1570228799.0070002,1151,314,None,Drag,gaming
1570228799.0170002,1150,315,None,Drag,gaming
1570228799.029,1150,315,Right,Released,gaming
1570228799.053,1149,315,None,Move,gaming
1570228799.0670002,1148,316,None,Move,gaming
1570228799.0670002,1148,316,Left,Released,gaming
1570228799.096,1147,316,None,Move,gaming
1570228799.109,1147,318,None,Move,gaming
1570228799.123,1144,324,None,Move,gaming
1570228799.1379998,1144,327,None,Move,gaming
1570228799.167,1144,330,None,Drag,gaming
1570228799.185,1144,334,None,Drag,gaming
1570228799.341,1144,335,Left,Pressed,gaming
1570228799.341,1144,335,None,Move,gaming
1570228799.356,1144,335,Right,Pressed,gaming
1570228799.356,1144,335,Left,Released,gaming
1570228799.484,1168,324,None,Drag,gaming
1570228799.51,1247,286,Left,Pressed,gaming
1570228799.51,1247,286,None,Drag,gaming
1570228799.5229998,1197,308,Right,Released,gaming
1570228799.5370002,1384,229,None,Move,gaming
1570228799.552,1785,45,None,Move,gaming
1570228799.552,1785,45,Left,Released,gaming
1570228799.579,2041,-50,None,Move,gaming
1570228799.591,2128,-80,None,Move,gaming
1570228799.604,2019,-34,None,Move,gaming
1570228799.6160002,2074,-59,None,Move,gaming
1570228799.629,1972,-20,None,Move,gaming
1570228799.639,1987,-24,None,Move,gaming
1570228799.6520002,1930,-5,None,Move,gaming
1570228799.664,1928,-4,None,Move,gaming
1570228799.675,1919,-1,None,Move,gaming
1570228799.726,1919,0,None,Move,gaming
1570228799.74,1918,1,None,Move,gaming
1570228799.752,1907,6,None,Move,gaming
1570228799.765,1898,10,None,Move,gaming
1570228799.776,1869,26,None,Move,gaming
1570228799.788,1845,40,None,Move,gaming
1570228799.8,1771,77,None,Move,gaming
1570228799.812,1723,103,None,Move,gaming
1570228799.824,1630,152,None,Move,gaming
1570228799.836,1580,176,None,Move,gaming
1570228799.8520002,1476,236,None,Move,gaming
1570228799.8639998,1428,264,None,Move,gaming
1570228799.895,1380,287,None,Drag,gaming
1570228799.909,1284,335,None,Drag,gaming
1570228799.938,1243,348,Left,Pressed,gaming
1570228799.938,1243,348,None,Drag,gaming
1570228799.951,1233,351,None,Drag,gaming
1570228799.964,1230,351,None,Drag,gaming
1570228799.976,1226,351,None,Drag,gaming
1570228799.988,1223,351,None,Drag,gaming
1570228800.002,1211,352,None,Drag,gaming
1570228800.019,1223,351,Right,Released,gaming
1570228800.033,1191,355,None,Move,gaming
1570228800.048,1059,375,None,Move,gaming
1570228800.048,1059,375,Left,Released,gaming
1570228800.222,1055,376,None,Move,gaming
1570228800.238,1058,375,None,Move,gaming
1570228800.2770002,1061,373,None,Move,gaming
1570228800.291,1068,370,None,Move,gaming
1570228800.305,1079,368,None,Move,gaming
1570228800.3179998,1084,368,None,Move,gaming
1570228800.333,1085,368,None,Move,gaming
1570228800.346,1087,368,None,Move,gaming
1570228800.3779998,1088,368,None,Drag,gaming
1570228800.421,1089,368,None,Drag,gaming
1570228800.496,1090,368,Left,Pressed,gaming
1570228800.496,1090,368,Right,Released,gaming
1570228800.526,1090,368,None,Move,gaming
1570228800.542,1094,368,None,Move,gaming
1570228800.542,1094,368,Left,Released,gaming
1570228800.57,1100,368,None,Move,gaming
1570228800.586,1102,368,None,Move,gaming
1570228800.6,1103,368,None,Move,gaming
1570228800.653,1103,368,None,Drag,gaming
1570228800.67,1115,357,None,Drag,gaming
1570228800.7029998,1158,332,Left,Pressed,gaming
1570228800.7029998,1158,332,None,Drag,gaming
1570228800.716,1126,351,Right,Released,gaming
1570228800.731,1186,321,None,Move,gaming
1570228800.7470002,1404,229,None,Move,gaming
1570228800.7470002,1404,229,Left,Released,gaming
1570228800.78,1785,105,None,Move,gaming
1570228800.795,1979,51,None,Move,gaming
1570228800.806,2099,6,None,Move,gaming
1570228800.819,2000,-13,None,Move,gaming
1570228800.836,2055,-23,None,Move,gaming
1570228800.85,2013,-14,None,Move,gaming
1570228800.8620002,1973,-6,None,Move,gaming
1570228800.877,1929,-1,None,Move,gaming
1570228800.894,1925,0,None,Move,gaming
1570228800.926,1919,0,None,Move,gaming
1570228800.939,1915,4,None,Move,gaming
1570228800.955,1906,8,None,Move,gaming
1570228800.972,1888,19,None,Move,gaming
1570228800.985,1863,37,None,Move,gaming
1570228800.9989998,1805,66,None,Move,gaming
1570228801.0129998,1766,81,None,Move,gaming
1570228801.025,1670,120,None,Move,gaming
1570228801.039,1584,154,None,Move,gaming
1570228801.051,1542,173,None,Move,gaming
1570228801.064,1452,202,None,Move,gaming
1570228801.081,1380,222,None,Move,gaming
1570228801.097,1317,240,None,Move,gaming
1570228801.1139998,1269,261,None,Move,gaming
1570228801.133,1228,278,None,Move,gaming
1570228801.147,1210,288,None,Move,gaming
1570228801.186,1188,299,None,Drag,gaming
1570228801.202,1172,305,None,Drag,gaming
1570228801.2329998,1160,312,Left,Pressed,gaming
1570228801.2329998,1160,312,None,Drag,gaming
1570228801.2470002,1157,313,None,Drag,gaming
1570228801.262,1154,316,None,Drag,gaming
1570228801.275,1151,317,None,Drag,gaming
1570228801.2870002,1144,321,None,Drag,gaming
1570228801.3,1151,317,Right,Released,gaming
1570228801.313,1141,324,None,Move,gaming
1570228801.326,1108,332,None,Move,gaming
1570228801.326,1108,332,Left,Released,gaming
1570228801.3520002,1073,339,None,Move,gaming
1570228801.582,1073,339,None,Move,gaming
1570228801.79,1078,339,None,Drag,gaming
1570228801.84,1245,284,Left,Pressed,gaming
1570228801.84,1245,284,None,Move,gaming
1570228801.84,1245,284,Left,Released,gaming
1570228801.869,1504,200,None,Move,gaming
1570228801.885,1718,131,None,Move,gaming
1570228801.9,1929,64,None,Move,gaming
1570228801.913,2123,12,None,Move,gaming
1570228801.927,2096,-28,None,Move,gaming
1570228801.94,1995,-21,None,Move,gaming
1570228801.954,2029,-14,None,Move,gaming
1570228801.968,1984,-8,None,Move,gaming
1570228801.981,1933,-3,None,Move,gaming
1570228801.994,1931,-1,None,Move,gaming
1570228802.046,1919,0,None,Move,gaming
1570228802.059,1916,0,None,Move,gaming
1570228802.072,1905,8,None,Move,gaming
1570228802.086,1895,16,None,Move,gaming
1570228802.099,1870,35,None,Move,gaming
1570228802.113,1821,67,None,Move,gaming
1570228802.1260002,1789,85,None,Move,gaming
1570228802.143,1660,142,None,Move,gaming
1570228802.155,1619,159,None,Move,gaming
1570228802.169,1513,193,None,Move,gaming
1570228802.1829998,1421,220,None,Move,gaming
1570228802.2,1323,247,None,Move,gaming
1570228802.215,1235,270,None,Move,gaming
1570228802.231,1178,286,None,Move,gaming
1570228802.244,1158,293,None,Move,gaming
1570228802.255,1122,304,None,Move,gaming
1570228802.2670002,1111,308,None,Move,gaming
1570228802.28,1094,317,None,Move,gaming
1570228802.293,1089,322,None,Move,gaming
1570228802.306,1080,328,None,Move,gaming
1570228802.3179998,1073,335,None,Move,gaming
1570228802.33,1057,358,None,Move,gaming
1570228802.353,1053,364,None,Drag,gaming
1570228802.3679998,1048,381,None,Drag,gaming
1570228802.393,1044,391,Left,Pressed,gaming
1570228802.393,1044,391,None,Drag,gaming
1570228802.404,1041,397,None,Drag,gaming
1570228802.418,1036,410,None,Drag,gaming
1570228802.43,1035,418,None,Drag,gaming
1570228802.445,1033,429,None,Drag,gaming
1570228802.458,1031,438,None,Drag,gaming
1570228802.47,1031,440,None,Drag,gaming
1570228802.484,1031,438,Right,Released,gaming
1570228802.495,1031,443,None,Move,gaming
1570228802.512,1032,463,None,Move,gaming
1570228802.512,1032,463,Left,Released,gaming
1570228802.539,1039,472,None,Move,gaming
1570228802.566,1041,475,None,Drag,gaming
1570228802.58,1044,481,None,Drag,gaming
1570228802.606,1056,498,Left,Pressed,gaming
1570228802.606,1056,498,None,Drag,gaming
1570228802.6179998,1069,511,None,Drag,gaming
1570228802.631,1078,515,None,Drag,gaming
1570228802.643,1085,520,None,Drag,gaming
1570228802.655,1099,526,None,Drag,gaming
1570228802.668,1078,515,Right,Released,gaming
1570228802.6829998,1102,528,None,Move,gaming
1570228802.698,1110,530,None,Move,gaming
1570228802.698,1110,530,Left,Released,gaming
1570228802.722,1113,530,None,Move,gaming
1570228802.735,1120,532,None,Move,gaming
1570228802.7489998,1123,532,None,Move,gaming
1570228802.7610002,1131,533,None,Move,gaming
1570228802.775,1135,534,None,Move,gaming
1570228802.791,1140,534,None,Move,gaming
1570228802.803,1140,534,None,Move,gaming
1570228802.8379998,1142,534,None,Move,gaming
1570228802.851,1147,535,None,Move,gaming
1570228802.865,1156,536,None,Move,gaming
1570228802.877,1162,537,None,Move,gaming
1570228802.891,1168,538,None,Move,gaming
1570228802.905,1169,538,None,Move,gaming
1570228803.021,1169,538,None,Move,gaming
1570228803.036,1169,539,None,Move,gaming
1570228803.05,1168,539,None,Move,gaming
1570228803.0779998,1167,539,None,Move,gaming
1570228803.1820002,1166,539,None,Move,gaming
1570228803.294,1166,539,None,Move,gaming
1570228803.31,1166,539,None,Move,gaming
1570228803.35,1166,539,None,Move,gaming
1570228803.542,1168,539,None,Move,gaming
1570228803.5579998,1173,540,None,Move,gaming
1570228803.574,1188,550,None,Move,gaming
1570228803.593,1209,563,None,Move,gaming
1570228803.6079998,1232,576,None,Move,gaming
1570228803.625,1254,589,None,Move,gaming
1570228803.64,1279,603,None,Move,gaming
1570228803.657,1310,618,None,Move,gaming
1570228803.675,1343,634,None,Move,gaming
1570228803.6920002,1367,648,None,Move,gaming
1570228803.71,1390,666,None,Move,gaming
1570228803.725,1404,677,None,Move,gaming
1570228803.7389998,1407,684,None,Move,gaming
1570228803.7529998,1410,688,None,Move,gaming
1570228803.765,1410,691,None,Move,gaming
1570228803.778,1410,696,None,Move,gaming
1570228803.79,1410,698,None,Move,gaming
1570228803.802,1410,700,None,Move,gaming
1570228803.815,1410,701,None,Move,gaming
1570228803.918,1412,701,None,Move,gaming
1570228803.9320002,1418,698,None,Move,gaming
1570228803.949,1421,696,None,Move,gaming
1570228803.965,1426,694,None,Move,gaming
1570228803.978,1430,690,None,Move,gaming
1570228803.9929998,1435,683,None,Move,gaming
1570228804.004,1438,677,None,Move,gaming
1570228804.018,1442,669,None,Move,gaming
1570228804.031,1444,665,None,Move,gaming
1570228804.045,1444,664,None,Move,gaming
1570228804.0579998,1444,662,None,Move,gaming
1570228804.071,1441,658,None,Move,gaming
1570228804.082,1438,657,None,Move,gaming
1570228804.094,1433,654,None,Move,gaming
1570228804.107,1428,649,None,Move,gaming
1570228804.1179998,1417,634,None,Move,gaming
1570228804.1320002,1412,625,None,Move,gaming
1570228804.145,1404,611,None,Move,gaming
1570228804.158,1403,602,None,Move,gaming
1570228804.17,1402,598,None,Move,gaming
1570228804.185,1399,592,None,Move,gaming
1570228804.202,1398,586,None,Move,gaming
1570228804.218,1395,579,None,Move,gaming
1570228804.232,1395,574,None,Move,gaming
1570228804.244,1395,572,None,Move,gaming
1570228804.256,1394,569,None,Move,gaming
1570228804.268,1393,567,None,Move,gaming
1570228804.28,1393,566,None,Move,gaming
1570228804.326,1392,566,None,Move,gaming
1570228804.406,1388,565,None,Move,gaming
1570228804.418,1386,565,None,Move,gaming
1570228804.431,1380,563,None,Move,gaming
1570228804.445,1376,561,None,Move,gaming
1570228804.457,1372,560,None,Move,gaming
1570228804.469,1369,559,None,Move,gaming
1570228804.4829998,1369,559,None,Move,gaming
1570228804.495,1368,558,None,Move,gaming
1570228804.526,1367,558,None,Move,gaming
1570228804.541,1366,558,None,Move,gaming
1570228804.554,1363,558,None,Move,gaming
1570228804.5670002,1360,558,None,Move,gaming
1570228804.582,1359,559,None,Move,gaming
1570228804.595,1357,561,None,Move,gaming
1570228804.621,1356,561,None,Move,gaming
1570228804.6620002,1356,561,None,Move,gaming
1570228804.68,1355,561,None,Move,gaming
1570228804.701,1354,561,None,Move,gaming
1570228804.734,1353,561,None,Move,gaming
1570228804.75,1352,561,None,Move,gaming
1570228804.762,1351,561,None,Move,gaming
1570228804.774,1350,561,None,Move,gaming
1570228804.788,1350,561,None,Move,gaming
1570228804.83,1347,561,None,Move,gaming
1570228804.842,1343,563,None,Move,gaming
1570228804.853,1339,565,None,Move,gaming
1570228804.867,1334,565,None,Move,gaming
1570228804.879,1330,567,None,Move,gaming
1570228804.893,1329,567,None,Move,gaming
1570228804.934,1329,567,None,Move,gaming
1570228804.974,1328,567,None,Move,gaming
1570228804.985,1328,567,None,Move,gaming
1570228804.998,1328,566,None,Move,gaming
1570228805.1339998,1328,566,None,Move,gaming
1570228805.15,1329,566,None,Move,gaming
1570228805.1620002,1329,566,None,Move,gaming
1570228805.174,1331,567,None,Move,gaming
1570228805.196,1331,568,None,Move,gaming
1570228805.212,1331,572,None,Move,gaming
1570228805.23,1331,575,None,Move,gaming
1570228805.242,1321,583,None,Move,gaming
1570228805.255,1305,593,None,Move,gaming
1570228805.268,1291,599,None,Move,gaming
1570228805.283,1237,615,None,Move,gaming
1570228805.294,1150,639,None,Move,gaming
1570228805.3070002,1104,651,None,Move,gaming
1570228805.319,1011,670,None,Move,gaming
1570228805.333,963,678,None,Move,gaming
1570228805.347,866,691,None,Move,gaming
1570228805.36,776,704,None,Move,gaming
1570228805.3720002,739,713,None,Move,gaming
1570228805.385,663,750,None,Move,gaming
1570228805.397,631,768,None,Move,gaming
1570228805.4220002,615,777,None,Drag,gaming
1570228805.436,579,802,None,Drag,gaming
1570228805.464,565,809,Left,Pressed,gaming
1570228805.464,565,809,None,Drag,gaming
1570228805.4770002,565,811,None,Drag,gaming
1570228805.492,563,812,None,Drag,gaming
1570228805.506,563,812,Right,Released,gaming
1570228805.573,563,813,None,Move,gaming
1570228805.587,563,813,Right,Pressed,gaming
1570228805.587,563,813,Left,Released,gaming
1570228805.615,579,863,None,Drag,gaming
1570228805.639,614,1032,Left,Pressed,gaming
1570228805.639,614,1032,None,Drag,gaming
1570228805.65,616,1110,None,Drag,gaming
1570228805.663,615,1247,None,Drag,gaming
1570228805.676,611,1155,None,Drag,gaming
1570228805.69,605,1207,None,Drag,gaming
1570228805.701,605,1125,None,Drag,gaming
1570228805.715,605,1125,None,Drag,gaming
1570228805.729,605,1093,None,Drag,gaming
1570228805.766,605,1078,None,Drag,gaming
1570228805.779,606,1061,None,Drag,gaming
1570228805.793,610,1037,None,Drag,gaming
1570228805.8070002,612,1022,None,Drag,gaming
1570228805.82,615,1005,None,Drag,gaming
1570228805.834,625,940,None,Drag,gaming
1570228805.845,615,1005,Right,Released,gaming
1570228805.857,627,918,None,Move,gaming
1570228805.8679998,637,867,None,Move,gaming
1570228805.8679998,637,867,Left,Released,gaming
1570228806.006,638,859,None,Drag,gaming
1570228806.0170002,638,842,None,Drag,gaming
1570228806.041,637,834,Left,Pressed,gaming
1570228806.041,637,834,None,Move,gaming
1570228806.052,634,815,None,Move,gaming
1570228806.052,634,815,Left,Released,gaming
1570228806.079,630,794,None,Move,gaming
1570228806.105,630,794,None,Drag,gaming
1570228806.119,581,865,None,Drag,gaming
1570228806.146,394,1038,Left,Pressed,gaming
1570228806.146,394,1038,None,Drag,gaming
1570228806.161,226,1130,None,Drag,gaming
1570228806.178,73,1170,None,Drag,gaming
1570228806.194,-64,1161,None,Drag,gaming
1570228806.209,-91,1133,None,Drag,gaming
1570228806.225,-29,1099,None,Drag,gaming
1570228806.2389998,-3,1080,None,Drag,gaming
1570228806.2589998,-1,1079,None,Drag,gaming
1570228806.28,11,1046,None,Drag,gaming
1570228806.295,26,1024,None,Drag,gaming
1570228806.309,52,994,None,Drag,gaming
1570228806.323,26,1024,Right,Released,gaming
1570228806.341,121,923,None,Move,gaming
1570228806.354,293,775,None,Move,gaming
1570228806.354,293,775,Left,Released,gaming
1570228806.38,378,714,None,Move,gaming
1570228806.391,392,709,None,Move,gaming
1570228806.403,392,709,None,Move,gaming
1570228806.5089998,392,708,None,Drag,gaming
1570228806.526,396,702,None,Drag,gaming
1570228806.561,446,666,Left,Pressed,gaming
1570228806.561,446,666,None,Drag,gaming
1570228806.575,406,693,Right,Released,gaming
1570228806.591,459,661,None,Move,gaming
1570228806.609,463,661,None,Move,gaming
1570228806.61,463,661,Left,Released,gaming
1570228806.64,473,667,None,Move,gaming
1570228806.67,473,667,None,Drag,gaming
1570228806.71,475,668,None,Drag,gaming
1570228806.744,483,672,Left,Pressed,gaming
1570228806.744,483,672,None,Drag,gaming
1570228806.765,486,673,None,Drag,gaming
1570228806.782,498,676,None,Drag,gaming
1570228806.795,486,673,Right,Released,gaming
1570228806.8079998,502,679,None,Move,gaming
1570228806.822,514,693,None,Move,gaming
1570228806.823,514,693,Left,Released,gaming
1570228806.8479998,519,705,None,Move,gaming
1570228806.875,520,706,None,Drag,gaming
1570228806.9329998,520,706,None,Drag,gaming
1570228806.962,520,703,Left,Pressed,gaming
1570228806.962,520,703,None,Drag,gaming
1570228806.974,520,701,None,Drag,gaming
1570228806.985,520,703,Right,Released,gaming
1570228806.996,508,706,None,Move,gaming
1570228807.0110002,451,746,None,Move,gaming
1570228807.0110002,451,746,Left,Released,gaming
1570228807.036,-95,1087,None,Move,gaming
1570228807.064,-258,1186,None,Drag,gaming
1570228807.076,-325,1192,None,Drag,gaming
1570228807.105,-43,1097,Left,Pressed,gaming
1570228807.105,-43,1097,None,Drag,gaming
1570228807.109,-3,1080,None,Drag,gaming
1570228807.121,-1,1079,None,Drag,gaming
1570228807.157,0,1078,None,Drag,gaming
1570228807.171,2,1068,None,Drag,gaming
1570228807.184,19,1045,None,Drag,gaming
1570228807.2,54,1009,None,Drag,gaming
1570228807.22,73,994,None,Drag,gaming
1570228807.235,54,1009,Right,Released,gaming
1570228807.2489998,166,944,None,Move,gaming
1570228807.269,430,799,None,Move,gaming
1570228807.27,430,799,Left,Released,gaming
1570228807.304,613,703,None,Move,gaming
1570228807.3179998,678,673,None,Move,gaming
1570228807.333,696,664,None,Move,gaming
1570228807.35,723,655,None,Move,gaming
1570228807.3679998,724,655,None,Move,gaming
1570228807.445,725,655,None,Drag,gaming
1570228807.4770002,725,658,None,Drag,gaming
1570228807.504,726,662,Left,Pressed,gaming
1570228807.504,726,662,None,Drag,gaming
1570228807.522,732,661,None,Drag,gaming
1570228807.538,726,662,Right,Released,gaming
1570228807.559,732,661,None,Move,gaming
1570228807.7729998,732,659,None,Move,gaming
1570228807.774,732,659,Left,Released,gaming
1570228807.798,733,655,None,Move,gaming
1570228807.813,729,654,None,Move,gaming
1570228807.827,715,654,None,Move,gaming
1570228807.84,628,683,None,Move,gaming
1570228807.8520002,545,726,None,Move,gaming
1570228807.857,444,779,None,Move,gaming
1570228807.867,324,833,None,Move,gaming
1570228807.88,75,963,None,Move,gaming
1570228807.893,-159,1075,None,Move,gaming
1570228807.905,-123,1125,None,Move,gaming
1570228807.919,-229,1184,None,Move,gaming
1570228807.9320002,-98,1132,None,Move,gaming
1570228807.949,-197,1170,None,Move,gaming
1570228807.961,-150,1140,None,Move,gaming
1570228807.972,-48,1103,None,Move,gaming
1570228807.984,-40,1094,None,Move,gaming
1570228807.9970002,-1,1079,None,Move,gaming
1570228808.0089998,0,1079,None,Move,gaming
1570228808.0229998,15,1067,None,Move,gaming
1570228808.036,36,1052,None,Move,gaming
1570228808.0470002,110,999,None,Move,gaming
1570228808.06,150,972,None,Move,gaming
1570228808.076,240,908,None,Move,gaming
1570228808.0879998,332,841,None,Move,gaming
1570228808.101,378,812,None,Move,gaming
1570228808.115,469,758,None,Move,gaming
1570228808.1279998,552,710,None,Move,gaming
1570228808.14,598,682,None,Move,gaming
1570228808.1520002,671,646,None,Move,gaming
1570228808.1620002,708,629,None,Move,gaming
1570228808.175,755,612,None,Move,gaming
1570228808.188,772,607,None,Move,gaming
1570228808.201,792,602,None,Move,gaming
1570228808.215,795,602,None,Move,gaming
1570228808.2270002,795,602,None,Move,gaming
1570228808.25,796,602,None,Drag,gaming
1570228808.43,796,601,Left,Pressed,gaming
1570228808.43,796,601,Right,Pressed,gaming
1570228808.43,796,601,Left,Released,gaming
1570228808.633,796,601,Left,Pressed,gaming
1570228808.633,796,601,None,Move,gaming
1570228808.633,796,601,Left,Released,gaming
1570228808.846,796,600,None,Move,gaming
1570228808.859,796,599,None,Move,gaming
1570228808.8779998,796,599,Right,Pressed,gaming
1570228808.926,796,599,None,Drag,gaming
1570228808.9729998,796,598,None,Drag,gaming
1570228808.9970002,805,593,Left,Pressed,gaming
1570228808.9970002,805,593,None,Drag,gaming
1570228809.0070002,807,591,None,Drag,gaming
1570228809.021,812,588,None,Drag,gaming
1570228809.032,807,591,Right,Released,gaming
1570228809.044,822,581,None,Move,gaming
1570228809.056,845,564,None,Move,gaming
1570228809.056,845,564,Left,Released,gaming
1570228809.079,872,543,None,Move,gaming
1570228809.093,881,536,None,Move,gaming
1570228809.104,897,522,None,Move,gaming
1570228809.115,906,514,None,Move,gaming
1570228809.1279998,922,500,None,Move,gaming
1570228809.141,930,493,None,Move,gaming
1570228809.1520002,944,478,None,Move,gaming
1570228809.18,965,453,None,Move,gaming
1570228809.204,988,431,None,Move,gaming
1570228809.2270002,1009,418,None,Move,gaming
1570228809.24,1025,413,None,Move,gaming
1570228809.254,1045,409,None,Move,gaming
1570228809.2729998,1068,409,None,Move,gaming
1570228809.284,1077,409,None,Move,gaming
1570228809.295,1088,409,None,Move,gaming
1570228809.309,1097,412,None,Move,gaming
1570228809.324,1099,414,None,Move,gaming
1570228809.349,1100,414,None,Move,gaming
1570228809.365,1100,418,None,Move,gaming
1570228809.3779998,1100,420,None,Move,gaming
1570228809.407,1100,422,None,Drag,gaming
1570228809.4220002,1100,426,None,Drag,gaming
1570228809.449,1098,430,Left,Pressed,gaming
1570228809.449,1098,430,None,Drag,gaming
1570228809.4629998,1097,431,None,Drag,gaming
1570228809.4770002,1095,431,None,Drag,gaming
1570228809.4910002,1092,431,None,Drag,gaming
1570228809.5029998,1086,431,None,Drag,gaming
1570228809.515,1067,431,None,Drag,gaming
1570228809.5270002,1092,431,Right,Released,gaming
1570228809.541,1061,435,None,Move,gaming
1570228809.556,1058,437,None,Move,gaming
1570228809.556,1058,437,Left,Released,gaming
1570228809.585,1058,444,None,Move,gaming
1570228809.604,1058,445,None,Move,gaming
1570228809.6160002,1058,446,None,Move,gaming
1570228809.629,1058,452,None,Move,gaming
1570228809.659,1058,458,None,Drag,gaming
1570228809.675,1050,477,None,Drag,gaming
1570228809.702,1046,494,Left,Pressed,gaming
1570228809.702,1046,494,None,Drag,gaming
1570228809.716,1046,494,Right,Released,gaming
1570228809.732,1046,496,None,Move,gaming
1570228809.746,1046,500,None,Move,gaming
1570228809.746,1046,500,Left,Released,gaming
1570228809.776,1048,500,None,Move,gaming
1570228809.789,1048,500,None,Move,gaming
1570228809.802,1049,500,None,Move,gaming
1570228809.816,1050,501,None,Move,gaming
1570228809.826,1051,501,None,Move,gaming
1570228809.84,1051,502,None,Move,gaming
1570228809.869,1052,502,None,Move,gaming
1570228809.883,1052,503,None,Move,gaming
1570228809.896,1054,504,None,Move,gaming
1570228809.909,1054,505,None,Move,gaming
1570228809.924,1058,508,None,Move,gaming
1570228809.94,1066,510,None,Move,gaming
1570228809.954,1080,510,None,Move,gaming
1570228809.966,1091,508,None,Move,gaming
1570228809.979,1097,503,None,Move,gaming
1570228809.992,1107,490,None,Move,gaming
1570228810.0029998,1112,484,None,Move,gaming
1570228810.015,1120,475,None,Move,gaming
1570228810.026,1124,471,None,Move,gaming
1570228810.038,1135,462,None,Move,gaming
1570228810.05,1141,458,None,Move,gaming
1570228810.063,1155,451,None,Move,gaming
1570228810.075,1161,447,None,Move,gaming
1570228810.087,1163,446,None,Move,gaming
1570228810.101,1164,445,None,Move,gaming
1570228810.117,1165,444,None,Move,gaming
1570228810.129,1166,443,None,Move,gaming
1570228810.189,1167,443,None,Move,gaming
1570228810.204,1167,443,None,Move,gaming
1570228810.217,1170,441,None,Move,gaming
1570228810.229,1170,440,None,Move,gaming
1570228810.242,1173,439,None,Move,gaming
1570228810.2529998,1174,438,None,Move,gaming
1570228810.301,1174,438,None,Move,gaming
1570228810.3660002,1174,438,None,Move,gaming
1570228810.381,1173,439,None,Move,gaming
1570228810.395,1167,442,None,Move,gaming
1570228810.408,1162,445,None,Move,gaming
1570228810.421,1160,446,None,Move,gaming
1570228810.437,1154,450,None,Move,gaming
1570228810.449,1147,452,None,Move,gaming
1570228810.465,1138,457,None,Move,gaming
1570228810.478,1130,461,None,Move,gaming
1570228810.4929998,1128,463,None,Move,gaming
1570228810.505,1123,466,None,Move,gaming
1570228810.516,1120,467,None,Move,gaming
1570228810.531,1115,468,None,Move,gaming
1570228810.546,1106,472,None,Move,gaming
1570228810.56,1094,475,None,Move,gaming
1570228810.574,1077,480,None,Move,gaming
1570228810.5879998,1071,482,None,Move,gaming
1570228810.604,1058,485,None,Move,gaming
1570228810.6160002,1047,488,None,Move,gaming
1570228810.637,1037,491,None,Move,gaming
1570228810.655,1025,495,None,Move,gaming
1570228810.669,1020,496,None,Move,gaming
1570228810.684,1006,501,None,Move,gaming
1570228810.698,984,509,None,Move,gaming
1570228810.712,956,517,None,Move,gaming
1570228810.725,937,523,None,Move,gaming
1570228810.74,910,530,None,Move,gaming
1570228810.7529998,887,536,None,Move,gaming
1570228810.766,875,540,None,Move,gaming
1570228810.7770002,872,541,None,Move,gaming
1570228810.79,871,542,None,Move,gaming
1570228810.8779998,870,543,None,Move,gaming
1570228811.454,870,544,None,Drag,gaming
1570228811.486,869,546,None,Drag,gaming
1570228811.822,863,553,Right,Released,gaming
1570228811.926,863,553,None,Move,gaming
1570228811.9429998,863,550,None,Move,gaming
1570228811.955,863,547,None,Move,gaming
1570228811.9729998,866,541,None,Move,gaming
1570228811.985,872,529,None,Move,gaming
1570228811.996,876,523,None,Move,gaming
1570228812.014,887,509,None,Move,gaming
1570228812.0270002,903,493,None,Move,gaming
1570228812.041,920,480,None,Move,gaming
1570228812.054,940,468,None,Move,gaming
1570228812.066,950,462,None,Move,gaming
1570228812.08,971,451,None,Move,gaming
1570228812.093,983,446,None,Move,gaming
1570228812.106,1009,432,None,Move,gaming
1570228812.1179998,1053,409,None,Move,gaming
1570228812.129,1084,397,None,Move,gaming
1570228812.1420002,1140,374,None,Move,gaming
1570228812.155,1166,363,None,Move,gaming
1570228812.168,1200,349,None,Move,gaming
1570228812.1829998,1221,344,None,Move,gaming
1570228812.195,1223,344,None,Move,gaming
1570228812.2129998,1224,344,None,Move,gaming
1570228812.3179998,1225,344,None,Drag,gaming
1570228812.3279998,1226,344,None,Drag,gaming
1570228812.3520002,1228,342,Left,Pressed,gaming
1570228812.3520002,1228,342,None,Move,gaming
1570228812.3620002,1231,340,None,Move,gaming
1570228812.3620002,1231,340,Left,Released,gaming
1570228812.3879998,1234,336,None,Move,gaming
1570228812.403,1236,333,None,Move,gaming
1570228812.534,1236,333,None,Drag,gaming
1570228812.666,1241,324,Left,Pressed,gaming
1570228812.666,1241,324,None,Move,gaming
1570228812.666,1241,324,Left,Released,gaming
1570228812.6929998,1250,312,None,Move,gaming
1570228812.707,1260,307,None,Move,gaming
1570228812.716,1263,306,None,Move,gaming
1570228812.7270002,1273,302,None,Move,gaming
1570228812.742,1286,298,None,Move,gaming
1570228812.752,1292,297,None,Move,gaming
1570228812.765,1301,295,None,Move,gaming
1570228812.776,1317,290,None,Move,gaming
1570228812.792,1335,283,None,Move,gaming
1570228812.805,1343,279,None,Move,gaming
1570228812.8179998,1356,274,None,Move,gaming
1570228812.833,1362,272,None,Move,gaming
1570228812.844,1363,272,None,Move,gaming
1570228812.8720002,1365,272,None,Drag,gaming
1570228812.91,1366,271,None,Drag,gaming
1570228812.934,1366,270,Left,Pressed,gaming
1570228812.934,1366,270,None,Move,gaming
1570228812.948,1367,269,None,Move,gaming
1570228812.948,1367,269,Left,Released,gaming
1570228812.971,1369,267,None,Move,gaming
1570228812.985,1370,266,None,Move,gaming
1570228812.9989998,1373,263,None,Move,gaming
1570228813.0110002,1374,262,None,Move,gaming
1570228813.0229998,1374,262,None,Move,gaming
1570228813.036,1375,261,None,Move,gaming
1570228813.0470002,1376,261,None,Move,gaming
1570228813.061,1377,260,None,Move,gaming
1570228813.076,1379,259,None,Move,gaming
1570228813.091,1384,256,None,Move,gaming
1570228813.105,1388,255,None,Move,gaming
1570228813.119,1392,254,None,Move,gaming
1570228813.133,1393,253,None,Move,gaming
1570228813.144,1395,252,None,Move,gaming
1570228813.16,1397,251,None,Move,gaming
1570228813.187,1399,250,None,Move,gaming
1570228813.21,1400,249,None,Move,gaming
1570228813.2329998,1402,248,None,Move,gaming
1570228813.2510002,1404,246,None,Move,gaming
1570228813.272,1405,245,None,Move,gaming
1570228813.3660002,1405,245,None,Move,gaming
1570228813.3779998,1371,245,None,Move,gaming
1570228813.393,1302,256,None,Move,gaming
1570228813.404,1271,259,None,Move,gaming
1570228813.42,1230,266,None,Move,gaming
1570228813.4329998,1202,278,None,Move,gaming
1570228813.447,1192,284,None,Move,gaming
1570228813.468,1185,288,None,Move,gaming
1570228813.518,1184,290,None,Drag,gaming
1570228813.531,1175,298,None,Drag,gaming
1570228813.559,1087,336,Left,Pressed,gaming
1570228813.559,1087,336,None,Drag,gaming
1570228813.572,1053,350,None,Drag,gaming
1570228813.586,1087,336,Right,Released,gaming
1570228813.601,995,381,None,Move,gaming
1570228813.6120002,923,437,None,Move,gaming
1570228813.6120002,923,437,Left,Released,gaming
1570228813.64,899,477,None,Move,gaming
1570228813.653,893,508,None,Move,gaming
1570228813.677,893,511,None,Drag,gaming
1570228813.694,893,512,None,Drag,gaming
1570228813.8860002,891,516,None,Drag,gaming
1570228813.974,891,516,Right,Released,gaming
1570228814.054,891,515,None,Move,gaming
1570228814.069,893,513,None,Move,gaming
1570228814.083,903,504,Left,Pressed,gaming
1570228814.083,903,504,None,Move,gaming
1570228814.083,903,504,Left,Released,gaming
1570228814.11,925,488,None,Move,gaming
1570228814.1239998,928,484,None,Move,gaming
1570228814.1379998,934,480,None,Move,gaming
1570228814.151,941,476,None,Move,gaming
1570228814.1620002,943,473,None,Move,gaming
1570228814.173,946,472,None,Move,gaming
1570228814.185,956,465,None,Move,gaming
1570228814.195,959,463,None,Move,gaming
1570228814.208,970,455,None,Move,gaming
1570228814.222,985,447,None,Move,gaming
1570228814.235,992,440,None,Move,gaming
1570228814.246,1009,427,None,Move,gaming
1570228814.258,1019,418,None,Move,gaming
1570228814.27,1040,400,None,Move,gaming
1570228814.282,1053,389,None,Move,gaming
1570228814.294,1074,371,None,Move,gaming
1570228814.306,1084,363,None,Move,gaming
1570228814.32,1101,348,None,Move,gaming
1570228814.333,1109,341,None,Move,gaming
1570228814.346,1123,331,None,Move,gaming
1570228814.357,1132,325,None,Move,gaming
1570228814.369,1152,310,None,Move,gaming
1570228814.3820002,1186,291,None,Move,gaming
1570228814.3920002,1213,277,None,Move,gaming
1570228814.405,1231,265,None,Move,gaming
1570228814.418,1265,246,None,Move,gaming
1570228814.431,1284,236,None,Move,gaming
1570228814.4429998,1286,235,None,Move,gaming
1570228814.603,1287,235,None,Move,gaming
1570228814.613,1286,236,None,Move,gaming
1570228814.6279998,1281,237,None,Move,gaming
1570228814.644,1279,237,None,Move,gaming
1570228814.798,1279,238,None,Drag,gaming
1570228814.87,1279,239,None,Move,gaming
1570228814.917,1282,241,Left,Pressed,gaming
1570228814.917,1282,241,None,Drag,gaming
1570228814.917,1282,241,Left,Released,gaming
1570228814.94,1291,247,None,Drag,gaming
1570228814.962,1301,256,Left,Pressed,gaming
1570228814.962,1301,256,None,Drag,gaming
1570228814.972,1302,258,None,Drag,gaming
1570228814.9870002,1308,264,None,Drag,gaming
1570228815.0010002,1310,266,None,Drag,gaming
1570228815.0129998,1311,267,None,Drag,gaming
1570228815.024,1311,267,Right,Released,gaming
1570228815.0370002,1312,268,None,Move,gaming
1570228815.05,1313,268,None,Move,gaming
1570228815.064,1319,268,None,Move,gaming
1570228815.064,1319,268,Left,Released,gaming
1570228815.089,1327,267,None,Move,gaming
1570228815.103,1332,267,None,Move,gaming
1570228815.1139998,1334,267,None,Move,gaming
1570228815.1260002,1335,267,None,Move,gaming
1570228815.1520002,1336,267,None,Drag,gaming
1570228815.166,1342,267,None,Drag,gaming
1570228815.178,1351,267,None,Drag,gaming
1570228815.206,1395,267,Left,Pressed,gaming
1570228815.206,1395,267,None,Drag,gaming
1570228815.222,1411,267,None,Drag,gaming
1570228815.236,1427,267,None,Drag,gaming
1570228815.2510002,1493,267,None,Drag,gaming
1570228815.264,1411,267,Right,Released,gaming
1570228815.28,1534,267,None,Move,gaming
1570228815.295,1589,273,None,Move,gaming
1570228815.306,1599,274,None,Move,gaming
1570228815.306,1599,274,Left,Released,gaming
1570228815.4220002,1603,275,None,Drag,gaming
1570228815.448,1601,266,None,Move,gaming
1570228815.472,1598,254,Left,Pressed,gaming
1570228815.472,1598,254,None,Move,gaming
1570228815.472,1598,254,Left,Released,gaming
1570228815.494,1598,251,None,Move,gaming
1570228815.5070002,1606,250,None,Move,gaming
1570228815.522,1614,250,None,Move,gaming
1570228815.536,1621,248,None,Move,gaming
1570228815.552,1621,248,None,Move,gaming
1570228815.581,1621,247,None,Move,gaming
1570228815.592,1618,247,None,Move,gaming
1570228815.604,1617,247,None,Move,gaming
1570228815.6179998,1617,247,None,Move,gaming
1570228815.646,1616,247,None,Move,gaming
1570228815.659,1615,247,None,Move,gaming
1570228815.674,1614,247,None,Move,gaming
1570228815.686,1613,247,None,Move,gaming
1570228815.699,1612,247,None,Move,gaming
1570228815.75,1611,247,None,Move,gaming
1570228815.76,1610,247,None,Move,gaming
1570228815.774,1610,247,None,Move,gaming
1570228815.9420002,1609,247,None,Move,gaming
1570228815.957,1609,247,None,Move,gaming
1570228816.326,1609,247,None,Move,gaming
1570228816.39,1609,247,None,Move,gaming
1570228816.486,1609,247,None,Move,gaming
1570228816.5010002,1610,247,None,Move,gaming
1570228816.5129998,1612,247,None,Move,gaming
1570228816.55,1612,247,None,Move,gaming
1570228816.565,1614,247,None,Move,gaming
1570228816.582,1615,247,None,Move,gaming
1570228816.5979998,1618,247,None,Move,gaming
1570228816.61,1618,247,None,Move,gaming
1570228816.623,1622,246,None,Move,gaming
1570228816.637,1624,246,None,Move,gaming
1570228816.65,1629,244,None,Move,gaming
1570228816.726,1630,244,None,Move,gaming
1570228816.766,1630,244,None,Move,gaming
1570228816.8779998,1631,243,None,Move,gaming
1570228816.889,1631,243,None,Move,gaming
1570228816.934,1631,242,None,Move,gaming
1570228816.948,1632,241,None,Move,gaming
1570228816.982,1632,240,None,Move,gaming
1570228816.998,1632,239,None,Move,gaming
1570228817.014,1632,238,None,Move,gaming
1570228817.025,1632,238,None,Move,gaming
1570228817.038,1632,237,None,Move,gaming
1570228817.051,1631,237,None,Move,gaming
1570228817.063,1627,236,None,Move,gaming
1570228817.074,1625,234,None,Move,gaming
1570228817.086,1610,229,None,Move,gaming
1570228817.099,1604,228,None,Move,gaming
1570228817.11,1592,223,None,Move,gaming
1570228817.1220002,1590,221,None,Move,gaming
1570228817.1360002,1583,220,None,Move,gaming
1570228817.147,1582,220,None,Move,gaming
1570228817.158,1578,219,None,Move,gaming
1570228817.174,1575,218,None,Move,gaming
1570228817.19,1575,217,None,Move,gaming
1570228817.204,1575,215,None,Move,gaming
1570228817.215,1573,211,None,Move,gaming
1570228817.2270002,1573,210,None,Move,gaming
1570228817.238,1573,208,None,Move,gaming
1570228817.2510002,1573,207,None,Move,gaming
1570228817.264,1572,206,None,Move,gaming
1570228817.275,1572,205,None,Move,gaming
1570228817.288,1572,205,None,Move,gaming
1570228817.3179998,1571,204,None,Move,gaming
1570228817.446,1571,204,None,Move,gaming
1570228817.476,1566,218,None,Move,gaming
1570228817.4870002,1528,241,None,Move,gaming
1570228817.4989998,1508,256,None,Move,gaming
1570228817.512,1442,292,None,Move,gaming
1570228817.525,1418,306,None,Move,gaming
1570228817.536,1375,332,None,Move,gaming
1570228817.551,1334,353,None,Move,gaming
1570228817.5670002,1307,362,None,Move,gaming
1570228817.58,1295,363,None,Move,gaming
1570228817.595,1272,363,None,Move,gaming
1570228817.606,1259,363,None,Move,gaming
1570228817.62,1256,363,None,Move,gaming
1570228817.6320002,1249,372,None,Move,gaming
1570228817.646,1245,378,None,Move,gaming
1570228817.656,1244,383,None,Move,gaming
1570228817.68,1243,385,None,Drag,gaming
1570228817.694,1243,386,None,Drag,gaming
1570228817.9420002,1243,387,Right,Released,gaming
1570228817.9529998,1243,387,None,Move,gaming
1570228817.965,1242,385,None,Move,gaming
1570228817.981,1242,382,None,Move,gaming
1570228818.03,1242,382,Left,Pressed,gaming
1570228818.03,1242,382,Right,Pressed,gaming
1570228818.03,1242,382,Left,Released,gaming
1570228818.155,1242,381,None,Move,gaming
1570228818.168,1242,375,None,Move,gaming
1570228818.1829998,1243,372,None,Move,gaming
1570228818.23,1243,372,Right,Pressed,gaming
1570228818.3579998,1243,372,Right,Released,gaming
1570228818.371,1244,371,None,Move,gaming
1570228818.383,1246,370,None,Move,gaming
1570228818.396,1247,369,None,Move,gaming
1570228818.43,1247,369,Right,Pressed,gaming
1570228818.446,1249,369,None,Drag,gaming
1570228818.457,1250,369,None,Drag,gaming
1570228818.471,1251,369,None,Drag,gaming
1570228818.482,1251,369,None,Drag,gaming
1570228818.554,1255,361,Left,Pressed,gaming
1570228818.554,1255,361,None,Drag,gaming
1570228818.5670002,1255,354,None,Drag,gaming
1570228818.579,1255,361,Right,Released,gaming
1570228818.591,1256,348,None,Move,gaming
1570228818.604,1261,331,None,Move,gaming
1570228818.6160002,1261,322,None,Move,gaming
1570228818.627,1261,317,None,Move,gaming
1570228818.627,1261,317,Left,Released,gaming
1570228818.651,1261,311,None,Move,gaming
1570228818.665,1261,306,None,Move,gaming
1570228818.677,1258,300,None,Move,gaming
1570228818.689,1255,290,None,Move,gaming
1570228818.7029998,1251,283,None,Move,gaming
1570228818.717,1251,283,None,Move,gaming
1570228818.74,1250,283,None,Drag,gaming
1570228818.7529998,1244,290,None,Drag,gaming
1570228818.765,1237,298,None,Drag,gaming
1570228818.778,1226,312,None,Drag,gaming
1570228818.805,1210,332,Left,Pressed,gaming
1570228818.805,1210,332,None,Drag,gaming
1570228818.816,1196,345,None,Drag,gaming
1570228818.831,1180,357,None,Drag,gaming
1570228818.843,1170,363,None,Drag,gaming
1570228818.854,1157,370,None,Drag,gaming
1570228818.8660002,1146,375,None,Drag,gaming
1570228818.8779998,1118,388,None,Drag,gaming
1570228818.889,1146,375,Right,Released,gaming
1570228818.901,1113,390,None,Move,gaming
1570228818.911,1106,393,None,Move,gaming
1570228818.923,1106,394,None,Move,gaming
1570228818.936,1105,394,None,Move,gaming
1570228818.936,1105,394,Left,Released,gaming
1570228818.962,1104,400,None,Drag,gaming
1570228818.975,1102,413,None,Drag,gaming
1570228818.985,1102,416,None,Drag,gaming
1570228819.0,1101,421,None,Drag,gaming
1570228819.024,1097,427,Left,Pressed,gaming
1570228819.024,1097,427,None,Drag,gaming
1570228819.036,1095,429,None,Drag,gaming
1570228819.049,1091,431,None,Drag,gaming
1570228819.062,1090,432,None,Drag,gaming
1570228819.073,1088,432,None,Drag,gaming
1570228819.086,1081,435,None,Drag,gaming
1570228819.096,1088,432,Right,Released,gaming
1570228819.107,1079,436,None,Move,gaming
1570228819.12,1076,440,None,Move,gaming
1570228819.133,1075,447,None,Move,gaming
1570228819.147,1074,451,None,Move,gaming
1570228819.147,1074,451,Left,Released,gaming
1570228819.169,1072,461,None,Drag,gaming
1570228819.1820002,1071,472,None,Drag,gaming
1570228819.197,1071,473,None,Drag,gaming
1570228819.212,1071,474,None,Drag,gaming
1570228819.262,1071,474,Left,Pressed,gaming
1570228819.262,1071,474,Right,Released,gaming
1570228819.294,1071,474,None,Move,gaming
1570228819.313,1070,474,None,Move,gaming
1570228819.342,1070,474,Right,Pressed,gaming
1570228819.3579998,1070,474,None,Drag,gaming
1570228819.3579998,1070,474,Left,Released,gaming
1570228819.4320002,1068,474,None,Drag,gaming
1570228819.449,1063,474,None,Drag,gaming
1570228819.478,1049,474,Left,Pressed,gaming
1570228819.478,1049,474,None,Drag,gaming
1570228819.4910002,1057,474,Right,Released,gaming
1570228819.512,1041,471,None,Move,gaming
1570228819.531,1010,465,None,Move,gaming
1570228819.545,1008,465,None,Move,gaming
1570228819.56,1007,465,None,Move,gaming
1570228819.56,1007,465,Left,Released,gaming
1570228819.594,1004,467,None,Move,gaming
1570228819.6339998,1000,471,None,Drag,gaming
1570228819.6520002,955,528,None,Drag,gaming
1570228819.668,846,660,None,Drag,gaming
1570228819.684,700,821,None,Drag,gaming
1570228819.714,362,1141,Left,Pressed,gaming
1570228819.714,362,1141,None,Drag,gaming
1570228819.7270002,230,1190,None,Drag,gaming
1570228819.738,180,1123,None,Drag,gaming
1570228819.7510002,116,1143,None,Drag,gaming
1570228819.764,101,1101,None,Drag,gaming
1570228819.778,86,1108,None,Drag,gaming
1570228819.791,84,1092,None,Drag,gaming
1570228819.8379998,85,1073,None,Drag,gaming
1570228819.854,122,1015,None,Drag,gaming
1570228819.867,158,973,None,Drag,gaming
1570228819.88,246,883,None,Drag,gaming
1570228819.893,158,973,Right,Released,gaming
1570228819.905,296,830,None,Move,gaming
1570228819.918,496,649,None,Move,gaming
1570228819.9320002,524,626,None,Move,gaming
1570228819.946,548,608,None,Move,gaming
1570228819.946,548,608,Left,Released,gaming
1570228820.1020002,554,606,None,Drag,gaming
1570228820.1139998,554,600,None,Drag,gaming
1570228820.129,558,590,None,Drag,gaming
1570228820.143,575,570,None,Drag,gaming
1570228820.168,584,560,Left,Pressed,gaming
1570228820.168,584,560,None,Move,gaming
1570228820.1829998,611,539,None,Move,gaming
1570228820.198,613,539,None,Move,gaming
1570228820.21,613,539,Right,Pressed,gaming
1570228820.21,613,539,Left,Released,gaming
1570228820.339,613,537,None,Drag,gaming
1570228820.354,615,532,None,Drag,gaming
1570228820.367,615,529,None,Drag,gaming
1570228820.397,615,529,Left,Pressed,gaming
1570228820.397,615,529,Right,Released,gaming
1570228820.41,619,519,None,Move,gaming
1570228820.4220002,620,515,None,Move,gaming
1570228820.485,620,513,None,Move,gaming
1570228820.502,621,509,None,Move,gaming
1570228820.502,621,509,Left,Released,gaming
1570228820.531,621,505,None,Move,gaming
1570228820.581,621,504,None,Drag,gaming
1570228820.596,621,505,None,Drag,gaming
1570228820.609,621,506,None,Drag,gaming
1570228820.653,620,507,None,Drag,gaming
1570228820.715,620,507,Left,Pressed,gaming
1570228820.715,620,507,Right,Released,gaming
1570228820.731,620,505,None,Move,gaming
1570228820.744,619,504,None,Move,gaming
1570228820.765,619,504,Right,Pressed,gaming
1570228820.845,618,499,None,Drag,gaming
1570228820.845,618,499,Left,Released,gaming
1570228820.8720002,616,477,None,Drag,gaming
1570228820.885,614,469,None,Drag,gaming
1570228820.9120002,616,477,Left,Pressed,gaming
1570228820.9120002,616,477,Right,Released,gaming
1570228820.925,612,455,None,Move,gaming
1570228820.941,611,454,None,Move,gaming
1570228820.9529998,600,459,None,Move,gaming
1570228820.967,611,454,Right,Pressed,gaming
1570228820.967,611,454,Left,Released,gaming
1570228820.995,428,605,None,Drag,gaming
1570228821.0070002,292,715,None,Drag,gaming
1570228821.019,192,792,None,Drag,gaming
1570228821.045,-251,1156,Left,Pressed,gaming
1570228821.045,-251,1156,None,Drag,gaming
1570228821.059,-125,1170,None,Drag,gaming
1570228821.07,-228,1230,None,Drag,gaming
1570228821.085,-86,1131,None,Drag,gaming
1570228821.0979998,-112,1141,None,Drag,gaming
1570228821.1120002,-16,1087,None,Drag,gaming
1570228821.1239998,-2,1079,None,Drag,gaming
1570228821.131,-1,1074,None,Drag,gaming
1570228821.139,0,1064,None,Drag,gaming
1570228821.1520002,11,1024,None,Drag,gaming
1570228821.1620002,34,996,None,Drag,gaming
1570228821.179,90,917,None,Drag,gaming
1570228821.198,156,825,None,Drag,gaming
1570228821.214,236,726,None,Drag,gaming
1570228821.226,156,825,Right,Released,gaming
1570228821.236,279,686,None,Move,gaming
1570228821.2529998,370,631,None,Move,gaming
1570228821.269,373,631,None,Move,gaming
1570228821.281,373,631,None,Move,gaming
1570228821.281,373,631,Left,Released,gaming
1570228821.342,374,631,None,Drag,gaming
1570228821.354,377,631,None,Drag,gaming
1570228821.3679998,399,625,None,Drag,gaming
1570228821.383,423,609,None,Drag,gaming
1570228821.409,450,592,Left,Pressed,gaming
1570228821.409,450,592,None,Drag,gaming
1570228821.423,484,573,None,Drag,gaming
1570228821.437,450,592,Right,Released,gaming
1570228821.452,504,566,None,Move,gaming
1570228821.465,512,566,None,Move,gaming
1570228821.479,517,567,None,Move,gaming
1570228821.492,512,566,Right,Pressed,gaming
1570228821.492,512,566,Left,Released,gaming
1570228821.518,518,567,None,Drag,gaming
1570228821.533,519,567,None,Drag,gaming
1570228821.589,522,567,None,Drag,gaming
1570228821.6139998,546,562,Left,Pressed,gaming
1570228821.6139998,546,562,None,Drag,gaming
1570228821.627,576,551,None,Drag,gaming
1570228821.64,546,562,Right,Released,gaming
1570228821.65,619,533,None,Move,gaming
1570228821.663,650,527,None,Move,gaming
1570228821.676,651,527,None,Move,gaming
1570228821.691,651,527,Right,Pressed,gaming
1570228821.691,651,527,Left,Released,gaming
1570228821.7229998,653,529,None,Drag,gaming
1570228821.734,653,529,None,Drag,gaming
1570228821.75,654,530,None,Drag,gaming
1570228821.833,654,528,Left,Pressed,gaming
1570228821.833,654,528,None,Drag,gaming
1570228821.837,654,528,Right,Released,gaming
1570228821.849,653,526,None,Move,gaming
1570228821.8660002,651,522,None,Move,gaming
1570228821.8860002,651,522,Right,Pressed,gaming
1570228822.006,651,522,None,Drag,gaming
1570228822.006,651,522,Left,Released,gaming
1570228822.036,658,517,None,Drag,gaming
1570228822.053,664,513,None,Drag,gaming
1570228822.0779998,664,513,Left,Pressed,gaming
1570228822.079,664,513,Right,Released,gaming
1570228822.091,672,507,None,Move,gaming
1570228822.105,672,506,None,Move,gaming
1570228822.158,672,506,Right,Pressed,gaming
1570228822.349,672,506,Right,Released,gaming
1570228822.349,672,506,Left,Released,gaming
1570228822.595,672,505,None,Move,gaming
1570228822.619,676,499,None,Move,gaming
1570228822.635,677,495,None,Move,gaming
1570228822.6479998,677,494,None,Move,gaming
1570228822.67,677,493,None,Move,gaming
