client_timestamp,x,y,button,state,window
1570100387.3170002,1008,547,None,Move,office
1570100387.343,1026,553,None,Move,office
1570100387.351,1027,554,None,Move,office
1570100387.359,1029,554,None,Move,office
1570100387.367,1030,555,None,Move,office
1570100387.377,1031,555,None,Move,office
1570100387.3820002,1032,555,None,Move,office
1570100387.389,1032,555,None,Move,office
1570100387.397,1033,555,None,Move,office
1570100387.405,1033,556,None,Move,office
1570100387.413,1034,556,None,Move,office
1570100387.421,1035,556,None,Move,office
1570100387.437,1036,558,None,Move,office
1570100387.4420002,1037,560,None,Move,office
1570100387.4529998,1037,560,None,Move,office
1570100387.459,1037,561,None,Move,office
1570100387.467,1037,562,None,Move,office
1570100387.475,1036,563,None,Move,office
1570100387.482,1035,565,None,Move,office
1570100387.4910002,1033,567,None,Move,office
1570100387.498,1032,570,None,Move,office
1570100387.5070002,1030,573,None,Move,office
1570100387.515,1029,575,None,Move,office
1570100387.521,1027,576,None,Move,office
1570100387.577,1027,576,None,Move,office
1570100387.585,1029,578,None,Move,office
1570100387.665,1029,578,None,Move,office
1570100387.676,1030,578,None,Move,office
1570100387.689,1030,578,None,Move,office
1570100387.696,1031,578,None,Move,office
1570100387.72,1031,578,None,Move,office
1570100387.7970002,1032,578,None,Move,office
1570100387.805,1033,577,None,Move,office
1570100387.9220002,1034,577,None,Move,office
1570100387.934,1034,576,None,Move,office
1570100387.941,1035,576,None,Move,office
1570100387.949,1036,575,None,Move,office
1570100387.956,1036,575,None,Move,office
1570100387.965,1037,575,None,Move,office
1570100387.975,1038,574,None,Move,office
1570100388.025,1038,570,None,Move,office
1570100388.031,1038,567,None,Move,office
1570100388.038,1038,566,None,Move,office
1570100388.0470002,1038,565,None,Move,office
1570100388.055,1040,563,None,Move,office
1570100388.063,1041,562,None,Move,office
1570100388.083,1043,560,None,Move,office
1570100388.0879998,1047,558,None,Move,office
1570100388.097,1048,557,None,Move,office
1570100388.105,1050,556,None,Move,office
1570100388.113,1050,556,None,Move,office
1570100388.12,1051,555,None,Move,office
1570100388.135,1051,555,None,Move,office
1570100388.147,1052,555,None,Move,office
1570100388.2370002,1052,555,None,Move,office
1570100388.2529998,1052,554,None,Move,office
1570100388.2770002,1052,554,None,Move,office
1570100406.844,1053,553,None,Move,office
1570100406.85,1059,548,None,Move,office
1570100406.859,1065,541,None,Move,office
1570100406.869,1073,532,None,Move,office
1570100406.877,1082,523,None,Move,office
1570100406.883,1094,511,None,Move,office
1570100406.891,1112,493,None,Move,office
1570100406.907,1139,464,None,Move,office
1570100406.915,1253,372,None,Move,office
1570100406.921,1307,334,None,Move,office
1570100406.929,1359,290,None,Move,office
1570100406.937,1403,254,None,Move,office
1570100406.945,1449,224,None,Move,office
1570100406.954,1495,197,None,Move,office
1570100406.961,1546,164,None,Move,office
1570100406.969,1594,134,None,Move,office
1570100406.9770002,1640,102,None,Move,office
1570100406.985,1686,72,None,Move,office
1570100407.006,1730,40,None,Move,office
1570100407.0110002,1783,10,None,Move,office
1570100407.016,1798,2,None,Move,office
1570100407.026,1810,-2,None,Move,office
1570100407.034,1823,-5,None,Move,office
1570100407.042,1827,-1,None,Move,office
1570100407.051,1831,-2,None,Move,office
1570100407.059,1831,-1,None,Move,office
1570100407.0670002,1832,0,None,Move,office
1570100407.133,1832,-1,None,Move,office
1570100407.1420002,1833,0,None,Move,office
1570100407.151,1834,-1,None,Move,office
1570100407.175,1834,0,None,Move,office
1570100407.1820002,1835,0,None,Move,office
1570100407.19,1835,1,None,Move,office
1570100407.198,1836,1,None,Move,office
1570100407.207,1836,3,None,Move,office
1570100407.216,1837,3,None,Move,office
1570100407.222,1838,4,None,Move,office
1570100407.228,1839,6,None,Move,office
1570100407.2389998,1841,7,None,Move,office
1570100407.244,1843,8,None,Move,office
1570100407.2529998,1845,9,None,Move,office
1570100407.2610002,1847,9,None,Move,office
1570100407.269,1851,9,None,Move,office
1570100407.2770002,1855,9,None,Move,office
1570100407.284,1858,9,None,Move,office
1570100407.293,1861,9,None,Move,office
1570100407.301,1862,9,None,Move,office
1570100407.309,1864,9,None,Move,office
1570100407.315,1865,9,None,Move,office
1570100407.323,1866,10,None,Move,office
1570100407.33,1866,11,None,Move,office
1570100407.339,1866,11,None,Move,office
1570100407.347,1866,12,None,Move,office
1570100407.355,1866,12,None,Move,office
1570100407.363,1866,13,None,Move,office
1570100407.371,1866,14,None,Move,office
1570100407.379,1866,15,None,Move,office
1570100407.3839998,1865,16,None,Move,office
1570100407.393,1864,17,None,Move,office
1570100407.401,1862,19,None,Move,office
1570100407.408,1860,20,None,Move,office
1570100407.417,1857,22,None,Move,office
1570100407.427,1853,24,None,Move,office
1570100407.4320002,1849,25,None,Move,office
1570100407.44,1845,27,None,Move,office
1570100407.448,1840,29,None,Move,office
1570100407.455,1834,31,None,Move,office
1570100407.462,1827,33,None,Move,office
1570100407.47,1822,34,None,Move,office
1570100407.478,1816,35,None,Move,office
1570100407.486,1809,35,None,Move,office
1570100407.495,1804,36,None,Move,office
1570100407.502,1797,38,None,Move,office
1570100407.51,1791,40,None,Move,office
1570100407.5170002,1786,40,None,Move,office
1570100407.525,1783,40,None,Move,office
1570100407.533,1779,41,None,Move,office
1570100407.541,1777,41,None,Move,office
1570100407.548,1776,41,None,Move,office
1570100407.5570002,1775,41,None,Move,office
1570100407.565,1773,42,None,Move,office
1570100407.573,1771,43,None,Move,office
1570100407.581,1769,45,None,Move,office
1570100407.589,1768,45,None,Move,office
1570100407.595,1765,47,None,Move,office
1570100407.603,1764,48,None,Move,office
1570100407.611,1762,50,None,Move,office
1570100407.619,1761,51,None,Move,office
1570100407.627,1760,52,None,Move,office
1570100407.635,1758,53,None,Move,office
1570100407.665,1758,54,None,Move,office
1570100407.671,1754,56,None,Move,office
1570100407.691,1754,57,None,Move,office
1570100407.697,1750,61,None,Move,office
1570100407.705,1744,65,None,Move,office
1570100407.7129998,1738,67,None,Move,office
1570100407.721,1732,70,None,Move,office
1570100407.7270002,1726,72,None,Move,office
1570100407.735,1721,74,None,Move,office
1570100407.7429998,1714,76,None,Move,office
1570100407.7510002,1708,78,None,Move,office
1570100407.7589998,1701,80,None,Move,office
1570100407.7670002,1693,82,None,Move,office
1570100407.775,1686,84,None,Move,office
1570100407.783,1677,86,None,Move,office
1570100407.791,1670,87,None,Move,office
1570100407.7970002,1664,87,None,Move,office
1570100407.805,1656,87,None,Move,office
1570100407.813,1649,87,None,Move,office
1570100407.821,1642,87,None,Move,office
1570100407.831,1637,87,None,Move,office
1570100407.837,1631,87,None,Move,office
1570100407.845,1626,87,None,Move,office
1570100407.853,1620,86,None,Move,office
1570100407.86,1616,86,None,Move,office
1570100407.8679998,1610,86,None,Move,office
1570100407.8739998,1605,87,None,Move,office
1570100407.8820002,1599,89,None,Move,office
1570100407.89,1592,91,None,Move,office
1570100407.8979998,1586,92,None,Move,office
1570100407.906,1582,94,None,Move,office
1570100407.914,1576,96,None,Move,office
1570100407.9220002,1569,97,None,Move,office
1570100407.928,1562,98,None,Move,office
1570100407.936,1557,98,None,Move,office
1570100407.946,1549,98,None,Move,office
1570100407.954,1542,97,None,Move,office
1570100407.96,1536,95,None,Move,office
1570100407.968,1530,93,None,Move,office
1570100407.976,1524,91,None,Move,office
1570100407.984,1520,90,None,Move,office
1570100407.992,1517,88,None,Move,office
1570100407.998,1513,86,None,Move,office
1570100408.006,1510,85,None,Move,office
1570100408.014,1507,83,None,Move,office
1570100408.022,1503,81,None,Move,office
1570100408.03,1499,80,None,Move,office
1570100408.038,1495,79,None,Move,office
1570100408.05,1490,79,None,Move,office
1570100408.0579998,1484,78,None,Move,office
1570100408.066,1479,77,None,Move,office
1570100408.072,1475,77,None,Move,office
1570100408.08,1472,77,None,Move,office
1570100408.0879998,1470,76,None,Move,office
1570100408.111,1469,76,None,Move,office
1570100408.1160002,1466,75,None,Move,office
1570100408.12,1465,75,None,Move,office
1570100408.1279998,1465,75,None,Move,office
1570100408.1379998,1464,75,None,Move,office
1570100408.143,1464,74,None,Move,office
1570100408.15,1463,74,None,Move,office
1570100408.158,1463,74,None,Move,office
1570100408.166,1462,74,None,Move,office
1570100408.175,1461,73,None,Move,office
1570100408.1820002,1461,73,None,Move,office
1570100408.19,1460,73,None,Move,office
1570100408.198,1460,73,None,Move,office
1570100408.207,1460,72,None,Move,office
1570100408.2129998,1459,72,None,Move,office
1570100408.221,1459,72,None,Move,office
1570100408.229,1458,71,None,Move,office
1570100408.2370002,1457,71,None,Move,office
1570100408.245,1456,71,None,Move,office
1570100408.2529998,1456,71,None,Move,office
1570100408.2610002,1454,71,None,Move,office
1570100408.269,1453,71,None,Move,office
1570100408.275,1452,71,None,Move,office
1570100408.283,1451,71,None,Move,office
1570100408.291,1450,71,None,Move,office
1570100408.299,1450,71,None,Move,office
1570100408.3070002,1449,71,None,Move,office
1570100408.315,1448,71,None,Move,office
1570100408.323,1448,71,None,Move,office
1570100408.335,1447,71,None,Move,office
1570100408.345,1447,71,None,Move,office
1570100408.353,1446,71,None,Move,office
1570100408.369,1446,71,None,Move,office
1570100408.377,1445,70,None,Move,office
1570100408.385,1444,70,None,Move,office
1570100408.393,1444,70,None,Move,office
1570100408.405,1443,70,None,Move,office
1570100408.413,1443,69,None,Move,office
1570100408.419,1443,69,None,Move,office
1570100408.427,1443,69,None,Move,office
1570100408.435,1442,68,None,Move,office
1570100408.447,1442,68,None,Move,office
1570100408.455,1442,67,None,Move,office
1570100408.758,1440,67,None,Move,office
1570100408.765,1439,68,None,Move,office
1570100408.772,1437,70,None,Move,office
1570100408.781,1435,71,None,Move,office
1570100408.789,1433,75,None,Move,office
1570100408.7970002,1429,81,None,Move,office
1570100408.805,1422,88,None,Move,office
1570100408.813,1416,97,None,Move,office
1570100408.821,1408,105,None,Move,office
1570100408.829,1399,114,None,Move,office
1570100408.835,1390,126,None,Move,office
1570100408.843,1380,140,None,Move,office
1570100408.851,1368,155,None,Move,office
1570100408.859,1355,174,None,Move,office
1570100408.869,1338,192,None,Move,office
1570100408.8739998,1318,219,None,Move,office
1570100408.883,1298,242,None,Move,office
1570100408.891,1285,261,None,Move,office
1570100408.8979998,1270,281,None,Move,office
1570100408.905,1259,297,None,Move,office
1570100408.913,1248,311,None,Move,office
1570100408.92,1240,321,None,Move,office
1570100408.928,1233,330,None,Move,office
1570100408.936,1227,338,None,Move,office
1570100408.945,1222,344,None,Move,office
1570100408.952,1216,350,None,Move,office
1570100408.961,1213,356,None,Move,office
1570100408.971,1212,361,None,Move,office
1570100408.976,1210,365,None,Move,office
1570100408.982,1208,367,None,Move,office
1570100408.9910002,1208,369,None,Move,office
1570100408.9989998,1207,371,None,Move,office
1570100409.006,1206,372,None,Move,office
1570100409.014,1206,373,None,Move,office
1570100409.061,1206,373,None,Move,office
1570100409.101,1204,374,None,Move,office
1570100409.109,1203,374,None,Move,office
1570100409.1420002,1203,374,None,Move,office
1570100409.159,1202,374,None,Move,office
1570100409.166,1201,374,None,Move,office
1570100409.175,1200,372,None,Move,office
1570100409.1829998,1200,371,None,Move,office
1570100409.191,1199,370,None,Move,office
1570100409.196,1199,368,None,Move,office
1570100409.212,1199,368,None,Move,office
1570100409.221,1199,367,None,Move,office
1570100409.229,1199,366,None,Move,office
1570100410.336,1199,366,None,Move,office
1570100410.345,1199,367,None,Move,office
1570100410.353,1199,368,None,Move,office
1570100410.4929998,1199,368,None,Move,office
1570100410.506,1199,368,None,Move,office
1570100410.512,1200,366,None,Move,office
1570100410.52,1200,365,None,Move,office
1570100410.526,1200,364,None,Move,office
1570100410.534,1200,363,None,Move,office
1570100410.543,1200,363,None,Move,office
1570100412.063,1200,363,None,Move,office
1570100425.563,1200,363,None,Move,office
1570100425.595,1200,364,None,Move,office
1570100427.657,1200,364,None,Move,office
1570100427.665,1200,364,None,Move,office
1570100430.565,1200,363,None,Move,office
1570100430.573,1202,361,None,Move,office
1570100430.581,1203,360,None,Move,office
1570100430.589,1204,358,None,Move,office
1570100430.595,1207,357,None,Move,office
1570100430.603,1209,355,None,Move,office
1570100430.611,1210,354,None,Move,office
1570100430.619,1213,352,None,Move,office
1570100430.627,1214,351,None,Move,office
1570100430.635,1216,350,None,Move,office
1570100430.643,1219,348,None,Move,office
1570100430.651,1222,346,None,Move,office
1570100430.659,1225,345,None,Move,office
1570100430.667,1228,343,None,Move,office
1570100430.6720002,1233,340,None,Move,office
1570100430.681,1236,339,None,Move,office
1570100430.689,1240,337,None,Move,office
1570100430.7029998,1242,335,None,Move,office
1570100430.709,1244,332,None,Move,office
1570100430.717,1246,331,None,Move,office
1570100430.725,1248,329,None,Move,office
1570100430.7329998,1251,327,None,Move,office
1570100430.7389998,1253,326,None,Move,office
1570100430.746,1253,324,None,Move,office
1570100430.754,1255,323,None,Move,office
1570100430.762,1255,321,None,Move,office
1570100430.771,1256,320,None,Move,office
1570100430.779,1257,319,None,Move,office
1570100430.7870002,1258,316,None,Move,office
1570100430.795,1258,313,None,Move,office
1570100430.827,1252,293,None,Move,office
1570100430.832,1250,287,None,Move,office
1570100430.84,1248,282,None,Move,office
1570100430.849,1247,276,None,Move,office
1570100430.857,1245,272,None,Move,office
1570100430.865,1243,266,None,Move,office
1570100430.873,1241,260,None,Move,office
1570100430.88,1239,255,None,Move,office
1570100430.89,1238,249,None,Move,office
1570100430.896,1237,245,None,Move,office
1570100430.905,1236,239,None,Move,office
1570100430.911,1236,232,None,Move,office
1570100430.919,1236,227,None,Move,office
1570100430.926,1236,220,None,Move,office
1570100430.934,1237,213,None,Move,office
1570100430.9429998,1240,206,None,Move,office
1570100430.95,1242,198,None,Move,office
1570100430.958,1245,191,None,Move,office
1570100430.967,1251,182,None,Move,office
1570100430.975,1257,176,None,Move,office
1570100430.981,1262,168,None,Move,office
1570100430.9889998,1266,162,None,Move,office
1570100430.998,1271,158,None,Move,office
1570100431.005,1276,151,None,Move,office
1570100431.0129998,1280,148,None,Move,office
1570100431.021,1283,145,None,Move,office
1570100431.029,1288,141,None,Move,office
1570100431.036,1294,136,None,Move,office
1570100431.044,1299,131,None,Move,office
1570100431.05,1305,127,None,Move,office
1570100431.0579998,1311,123,None,Move,office
1570100431.066,1317,119,None,Move,office
1570100431.076,1322,117,None,Move,office
1570100431.082,1325,115,None,Move,office
1570100431.093,1327,113,None,Move,office
1570100431.107,1331,111,None,Move,office
1570100431.1139998,1332,109,None,Move,office
1570100431.121,1334,108,None,Move,office
1570100431.129,1335,107,None,Move,office
1570100431.137,1336,107,None,Move,office
1570100431.156,1336,107,None,Move,office
1570100431.165,1338,106,None,Move,office
1570100431.173,1339,105,None,Move,office
1570100431.181,1341,105,None,Move,office
1570100431.186,1343,103,None,Move,office
1570100431.201,1343,103,None,Move,office
1570100431.206,1345,101,None,Move,office
1570100431.214,1346,100,None,Move,office
1570100431.222,1348,99,None,Move,office
1570100431.231,1348,99,None,Move,office
1570100431.2389998,1350,98,None,Move,office
1570100431.2470002,1350,98,None,Move,office
1570100431.252,1352,98,None,Move,office
1570100431.2610002,1353,97,None,Move,office
1570100431.269,1354,97,None,Move,office
1570100431.276,1356,97,None,Move,office
1570100431.285,1358,96,None,Move,office
1570100431.292,1359,96,None,Move,office
1570100431.3,1361,95,None,Move,office
1570100431.3079998,1362,95,None,Move,office
1570100431.316,1365,95,None,Move,office
1570100431.322,1368,93,None,Move,office
1570100431.33,1371,92,None,Move,office
1570100431.3379998,1374,92,None,Move,office
1570100431.346,1377,91,None,Move,office
1570100431.355,1380,90,None,Move,office
1570100431.369,1382,89,None,Move,office
1570100431.3739998,1386,88,None,Move,office
1570100431.383,1387,88,None,Move,office
1570100431.391,1388,87,None,Move,office
1570100431.397,1390,87,None,Move,office
1570100431.405,1393,86,None,Move,office
1570100431.413,1395,86,None,Move,office
1570100431.421,1396,85,None,Move,office
1570100431.428,1399,84,None,Move,office
1570100431.436,1401,84,None,Move,office
1570100431.445,1403,83,None,Move,office
1570100431.4529998,1406,83,None,Move,office
1570100431.461,1408,81,None,Move,office
1570100431.467,1410,80,None,Move,office
1570100431.475,1411,80,None,Move,office
1570100431.484,1414,78,None,Move,office
1570100431.49,1415,78,None,Move,office
1570100431.498,1416,77,None,Move,office
1570100431.506,1418,76,None,Move,office
1570100431.5270002,1419,75,None,Move,office
1570100431.533,1422,75,None,Move,office
1570100431.542,1423,74,None,Move,office
1570100431.549,1425,74,None,Move,office
1570100431.5570002,1427,73,None,Move,office
1570100431.565,1427,73,None,Move,office
1570100431.573,1428,73,None,Move,office
1570100431.581,1428,73,None,Move,office
1570100431.939,1428,73,None,Move,office
1570100431.946,1424,76,None,Move,office
1570100431.952,1418,82,None,Move,office
1570100431.961,1410,89,None,Move,office
1570100431.969,1400,98,None,Move,office
1570100431.9770002,1388,110,None,Move,office
1570100431.985,1378,124,None,Move,office
1570100431.992,1365,141,None,Move,office
1570100432.0,1355,155,None,Move,office
1570100432.008,1345,169,None,Move,office
1570100432.016,1334,186,None,Move,office
1570100432.022,1325,199,None,Move,office
1570100432.031,1319,211,None,Move,office
1570100432.039,1313,219,None,Move,office
1570100432.0470002,1308,227,None,Move,office
1570100432.055,1305,231,None,Move,office
1570100432.063,1303,236,None,Move,office
1570100432.071,1302,237,None,Move,office
1570100432.079,1301,239,None,Move,office
1570100432.087,1300,241,None,Move,office
1570100432.092,1298,243,None,Move,office
1570100432.101,1297,244,None,Move,office
1570100432.1079998,1295,246,None,Move,office
1570100432.1160002,1294,247,None,Move,office
1570100432.1239998,1293,249,None,Move,office
1570100432.1320002,1293,249,None,Move,office
1570100432.14,1293,250,None,Move,office
1570100432.1820002,1293,250,None,Move,office
1570100432.195,1293,252,None,Move,office
1570100432.2029998,1292,255,None,Move,office
1570100432.211,1291,259,None,Move,office
1570100432.219,1290,263,None,Move,office
1570100432.2270002,1289,266,None,Move,office
1570100432.232,1289,269,None,Move,office
1570100432.24,1289,270,None,Move,office
1570100432.248,1289,271,None,Move,office
1570100432.365,1289,271,Left,Pressed,office
1570100432.5370002,1289,271,Left,Released,office
1570100432.972,1288,271,None,Move,office
1570100433.78,1288,271,None,Move,office
1570100435.242,1292,271,None,Move,office
1570100435.2510002,1313,281,None,Move,office
1570100435.258,1333,290,None,Move,office
1570100435.266,1359,303,None,Move,office
1570100435.274,1389,324,None,Move,office
1570100435.282,1425,338,None,Move,office
1570100435.29,1459,352,None,Move,office
1570100435.298,1499,375,None,Move,office
1570100435.3070002,1531,397,None,Move,office
1570100435.313,1562,420,None,Move,office
1570100435.321,1577,440,None,Move,office
1570100435.329,1586,456,None,Move,office
1570100435.336,1594,478,None,Move,office
1570100435.345,1597,494,None,Move,office
1570100435.3520002,1599,514,None,Move,office
1570100435.361,1595,535,None,Move,office
1570100435.369,1586,560,None,Move,office
1570100435.377,1579,580,None,Move,office
1570100435.3820002,1574,594,None,Move,office
1570100435.39,1572,605,None,Move,office
1570100435.3979998,1571,613,None,Move,office
1570100435.406,1570,621,None,Move,office
1570100435.415,1570,628,None,Move,office
1570100435.4220002,1570,635,None,Move,office
1570100435.431,1570,640,None,Move,office
1570100435.438,1570,643,None,Move,office
1570100435.445,1570,645,None,Move,office
1570100435.452,1570,647,None,Move,office
1570100435.461,1570,649,None,Move,office
1570100435.469,1570,650,None,Move,office
1570100435.479,1570,651,None,Move,office
1570100435.484,1570,653,None,Move,office
1570100435.4929998,1570,655,None,Move,office
1570100435.5010002,1571,661,None,Move,office
1570100435.5089998,1574,670,None,Move,office
1570100435.515,1578,683,None,Move,office
1570100435.522,1586,697,None,Move,office
1570100435.53,1595,713,None,Move,office
1570100435.538,1606,729,None,Move,office
1570100435.546,1615,741,None,Move,office
1570100435.555,1626,758,None,Move,office
1570100435.562,1634,766,None,Move,office
1570100435.571,1639,775,None,Move,office
1570100435.579,1641,782,None,Move,office
1570100435.585,1643,788,None,Move,office
1570100435.593,1645,795,None,Move,office
1570100435.6,1647,802,None,Move,office
1570100435.609,1648,809,None,Move,office
1570100435.6160002,1649,816,None,Move,office
1570100435.6239998,1649,822,None,Move,office
1570100435.633,1649,828,None,Move,office
1570100435.641,1649,833,None,Move,office
1570100435.649,1650,839,None,Move,office
1570100435.654,1652,846,None,Move,office
1570100435.6620002,1654,853,None,Move,office
1570100435.67,1657,859,None,Move,office
1570100435.679,1660,866,None,Move,office
1570100435.687,1664,872,None,Move,office
1570100435.694,1666,878,None,Move,office
1570100435.7029998,1668,882,None,Move,office
1570100435.711,1670,887,None,Move,office
1570100435.717,1671,890,None,Move,office
1570100435.725,1673,895,None,Move,office
1570100435.732,1674,898,None,Move,office
1570100435.7410002,1676,901,None,Move,office
1570100435.7489998,1677,903,None,Move,office
1570100435.7570002,1678,905,None,Move,office
1570100435.765,1678,906,None,Move,office
1570100435.772,1678,907,None,Move,office
1570100435.78,1678,908,None,Move,office
1570100435.7870002,1678,908,None,Move,office
1570100435.795,1678,910,None,Move,office
1570100435.803,1678,911,None,Move,office
1570100435.811,1678,912,None,Move,office
1570100435.8179998,1678,914,None,Move,office
1570100435.826,1678,918,None,Move,office
1570100435.834,1678,924,None,Move,office
1570100435.842,1679,929,None,Move,office
1570100435.85,1681,935,None,Move,office
1570100435.856,1684,941,None,Move,office
1570100435.8639998,1691,948,None,Move,office
1570100435.8720002,1697,955,None,Move,office
1570100435.88,1704,961,None,Move,office
1570100435.8879998,1712,967,None,Move,office
1570100435.896,1718,972,None,Move,office
1570100435.917,1724,975,None,Move,office
1570100435.923,1735,979,None,Move,office
1570100435.927,1738,981,None,Move,office
1570100435.934,1739,982,None,Move,office
1570100435.9420002,1739,982,None,Move,office
1570100435.95,1739,983,None,Move,office
1570100435.958,1739,985,None,Move,office
1570100435.966,1739,986,None,Move,office
1570100435.975,1739,987,None,Move,office
1570100435.9829998,1738,989,None,Move,office
1570100435.9910002,1736,990,None,Move,office
1570100435.9970002,1735,992,None,Move,office
1570100436.0070002,1733,993,None,Move,office
1570100436.012,1732,994,None,Move,office
1570100436.021,1731,996,None,Move,office
1570100436.028,1729,997,None,Move,office
1570100436.0370002,1726,999,None,Move,office
1570100436.045,1723,1001,None,Move,office
1570100436.053,1719,1002,None,Move,office
1570100436.061,1716,1004,None,Move,office
1570100436.0670002,1714,1005,None,Move,office
1570100436.075,1712,1006,None,Move,office
1570100436.083,1711,1007,None,Move,office
1570100436.091,1710,1007,None,Move,office
1570100436.099,1709,1009,None,Move,office
1570100436.107,1708,1009,None,Move,office
1570100436.115,1706,1011,None,Move,office
1570100436.1220002,1704,1012,None,Move,office
1570100436.13,1702,1013,None,Move,office
1570100436.1360002,1700,1014,None,Move,office
1570100436.144,1697,1015,None,Move,office
1570100436.153,1694,1016,None,Move,office
1570100436.161,1693,1017,None,Move,office
1570100436.169,1692,1017,None,Move,office
1570100436.176,1690,1017,None,Move,office
1570100436.184,1689,1017,None,Move,office
1570100436.1929998,1688,1017,None,Move,office
1570100436.235,1688,1017,None,Move,office
1570100436.2429998,1687,1017,None,Move,office
1570100436.25,1685,1015,None,Move,office
1570100436.2589998,1684,1015,None,Move,office
1570100436.266,1682,1013,None,Move,office
1570100436.2729998,1681,1012,None,Move,office
1570100436.28,1680,1010,None,Move,office
1570100436.289,1679,1010,None,Move,office
1570100436.298,1678,1009,None,Move,office
1570100436.304,1678,1009,None,Move,office
1570100436.312,1677,1009,None,Move,office
1570100436.32,1677,1009,None,Move,office
1570100436.3279998,1675,1008,None,Move,office
1570100436.375,1674,1007,None,Move,office
1570100436.383,1673,1006,None,Move,office
1570100436.391,1671,1006,None,Move,office
1570100436.401,1671,1006,None,Move,office
1570100436.411,1670,1005,None,Move,office
1570100436.42,1669,1005,None,Move,office
1570100436.4329998,1668,1004,None,Move,office
1570100436.498,1668,1004,Left,Pressed,office
1570100436.623,1668,1004,Left,Released,office
1570100436.646,1668,1003,None,Move,office
1570100436.655,1669,1001,None,Move,office
1570100436.663,1669,1001,None,Move,office
1570100436.671,1670,999,None,Move,office
1570100436.679,1671,999,None,Move,office
1570100436.687,1671,998,None,Move,office
1570100436.694,1672,998,None,Move,office
1570100436.704,1672,998,None,Move,office
1570100436.7129998,1672,997,None,Move,office
1570100436.725,1673,997,None,Move,office
1570100436.7329998,1674,997,None,Move,office
1570100436.7410002,1675,997,None,Move,office
1570100436.748,1677,996,None,Move,office
1570100436.754,1679,996,None,Move,office
1570100436.762,1681,995,None,Move,office
1570100436.771,1683,994,None,Move,office
1570100436.778,1685,994,None,Move,office
1570100436.786,1687,992,None,Move,office
1570100436.795,1688,991,None,Move,office
1570100436.803,1690,991,None,Move,office
1570100436.81,1691,991,None,Move,office
1570100436.8179998,1692,991,None,Move,office
1570100436.824,1694,991,None,Move,office
1570100436.837,1695,991,None,Move,office
1570100436.842,1696,991,None,Move,office
1570100436.8479998,1697,991,None,Move,office
1570100436.856,1699,991,None,Move,office
1570100436.865,1700,991,None,Move,office
1570100436.8720002,1701,991,None,Move,office
1570100436.88,1702,991,None,Move,office
1570100436.8879998,1704,991,None,Move,office
1570100436.895,1706,991,None,Move,office
1570100436.903,1707,991,None,Move,office
1570100436.913,1709,991,None,Move,office
1570100436.919,1709,991,None,Move,office
1570100436.927,1710,991,None,Move,office
1570100436.935,1711,991,None,Move,office
1570100436.9420002,1712,991,None,Move,office
1570100436.951,1713,992,None,Move,office
1570100436.959,1714,992,None,Move,office
1570100436.965,1715,992,None,Move,office
1570100436.972,1717,992,None,Move,office
1570100436.981,1718,992,None,Move,office
1570100436.988,1719,992,None,Move,office
1570100436.9970002,1720,992,None,Move,office
1570100437.005,1722,992,None,Move,office
1570100437.0129998,1722,992,None,Move,office
1570100437.02,1723,992,None,Move,office
1570100437.07,1723,992,Left,Pressed,office
1570100437.2029998,1723,992,Left,Released,office
1570100437.21,1723,992,None,Move,office
1570100437.401,1723,991,None,Move,office
1570100438.623,1723,991,Left,Pressed,office
1570100438.762,1723,991,Left,Released,office
1570100439.418,1723,991,Left,Pressed,office
1570100439.57,1723,991,Left,Released,office
1570100440.3179998,1723,991,Left,Pressed,office
1570100440.475,1723,991,Left,Released,office
1570100441.583,1722,989,None,Move,office
1570100441.591,1710,981,None,Move,office
1570100441.597,1696,974,None,Move,office
1570100441.605,1682,964,None,Move,office
1570100441.613,1660,948,None,Move,office
1570100441.62,1635,930,None,Move,office
1570100441.629,1599,906,None,Move,office
1570100441.637,1557,883,None,Move,office
1570100441.645,1507,861,None,Move,office
1570100441.6520002,1456,845,None,Move,office
1570100441.66,1408,825,None,Move,office
1570100441.666,1356,803,None,Move,office
1570100441.674,1305,791,None,Move,office
1570100441.6820002,1253,771,None,Move,office
1570100441.691,1200,745,None,Move,office
1570100441.699,1148,729,None,Move,office
1570100441.707,1097,713,None,Move,office
1570100441.715,1053,700,None,Move,office
1570100441.7229998,1013,687,None,Move,office
1570100441.731,977,674,None,Move,office
1570100441.7410002,939,652,None,Move,office
1570100441.746,907,634,None,Move,office
1570100441.7529998,881,619,None,Move,office
1570100441.76,863,609,None,Move,office
1570100441.768,850,602,None,Move,office
1570100441.7770002,837,597,None,Move,office
1570100441.784,826,591,None,Move,office
1570100441.792,818,587,None,Move,office
1570100441.8,811,585,None,Move,office
1570100441.8070002,804,583,None,Move,office
1570100441.814,797,581,None,Move,office
1570100441.822,790,580,None,Move,office
1570100441.83,784,580,None,Move,office
1570100441.841,779,580,None,Move,office
1570100441.847,775,580,None,Move,office
1570100441.855,772,580,None,Move,office
1570100441.863,769,581,None,Move,office
1570100441.871,768,581,None,Move,office
1570100441.877,768,582,None,Move,office
1570100442.135,766,582,None,Move,office
1570100442.143,760,577,None,Move,office
1570100442.15,754,575,None,Move,office
1570100442.157,748,574,None,Move,office
1570100442.165,742,572,None,Move,office
1570100442.173,737,572,None,Move,office
1570100442.181,734,571,None,Move,office
1570100442.188,732,570,None,Move,office
1570100442.196,730,570,None,Move,office
1570100442.208,730,570,None,Move,office
1570100442.305,730,570,Left,Pressed,office
1570100442.43,730,570,Left,Released,office
1570100445.528,730,570,None,Move,office
1570100445.536,736,563,None,Move,office
1570100445.544,745,551,None,Move,office
1570100445.552,755,541,None,Move,office
1570100445.56,765,532,None,Move,office
1570100445.5679998,774,523,None,Move,office
1570100445.574,783,515,None,Move,office
1570100445.582,791,506,None,Move,office
1570100445.59,799,497,None,Move,office
1570100445.5979998,810,485,None,Move,office
1570100445.606,820,476,None,Move,office
1570100445.6160002,833,468,None,Move,office
1570100445.6220002,845,459,None,Move,office
1570100445.6339998,856,451,None,Move,office
1570100445.6420002,874,437,None,Move,office
1570100445.6479998,881,431,None,Move,office
1570100445.664,887,426,None,Move,office
1570100445.6820002,898,419,None,Move,office
1570100445.688,902,414,None,Move,office
1570100445.696,904,413,None,Move,office
1570100445.704,904,412,None,Move,office
1570100445.71,905,411,None,Move,office
1570100445.718,906,410,None,Move,office
1570100445.726,906,408,None,Move,office
1570100445.734,907,407,None,Move,office
1570100445.744,907,406,None,Move,office
1570100445.75,908,404,None,Move,office
1570100445.758,908,402,None,Move,office
1570100445.766,908,401,None,Move,office
1570100445.774,908,400,None,Move,office
1570100445.78,908,399,None,Move,office
1570100445.788,908,398,None,Move,office
1570100445.796,908,397,None,Move,office
1570100445.804,908,397,None,Move,office
1570100445.812,908,396,None,Move,office
1570100445.82,908,396,None,Move,office
1570100445.83,908,395,None,Move,office
1570100446.326,909,395,None,Move,office
1570100446.34,911,395,None,Move,office
1570100446.347,917,398,None,Move,office
1570100446.357,923,401,None,Move,office
1570100446.365,926,403,None,Move,office
1570100446.373,929,404,None,Move,office
1570100446.38,930,406,None,Move,office
1570100446.387,931,407,None,Move,office
1570100446.396,932,409,None,Move,office
1570100446.404,932,411,None,Move,office
1570100446.41,932,413,None,Move,office
1570100446.418,930,415,None,Move,office
1570100446.426,929,417,None,Move,office
1570100446.436,927,419,None,Move,office
1570100446.456,926,420,None,Move,office
1570100446.504,922,431,None,Move,office
1570100446.594,922,431,None,Move,office
1570100446.606,922,431,None,Move,office
1570100446.6120002,922,430,None,Move,office
1570100446.62,922,429,None,Move,office
1570100446.6279998,921,429,None,Move,office
1570100446.6360002,921,427,None,Move,office
1570100446.656,920,426,None,Move,office
1570100446.706,914,416,None,Move,office
1570100446.714,914,415,None,Move,office
1570100446.722,914,414,None,Move,office
1570100446.73,915,414,None,Move,office
1570100446.738,915,413,None,Move,office
1570100446.744,915,413,None,Move,office
1570100446.756,915,412,None,Move,office
1570100446.7610002,915,411,None,Move,office
1570100446.768,915,410,None,Move,office
1570100446.776,915,409,None,Move,office
1570100446.784,915,408,None,Move,office
1570100446.792,916,408,None,Move,office
1570100446.8,916,407,None,Move,office
1570100446.8079998,916,405,None,Move,office
1570100446.814,916,405,None,Move,office
1570100446.8820002,917,405,None,Move,office
1570100446.8920002,917,405,None,Move,office
1570100446.9,918,405,None,Move,office
1570100446.9120002,919,405,None,Move,office
1570100446.92,919,405,None,Move,office
1570100446.93,920,405,None,Move,office
1570100446.944,920,405,None,Move,office
1570100448.036,920,405,None,Move,office
1570100448.044,919,406,None,Move,office
1570100448.052,918,407,None,Move,office
1570100448.06,917,408,None,Move,office
1570100448.066,912,408,None,Move,office
1570100448.084,901,411,None,Move,office
1570100448.092,887,413,None,Move,office
1570100448.0979998,874,415,None,Move,office
1570100448.106,862,417,None,Move,office
1570100448.1139998,852,420,None,Move,office
1570100448.1220002,844,426,None,Move,office
1570100448.13,835,432,None,Move,office
1570100448.1379998,826,439,None,Move,office
1570100448.146,820,443,None,Move,office
1570100448.1720002,820,443,None,Move,office
1570100448.222,820,443,None,Move,office
1570100448.23,821,443,None,Move,office
1570100448.238,822,442,None,Move,office
1570100448.246,824,440,None,Move,office
1570100448.254,824,439,None,Move,office
1570100448.266,825,437,None,Move,office
1570100448.274,827,435,None,Move,office
1570100448.282,828,433,None,Move,office
1570100448.302,829,432,None,Move,office
1570100448.316,831,429,None,Move,office
1570100448.324,833,427,None,Move,office
1570100448.332,834,426,None,Move,office
1570100448.34,835,426,None,Move,office
1570100448.3479998,839,425,None,Move,office
1570100448.36,842,424,None,Move,office
1570100448.3660002,848,424,None,Move,office
1570100448.3739998,851,424,None,Move,office
1570100448.3860002,855,423,None,Move,office
1570100448.3979998,857,423,None,Move,office
1570100448.406,857,423,None,Move,office
1570100448.428,858,423,None,Move,office
1570100448.476,859,423,None,Move,office
1570100448.488,859,423,None,Move,office
1570100448.854,858,422,None,Move,office
1570100448.86,857,421,None,Move,office
1570100448.8720002,855,420,None,Move,office
1570100448.88,853,418,None,Move,office
1570100448.8879998,851,416,None,Move,office
1570100448.896,849,415,None,Move,office
1570100448.906,847,411,None,Move,office
1570100448.9420002,829,395,None,Move,office
1570100448.95,794,358,None,Move,office
1570100448.958,787,352,None,Move,office
1570100448.966,779,345,None,Move,office
1570100448.974,771,341,None,Move,office
1570100448.981,762,337,None,Move,office
1570100448.988,754,333,None,Move,office
1570100448.996,745,328,None,Move,office
1570100449.005,738,325,None,Move,office
1570100449.012,732,323,None,Move,office
1570100449.02,727,321,None,Move,office
1570100449.0270002,721,319,None,Move,office
1570100449.036,716,317,None,Move,office
1570100449.045,714,315,None,Move,office
1570100449.05,712,315,None,Move,office
1570100449.0579998,711,315,None,Move,office
1570100449.0679998,711,315,None,Move,office
1570100449.4,716,310,None,Move,office
1570100449.418,768,269,None,Move,office
1570100449.426,793,248,None,Move,office
1570100449.44,845,205,None,Move,office
1570100449.448,862,192,None,Move,office
1570100449.456,879,179,None,Move,office
1570100449.466,897,169,None,Move,office
1570100449.472,915,161,None,Move,office
1570100449.478,938,152,None,Move,office
1570100449.4929998,988,130,None,Move,office
1570100449.498,1005,122,None,Move,office
1570100449.506,1031,111,None,Move,office
1570100449.516,1049,101,None,Move,office
1570100449.528,1090,76,None,Move,office
1570100449.549,1098,72,None,Move,office
1570100449.554,1109,68,None,Move,office
1570100449.56,1110,67,None,Move,office
1570100449.5679998,1111,67,None,Move,office
1570100449.576,1111,66,None,Move,office
1570100449.6179998,1112,66,None,Move,office
1570100449.6420002,1112,66,None,Move,office
1570100449.65,1115,64,None,Move,office
1570100449.658,1121,62,None,Move,office
1570100449.666,1127,60,None,Move,office
1570100449.6720002,1133,56,None,Move,office
1570100449.68,1141,53,None,Move,office
1570100449.688,1150,51,None,Move,office
1570100449.696,1160,49,None,Move,office
1570100449.706,1172,46,None,Move,office
1570100449.712,1186,43,None,Move,office
1570100449.724,1199,40,None,Move,office
1570100449.738,1236,35,None,Move,office
1570100449.7429998,1249,35,None,Move,office
1570100449.75,1261,35,None,Move,office
1570100449.758,1272,36,None,Move,office
1570100449.766,1282,37,None,Move,office
1570100449.774,1290,39,None,Move,office
1570100449.782,1297,41,None,Move,office
1570100449.79,1303,43,None,Move,office
1570100449.798,1309,45,None,Move,office
1570100449.804,1314,47,None,Move,office
1570100449.814,1319,50,None,Move,office
1570100449.82,1323,52,None,Move,office
1570100449.8279998,1328,54,None,Move,office
1570100449.836,1331,55,None,Move,office
1570100449.843,1334,57,None,Move,office
1570100449.8520002,1336,59,None,Move,office
1570100449.861,1337,60,None,Move,office
1570100449.869,1340,62,None,Move,office
1570100449.873,1341,63,None,Move,office
1570100449.8820002,1343,65,None,Move,office
1570100449.893,1345,66,None,Move,office
1570100449.8979998,1347,68,None,Move,office
1570100449.906,1348,69,None,Move,office
1570100449.914,1351,71,None,Move,office
1570100449.9220002,1352,72,None,Move,office
1570100449.934,1354,74,None,Move,office
1570100449.944,1356,74,None,Move,office
1570100449.952,1358,76,None,Move,office
1570100449.96,1358,76,None,Move,office
1570100449.968,1359,76,None,Move,office
1570100449.9770002,1360,76,None,Move,office
1570100449.985,1362,77,None,Move,office
1570100449.992,1363,77,None,Move,office
1570100450.0,1364,77,None,Move,office
1570100450.008,1365,77,None,Move,office
1570100450.014,1367,78,None,Move,office
1570100450.022,1367,78,None,Move,office
1570100450.032,1368,78,None,Move,office
1570100450.0370002,1370,78,None,Move,office
1570100450.046,1371,77,None,Move,office
1570100450.054,1373,77,None,Move,office
1570100450.062,1374,75,None,Move,office
1570100450.084,1375,74,None,Move,office
1570100450.089,1380,71,None,Move,office
1570100450.094,1382,69,None,Move,office
1570100450.1,1386,68,None,Move,office
1570100450.1079998,1389,67,None,Move,office
1570100450.1160002,1392,65,None,Move,office
1570100450.1260002,1396,64,None,Move,office
1570100450.1360002,1400,62,None,Move,office
1570100450.144,1404,61,None,Move,office
1570100450.15,1406,60,None,Move,office
1570100450.16,1409,59,None,Move,office
1570100450.168,1411,58,None,Move,office
1570100450.176,1414,57,None,Move,office
1570100450.1820002,1417,57,None,Move,office
1570100450.19,1422,56,None,Move,office
1570100450.198,1426,56,None,Move,office
1570100450.206,1430,56,None,Move,office
1570100450.214,1434,56,None,Move,office
1570100450.222,1437,56,None,Move,office
1570100450.232,1443,56,None,Move,office
1570100450.24,1445,56,None,Move,office
1570100450.2510002,1446,56,None,Move,office
1570100450.2570002,1448,56,None,Move,office
1570100450.269,1450,55,None,Move,office
1570100450.365,1450,55,None,Move,office
1570100450.377,1450,55,None,Move,office
1570100450.383,1449,55,None,Move,office
1570100450.393,1448,55,None,Move,office
1570100450.401,1447,55,None,Move,office
1570100450.408,1447,55,None,Move,office
1570100450.417,1446,55,None,Move,office
1570100450.424,1446,55,None,Move,office
1570100450.431,1444,55,None,Move,office
1570100450.438,1444,55,None,Move,office
1570100450.45,1443,55,None,Move,office
1570100450.458,1442,56,None,Move,office
1570100450.468,1442,56,None,Move,office
1570100450.474,1441,56,None,Move,office
1570100450.482,1440,56,None,Move,office
1570100450.495,1440,56,None,Move,office
1570100450.502,1439,56,None,Move,office
1570100450.51,1439,56,None,Move,office
1570100450.519,1439,56,None,Move,office
1570100450.528,1438,56,None,Move,office
1570100450.563,1437,56,None,Move,office
1570100450.57,1436,56,None,Move,office
1570100450.579,1436,57,None,Move,office
1570100450.7,1435,57,None,Move,office
1570100450.758,1435,57,Left,Pressed,office
1570100450.758,1435,57,None,Drag,office
1570100450.7589998,1435,57,Left,Released,office
1570100450.976,1435,57,None,Move,office
1570100450.986,1435,57,None,Move,office
1570100450.994,1435,57,None,Move,office
1570100451.002,1437,58,None,Move,office
1570100451.01,1438,58,None,Move,office
1570100451.018,1439,59,None,Move,office
1570100451.026,1440,59,None,Move,office
1570100451.034,1440,60,None,Move,office
1570100451.042,1441,60,None,Move,office
1570100451.05,1442,60,None,Move,office
1570100451.056,1442,61,None,Move,office
1570100451.064,1443,61,None,Move,office
1570100451.072,1444,62,None,Move,office
1570100451.08,1445,62,None,Move,office
1570100451.0879998,1445,63,None,Move,office
1570100451.096,1446,63,None,Move,office
1570100451.104,1448,63,None,Move,office
1570100451.1120002,1449,63,None,Move,office
1570100451.1179998,1451,63,None,Move,office
1570100451.1260002,1454,63,None,Move,office
1570100451.1339998,1457,63,None,Move,office
1570100451.1420002,1461,63,None,Move,office
1570100451.15,1465,63,None,Move,office
1570100451.1820002,1493,56,None,Move,office
1570100451.188,1523,48,None,Move,office
1570100451.196,1535,42,None,Move,office
1570100451.204,1553,35,None,Move,office
1570100451.212,1571,26,None,Move,office
1570100451.222,1591,18,None,Move,office
1570100451.228,1608,11,None,Move,office
1570100451.236,1626,3,None,Move,office
1570100451.244,1643,-4,None,Move,office
1570100451.252,1657,-3,None,Move,office
1570100451.258,1670,-3,None,Move,office
1570100451.268,1682,-1,None,Move,office
1570100451.275,1693,-2,None,Move,office
1570100451.283,1703,-1,None,Move,office
1570100451.291,1711,-1,None,Move,office
1570100451.299,1716,0,None,Move,office
1570100451.3070002,1722,0,None,Move,office
1570100451.315,1727,-1,None,Move,office
1570100451.322,1731,0,None,Move,office
1570100451.329,1734,0,None,Move,office
1570100451.336,1737,-1,None,Move,office
1570100451.344,1738,0,None,Move,office
1570100451.3520002,1739,-1,None,Move,office
1570100451.3620002,1741,0,None,Move,office
1570100451.411,1742,0,None,Move,office
1570100451.508,1742,0,None,Move,office
1570100451.524,1744,0,None,Move,office
1570100451.53,1746,0,None,Move,office
1570100451.538,1748,0,None,Move,office
1570100451.546,1751,0,None,Move,office
1570100451.556,1755,0,None,Move,office
1570100451.562,1759,0,None,Move,office
1570100451.57,1762,0,None,Move,office
1570100451.5779998,1765,0,None,Move,office
1570100451.586,1768,0,None,Move,office
1570100451.594,1770,0,None,Move,office
1570100451.6,1772,0,None,Move,office
1570100451.6079998,1773,0,None,Move,office
1570100451.6160002,1775,0,None,Move,office
1570100451.6239998,1776,0,None,Move,office
1570100451.6320002,1777,0,None,Move,office
1570100451.641,1779,0,None,Move,office
1570100451.6479998,1780,1,None,Move,office
1570100451.658,1781,1,None,Move,office
1570100451.666,1783,1,None,Move,office
1570100451.6720002,1783,1,None,Move,office
1570100451.678,1784,1,None,Move,office
1570100451.686,1785,1,None,Move,office
1570100451.694,1786,2,None,Move,office
1570100451.702,1787,2,None,Move,office
1570100451.71,1787,2,None,Move,office
1570100451.722,1788,2,None,Move,office
1570100451.74,1788,2,None,Move,office
1570100451.756,1789,2,None,Move,office
1570100451.778,1790,2,None,Move,office
1570100451.8,1790,2,None,Move,office
1570100451.8179998,1791,2,None,Move,office
1570100451.834,1791,2,None,Move,office
1570100451.842,1792,2,None,Move,office
1570100451.854,1792,2,None,Move,office
1570100451.87,1793,2,None,Move,office
1570100451.879,1794,2,Left,Pressed,office
1570100451.879,1794,2,None,Drag,office
1570100451.879,1794,2,Left,Released,office
1570100452.099,1794,2,None,Move,file system
1570100452.111,1793,2,None,Move,file system
1570100452.123,1791,2,None,Move,file system
1570100452.131,1787,4,None,Move,file system
1570100452.1379998,1781,6,None,Move,file system
1570100452.147,1776,8,None,Move,file system
1570100452.154,1770,10,None,Move,file system
1570100452.164,1764,12,None,Move,file system
1570100452.173,1755,15,None,Move,file system
1570100452.186,1750,15,None,Move,file system
1570100452.204,1724,21,None,Move,file system
1570100452.212,1719,22,None,Move,file system
1570100452.22,1717,23,None,Move,file system
1570100452.238,1717,23,None,Move,file system
1570100452.312,1717,23,None,Move,file system
1570100452.32,1717,15,None,Move,file system
1570100452.3279998,1720,3,None,Move,file system
1570100452.336,1720,1,None,Move,file system
1570100452.344,1716,-1,None,Move,file system
1570100452.3520002,1706,0,None,Move,file system
1570100452.3579998,1700,0,None,Move,file system
1570100452.3660002,1693,2,None,Move,file system
1570100452.3739998,1684,5,None,Move,file system
1570100452.3879998,1671,12,None,Move,file system
1570100452.4,1622,34,None,Move,file system
1570100452.406,1604,42,None,Move,file system
1570100452.414,1588,50,None,Move,file system
1570100452.4220002,1575,57,None,Move,file system
1570100452.428,1560,66,None,Move,file system
1570100452.436,1544,75,None,Move,file system
1570100452.444,1528,83,None,Move,file system
1570100452.452,1510,93,None,Move,file system
1570100452.46,1485,102,None,Move,file system
1570100452.468,1462,111,None,Move,file system
1570100452.476,1439,121,None,Move,file system
1570100452.484,1411,134,None,Move,file system
1570100452.4929998,1380,148,None,Move,file system
1570100452.4989998,1349,158,None,Move,file system
1570100452.506,1322,168,None,Move,file system
1570100452.514,1297,177,None,Move,file system
1570100452.522,1282,182,None,Move,file system
1570100452.53,1271,185,None,Move,file system
1570100452.538,1264,187,None,Move,file system
1570100452.546,1260,188,None,Move,file system
1570100452.554,1258,188,None,Move,file system
1570100452.562,1257,188,None,Move,file system
1570100452.604,1257,188,None,Move,file system
1570100452.6160002,1257,188,None,Move,file system
1570100452.625,1257,187,None,Move,file system
1570100452.6320002,1257,187,None,Move,file system
1570100452.637,1258,187,None,Move,file system
1570100452.646,1258,186,None,Move,file system
1570100452.654,1259,186,None,Move,file system
1570100452.6620002,1259,185,None,Move,file system
1570100452.67,1260,184,None,Move,file system
1570100452.678,1260,184,None,Move,file system
1570100452.686,1262,183,None,Move,file system
1570100452.694,1262,182,None,Move,file system
1570100452.702,1264,181,None,Move,file system
1570100452.708,1264,180,None,Move,file system
1570100452.716,1265,180,None,Move,file system
1570100452.724,1266,178,None,Move,file system
1570100452.732,1267,177,None,Move,file system
1570100452.74,1269,176,None,Move,file system
1570100452.748,1270,174,None,Move,file system
1570100452.756,1272,173,None,Move,file system
1570100452.764,1274,171,None,Move,file system
1570100452.772,1277,170,None,Move,file system
1570100452.778,1280,168,None,Move,file system
1570100452.786,1285,166,None,Move,file system
1570100452.804,1291,163,None,Move,file system
1570100452.811,1303,156,None,Move,file system
1570100452.819,1307,155,None,Move,file system
1570100452.827,1308,153,None,Move,file system
1570100452.833,1310,152,None,Move,file system
1570100452.841,1311,150,None,Move,file system
1570100452.847,1312,149,None,Move,file system
1570100452.856,1314,147,None,Move,file system
1570100452.863,1315,147,None,Move,file system
1570100452.8720002,1317,146,None,Move,file system
1570100452.88,1317,146,None,Move,file system
1570100452.889,1318,146,None,Move,file system
1570100452.897,1318,145,None,Move,file system
1570100452.904,1319,145,None,Move,file system
1570100452.91,1319,145,None,Move,file system
1570100452.918,1320,145,None,Move,file system
1570100452.93,1321,145,None,Move,file system
1570100452.938,1321,144,None,Move,file system
1570100452.946,1321,144,None,Move,file system
1570100453.052,1322,144,Left,Pressed,file system
1570100453.053,1322,144,None,Drag,file system
1570100453.059,1325,146,None,Drag,file system
1570100453.0670002,1329,148,None,Drag,file system
1570100453.075,1334,151,None,Drag,file system
1570100453.082,1340,155,None,Drag,file system
1570100453.092,1345,160,None,Drag,file system
1570100453.097,1351,166,None,Drag,file system
1570100453.107,1360,172,None,Drag,file system
1570100453.113,1368,180,None,Drag,file system
1570100453.12,1380,189,None,Drag,file system
1570100453.1279998,1396,200,None,Drag,file system
1570100453.1360002,1420,215,None,Drag,file system
1570100453.144,1449,230,None,Drag,file system
1570100453.1520002,1484,248,None,Drag,file system
1570100453.16,1523,267,None,Drag,file system
1570100453.168,1562,282,None,Drag,file system
1570100453.176,1609,303,None,Drag,file system
1570100453.184,1656,323,None,Drag,file system
1570100453.194,1698,340,None,Drag,file system
1570100453.206,1735,358,None,Drag,file system
1570100453.236,1921,437,None,Drag,file system
1570100453.245,1939,445,None,Drag,file system
1570100453.25,1950,452,None,Drag,file system
1570100453.262,1965,462,None,Drag,file system
1570100453.272,1974,466,None,Drag,file system
1570100453.296,1990,472,None,Drag,file system
1570100453.304,2013,481,None,Drag,file system
1570100453.312,2016,483,None,Drag,file system
1570100453.32,2018,485,None,Drag,file system
1570100453.329,2020,486,None,Drag,file system
1570100453.337,2021,487,None,Drag,file system
1570100453.344,2022,489,None,Drag,file system
1570100453.3520002,2024,490,None,Drag,file system
1570100453.361,2025,492,None,Drag,file system
1570100453.3679998,2029,495,None,Drag,file system
1570100453.3739998,2034,500,None,Drag,file system
1570100453.383,2038,505,None,Drag,file system
1570100453.39,2043,510,None,Drag,file system
1570100453.3979998,2049,515,None,Drag,file system
1570100453.41,2056,520,None,Drag,file system
1570100453.418,2066,529,None,Drag,file system
1570100453.426,2072,535,None,Drag,file system
1570100453.437,2078,540,None,Drag,file system
1570100453.444,2084,546,None,Drag,file system
1570100453.449,2090,553,None,Drag,file system
1570100453.456,2097,559,None,Drag,file system
1570100453.464,2103,565,None,Drag,file system
1570100453.472,2109,571,None,Drag,file system
1570100453.48,2115,577,None,Drag,file system
1570100453.488,2123,585,None,Drag,file system
1570100453.5,2130,594,None,Drag,file system
1570100453.5110002,2137,604,None,Drag,file system
1570100453.518,2144,612,None,Drag,file system
1570100453.525,2150,621,None,Drag,file system
1570100453.532,2155,628,None,Drag,file system
1570100453.541,2162,637,None,Drag,file system
1570100453.549,2165,645,None,Drag,file system
1570100453.555,2167,652,None,Drag,file system
1570100453.562,2169,659,None,Drag,file system
1570100453.5679998,2170,666,None,Drag,file system
1570100453.576,2171,672,None,Drag,file system
1570100453.582,2171,677,None,Drag,file system
1570100453.59,2171,683,None,Drag,file system
1570100453.596,2171,688,None,Drag,file system
1570100453.603,2171,694,None,Drag,file system
1570100453.6120002,2171,699,None,Drag,file system
1570100453.62,2171,704,None,Drag,file system
1570100453.627,2171,710,None,Drag,file system
1570100453.6360002,2172,714,None,Drag,file system
1570100453.644,2173,719,None,Drag,file system
1570100453.6520002,2173,721,None,Drag,file system
1570100453.659,2173,722,None,Drag,file system
1570100453.666,2173,724,None,Drag,file system
1570100453.674,2172,726,None,Drag,file system
1570100453.6820002,2171,729,None,Drag,file system
1570100453.69,2171,732,None,Drag,file system
1570100453.698,2170,734,None,Drag,file system
1570100453.706,2169,737,None,Drag,file system
1570100453.714,2168,739,None,Drag,file system
1570100453.72,2166,743,None,Drag,file system
1570100453.732,2164,747,None,Drag,file system
1570100453.7370002,2162,751,None,Drag,file system
1570100453.745,2160,756,None,Drag,file system
1570100453.752,2158,760,None,Drag,file system
1570100453.76,2156,764,None,Drag,file system
1570100453.768,2155,767,None,Drag,file system
1570100453.776,2153,770,None,Drag,file system
1570100453.784,2151,774,None,Drag,file system
1570100453.792,2150,776,None,Drag,file system
1570100453.8,2149,777,None,Drag,file system
1570100453.8079998,2148,779,None,Drag,file system
1570100453.8279998,2148,780,None,Drag,file system
1570100453.834,2148,783,None,Drag,file system
1570100453.842,2148,783,None,Drag,file system
1570100453.85,2147,784,None,Drag,file system
1570100453.8579998,2147,785,None,Drag,file system
1570100453.8660002,2147,787,None,Drag,file system
1570100453.8739998,2146,788,None,Drag,file system
1570100453.88,2145,789,None,Drag,file system
1570100453.8879998,2144,791,None,Drag,file system
1570100453.896,2144,792,None,Drag,file system
1570100453.906,2143,793,None,Drag,file system
1570100453.914,2142,795,None,Drag,file system
1570100453.924,2142,796,None,Drag,file system
1570100453.9320002,2141,797,None,Drag,file system
1570100453.939,2141,799,None,Drag,file system
1570100453.946,2141,800,None,Drag,file system
1570100453.9529998,2141,801,None,Drag,file system
1570100453.959,2141,803,None,Drag,file system
1570100453.966,2141,803,None,Drag,file system
1570100453.974,2141,804,None,Drag,file system
1570100453.982,2141,804,None,Drag,file system
1570100453.99,2141,805,None,Drag,file system
1570100453.998,2140,805,None,Drag,file system
1570100454.006,2140,806,None,Drag,file system
1570100454.006,2140,806,Left,Released,file system
1570100454.25,2140,806,None,Move,file system
1570100454.258,2140,806,None,Move,file system
1570100454.27,2140,805,None,Move,file system
1570100454.3839998,2140,805,None,Move,file system
1570100454.394,2141,805,None,Move,file system
1570100454.522,2141,805,None,Move,file system
1570100454.534,2141,805,None,Move,file system
1570100454.542,2142,805,None,Move,file system
1570100454.554,2142,805,None,Move,file system
1570100454.566,2142,804,None,Move,file system
1570100454.573,2143,803,None,Move,file system
1570100454.584,2143,802,None,Move,file system
1570100454.592,2144,802,None,Move,file system
1570100454.6,2144,802,None,Move,file system
1570100454.69,2144,800,None,Move,file system
1570100454.698,2144,798,None,Move,file system
1570100454.706,2144,797,None,Move,file system
1570100454.712,2144,795,None,Move,file system
1570100454.72,2144,790,None,Move,file system
1570100454.728,2145,785,None,Move,file system
1570100454.736,2146,780,None,Move,file system
1570100454.744,2148,772,None,Move,file system
1570100454.752,2151,763,None,Move,file system
1570100454.76,2156,755,None,Move,file system
1570100454.768,2158,749,None,Move,file system
1570100454.776,2158,745,None,Move,file system
1570100454.786,2157,743,None,Move,file system
1570100454.791,2156,743,None,Move,file system
1570100454.798,2155,743,None,Move,file system
1570100454.806,2154,743,None,Move,file system
1570100454.83,2153,743,None,Move,file system
1570100454.8379998,2152,741,None,Move,file system
1570100454.846,2151,739,None,Move,file system
1570100454.8520002,2149,735,None,Move,file system
1570100454.86,2148,729,None,Move,file system
1570100454.8679998,2147,729,None,Move,file system
1570100454.8760002,2145,726,None,Move,file system
1570100454.883,2144,725,None,Move,file system
1570100454.8920002,2142,724,None,Move,file system
1570100454.9,2140,723,None,Move,file system
1570100454.908,2138,722,None,Move,file system
1570100454.914,2134,720,None,Move,file system
1570100454.9220002,2129,719,None,Move,file system
1570100454.93,2122,717,None,Move,file system
1570100454.938,2113,714,None,Move,file system
1570100454.947,2104,710,None,Move,file system
1570100454.954,2095,703,None,Move,file system
1570100454.962,2085,694,None,Move,file system
1570100454.971,2068,679,None,Move,file system
1570100454.978,2039,654,None,Move,file system
1570100454.986,2011,631,None,Move,file system
1570100454.992,1979,610,None,Move,file system
1570100455.0170002,1949,588,None,Move,file system
1570100455.022,1893,547,None,Move,file system
1570100455.029,1866,524,None,Move,file system
1570100455.035,1840,502,None,Move,file system
1570100455.042,1814,476,None,Move,file system
1570100455.048,1794,451,None,Move,file system
1570100455.0579998,1755,404,None,Move,file system
1570100455.066,1734,376,None,Move,file system
1570100455.074,1713,348,None,Move,file system
1570100455.082,1695,321,None,Move,file system
1570100455.09,1676,296,None,Move,file system
1570100455.0979998,1657,273,None,Move,file system
1570100455.1079998,1639,255,None,Move,file system
1570100455.1139998,1621,237,None,Move,file system
1570100455.1220002,1606,225,None,Move,file system
1570100455.1279998,1592,215,None,Move,file system
1570100455.1360002,1581,207,None,Move,file system
1570100455.144,1569,200,None,Move,file system
1570100455.1520002,1558,195,None,Move,file system
1570100455.16,1549,192,None,Move,file system
1570100455.168,1540,188,None,Move,file system
1570100455.176,1532,185,None,Move,file system
1570100455.188,1520,180,None,Move,file system
1570100455.194,1512,177,None,Move,file system
1570100455.202,1505,174,None,Move,file system
1570100455.21,1498,170,None,Move,file system
1570100455.218,1492,169,None,Move,file system
1570100455.226,1486,166,None,Move,file system
1570100455.234,1481,164,None,Move,file system
1570100455.242,1474,162,None,Move,file system
1570100455.25,1465,160,None,Move,file system
1570100455.264,1442,154,None,Move,file system
1570100455.272,1434,152,None,Move,file system
1570100455.28,1427,151,None,Move,file system
1570100455.288,1422,150,None,Move,file system
1570100455.296,1418,149,None,Move,file system
1570100455.304,1417,148,None,Move,file system
1570100455.312,1415,147,None,Move,file system
1570100455.32,1414,146,None,Move,file system
1570100455.3279998,1413,145,None,Move,file system
1570100455.339,1411,144,None,Move,file system
1570100455.343,1410,142,None,Move,file system
1570100455.353,1408,141,None,Move,file system
1570100455.359,1405,139,None,Move,file system
1570100455.3660002,1400,136,None,Move,file system
1570100455.3739998,1395,133,None,Move,file system
1570100455.3820002,1386,128,None,Move,file system
1570100455.39,1376,124,None,Move,file system
1570100455.3979998,1368,118,None,Move,file system
1570100455.404,1358,115,None,Move,file system
1570100455.4120002,1350,113,None,Move,file system
1570100455.428,1341,111,None,Move,file system
1570100455.444,1330,107,None,Move,file system
1570100455.46,1326,104,None,Move,file system
1570100455.47,1325,104,None,Move,file system
1570100455.534,1325,104,None,Move,file system
1570100455.548,1324,104,None,Move,file system
1570100455.556,1323,105,None,Move,file system
1570100455.564,1321,107,None,Move,file system
1570100455.572,1320,108,None,Move,file system
1570100455.58,1318,110,None,Move,file system
1570100455.5879998,1317,111,None,Move,file system
1570100455.596,1316,112,None,Move,file system
1570100455.604,1314,114,None,Move,file system
1570100455.6120002,1313,115,None,Move,file system
1570100455.6179998,1311,117,None,Move,file system
1570100455.6279998,1311,117,None,Move,file system
1570100455.6339998,1311,118,None,Move,file system
1570100455.644,1311,118,None,Move,file system
1570100455.766,1311,119,None,Drag,file system
1570100455.776,1312,119,None,Drag,file system
1570100455.796,1314,120,None,Drag,file system
1570100455.803,1318,120,None,Drag,file system
1570100455.81,1318,121,None,Drag,file system
1570100455.82,1319,121,None,Drag,file system
1570100455.827,1319,122,None,Drag,file system
1570100455.833,1320,122,None,Drag,file system
1570100455.906,1321,122,None,Drag,file system
1570100455.914,1323,124,None,Drag,file system
1570100455.9220002,1325,124,None,Drag,file system
1570100455.93,1327,126,None,Drag,file system
1570100455.938,1328,127,None,Drag,file system
1570100455.946,1330,128,None,Drag,file system
1570100455.954,1332,129,None,Drag,file system
1570100455.962,1333,130,None,Drag,file system
1570100455.972,1335,132,None,Drag,file system
1570100455.978,1336,133,None,Drag,file system
1570100455.984,1337,134,None,Drag,file system
1570100455.992,1338,135,None,Drag,file system
1570100456.0,1339,135,None,Drag,file system
1570100456.07,1339,136,None,Drag,file system
1570100456.082,1341,136,None,Drag,file system
1570100456.09,1344,138,None,Drag,file system
1570100456.0979998,1347,139,None,Drag,file system
1570100456.106,1351,141,None,Drag,file system
1570100456.1139998,1355,143,None,Drag,file system
1570100456.12,1361,147,None,Drag,file system
1570100456.13,1367,151,None,Drag,file system
1570100456.1360002,1373,157,None,Drag,file system
1570100456.144,1380,163,None,Drag,file system
1570100456.1520002,1387,170,None,Drag,file system
1570100456.16,1393,176,None,Drag,file system
1570100456.168,1399,182,None,Drag,file system
1570100456.177,1407,189,None,Drag,file system
1570100456.184,1412,195,None,Drag,file system
1570100456.191,1417,201,None,Drag,file system
1570100456.198,1420,204,None,Drag,file system
1570100456.206,1421,207,None,Drag,file system
1570100456.214,1422,209,None,Drag,file system
1570100456.222,1423,210,None,Drag,file system
1570100456.231,1423,211,None,Drag,file system
1570100456.238,1423,212,None,Drag,file system
1570100456.246,1423,213,None,Drag,file system
1570100456.255,1423,214,None,Drag,file system
1570100456.2610002,1423,216,None,Drag,file system
1570100456.268,1423,217,None,Drag,file system
1570100456.278,1423,218,None,Drag,file system
1570100456.284,1423,220,None,Drag,file system
1570100456.292,1423,220,None,Drag,file system
1570100456.3,1423,221,None,Drag,file system
1570100456.396,1423,221,None,Drag,file system
1570100456.408,1423,221,None,Drag,file system
1570100456.416,1418,216,None,Drag,file system
1570100456.424,1412,210,None,Drag,file system
1570100456.4320002,1404,204,None,Drag,file system
1570100456.44,1396,197,None,Drag,file system
1570100456.449,1387,191,None,Drag,file system
1570100456.456,1378,184,None,Drag,file system
1570100456.464,1370,178,None,Drag,file system
1570100456.471,1361,174,None,Drag,file system
1570100456.478,1355,170,None,Drag,file system
1570100456.486,1349,166,None,Drag,file system
1570100456.496,1343,163,None,Drag,file system
1570100456.502,1340,161,None,Drag,file system
1570100456.51,1338,159,None,Drag,file system
1570100456.518,1336,158,None,Drag,file system
1570100456.526,1335,157,None,Drag,file system
1570100456.534,1333,155,None,Drag,file system
1570100456.541,1333,154,None,Drag,file system
1570100456.548,1332,152,None,Drag,file system
1570100456.556,1331,151,None,Drag,file system
1570100456.564,1331,150,None,Drag,file system
1570100456.574,1331,148,None,Drag,file system
1570100456.58,1331,147,None,Drag,file system
1570100456.5879998,1331,147,None,Drag,file system
1570100456.596,1331,146,None,Drag,file system
1570100456.6020002,1331,145,None,Drag,file system
1570100456.61,1331,144,None,Drag,file system
1570100456.6179998,1331,144,None,Drag,file system
1570100456.6260002,1330,143,None,Drag,file system
1570100456.6379998,1330,143,None,Drag,file system
1570100459.154,1330,143,None,Move,file system
1570100459.1620002,1330,145,None,Move,file system
1570100459.17,1330,146,None,Move,file system
1570100459.178,1330,147,None,Move,file system
1570100459.186,1330,149,None,Move,file system
1570100459.1920002,1331,152,None,Move,file system
1570100459.2,1331,157,None,Move,file system
1570100459.208,1331,163,None,Move,file system
1570100459.216,1331,166,None,Move,file system
1570100459.224,1331,166,None,Move,file system
1570100459.244,1330,167,None,Move,file system
1570100459.252,1330,167,None,Move,file system
1570100459.466,1330,168,None,Move,file system
1570100459.488,1330,168,None,Move,file system
1570100459.498,1330,167,None,Move,file system
1570100459.504,1330,164,None,Move,file system
1570100459.512,1332,163,None,Move,file system
1570100459.52,1333,161,None,Move,file system
1570100459.528,1335,160,None,Move,file system
1570100459.536,1336,158,None,Move,file system
1570100459.542,1337,158,None,Move,file system
1570100459.55,1338,156,None,Move,file system
1570100459.5579998,1339,156,None,Move,file system
1570100459.5679998,1339,156,None,Move,file system
1570100459.5779998,1340,155,None,Move,file system
1570100459.586,1340,155,None,Move,file system
1570100459.594,1340,154,None,Move,file system
1570100459.6020002,1341,153,None,Move,file system
1570100459.6079998,1342,152,None,Move,file system
1570100459.6160002,1342,150,None,Move,file system
1570100459.6239998,1343,149,None,Move,file system
1570100459.6320002,1344,147,None,Move,file system
1570100459.64,1344,146,None,Move,file system
1570100459.6479998,1346,145,None,Move,file system
1570100459.656,1347,142,None,Move,file system
1570100459.664,1349,141,None,Move,file system
1570100459.6720002,1350,140,None,Move,file system
1570100459.678,1352,137,None,Move,file system
1570100459.686,1354,136,None,Move,file system
1570100459.694,1354,135,None,Move,file system
1570100459.702,1356,135,None,Move,file system
1570100459.71,1356,133,None,Move,file system
1570100459.722,1357,133,None,Move,file system
1570100459.738,1357,133,None,Move,file system
1570100459.824,1357,132,None,Move,file system
1570100459.99,1358,132,None,Move,file system
1570100459.998,1359,132,None,Move,file system
1570100460.006,1361,131,None,Move,file system
1570100460.014,1361,131,None,Move,file system
1570100460.686,1362,130,None,Move,file system
1570100460.698,1362,130,None,Move,file system
1570100461.204,1362,130,None,Move,file system
1570100461.23,1364,131,None,Move,file system
1570100461.238,1364,132,None,Move,file system
1570100461.246,1365,132,None,Move,file system
1570100461.254,1365,133,None,Move,file system
1570100461.262,1367,134,None,Move,file system
1570100461.27,1367,134,None,Move,file system
1570100461.278,1368,135,None,Move,file system
1570100461.284,1370,137,None,Move,file system
1570100461.292,1371,138,None,Move,file system
1570100461.3,1373,140,None,Move,file system
1570100461.3079998,1374,141,None,Move,file system
1570100461.316,1376,143,None,Move,file system
1570100461.326,1377,144,None,Move,file system
1570100461.332,1378,145,None,Move,file system
1570100461.34,1380,147,None,Move,file system
1570100461.3479998,1381,148,None,Move,file system
1570100461.354,1383,149,None,Move,file system
1570100461.3620002,1384,150,None,Move,file system
1570100461.37,1385,152,None,Move,file system
1570100461.3779998,1387,153,None,Move,file system
1570100461.3860002,1388,155,None,Move,file system
1570100461.404,1390,156,None,Move,file system
1570100461.4120002,1390,157,None,Move,file system
1570100461.418,1391,157,None,Move,file system
1570100461.424,1391,158,None,Move,file system
1570100461.4320002,1392,158,None,Move,file system
1570100461.44,1392,159,None,Move,file system
1570100461.604,1392,159,None,Move,file system
1570100461.6120002,1391,158,None,Move,file system
1570100461.62,1389,156,None,Move,file system
1570100461.6279998,1388,155,None,Move,file system
1570100461.6339998,1386,153,None,Move,file system
1570100461.6420002,1385,152,None,Move,file system
1570100461.65,1383,151,None,Move,file system
1570100461.658,1382,149,None,Move,file system
1570100461.666,1381,148,None,Move,file system
1570100461.674,1379,146,None,Move,file system
1570100461.6820002,1378,144,None,Move,file system
1570100461.69,1376,143,None,Move,file system
1570100461.696,1374,141,None,Move,file system
1570100461.704,1373,140,None,Move,file system
1570100461.712,1371,138,None,Move,file system
1570100461.72,1370,137,None,Move,file system
1570100461.728,1368,135,None,Move,file system
1570100461.736,1367,135,None,Move,file system
1570100461.744,1366,134,None,Move,file system
1570100461.752,1364,134,None,Move,file system
1570100461.76,1363,134,None,Move,file system
1570100461.766,1362,134,None,Move,file system
1570100461.7770002,1360,134,None,Move,file system
1570100461.785,1359,134,None,Move,file system
1570100461.791,1358,134,None,Move,file system
1570100461.798,1357,134,None,Move,file system
1570100461.8179998,1355,134,None,Move,file system
1570100461.856,1348,136,None,Move,file system
1570100461.8639998,1344,138,None,Move,file system
1570100461.8720002,1344,138,None,Move,file system
1570100461.88,1344,139,None,Move,file system
1570100461.8879998,1343,140,None,Move,file system
1570100461.896,1343,141,None,Move,file system
1570100461.906,1343,141,Left,Pressed,file system
1570100461.906,1343,141,None,Drag,file system
1570100461.9120002,1343,142,None,Drag,file system
1570100461.918,1343,144,None,Drag,file system
1570100461.93,1342,146,None,Drag,file system
1570100461.938,1342,147,None,Drag,file system
1570100461.956,1342,149,None,Drag,file system
1570100461.962,1345,157,None,Drag,file system
1570100461.97,1347,163,None,Drag,file system
1570100461.978,1350,168,None,Drag,file system
1570100461.9870002,1352,173,None,Drag,file system
1570100461.995,1356,179,None,Drag,file system
1570100462.002,1361,185,None,Drag,file system
1570100462.0089998,1367,193,None,Drag,file system
1570100462.016,1372,199,None,Drag,file system
1570100462.062,1402,242,None,Drag,file system
1570100462.069,1408,257,None,Drag,file system
1570100462.075,1411,261,None,Drag,file system
1570100462.083,1412,265,None,Drag,file system
1570100462.09,1414,269,None,Drag,file system
1570100462.097,1416,272,None,Drag,file system
1570100462.106,1417,275,None,Drag,file system
1570100462.115,1419,277,None,Drag,file system
1570100462.1220002,1420,278,None,Drag,file system
1570100462.13,1422,280,None,Drag,file system
1570100462.1379998,1422,281,None,Drag,file system
1570100462.144,1423,282,None,Drag,file system
1570100462.144,1423,282,Left,Released,file system
1570100462.414,1423,282,None,Move,file system
1570100462.426,1425,281,None,Move,file system
1570100462.46,1425,278,None,Move,file system
1570100462.468,1418,284,None,Move,file system
1570100462.476,1413,288,None,Move,file system
1570100462.485,1409,290,None,Move,file system
1570100462.49,1406,292,None,Move,file system
1570100462.498,1405,293,None,Move,file system
1570100462.506,1403,295,None,Move,file system
1570100462.584,1403,295,None,Move,file system
1570100462.592,1403,294,None,Move,file system
1570100462.6,1401,292,None,Move,file system
1570100462.6079998,1400,290,None,Move,file system
1570100462.6160002,1398,286,None,Move,file system
1570100462.6239998,1397,284,None,Move,file system
1570100462.6420002,1395,283,None,Move,file system
1570100462.6520002,1393,280,None,Move,file system
1570100462.658,1392,278,None,Move,file system
1570100462.666,1392,278,None,Move,file system
1570100462.675,1392,276,None,Move,file system
1570100462.6820002,1392,275,None,Move,file system
1570100462.69,1392,274,None,Move,file system
1570100462.696,1392,274,None,Move,file system
1570100462.704,1392,273,None,Move,file system
1570100462.712,1393,271,None,Move,file system
1570100462.72,1393,270,None,Move,file system
1570100462.73,1394,269,None,Move,file system
1570100462.736,1395,267,None,Move,file system
1570100462.744,1395,266,None,Move,file system
1570100462.752,1397,264,None,Move,file system
1570100462.76,1398,264,None,Move,file system
1570100462.766,1398,263,None,Move,file system
1570100462.775,1399,262,None,Move,file system
1570100462.783,1401,261,None,Move,file system
1570100462.856,1401,261,None,Move,file system
1570100462.8639998,1403,261,None,Move,file system
1570100462.8760002,1404,261,None,Move,file system
1570100462.93,1404,261,None,Move,file system
1570100462.938,1405,260,None,Move,file system
1570100462.946,1406,259,None,Move,file system
1570100462.954,1406,257,None,Move,file system
1570100462.962,1406,256,None,Move,file system
1570100462.968,1407,255,None,Move,file system
1570100462.976,1407,253,None,Move,file system
1570100462.984,1407,252,None,Move,file system
1570100462.992,1407,251,None,Move,file system
1570100463.0,1407,250,None,Move,file system
1570100463.008,1407,248,None,Move,file system
1570100463.016,1406,247,None,Move,file system
1570100463.024,1405,245,None,Move,file system
1570100463.038,1404,244,None,Move,file system
1570100463.056,1401,240,None,Move,file system
1570100463.0679998,1400,238,Left,Pressed,file system
1570100463.0679998,1400,238,None,Drag,file system
1570100463.074,1398,236,None,Drag,file system
1570100463.082,1397,235,None,Drag,file system
1570100463.09,1396,232,None,Drag,file system
1570100463.099,1394,229,None,Drag,file system
1570100463.105,1393,225,None,Drag,file system
1570100463.1120002,1391,221,None,Drag,file system
1570100463.12,1389,216,None,Drag,file system
1570100463.129,1387,210,None,Drag,file system
1570100463.137,1385,204,None,Drag,file system
1570100463.145,1383,200,None,Drag,file system
1570100463.1520002,1381,195,None,Drag,file system
1570100463.16,1379,190,None,Drag,file system
1570100463.168,1376,184,None,Drag,file system
1570100463.176,1373,179,None,Drag,file system
1570100463.1820002,1371,174,None,Drag,file system
1570100463.19,1369,171,None,Drag,file system
1570100463.198,1367,169,None,Drag,file system
1570100463.206,1366,166,None,Drag,file system
1570100463.214,1364,165,None,Drag,file system
1570100463.222,1363,164,None,Drag,file system
1570100463.231,1362,162,None,Drag,file system
1570100463.238,1362,162,None,Drag,file system
1570100463.252,1361,161,None,Drag,file system
1570100463.26,1361,161,None,Drag,file system
1570100463.3879998,1361,160,None,Drag,file system
1570100463.3879998,1361,160,Left,Released,file system
1570100463.404,1361,159,None,Move,file system
1570100463.4120002,1361,159,None,Move,file system
1570100463.427,1361,158,None,Move,file system
1570100463.437,1361,158,None,Move,file system
1570100463.688,1361,157,None,Move,file system
1570100463.696,1361,156,None,Move,file system
1570100463.704,1362,155,None,Move,file system
1570100463.712,1362,153,None,Move,file system
1570100463.72,1362,152,None,Move,file system
1570100463.726,1362,151,None,Move,file system
1570100463.734,1362,150,None,Move,file system
1570100463.742,1362,149,None,Move,file system
1570100463.75,1362,149,None,Move,file system
1570100463.758,1362,148,None,Move,file system
1570100463.768,1362,148,None,Move,file system
1570100463.774,1362,147,None,Move,file system
1570100463.782,1362,147,None,Move,file system
1570100463.79,1362,146,None,Move,file system
1570100463.796,1362,145,None,Move,file system
1570100463.804,1362,145,None,Move,file system
1570100463.812,1363,144,None,Move,file system
1570100463.82,1363,144,None,Move,file system
1570100463.8279998,1364,143,None,Move,file system
1570100463.836,1364,143,None,Move,file system
1570100463.844,1365,142,None,Move,file system
1570100463.8520002,1366,141,None,Move,file system
1570100463.896,1375,134,None,Move,file system
1570100463.9020002,1378,133,None,Move,file system
1570100463.91,1378,133,None,Move,file system
1570100463.9220002,1379,133,None,Move,file system
1570100463.93,1380,133,None,Move,file system
1570100463.936,1381,132,None,Move,file system
1570100463.946,1382,131,None,Move,file system
1570100463.952,1382,131,None,Move,file system
1570100463.96,1383,131,None,Move,file system
1570100463.968,1383,131,None,Move,file system
1570100464.081,1384,130,None,Move,file system
1570100464.092,1384,130,None,Move,file system
1570100464.1,1385,129,None,Move,file system
1570100464.1079998,1385,129,None,Move,file system
1570100464.1160002,1386,128,None,Move,file system
1570100464.1239998,1386,128,None,Move,file system
1570100464.286,1386,128,None,Move,file system
1570100464.32,1407,136,None,Move,file system
1570100464.326,1431,150,None,Move,file system
1570100464.334,1439,156,None,Move,file system
1570100464.342,1446,163,None,Move,file system
1570100464.3520002,1457,175,None,Move,file system
1570100464.3679998,1482,195,None,Move,file system
1570100464.396,1511,224,None,Move,file system
1570100464.404,1571,266,None,Move,file system
1570100464.41,1595,281,None,Move,file system
1570100464.418,1625,291,None,Move,file system
1570100464.426,1658,301,None,Move,file system
1570100464.434,1688,313,None,Move,file system
1570100464.4420002,1720,331,None,Move,file system
1570100464.45,1752,347,None,Move,file system
1570100464.458,1781,366,None,Move,file system
1570100464.478,1803,378,None,Move,file system
1570100464.516,1918,454,None,Move,file system
1570100464.524,1975,496,None,Move,file system
1570100464.532,1984,502,None,Move,file system
1570100464.54,1992,509,None,Move,file system
1570100464.5470002,1997,515,None,Move,file system
1570100464.554,2001,519,None,Move,file system
1570100464.566,2005,524,None,Move,file system
1570100464.575,2007,527,None,Move,file system
1570100464.585,2009,531,None,Move,file system
1570100464.59,2010,534,None,Move,file system
1570100464.596,2011,536,None,Move,file system
1570100464.6079998,2012,537,None,Move,file system
1570100464.613,2013,539,None,Move,file system
1570100464.623,2014,540,None,Move,file system
1570100464.6279998,2014,540,None,Move,file system
1570100464.635,2014,541,None,Move,file system
1570100464.722,2016,541,None,Move,file system
1570100464.73,2017,539,None,Move,file system
1570100464.738,2019,536,None,Move,file system
1570100464.746,2020,533,None,Move,file system
1570100464.756,2020,531,None,Move,file system
1570100464.7610002,2020,530,None,Move,file system
1570100464.974,2021,530,None,Move,file system
1570100464.982,2022,532,None,Move,file system
1570100464.99,2025,535,None,Move,file system
1570100464.998,2026,538,None,Move,file system
1570100465.006,2028,543,None,Move,file system
1570100465.014,2030,546,None,Move,file system
1570100465.022,2031,548,None,Move,file system
1570100465.031,2033,551,None,Move,file system
1570100465.036,2033,553,None,Move,file system
1570100465.044,2034,555,None,Move,file system
1570100465.052,2035,557,None,Move,file system
1570100465.06,2036,559,None,Move,file system
1570100465.0679998,2036,560,None,Move,file system
1570100465.076,2036,562,None,Move,file system
1570100465.0879998,2036,565,None,Move,file system
1570100465.096,2036,567,None,Move,file system
1570100465.1020002,2036,569,None,Move,file system
1570100465.11,2036,571,None,Move,file system
1570100465.1179998,2036,573,None,Move,file system
1570100465.1260002,2036,576,None,Move,file system
1570100465.1339998,2036,579,None,Move,file system
1570100465.1420002,2036,583,None,Move,file system
1570100465.15,2036,587,None,Move,file system
1570100465.158,2035,592,None,Move,file system
1570100465.166,2034,594,None,Move,file system
1570100465.1720002,2034,597,None,Move,file system
1570100465.181,2034,599,None,Move,file system
1570100465.188,2033,600,None,Move,file system
1570100465.196,2033,602,None,Move,file system
1570100465.204,2033,603,None,Move,file system
1570100465.212,2032,604,None,Move,file system
1570100465.22,2032,605,None,Move,file system
1570100465.228,2031,606,None,Move,file system
1570100465.236,2031,606,None,Move,file system
1570100465.242,2030,606,None,Move,file system
1570100465.25,2029,606,None,Move,file system
1570100465.258,2029,606,None,Move,file system
1570100465.27,2028,606,None,Move,file system
1570100465.278,2027,606,None,Move,file system
1570100465.286,2027,606,None,Move,file system
1570100465.294,2026,607,None,Move,file system
1570100465.302,2026,607,None,Move,file system
1570100465.31,2024,607,None,Move,file system
1570100465.316,2024,607,None,Move,file system
1570100465.326,2023,609,None,Move,file system
1570100465.332,2023,609,None,Move,file system
1570100465.34,2023,610,None,Move,file system
1570100465.3479998,2023,611,None,Move,file system
1570100465.356,2023,612,None,Move,file system
1570100465.3679998,2023,612,None,Move,file system
1570100465.488,2023,613,None,Move,file system
1570100465.5,2023,613,None,Move,file system
1570100465.508,2024,614,None,Move,file system
1570100465.516,2025,616,None,Move,file system
1570100465.522,2027,617,None,Move,file system
1570100465.53,2028,617,None,Move,file system
1570100465.54,2030,619,None,Move,file system
1570100465.5470002,2031,619,None,Move,file system
1570100465.559,2032,620,None,Move,file system
1570100465.572,2033,620,None,Move,file system
1570100466.353,2034,620,None,Move,file system
1570100466.3660002,2034,620,None,Move,file system
1570100466.373,2037,620,None,Move,file system
1570100466.3820002,2038,620,None,Move,file system
1570100466.39,2040,621,None,Move,file system
1570100466.397,2041,621,None,Move,file system
1570100466.406,2044,621,None,Move,file system
1570100466.415,2046,621,None,Move,file system
1570100466.42,2047,621,None,Move,file system
1570100466.43,2048,621,None,Move,file system
1570100466.438,2049,621,None,Move,file system
1570100466.444,2050,621,None,Move,file system
1570100466.494,2051,621,None,Move,file system
1570100466.522,2051,621,None,Move,file system
1570100466.53,2053,621,None,Move,file system
1570100466.538,2054,621,None,Move,file system
1570100466.546,2055,621,None,Move,file system
1570100466.554,2056,621,None,Move,file system
1570100466.564,2057,621,None,Move,file system
1570100466.57,2058,621,None,Move,file system
1570100466.577,2060,620,None,Move,file system
1570100466.584,2060,620,None,Move,file system
1570100466.592,2061,620,None,Move,file system
1570100466.6,2062,620,None,Move,file system
1570100466.6079998,2063,620,None,Move,file system
1570100466.6179998,2063,620,None,Move,file system
1570100466.6279998,2064,620,None,Move,file system
1570100466.635,2065,620,None,Move,file system
1570100466.646,2066,620,None,Move,file system
1570100466.654,2066,620,None,Move,file system
1570100466.6620002,2067,620,None,Move,file system
1570100466.67,2067,620,None,Move,file system
1570100466.678,2068,620,None,Move,file system
1570100466.686,2070,619,None,Move,file system
1570100466.694,2071,619,None,Move,file system
1570100466.7,2072,619,None,Move,file system
1570100466.708,2074,619,None,Move,file system
1570100466.716,2075,619,None,Move,file system
1570100466.724,2076,619,None,Move,file system
1570100466.732,2077,619,None,Move,file system
1570100466.74,2079,619,None,Move,file system
1570100466.748,2080,619,None,Move,file system
1570100466.756,2081,619,None,Move,file system
1570100466.764,2082,619,None,Move,file system
1570100466.77,2083,619,None,Move,file system
1570100466.778,2084,619,None,Move,file system
1570100466.788,2086,619,None,Move,file system
1570100466.794,2087,619,None,Move,file system
1570100466.802,2088,619,None,Move,file system
1570100466.81,2089,619,None,Move,file system
1570100466.8179998,2089,619,None,Move,file system
1570100467.272,2089,619,None,Move,file system
1570100467.28,2089,619,None,Move,file system
1570100467.288,2087,619,None,Move,file system
1570100467.296,2086,619,None,Move,file system
1570100467.306,2085,619,None,Move,file system
1570100467.313,2083,619,None,Move,file system
1570100467.32,2082,619,None,Move,file system
1570100467.326,2081,619,None,Move,file system
1570100467.334,2080,619,None,Move,file system
1570100467.3479998,2078,619,None,Move,file system
1570100467.354,2078,619,None,Move,file system
1570100467.3639998,2077,619,None,Move,file system
1570100467.3760002,2077,619,None,Move,file system
1570100467.802,2077,619,None,Move,file system
1570100467.812,2077,619,None,Move,file system
1570100467.82,2078,619,None,Move,file system
1570100467.832,2079,619,None,Move,file system
1570100467.839,2081,619,None,Move,file system
1570100467.846,2083,619,None,Move,file system
1570100467.8520002,2084,620,None,Move,file system
1570100467.86,2085,621,None,Move,file system
1570100467.8679998,2087,622,None,Move,file system
1570100467.8760002,2088,623,None,Move,file system
1570100467.8860002,2090,624,None,Move,file system
1570100467.8920002,2092,625,None,Move,file system
1570100467.901,2094,627,None,Move,file system
1570100467.908,2096,628,None,Move,file system
1570100467.914,2099,630,None,Move,file system
1570100467.929,2102,631,None,Move,file system
1570100467.935,2103,633,None,Move,file system
1570100467.9420002,2105,633,None,Move,file system
1570100467.95,2106,634,None,Move,file system
1570100467.96,2107,634,None,Move,file system
1570100467.968,2107,635,None,Move,file system
1570100467.976,2108,635,None,Move,file system
1570100468.062,2109,635,None,Move,file system
1570100468.07,2110,635,None,Move,file system
1570100468.0779998,2111,635,None,Move,file system
1570100468.086,2113,635,None,Move,file system
1570100468.092,2114,635,None,Move,file system
1570100468.1,2115,635,None,Move,file system
1570100468.1079998,2117,635,None,Move,file system
1570100468.1160002,2118,635,None,Move,file system
1570100468.1239998,2119,635,None,Move,file system
1570100468.1320002,2120,635,None,Move,file system
1570100468.14,2122,635,None,Move,file system
1570100468.1479998,2123,635,None,Move,file system
1570100468.156,2124,635,None,Move,file system
1570100468.164,2124,636,None,Move,file system
1570100468.1720002,2125,636,None,Move,file system
1570100468.178,2127,636,None,Move,file system
1570100468.186,2128,636,None,Move,file system
1570100468.194,2129,636,None,Move,file system
1570100468.202,2131,636,None,Move,file system
1570100468.21,2132,637,None,Move,file system
1570100468.218,2134,638,None,Move,file system
1570100468.226,2136,639,None,Move,file system
1570100468.234,2137,639,None,Move,file system
1570100468.24,2138,640,None,Move,file system
1570100468.248,2140,641,None,Move,file system
1570100468.256,2142,641,None,Move,file system
1570100468.264,2144,642,None,Move,file system
1570100468.272,2145,642,None,Move,file system
1570100468.28,2147,643,None,Move,file system
1570100468.288,2148,643,None,Move,file system
1570100468.296,2149,643,None,Move,file system
1570100468.302,2151,643,None,Move,file system
1570100468.31,2152,643,None,Move,file system
1570100468.3179998,2153,644,None,Move,file system
1570100468.326,2155,644,None,Move,file system
1570100468.333,2156,644,None,Move,file system
1570100468.343,2157,644,None,Move,file system
1570100468.351,2158,645,None,Move,file system
1570100468.357,2159,645,None,Move,file system
1570100468.369,2160,645,None,Move,file system
1570100468.373,2160,645,None,Move,file system
1570100468.381,2161,645,None,Move,file system
1570100468.4120002,2161,645,None,Move,file system
1570100468.42,2162,645,None,Move,file system
1570100468.4320002,2162,645,None,Move,file system
1570100468.494,2163,645,None,Move,file system
1570100468.504,2165,645,None,Move,file system
1570100468.512,2166,644,None,Move,file system
1570100468.52,2168,643,None,Move,file system
1570100468.53,2169,643,None,Move,file system
1570100468.536,2170,642,None,Move,file system
1570100468.559,2171,641,None,Move,file system
1570100468.566,2174,640,None,Move,file system
1570100468.571,2175,638,None,Move,file system
1570100468.579,2176,637,None,Move,file system
1570100468.585,2178,636,None,Move,file system
1570100468.591,2179,635,None,Move,file system
1570100468.5979998,2181,633,None,Move,file system
1570100468.606,2182,633,None,Move,file system
1570100468.6179998,2183,633,None,Move,file system
1570100468.684,2183,632,None,Move,file system
1570100468.708,2183,632,None,Move,file system
1570100468.714,2182,631,None,Move,file system
1570100468.722,2180,630,None,Move,file system
1570100468.73,2179,628,None,Move,file system
1570100468.738,2178,628,None,Move,file system
1570100468.746,2177,627,None,Move,file system
1570100468.754,2176,626,None,Move,file system
1570100468.762,2176,626,None,Move,file system
1570100468.77,2175,626,None,Move,file system
1570100468.778,2174,625,None,Move,file system
1570100468.784,2174,625,None,Move,file system
1570100468.792,2173,625,None,Move,file system
1570100468.914,2172,625,None,Move,file system
1570100468.9320002,2172,625,None,Move,file system
1570100468.94,2171,625,None,Move,file system
1570100468.948,2170,625,None,Move,file system
1570100468.956,2169,624,None,Move,file system
1570100468.966,2168,624,None,Move,file system
1570100468.972,2167,624,None,Move,file system
1570100468.98,2166,624,None,Move,file system
1570100468.988,2166,624,None,Move,file system
1570100468.994,2165,624,None,Move,file system
1570100469.002,2165,624,None,Move,file system
1570100469.195,2165,624,Left,Pressed,file system
1570100469.341,2165,624,Left,Released,file system
1570100470.065,2165,624,None,Move,file system
1570100470.073,2165,625,None,Move,file system
1570100470.081,2165,626,None,Move,file system
1570100470.089,2165,627,None,Move,file system
1570100470.096,2165,629,None,Move,file system
1570100470.104,2165,630,None,Move,file system
1570100470.1120002,2165,631,None,Move,file system
1570100470.12,2165,633,None,Move,file system
1570100470.131,2165,634,None,Move,file system
1570100470.139,2166,636,None,Move,file system
1570100470.147,2166,637,None,Move,file system
1570100470.154,2166,638,None,Move,file system
1570100470.163,2166,639,None,Move,file system
1570100470.17,2167,640,None,Move,file system
1570100470.179,2167,640,None,Move,file system
1570100470.195,2168,641,None,Move,file system
1570100470.212,2168,641,None,Move,file system
1570100470.225,2168,641,None,Move,file system
1570100470.232,2169,641,None,Move,file system
1570100470.24,2169,642,None,Move,file system
1570100470.248,2170,643,None,Move,file system
1570100470.256,2170,643,None,Move,file system
1570100470.264,2172,644,None,Move,file system
1570100470.271,2173,644,None,Move,file system
1570100470.279,2174,646,None,Move,file system
1570100470.2870002,2176,647,None,Move,file system
1570100470.294,2176,647,None,Move,file system
1570100470.303,2178,648,None,Move,file system
1570100470.31,2179,650,None,Move,file system
1570100470.3179998,2180,651,None,Move,file system
1570100470.326,2182,653,None,Move,file system
1570100470.332,2183,654,None,Move,file system
1570100470.341,2185,655,None,Move,file system
1570100470.3479998,2186,657,None,Move,file system
1570100470.356,2188,658,None,Move,file system
1570100470.365,2189,660,None,Move,file system
1570100470.3720002,2191,661,None,Move,file system
1570100470.38,2193,662,None,Move,file system
1570100470.3879998,2194,663,None,Move,file system
1570100470.396,2195,665,None,Move,file system
1570100470.4020002,2197,666,None,Move,file system
1570100470.4120002,2199,667,None,Move,file system
1570100470.419,2201,668,None,Move,file system
1570100470.428,2204,669,None,Move,file system
1570100470.436,2205,670,None,Move,file system
1570100470.445,2207,670,None,Move,file system
1570100470.45,2208,670,None,Move,file system
1570100470.458,2210,670,None,Move,file system
1570100470.467,2213,670,None,Move,file system
1570100470.472,2214,670,None,Move,file system
1570100470.48,2215,670,None,Move,file system
1570100470.488,2216,670,None,Move,file system
1570100470.6820002,2216,670,Left,Pressed,file system
1570100470.6820002,2216,670,None,Drag,file system
1570100470.6820002,2216,670,Left,Released,file system
1570100470.706,2216,670,None,Move,file system
1570100470.714,2216,668,None,Move,file system
1570100470.722,2215,667,None,Move,file system
1570100470.734,2215,665,None,Move,file system
1570100470.742,2213,662,None,Move,file system
1570100470.75,2212,659,None,Move,file system
1570100470.756,2212,657,None,Move,file system
1570100470.764,2210,655,None,Move,file system
1570100470.772,2209,654,None,Move,file system
1570100470.78,2209,651,None,Move,file system
1570100470.788,2208,650,None,Move,file system
1570100470.796,2207,648,None,Move,file system
1570100470.804,2206,647,None,Move,file system
1570100470.812,2205,645,None,Move,file system
1570100470.8170002,2204,644,None,Move,file system
1570100470.829,2203,642,None,Move,file system
1570100470.851,2202,641,None,Move,file system
1570100470.857,2201,639,None,Move,file system
1570100470.861,2201,638,None,Move,file system
1570100470.867,2200,637,None,Move,file system
1570100470.875,2200,636,None,Move,file system
1570100470.883,2200,635,None,Move,file system
1570100470.89,2200,634,None,Move,file system
1570100470.897,2200,634,None,Move,file system
1570100470.904,2200,633,None,Move,file system
1570100470.917,2200,632,None,Move,file system
1570100470.925,2200,631,None,Move,file system
1570100470.9329998,2200,630,None,Move,file system
1570100470.94,2200,629,None,Move,file system
1570100470.949,2200,628,None,Move,file system
1570100470.956,2200,628,None,Move,file system
1570100470.962,2200,627,None,Move,file system
1570100470.97,2200,626,None,Move,file system
1570100470.979,2200,626,None,Move,file system
1570100471.089,2200,626,Left,Pressed,file system
1570100471.2,2200,626,Left,Released,file system
1570100471.702,2201,626,None,Move,file system
1570100471.71,2202,626,None,Move,file system
1570100471.718,2203,628,None,Move,file system
1570100471.724,2206,629,None,Move,file system
1570100471.732,2207,630,None,Move,file system
1570100471.74,2208,632,None,Move,file system
1570100471.748,2210,633,None,Move,file system
1570100471.756,2211,635,None,Move,file system
1570100471.764,2213,636,None,Move,file system
1570100471.772,2214,638,None,Move,file system
1570100471.781,2217,641,None,Move,file system
1570100471.788,2220,644,None,Move,file system
1570100471.796,2226,650,None,Move,file system
1570100471.802,2233,657,None,Move,file system
1570100471.811,2241,664,None,Move,file system
1570100471.819,2253,671,None,Move,file system
1570100471.826,2271,680,None,Move,file system
1570100471.834,2294,689,None,Move,file system
1570100471.842,2316,698,None,Move,file system
1570100471.851,2340,709,None,Move,file system
1570100471.859,2357,716,None,Move,file system
1570100471.8660002,2370,719,None,Move,file system
1570100471.8720002,2384,722,None,Move,file system
1570100471.88,2393,722,None,Move,file system
1570100471.8879998,2400,723,None,Move,file system
1570100471.897,2407,724,None,Move,file system
1570100471.904,2413,725,None,Move,file system
1570100471.913,2414,726,None,Move,file system
1570100471.921,2415,726,None,Move,file system
1570100472.012,2415,726,Left,Pressed,file system
1570100472.139,2415,726,Left,Released,file system
1570100472.169,2415,726,None,Move,file system
1570100472.177,2413,724,None,Move,file system
1570100472.184,2412,723,None,Move,file system
1570100472.1920002,2411,722,None,Move,file system
1570100472.2,2408,720,None,Move,file system
1570100472.208,2406,719,None,Move,file system
1570100472.216,2402,717,None,Move,file system
1570100472.222,2396,715,None,Move,file system
1570100472.23,2390,712,None,Move,file system
1570100472.238,2383,709,None,Move,file system
1570100472.2470002,2375,706,None,Move,file system
1570100472.254,2367,701,None,Move,file system
1570100472.262,2359,696,None,Move,file system
1570100472.271,2350,691,None,Move,file system
1570100472.279,2342,688,None,Move,file system
1570100472.284,2334,686,None,Move,file system
1570100472.292,2324,684,None,Move,file system
1570100472.301,2314,681,None,Move,file system
1570100472.309,2306,679,None,Move,file system
1570100472.3170002,2298,678,None,Move,file system
1570100472.325,2290,676,None,Move,file system
1570100472.332,2281,674,None,Move,file system
1570100472.341,2274,672,None,Move,file system
1570100472.347,2267,670,None,Move,file system
1570100472.354,2262,668,None,Move,file system
1570100472.3620002,2257,667,None,Move,file system
1570100472.37,2255,666,None,Move,file system
1570100472.3779998,2253,665,None,Move,file system
1570100472.3860002,2251,665,None,Move,file system
1570100472.394,2250,664,None,Move,file system
1570100472.403,2250,663,None,Move,file system
1570100472.411,2249,663,None,Move,file system
1570100472.419,2248,663,None,Move,file system
1570100472.51,2248,662,None,Move,file system
1570100472.52,2247,662,None,Move,file system
1570100472.53,2247,660,None,Move,file system
1570100472.539,2247,659,None,Move,file system
1570100472.546,2247,658,None,Move,file system
1570100472.5579998,2247,656,None,Move,file system
1570100472.5679998,2248,653,None,Move,file system
1570100472.574,2248,652,None,Move,file system
1570100472.58,2248,650,None,Move,file system
1570100472.5879998,2249,649,None,Move,file system
1570100472.596,2250,647,None,Move,file system
1570100472.603,2250,645,None,Move,file system
1570100472.613,2251,644,None,Move,file system
1570100472.62,2251,643,None,Move,file system
1570100472.629,2251,641,None,Move,file system
1570100472.633,2251,640,None,Move,file system
1570100472.657,2251,639,None,Move,file system
1570100472.6620002,2251,636,None,Move,file system
1570100472.667,2252,635,None,Move,file system
1570100472.675,2252,634,None,Move,file system
1570100472.6820002,2252,633,None,Move,file system
1570100472.69,2252,632,None,Move,file system
1570100472.698,2253,630,None,Move,file system
1570100472.704,2253,629,None,Move,file system
1570100472.712,2254,628,None,Move,file system
1570100472.72,2254,627,None,Move,file system
1570100472.728,2254,627,None,Move,file system
1570100472.778,2254,627,Left,Pressed,file system
1570100472.901,2254,627,Left,Released,file system
1570100473.4989998,2254,627,None,Move,file system
1570100473.506,2256,628,None,Move,file system
1570100473.519,2257,629,None,Move,file system
1570100473.5270002,2259,630,None,Move,file system
1570100473.535,2262,631,None,Move,file system
1570100473.54,2264,633,None,Move,file system
1570100473.548,2265,633,None,Move,file system
1570100473.556,2267,634,None,Move,file system
1570100473.564,2269,635,None,Move,file system
1570100473.572,2271,636,None,Move,file system
1570100473.58,2272,638,None,Move,file system
1570100473.5879998,2275,639,None,Move,file system
1570100473.596,2278,641,None,Move,file system
1570100473.605,2282,643,None,Move,file system
1570100473.6120002,2288,644,None,Move,file system
1570100473.619,2295,648,None,Move,file system
1570100473.627,2304,652,None,Move,file system
1570100473.635,2316,657,None,Move,file system
1570100473.6420002,2331,666,None,Move,file system
1570100473.65,2349,674,None,Move,file system
1570100473.658,2368,680,None,Move,file system
1570100473.666,2384,685,None,Move,file system
1570100473.674,2398,688,None,Move,file system
1570100473.68,2411,690,None,Move,file system
1570100473.689,2424,693,None,Move,file system
1570100473.696,2433,695,None,Move,file system
1570100473.704,2441,697,None,Move,file system
1570100473.7129998,2447,699,None,Move,file system
1570100473.72,2453,701,None,Move,file system
1570100473.728,2456,702,None,Move,file system
1570100473.736,2458,704,None,Move,file system
1570100473.744,2458,704,None,Move,file system
1570100473.81,2459,704,None,Move,file system
1570100473.86,2459,704,None,Move,file system
1570100473.877,2459,704,None,Move,file system
1570100474.038,2458,704,None,Move,file system
1570100474.05,2457,704,None,Move,file system
1570100474.0579998,2456,704,None,Move,file system
1570100474.066,2455,702,None,Move,file system
1570100474.079,2454,702,None,Move,file system
1570100474.086,2453,702,None,Move,file system
1570100474.094,2452,701,None,Move,file system
1570100474.164,2452,701,None,Move,file system
1570100474.176,2451,701,None,Move,file system
1570100474.1820002,2451,701,None,Move,file system
1570100474.191,2450,702,None,Move,file system
1570100474.199,2449,704,None,Move,file system
1570100474.207,2448,705,None,Move,file system
1570100474.215,2447,706,None,Move,file system
1570100474.222,2447,707,None,Move,file system
1570100474.23,2446,708,None,Move,file system
1570100474.2370002,2446,708,None,Move,file system
1570100474.2510002,2446,709,None,Move,file system
1570100475.833,2446,709,None,Move,file system
1570100475.841,2447,708,None,Move,file system
1570100475.846,2448,707,None,Move,file system
1570100475.854,2448,707,None,Move,file system
1570100475.8620002,2449,707,None,Move,file system
1570100475.87,2449,706,None,Move,file system
1570100475.88,2450,706,None,Move,file system
1570100476.015,2450,706,None,Move,file system
1570100476.419,2450,706,Left,Pressed,file system
1570100476.595,2450,706,Left,Released,file system
1570100476.738,2450,706,None,Move,file system
1570100476.75,2449,706,None,Move,file system
1570100476.756,2448,706,None,Move,file system
1570100476.77,2445,706,None,Move,file system
1570100476.778,2440,706,None,Move,file system
1570100476.784,2438,706,None,Move,file system
1570100476.792,2435,706,None,Move,file system
1570100476.8,2432,706,None,Move,file system
1570100476.809,2430,706,None,Move,file system
1570100476.8170002,2425,705,None,Move,file system
1570100476.823,2422,705,None,Move,file system
1570100476.83,2417,705,None,Move,file system
1570100476.839,2414,704,None,Move,file system
1570100476.846,2411,704,None,Move,file system
1570100476.854,2409,704,None,Move,file system
1570100476.8639998,2406,704,None,Move,file system
1570100476.87,2404,704,None,Move,file system
1570100476.8779998,2402,704,None,Move,file system
1570100476.8860002,2401,704,None,Move,file system
1570100476.8920002,2399,704,None,Move,file system
1570100476.903,2398,704,None,Move,file system
1570100476.911,2398,704,None,Move,file system
1570100476.919,2397,704,None,Move,file system
1570100477.805,2396,703,None,Move,file system
1570100477.81,2395,702,None,Move,file system
1570100477.819,2395,702,None,Move,file system
1570100477.826,2393,700,None,Move,file system
1570100477.837,2392,699,None,Move,file system
1570100477.842,2391,698,None,Move,file system
1570100477.851,2390,696,None,Move,file system
1570100477.859,2389,695,None,Move,file system
1570100477.87,2388,693,None,Move,file system
1570100477.8760002,2387,692,None,Move,file system
1570100477.885,2386,691,None,Move,file system
1570100477.893,2386,689,None,Move,file system
1570100477.9,2384,688,None,Move,file system
1570100477.909,2383,686,None,Move,file system
1570100477.915,2383,685,None,Move,file system
1570100477.925,2381,684,None,Move,file system
1570100477.9320002,2381,682,None,Move,file system
1570100477.938,2379,681,None,Move,file system
1570100477.947,2379,680,None,Move,file system
1570100477.954,2378,680,None,Move,file system
1570100477.962,2377,678,None,Move,file system
1570100477.9729998,2377,678,None,Move,file system
1570100477.979,2377,677,None,Move,file system
1570100477.9870002,2377,677,None,Move,file system
1570100478.313,2376,676,None,Move,file system
1570100478.325,2376,676,None,Move,file system
1570100478.332,2375,675,None,Move,file system
1570100478.34,2375,674,None,Move,file system
1570100478.3479998,2374,672,None,Move,file system
1570100478.354,2374,672,None,Move,file system
1570100478.363,2374,671,None,Move,file system
1570100478.37,2373,670,None,Move,file system
1570100478.3779998,2373,669,None,Move,file system
1570100478.3860002,2373,669,None,Move,file system
1570100478.394,2373,669,None,Move,file system
1570100479.856,2373,668,None,Move,file system
1570100479.8639998,2373,663,None,Move,file system
1570100479.8720002,2371,657,None,Move,file system
1570100479.8820002,2370,656,None,Move,file system
1570100479.8979998,2369,653,None,Move,file system
1570100479.906,2367,651,None,Move,file system
1570100479.918,2365,649,None,Move,file system
1570100479.926,2363,646,None,Move,file system
1570100479.938,2362,645,None,Move,file system
1570100479.947,2360,643,None,Move,file system
1570100479.958,2358,641,None,Move,file system
1570100479.967,2356,639,None,Move,file system
1570100479.985,2354,638,None,Move,file system
1570100479.994,2351,636,None,Move,file system
1570100480.002,2347,632,None,Move,file system
1570100480.008,2345,630,None,Move,file system
1570100480.016,2345,629,None,Move,file system
1570100480.024,2343,628,None,Move,file system
1570100480.032,2343,628,None,Move,file system
1570100480.04,2342,626,None,Move,file system
1570100480.061,2342,625,None,Move,file system
1570100480.073,2339,623,None,Move,file system
1570100480.08,2339,622,None,Move,file system
1570100480.085,2339,621,None,Move,file system
1570100480.0979998,2338,621,None,Move,file system
1570100480.26,2338,621,None,Move,file system
1570100480.265,2336,620,None,Move,file system
1570100480.305,2335,620,None,Move,file system
1570100480.736,2335,620,None,Move,file system
1570100480.7429998,2335,621,None,Move,file system
1570100480.752,2335,622,None,Move,file system
1570100480.758,2335,624,None,Move,file system
1570100480.766,2335,625,None,Move,file system
1570100480.774,2336,626,None,Move,file system
1570100480.782,2337,628,None,Move,file system
1570100480.79,2337,629,None,Move,file system
1570100480.798,2339,631,None,Move,file system
1570100480.806,2340,633,None,Move,file system
1570100480.812,2340,634,None,Move,file system
1570100480.82,2341,636,None,Move,file system
1570100480.8279998,2342,637,None,Move,file system
1570100480.836,2342,637,None,Move,file system
1570100480.844,2343,639,None,Move,file system
1570100480.8639998,2344,640,None,Move,file system
1570100480.873,2344,645,None,Move,file system
1570100480.881,2344,647,None,Move,file system
1570100480.8879998,2344,650,None,Move,file system
1570100480.894,2344,652,None,Move,file system
1570100480.9020002,2344,655,None,Move,file system
1570100480.911,2344,658,None,Move,file system
1570100480.918,2344,661,None,Move,file system
1570100480.927,2344,664,None,Move,file system
1570100480.934,2344,666,None,Move,file system
1570100480.9420002,2343,668,None,Move,file system
1570100480.948,2342,669,None,Move,file system
1570100480.956,2341,671,None,Move,file system
1570100480.964,2340,672,None,Move,file system
1570100480.9729998,2339,674,None,Move,file system
1570100480.98,2338,675,None,Move,file system
1570100480.988,2336,677,None,Move,file system
1570100480.996,2334,681,None,Move,file system
1570100481.005,2330,685,None,Move,file system
1570100481.012,2326,691,None,Move,file system
1570100481.018,2321,698,None,Move,file system
1570100481.0270002,2315,703,None,Move,file system
1570100481.035,2307,709,None,Move,file system
1570100481.043,2300,715,None,Move,file system
1570100481.05,2292,722,None,Move,file system
1570100481.059,2285,728,None,Move,file system
1570100481.0670002,2279,733,None,Move,file system
1570100481.075,2271,739,None,Move,file system
1570100481.083,2265,743,None,Move,file system
1570100481.087,2260,746,None,Move,file system
1570100481.096,2257,750,None,Move,file system
1570100481.104,2255,752,None,Move,file system
1570100481.113,2253,754,None,Move,file system
1570100481.121,2253,755,None,Move,file system
1570100481.133,2253,756,None,Move,file system
1570100481.2570002,2253,756,Left,Pressed,file system
1570100481.389,2253,756,Left,Released,file system
1570100481.438,2253,756,None,Move,file system
1570100481.45,2253,755,None,Move,file system
1570100481.458,2254,754,None,Move,file system
1570100481.467,2255,753,None,Move,file system
1570100481.474,2257,751,None,Move,file system
1570100481.4829998,2258,750,None,Move,file system
1570100481.4929998,2260,748,None,Move,file system
1570100481.498,2261,747,None,Move,file system
1570100481.504,2263,746,None,Move,file system
1570100481.512,2264,744,None,Move,file system
1570100481.521,2265,743,None,Move,file system
1570100481.528,2267,741,None,Move,file system
1570100481.5370002,2268,740,None,Move,file system
1570100481.545,2270,738,None,Move,file system
1570100481.553,2271,737,None,Move,file system
1570100481.56,2272,736,None,Move,file system
1570100481.5679998,2273,734,None,Move,file system
1570100481.579,2274,733,None,Move,file system
1570100481.584,2275,732,None,Move,file system
1570100481.592,2276,730,None,Move,file system
1570100481.5979998,2277,729,None,Move,file system
1570100481.606,2278,727,None,Move,file system
1570100481.615,2279,726,None,Move,file system
1570100481.6220002,2280,725,None,Move,file system
1570100481.63,2281,725,None,Move,file system
1570100481.6379998,2281,724,None,Move,file system
1570100481.644,2282,724,None,Move,file system
1570100481.6520002,2282,723,None,Move,file system
1570100481.924,2282,723,None,Move,file system
1570100481.9320002,2282,724,None,Move,file system
1570100481.94,2282,725,None,Move,file system
1570100481.948,2282,726,None,Move,file system
1570100481.956,2281,728,None,Move,file system
1570100481.964,2280,728,None,Move,file system
1570100481.972,2280,729,None,Move,file system
1570100481.98,2280,730,None,Move,file system
1570100481.986,2280,730,None,Move,file system
1570100481.994,2280,731,None,Move,file system
1570100482.002,2281,732,None,Move,file system
1570100482.01,2282,733,None,Move,file system
1570100482.018,2282,734,None,Move,file system
1570100482.026,2282,735,None,Move,file system
1570100482.034,2282,736,None,Move,file system
1570100482.064,2282,737,None,Move,file system
1570100482.092,2281,737,None,Move,file system
1570100482.1,2281,737,None,Move,file system
1570100482.1079998,2280,737,None,Move,file system
1570100482.117,2278,737,None,Move,file system
1570100482.13,2276,737,None,Move,file system
1570100482.1379998,2275,737,None,Move,file system
1570100482.146,2275,737,None,Move,file system
1570100482.154,2275,735,None,Move,file system
1570100482.163,2274,735,None,Move,file system
1570100482.17,2274,734,None,Move,file system
1570100482.178,2274,733,None,Move,file system
1570100482.195,2274,732,None,Move,file system
1570100482.205,2274,732,None,Move,file system
1570100482.212,2274,731,None,Move,file system
1570100482.22,2274,731,None,Move,file system
1570100482.2329998,2274,731,None,Move,file system
1570100482.24,2273,731,None,Move,file system
1570100482.2529998,2273,730,None,Move,file system
1570100482.2610002,2273,730,None,Move,file system
1570100482.266,2273,729,None,Move,file system
1570100482.275,2273,728,None,Move,file system
1570100482.282,2273,728,None,Move,file system
1570100482.303,2273,727,None,Move,file system
1570100482.327,2273,727,None,Move,file system
1570100482.333,2273,726,None,Move,file system
1570100482.377,2273,726,None,Move,file system
1570100482.3839998,2273,725,None,Move,file system
1570100482.397,2273,724,None,Move,file system
1570100482.4020002,2273,723,None,Move,file system
1570100482.41,2273,723,None,Move,file system
1570100482.418,2273,722,None,Move,file system
1570100482.426,2273,722,None,Move,file system
1570100482.439,2273,721,None,Move,file system
1570100482.451,2273,721,None,Move,file system
1570100482.458,2273,720,None,Move,file system
1570100482.464,2274,720,None,Move,file system
1570100482.472,2274,720,None,Move,file system
1570100482.691,2275,720,None,Move,file system
1570100482.8839998,2275,719,None,Move,file system
1570100482.894,2275,719,None,Move,file system
1570100483.4429998,2275,719,Left,Pressed,file system
1570100483.581,2275,719,Left,Released,file system
1570100483.795,2275,718,None,Move,file system
1570100483.806,2275,718,None,Move,file system
1570100483.814,2274,717,None,Move,file system
1570100483.822,2272,717,None,Move,file system
1570100483.83,2271,717,None,Move,file system
1570100483.8379998,2270,717,None,Move,file system
1570100483.846,2268,717,None,Move,file system
1570100483.854,2267,717,None,Move,file system
1570100483.8620002,2266,717,None,Move,file system
1570100483.8679998,2264,716,None,Move,file system
1570100483.877,2262,716,None,Move,file system
1570100483.8839998,2260,716,None,Move,file system
1570100483.893,2258,716,None,Move,file system
1570100483.9,2257,716,None,Move,file system
1570100483.908,2255,715,None,Move,file system
1570100483.917,2253,715,None,Move,file system
1570100483.925,2251,714,None,Move,file system
1570100483.93,2249,713,None,Move,file system
1570100483.938,2248,713,None,Move,file system
1570100483.947,2244,712,None,Move,file system
1570100483.957,2243,711,None,Move,file system
1570100483.962,2240,710,None,Move,file system
1570100483.971,2238,710,None,Move,file system
1570100483.979,2236,709,None,Move,file system
1570100483.986,2234,708,None,Move,file system
1570100483.994,2233,707,None,Move,file system
1570100484.0,2232,706,None,Move,file system
1570100484.008,2231,706,None,Move,file system
1570100484.0170002,2230,706,None,Move,file system
1570100484.09,2230,706,Left,Pressed,file system
1570100484.262,2230,706,Left,Released,file system
1570100484.3739998,2230,705,None,Move,file system
1570100484.389,2230,704,None,Move,file system
1570100484.461,2230,704,None,Move,file system
1570100484.484,2230,703,None,Move,file system
1570100485.401,2230,703,None,Move,file system
1570100485.4120002,2230,702,None,Move,file system
1570100485.676,2231,702,None,Move,file system
1570100485.688,2231,701,None,Move,file system
1570100485.697,2232,700,None,Move,file system
1570100485.704,2233,699,None,Move,file system
1570100485.712,2234,698,None,Move,file system
1570100485.72,2236,696,None,Move,file system
1570100485.729,2237,695,None,Move,file system
1570100485.736,2239,694,None,Move,file system
1570100485.742,2240,692,None,Move,file system
1570100485.75,2241,691,None,Move,file system
1570100485.758,2243,690,None,Move,file system
1570100485.766,2244,689,None,Move,file system
1570100485.775,2247,687,None,Move,file system
1570100485.783,2248,686,None,Move,file system
1570100485.791,2249,684,None,Move,file system
1570100485.799,2251,683,None,Move,file system
1570100485.806,2253,681,None,Move,file system
1570100485.812,2255,680,None,Move,file system
1570100485.821,2257,678,None,Move,file system
1570100485.8279998,2259,677,None,Move,file system
1570100485.8379998,2260,675,None,Move,file system
1570100485.844,2262,675,None,Move,file system
1570100485.8520002,2263,673,None,Move,file system
1570100485.861,2265,673,None,Move,file system
1570100485.8679998,2267,671,None,Move,file system
1570100485.877,2269,670,None,Move,file system
1570100485.8820002,2271,669,None,Move,file system
1570100485.891,2274,667,None,Move,file system
1570100485.8979998,2279,666,None,Move,file system
1570100485.906,2283,664,None,Move,file system
1570100485.914,2287,662,None,Move,file system
1570100485.9220002,2292,661,None,Move,file system
1570100485.931,2297,659,None,Move,file system
1570100485.939,2303,657,None,Move,file system
1570100485.946,2307,656,None,Move,file system
1570100485.9529998,2312,654,None,Move,file system
1570100485.961,2315,652,None,Move,file system
1570100485.968,2317,651,None,Move,file system
1570100485.976,2319,650,None,Move,file system
1570100485.985,2322,648,None,Move,file system
1570100485.992,2323,647,None,Move,file system
1570100486.0010002,2324,646,None,Move,file system
1570100486.008,2326,645,None,Move,file system
1570100486.016,2327,643,None,Move,file system
1570100486.022,2329,643,None,Move,file system
1570100486.03,2330,642,None,Move,file system
1570100486.052,2331,641,None,Move,file system
1570100486.0579998,2333,640,None,Move,file system
1570100486.066,2335,639,None,Move,file system
1570100486.07,2337,638,None,Move,file system
1570100486.0779998,2339,637,None,Move,file system
1570100486.084,2343,635,None,Move,file system
1570100486.092,2348,633,None,Move,file system
1570100486.1,2352,631,None,Move,file system
1570100486.109,2358,629,None,Move,file system
1570100486.117,2364,628,None,Move,file system
1570100486.127,2368,626,None,Move,file system
1570100486.133,2371,625,None,Move,file system
1570100486.14,2375,624,None,Move,file system
1570100486.1479998,2377,623,None,Move,file system
1570100486.154,2379,623,None,Move,file system
1570100486.1620002,2380,623,None,Move,file system
1570100486.17,2382,623,None,Move,file system
1570100486.178,2383,623,None,Move,file system
1570100486.186,2384,623,None,Move,file system
1570100486.194,2385,623,None,Move,file system
1570100486.202,2387,622,None,Move,file system
1570100486.21,2388,622,None,Move,file system
1570100486.218,2389,622,None,Move,file system
1570100486.224,2390,621,None,Move,file system
1570100486.232,2390,621,None,Move,file system
1570100486.2410002,2391,621,None,Move,file system
1570100486.254,2392,621,None,Move,file system
1570100486.439,2392,621,None,Move,file system
1570100486.45,2391,622,None,Move,file system
1570100486.461,2391,622,None,Move,file system
1570100486.467,2390,622,None,Move,file system
1570100486.474,2389,622,None,Move,file system
1570100486.482,2388,622,None,Move,file system
1570100486.49,2387,622,None,Move,file system
1570100486.4989998,2385,622,None,Move,file system
1570100486.505,2384,622,None,Move,file system
1570100486.512,2383,623,None,Move,file system
1570100486.521,2381,624,None,Move,file system
1570100486.528,2380,624,None,Move,file system
1570100486.536,2378,624,None,Move,file system
1570100486.544,2377,624,None,Move,file system
1570100486.553,2375,625,None,Move,file system
1570100486.561,2374,625,None,Move,file system
1570100486.5679998,2373,625,None,Move,file system
1570100486.574,2372,626,None,Move,file system
1570100486.582,2371,626,None,Move,file system
1570100486.59,2369,626,None,Move,file system
1570100486.5979998,2368,626,None,Move,file system
1570100486.606,2367,627,None,Move,file system
1570100486.613,2366,627,None,Move,file system
1570100486.6220002,2364,628,None,Move,file system
1570100486.63,2364,628,None,Move,file system
1570100487.2329998,2363,628,None,Move,file system
1570100487.244,2362,628,None,Move,file system
1570100487.252,2361,627,None,Move,file system
1570100487.26,2360,627,None,Move,file system
1570100487.268,2359,627,None,Move,file system
1570100487.274,2357,626,None,Move,file system
1570100487.282,2356,625,None,Move,file system
1570100487.29,2355,625,None,Move,file system
1570100487.298,2353,625,None,Move,file system
1570100487.3070002,2352,625,None,Move,file system
1570100487.314,2351,625,None,Move,file system
1570100487.322,2350,624,None,Move,file system
1570100487.33,2349,624,None,Move,file system
1570100487.3379998,2348,624,None,Move,file system
1570100487.3479998,2348,624,None,Move,file system
1570100487.36,2347,624,None,Move,file system
1570100487.377,2347,624,None,Move,file system
1570100487.3839998,2346,624,None,Move,file system
1570100487.396,2345,624,None,Move,file system
1570100487.404,2345,624,None,Move,file system
1570100487.554,2345,624,None,Move,file system
1570100487.5679998,2345,624,None,Move,file system
1570100487.574,2345,624,None,Move,file system
1570100487.584,2346,624,None,Move,file system
1570100487.59,2348,624,None,Move,file system
1570100487.599,2349,625,None,Move,file system
1570100487.606,2351,625,None,Move,file system
1570100487.6120002,2352,625,None,Move,file system
1570100487.62,2355,625,None,Move,file system
1570100487.6279998,2358,625,None,Move,file system
1570100487.6360002,2360,625,None,Move,file system
1570100487.644,2363,625,None,Move,file system
1570100487.6520002,2366,625,None,Move,file system
1570100487.661,2368,625,None,Move,file system
1570100487.668,2370,625,None,Move,file system
1570100487.677,2372,625,None,Move,file system
1570100487.6820002,2375,625,None,Move,file system
1570100487.69,2379,625,None,Move,file system
1570100487.699,2382,625,None,Move,file system
1570100487.707,2386,625,None,Move,file system
1570100487.714,2389,624,None,Move,file system
1570100487.7229998,2393,624,None,Move,file system
1570100487.731,2397,624,None,Move,file system
1570100487.738,2401,624,None,Move,file system
1570100487.746,2406,624,None,Move,file system
1570100487.752,2408,624,None,Move,file system
1570100487.76,2412,624,None,Move,file system
1570100487.768,2415,624,None,Move,file system
1570100487.776,2417,624,None,Move,file system
1570100487.785,2418,624,None,Move,file system
1570100487.793,2420,624,None,Move,file system
1570100487.8,2421,624,None,Move,file system
1570100487.809,2422,624,None,Move,file system
1570100487.816,2424,624,None,Move,file system
1570100487.822,2424,624,None,Move,file system
1570100488.82,2425,624,None,Move,file system
1570100489.002,2425,624,None,Move,file system
1570100489.0170002,2425,624,None,Move,file system
1570100489.033,2425,624,None,Move,file system
1570100489.164,2425,624,None,Move,file system
1570100489.177,2425,624,None,Move,file system
1570100489.184,2425,624,None,Move,file system
1570100489.194,2425,624,None,Move,file system
1570100489.2,2426,624,None,Move,file system
1570100489.208,2426,624,None,Move,file system
1570100489.215,2426,624,None,Move,file system
1570100489.222,2427,624,None,Move,file system
1570100489.231,2427,623,None,Move,file system
1570100489.2470002,2427,623,None,Move,file system
1570100489.258,2428,623,None,Move,file system
1570100489.39,2428,622,None,Move,file system
1570100489.407,2428,621,None,Move,file system
1570100489.414,2429,620,None,Move,file system
1570100489.42,2429,620,None,Move,file system
1570100489.428,2429,619,None,Move,file system
1570100489.436,2429,618,None,Move,file system
1570100489.445,2429,618,None,Move,file system
1570100489.535,2429,618,None,Move,file system
1570100489.543,2429,619,None,Move,file system
1570100489.55,2429,620,None,Move,file system
1570100489.556,2428,621,None,Move,file system
1570100489.564,2428,622,None,Move,file system
1570100489.576,2427,623,None,Move,file system
1570100489.584,2427,623,None,Move,file system
1570100489.592,2427,623,None,Move,file system
1570100489.604,2427,624,None,Move,file system
1570100489.685,2427,624,None,Move,file system
1570100489.699,2427,625,None,Move,file system
1570100489.708,2427,625,None,Move,file system
1570100489.717,2426,626,None,Move,file system
1570100489.725,2426,627,None,Move,file system
1570100489.736,2426,628,None,Move,file system
1570100489.779,2426,628,None,Move,file system
1570100489.791,2425,629,None,Move,file system
1570100489.798,2425,629,None,Move,file system
1570100489.806,2424,630,None,Move,file system
1570100489.815,2424,631,None,Move,file system
1570100489.822,2424,631,None,Move,file system
1570100491.5070002,2424,632,None,Move,file system
1570100491.521,2424,633,None,Move,file system
1570100491.528,2424,635,None,Move,file system
1570100491.536,2424,637,None,Move,file system
1570100491.545,2424,639,None,Move,file system
1570100491.552,2424,641,None,Move,file system
1570100491.56,2424,641,None,Move,file system
1570100491.5679998,2424,642,None,Move,file system
1570100491.577,2425,644,None,Move,file system
1570100491.584,2425,644,None,Move,file system
1570100491.59,2425,645,None,Move,file system
1570100491.6379998,2425,646,None,Move,file system
1570100491.65,2426,647,None,Move,file system
1570100491.656,2426,648,None,Move,file system
1570100491.665,2427,649,None,Move,file system
1570100491.673,2427,651,None,Move,file system
1570100491.68,2427,652,None,Move,file system
1570100491.6920002,2427,653,None,Move,file system
1570100491.701,2427,655,None,Move,file system
1570100491.708,2427,656,None,Move,file system
1570100491.717,2427,657,None,Move,file system
1570100491.722,2427,658,None,Move,file system
1570100491.731,2427,659,None,Move,file system
1570100491.74,2427,660,None,Move,file system
1570100491.746,2427,660,None,Move,file system
1570100491.754,2427,661,None,Move,file system
1570100491.762,2427,662,None,Move,file system
1570100491.771,2427,663,None,Move,file system
1570100491.779,2427,665,None,Move,file system
1570100491.786,2427,666,None,Move,file system
1570100491.792,2427,668,None,Move,file system
1570100491.801,2427,669,None,Move,file system
1570100491.809,2426,671,None,Move,file system
1570100491.822,2426,672,None,Move,file system
1570100491.8279998,2425,674,None,Move,file system
1570100491.836,2424,676,None,Move,file system
1570100491.844,2424,677,None,Move,file system
1570100491.8520002,2423,678,None,Move,file system
1570100491.8579998,2422,680,None,Move,file system
1570100491.8679998,2421,681,None,Move,file system
1570100491.895,2419,686,None,Move,file system
1570100491.9020002,2417,688,None,Move,file system
1570100491.918,2417,689,None,Move,file system
1570100491.928,2413,693,None,Move,file system
1570100491.934,2412,694,None,Move,file system
1570100491.9420002,2411,696,None,Move,file system
1570100491.948,2410,698,None,Move,file system
1570100491.956,2408,699,None,Move,file system
1570100491.964,2407,701,None,Move,file system
1570100491.972,2406,701,None,Move,file system
1570100491.98,2406,702,None,Move,file system
1570100491.988,2405,703,None,Move,file system
1570100492.074,2405,703,Left,Pressed,file system
1570100492.228,2405,703,Left,Released,file system
1570100493.9629998,2405,703,None,Move,file system
1570100493.975,2405,703,None,Move,file system
1570100494.073,2405,703,None,Move,file system
1570100494.084,2406,703,None,Move,file system
1570100494.092,2406,703,None,Move,file system
1570100494.1,2407,702,None,Move,file system
1570100494.106,2408,702,None,Move,file system
1570100494.115,2408,701,None,Move,file system
1570100494.123,2409,700,None,Move,file system
1570100494.13,2411,699,None,Move,file system
1570100494.1379998,2411,698,None,Move,file system
1570100494.146,2413,696,None,Move,file system
1570100494.154,2414,694,None,Move,file system
1570100494.1620002,2415,693,None,Move,file system
1570100494.171,2415,691,None,Move,file system
1570100494.181,2416,690,None,Move,file system
1570100494.185,2416,689,None,Move,file system
1570100494.1920002,2416,687,None,Move,file system
1570100494.2,2417,686,None,Move,file system
1570100494.208,2417,685,None,Move,file system
1570100494.216,2418,683,None,Move,file system
1570100494.224,2418,682,None,Move,file system
1570100494.232,2418,681,None,Move,file system
1570100494.24,2418,679,None,Move,file system
1570100494.246,2418,679,None,Move,file system
1570100494.2570002,2418,678,None,Move,file system
1570100494.419,2418,678,None,Move,file system
1570100494.427,2418,677,None,Move,file system
1570100494.435,2418,675,None,Move,file system
1570100494.4420002,2418,674,None,Move,file system
1570100494.45,2418,673,None,Move,file system
1570100494.456,2418,671,None,Move,file system
1570100494.464,2418,670,None,Move,file system
1570100494.474,2418,669,None,Move,file system
1570100494.48,2418,667,None,Move,file system
1570100494.488,2418,665,None,Move,file system
1570100494.496,2418,664,None,Move,file system
1570100494.504,2418,663,None,Move,file system
1570100494.512,2418,661,None,Move,file system
1570100494.52,2420,659,None,Move,file system
1570100494.526,2421,658,None,Move,file system
1570100494.534,2423,656,None,Move,file system
1570100494.543,2424,655,None,Move,file system
1570100494.55,2426,653,None,Move,file system
1570100494.5579998,2427,652,None,Move,file system
1570100494.566,2429,650,None,Move,file system
1570100494.574,2431,649,None,Move,file system
1570100494.582,2432,648,None,Move,file system
1570100494.59,2434,646,None,Move,file system
1570100494.596,2435,645,None,Move,file system
1570100494.604,2436,644,None,Move,file system
1570100494.6120002,2437,644,None,Move,file system
1570100494.62,2437,643,None,Move,file system
1570100494.6279998,2439,642,None,Move,file system
1570100494.651,2440,640,None,Move,file system
1570100494.657,2443,638,None,Move,file system
1570100494.6620002,2444,637,None,Move,file system
1570100494.666,2444,636,None,Move,file system
1570100494.674,2445,636,None,Move,file system
1570100494.889,2445,636,Left,Pressed,file system
1570100495.029,2445,636,Left,Released,file system
1570100495.468,2445,636,None,Move,file system
1570100495.48,2446,636,None,Move,file system
1570100495.488,2449,637,None,Move,file system
1570100495.502,2452,639,None,Move,file system
1570100495.51,2459,644,None,Move,file system
1570100495.518,2463,646,None,Move,file system
1570100495.526,2464,647,None,Move,file system
1570100495.534,2466,649,None,Move,file system
1570100495.542,2468,650,None,Move,file system
1570100495.55,2468,651,None,Move,file system
1570100495.5579998,2469,653,None,Move,file system
1570100495.566,2471,654,None,Move,file system
1570100495.572,2472,656,None,Move,file system
1570100495.58,2473,657,None,Move,file system
1570100495.5879998,2474,658,None,Move,file system
1570100495.596,2476,660,None,Move,file system
1570100495.604,2477,661,None,Move,file system
1570100495.6120002,2478,663,None,Move,file system
1570100495.62,2479,664,None,Move,file system
1570100495.6279998,2480,665,None,Move,file system
1570100495.6360002,2480,667,None,Move,file system
1570100495.6420002,2481,668,None,Move,file system
1570100495.65,2481,669,None,Move,file system
1570100495.658,2481,669,None,Move,file system
1570100495.666,2481,670,None,Move,file system
1570100495.674,2481,670,None,Move,file system
1570100495.686,2482,671,None,Move,file system
1570100495.698,2482,672,None,Move,file system
1570100495.708,2482,672,None,Move,file system
1570100495.716,2482,673,None,Move,file system
1570100495.724,2482,674,None,Move,file system
1570100495.732,2482,675,None,Move,file system
1570100495.74,2482,676,None,Move,file system
1570100495.748,2482,676,None,Move,file system
1570100495.756,2482,677,None,Move,file system
1570100495.764,2482,678,None,Move,file system
1570100495.772,2482,679,None,Move,file system
1570100495.782,2482,679,None,Move,file system
1570100495.802,2482,680,None,Move,file system
1570100495.81,2482,680,None,Move,file system
1570100495.8179998,2482,681,None,Move,file system
1570100495.826,2482,682,None,Move,file system
1570100495.835,2482,683,None,Move,file system
1570100495.839,2481,685,None,Move,file system
1570100495.849,2481,686,None,Move,file system
1570100495.856,2481,687,None,Move,file system
1570100495.8639998,2481,689,None,Move,file system
1570100495.873,2481,690,None,Move,file system
1570100495.881,2480,691,None,Move,file system
1570100495.889,2480,693,None,Move,file system
1570100495.897,2480,694,None,Move,file system
1570100495.904,2479,695,None,Move,file system
1570100495.913,2479,697,None,Move,file system
1570100495.92,2479,698,None,Move,file system
1570100495.927,2479,699,None,Move,file system
1570100495.934,2479,700,None,Move,file system
1570100495.9429998,2479,702,None,Move,file system
1570100495.951,2479,702,None,Move,file system
1570100495.959,2479,704,None,Move,file system
1570100495.966,2479,705,None,Move,file system
1570100495.975,2479,706,None,Move,file system
1570100495.979,2479,707,None,Move,file system
1570100495.988,2478,708,None,Move,file system
1570100495.9970002,2478,709,None,Move,file system
1570100496.004,2478,710,None,Move,file system
1570100496.012,2478,712,None,Move,file system
1570100496.022,2478,713,None,Move,file system
1570100496.029,2478,714,None,Move,file system
1570100496.0370002,2478,716,None,Move,file system
1570100496.045,2478,716,None,Move,file system
1570100496.051,2478,717,None,Move,file system
1570100496.0579998,2478,718,None,Move,file system
1570100496.066,2478,718,None,Move,file system
1570100496.075,2478,719,None,Move,file system
1570100496.082,2478,720,None,Move,file system
1570100496.09,2478,721,None,Move,file system
1570100496.0979998,2478,721,None,Move,file system
1570100496.107,2478,723,None,Move,file system
1570100496.1139998,2478,723,None,Move,file system
1570100496.1220002,2478,724,None,Move,file system
1570100496.1279998,2478,726,None,Move,file system
1570100496.1360002,2478,727,None,Move,file system
1570100496.146,2478,728,None,Move,file system
1570100496.1520002,2478,730,None,Move,file system
1570100496.16,2478,731,None,Move,file system
1570100496.168,2478,732,None,Move,file system
1570100496.176,2478,733,None,Move,file system
1570100496.184,2478,734,None,Move,file system
1570100496.19,2479,735,None,Move,file system
1570100496.198,2479,737,None,Move,file system
1570100496.206,2479,738,None,Move,file system
1570100496.215,2480,739,None,Move,file system
1570100496.222,2480,740,None,Move,file system
1570100496.231,2480,742,None,Move,file system
1570100496.246,2480,743,None,Move,file system
1570100496.254,2480,746,None,Move,file system
1570100496.266,2480,747,None,Move,file system
1570100496.272,2480,749,None,Move,file system
1570100496.281,2480,751,None,Move,file system
1570100496.288,2480,752,None,Move,file system
1570100496.296,2480,753,None,Move,file system
1570100496.304,2480,754,None,Move,file system
1570100496.322,2480,755,None,Move,file system
1570100496.327,2480,758,None,Move,file system
1570100496.335,2480,759,None,Move,file system
1570100496.343,2480,761,None,Move,file system
1570100496.351,2481,762,None,Move,file system
1570100496.3579998,2481,763,None,Move,file system
1570100496.367,2481,765,None,Move,file system
1570100496.3739998,2481,766,None,Move,file system
1570100496.3820002,2482,767,None,Move,file system
1570100496.391,2482,769,None,Move,file system
1570100496.396,2482,770,None,Move,file system
1570100496.407,2482,771,None,Move,file system
1570100496.4120002,2482,772,None,Move,file system
1570100496.421,2483,774,None,Move,file system
1570100496.428,2483,775,None,Move,file system
1570100496.436,2483,776,None,Move,file system
1570100496.444,2483,778,None,Move,file system
1570100496.452,2483,778,None,Move,file system
1570100496.46,2483,779,None,Move,file system
1570100496.467,2484,781,None,Move,file system
1570100496.474,2484,781,None,Move,file system
1570100496.482,2484,782,None,Move,file system
1570100496.49,2484,782,None,Move,file system
1570100496.5,2484,784,None,Move,file system
1570100496.522,2484,784,None,Move,file system
1570100496.536,2485,785,None,Move,file system
1570100496.544,2485,785,None,Move,file system
1570100496.596,2486,786,None,Move,file system
1570100496.619,2486,787,None,Move,file system
1570100496.631,2486,787,None,Move,file system
1570100496.639,2486,788,None,Move,file system
1570100496.655,2486,788,None,Move,file system
1570100496.6620002,2487,788,None,Move,file system
1570100496.668,2487,789,None,Move,file system
1570100496.685,2487,789,None,Move,file system
1570100496.6920002,2487,789,None,Move,file system
1570100496.705,2487,790,None,Move,file system
1570100496.721,2488,791,None,Move,file system
1570100497.096,2488,791,None,Move,file system
1570100497.1120002,2488,790,None,Move,file system
1570100497.12,2488,790,None,Move,file system
1570100497.1360002,2488,789,None,Move,file system
1570100497.146,2488,787,None,Move,file system
1570100497.1520002,2488,785,None,Move,file system
1570100497.16,2488,784,None,Move,file system
1570100497.166,2488,783,None,Move,file system
1570100497.174,2488,781,None,Move,file system
1570100497.1820002,2488,781,None,Move,file system
1570100497.191,2488,780,None,Move,file system
1570100497.198,2488,778,None,Move,file system
1570100497.207,2488,777,None,Move,file system
1570100497.214,2488,776,None,Move,file system
1570100497.2229998,2488,775,None,Move,file system
1570100497.228,2488,773,None,Move,file system
1570100497.236,2488,773,None,Move,file system
1570100497.244,2488,772,None,Move,file system
1570100497.252,2488,772,None,Move,file system
1570100497.26,2488,770,None,Move,file system
1570100497.269,2488,769,None,Move,file system
1570100497.276,2489,768,None,Move,file system
1570100497.284,2489,767,None,Move,file system
1570100497.293,2490,766,None,Move,file system
1570100497.2970002,2490,765,None,Move,file system
1570100497.306,2490,764,None,Move,file system
1570100497.314,2490,763,None,Move,file system
1570100497.323,2491,761,None,Move,file system
1570100497.33,2492,760,None,Move,file system
1570100497.35,2492,759,None,Move,file system
1570100497.3579998,2492,756,None,Move,file system
1570100497.3660002,2493,755,None,Move,file system
1570100497.3760002,2494,754,None,Move,file system
1570100497.3839998,2494,752,None,Move,file system
1570100497.393,2494,751,None,Move,file system
1570100497.4,2494,750,None,Move,file system
1570100497.408,2494,749,None,Move,file system
1570100497.417,2494,747,None,Move,file system
1570100497.425,2494,746,None,Move,file system
1570100497.4320002,2494,745,None,Move,file system
1570100497.439,2494,743,None,Move,file system
1570100497.447,2494,743,None,Move,file system
1570100497.454,2494,742,None,Move,file system
1570100497.462,2494,742,None,Move,file system
1570100497.47,2494,741,None,Move,file system
1570100497.482,2494,739,None,Move,file system
1570100497.49,2494,737,None,Move,file system
1570100497.4970002,2493,735,None,Move,file system
1570100497.504,2492,733,None,Move,file system
1570100497.512,2492,730,None,Move,file system
1570100497.52,2490,729,None,Move,file system
1570100497.528,2490,728,None,Move,file system
1570100497.536,2488,726,None,Move,file system
1570100497.545,2487,725,None,Move,file system
1570100497.553,2486,723,None,Move,file system
1570100497.563,2485,722,None,Move,file system
1570100497.571,2484,720,None,Move,file system
1570100497.5779998,2482,718,None,Move,file system
1570100497.587,2481,716,None,Move,file system
1570100497.595,2479,714,None,Move,file system
1570100497.6020002,2478,710,None,Move,file system
1570100497.611,2475,704,None,Move,file system
1570100497.6179998,2473,698,None,Move,file system
1570100497.6260002,2470,692,None,Move,file system
1570100497.635,2467,686,None,Move,file system
1570100497.64,2465,680,None,Move,file system
1570100497.649,2463,675,None,Move,file system
1570100497.657,2461,670,None,Move,file system
1570100497.664,2460,666,None,Move,file system
1570100497.6720002,2460,663,None,Move,file system
1570100497.681,2460,661,None,Move,file system
1570100497.689,2460,657,None,Move,file system
1570100497.696,2460,654,None,Move,file system
1570100497.704,2460,648,None,Move,file system
1570100497.71,2461,644,None,Move,file system
1570100497.719,2463,638,None,Move,file system
1570100497.7270002,2465,632,None,Move,file system
1570100497.735,2467,627,None,Move,file system
1570100497.742,2470,621,None,Move,file system
1570100497.75,2472,616,None,Move,file system
1570100497.758,2475,610,None,Move,file system
1570100497.766,2478,607,None,Move,file system
1570100497.774,2481,604,None,Move,file system
1570100497.779,2484,602,None,Move,file system
1570100497.788,2486,600,None,Move,file system
1570100497.796,2487,599,None,Move,file system
1570100497.806,2489,597,None,Move,file system
1570100497.814,2490,597,None,Move,file system
1570100497.82,2491,597,None,Move,file system
1570100497.8279998,2492,597,None,Move,file system
1570100497.836,2494,597,None,Move,file system
1570100497.844,2495,597,None,Move,file system
1570100497.85,2496,597,None,Move,file system
1570100497.8579998,2497,597,None,Move,file system
1570100497.8660002,2498,597,None,Move,file system
1570100497.8739998,2499,597,None,Move,file system
1570100497.883,2500,597,None,Move,file system
1570100497.89,2501,597,None,Move,file system
1570100497.9,2503,598,None,Move,file system
1570100497.906,2504,598,None,Move,file system
1570100497.9120002,2505,598,None,Move,file system
1570100497.92,2506,598,None,Move,file system
1570100497.928,2508,598,None,Move,file system
1570100497.936,2509,598,None,Move,file system
1570100497.945,2511,598,None,Move,file system
1570100497.956,2513,598,None,Move,file system
1570100497.964,2517,598,None,Move,file system
1570100497.972,2521,596,None,Move,file system
1570100497.98,2523,595,None,Move,file system
1570100497.988,2526,595,None,Move,file system
1570100497.994,2529,595,None,Move,file system
1570100498.0070002,2535,594,None,Move,file system
1570100498.014,2540,594,None,Move,file system
1570100498.022,2546,593,None,Move,file system
1570100498.03,2551,592,None,Move,file system
1570100498.038,2557,592,None,Move,file system
1570100498.046,2562,592,None,Move,file system
1570100498.052,2568,592,None,Move,file system
1570100498.06,2573,592,None,Move,file system
1570100498.069,2579,594,None,Move,file system
1570100498.0779998,2585,596,None,Move,file system
1570100498.0879998,2594,599,None,Move,file system
1570100498.096,2600,601,None,Move,file system
1570100498.104,2606,603,None,Move,file system
1570100498.1120002,2612,605,None,Move,file system
1570100498.1179998,2617,606,None,Move,file system
1570100498.1279998,2623,608,None,Move,file system
1570100498.139,2633,613,None,Move,file system
1570100498.147,2639,615,None,Move,file system
1570100498.154,2644,617,None,Move,file system
1570100498.167,2650,621,None,Move,file system
1570100498.174,2660,626,None,Move,file system
1570100498.1820002,2666,630,None,Move,file system
1570100498.188,2672,635,None,Move,file system
1570100498.196,2679,641,None,Move,file system
1570100498.205,2684,648,None,Move,file system
1570100498.214,2690,654,None,Move,file system
1570100498.221,2694,660,None,Move,file system
1570100498.23,2698,666,None,Move,file system
1570100498.2370002,2701,672,None,Move,file system
1570100498.244,2705,678,None,Move,file system
1570100498.262,2709,684,None,Move,file system
1570100498.274,2728,707,None,Move,file system
1570100498.284,2734,712,None,Move,file system
1570100498.292,2739,718,None,Move,file system
1570100498.302,2744,722,None,Move,file system
1570100498.323,2761,733,None,Move,file system
1570100498.33,2763,734,None,Move,file system
1570100498.336,2766,736,None,Move,file system
1570100498.344,2768,736,None,Move,file system
1570100498.353,2769,738,None,Move,file system
1570100498.36,2771,739,None,Move,file system
1570100498.406,2772,740,None,Move,file system
1570100498.411,2772,740,Left,Pressed,file system
1570100498.512,2772,740,Left,Released,file system
1570100498.587,2772,740,None,Move,file system
1570100498.595,2771,739,None,Move,file system
1570100498.6,2770,738,None,Move,file system
1570100498.609,2768,736,None,Move,file system
1570100498.6160002,2767,735,None,Move,file system
1570100498.6239998,2765,733,None,Move,file system
1570100498.6320002,2764,730,None,Move,file system
1570100498.64,2761,726,None,Move,file system
1570100498.649,2759,720,None,Move,file system
1570100498.657,2755,714,None,Move,file system
1570100498.664,2750,708,None,Move,file system
1570100498.6720002,2744,702,None,Move,file system
1570100498.678,2738,696,None,Move,file system
1570100498.687,2733,690,None,Move,file system
1570100498.694,2729,682,None,Move,file system
1570100498.702,2727,675,None,Move,file system
1570100498.71,2725,668,None,Move,file system
1570100498.7229998,2722,660,None,Move,file system
1570100498.73,2719,648,None,Move,file system
1570100498.736,2717,642,None,Move,file system
1570100498.758,2715,636,None,Move,file system
1570100498.764,2712,625,None,Move,file system
1570100498.771,2711,622,None,Move,file system
1570100498.776,2708,618,None,Move,file system
1570100498.785,2706,616,None,Move,file system
1570100498.793,2704,614,None,Move,file system
1570100498.8,2702,613,None,Move,file system
1570100498.8079998,2699,611,None,Move,file system
1570100498.8170002,2696,610,None,Move,file system
1570100498.822,2693,608,None,Move,file system
1570100498.83,2692,606,None,Move,file system
1570100498.839,2691,605,None,Move,file system
1570100498.846,2689,603,None,Move,file system
1570100498.857,2688,602,None,Move,file system
1570100498.8679998,2686,600,None,Move,file system
1570100498.873,2685,599,None,Move,file system
1570100498.8779998,2684,597,None,Move,file system
1570100498.887,2684,597,None,Move,file system
1570100498.894,2683,595,None,Move,file system
1570100498.9020002,2682,594,None,Move,file system
1570100498.909,2682,593,None,Move,file system
1570100498.918,2682,592,None,Move,file system
1570100498.924,2681,590,None,Move,file system
1570100498.9329998,2680,589,None,Move,file system
1570100498.94,2680,587,None,Move,file system
1570100498.949,2679,585,None,Move,file system
1570100498.957,2678,582,None,Move,file system
1570100498.965,2676,577,None,Move,file system
1570100498.98,2674,571,None,Move,file system
1570100498.9870002,2669,552,None,Move,file system
1570100498.995,2667,545,None,Move,file system
1570100499.002,2664,538,None,Move,file system
1570100499.01,2662,532,None,Move,file system
1570100499.018,2660,526,None,Move,file system
1570100499.0270002,2657,520,None,Move,file system
1570100499.039,2655,514,None,Move,file system
1570100499.044,2651,505,None,Move,file system
1570100499.052,2648,497,None,Move,file system
1570100499.06,2645,492,None,Move,file system
1570100499.071,2640,483,None,Move,file system
1570100499.076,2636,477,None,Move,file system
1570100499.084,2630,471,None,Move,file system
1570100499.092,2625,465,None,Move,file system
1570100499.1,2620,459,None,Move,file system
1570100499.1079998,2617,453,None,Move,file system
1570100499.115,2613,447,None,Move,file system
1570100499.1220002,2610,441,None,Move,file system
1570100499.13,2608,436,None,Move,file system
1570100499.1379998,2605,430,None,Move,file system
1570100499.146,2602,426,None,Move,file system
1570100499.154,2600,423,None,Move,file system
1570100499.1620002,2599,422,None,Move,file system
1570100499.173,2597,420,None,Move,file system
1570100499.178,2596,419,None,Move,file system
1570100499.186,2596,418,None,Move,file system
1570100499.194,2595,418,None,Move,file system
1570100499.248,2595,418,None,Move,file system
1570100499.255,2596,418,None,Move,file system
1570100499.264,2597,420,None,Move,file system
1570100499.27,2598,421,None,Move,file system
1570100499.28,2601,424,None,Move,file system
1570100499.286,2602,426,None,Move,file system
1570100499.294,2604,427,None,Move,file system
1570100499.302,2608,429,None,Move,file system
1570100499.31,2612,431,None,Move,file system
1570100499.3179998,2616,433,None,Move,file system
1570100499.327,2619,434,None,Move,file system
1570100499.334,2620,436,None,Move,file system
1570100499.342,2623,437,None,Move,file system
1570100499.35,2624,439,None,Move,file system
1570100499.356,2625,440,None,Move,file system
1570100499.3639998,2626,441,None,Move,file system
1570100499.3720002,2627,442,None,Move,file system
1570100499.38,2627,443,None,Move,file system
1570100499.4120002,2628,447,None,Move,file system
1570100499.42,2628,449,None,Move,file system
1570100499.426,2628,450,None,Move,file system
1570100499.952,2628,450,None,Move,file system
1570100499.965,2627,450,None,Move,file system
1570100499.972,2625,448,None,Move,file system
1570100499.978,2624,447,None,Move,file system
1570100499.988,2622,445,None,Move,file system
1570100499.994,2621,443,None,Move,file system
1570100500.004,2620,440,None,Move,file system
1570100500.01,2618,434,None,Move,file system
1570100500.018,2615,427,None,Move,file system
1570100500.026,2609,419,None,Move,file system
1570100500.034,2602,411,None,Move,file system
1570100500.04,2595,405,None,Move,file system
1570100500.048,2589,400,None,Move,file system
1570100500.056,2581,395,None,Move,file system
1570100500.064,2576,394,None,Move,file system
1570100500.072,2574,393,None,Move,file system
1570100500.081,2573,392,None,Move,file system
1570100500.087,2572,392,None,Move,file system
1570100500.097,2570,392,None,Move,file system
1570100500.106,2569,392,None,Move,file system
1570100500.1120002,2567,393,None,Move,file system
1570100500.12,2562,397,None,Move,file system
1570100500.1260002,2556,403,None,Move,file system
1570100500.1339998,2550,411,None,Move,file system
1570100500.1420002,2541,419,None,Move,file system
1570100500.15,2532,429,None,Move,file system
1570100500.158,2523,439,None,Move,file system
1570100500.166,2514,451,None,Move,file system
1570100500.174,2506,460,None,Move,file system
1570100500.1829998,2499,469,None,Move,file system
1570100500.191,2491,477,None,Move,file system
1570100500.196,2482,486,None,Move,file system
1570100500.204,2473,494,None,Move,file system
1570100500.212,2466,501,None,Move,file system
1570100500.22,2459,509,None,Move,file system
1570100500.228,2453,516,None,Move,file system
1570100500.238,2448,522,None,Move,file system
1570100500.245,2445,528,None,Move,file system
1570100500.252,2443,534,None,Move,file system
1570100500.26,2442,542,None,Move,file system
1570100500.2670002,2441,549,None,Move,file system
1570100500.276,2441,557,None,Move,file system
1570100500.283,2442,565,None,Move,file system
1570100500.293,2445,574,None,Move,file system
1570100500.3,2452,582,None,Move,file system
1570100500.309,2458,590,None,Move,file system
1570100500.3170002,2466,596,None,Move,file system
1570100500.329,2476,603,None,Move,file system
1570100500.337,2488,610,None,Move,file system
1570100500.347,2515,621,None,Move,file system
1570100500.36,2533,624,None,Move,file system
1570100500.367,2555,624,None,Move,file system
1570100500.3760002,2581,622,None,Move,file system
1570100500.3839998,2612,617,None,Move,file system
1570100500.3920002,2686,607,None,Move,file system
1570100500.4,2714,603,None,Move,file system
1570100500.411,2732,601,None,Move,file system
1570100500.419,2746,599,None,Move,file system
1570100500.427,2752,598,None,Move,file system
1570100500.435,2759,597,None,Move,file system
1570100500.445,2763,597,None,Move,file system
1570100500.452,2766,597,None,Move,file system
1570100500.462,2766,597,None,Move,file system
1570100500.467,2766,597,None,Move,file system
1570100500.77,2769,597,None,Move,file system
1570100500.778,2780,595,None,Move,file system
1570100500.784,2793,594,None,Move,file system
1570100500.792,2806,593,None,Move,file system
1570100500.8,2815,591,None,Move,file system
1570100500.81,2823,590,None,Move,file system
1570100500.8179998,2830,589,None,Move,file system
1570100500.824,2835,588,None,Move,file system
1570100500.832,2842,587,None,Move,file system
1570100500.84,2846,587,None,Move,file system
1570100500.849,2849,586,None,Move,file system
1570100500.8579998,2851,586,None,Move,file system
1570100500.8639998,2851,586,None,Move,file system
1570100500.875,2852,586,None,Move,file system
1570100500.883,2853,586,None,Move,file system
1570100500.8879998,2854,586,None,Move,file system
1570100500.894,2854,586,None,Move,file system
1570100500.9020002,2855,586,None,Move,file system
1570100500.91,2855,586,None,Move,file system
1570100501.595,2856,586,None,Move,file system
1570100501.607,2856,585,None,Move,file system
1570100501.6139998,2857,584,None,Move,file system
1570100501.62,2858,584,None,Move,file system
1570100501.629,2859,583,None,Move,file system
1570100501.644,2859,583,None,Move,file system
1570100501.657,2861,581,None,Move,file system
1570100501.664,2863,581,None,Move,file system
1570100501.673,2864,580,None,Move,file system
1570100501.68,2865,579,None,Move,file system
1570100501.687,2868,578,None,Move,file system
1570100501.694,2872,576,None,Move,file system
1570100501.7029998,2878,574,None,Move,file system
1570100501.71,2886,572,None,Move,file system
1570100501.718,2904,566,None,Move,file system
1570100501.726,2929,556,None,Move,file system
1570100501.734,2959,546,None,Move,file system
1570100501.742,2989,538,None,Move,file system
1570100501.75,3016,530,None,Move,file system
1570100501.756,3048,516,None,Move,file system
1570100501.764,3079,502,None,Move,file system
1570100501.772,3107,489,None,Move,file system
1570100501.78,3132,481,None,Move,file system
1570100501.788,3154,475,None,Move,file system
1570100501.7970002,3168,471,None,Move,file system
1570100501.804,3180,465,None,Move,file system
1570100501.812,3191,459,None,Move,file system
1570100501.82,3200,455,None,Move,file system
1570100501.826,3208,449,None,Move,file system
1570100501.835,3215,442,None,Move,file system
1570100501.851,3221,435,None,Move,file system
1570100501.86,3230,418,None,Move,file system
1570100501.8660002,3232,413,None,Move,file system
1570100501.881,3234,407,None,Move,file system
1570100501.8860002,3237,397,None,Move,file system
1570100501.893,3239,393,None,Move,file system
1570100501.901,3241,388,None,Move,file system
1570100501.908,3242,384,None,Move,file system
1570100501.917,3244,379,None,Move,file system
1570100501.925,3246,377,None,Move,file system
1570100501.9329998,3247,374,None,Move,file system
1570100501.941,3249,371,None,Move,file system
1570100501.949,3250,370,None,Move,file system
1570100501.956,3252,369,None,Move,file system
1570100501.962,3253,367,None,Move,file system
1570100501.97,3255,366,None,Move,file system
1570100501.978,3256,365,None,Move,file system
1570100501.986,3257,364,None,Move,file system
1570100501.995,3259,363,None,Move,file system
1570100502.002,3262,363,None,Move,file system
1570100502.01,3267,362,None,Move,file system
1570100502.018,3272,361,None,Move,file system
1570100502.026,3281,359,None,Move,file system
1570100502.032,3289,357,None,Move,file system
1570100502.04,3300,355,None,Move,file system
1570100502.056,3311,353,None,Move,file system
1570100502.064,3342,348,None,Move,file system
1570100502.073,3351,346,None,Move,file system
1570100502.081,3361,344,None,Move,file system
1570100502.089,3370,342,None,Move,file system
1570100502.096,3379,341,None,Move,file system
1570100502.103,3385,341,None,Move,file system
1570100502.11,3392,341,None,Move,file system
1570100502.121,3397,341,None,Move,file system
1570100502.127,3400,341,None,Move,file system
1570100502.1339998,3403,341,None,Move,file system
1570100502.1420002,3405,341,None,Move,file system
1570100502.15,3407,341,None,Move,file system
1570100502.158,3408,341,None,Move,file system
1570100502.166,3409,341,None,Move,file system
1570100502.1720002,3409,341,None,Move,file system
1570100502.18,3410,341,None,Move,file system
1570100502.188,3410,341,None,Move,file system
1570100502.196,3412,341,None,Move,file system
1570100502.21,3412,341,None,Move,file system
1570100502.216,3413,341,None,Move,file system
1570100502.224,3415,341,None,Move,file system
1570100502.232,3416,341,None,Move,file system
1570100502.238,3417,341,None,Move,file system
1570100502.246,3418,341,None,Move,file system
1570100502.274,3412,341,None,Move,file system
1570100502.282,3407,346,None,Move,file system
1570100502.29,3403,349,None,Move,file system
1570100502.312,3403,349,None,Move,file system
1570100502.32,3402,349,None,Move,file system
1570100502.415,3401,349,None,Move,file system
1570100502.423,3400,349,None,Move,file system
1570100502.4429998,3400,349,None,Move,file system
1570100502.448,3400,349,None,Move,file system
1570100502.458,3399,349,None,Move,file system
1570100502.464,3399,349,None,Move,file system
1570100502.475,3398,348,None,Move,file system
1570100502.48,3398,347,None,Move,file system
1570100502.488,3397,347,None,Move,file system
1570100502.496,3397,346,None,Move,file system
1570100502.508,3397,346,None,Move,file system
1570100502.514,3400,345,None,Move,file system
1570100502.522,3406,345,None,Move,file system
1570100502.53,3414,343,None,Move,file system
1570100502.538,3426,341,None,Move,file system
1570100502.546,3439,338,None,Move,file system
1570100502.554,3448,337,None,Move,file system
1570100502.562,3456,336,None,Move,file system
1570100502.57,3462,336,None,Move,file system
1570100502.5779998,3468,336,None,Move,file system
1570100502.584,3473,338,None,Move,file system
1570100502.592,3476,340,None,Move,file system
1570100502.601,3478,341,None,Move,file system
1570100502.609,3480,343,None,Move,file system
1570100502.617,3481,343,None,Move,file system
1570100502.625,3482,345,None,Move,file system
1570100502.633,3483,346,None,Move,file system
1570100502.641,3484,347,None,Move,file system
1570100502.646,3486,348,None,Move,file system
1570100502.654,3487,349,None,Move,file system
1570100502.667,3489,350,None,Move,file system
1570100502.674,3491,351,None,Move,file system
1570100502.6820002,3492,352,None,Move,file system
1570100502.69,3494,353,None,Move,file system
1570100502.698,3494,355,None,Move,file system
1570100502.706,3496,356,None,Move,file system
1570100502.714,3496,357,None,Move,file system
1570100502.72,3496,359,None,Move,file system
1570100502.728,3497,359,None,Move,file system
1570100502.7370002,3497,360,None,Move,file system
1570100502.744,3497,361,None,Move,file system
1570100502.752,3497,361,None,Move,file system
1570100502.76,3497,362,None,Move,file system
1570100502.772,3497,363,None,Move,file system
1570100502.78,3497,363,None,Move,file system
1570100502.7870002,3497,364,None,Move,file system
1570100502.794,3497,364,None,Move,file system
1570100502.802,3496,366,None,Move,file system
1570100502.81,3496,366,None,Move,file system
1570100502.8179998,3496,367,None,Move,file system
1570100502.826,3495,369,None,Move,file system
1570100502.834,3494,370,None,Move,file system
1570100502.842,3494,372,None,Move,file system
1570100502.85,3493,373,None,Move,file system
1570100502.8579998,3492,374,None,Move,file system
1570100502.867,3492,376,None,Move,file system
1570100502.8720002,3492,377,None,Move,file system
1570100502.881,3492,378,None,Move,file system
1570100502.8879998,3492,379,None,Move,file system
1570100502.896,3492,380,None,Move,file system
1570100502.904,3492,380,None,Move,file system
1570100502.934,3492,381,None,Move,file system
1570100502.9420002,3492,382,None,Move,file system
1570100502.95,3492,382,None,Move,file system
1570100502.97,3492,382,Left,Pressed,file system
1570100503.107,3492,382,Left,Released,file system
1570100503.21,3492,382,None,Move,file system
1570100503.226,3492,383,None,Move,file system
1570100503.234,3491,383,None,Move,file system
1570100503.242,3490,383,None,Move,file system
1570100503.25,3490,383,None,Move,file system
1570100503.2870002,3490,384,None,Move,file system
1570100503.296,3485,385,None,Move,file system
1570100503.304,3480,387,None,Move,file system
1570100503.314,3474,389,None,Move,file system
1570100503.32,3469,390,None,Move,file system
1570100503.327,3465,392,None,Move,file system
1570100503.336,3461,395,None,Move,file system
1570100503.3620002,3461,395,None,Move,file system
1570100503.514,3461,395,None,Move,file system
1570100503.526,3461,395,None,Move,file system
1570100503.564,3462,395,None,Move,file system
1570100503.576,3463,395,None,Move,file system
1570100503.583,3463,395,None,Move,file system
1570100503.592,3464,394,None,Move,file system
1570100503.6,3465,393,None,Move,file system
1570100503.607,3467,391,None,Move,file system
1570100503.6160002,3467,390,None,Move,file system
1570100503.6220002,3468,388,None,Move,file system
1570100503.63,3469,387,None,Move,file system
1570100503.637,3469,386,None,Move,file system
1570100503.647,3469,384,None,Move,file system
1570100503.657,3469,384,None,Move,file system
1570100503.665,3469,383,None,Move,file system
1570100503.752,3469,383,None,Move,file system
1570100503.762,3469,383,None,Move,file system
1570100503.77,3469,383,None,Move,file system
1570100503.794,3469,383,None,Move,file system
1570100503.8920002,3468,383,None,Move,file system
1570100503.956,3433,404,None,Move,file system
1570100503.98,3349,425,None,Move,file system
1570100504.0,3166,432,None,Move,file system
1570100504.022,2913,430,None,Move,file system
1570100504.034,2734,421,None,Move,file system
1570100504.043,2643,405,None,Move,file system
1570100504.0579998,2560,390,None,Move,file system
1570100504.066,2488,373,None,Move,file system
1570100504.072,2425,367,None,Move,file system
1570100504.079,2374,359,None,Move,file system
1570100504.084,2326,346,None,Move,file system
1570100504.09,2282,330,None,Move,file system
1570100504.104,2243,318,None,Move,file system
1570100504.109,2185,291,None,Move,file system
1570100504.1160002,2161,276,None,Move,file system
1570100504.123,2144,268,None,Move,file system
1570100504.1320002,2135,264,None,Move,file system
1570100504.14,2129,261,None,Move,file system
1570100504.147,2127,259,None,Move,file system
1570100504.156,2126,258,None,Move,file system
1570100504.164,2126,257,None,Move,file system
1570100504.478,2126,257,None,Move,file system
1570100504.486,2127,255,None,Move,file system
1570100504.496,2128,254,None,Move,file system
1570100504.502,2129,253,None,Move,file system
1570100504.514,2130,251,None,Move,file system
1570100504.522,2131,250,None,Move,file system
1570100504.528,2133,248,None,Move,file system
1570100504.536,2134,247,None,Move,file system
1570100504.544,2136,245,None,Move,file system
1570100504.552,2137,242,None,Move,file system
1570100504.56,2139,241,None,Move,file system
1570100504.5679998,2140,240,None,Move,file system
1570100504.576,2142,238,None,Move,file system
1570100504.584,2143,237,None,Move,file system
1570100504.592,2144,235,None,Move,file system
1570100504.5979998,2146,234,None,Move,file system
1570100504.606,2147,233,None,Move,file system
1570100504.6139998,2148,231,None,Move,file system
1570100504.6239998,2149,230,None,Move,file system
1570100504.63,2149,228,None,Move,file system
1570100504.6379998,2150,227,None,Move,file system
1570100504.646,2151,226,None,Move,file system
1570100504.654,2152,224,None,Move,file system
1570100504.66,2153,223,None,Move,file system
1570100504.668,2153,222,None,Move,file system
1570100504.677,2153,221,None,Move,file system
1570100504.685,2153,220,None,Move,file system
1570100504.6920002,2153,220,None,Move,file system
1570100504.701,2154,219,None,Move,file system
1570100504.722,2154,219,None,Move,file system
1570100504.7270002,2155,217,None,Move,file system
1570100504.735,2157,216,None,Move,file system
1570100504.7429998,2157,215,None,Move,file system
1570100504.75,2159,213,None,Move,file system
1570100504.758,2159,212,None,Move,file system
1570100504.766,2160,211,None,Move,file system
1570100504.774,2160,210,None,Move,file system
1570100504.782,2160,209,None,Move,file system
1570100504.8739998,2160,209,None,Move,file system
1570100504.887,2160,208,None,Move,file system
1570100504.894,2160,207,None,Move,file system
1570100504.9020002,2159,206,None,Move,file system
1570100504.91,2159,205,None,Move,file system
1570100504.918,2159,205,None,Move,file system
1570100504.926,2158,204,None,Move,file system
1570100504.9329998,2158,204,None,Move,file system
1570100504.94,2157,203,None,Move,file system
1570100504.95,2157,202,None,Move,file system
1570100505.01,2157,202,Left,Pressed,file system
1570100505.159,2157,202,Left,Released,file system
1570100505.198,2157,202,Left,Pressed,file system
1570100505.327,2157,202,Left,Released,file system
1570100505.381,2157,202,None,Move,file system
1570100505.39,2158,202,None,Move,file system
1570100505.401,2160,202,None,Move,file system
1570100505.407,2161,203,None,Move,file system
1570100505.414,2163,204,None,Move,file system
1570100505.42,2166,206,None,Move,file system
1570100505.427,2169,208,None,Move,file system
1570100505.436,2174,211,None,Move,file system
1570100505.4420002,2180,217,None,Move,file system
1570100505.45,2189,225,None,Move,file system
1570100505.458,2198,232,None,Move,file system
1570100505.466,2210,238,None,Move,file system
1570100505.474,2229,250,None,Move,file system
1570100505.482,2258,265,None,Move,file system
1570100505.4910002,2287,279,None,Move,file system
1570100505.4989998,2318,293,None,Move,file system
1570100505.506,2351,307,None,Move,file system
1570100505.514,2387,321,None,Move,file system
1570100505.52,2431,336,None,Move,file system
1570100505.545,2478,352,None,Move,file system
1570100505.551,2608,375,None,Move,file system
1570100505.556,2658,379,None,Move,file system
1570100505.564,2706,379,None,Move,file system
1570100505.57,2753,384,None,Move,file system
1570100505.5779998,2796,394,None,Move,file system
1570100505.596,2885,418,None,Move,file system
1570100505.604,2911,431,None,Move,file system
1570100505.613,2935,446,None,Move,file system
1570100505.6179998,2954,457,None,Move,file system
1570100505.639,2985,472,None,Move,file system
1570100505.645,3002,479,None,Move,file system
1570100505.65,3017,485,None,Move,file system
1570100505.657,3037,494,None,Move,file system
1570100505.665,3056,499,None,Move,file system
1570100505.6720002,3073,504,None,Move,file system
1570100505.6820002,3088,507,None,Move,file system
1570100505.688,3100,508,None,Move,file system
1570100505.696,3109,508,None,Move,file system
1570100505.704,3119,507,None,Move,file system
1570100505.712,3127,506,None,Move,file system
1570100505.718,3135,505,None,Move,file system
1570100505.7270002,3142,504,None,Move,file system
1570100505.734,3149,503,None,Move,file system
1570100505.746,3159,502,None,Move,file system
1570100505.754,3164,500,None,Move,file system
1570100505.762,3170,498,None,Move,file system
1570100505.77,3176,496,None,Move,file system
1570100505.778,3182,494,None,Move,file system
1570100505.784,3189,492,None,Move,file system
1570100505.792,3196,489,None,Move,file system
1570100505.8,3202,487,None,Move,file system
1570100505.8079998,3204,486,None,Move,file system
1570100505.816,3204,484,None,Move,file system
1570100505.824,3204,483,None,Move,file system
1570100505.832,3204,482,None,Move,file system
1570100505.84,3200,484,None,Move,file system
1570100505.8479998,3194,489,None,Move,file system
1570100505.854,3187,495,None,Move,file system
1570100505.8620002,3181,499,None,Move,file system
1570100505.8720002,3177,502,None,Move,file system
1570100505.8779998,3176,503,None,Move,file system
1570100506.065,3176,503,None,Move,file system
1570100506.092,3176,502,None,Move,file system
1570100506.1,3174,502,None,Move,file system
1570100506.1079998,3173,502,None,Move,file system
1570100506.1160002,3172,501,None,Move,file system
1570100506.1239998,3172,501,None,Move,file system
1570100506.133,3171,499,None,Move,file system
1570100506.1420002,3171,499,None,Move,file system
1570100506.15,3171,498,None,Move,file system
1570100506.159,3171,498,None,Move,file system
1570100506.167,3171,497,None,Move,file system
1570100506.174,3171,496,None,Move,file system
1570100506.1829998,3171,495,None,Move,file system
1570100506.19,3171,495,None,Move,file system
1570100506.196,3171,494,None,Move,file system
1570100506.204,3171,494,None,Move,file system
1570100506.212,3172,492,None,Move,file system
1570100506.222,3172,492,None,Move,file system
1570100506.228,3173,492,None,Move,file system
1570100506.236,3173,490,None,Move,file system
1570100506.248,3174,490,None,Move,file system
1570100506.256,3174,489,None,Move,file system
1570100506.264,3174,488,None,Move,file system
1570100506.27,3174,488,None,Move,file system
1570100506.282,3174,487,None,Move,file system
1570100506.29,3174,486,None,Move,file system
1570100506.298,3175,484,None,Move,file system
1570100506.306,3175,484,None,Move,file system
1570100506.313,3175,483,None,Move,file system
1570100506.321,3176,482,None,Move,file system
1570100506.33,3176,481,None,Move,file system
1570100506.335,3177,480,None,Move,file system
1570100506.344,3178,479,None,Move,file system
1570100506.355,3180,478,None,Move,file system
1570100506.3720002,3183,477,None,Move,file system
1570100506.38,3184,477,None,Move,file system
1570100506.3879998,3184,476,None,Move,file system
1570100506.396,3185,476,None,Move,file system
1570100506.414,3185,476,None,Move,file system
1570100506.438,3185,475,None,Move,file system
1570100506.45,3186,474,None,Move,file system
1570100506.458,3186,474,None,Move,file system
1570100506.466,3187,474,None,Move,file system
1570100506.472,3188,474,None,Move,file system
1570100506.48,3188,473,None,Move,file system
1570100506.488,3189,473,None,Move,file system
1570100506.496,3189,473,None,Move,file system
1570100506.508,3189,473,None,Move,file system
1570100506.518,3190,473,None,Move,file system
1570100506.524,3190,472,None,Move,file system
1570100506.532,3190,472,None,Move,file system
1570100506.54,3190,472,None,Move,file system
1570100506.546,3192,472,None,Move,file system
1570100506.554,3192,470,None,Move,file system
1570100506.562,3193,470,None,Move,file system
1570100506.57,3194,470,None,Move,file system
1570100506.5779998,3196,469,None,Move,file system
1570100506.586,3196,468,None,Move,file system
1570100506.595,3197,468,None,Move,file system
1570100506.603,3198,467,None,Move,file system
1570100506.613,3199,467,None,Move,file system
1570100506.62,3199,467,None,Move,file system
1570100506.6279998,3200,467,None,Move,file system
1570100506.6360002,3200,466,None,Move,file system
1570100506.656,3200,466,None,Move,file system
1570100506.9,3201,465,None,Move,file system
1570100506.9120002,3201,465,None,Move,file system
1570100506.921,3202,464,None,Move,file system
1570100506.929,3202,464,None,Move,file system
1570100506.937,3202,464,None,Move,file system
1570100507.048,3203,463,None,Move,file system
1570100507.06,3204,463,None,Move,file system
1570100507.298,3204,463,None,Move,file system
1570100507.31,3205,462,None,Move,file system
1570100507.316,3205,461,None,Move,file system
1570100507.3279998,3206,461,None,Move,file system
1570100507.336,3206,461,None,Move,file system
1570100507.344,3207,460,None,Move,file system
1570100507.3520002,3208,460,None,Move,file system
1570100507.36,3208,460,None,Move,file system
1570100507.3760002,3208,459,None,Move,file system
1570100507.3860002,3209,459,None,Move,file system
1570100507.472,3209,459,None,Move,file system
1570100507.4889998,3210,459,None,Move,file system
1570100507.498,3211,459,None,Move,file system
1570100507.508,3213,459,None,Move,file system
1570100507.522,3217,459,None,Move,file system
1570100507.551,3252,456,None,Move,file system
1570100507.559,3318,449,None,Move,file system
1570100507.5670002,3337,448,None,Move,file system
1570100507.579,3363,445,None,Move,file system
1570100507.5879998,3419,437,None,Move,file system
1570100507.594,3453,432,None,Move,file system
1570100507.599,3487,427,None,Move,file system
1570100507.609,3523,423,None,Move,file system
1570100507.6160002,3559,423,None,Move,file system
1570100507.625,3591,423,None,Move,file system
1570100507.6320002,3621,423,None,Move,file system
1570100507.64,3652,424,None,Move,file system
1570100507.649,3679,424,None,Move,file system
1570100507.654,3707,422,None,Move,file system
1570100507.6620002,3730,420,None,Move,file system
1570100507.6720002,3750,418,None,Move,file system
1570100507.678,3763,418,None,Move,file system
1570100507.687,3776,416,None,Move,file system
1570100507.694,3784,416,None,Move,file system
1570100507.702,3789,416,None,Move,file system
1570100507.71,3792,416,None,Move,file system
1570100507.718,3794,416,None,Move,file system
1570100507.724,3795,416,None,Move,file system
1570100507.732,3797,417,None,Move,file system
1570100507.74,3797,417,None,Move,file system
1570100507.7470002,3799,419,None,Move,file system
1570100507.756,3799,419,None,Move,file system
1570100507.764,3801,420,None,Move,file system
1570100507.772,3802,422,None,Move,file system
1570100507.782,3803,422,None,Move,file system
1570100507.801,3803,424,None,Move,file system
1570100507.814,3800,429,None,Move,file system
1570100507.822,3795,432,None,Move,file system
1570100507.83,3788,437,None,Move,file system
1570100507.839,3777,443,None,Move,file system
1570100507.846,3762,450,None,Move,file system
1570100507.854,3738,458,None,Move,file system
1570100507.861,3710,467,None,Move,file system
1570100507.869,3677,478,None,Move,file system
1570100507.877,3641,492,None,Move,file system
1570100507.885,3608,503,None,Move,file system
1570100507.893,3583,512,None,Move,file system
1570100507.9020002,3562,515,None,Move,file system
1570100507.908,3546,518,None,Move,file system
1570100507.916,3531,521,None,Move,file system
1570100507.924,3518,523,None,Move,file system
1570100507.93,3504,525,None,Move,file system
1570100507.938,3491,527,None,Move,file system
1570100507.946,3477,530,None,Move,file system
1570100507.954,3464,533,None,Move,file system
1570100507.962,3447,536,None,Move,file system
1570100507.97,3432,536,None,Move,file system
1570100507.978,3418,536,None,Move,file system
1570100507.986,3408,535,None,Move,file system
1570100507.995,3400,535,None,Move,file system
1570100508.004,3392,535,None,Move,file system
1570100508.0129998,3391,535,None,Move,file system
1570100508.02,3390,534,None,Move,file system
1570100508.028,3388,533,None,Move,file system
1570100508.036,3388,532,None,Move,file system
1570100508.044,3386,531,None,Move,file system
1570100508.053,3385,528,None,Move,file system
1570100508.06,3383,527,None,Move,file system
1570100508.066,3382,525,None,Move,file system
1570100508.074,3381,524,None,Move,file system
1570100508.082,3378,523,None,Move,file system
1570100508.09,3377,521,None,Move,file system
1570100508.0979998,3375,520,None,Move,file system
1570100508.106,3375,519,None,Move,file system
1570100508.115,3374,519,None,Move,file system
1570100508.123,3374,517,None,Move,file system
1570100508.13,3372,516,None,Move,file system
1570100508.1360002,3372,515,None,Move,file system
1570100508.144,3371,513,None,Move,file system
1570100508.1520002,3370,512,None,Move,file system
1570100508.16,3369,510,None,Move,file system
1570100508.168,3366,508,None,Move,file system
1570100508.176,3365,507,None,Move,file system
1570100508.184,3362,505,None,Move,file system
1570100508.1929998,3359,503,None,Move,file system
1570100508.2,3354,502,None,Move,file system
1570100508.208,3349,500,None,Move,file system
1570100508.215,3345,498,None,Move,file system
1570100508.222,3340,496,None,Move,file system
1570100508.23,3337,496,None,Move,file system
1570100508.238,3334,495,None,Move,file system
1570100508.246,3331,495,None,Move,file system
1570100508.254,3328,495,None,Move,file system
1570100508.262,3325,494,None,Move,file system
1570100508.27,3320,494,None,Move,file system
1570100508.276,3314,492,None,Move,file system
1570100508.285,3308,491,None,Move,file system
1570100508.293,3303,489,None,Move,file system
1570100508.3,3297,487,None,Move,file system
1570100508.311,3292,485,None,Move,file system
1570100508.316,3289,484,None,Move,file system
1570100508.325,3287,482,None,Move,file system
1570100508.333,3285,481,None,Move,file system
1570100508.341,3282,479,None,Move,file system
1570100508.346,3280,478,None,Move,file system
1570100508.354,3278,476,None,Move,file system
1570100508.363,3276,474,None,Move,file system
1570100508.369,3273,472,None,Move,file system
1570100508.377,3272,471,None,Move,file system
1570100508.3860002,3270,470,None,Move,file system
1570100508.3979998,3269,468,None,Move,file system
1570100508.408,3267,466,None,Move,file system
1570100508.416,3264,464,None,Move,file system
1570100508.424,3264,462,None,Move,file system
1570100508.4329998,3264,462,None,Move,file system
1570100508.44,3263,461,None,Move,file system
1570100508.448,3263,460,None,Move,file system
1570100508.46,3263,460,None,Move,file system
1570100508.476,3263,459,None,Move,file system
1570100508.482,3263,459,None,Move,file system
1570100508.498,3262,458,None,Move,file system
1570100508.506,3262,458,None,Move,file system
1570100508.518,3262,457,None,Move,file system
1570100508.526,3261,456,None,Move,file system
1570100508.542,3261,456,None,Move,file system
1570100508.55,3261,455,None,Move,file system
1570100508.56,3260,455,None,Move,file system
1570100508.573,3260,454,None,Move,file system
1570100508.597,3260,454,None,Move,file system
1570100508.822,3260,454,None,Move,file system
1570100508.8279998,3259,454,None,Move,file system
1570100508.84,3259,454,None,Move,file system
1570100508.8479998,3259,456,None,Move,file system
1570100508.856,3258,456,None,Move,file system
1570100508.881,3257,457,None,Move,file system
1570100508.8860002,3257,458,None,Move,file system
1570100508.89,3255,460,None,Move,file system
1570100508.896,3254,461,None,Move,file system
1570100508.901,3253,463,None,Move,file system
1570100508.909,3253,464,None,Move,file system
1570100508.917,3252,465,None,Move,file system
1570100508.925,3251,466,None,Move,file system
1570100508.934,3251,467,None,Move,file system
1570100508.9420002,3251,467,None,Move,file system
1570100508.964,3251,467,None,Move,file system
1570100509.28,3251,467,None,Move,file system
1570100509.288,3251,466,None,Move,file system
1570100509.296,3251,466,None,Move,file system
1570100509.305,3251,465,None,Move,file system
1570100509.313,3251,465,None,Move,file system
1570100509.322,3251,464,None,Move,file system
1570100509.335,3251,464,None,Move,file system
1570100509.342,3251,463,None,Move,file system
1570100509.351,3251,462,None,Move,file system
1570100509.359,3251,461,None,Move,file system
1570100509.367,3251,460,None,Move,file system
1570100509.3739998,3251,459,None,Move,file system
1570100509.383,3251,457,None,Move,file system
1570100509.3879998,3251,456,None,Move,file system
1570100509.396,3251,455,None,Move,file system
1570100509.404,3251,455,None,Move,file system
1570100509.4120002,3251,454,None,Move,file system
1570100509.4220002,3251,454,None,Move,file system
1570100509.451,3251,453,None,Move,file system
1570100509.458,3251,451,None,Move,file system
1570100509.467,3251,450,None,Move,file system
1570100509.474,3251,449,None,Move,file system
1570100509.482,3252,447,None,Move,file system
1570100509.49,3252,446,None,Move,file system
1570100509.498,3252,446,None,Move,file system
1570100509.506,3253,445,None,Move,file system
1570100509.514,3253,445,None,Move,file system
1570100509.522,3254,444,None,Move,file system
1570100509.528,3254,444,None,Move,file system
1570100509.595,3255,444,None,Move,file system
1570100509.6020002,3259,444,None,Move,file system
1570100509.61,3265,444,None,Move,file system
1570100509.6179998,3273,445,None,Move,file system
1570100509.6260002,3281,445,None,Move,file system
1570100509.6479998,3289,445,None,Move,file system
1570100509.653,3305,445,None,Move,file system
1570100509.658,3310,446,None,Move,file system
1570100509.664,3316,446,None,Move,file system
1570100509.6720002,3321,447,None,Move,file system
1570100509.68,3326,448,None,Move,file system
1570100509.688,3329,450,None,Move,file system
1570100509.696,3333,452,None,Move,file system
1570100509.705,3335,453,None,Move,file system
1570100509.712,3336,455,None,Move,file system
1570100509.721,3338,456,None,Move,file system
1570100509.728,3339,457,None,Move,file system
1570100509.734,3340,457,None,Move,file system
1570100509.745,3341,457,None,Move,file system
1570100509.755,3341,458,None,Move,file system
1570100509.89,3341,458,None,Move,file system
1570100509.8979998,3338,458,None,Move,file system
1570100509.906,3333,458,None,Move,file system
1570100509.914,3327,458,None,Move,file system
1570100509.924,3321,457,None,Move,file system
1570100509.934,3311,456,None,Move,file system
1570100509.944,3304,454,None,Move,file system
1570100509.952,3291,452,None,Move,file system
1570100509.964,3284,450,None,Move,file system
1570100509.974,3271,445,None,Move,file system
1570100509.98,3262,442,None,Move,file system
1570100509.992,3254,437,None,Move,file system
1570100510.014,3229,421,None,Move,file system
1570100510.019,3207,413,None,Move,file system
1570100510.026,3198,411,None,Move,file system
1570100510.034,3190,409,None,Move,file system
1570100510.042,3182,407,None,Move,file system
1570100510.05,3175,405,None,Move,file system
1570100510.0579998,3169,403,None,Move,file system
1570100510.066,3164,401,None,Move,file system
1570100510.072,3162,399,None,Move,file system
1570100510.08,3161,398,None,Move,file system
1570100510.0879998,3159,397,None,Move,file system
1570100510.096,3158,395,None,Move,file system
1570100510.104,3157,394,None,Move,file system
1570100510.115,3155,392,None,Move,file system
1570100510.12,3153,391,None,Move,file system
1570100510.1279998,3151,389,None,Move,file system
1570100510.1360002,3150,388,None,Move,file system
1570100510.1420002,3149,387,None,Move,file system
1570100510.15,3148,386,None,Move,file system
1570100510.158,3147,385,None,Move,file system
1570100510.166,3145,384,None,Move,file system
1570100510.174,3144,383,None,Move,file system
1570100510.1820002,3142,382,None,Move,file system
1570100510.19,3141,381,None,Move,file system
1570100510.198,3139,380,None,Move,file system
1570100510.206,3137,379,None,Move,file system
1570100510.212,3134,377,None,Move,file system
1570100510.221,3132,376,None,Move,file system
1570100510.23,3131,374,None,Move,file system
1570100510.236,3129,373,None,Move,file system
1570100510.244,3127,371,None,Move,file system
1570100510.252,3126,370,None,Move,file system
1570100510.26,3124,369,None,Move,file system
1570100510.268,3123,367,None,Move,file system
1570100510.276,3120,366,None,Move,file system
1570100510.282,3119,364,None,Move,file system
1570100510.29,3118,364,None,Move,file system
1570100510.298,3117,364,None,Move,file system
1570100510.311,3117,364,None,Move,file system
1570100510.403,3116,364,None,Move,file system
1570100510.415,3116,364,None,Move,file system
1570100510.4220002,3113,364,None,Move,file system
1570100510.4320002,3110,366,None,Move,file system
1570100510.439,3106,367,None,Move,file system
1570100510.448,3102,369,None,Move,file system
1570100510.455,3100,370,None,Move,file system
1570100510.467,3097,372,None,Move,file system
1570100510.4729998,3096,373,None,Move,file system
1570100510.478,3094,374,None,Move,file system
1570100510.484,3093,375,None,Move,file system
1570100510.4970002,3092,376,None,Move,file system
1570100510.502,3092,376,None,Move,file system
1570100510.508,3091,377,None,Move,file system
1570100510.5170002,3090,379,None,Move,file system
1570100510.524,3089,380,None,Move,file system
1570100510.532,3088,382,None,Move,file system
1570100510.54,3087,383,None,Move,file system
1570100510.5470002,3086,385,None,Move,file system
1570100510.556,3084,387,None,Move,file system
1570100510.564,3083,388,None,Move,file system
1570100510.57,3083,389,None,Move,file system
1570100510.5779998,3081,390,None,Move,file system
1570100510.586,3081,391,None,Move,file system
1570100510.597,3080,392,None,Move,file system
1570100510.603,3079,393,None,Move,file system
1570100510.613,3077,394,None,Move,file system
1570100510.619,3076,395,None,Move,file system
1570100510.6260002,3075,397,None,Move,file system
1570100510.637,3073,398,None,Move,file system
1570100510.646,3072,400,None,Move,file system
1570100510.654,3070,401,None,Move,file system
1570100510.663,3067,403,None,Move,file system
1570100510.668,3064,404,None,Move,file system
1570100510.675,3060,406,None,Move,file system
1570100510.684,3056,408,None,Move,file system
1570100510.7029998,3046,410,None,Move,file system
1570100510.711,3041,411,None,Move,file system
1570100510.72,3038,411,None,Move,file system
1570100510.729,3033,411,None,Move,file system
1570100510.736,3029,412,None,Move,file system
1570100510.744,3024,412,None,Move,file system
1570100510.752,3018,413,None,Move,file system
1570100510.758,3012,414,None,Move,file system
1570100510.764,3006,414,None,Move,file system
1570100510.7729998,2999,415,None,Move,file system
1570100510.782,2992,415,None,Move,file system
1570100510.789,2984,415,None,Move,file system
1570100510.796,2976,415,None,Move,file system
1570100510.804,2967,415,None,Move,file system
1570100510.812,2957,415,None,Move,file system
1570100510.82,2947,415,None,Move,file system
1570100510.8279998,2937,415,None,Move,file system
1570100510.835,2928,415,None,Move,file system
1570100510.842,2920,415,None,Move,file system
1570100510.851,2909,415,None,Move,file system
1570100510.8579998,2901,415,None,Move,file system
1570100510.8660002,2892,415,None,Move,file system
1570100510.8739998,2883,415,None,Move,file system
1570100510.8820002,2875,415,None,Move,file system
1570100510.89,2867,415,None,Move,file system
1570100510.896,2859,415,None,Move,file system
1570100510.904,2851,415,None,Move,file system
1570100510.9120002,2842,415,None,Move,file system
1570100510.92,2834,413,None,Move,file system
1570100510.929,2826,412,None,Move,file system
1570100510.936,2818,410,None,Move,file system
1570100510.944,2812,408,None,Move,file system
1570100510.952,2805,406,None,Move,file system
1570100510.96,2801,405,None,Move,file system
1570100510.968,2796,404,None,Move,file system
1570100510.9770002,2795,402,None,Move,file system
1570100510.9829998,2793,402,None,Move,file system
1570100510.9910002,2792,400,None,Move,file system
1570100510.998,2792,400,None,Move,file system
1570100511.0070002,2791,400,None,Move,file system
1570100511.101,2790,400,None,Move,file system
1570100511.1120002,2789,400,None,Move,file system
1570100511.1179998,2788,399,None,Move,file system
1570100511.127,2787,399,None,Move,file system
1570100511.1339998,2785,398,None,Move,file system
1570100511.1420002,2784,396,None,Move,file system
1570100511.1520002,2782,396,None,Move,file system
1570100511.16,2781,395,None,Move,file system
1570100511.166,2780,394,None,Move,file system
1570100511.174,2779,394,None,Move,file system
1570100511.18,2779,394,None,Move,file system
1570100511.189,2779,394,None,Move,file system
1570100511.417,2779,394,None,Move,file system
1570100511.43,2779,394,None,Move,file system
1570100511.439,2779,394,None,Move,file system
1570100511.455,2779,395,None,Move,file system
1570100511.461,2779,395,None,Move,file system
1570100511.478,2779,396,None,Move,file system
1570100511.496,2780,396,None,Move,file system
1570100511.5010002,2781,397,None,Move,file system
1570100511.508,2782,397,None,Move,file system
1570100511.516,2782,397,None,Move,file system
1570100511.5229998,2783,398,None,Move,file system
1570100511.53,2784,399,None,Move,file system
1570100511.538,2785,399,None,Move,file system
1570100511.546,2786,399,None,Move,file system
1570100511.556,2787,400,None,Move,file system
1570100511.564,2789,400,None,Move,file system
1570100511.57,2790,402,None,Move,file system
1570100511.5779998,2791,403,None,Move,file system
1570100511.5879998,2793,403,None,Move,file system
1570100511.594,2794,405,None,Move,file system
1570100511.6,2796,405,None,Move,file system
1570100511.6079998,2797,407,None,Move,file system
1570100511.6160002,2798,408,None,Move,file system
1570100511.6239998,2800,409,None,Move,file system
1570100511.6320002,2801,410,None,Move,file system
1570100511.64,2803,412,None,Move,file system
1570100511.6479998,2804,412,None,Move,file system
1570100511.656,2805,414,None,Move,file system
1570100511.664,2806,414,None,Move,file system
1570100511.67,2807,414,None,Move,file system
1570100511.699,2808,416,None,Move,file system
1570100511.715,2808,417,None,Move,file system
1570100511.7229998,2808,418,None,Move,file system
1570100511.7270002,2808,418,None,Move,file system
1570100511.736,2808,418,None,Move,file system
1570100511.7529998,2808,419,None,Move,file system
1570100511.765,2809,419,None,Move,file system
1570100511.772,2809,420,None,Move,file system
1570100511.781,2810,420,None,Move,file system
1570100511.789,2810,421,None,Move,file system
1570100511.7970002,2810,422,None,Move,file system
1570100511.802,2811,422,None,Move,file system
1570100511.812,2811,423,None,Move,file system
1570100511.8170002,2812,424,None,Move,file system
1570100511.825,2813,425,None,Move,file system
1570100511.834,2814,426,None,Move,file system
1570100511.842,2815,427,None,Move,file system
1570100511.85,2816,429,None,Move,file system
1570100511.8579998,2817,429,None,Move,file system
1570100511.865,2819,431,None,Move,file system
1570100511.8720002,2820,432,None,Move,file system
1570100511.88,2822,433,None,Move,file system
1570100511.8879998,2823,434,None,Move,file system
1570100511.896,2824,435,None,Move,file system
1570100511.904,2826,437,None,Move,file system
1570100511.9120002,2827,437,None,Move,file system
1570100511.92,2829,438,None,Move,file system
1570100511.928,2830,439,None,Move,file system
1570100511.934,2831,440,None,Move,file system
1570100511.9420002,2832,440,None,Move,file system
1570100511.95,2832,441,None,Move,file system
1570100511.958,2833,441,None,Move,file system
1570100512.075,2834,441,None,Move,file system
1570100512.083,2836,441,None,Move,file system
1570100512.091,2839,440,None,Move,file system
1570100512.099,2842,439,None,Move,file system
1570100512.106,2845,439,None,Move,file system
1570100512.1139998,2847,439,None,Move,file system
1570100512.123,2849,439,None,Move,file system
1570100512.131,2850,440,None,Move,file system
1570100512.1379998,2851,442,None,Move,file system
1570100512.144,2851,446,None,Move,file system
1570100512.1520002,2851,449,None,Move,file system
1570100512.16,2851,450,None,Move,file system
1570100512.168,2851,453,None,Move,file system
1570100512.2729998,2851,453,None,Move,file system
1570100512.279,2851,452,None,Move,file system
1570100512.2870002,2852,451,None,Move,file system
1570100512.295,2854,449,None,Move,file system
1570100512.3,2854,449,None,Move,file system
1570100512.3079998,2855,448,None,Move,file system
1570100512.3170002,2856,448,None,Move,file system
1570100512.324,2857,448,None,Move,file system
1570100512.334,2857,448,None,Move,file system
1570100512.34,2858,448,None,Move,file system
1570100512.356,2858,448,None,Move,file system
1570100512.3779998,2858,448,None,Move,file system
1570100512.3860002,2858,448,None,Move,file system
1570100512.396,2858,446,None,Move,file system
1570100512.406,2858,445,None,Move,file system
1570100512.415,2858,444,None,Move,file system
1570100512.4220002,2858,442,None,Move,file system
1570100512.429,2858,441,None,Move,file system
1570100512.435,2858,440,None,Move,file system
1570100512.445,2858,438,None,Move,file system
1570100512.4529998,2858,437,None,Move,file system
1570100512.46,2858,436,None,Move,file system
1570100512.468,2858,435,None,Move,file system
1570100512.4770002,2858,433,None,Move,file system
1570100512.4829998,2858,432,None,Move,file system
1570100512.492,2858,431,None,Move,file system
1570100512.5,2858,430,None,Move,file system
1570100512.5070002,2858,429,None,Move,file system
1570100512.515,2857,428,None,Move,file system
1570100512.522,2857,427,None,Move,file system
1570100512.533,2856,427,None,Move,file system
1570100512.538,2855,425,None,Move,file system
1570100512.546,2854,424,None,Move,file system
1570100512.554,2852,422,None,Move,file system
1570100512.563,2851,421,None,Move,file system
1570100512.57,2850,420,None,Move,file system
1570100512.582,2848,417,None,Move,file system
1570100512.5879998,2846,416,None,Move,file system
1570100512.597,2845,414,None,Move,file system
1570100512.604,2843,413,None,Move,file system
1570100512.6120002,2842,412,None,Move,file system
1570100512.62,2841,410,None,Move,file system
1570100512.6279998,2839,409,None,Move,file system
1570100512.6360002,2838,407,None,Move,file system
1570100512.6420002,2836,406,None,Move,file system
1570100512.65,2835,405,None,Move,file system
1570100512.659,2834,405,None,Move,file system
1570100512.668,2833,403,None,Move,file system
1570100512.674,2832,402,None,Move,file system
1570100512.6829998,2832,401,None,Move,file system
1570100512.69,2831,401,None,Move,file system
1570100512.698,2831,400,None,Move,file system
1570100512.707,2830,400,None,Move,file system
1570100512.712,2829,400,None,Move,file system
1570100512.72,2828,400,None,Move,file system
1570100512.73,2826,399,None,Move,file system
1570100512.738,2825,398,None,Move,file system
1570100512.744,2823,398,None,Move,file system
1570100512.752,2822,397,None,Move,file system
1570100512.76,2821,396,None,Move,file system
1570100512.768,2819,396,None,Move,file system
1570100512.776,2818,394,None,Move,file system
1570100512.785,2817,394,None,Move,file system
1570100512.791,2815,392,None,Move,file system
1570100512.7970002,2814,392,None,Move,file system
1570100512.8070002,2814,392,None,Move,file system
1570100512.814,2813,390,None,Move,file system
1570100512.823,2813,390,None,Move,file system
1570100512.831,2813,389,None,Move,file system
1570100512.8379998,2813,389,None,Move,file system
1570100512.846,2813,387,None,Move,file system
1570100512.8520002,2815,387,None,Move,file system
1570100512.86,2816,385,None,Move,file system
1570100512.869,2818,385,None,Move,file system
1570100512.8760002,2820,384,None,Move,file system
1570100512.8839998,2824,384,None,Move,file system
1570100512.8920002,2828,384,None,Move,file system
1570100512.9,2832,384,None,Move,file system
1570100512.908,2838,384,None,Move,file system
1570100512.915,2843,384,None,Move,file system
1570100512.9220002,2849,385,None,Move,file system
1570100512.931,2855,385,None,Move,file system
1570100512.939,2862,386,None,Move,file system
1570100512.947,2870,387,None,Move,file system
1570100512.955,2879,388,None,Move,file system
1570100512.962,2887,390,None,Move,file system
1570100512.971,2898,391,None,Move,file system
1570100512.978,2906,392,None,Move,file system
1570100512.9870002,2915,393,None,Move,file system
1570100512.992,2925,395,None,Move,file system
1570100513.0,2937,395,None,Move,file system
1570100513.0110002,2947,395,None,Move,file system
1570100513.016,2959,395,None,Move,file system
1570100513.034,2978,398,None,Move,file system
1570100513.04,2986,398,None,Move,file system
1570100513.048,2994,398,None,Move,file system
1570100513.054,3002,398,None,Move,file system
1570100513.062,3011,397,None,Move,file system
1570100513.07,3020,396,None,Move,file system
1570100513.0779998,3030,395,None,Move,file system
1570100513.086,3038,393,None,Move,file system
1570100513.095,3045,392,None,Move,file system
1570100513.1020002,3052,390,None,Move,file system
1570100513.1239998,3058,388,None,Move,file system
1570100513.129,3069,386,None,Move,file system
1570100513.1339998,3073,384,None,Move,file system
1570100513.14,3078,384,None,Move,file system
1570100513.1479998,3082,382,None,Move,file system
1570100513.158,3083,381,None,Move,file system
1570100513.164,3086,380,None,Move,file system
1570100513.1720002,3087,380,None,Move,file system
1570100513.188,3088,380,None,Move,file system
1570100513.222,3088,379,None,Move,file system
1570100513.235,3089,378,None,Move,file system
1570100513.242,3092,378,None,Move,file system
1570100513.2510002,3094,378,None,Move,file system
1570100513.258,3095,378,None,Move,file system
1570100513.264,3096,378,None,Move,file system
1570100513.272,3098,378,None,Move,file system
1570100513.283,3098,378,None,Move,file system
1570100513.289,3099,378,None,Move,file system
1570100513.331,3099,378,None,Move,file system
1570100513.342,3100,378,None,Move,file system
1570100513.353,3101,379,None,Move,file system
1570100513.3579998,3103,379,None,Move,file system
1570100513.365,3104,379,None,Move,file system
1570100513.3739998,3104,380,None,Move,file system
1570100513.3820002,3105,380,None,Move,file system
1570100513.39,3106,381,None,Move,file system
1570100513.399,3106,381,None,Move,file system
1570100513.415,3107,381,None,Move,file system
1570100513.42,3108,382,None,Move,file system
1570100513.429,3109,383,None,Move,file system
1570100513.435,3111,383,None,Move,file system
1570100513.445,3112,383,None,Move,file system
1570100513.452,3113,383,None,Move,file system
1570100513.462,3115,384,None,Move,file system
1570100513.468,3116,385,None,Move,file system
1570100513.476,3117,386,None,Move,file system
1570100513.482,3119,386,None,Move,file system
1570100513.494,3120,387,None,Move,file system
1570100513.502,3122,388,None,Move,file system
1570100513.51,3122,388,None,Move,file system
1570100513.522,3123,388,None,Move,file system
1570100513.53,3123,389,None,Move,file system
1570100513.538,3123,389,None,Move,file system
1570100513.544,3124,390,None,Move,file system
1570100513.552,3126,391,None,Move,file system
1570100513.56,3127,392,None,Move,file system
1570100513.57,3128,393,None,Move,file system
1570100513.577,3128,393,None,Move,file system
1570100513.584,3130,395,None,Move,file system
1570100513.592,3131,395,None,Move,file system
1570100513.6,3132,396,None,Move,file system
1570100513.609,3132,396,None,Move,file system
1570100513.619,3133,396,None,Move,file system
1570100513.63,3133,396,None,Move,file system
1570100513.674,3133,397,None,Move,file system
1570100513.77,3134,397,None,Move,file system
1570100513.926,3134,397,Left,Pressed,file system
1570100514.054,3134,397,Left,Released,file system
1570100514.603,3134,397,None,Move,file system
1570100514.613,3134,398,None,Move,file system
1570100514.6220002,3134,399,None,Move,file system
1570100514.63,3134,399,None,Move,file system
1570100514.64,3134,400,None,Move,file system
1570100514.646,3134,400,None,Move,file system
1570100514.654,3134,402,None,Move,file system
1570100514.668,3133,405,None,Move,file system
1570100514.676,3132,406,None,Move,file system
1570100514.684,3132,407,None,Move,file system
1570100514.6920002,3130,409,None,Move,file system
1570100514.701,3129,410,None,Move,file system
1570100514.708,3127,412,None,Move,file system
1570100514.716,3126,413,None,Move,file system
1570100514.724,3124,415,None,Move,file system
1570100514.732,3122,417,None,Move,file system
1570100514.738,3121,419,None,Move,file system
1570100514.746,3119,420,None,Move,file system
1570100514.762,3115,425,None,Move,file system
1570100514.78,3109,430,None,Move,file system
1570100514.788,3105,434,None,Move,file system
1570100514.798,3101,437,None,Move,file system
1570100514.806,3099,439,None,Move,file system
1570100514.816,3098,441,None,Move,file system
1570100514.825,3094,445,None,Move,file system
1570100514.836,3093,446,None,Move,file system
1570100514.847,3091,448,None,Move,file system
1570100514.856,3088,450,None,Move,file system
1570100514.867,3088,452,None,Move,file system
1570100514.8760002,3086,453,None,Move,file system
1570100514.887,3086,454,None,Move,file system
1570100514.896,3086,454,None,Move,file system
1570100514.906,3086,455,None,Move,file system
1570100514.916,3086,455,None,Move,file system
1570100514.924,3086,456,None,Move,file system
1570100514.93,3084,457,None,Move,file system
1570100514.939,3084,458,None,Move,file system
1570100514.948,3082,459,None,Move,file system
1570100514.96,3076,462,None,Move,file system
1570100514.968,3071,464,None,Move,file system
1570100515.002,3058,483,None,Move,file system
1570100515.016,3054,488,None,Move,file system
1570100515.156,3053,488,None,Move,file system
1570100515.194,3053,481,None,Move,file system
1570100515.202,3051,477,None,Move,file system
1570100515.209,3051,475,None,Move,file system
1570100515.218,3051,475,None,Move,file system
1570100515.226,3051,474,None,Move,file system
1570100515.234,3051,474,None,Move,file system
1570100515.244,3051,473,None,Move,file system
1570100515.252,3051,473,None,Move,file system
1570100515.306,3051,473,None,Move,file system
1570100515.314,3050,473,None,Move,file system
1570100515.322,3050,473,None,Move,file system
1570100515.332,3050,474,None,Move,file system
1570100515.3379998,3048,474,None,Move,file system
1570100515.346,3048,476,None,Move,file system
1570100515.354,3047,478,None,Move,file system
1570100515.3620002,3046,480,None,Move,file system
1570100515.4,3044,502,None,Move,file system
1570100515.408,3041,530,None,Move,file system
1570100515.416,3041,536,None,Move,file system
1570100515.424,3041,543,None,Move,file system
1570100515.4320002,3042,549,None,Move,file system
1570100515.438,3043,556,None,Move,file system
1570100515.446,3045,562,None,Move,file system
1570100515.456,3046,568,None,Move,file system
1570100515.462,3046,573,None,Move,file system
1570100515.47,3047,579,None,Move,file system
1570100515.478,3047,584,None,Move,file system
1570100515.486,3048,590,None,Move,file system
1570100515.494,3049,594,None,Move,file system
1570100515.502,3049,598,None,Move,file system
1570100515.508,3049,603,None,Move,file system
1570100515.516,3049,608,None,Move,file system
1570100515.524,3049,612,None,Move,file system
1570100515.532,3050,615,None,Move,file system
1570100515.542,3051,617,None,Move,file system
1570100515.55,3051,620,None,Move,file system
1570100515.556,3053,621,None,Move,file system
1570100515.563,3054,622,None,Move,file system
1570100515.572,3054,624,None,Move,file system
1570100515.586,3056,628,None,Move,file system
1570100515.593,3056,629,None,Move,file system
1570100515.6020002,3057,631,None,Move,file system
1570100515.61,3057,632,None,Move,file system
1570100515.6179998,3058,633,None,Move,file system
1570100515.6260002,3058,635,None,Move,file system
1570100515.6339998,3059,636,None,Move,file system
1570100515.645,3059,637,None,Move,file system
1570100515.653,3059,638,None,Move,file system
1570100515.664,3060,638,None,Move,file system
1570100515.673,3060,639,None,Move,file system
1570100515.68,3060,639,None,Move,file system
1570100515.784,3061,640,None,Move,file system
1570100515.99,3061,640,None,Move,file system
1570100515.998,3061,642,None,Move,file system
1570100516.006,3061,643,None,Move,file system
1570100516.014,3060,646,None,Move,file system
1570100516.022,3058,647,None,Move,file system
1570100516.03,3057,649,None,Move,file system
1570100516.042,3055,651,None,Move,file system
1570100516.05,3055,651,None,Move,file system
1570100516.264,3054,651,None,Move,file system
1570100516.272,3054,651,None,Move,file system
1570100516.286,3053,649,None,Move,file system
1570100516.294,3053,648,None,Move,file system
1570100516.302,3053,647,None,Move,file system
1570100516.31,3053,645,None,Move,file system
1570100516.3179998,3053,644,None,Move,file system
1570100516.325,3054,643,None,Move,file system
1570100516.333,3055,641,None,Move,file system
1570100516.343,3055,641,None,Move,file system
1570100516.351,3056,640,None,Move,file system
1570100516.356,3056,640,None,Move,file system
1570100516.365,3056,639,None,Move,file system
1570100516.3720002,3056,638,None,Move,file system
1570100516.379,3056,637,None,Move,file system
1570100516.396,3056,637,None,Move,file system
1570100516.411,3056,636,None,Move,file system
1570100516.417,3056,635,None,Move,file system
1570100516.426,3056,635,None,Move,file system
1570100516.44,3056,634,None,Move,file system
1570100516.454,3056,634,None,Move,file system
1570100516.462,3056,633,None,Move,file system
1570100516.474,3056,633,None,Move,file system
1570100516.48,3056,632,None,Move,file system
1570100516.488,3056,631,None,Move,file system
1570100516.5010002,3056,631,None,Move,file system
1570100516.512,3056,630,None,Move,file system
1570100516.52,3056,630,None,Move,file system
1570100516.532,3056,629,None,Move,file system
1570100516.54,3056,629,None,Move,file system
1570100516.55,3056,628,None,Move,file system
1570100516.563,3056,627,None,Move,file system
1570100516.6120002,3056,627,None,Move,file system
1570100520.548,3056,627,None,Move,file system
1570100520.556,3056,628,None,Move,file system
1570100520.566,3056,630,None,Move,file system
1570100520.573,3057,631,None,Move,file system
1570100520.58,3057,632,None,Move,file system
1570100520.5879998,3057,634,None,Move,file system
1570100520.594,3057,635,None,Move,file system
1570100520.607,3058,636,None,Move,file system
1570100520.615,3059,638,None,Move,file system
1570100520.6260002,3059,640,None,Move,file system
1570100520.635,3060,641,None,Move,file system
1570100520.644,3060,641,None,Move,file system
1570100520.656,3060,642,None,Move,file system
1570100520.661,3060,643,None,Move,file system
1570100520.671,3061,644,None,Move,file system
1570100520.68,3061,646,None,Move,file system
1570100520.69,3061,647,None,Move,file system
1570100520.696,3061,648,None,Move,file system
1570100520.708,3061,650,None,Move,file system
1570100520.716,3061,651,None,Move,file system
1570100520.726,3061,653,None,Move,file system
1570100520.734,3061,654,None,Move,file system
1570100520.745,3061,655,None,Move,file system
1570100520.75,3061,657,None,Move,file system
1570100520.755,3061,658,None,Move,file system
1570100520.762,3061,658,None,Move,file system
1570100520.774,3061,659,None,Move,file system
1570100520.785,3061,660,None,Move,file system
1570100520.796,3061,661,None,Move,file system
1570100520.802,3060,661,None,Move,file system
1570100520.8070002,3060,661,None,Move,file system
1570100520.964,3060,661,None,Move,file system
1570100520.9729998,3059,661,None,Move,file system
1570100520.981,3059,659,None,Move,file system
1570100520.9910002,3058,658,None,Move,file system
1570100520.998,3058,657,None,Move,file system
1570100521.0089998,3057,655,None,Move,file system
1570100521.0170002,3057,654,None,Move,file system
1570100521.031,3057,651,None,Move,file system
1570100521.0370002,3056,651,None,Move,file system
1570100521.042,3056,649,None,Move,file system
1570100521.051,3056,649,None,Move,file system
1570100521.061,3056,648,None,Move,file system
1570100521.071,3055,646,None,Move,file system
1570100521.079,3055,645,None,Move,file system
1570100521.09,3055,643,None,Move,file system
1570100521.0979998,3055,642,None,Move,file system
1570100521.1079998,3055,641,None,Move,file system
1570100521.137,3055,639,None,Move,file system
1570100521.144,3055,639,None,Move,file system
1570100521.155,3055,638,None,Move,file system
1570100521.166,3055,638,None,Move,file system
1570100521.176,3055,637,None,Move,file system
1570100521.228,3055,637,Left,Pressed,file system
1570100521.334,3055,637,Left,Released,file system
1570100521.43,3055,637,None,Move,file system
1570100521.447,3055,637,None,Move,file system
1570100521.466,3055,637,None,Move,file system
1570100521.474,3055,637,None,Move,file system
1570100521.485,3055,638,None,Move,file system
1570100522.22,3055,638,None,Move,file system
1570100522.232,3055,639,None,Move,file system
1570100522.252,3055,640,None,Move,file system
1570100522.82,3056,640,None,Move,file system
1570100522.83,3057,640,None,Move,file system
1570100522.8379998,3058,639,None,Move,file system
1570100522.846,3059,639,None,Move,file system
1570100522.856,3060,639,None,Move,file system
1570100522.863,3062,638,None,Move,file system
1570100522.87,3063,637,None,Move,file system
1570100522.8820002,3066,635,None,Move,file system
1570100522.89,3072,633,None,Move,file system
1570100522.897,3074,632,None,Move,file system
1570100522.904,3075,633,None,Move,file system
1570100522.9120002,3075,635,None,Move,file system
1570100522.92,3075,636,None,Move,file system
1570100522.9320002,3075,638,None,Move,file system
1570100522.94,3075,638,None,Move,file system
1570100522.998,3075,638,None,Move,file system
1570100523.006,3075,638,None,Move,file system
1570100523.014,3075,638,None,Move,file system
1570100523.022,3075,636,None,Move,file system
1570100523.03,3075,635,None,Move,file system
1570100523.036,3075,634,None,Move,file system
1570100523.084,3075,633,None,Move,file system
1570100523.092,3075,633,None,Move,file system
1570100523.1,3076,633,None,Move,file system
1570100523.107,3076,633,None,Move,file system
1570100523.1160002,3077,632,None,Move,file system
1570100523.1220002,3077,632,None,Move,file system
1570100523.13,3078,632,None,Move,file system
1570100523.1420002,3078,631,None,Move,file system
1570100523.15,3079,631,None,Move,file system
1570100523.158,3080,631,None,Move,file system
1570100523.17,3081,630,None,Move,file system
1570100523.176,3081,629,None,Move,file system
1570100523.184,3081,628,None,Move,file system
1570100523.1920002,3082,626,None,Move,file system
1570100523.2,3083,625,None,Move,file system
1570100523.208,3084,623,None,Move,file system
1570100523.216,3084,622,None,Move,file system
1570100523.2229998,3085,619,None,Move,file system
1570100523.234,3087,617,None,Move,file system
1570100523.244,3089,614,None,Move,file system
1570100523.25,3090,611,None,Move,file system
1570100523.258,3092,606,None,Move,file system
1570100523.266,3093,602,None,Move,file system
1570100523.274,3095,597,None,Move,file system
1570100523.282,3099,592,None,Move,file system
1570100523.29,3104,586,None,Move,file system
1570100523.298,3109,580,None,Move,file system
1570100523.306,3117,574,None,Move,file system
1570100523.314,3124,567,None,Move,file system
1570100523.32,3132,561,None,Move,file system
1570100523.3279998,3139,556,None,Move,file system
1570100523.336,3148,549,None,Move,file system
1570100523.344,3159,543,None,Move,file system
1570100523.3520002,3171,536,None,Move,file system
1570100523.3839998,3254,496,None,Move,file system
1570100523.39,3301,474,None,Move,file system
1570100523.3979998,3317,466,None,Move,file system
1570100523.406,3332,458,None,Move,file system
1570100523.416,3350,450,None,Move,file system
1570100523.426,3381,433,None,Move,file system
1570100523.434,3398,427,None,Move,file system
1570100523.4420002,3412,424,None,Move,file system
1570100523.448,3424,423,None,Move,file system
1570100523.456,3433,422,None,Move,file system
1570100523.464,3441,420,None,Move,file system
1570100523.472,3450,418,None,Move,file system
1570100523.48,3458,416,None,Move,file system
1570100523.488,3466,414,None,Move,file system
1570100523.496,3473,412,None,Move,file system
1570100523.504,3480,410,None,Move,file system
1570100523.512,3486,408,None,Move,file system
1570100523.518,3492,406,None,Move,file system
1570100523.526,3494,404,None,Move,file system
1570100523.534,3496,404,None,Move,file system
1570100523.544,3498,403,None,Move,file system
1570100523.549,3498,403,None,Move,file system
1570100523.5579998,3498,402,None,Move,file system
1570100523.6239998,3498,402,None,Move,file system
1570100523.6320002,3493,404,None,Move,file system
1570100523.64,3478,408,None,Move,file system
1570100523.6479998,3449,413,None,Move,file system
1570100523.656,3413,414,None,Move,file system
1570100523.666,3321,411,None,Move,file system
1570100523.675,3248,429,None,Move,file system
1570100523.6820002,3166,442,None,Move,file system
1570100523.69,3081,451,None,Move,file system
1570100523.7,2992,453,None,Move,file system
1570100523.706,2889,458,None,Move,file system
1570100523.714,2783,467,None,Move,file system
1570100523.722,2668,480,None,Move,file system
1570100523.729,2540,467,None,Move,file system
1570100523.736,2411,465,None,Move,file system
1570100523.744,2273,473,None,Move,file system
1570100523.752,2140,478,None,Move,file system
1570100523.76,2000,472,None,Move,file system
1570100523.768,1868,472,None,Move,file system
1570100523.7770002,1743,460,None,Move,file system
1570100523.784,1616,456,None,Move,file system
1570100523.79,1504,444,None,Move,file system
1570100523.798,1406,427,None,Move,file system
1570100523.806,1331,414,None,Move,file system
1570100523.814,1269,399,None,Move,file system
1570100523.822,1230,383,None,Move,file system
1570100523.832,1209,369,None,Move,file system
1570100523.8379998,1199,361,None,Move,file system
1570100523.846,1194,355,None,Move,file system
1570100523.854,1192,349,None,Move,file system
1570100523.86,1192,342,None,Move,file system
1570100523.8679998,1192,337,None,Move,file system
1570100523.8760002,1196,331,None,Move,file system
1570100523.8839998,1201,325,None,Move,file system
1570100523.894,1207,319,None,Move,file system
1570100523.9,1213,314,None,Move,file system
1570100523.908,1220,309,None,Move,file system
1570100523.916,1226,306,None,Move,file system
1570100523.924,1233,303,None,Move,file system
1570100523.9320002,1242,301,None,Move,file system
1570100523.938,1250,299,None,Move,file system
1570100523.945,1257,297,None,Move,file system
1570100523.9529998,1265,295,None,Move,file system
1570100523.962,1273,293,None,Move,file system
1570100523.978,1295,287,None,Move,file system
1570100523.986,1301,286,None,Move,file system
1570100523.994,1309,283,None,Move,file system
1570100524.002,1316,281,None,Move,file system
1570100524.008,1322,280,None,Move,file system
1570100524.016,1326,278,None,Move,file system
1570100524.024,1331,276,None,Move,file system
1570100524.032,1335,273,None,Move,file system
1570100524.04,1340,270,None,Move,file system
1570100524.048,1346,267,None,Move,file system
1570100524.056,1352,265,None,Move,file system
1570100524.064,1359,261,None,Move,file system
1570100524.074,1374,254,None,Move,file system
1570100524.082,1381,250,None,Move,file system
1570100524.09,1388,247,None,Move,file system
1570100524.1,1392,245,None,Move,file system
1570100524.105,1396,243,None,Move,file system
1570100524.1160002,1397,242,None,Move,file system
1570100524.1220002,1398,242,None,Move,file system
1570100524.164,1398,241,None,Move,file system
1570100524.18,1398,239,None,Move,file system
1570100524.196,1396,235,None,Move,file system
1570100524.204,1396,234,None,Move,file system
1570100524.21,1395,233,None,Move,file system
1570100524.218,1394,231,None,Move,file system
1570100524.226,1392,230,None,Move,file system
1570100524.238,1391,227,None,Move,file system
1570100524.248,1388,224,None,Move,file system
1570100524.254,1387,223,None,Move,file system
1570100524.264,1385,221,None,Move,file system
1570100524.27,1384,220,None,Move,file system
1570100524.276,1382,218,None,Move,file system
1570100524.284,1381,217,None,Move,file system
1570100524.292,1380,216,None,Move,file system
1570100524.3,1378,214,None,Move,file system
1570100524.3079998,1377,213,None,Move,file system
1570100524.316,1375,211,None,Move,file system
1570100524.324,1374,210,None,Move,file system
1570100524.332,1372,209,None,Move,file system
1570100524.34,1372,207,None,Move,file system
1570100524.346,1371,206,None,Move,file system
1570100524.354,1370,204,None,Move,file system
1570100524.3620002,1369,203,None,Move,file system
1570100524.37,1368,202,None,Move,file system
1570100524.3860002,1364,198,None,Move,file system
1570100524.394,1363,197,None,Move,file system
1570100524.4020002,1361,195,None,Move,file system
1570100524.41,1360,193,None,Move,file system
1570100524.416,1358,192,None,Move,file system
1570100524.424,1357,190,None,Move,file system
1570100524.4320002,1356,189,None,Move,file system
1570100524.44,1355,187,None,Move,file system
1570100524.448,1354,185,None,Move,file system
1570100524.456,1353,184,None,Move,file system
1570100524.464,1352,182,None,Move,file system
1570100524.472,1351,181,None,Move,file system
1570100524.48,1351,181,None,Move,file system
1570100524.488,1351,180,None,Move,file system
1570100524.498,1351,179,None,Move,file system
1570100524.51,1351,179,None,Move,file system
1570100524.522,1350,178,None,Move,file system
1570100524.53,1350,178,None,Move,file system
1570100524.538,1350,177,None,Move,file system
1570100524.546,1350,177,None,Move,file system
1570100524.556,1350,176,None,Move,file system
1570100524.564,1350,175,None,Move,file system
1570100524.658,1349,175,None,Move,file system
1570100524.666,1349,174,None,Move,file system
1570100524.674,1348,172,None,Move,file system
1570100524.6820002,1348,172,None,Move,file system
1570100524.69,1348,171,None,Move,file system
1570100524.815,1348,171,Left,Pressed,file system
1570100524.928,1348,171,Left,Released,file system
1570100524.972,1348,171,None,Move,file system
1570100524.984,1348,171,None,Move,file system
1570100525.016,1348,173,None,Move,file system
1570100525.1020002,1349,175,None,Move,file system
1570100525.1120002,1349,176,None,Move,file system
1570100525.1220002,1350,178,None,Move,file system
1570100525.13,1352,180,None,Move,file system
1570100525.141,1352,183,None,Move,file system
1570100525.1520002,1353,186,None,Move,file system
1570100525.161,1354,191,None,Move,file system
1570100525.17,1354,193,None,Move,file system
1570100525.179,1355,194,None,Move,file system
1570100525.187,1355,196,None,Move,file system
1570100525.222,1355,200,None,Move,file system
1570100525.8820002,1355,200,None,Move,file system
1570100525.894,1355,201,None,Move,file system
1570100525.904,1355,201,None,Move,file system
1570100525.914,1355,203,None,Move,file system
1570100525.9220002,1355,204,None,Move,file system
1570100525.938,1355,207,None,Move,file system
1570100525.958,1355,210,None,Move,file system
1570100525.964,1355,212,None,Move,file system
1570100525.972,1355,214,None,Move,file system
1570100525.98,1355,215,None,Move,file system
1570100525.994,1355,218,None,Move,file system
1570100526.038,1356,229,None,Move,file system
1570100526.046,1356,233,None,Move,file system
1570100526.054,1356,235,None,Move,file system
1570100526.062,1357,236,None,Move,file system
1570100526.07,1357,237,None,Move,file system
1570100526.076,1358,239,None,Move,file system
1570100526.084,1358,240,None,Move,file system
1570100526.092,1358,241,None,Move,file system
1570100526.1,1358,242,None,Move,file system
1570100526.1079998,1358,243,None,Move,file system
1570100526.1239998,1358,244,None,Move,file system
1570100526.82,1358,244,None,Move,file system
1570100526.846,1358,243,None,Move,file system
1570100526.854,1357,243,None,Move,file system
