client_timestamp,x,y,button,state,window
1568357282.794,281,749,None,Move,development
1568357282.804,281,745,None,Move,development
1568357282.824,279,732,None,Move,development
1568357282.834,277,728,None,Move,development
1568357282.844,276,722,None,Move,development
1568357282.854,276,720,None,Move,development
1568357282.8639998,276,719,None,Move,development
1568357282.8739998,277,719,None,Move,development
1568357282.8839998,279,716,None,Move,development
1568357747.242,279,713,None,Move,development
1568357747.262,74,-414,None,Move,development
1568357747.3920002,-136,811,None,Move,development
1568357747.4020002,-6,788,None,Move,development
1568357747.4120002,-6,792,None,Move,development
1568357747.4220002,-19,811,None,Move,development
1568357747.4320002,-20,812,None,Move,development
1568357747.447,-15,803,None,Move,development
1568357747.455,-18,804,None,Move,development
1568357747.465,-14,788,None,Move,development
1568357747.474,-9,779,None,Move,development
1568357747.4829998,-17,778,None,Move,development
1568357747.4910002,-5,770,None,Move,development
1568357747.492,-24,776,None,Move,development
1568357747.502,-14,769,None,Move,development
1568357747.512,-16,767,None,Move,development
1568357747.522,-14,767,None,Move,development
1568357747.532,-20,767,None,Move,development
1568357747.542,-8,767,None,Move,development
1568357747.552,-4,767,None,Move,development
1568357747.562,-2,763,None,Move,development
1568357747.572,-2,761,None,Move,development
1568357747.582,-3,754,None,Move,development
1568357747.592,-4,746,None,Move,development
1568357747.6020002,-2,736,None,Move,development
1568357747.6120002,-8,718,None,Move,development
1568357747.6220002,-2,706,None,Move,development
1568357747.6320002,-3,692,None,Move,development
1568357747.6420002,-5,681,None,Move,development
1568357747.6520002,-7,642,None,Move,development
1568357747.6620002,-5,616,None,Move,development
1568357747.6720002,-1,594,None,Move,development
1568357747.6820002,-2,568,None,Move,development
1568357747.6920002,-1,517,None,Move,development
1568357747.702,-5,483,None,Move,development
1568357747.712,-4,446,None,Move,development
1568357747.722,-7,409,None,Move,development
1568357747.732,-7,336,None,Move,development
1568357747.742,-3,307,None,Move,development
1568357747.752,0,278,None,Move,development
1568357747.762,3,256,None,Move,development
1568357747.772,21,226,None,Move,development
1568357747.782,25,217,None,Move,development
1568357747.792,28,209,None,Move,development
1568357747.802,30,203,None,Move,development
1568357747.812,30,194,None,Move,development
1568357747.822,30,191,None,Move,development
1568357747.832,33,186,None,Move,development
1568357747.841,33,186,None,Move,development
1568357747.851,35,185,None,Move,development
1568357747.861,40,185,None,Move,development
1568357747.871,47,186,None,Move,development
1568357747.881,57,200,None,Move,development
1568357747.891,73,222,None,Move,development
1568357747.901,78,233,None,Move,development
1568357747.911,84,245,None,Move,development
1568357747.921,88,255,None,Move,development
1568357747.931,90,259,None,Move,development
1568357747.941,95,283,None,Move,development
1568357747.951,99,293,None,Move,development
1568357747.961,102,303,None,Move,development
1568357747.971,102,308,None,Move,development
1568357747.981,107,339,None,Move,development
1568357747.9910002,111,357,None,Move,development
1568357748.0010002,113,375,None,Move,development
1568357748.0110002,114,381,None,Move,development
1568357748.021,114,426,None,Move,development
1568357748.031,114,448,None,Move,development
1568357748.041,114,470,None,Move,development
1568357748.051,114,478,None,Move,development
1568357748.061,107,543,None,Move,development
1568357748.071,102,565,None,Move,development
1568357748.081,96,587,None,Move,development
1568357748.091,93,594,None,Move,development
1568357748.101,76,634,None,Move,development
1568357748.121,74,640,None,Move,development
1568357748.151,74,642,None,Move,development
1568357748.161,75,641,None,Move,development
1568357748.181,83,634,None,Move,development
1568357748.191,84,632,None,Move,development
1568357748.2129998,91,618,None,Move,development
1568357748.222,96,607,None,Move,development
1568357748.232,96,596,None,Move,development
1568357748.242,99,574,None,Move,development
1568357748.252,99,571,None,Move,development
1568357748.262,103,549,None,Move,development
1568357748.272,105,535,None,Move,development
1568357748.282,113,512,None,Move,development
1568357748.292,114,508,None,Move,development
1568357748.302,118,497,None,Move,development
1568357748.312,122,491,None,Move,development
1568357748.322,125,484,None,Move,development
1568357748.342,131,472,None,Move,development
1568357748.3520002,134,459,None,Move,development
1568357748.3620002,135,457,None,Move,development
1568357748.3720002,136,453,None,Move,development
1568357748.3820002,136,452,None,Move,development
1568357748.3920002,136,450,None,Move,development
1568357748.4020002,136,448,None,Move,development
1568357748.4120002,136,446,None,Move,development
1568357748.4220002,136,443,None,Move,development
1568357748.4320002,136,437,None,Move,development
1568357748.449,135,419,None,Move,development
1568357748.455,134,417,None,Move,development
1568357748.4629998,124,389,None,Move,development
1568357748.4729998,116,364,None,Move,development
1568357748.481,109,344,None,Move,development
1568357748.488,104,330,None,Move,development
1568357748.498,102,311,None,Move,development
1568357748.508,102,302,None,Move,development
1568357748.519,102,295,None,Move,development
1568357748.529,102,287,None,Move,development
1568357748.539,100,269,None,Move,development
1568357748.549,99,259,None,Move,development
1568357748.559,99,248,None,Move,development
1568357748.569,99,237,None,Move,development
1568357748.579,99,215,None,Move,development
1568357748.589,101,204,None,Move,development
1568357748.599,105,192,None,Move,development
1568357748.609,110,180,None,Move,development
1568357748.619,125,149,None,Move,development
1568357748.629,131,138,None,Move,development
1568357748.639,137,127,None,Move,development
1568357748.649,143,118,None,Move,development
1568357748.658,155,102,None,Move,development
1568357748.669,163,94,None,Move,development
1568357748.679,171,89,None,Move,development
1568357748.689,181,83,None,Move,development
1568357748.698,202,75,None,Move,development
1568357748.708,211,72,None,Move,development
1568357748.718,217,71,None,Move,development
1568357748.728,219,71,None,Move,development
1568357748.738,223,71,None,Move,development
1568357748.748,225,70,None,Move,development
1568357748.779,225,70,None,Move,development
1568357748.789,225,67,None,Move,development
1568357748.8079998,223,66,None,Move,development
1568357748.8179998,219,64,None,Move,development
1568357748.8279998,215,62,None,Move,development
1568357748.8379998,209,62,None,Move,development
1568357748.8479998,207,62,None,Move,development
1568357748.8579998,205,62,None,Move,development
1568357748.8679998,204,62,None,Move,development
1568357748.8779998,200,62,None,Move,development
1568357748.8879998,187,73,None,Move,development
1568357748.8979998,183,75,None,Move,development
1568357748.908,170,82,None,Move,development
1568357748.918,154,92,None,Move,development
1568357748.928,148,97,None,Move,development
1568357748.938,144,99,None,Move,development
1568357748.948,134,106,None,Move,development
1568357748.958,131,110,None,Move,development
1568357748.968,125,117,None,Move,development
1568357748.978,124,118,None,Move,development
1568357748.988,122,123,None,Move,development
1568357748.998,120,125,None,Move,development
1568357749.008,117,130,None,Move,development
1568357749.018,115,132,None,Move,development
1568357749.028,109,138,None,Move,development
1568357749.038,107,142,None,Move,development
1568357749.048,103,148,None,Move,development
1568357749.0579998,103,149,None,Move,development
1568357749.0679998,101,153,None,Move,development
1568357749.0779998,101,154,None,Move,development
1568357749.0879998,101,156,None,Move,development
1568357749.0979998,101,158,None,Move,development
1568357749.1079998,101,158,None,Move,development
1568357749.1179998,101,159,None,Move,development
1568357749.1379998,101,160,None,Move,development
1568357749.1479998,102,160,None,Move,development
1568357749.158,103,160,None,Move,development
1568357749.178,104,160,None,Move,development
1568357749.188,105,160,None,Move,development
1568357749.198,105,160,None,Move,development
1568357749.208,107,160,None,Move,development
1568357749.218,107,159,None,Move,development
1568357749.228,109,157,None,Move,development
1568357749.238,110,157,None,Move,development
1568357749.248,113,154,None,Move,development
1568357749.258,113,153,None,Move,development
1568357749.268,115,150,None,Move,development
1568357749.278,116,147,None,Move,development
1568357749.288,118,144,None,Move,development
1568357749.298,119,143,None,Move,development
1568357749.3079998,119,142,None,Move,development
1568357749.3179998,120,139,None,Move,development
1568357749.3979998,120,139,None,Move,development
1568357749.408,119,139,None,Move,development
1568357749.418,117,139,None,Move,development
1568357749.428,115,139,None,Move,development
1568357749.4420002,114,139,None,Move,development
1568357749.449,109,140,None,Move,development
1568357749.457,106,140,None,Move,development
1568357749.462,106,140,None,Move,development
1568357749.472,102,140,None,Move,development
1568357749.482,97,140,None,Move,development
1568357749.4870002,95,140,None,Move,development
1568357749.4970002,91,140,None,Move,development
1568357749.5070002,83,140,None,Move,development
1568357749.5170002,80,140,None,Move,development
1568357749.5270002,70,142,None,Move,development
1568357749.5370002,66,142,None,Move,development
1568357749.5470002,48,148,None,Move,development
1568357749.5570002,42,150,None,Move,development
1568357749.5670002,39,150,None,Move,development
1568357749.577,35,153,None,Move,development
1568357749.617,34,154,None,Move,development
1568357749.647,34,154,None,Move,development
1568357749.756,34,155,None,Move,development
1568357749.846,34,155,Left,Pressed,development
1568357749.926,34,155,Left,Released,development
1568357749.966,34,156,None,Move,development
1568357750.016,34,156,None,Move,development
1568357750.066,35,157,None,Move,development
1568357750.086,37,158,None,Move,development
1568357750.106,38,160,None,Move,development
1568357750.1160002,39,161,None,Move,development
1568357750.1260002,41,163,None,Move,development
1568357750.1360002,44,167,None,Move,development
1568357750.146,49,171,None,Move,development
1568357750.156,53,173,None,Move,development
1568357750.166,56,176,None,Move,development
1568357750.176,64,180,None,Move,development
1568357750.186,71,183,None,Move,development
1568357750.196,75,185,None,Move,development
1568357750.206,82,189,None,Move,development
1568357750.216,88,192,None,Move,development
1568357750.226,101,198,None,Move,development
1568357750.236,108,200,None,Move,development
1568357750.246,117,203,None,Move,development
1568357750.256,125,205,None,Move,development
1568357750.266,143,210,None,Move,development
1568357750.276,154,212,None,Move,development
1568357750.286,162,214,None,Move,development
1568357750.296,172,219,None,Move,development
1568357750.306,193,225,None,Move,development
1568357750.316,201,227,None,Move,development
1568357750.326,213,231,None,Move,development
1568357750.336,225,237,None,Move,development
1568357750.346,254,246,None,Move,development
1568357750.356,266,249,None,Move,development
1568357750.3660002,277,253,None,Move,development
1568357750.3760002,289,256,None,Move,development
1568357750.3860002,309,260,None,Move,development
1568357750.396,320,266,None,Move,development
1568357750.406,330,271,None,Move,development
1568357750.416,342,276,None,Move,development
1568357750.426,368,291,None,Move,development
1568357750.436,380,296,None,Move,development
1568357750.45,391,302,None,Move,development
1568357750.46,400,305,None,Move,development
1568357750.465,404,307,None,Move,development
1568357750.472,430,316,None,Move,development
1568357750.482,446,324,None,Move,development
1568357750.485,463,330,None,Move,development
1568357750.495,482,336,None,Move,development
1568357750.505,489,338,None,Move,development
1568357750.515,533,353,None,Move,development
1568357750.525,545,357,None,Move,development
1568357750.535,557,362,None,Move,development
1568357750.555,583,372,None,Move,development
1568357750.565,595,374,None,Move,development
1568357750.574,614,381,None,Move,development
1568357750.584,617,382,None,Move,development
1568357750.595,629,386,None,Move,development
1568357750.605,635,387,None,Move,development
1568357750.6139998,644,390,None,Move,development
1568357750.6239998,645,391,None,Move,development
1568357750.6339998,649,391,None,Move,development
1568357750.644,650,391,None,Move,development
1568357750.664,654,391,None,Move,development
1568357750.674,654,391,None,Move,development
1568357750.684,655,391,None,Move,development
1568357750.694,656,391,None,Move,development
1568357750.704,656,391,None,Move,development
1568357750.715,656,386,None,Move,development
1568357750.724,656,383,None,Move,development
1568357750.734,657,378,None,Move,development
1568357750.744,657,377,None,Move,development
1568357750.754,657,372,None,Move,development
1568357750.764,657,365,None,Move,development
1568357750.774,644,349,None,Move,development
1568357750.784,640,344,None,Move,development
1568357750.794,622,328,None,Move,development
1568357750.804,609,319,None,Move,development
1568357750.814,588,306,None,Move,development
1568357750.824,583,302,None,Move,development
1568357750.834,565,297,None,Move,development
1568357750.844,558,293,None,Move,development
1568357750.854,547,290,None,Move,development
1568357750.8639998,545,289,None,Move,development
1568357750.8739998,540,288,None,Move,development
1568357750.8839998,538,287,None,Move,development
1568357750.894,535,285,None,Move,development
1568357750.904,533,284,None,Move,development
1568357750.914,531,283,None,Move,development
1568357750.924,529,282,None,Move,development
1568357750.934,521,278,None,Move,development
1568357750.944,520,278,None,Move,development
1568357750.954,516,276,None,Move,development
1568357750.964,513,276,None,Move,development
1568357750.974,509,275,None,Move,development
1568357750.984,508,275,None,Move,development
1568357750.994,507,275,None,Move,development
1568357751.004,507,275,None,Move,development
1568357751.024,506,275,None,Move,development
1568357751.034,506,275,None,Move,development
1568357751.044,505,275,None,Move,development
1568357751.064,504,275,None,Move,development
1568357751.074,504,275,None,Move,development
1568357751.294,503,275,None,Move,development
1568357751.314,503,275,None,Move,development
1568357751.324,504,278,None,Move,development
1568357751.334,504,279,None,Move,development
1568357751.344,505,284,None,Move,development
1568357751.354,506,287,None,Move,development
1568357751.3639998,507,291,None,Move,development
1568357751.3739998,507,292,None,Move,development
1568357751.3839998,508,293,None,Move,development
1568357751.394,508,294,None,Move,development
1568357751.404,508,294,None,Move,development
1568357751.414,508,295,None,Move,development
1568357751.424,508,297,None,Move,development
1568357751.434,508,297,None,Move,development
1568357751.45,508,298,None,Move,development
1568357751.644,508,298,Left,Pressed,development
1568357751.734,508,298,Left,Released,development
1568357752.044,508,299,None,Move,development
1568357752.064,508,299,None,Move,development
1568357752.084,509,300,None,Move,development
1568357752.094,510,301,None,Move,development
1568357752.104,510,302,None,Move,development
1568357752.1139998,511,302,None,Move,development
1568357752.144,514,304,None,Move,development
1568357752.154,514,304,None,Move,development
1568357752.164,515,305,None,Move,development
1568357752.174,516,307,None,Move,development
1568357752.184,517,309,None,Move,development
1568357752.194,518,310,None,Move,development
1568357752.204,518,311,None,Move,development
1568357752.214,521,315,None,Move,development
1568357752.224,522,317,None,Move,development
1568357752.234,524,322,None,Move,development
1568357752.244,525,323,None,Move,development
1568357752.254,525,326,None,Move,development
1568357752.264,526,327,None,Move,development
1568357752.274,527,329,None,Move,development
1568357752.284,528,334,None,Move,development
1568357752.294,529,337,None,Move,development
1568357752.304,530,341,None,Move,development
1568357752.314,530,343,None,Move,development
1568357752.324,531,349,None,Move,development
1568357752.334,531,351,None,Move,development
1568357752.344,532,354,None,Move,development
1568357752.354,532,356,None,Move,development
1568357752.3639998,532,361,None,Move,development
1568357752.3739998,533,363,None,Move,development
1568357752.3839998,533,363,None,Move,development
1568357752.394,533,367,None,Move,development
1568357752.404,533,369,None,Move,development
1568357752.414,533,374,None,Move,development
1568357752.424,533,378,None,Move,development
1568357752.434,533,384,None,Move,development
1568357752.451,533,394,None,Move,development
1568357752.461,531,404,None,Move,development
1568357752.466,529,412,None,Move,development
1568357752.475,527,422,None,Move,development
1568357752.481,526,425,None,Move,development
1568357752.4910002,520,443,None,Move,development
1568357752.5010002,518,451,None,Move,development
1568357752.5110002,516,467,None,Move,development
1568357752.521,515,473,None,Move,development
1568357752.531,513,486,None,Move,development
1568357752.541,512,496,None,Move,development
1568357752.551,508,516,None,Move,development
1568357752.561,508,518,None,Move,development
1568357752.571,504,533,None,Move,development
1568357752.581,501,543,None,Move,development
1568357752.591,494,560,None,Move,development
1568357752.601,493,562,None,Move,development
1568357752.611,490,573,None,Move,development
1568357752.621,487,581,None,Move,development
1568357752.631,482,595,None,Move,development
1568357752.641,481,597,None,Move,development
1568357752.651,478,605,None,Move,development
1568357752.661,478,612,None,Move,development
1568357752.671,473,626,None,Move,development
1568357752.681,472,629,None,Move,development
1568357752.691,467,639,None,Move,development
1568357752.701,466,642,None,Move,development
1568357752.711,460,653,None,Move,development
1568357752.721,459,654,None,Move,development
1568357752.731,458,658,None,Move,development
1568357752.7410002,457,659,None,Move,development
1568357752.7510002,454,662,None,Move,development
1568357752.7610002,452,664,None,Move,development
1568357752.771,452,665,None,Move,development
1568357752.781,451,666,None,Move,development
1568357752.791,450,669,None,Move,development
1568357752.801,449,670,None,Move,development
1568357752.811,448,672,None,Move,development
1568357752.821,448,674,None,Move,development
1568357752.831,446,676,None,Move,development
1568357752.841,446,677,None,Move,development
1568357752.851,444,679,None,Move,development
1568357752.861,443,680,None,Move,development
1568357752.871,443,680,None,Move,development
1568357752.881,441,681,None,Move,development
1568357752.891,441,682,None,Move,development
1568357752.901,440,683,None,Move,development
1568357752.911,438,685,None,Move,development
1568357752.921,438,686,None,Move,development
1568357752.931,437,686,None,Move,development
1568357752.941,436,686,None,Move,development
1568357752.951,434,687,None,Move,development
1568357752.961,431,688,None,Move,development
1568357752.971,430,688,None,Move,development
1568357752.981,429,688,None,Move,development
1568357752.9910002,427,688,None,Move,development
1568357753.021,427,688,None,Move,development
1568357753.041,426,689,None,Move,development
1568357753.051,426,689,None,Move,development
1568357753.061,425,689,None,Move,development
1568357753.071,425,690,None,Move,development
1568357753.081,424,690,None,Move,development
1568357753.091,423,690,None,Move,development
1568357753.171,422,690,None,Move,development
1568357753.191,422,689,None,Move,development
1568357753.211,422,688,None,Move,development
1568357753.221,422,685,None,Move,development
1568357753.231,422,683,None,Move,development
1568357753.2510002,422,681,None,Move,development
1568357753.2610002,422,677,None,Move,development
1568357753.271,421,671,None,Move,development
1568357753.281,420,668,None,Move,development
1568357753.301,417,661,None,Move,development
1568357753.311,411,647,None,Move,development
1568357753.321,408,640,None,Move,development
1568357753.331,406,636,None,Move,development
1568357753.341,402,629,None,Move,development
1568357753.351,399,622,None,Move,development
1568357753.361,399,619,None,Move,development
1568357753.371,398,618,None,Move,development
1568357753.381,397,611,None,Move,development
1568357753.391,390,598,None,Move,development
1568357753.401,389,594,None,Move,development
1568357753.411,383,584,None,Move,development
1568357753.421,379,577,None,Move,development
1568357753.431,377,573,None,Move,development
1568357753.444,371,568,None,Move,development
1568357753.459,367,563,None,Move,development
1568357753.468,365,561,None,Move,development
1568357753.474,362,558,None,Move,development
1568357753.48,360,557,None,Move,development
1568357753.49,360,556,None,Move,development
1568357753.5,355,550,None,Move,development
1568357753.51,352,548,None,Move,development
1568357753.52,349,547,None,Move,development
1568357753.53,347,546,None,Move,development
1568357753.54,339,543,None,Move,development
1568357753.55,336,543,None,Move,development
1568357753.56,333,543,None,Move,development
1568357753.57,331,543,None,Move,development
1568357753.58,328,543,None,Move,development
1568357753.59,327,543,None,Move,development
1568357753.6,323,543,None,Move,development
1568357753.61,319,543,None,Move,development
1568357753.62,317,543,None,Move,development
1568357753.63,312,543,None,Move,development
1568357753.64,308,543,None,Move,development
1568357753.65,305,543,None,Move,development
1568357753.66,303,543,None,Move,development
1568357753.67,295,543,None,Move,development
1568357753.68,291,543,None,Move,development
1568357753.69,285,543,None,Move,development
1568357753.7,279,543,None,Move,development
1568357753.71,268,543,None,Move,development
1568357753.72,260,544,None,Move,development
1568357753.73,256,545,None,Move,development
1568357753.74,250,545,None,Move,development
1568357753.75,239,546,None,Move,development
1568357753.76,236,546,None,Move,development
1568357753.77,228,546,None,Move,development
1568357753.78,225,546,None,Move,development
1568357753.79,211,546,None,Move,development
1568357753.8,205,546,None,Move,development
1568357753.81,199,546,None,Move,development
1568357753.82,193,546,None,Move,development
1568357753.83,184,546,None,Move,development
1568357753.84,181,546,None,Move,development
1568357753.85,178,546,None,Move,development
1568357753.863,175,546,None,Move,development
1568357753.87,174,546,None,Move,development
1568357753.873,170,546,None,Move,development
1568357753.883,165,546,None,Move,development
1568357753.894,158,543,None,Move,development
1568357753.904,155,541,None,Move,development
1568357753.914,144,540,None,Move,development
1568357753.92,142,540,None,Move,development
1568357753.93,138,539,None,Move,development
1568357753.94,133,539,None,Move,development
1568357753.95,131,538,None,Move,development
1568357753.96,124,536,None,Move,development
1568357753.97,121,535,None,Move,development
1568357753.98,119,535,None,Move,development
1568357753.99,118,534,None,Move,development
1568357754.0,109,531,None,Move,development
1568357754.01,106,529,None,Move,development
1568357754.02,102,526,None,Move,development
1568357754.03,101,526,None,Move,development
1568357754.04,96,526,None,Move,development
1568357754.05,91,524,None,Move,development
1568357754.06,86,522,None,Move,development
1568357754.07,85,522,None,Move,development
1568357754.08,81,521,None,Move,development
1568357754.09,79,520,None,Move,development
1568357754.1,74,519,None,Move,development
1568357754.11,73,519,None,Move,development
1568357754.12,72,519,None,Move,development
1568357754.13,71,519,None,Move,development
1568357754.14,70,519,None,Move,development
1568357754.15,70,519,None,Move,development
1568357754.16,69,518,None,Move,development
1568357754.2,68,518,None,Move,development
1568357754.21,68,518,None,Move,development
1568357754.23,66,518,None,Move,development
1568357754.24,65,518,None,Move,development
1568357754.25,64,518,None,Move,development
1568357754.26,64,518,None,Move,development
1568357754.27,63,518,None,Move,development
1568357754.29,63,518,None,Move,development
1568357754.3,62,519,None,Move,development
1568357754.31,61,520,None,Move,development
1568357754.32,61,521,None,Move,development
1568357754.33,60,521,None,Move,development
1568357754.34,60,521,None,Move,development
1568357754.35,59,521,None,Move,development
1568357754.36,59,522,None,Move,development
1568357754.469,58,522,None,Move,development
1568357754.75,58,522,None,Move,development
1568357754.77,58,522,None,Move,development
1568357754.78,59,522,None,Move,development
1568357754.79,60,522,None,Move,development
1568357754.8,60,520,None,Move,development
1568357754.81,62,519,None,Move,development
1568357754.82,63,516,None,Move,development
1568357754.83,64,513,None,Move,development
1568357754.84,68,503,None,Move,development
1568357754.85,71,495,None,Move,development
1568357754.86,72,488,None,Move,development
1568357754.87,74,478,None,Move,development
1568357754.88,78,457,None,Move,development
1568357754.89,78,445,None,Move,development
1568357754.9,78,434,None,Move,development
1568357754.91,78,425,None,Move,development
1568357754.92,78,399,None,Move,development
1568357754.93,78,383,None,Move,development
1568357754.94,79,368,None,Move,development
1568357754.95,79,354,None,Move,development
1568357754.96,79,325,None,Move,development
1568357754.97,79,312,None,Move,development
1568357754.98,79,302,None,Move,development
1568357754.99,79,293,None,Move,development
1568357755.0,79,282,None,Move,development
1568357755.01,79,280,None,Move,development
1568357755.02,79,277,None,Move,development
1568357755.03,79,276,None,Move,development
1568357755.04,79,274,None,Move,development
1568357755.05,79,273,None,Move,development
1568357755.16,79,272,None,Move,development
1568357755.18,79,271,None,Move,development
1568357755.21,79,271,None,Move,development
1568357755.22,79,269,None,Move,development
1568357755.457,78,269,None,Move,development
1568357755.52,78,269,None,Move,development
1568357755.56,78,269,None,Move,development
1568357755.57,78,270,None,Move,development
1568357755.58,78,271,None,Move,development
1568357755.59,78,273,None,Move,development
1568357755.6,78,273,None,Move,development
1568357755.61,80,274,None,Move,development
1568357755.62,80,275,None,Move,development
1568357755.63,82,276,None,Move,development
1568357755.64,83,278,None,Move,development
1568357755.66,83,278,None,Move,development
1568357755.67,83,279,None,Move,development
1568357755.69,84,280,None,Move,development
1568357755.7,85,281,None,Move,development
1568357755.71,86,282,None,Move,development
1568357755.72,87,283,None,Move,development
1568357755.73,87,284,None,Move,development
1568357755.75,88,284,None,Move,development
1568357755.76,88,285,None,Move,development
1568357755.78,89,286,None,Move,development
1568357755.81,89,287,None,Move,development
1568357755.84,89,289,None,Move,development
1568357755.86,90,290,None,Move,development
1568357755.88,90,291,None,Move,development
1568357755.9,90,292,None,Move,development
1568357755.91,90,293,None,Move,development
1568357755.98,90,294,None,Move,development
1568357756.0,90,295,None,Move,development
1568357756.02,90,295,None,Move,development
1568357756.03,90,296,None,Move,development
1568357756.06,90,297,None,Move,development
1568357756.12,90,297,None,Move,development
1568357756.14,90,298,None,Move,development
1568357756.399,90,298,Left,Pressed,development
1568357756.52,90,298,Left,Released,development
1568357756.64,90,299,None,Move,development
1568357756.66,91,299,None,Move,development
1568357756.68,97,301,None,Move,development
1568357756.69,100,302,None,Move,development
1568357756.71,107,303,None,Move,development
1568357756.72,121,308,None,Move,development
1568357756.73,137,312,None,Move,development
1568357756.74,156,320,None,Move,development
1568357756.75,204,334,None,Move,development
1568357756.77,232,342,None,Move,development
1568357756.78,287,357,None,Move,development
1568357756.79,319,365,None,Move,development
1568357756.8,354,374,None,Move,development
1568357756.81,386,380,None,Move,development
1568357756.82,397,382,None,Move,development
1568357756.83,478,398,None,Move,development
1568357756.84,507,405,None,Move,development
1568357756.85,534,411,None,Move,development
1568357756.86,542,413,None,Move,development
1568357756.87,580,422,None,Move,development
1568357756.88,644,444,None,Move,development
1568357756.89,651,446,None,Move,development
1568357756.9,677,456,None,Move,development
1568357756.91,689,461,None,Move,development
1568357756.92,700,465,None,Move,development
1568357756.93,710,469,None,Move,development
1568357756.94,727,477,None,Move,development
1568357756.95,737,480,None,Move,development
1568357756.96,744,483,None,Move,development
1568357756.97,751,486,None,Move,development
1568357756.98,761,489,None,Move,development
1568357756.99,766,493,None,Move,development
1568357757.0,769,493,None,Move,development
1568357757.01,772,495,None,Move,development
1568357757.02,775,496,None,Move,development
1568357757.03,776,496,None,Move,development
1568357757.04,776,496,None,Move,development
1568357757.05,777,496,None,Move,development
1568357757.169,778,496,None,Move,development
1568357757.199,779,496,None,Move,development
1568357757.219,779,496,None,Move,development
1568357757.329,779,496,None,Move,development
1568357757.359,779,495,None,Move,development
1568357757.379,779,495,None,Move,development
1568357757.409,779,493,None,Move,development
1568357757.429,779,492,None,Move,development
1568357757.465,779,491,None,Move,development
1568357757.4889998,779,491,None,Move,development
1568357757.4989998,779,490,None,Move,development
1568357757.5089998,779,490,None,Move,development
1568357757.529,779,488,None,Move,development
1568357757.539,779,487,None,Move,development
1568357757.549,779,487,None,Move,development
1568357757.559,777,485,None,Move,development
1568357757.579,776,485,None,Move,development
1568357757.589,776,485,None,Move,development
1568357757.599,774,484,None,Move,development
1568357757.639,773,483,None,Move,development
1568357757.649,773,482,None,Move,development
1568357757.669,770,481,None,Move,development
1568357757.719,770,481,None,Move,development
1568357757.729,769,481,None,Move,development
1568357757.7389998,769,481,None,Move,development
1568357757.7489998,768,480,None,Move,development
1568357757.7589998,767,480,None,Move,development
1568357757.779,766,479,None,Move,development
1568357757.789,766,479,None,Move,development
1568357757.799,765,478,None,Move,development
1568357757.809,764,478,None,Move,development
1568357757.819,763,478,None,Move,development
1568357757.829,763,477,None,Move,development
1568357757.859,762,477,None,Move,development
1568357757.879,760,476,None,Move,development
1568357757.889,760,476,None,Move,development
1568357757.899,759,476,None,Move,development
1568357757.909,758,476,None,Move,development
1568357757.919,757,476,None,Move,development
1568357757.939,757,476,None,Move,development
1568357757.949,756,476,None,Move,development
1568357757.959,755,476,None,Move,development
1568357757.969,754,476,None,Move,development
1568357757.979,754,476,None,Move,development
1568357757.9889998,753,476,None,Move,development
1568357758.019,751,476,None,Move,development
1568357758.029,750,475,None,Move,development
1568357758.039,749,475,None,Move,development
1568357758.059,749,475,None,Move,development
1568357758.069,747,475,None,Move,development
1568357758.079,746,474,None,Move,development
1568357758.089,744,473,None,Move,development
1568357758.099,743,473,None,Move,development
1568357758.109,742,472,None,Move,development
1568357758.119,741,471,None,Move,development
1568357758.129,739,471,None,Move,development
1568357758.139,738,471,None,Move,development
1568357758.149,735,469,None,Move,development
1568357758.159,734,469,None,Move,development
1568357758.169,733,469,None,Move,development
1568357758.179,732,467,None,Move,development
1568357758.189,731,466,None,Move,development
1568357758.199,731,466,None,Move,development
1568357758.209,730,466,None,Move,development
1568357758.219,730,465,None,Move,development
1568357758.229,728,464,None,Move,development
1568357758.2389998,727,464,None,Move,development
1568357758.2589998,727,464,None,Move,development
1568357758.269,725,462,None,Move,development
1568357758.279,724,462,None,Move,development
1568357758.289,722,460,None,Move,development
1568357758.299,720,459,None,Move,development
1568357758.309,719,458,None,Move,development
1568357758.319,717,457,None,Move,development
1568357758.329,717,456,None,Move,development
1568357758.339,715,456,None,Move,development
1568357758.349,713,456,None,Move,development
1568357758.359,712,454,None,Move,development
1568357758.369,710,454,None,Move,development
1568357758.379,709,454,None,Move,development
1568357758.389,706,453,None,Move,development
1568357758.399,704,453,None,Move,development
1568357758.409,702,453,None,Move,development
1568357758.419,702,452,None,Move,development
1568357758.429,700,452,None,Move,development
1568357758.439,699,452,None,Move,development
1568357758.448,697,451,None,Move,development
1568357758.458,697,451,None,Move,development
1568357758.466,696,451,None,Move,development
1568357758.476,695,451,None,Move,development
1568357758.4829998,693,450,None,Move,development
1568357758.492,692,450,None,Move,development
1568357758.5029998,691,450,None,Move,development
1568357758.5129998,689,449,None,Move,development
1568357758.5229998,689,449,None,Move,development
1568357758.533,687,448,None,Move,development
1568357758.543,687,448,None,Move,development
1568357758.553,684,447,None,Move,development
1568357758.563,683,447,None,Move,development
1568357758.573,682,447,None,Move,development
1568357758.583,681,447,None,Move,development
1568357758.593,679,446,None,Move,development
1568357758.603,677,446,None,Move,development
1568357758.613,677,446,None,Move,development
1568357758.623,676,446,None,Move,development
1568357758.633,675,446,None,Move,development
1568357758.643,674,446,None,Move,development
1568357758.653,673,446,None,Move,development
1568357758.663,673,446,None,Move,development
1568357758.673,672,446,None,Move,development
1568357758.6829998,672,446,None,Move,development
1568357758.6929998,671,446,None,Move,development
1568357758.7029998,670,445,None,Move,development
1568357758.7129998,669,445,None,Move,development
1568357758.7229998,669,445,None,Move,development
1568357758.7329998,668,445,None,Move,development
1568357758.7429998,668,445,None,Move,development
1568357758.7529998,667,445,None,Move,development
1568357758.7629998,664,445,None,Move,development
1568357758.7729998,663,445,None,Move,development
1568357758.783,662,445,None,Move,development
1568357758.793,657,444,None,Move,development
1568357758.803,655,443,None,Move,development
1568357758.813,651,442,None,Move,development
1568357758.823,648,442,None,Move,development
1568357758.833,642,440,None,Move,development
1568357758.843,641,440,None,Move,development
1568357758.853,637,440,None,Move,development
1568357758.863,635,440,None,Move,development
1568357758.873,630,439,None,Move,development
1568357758.883,630,438,None,Move,development
1568357758.893,628,438,None,Move,development
1568357758.903,628,438,None,Move,development
1568357758.913,626,438,None,Move,development
1568357758.923,625,438,None,Move,development
1568357758.9329998,624,438,None,Move,development
1568357758.9429998,622,436,None,Move,development
1568357758.9529998,621,436,None,Move,development
1568357758.9629998,619,436,None,Move,development
1568357758.9729998,617,435,None,Move,development
1568357758.9829998,616,435,None,Move,development
1568357758.9929998,615,435,None,Move,development
1568357759.0029998,612,435,None,Move,development
1568357759.0129998,611,435,None,Move,development
1568357759.0229998,609,435,None,Move,development
1568357759.033,607,434,None,Move,development
1568357759.043,603,434,None,Move,development
1568357759.053,600,434,None,Move,development
1568357759.063,598,434,None,Move,development
1568357759.073,595,434,None,Move,development
1568357759.083,591,433,None,Move,development
1568357759.093,584,433,None,Move,development
1568357759.103,582,433,None,Move,development
1568357759.113,578,433,None,Move,development
1568357759.123,576,433,None,Move,development
1568357759.133,572,432,None,Move,development
1568357759.143,570,431,None,Move,development
1568357759.153,568,431,None,Move,development
1568357759.163,562,430,None,Move,development
1568357759.173,556,430,None,Move,development
1568357759.1829998,551,428,None,Move,development
1568357759.1929998,546,427,None,Move,development
1568357759.2029998,545,427,None,Move,development
1568357759.2129998,537,425,None,Move,development
1568357759.2229998,533,424,None,Move,development
1568357759.2429998,532,424,None,Move,development
1568357759.2529998,531,424,None,Move,development
1568357759.2629998,524,421,None,Move,development
1568357759.2729998,522,420,None,Move,development
1568357759.283,519,420,None,Move,development
1568357759.293,513,417,None,Move,development
1568357759.303,509,416,None,Move,development
1568357759.313,506,414,None,Move,development
1568357759.323,503,413,None,Move,development
1568357759.333,494,410,None,Move,development
1568357759.343,491,407,None,Move,development
1568357759.353,487,405,None,Move,development
1568357759.363,484,405,None,Move,development
1568357759.373,478,404,None,Move,development
1568357759.383,474,403,None,Move,development
1568357759.393,471,403,None,Move,development
1568357759.403,467,403,None,Move,development
1568357759.413,461,400,None,Move,development
1568357759.4329998,458,400,None,Move,development
1568357759.446,456,399,None,Move,development
1568357759.4529998,455,398,None,Move,development
1568357759.462,454,397,None,Move,development
1568357759.476,454,396,None,Move,development
1568357759.484,454,394,None,Move,development
1568357759.494,454,392,None,Move,development
1568357759.504,454,392,None,Move,development
1568357759.514,454,390,None,Move,development
1568357759.524,454,388,None,Move,development
1568357759.533,454,388,None,Move,development
1568357759.543,454,386,None,Move,development
1568357759.553,454,384,None,Move,development
1568357759.563,454,382,None,Move,development
1568357759.573,455,380,None,Move,development
1568357759.583,455,379,None,Move,development
1568357759.593,456,379,None,Move,development
1568357759.603,459,374,None,Move,development
1568357759.613,459,372,None,Move,development
1568357759.623,460,371,None,Move,development
1568357759.633,461,369,None,Move,development
1568357759.643,466,361,None,Move,development
1568357759.653,469,357,None,Move,development
1568357759.663,469,354,None,Move,development
1568357759.673,472,351,None,Move,development
1568357759.6829998,477,343,None,Move,development
1568357759.6929998,477,342,None,Move,development
1568357759.7029998,482,334,None,Move,development
1568357759.7129998,484,331,None,Move,development
1568357759.7229998,492,320,None,Move,development
1568357759.7329998,492,319,None,Move,development
1568357759.7429998,497,311,None,Move,development
1568357759.7529998,499,305,None,Move,development
1568357759.7629998,504,295,None,Move,development
1568357759.7729998,504,292,None,Move,development
1568357759.783,505,284,None,Move,development
1568357759.793,507,280,None,Move,development
1568357759.833,507,272,None,Move,development
1568357759.843,507,264,None,Move,development
1568357759.853,507,263,None,Move,development
1568357759.863,507,260,None,Move,development
1568357759.923,507,260,None,Move,development
1568357759.9429998,507,259,None,Move,development
1568357759.9729998,507,259,None,Move,development
1568357760.0229998,507,259,None,Move,development
1568357760.033,507,259,None,Move,development
1568357760.053,505,263,None,Move,development
1568357760.063,505,266,None,Move,development
1568357760.073,505,267,None,Move,development
1568357760.083,505,268,None,Move,development
1568357760.093,505,268,None,Move,development
1568357760.103,505,269,None,Move,development
1568357760.123,505,270,None,Move,development
1568357760.153,505,271,None,Move,development
1568357760.2029998,505,272,None,Move,development
1568357760.293,505,273,None,Move,development
1568357760.303,505,273,None,Move,development
1568357760.323,509,273,None,Move,development
1568357760.343,511,273,None,Move,development
1568357760.353,518,273,None,Move,development
1568357760.3720002,522,273,None,Move,development
1568357760.393,525,273,None,Move,development
1568357760.4120002,525,273,None,Move,development
1568357760.63,526,273,None,Move,development
1568357760.65,527,273,None,Move,development
1568357760.79,527,273,None,Move,development
1568357760.81,527,272,None,Move,development
1568357760.87,527,272,None,Move,development
1568357761.09,528,271,Left,Pressed,development
1568357761.09,528,271,None,Drag,development
1568357761.1,528,271,None,Drag,development
1568357761.1,528,271,Left,Released,development
1568357761.13,529,271,None,Move,development
1568357761.14,530,271,None,Move,development
1568357761.15,532,271,None,Move,development
1568357761.16,533,271,None,Move,development
1568357761.17,535,271,None,Move,development
1568357761.18,539,271,None,Move,development
1568357761.19,548,271,None,Move,development
1568357761.2,553,271,None,Move,development
1568357761.21,559,271,None,Move,development
1568357761.22,564,271,None,Move,development
1568357761.23,576,271,None,Move,development
1568357761.24,581,271,None,Move,development
1568357761.25,589,271,None,Move,development
1568357761.26,593,271,None,Move,development
1568357761.27,602,271,None,Move,development
1568357761.28,604,271,None,Move,development
1568357761.29,606,271,None,Move,development
1568357761.3,608,271,None,Move,development
1568357761.31,610,271,None,Move,development
1568357761.32,612,271,None,Move,development
1568357761.33,613,271,None,Move,development
1568357761.34,613,271,None,Move,development
1568357761.35,614,271,None,Move,development
1568357761.479,614,271,None,Move,development
1568357761.529,614,271,None,Move,development
1568357761.609,614,271,None,Move,development
1568357761.629,614,271,None,Move,development
1568357761.6479998,615,271,None,Move,development
1568357761.658,617,271,None,Move,development
1568357761.678,620,271,None,Move,development
1568357764.3760002,621,271,None,Move,development
1568357764.3860002,625,265,None,Move,development
1568357764.396,628,262,None,Move,development
1568357764.406,633,256,None,Move,development
1568357764.416,638,252,None,Move,development
1568357764.426,648,246,None,Move,development
1568357764.436,652,244,None,Move,development
1568357764.451,653,244,None,Move,development
1568357764.461,654,244,None,Move,development
1568357764.492,654,243,None,Move,development
1568357764.506,656,240,None,Move,development
1568357764.516,657,240,None,Move,development
1568357764.526,675,216,None,Move,development
1568357764.536,679,206,None,Move,development
1568357764.546,685,187,None,Move,development
1568357764.556,694,137,None,Move,development
1568357764.566,696,122,None,Move,development
1568357764.576,698,112,None,Move,development
1568357764.586,700,109,None,Move,development
1568357764.596,701,106,None,Move,development
1568357764.606,702,106,None,Move,development
1568357764.6160002,702,106,None,Move,development
1568357764.6260002,705,106,None,Move,development
1568357764.6360002,713,126,None,Move,development
1568357764.646,718,136,None,Move,development
1568357764.656,724,152,None,Move,development
1568357764.666,734,180,None,Move,development
1568357764.676,766,293,None,Move,development
1568357764.686,781,366,None,Move,development
1568357764.696,789,445,None,Move,development
1568357764.706,793,532,None,Move,development
1568357764.716,793,696,None,Move,development
1568357764.726,793,780,None,Move,development
1568357764.736,793,837,None,Move,development
1568357764.746,798,838,None,Move,development
1568357764.756,814,865,None,Move,development
1568357764.766,826,823,None,Move,development
1568357764.776,840,819,None,Move,development
1568357764.786,857,813,None,Move,development
1568357764.796,888,827,None,Move,development
1568357764.806,912,809,None,Move,development
1568357764.816,937,808,None,Move,development
1568357764.826,968,805,None,Move,development
1568357764.836,1053,847,None,Move,development
1568357764.846,1105,813,None,Move,development
1568357764.856,1173,815,None,Move,development
1568357764.8660002,1241,813,None,Move,development
1568357764.8760002,1401,837,None,Move,development
1568357764.8860002,1455,807,None,Move,development
1568357764.896,1445,803,None,Move,development
1568357764.906,1439,797,None,Move,development
1568357764.916,1486,805,None,Move,development
1568357764.926,1441,793,None,Move,development
1568357764.936,1446,791,None,Move,development
1568357764.946,1452,796,None,Move,development
1568357764.956,1511,825,None,Move,development
1568357764.966,1465,803,None,Move,development
1568357764.976,1465,794,None,Move,development
1568357764.986,1457,794,None,Move,development
1568357764.996,1402,776,None,Move,development
1568357765.006,1429,782,None,Move,development
1568357765.016,1413,778,None,Move,development
1568357765.026,1408,775,None,Move,development
1568357765.036,1376,769,None,Move,development
1568357765.046,1378,769,None,Move,development
1568357765.056,1374,767,None,Move,development
1568357765.066,1366,767,None,Move,development
1568357765.076,1365,767,None,Move,development
1568357765.096,1365,766,None,Move,development
1568357765.106,1362,762,None,Move,development
1568357765.1160002,1357,757,None,Move,development
1568357765.1260002,1333,735,None,Move,development
1568357765.1360002,1309,709,None,Move,development
1568357765.156,1236,643,None,Move,development
1568357765.166,1158,557,None,Move,development
1568357765.176,1119,505,None,Move,development
1568357765.186,1035,381,None,Move,development
1568357765.196,1018,351,None,Move,development
1568357765.206,946,215,None,Move,development
1568357765.216,896,113,None,Move,development
1568357765.226,795,-81,None,Move,development
1568357765.236,772,-43,None,Move,development
1568357765.246,700,-139,None,Move,development
1568357765.256,667,-71,None,Move,development
1568357765.266,626,-41,None,Move,development
1568357765.276,622,-10,None,Move,development
1568357765.286,606,-38,None,Move,development
1568357765.296,601,-6,None,Move,development
1568357765.306,590,-7,None,Move,development
1568357765.316,589,-2,None,Move,development
1568357765.326,584,-5,None,Move,development
1568357765.336,579,-3,None,Move,development
1568357765.346,575,-1,None,Move,development
1568357765.356,574,0,None,Move,development
1568357765.3660002,573,-1,None,Move,development
1568357765.3760002,572,0,None,Move,development
1568357765.406,572,0,None,Move,development
1568357765.416,571,0,None,Move,development
1568357765.426,569,0,None,Move,development
1568357765.436,568,2,None,Move,development
1568357765.452,566,5,None,Move,development
1568357765.4629998,565,9,None,Move,development
1568357765.474,565,10,None,Move,development
1568357765.4889998,561,16,None,Move,development
1568357765.496,560,18,None,Move,development
1568357765.506,560,23,None,Move,development
1568357765.516,560,23,None,Move,development
1568357765.526,560,25,None,Move,development
1568357765.536,563,26,None,Move,development
1568357765.546,571,27,None,Move,development
1568357765.556,573,27,None,Move,development
1568357765.566,582,27,None,Move,development
1568357765.576,593,27,None,Move,development
1568357765.586,604,23,None,Move,development
1568357765.596,617,18,None,Move,development
1568357765.606,640,11,None,Move,development
1568357765.6160002,666,4,None,Move,development
1568357765.6260002,701,-3,None,Move,development
1568357765.6360002,748,-4,None,Move,development
1568357765.646,803,-10,None,Move,development
1568357765.656,838,-7,None,Move,development
1568357765.666,872,-6,None,Move,development
1568357765.676,898,-3,None,Move,development
1568357765.686,924,-6,None,Move,development
1568357765.696,926,0,None,Move,development
1568357765.706,927,-1,None,Move,development
1568357765.716,928,-1,None,Move,development
1568357765.756,928,0,None,Move,development
1568357765.766,928,0,None,Move,development
1568357765.776,926,0,None,Move,development
1568357765.786,925,0,None,Move,development
1568357765.796,922,0,None,Move,development
1568357765.806,921,1,None,Move,development
1568357765.816,919,4,None,Move,development
1568357765.826,916,6,None,Move,development
1568357765.836,915,7,None,Move,development
1568357765.846,915,7,None,Move,development
1568357765.856,914,8,None,Move,development
1568357765.8860002,913,8,None,Move,development
1568357765.896,911,8,None,Move,development
1568357765.906,909,8,None,Move,development
1568357765.916,908,9,None,Move,development
1568357765.936,907,9,None,Move,development
1568357766.026,905,9,None,Move,development
1568357766.046,904,9,None,Move,development
1568357766.055,903,9,None,Move,development
1568357766.075,900,9,None,Move,development
1568357766.095,900,9,None,Move,development
1568357766.105,899,9,None,Move,development
1568357766.125,898,9,None,Move,development
1568357766.135,897,9,None,Move,development
1568357766.145,897,9,None,Move,development
1568357766.155,894,8,None,Move,development
1568357766.165,892,8,None,Move,development
1568357766.175,889,8,None,Move,development
1568357766.185,888,8,None,Move,development
1568357766.195,887,8,None,Move,development
1568357766.205,887,8,None,Move,development
1568357766.225,886,8,None,Move,development
1568357766.385,886,8,Left,Pressed,development
1568357766.4889998,886,8,Left,Released,development
1568357766.536,885,8,None,Move,office
1568357766.566,885,14,None,Move,office
1568357766.576,884,22,None,Move,office
1568357766.586,882,31,None,Move,office
1568357766.596,882,39,None,Move,office
1568357766.606,880,57,None,Move,office
1568357766.6160002,874,96,None,Move,office
1568357766.6260002,868,130,None,Move,office
1568357766.6360002,857,171,None,Move,office
1568357766.646,840,229,None,Move,office
1568357766.656,813,287,None,Move,office
1568357766.666,798,316,None,Move,office
1568357766.676,780,348,None,Move,office
1568357766.686,762,374,None,Move,office
1568357766.696,748,394,None,Move,office
1568357766.706,743,400,None,Move,office
1568357766.716,739,408,None,Move,office
1568357766.726,736,415,None,Move,office
1568357766.736,732,422,None,Move,office
1568357766.745,730,426,None,Move,office
1568357766.755,728,431,None,Move,office
1568357766.765,725,436,None,Move,office
1568357766.775,723,439,None,Move,office
1568357766.785,719,444,None,Move,office
1568357766.795,718,446,None,Move,office
1568357766.815,716,449,None,Move,office
1568357766.825,715,450,None,Move,office
1568357766.845,715,451,None,Move,office
1568357766.855,714,451,None,Move,office
1568357766.865,713,452,None,Move,office
1568357766.875,712,453,None,Move,office
1568357766.885,710,456,None,Move,office
1568357766.895,710,457,None,Move,office
1568357767.025,708,457,None,Move,office
1568357767.035,710,455,None,Move,office
1568357767.055,711,455,None,Move,office
1568357767.065,711,455,None,Move,office
1568357767.075,712,454,None,Move,office
1568357767.085,712,454,None,Move,office
1568357767.095,715,454,None,Move,office
1568357767.105,720,452,None,Move,office
1568357767.115,728,446,None,Move,office
1568357767.125,739,438,None,Move,office
1568357767.135,766,413,None,Move,office
1568357767.145,772,402,None,Move,office
1568357767.155,781,389,None,Move,office
1568357767.165,785,377,None,Move,office
1568357767.175,786,372,None,Move,office
1568357767.185,793,342,None,Move,office
1568357767.195,796,331,None,Move,office
1568357767.205,797,319,None,Move,office
1568357767.215,804,297,None,Move,office
1568357767.225,808,284,None,Move,office
1568357767.235,813,265,None,Move,office
1568357767.245,822,240,None,Move,office
1568357767.255,839,182,None,Move,office
1568357767.265,849,145,None,Move,office
1568357767.275,865,96,None,Move,office
1568357767.285,878,60,None,Move,office
1568357767.295,882,49,None,Move,office
1568357767.305,927,-17,None,Move,office
1568357767.315,948,-21,None,Move,office
1568357767.325,976,-23,None,Move,office
1568357767.335,986,-7,None,Move,office
1568357767.355,1066,-22,None,Move,office
1568357767.365,1126,-19,None,Move,office
1568357767.375,1134,-5,None,Move,office
1568357767.385,1177,-28,None,Move,office
1568357767.395,1197,-14,None,Move,office
1568357767.405,1224,-5,None,Move,office
1568357767.415,1227,-2,None,Move,office
1568357767.425,1234,-3,None,Move,office
1568357767.435,1236,0,None,Move,office
1568357767.457,1239,0,None,Move,office
1568357767.467,1237,7,None,Move,office
1568357767.4770002,1230,16,None,Move,office
1568357767.482,1218,25,None,Move,office
1568357767.486,1210,30,None,Move,office
1568357767.495,1202,33,None,Move,office
1568357767.505,1157,48,None,Move,office
1568357767.515,1109,70,None,Move,office
1568357767.785,1098,74,None,Move,office
1568357767.795,1099,74,None,Move,office
1568357767.805,1103,74,None,Move,office
1568357767.815,1105,75,None,Move,office
1568357767.825,1106,75,None,Move,office
1568357767.835,1111,77,None,Move,office
1568357767.845,1116,78,None,Move,office
1568357767.855,1120,80,None,Move,office
1568357767.865,1134,80,None,Move,office
1568357767.875,1139,80,None,Move,office
1568357767.885,1142,80,None,Move,office
1568357767.895,1145,80,None,Move,office
1568357767.905,1155,80,None,Move,office
1568357767.915,1159,79,None,Move,office
1568357767.925,1165,78,None,Move,office
1568357767.935,1171,76,None,Move,office
1568357767.945,1180,74,None,Move,office
1568357767.955,1185,72,None,Move,office
1568357767.965,1192,71,None,Move,office
1568357767.975,1195,70,None,Move,office
1568357767.985,1206,66,None,Move,office
1568357767.995,1210,63,None,Move,office
1568357768.005,1215,60,None,Move,office
1568357768.015,1222,58,None,Move,office
1568357768.025,1229,54,None,Move,office
1568357768.035,1232,53,None,Move,office
1568357768.045,1235,52,None,Move,office
1568357768.055,1238,51,None,Move,office
1568357768.065,1247,47,None,Move,office
1568357768.075,1252,46,None,Move,office
1568357768.085,1257,45,None,Move,office
1568357768.095,1261,43,None,Move,office
1568357768.105,1268,39,None,Move,office
1568357768.115,1272,36,None,Move,office
1568357768.125,1274,35,None,Move,office
1568357768.135,1280,31,None,Move,office
1568357768.145,1284,27,None,Move,office
1568357768.155,1285,26,None,Move,office
1568357768.165,1288,23,None,Move,office
1568357768.175,1289,23,None,Move,office
1568357768.185,1294,20,None,Move,office
1568357768.195,1294,20,None,Move,office
1568357768.205,1296,19,None,Move,office
1568357768.225,1296,19,None,Move,office
1568357768.235,1298,17,None,Move,office
1568357768.245,1299,17,None,Move,office
1568357768.255,1301,14,None,Move,office
1568357768.265,1304,11,None,Move,office
1568357768.275,1305,9,None,Move,office
1568357768.285,1306,8,None,Move,office
1568357768.295,1306,5,None,Move,office
1568357768.315,1307,3,None,Move,office
1568357768.325,1308,2,None,Move,office
1568357768.375,1308,0,None,Move,office
1568357768.385,1309,-1,None,Move,office
1568357768.505,1309,0,None,Move,office
1568357768.515,1307,0,None,Move,office
1568357768.535,1302,-1,None,Move,office
1568357768.555,1301,0,None,Move,office
1568357768.595,1300,0,None,Move,office
1568357768.615,1300,0,None,Move,office
1568357768.625,1299,0,None,Move,office
1568357768.635,1299,0,None,Move,office
1568357768.645,1297,0,None,Move,office
1568357768.725,1296,0,None,Move,office
1568357768.745,1296,0,None,Move,office
1568357768.755,1295,0,None,Move,office
1568357768.785,1293,0,None,Move,office
1568357768.805,1293,0,None,Move,office
1568357768.815,1292,0,None,Move,office
1568357768.825,1290,2,None,Move,office
1568357768.835,1290,4,None,Move,office
1568357768.845,1289,4,None,Move,office
1568357768.855,1289,5,None,Move,office
1568357768.865,1289,6,None,Move,office
1568357768.875,1288,7,None,Move,office
1568357768.885,1287,7,None,Move,office
1568357768.895,1286,8,None,Move,office
1568357768.915,1286,9,None,Move,office
1568357768.925,1284,9,None,Move,office
1568357768.935,1284,10,None,Move,office
1568357768.945,1283,10,None,Move,office
1568357768.955,1282,10,None,Move,office
1568357768.965,1279,12,None,Move,office
1568357768.975,1279,12,None,Move,office
1568357768.984,1277,12,None,Move,office
1568357768.995,1276,12,None,Move,office
1568357769.005,1274,12,None,Move,office
1568357769.014,1272,12,None,Move,office
1568357769.024,1271,12,None,Move,office
1568357769.034,1270,12,None,Move,office
1568357769.044,1269,12,None,Move,office
1568357769.054,1267,12,None,Move,office
1568357769.065,1266,12,None,Move,office
1568357769.074,1265,12,None,Move,office
1568357769.084,1264,12,None,Move,office
1568357769.094,1263,12,None,Move,office
1568357769.105,1263,12,None,Move,office
1568357769.115,1261,12,None,Move,office
1568357769.125,1261,12,None,Move,office
1568357769.135,1260,12,None,Move,office
1568357769.6139998,1259,12,Left,Pressed,office
1568357769.615,1259,12,None,Drag,office
1568357769.615,1259,12,Left,Released,office
1568357770.197,1259,12,None,Move,browsing
1568357770.222,1258,12,None,Move,browsing
1568357770.2770002,1257,12,None,Move,browsing
1568357770.3170002,1257,12,None,Move,browsing
1568357770.377,1256,12,None,Move,browsing
1568357770.5879998,1256,12,Left,Pressed,browsing
1568357770.738,1256,12,Left,Released,browsing
1568357771.053,1256,13,None,Move,development
1568357771.0579998,1255,14,None,Move,development
1568357771.0670002,1252,18,None,Move,development
1568357771.073,1247,24,None,Move,development
1568357771.083,1245,26,None,Move,development
1568357771.0879998,1234,41,None,Move,development
1568357771.097,1227,51,None,Move,development
1568357771.1079998,1210,70,None,Move,development
1568357771.117,1204,77,None,Move,development
1568357771.127,1176,107,None,Move,development
1568357771.1379998,1157,127,None,Move,development
1568357771.1479998,1110,174,None,Move,development
1568357771.158,1100,183,None,Move,development
1568357771.168,1049,237,None,Move,development
1568357771.177,1004,284,None,Move,development
1568357771.1820002,951,335,None,Move,development
1568357771.187,899,381,None,Move,development
1568357771.198,878,400,None,Move,development
1568357771.208,812,460,None,Move,development
1568357771.218,782,483,None,Move,development
1568357771.2229998,765,494,None,Move,development
1568357771.228,762,496,None,Move,development
1568357771.252,761,496,None,Move,development
1568357771.258,761,496,None,Move,development
1568357771.268,772,485,None,Move,development
1568357771.2770002,776,481,None,Move,development
1568357771.288,801,461,None,Move,development
1568357771.2970002,810,453,None,Move,development
1568357771.3079998,843,425,None,Move,development
1568357771.3179998,851,419,None,Move,development
1568357771.3279998,885,387,None,Move,development
1568357771.3379998,908,367,None,Move,development
1568357771.3479998,956,323,None,Move,development
1568357771.357,964,317,None,Move,development
1568357771.3679998,999,285,None,Move,development
1568357771.3779998,1020,266,None,Move,development
1568357771.3879998,1059,228,None,Move,development
1568357771.3979998,1065,222,None,Move,development
1568357771.408,1093,198,None,Move,development
1568357771.418,1104,183,None,Move,development
1568357771.4329998,1125,159,None,Move,development
1568357771.4429998,1129,154,None,Move,development
1568357771.448,1146,134,None,Move,development
1568357771.458,1156,120,None,Move,development
1568357771.4729998,1176,88,None,Move,development
1568357771.4829998,1179,82,None,Move,development
1568357771.488,1189,58,None,Move,development
1568357771.498,1193,47,None,Move,development
1568357771.508,1202,29,None,Move,development
1568357771.5229998,1203,26,None,Move,development
1568357771.528,1208,16,None,Move,development
1568357771.542,1212,10,None,Move,development
1568357771.5470002,1215,4,None,Move,development
1568357771.562,1219,-1,None,Move,development
1568357771.5670002,1223,-7,None,Move,development
1568357771.577,1224,-2,None,Move,development
1568357771.5879998,1227,-4,None,Move,development
1568357771.603,1232,-1,None,Move,development
1568357771.609,1237,-4,None,Move,development
1568357771.617,1239,-1,None,Move,development
1568357771.627,1245,-3,None,Move,development
1568357771.643,1254,-3,None,Move,development
1568357771.653,1255,0,None,Move,development
1568357771.658,1257,-1,None,Move,development
1568357771.668,1262,-3,None,Move,development
1568357771.678,1263,0,None,Move,development
1568357771.6829998,1265,-2,None,Move,development
1568357771.687,1267,0,None,Move,development
1568357771.698,1269,-2,None,Move,development
1568357771.708,1270,0,None,Move,development
1568357771.718,1270,0,None,Move,development
1568357771.728,1273,0,None,Move,development
1568357771.768,1273,0,None,Move,development
1568357771.827,1273,0,None,Move,development
1568357771.843,1272,0,None,Move,development
1568357771.857,1272,0,None,Move,development
1568357771.873,1271,1,None,Move,development
1568357771.883,1270,2,None,Move,development
1568357771.897,1269,2,None,Move,development
1568357771.927,1268,4,None,Move,development
1568357771.947,1268,4,None,Move,development
1568357771.958,1267,5,None,Move,development
1568357771.9770002,1266,5,None,Move,development
1568357771.992,1265,5,None,Move,development
1568357772.002,1265,6,None,Move,development
1568357772.0089998,1264,7,None,Move,development
1568357772.029,1262,7,None,Move,development
1568357772.039,1260,7,None,Move,development
1568357772.049,1257,7,None,Move,development
1568357772.059,1255,7,None,Move,development
1568357772.069,1253,7,None,Move,development
1568357772.079,1250,8,None,Move,development
1568357772.089,1247,9,None,Move,development
1568357772.099,1245,9,None,Move,development
1568357772.109,1244,9,None,Move,development
1568357772.119,1243,9,None,Move,development
1568357772.129,1242,10,None,Move,development
1568357772.139,1242,10,None,Move,development
1568357772.2489998,1241,10,Left,Pressed,development
1568357772.349,1241,10,Left,Released,development
1568357772.409,1240,11,None,Move,file system
1568357772.789,1240,12,None,Move,file system
1568357772.809,1236,17,None,Move,file system
1568357772.819,1230,25,None,Move,file system
1568357772.839,1228,26,None,Move,file system
1568357772.8479998,1205,44,None,Move,file system
1568357772.859,1199,48,None,Move,file system
1568357772.8679998,1184,57,None,Move,file system
1568357772.8779998,1173,65,None,Move,file system
1568357772.8879998,1166,68,None,Move,file system
1568357772.8979998,1146,81,None,Move,file system
1568357772.908,1141,84,None,Move,file system
1568357772.919,1118,101,None,Move,file system
1568357772.929,1103,113,None,Move,file system
1568357772.938,1084,133,None,Move,file system
1568357772.948,1080,138,None,Move,file system
1568357772.958,1062,165,None,Move,file system
1568357772.968,1051,181,None,Move,file system
1568357772.978,1033,211,None,Move,file system
1568357772.988,1030,215,None,Move,file system
1568357772.998,1019,229,None,Move,file system
1568357773.008,1014,235,None,Move,file system
1568357773.018,1004,246,None,Move,file system
1568357773.028,1003,247,None,Move,file system
1568357773.038,997,254,None,Move,file system
1568357773.048,994,257,None,Move,file system
1568357773.0579998,990,264,None,Move,file system
1568357773.0679998,990,265,None,Move,file system
1568357773.0779998,989,268,None,Move,file system
1568357773.0879998,989,268,None,Move,file system
1568357773.168,989,269,None,Move,file system
1568357773.188,989,269,Left,Pressed,file system
1568357773.3079998,989,269,Left,Released,file system
1568357773.6079998,989,269,None,Move,file system
1568357773.6279998,988,269,None,Move,file system
1568357773.6479998,980,270,None,Move,file system
1568357773.668,964,270,None,Move,file system
1568357773.678,953,270,None,Move,file system
1568357773.688,933,270,None,Move,file system
1568357773.698,881,268,None,Move,file system
1568357773.708,849,268,None,Move,file system
1568357773.718,837,268,None,Move,file system
1568357773.728,751,268,None,Move,file system
1568357773.738,721,268,None,Move,file system
1568357773.748,701,268,None,Move,file system
1568357773.758,663,266,None,Move,file system
1568357773.768,651,264,None,Move,file system
1568357773.778,639,263,None,Move,file system
1568357773.788,629,261,None,Move,file system
1568357773.798,614,256,None,Move,file system
1568357773.8079998,611,254,None,Move,file system
1568357773.8179998,608,253,None,Move,file system
1568357773.8279998,606,252,None,Move,file system
1568357773.8379998,603,249,None,Move,file system
1568357773.8479998,602,248,None,Move,file system
1568357773.8579998,601,247,None,Move,file system
1568357773.8679998,599,246,None,Move,file system
1568357773.8779998,599,245,None,Move,file system
1568357773.8879998,594,245,None,Move,file system
1568357773.8979998,590,244,None,Move,file system
1568357773.908,588,242,None,Move,file system
1568357773.918,586,242,None,Move,file system
1568357773.928,580,242,None,Move,file system
1568357773.938,579,241,None,Move,file system
1568357773.948,576,240,None,Move,file system
1568357773.958,576,240,None,Move,file system
1568357773.968,575,240,None,Move,file system
1568357774.3679998,575,240,Left,Pressed,file system
1568357774.3679998,575,240,None,Drag,file system
1568357774.3779998,573,239,None,Drag,file system
1568357774.3979998,561,234,None,Drag,file system
1568357774.3979998,561,234,Left,Released,file system
1568357774.418,538,230,None,Move,file system
1568357774.428,518,227,None,Move,file system
1568357774.438,516,227,None,Move,file system
1568357774.448,504,227,None,Move,file system
1568357774.458,494,227,None,Move,file system
1568357774.468,484,227,None,Move,file system
1568357774.478,473,225,None,Move,file system
1568357774.488,460,223,None,Move,file system
1568357774.498,453,222,None,Move,file system
1568357774.508,445,221,None,Move,file system
1568357774.518,435,218,None,Move,file system
1568357774.5270002,426,215,None,Move,file system
1568357774.538,423,213,None,Move,file system
1568357774.5470002,420,212,None,Move,file system
1568357774.5579998,416,210,None,Move,file system
1568357774.5670002,411,209,None,Move,file system
1568357774.577,408,208,None,Move,file system
1568357774.587,407,208,None,Move,file system
1568357774.627,406,207,None,Move,file system
1568357774.658,406,207,None,Move,file system
1568357774.668,405,205,None,Move,file system
1568357774.678,404,205,None,Move,file system
1568357774.688,403,204,None,Move,file system
1568357774.847,402,203,None,Move,file system
1568357774.867,400,203,None,Move,file system
1568357774.887,399,203,None,Move,file system
1568357774.897,397,203,None,Move,file system
1568357774.917,392,203,None,Move,file system
1568357774.927,388,203,None,Move,file system
1568357774.937,378,208,None,Move,file system
1568357774.947,376,211,None,Move,file system
1568357774.957,370,215,None,Move,file system
1568357774.967,368,215,None,Move,file system
1568357774.9770002,360,220,None,Move,file system
1568357774.9870002,354,223,None,Move,file system
1568357774.9970002,342,232,None,Move,file system
1568357775.0070002,340,233,None,Move,file system
1568357775.0170002,326,244,None,Move,file system
1568357775.0270002,323,249,None,Move,file system
1568357775.0370002,319,253,None,Move,file system
1568357775.0470002,318,254,None,Move,file system
1568357775.0570002,307,264,None,Move,file system
1568357775.0670002,304,268,None,Move,file system
1568357775.077,297,274,None,Move,file system
1568357775.087,296,276,None,Move,file system
1568357775.097,277,306,None,Move,file system
1568357775.107,270,319,None,Move,file system
1568357775.117,253,346,None,Move,file system
1568357775.127,248,354,None,Move,file system
1568357775.137,220,399,None,Move,file system
1568357775.147,200,429,None,Move,file system
1568357775.157,161,491,None,Move,file system
1568357775.167,155,500,None,Move,file system
1568357775.177,137,536,None,Move,file system
1568357775.187,128,559,None,Move,file system
1568357775.197,118,604,None,Move,file system
1568357775.207,118,613,None,Move,file system
1568357775.217,118,651,None,Move,file system
1568357775.2270002,118,676,None,Move,file system
1568357775.2370002,118,722,None,Move,file system
1568357775.2470002,118,730,None,Move,file system
1568357775.2570002,118,759,None,Move,file system
1568357775.2670002,118,772,None,Move,file system
1568357775.2770002,116,775,None,Move,file system
1568357775.2870002,115,770,None,Move,file system
1568357775.2970002,115,780,None,Move,file system
1568357775.3070002,115,772,None,Move,file system
1568357775.3170002,115,776,None,Move,file system
1568357775.327,115,770,None,Move,file system
1568357775.337,113,776,None,Move,file system
1568357775.347,112,772,None,Move,file system
1568357775.357,111,771,None,Move,file system
1568357775.367,111,769,None,Move,file system
1568357775.377,110,768,None,Move,file system
1568357775.387,109,768,None,Move,file system
1568357775.397,108,769,None,Move,file system
1568357775.407,104,768,None,Move,file system
1568357775.417,101,773,None,Move,file system
1568357775.427,100,768,None,Move,file system
1568357775.437,97,771,None,Move,file system
1568357775.447,95,768,None,Move,file system
1568357775.457,95,768,None,Move,file system
1568357775.467,91,767,None,Move,file system
1568357775.4770002,89,768,None,Move,file system
1568357775.4870002,86,767,None,Move,file system
1568357775.4970002,81,767,None,Move,file system
1568357775.5070002,79,767,None,Move,file system
1568357775.5170002,77,767,None,Move,file system
1568357775.5270002,75,767,None,Move,file system
1568357775.5370002,73,767,None,Move,file system
1568357775.5470002,70,764,None,Move,file system
1568357775.5570002,65,761,None,Move,file system
1568357775.5670002,63,758,None,Move,file system
1568357775.577,60,755,None,Move,file system
1568357775.587,60,754,None,Move,file system
1568357775.597,59,752,None,Move,file system
1568357775.607,58,750,None,Move,file system
1568357775.617,55,748,None,Move,file system
1568357775.627,53,747,None,Move,file system
1568357775.637,53,746,None,Move,file system
1568357775.647,51,746,None,Move,file system
1568357775.657,49,744,None,Move,file system
1568357775.667,46,744,None,Move,file system
1568357775.677,45,744,None,Move,file system
1568357775.687,42,744,None,Move,file system
1568357775.697,38,744,None,Move,file system
1568357775.707,36,744,None,Move,file system
1568357775.717,35,744,None,Move,file system
1568357775.7270002,33,744,None,Move,file system
1568357775.7370002,31,744,None,Move,file system
1568357775.7870002,31,744,None,Move,file system
1568357775.8070002,31,744,None,Move,file system
1568357775.8170002,34,744,None,Move,file system
1568357775.837,38,744,None,Move,file system
1568357775.847,41,745,None,Move,file system
1568357775.857,44,745,None,Move,file system
1568357775.867,50,745,None,Move,file system
1568357775.877,54,745,None,Move,file system
1568357775.887,57,745,None,Move,file system
1568357775.897,58,745,None,Move,file system
1568357775.907,60,745,None,Move,file system
1568357775.917,61,745,None,Move,file system
1568357775.927,62,745,None,Move,file system
1568357775.9770002,63,745,None,Move,file system
1568357775.9970002,63,745,None,Move,file system
1568357776.0170002,65,745,None,Move,file system
1568357776.0270002,65,745,None,Move,file system
1568357776.0370002,66,745,None,Move,file system
1568357776.0670002,67,745,None,Move,file system
1568357776.117,67,745,None,Move,file system
1568357776.217,68,745,Left,Pressed,file system
1568357776.217,68,745,None,Drag,file system
1568357776.217,68,745,Left,Released,file system
1568357776.3170002,69,745,None,Move,file system
1568357776.417,69,745,None,Move,file system
1568357776.427,71,745,None,Move,file system
1568357776.437,73,745,None,Move,file system
1568357776.447,78,744,None,Move,file system
1568357776.457,79,744,None,Move,file system
1568357779.9929998,83,744,None,Move,browsing
1568357780.0029998,100,747,None,Move,browsing
1568357780.0129998,159,753,None,Move,browsing
1568357780.0229998,221,755,None,Move,browsing
1568357780.033,278,752,None,Move,browsing
1568357780.043,317,731,None,Move,browsing
1568357780.053,343,709,None,Move,browsing
1568357780.063,414,659,None,Move,browsing
1568357780.073,426,651,None,Move,browsing
1568357780.083,496,612,None,Move,browsing
1568357780.093,543,593,None,Move,browsing
1568357780.103,601,568,None,Move,browsing
1568357780.113,675,532,None,Move,browsing
1568357780.123,777,462,None,Move,browsing
1568357780.133,843,407,None,Move,browsing
1568357780.143,991,277,None,Move,browsing
1568357780.153,1025,245,None,Move,browsing
1568357780.163,1166,129,None,Move,browsing
1568357780.173,1261,52,None,Move,browsing
1568357780.1929998,1446,-82,None,Move,browsing
1568357780.2029998,1503,-114,None,Move,browsing
1568357780.2129998,1439,-60,None,Move,browsing
1568357780.2229998,1436,-55,None,Move,browsing
1568357780.2429998,1454,-64,None,Move,browsing
1568357780.2529998,1424,-29,None,Move,browsing
1568357780.2629998,1414,-20,None,Move,browsing
1568357780.2729998,1404,-14,None,Move,browsing
1568357780.283,1393,-13,None,Move,browsing
1568357780.293,1369,-3,None,Move,browsing
1568357780.303,1368,-2,None,Move,browsing
1568357780.313,1365,-2,None,Move,browsing
1568357780.323,1365,-1,None,Move,browsing
1568357780.333,1365,-1,None,Move,browsing
1568357780.343,1365,-1,None,Move,browsing
1568357780.353,1365,-3,None,Move,browsing
1568357780.393,1365,-1,None,Move,browsing
1568357780.4020002,1364,-2,None,Move,browsing
1568357780.4120002,1361,-1,None,Move,browsing
1568357780.4220002,1359,0,None,Move,browsing
1568357780.4329998,1357,0,None,Move,browsing
1568357780.4429998,1355,0,None,Move,browsing
1568357780.4529998,1354,0,None,Move,browsing
1568357780.482,1354,0,None,Move,browsing
1568357780.492,1353,0,None,Move,browsing
1568357780.512,1352,0,None,Move,browsing
1568357780.522,1351,0,None,Move,browsing
1568357780.533,1349,0,None,Move,browsing
1568357780.542,1348,0,None,Move,browsing
1568357780.553,1348,0,None,Move,browsing
1568357780.562,1347,0,None,Move,browsing
1568357780.572,1346,1,None,Move,browsing
1568357780.582,1345,2,None,Move,browsing
1568357780.592,1345,3,None,Move,browsing
1568357780.6020002,1344,3,None,Move,browsing
1568357780.6120002,1344,4,None,Move,browsing
1568357780.6420002,1344,4,Left,Pressed,browsing
1568357780.712,1344,4,Left,Released,browsing
1568357780.732,1343,5,None,Move,browsing
1568357780.742,1342,6,None,Move,browsing
1568357780.752,1335,10,None,Move,browsing
1568357780.762,1332,11,None,Move,browsing
1568357780.772,1320,17,None,Move,browsing
1568357780.782,1300,23,None,Move,browsing
1568357780.792,1267,36,None,Move,browsing
1568357780.802,1185,78,None,Move,development
1568357780.842,790,314,None,Move,development
1568357780.8620002,546,456,None,Move,development
1568357780.8820002,328,572,None,Move,development
1568357780.9120002,114,696,None,Move,development
1568357780.9320002,24,749,None,Move,development
1568357780.952,-7,770,None,Move,development
1568357780.962,-15,779,None,Move,development
1568357780.982,-7,775,None,Move,development
1568357780.992,-1,770,None,Move,development
1568357781.002,0,767,None,Move,development
1568357781.012,0,771,None,Move,development
1568357781.032,0,773,None,Move,development
1568357781.042,0,771,None,Move,development
1568357781.052,0,774,None,Move,development
1568357781.062,0,775,None,Move,development
1568357781.072,0,773,None,Move,development
1568357781.082,2,770,None,Move,development
1568357781.092,3,770,None,Move,development
1568357781.1020002,4,770,None,Move,development
1568357781.1120002,4,768,None,Move,development
1568357781.1220002,4,768,None,Move,development
1568357781.1320002,4,767,None,Move,development
1568357781.1420002,4,768,None,Move,development
1568357781.1520002,4,768,None,Move,development
1568357781.1820002,5,767,None,Move,development
1568357781.1920002,6,766,None,Move,development
1568357781.202,6,765,None,Move,development
1568357781.212,6,759,None,Move,development
1568357781.222,6,757,None,Move,development
1568357781.232,6,754,None,Move,development
1568357781.242,6,753,None,Move,development
1568357781.252,6,752,None,Move,development
1568357781.262,6,751,None,Move,development
1568357781.272,9,749,None,Move,development
1568357781.282,12,749,None,Move,development
1568357781.292,23,745,None,Move,development
1568357781.302,31,742,None,Move,development
1568357781.312,38,740,None,Move,development
1568357781.322,47,738,None,Move,development
1568357781.332,60,735,None,Move,development
1568357781.342,68,735,None,Move,development
1568357781.3520002,75,735,None,Move,development
1568357781.3620002,82,734,None,Move,development
1568357781.3720002,88,733,None,Move,development
1568357781.3820002,90,733,None,Move,development
1568357781.3920002,90,733,None,Move,development
1568357781.4020002,91,732,None,Move,development
1568357781.4220002,92,732,None,Move,development
1568357781.452,92,732,None,Move,development
1568357781.462,92,732,None,Move,development
1568357781.472,91,733,None,Move,development
1568357781.482,91,735,None,Move,development
1568357781.492,90,740,None,Move,development
1568357781.502,88,742,None,Move,development
1568357781.512,88,743,None,Move,development
1568357781.522,88,745,None,Move,development
1568357781.532,86,746,None,Move,development
1568357781.542,84,748,None,Move,development
1568357781.552,81,749,None,Move,development
1568357781.562,78,750,None,Move,development
1568357781.572,77,751,None,Move,development
1568357781.582,74,753,None,Move,development
1568357781.592,72,754,None,Move,development
1568357781.6020002,71,755,None,Move,development
1568357781.6220002,71,755,None,Move,development
1568357781.6320002,69,756,None,Move,development
1568357781.732,69,756,Left,Pressed,development
1568357781.802,69,756,Left,Released,development
1568357781.822,69,755,None,Move,development
1568357781.832,69,754,None,Move,file system
1568357781.8520002,69,752,None,Move,file system
1568357781.8620002,69,746,None,Move,file system
1568357781.8820002,68,743,None,Move,file system
1568357781.8920002,64,743,None,Move,file system
1568357781.9020002,58,744,None,Move,file system
1568357781.9120002,58,744,None,Move,file system
1568357786.9889998,57,744,None,Move,file system
1568357786.9989998,57,744,None,Move,file system
1568357787.01,57,744,None,Move,file system
1568357787.02,57,742,None,Move,file system
1568357787.03,57,735,None,Move,file system
1568357787.04,60,717,None,Move,file system
1568357787.048,60,706,None,Move,file system
1568357787.0579998,60,704,None,Move,file system
1568357787.0679998,60,693,None,Move,file system
1568357787.0779998,59,675,None,Move,file system
1568357787.0879998,56,667,None,Move,file system
1568357787.096,55,664,None,Move,file system
1568357787.106,52,654,None,Move,file system
1568357787.1160002,51,648,None,Move,file system
1568357787.1260002,50,641,None,Move,file system
1568357787.1360002,50,641,None,Move,file system
1568357787.146,50,639,None,Move,file system
1568357787.156,50,636,None,Move,file system
1568357787.166,50,635,None,Move,file system
1568357787.176,50,634,None,Move,file system
1568357787.216,50,633,None,Move,file system
1568357787.226,50,633,None,Move,file system
1568357787.236,52,633,None,Move,file system
1568357787.246,60,638,None,Move,file system
1568357787.256,61,639,None,Move,file system
1568357787.266,65,642,None,Move,file system
1568357787.276,70,645,None,Move,file system
1568357787.286,78,653,None,Move,file system
1568357787.296,79,654,None,Move,file system
1568357787.306,86,662,None,Move,file system
1568357787.316,91,667,None,Move,file system
1568357787.326,93,670,None,Move,file system
1568357787.336,96,674,None,Move,file system
1568357787.346,100,679,None,Move,file system
1568357787.356,101,680,None,Move,file system
1568357787.536,103,682,None,Move,file system
1568357787.546,103,683,None,Move,file system
1568357787.566,103,685,None,Move,file system
1568357787.586,103,686,None,Move,file system
1568357787.596,103,687,None,Move,file system
1568357787.606,103,689,None,Move,file system
1568357787.6160002,103,690,None,Move,file system
1568357787.6260002,103,692,None,Move,file system
1568357787.6360002,103,693,None,Move,file system
1568357787.646,103,695,None,Move,file system
1568357787.656,103,695,None,Move,file system
1568357787.776,103,696,None,Move,file system
1568357787.786,103,697,None,Move,file system
1568357797.81,103,698,None,Move,file system
1568357797.82,40,954,None,Move,file system
1568357797.83,28,797,None,Move,file system
1568357797.84,25,777,None,Move,file system
1568357797.85,18,793,None,Move,file system
1568357797.86,0,774,None,Move,file system
1568357797.87,-7,792,None,Move,file system
1568357797.88,-2,774,None,Move,file system
1568357797.89,-9,783,None,Move,file system
1568357797.9,-1,770,None,Move,file system
1568357797.91,-10,786,None,Move,file system
1568357797.92,-2,775,None,Move,file system
1568357797.93,-5,792,None,Move,file system
1568357797.94,0,774,None,Move,file system
1568357797.95,0,797,None,Move,file system
1568357797.96,0,777,None,Move,file system
1568357797.97,0,777,None,Move,file system
1568357797.98,0,769,None,Move,file system
1568357797.99,0,769,None,Move,file system
1568357798.02,0,768,None,Move,file system
1568357798.03,1,767,None,Move,file system
1568357798.04,1,767,None,Move,file system
1568357798.06,15,767,None,Move,file system
1568357798.07,38,761,None,Move,file system
1568357798.08,43,760,None,Move,file system
1568357798.09,57,754,None,Move,file system
1568357798.1,87,737,None,Move,file system
1568357798.11,111,726,None,Move,file system
1568357798.12,113,725,None,Move,file system
1568357798.13,121,721,None,Move,file system
1568357798.14,131,719,None,Move,file system
1568357798.15,148,713,None,Move,file system
1568357798.16,151,712,None,Move,file system
1568357798.17,159,712,None,Move,file system
1568357798.18,170,711,None,Move,file system
1568357798.19,182,711,None,Move,file system
1568357798.2,184,711,None,Move,file system
1568357798.21,190,711,None,Move,file system
1568357798.22,195,711,None,Move,file system
1568357798.23,203,711,None,Move,file system
1568357798.24,205,710,None,Move,file system
1568357798.25,208,710,None,Move,file system
1568357798.26,213,710,None,Move,file system
1568357798.27,218,706,None,Move,file system
1568357798.29,219,706,None,Move,file system
1568357798.3,219,706,None,Move,file system
1568357798.32,220,706,None,Move,file system
1568357798.33,220,706,None,Move,file system
1568357798.34,222,706,None,Move,file system
1568357798.35,223,706,None,Move,file system
1568357798.36,224,708,None,Move,file system
1568357798.37,225,709,None,Move,file system
1568357798.38,228,714,None,Move,file system
1568357798.39,229,721,None,Move,file system
1568357798.4,229,721,None,Move,file system
1568357798.41,229,723,None,Move,file system
1568357798.42,230,730,None,Move,file system
1568357798.43,235,738,None,Move,file system
1568357798.44,236,740,None,Move,file system
1568357798.45,239,743,None,Move,file system
1568357798.46,244,748,None,Move,file system
1568357798.47,246,749,None,Move,file system
1568357798.48,248,752,None,Move,file system
1568357798.49,248,752,None,Move,file system
1568357798.5,250,753,None,Move,file system
1568357798.51,250,754,None,Move,file system
1568357798.52,251,754,None,Move,file system
1568357798.53,254,754,None,Move,file system
1568357798.54,254,754,None,Move,file system
1568357798.55,255,754,None,Move,file system
1568357798.56,256,754,None,Move,file system
1568357798.58,257,754,None,Move,file system
1568357798.59,258,754,None,Move,file system
1568357798.6,258,754,None,Move,file system
1568357798.61,259,754,None,Move,file system
1568357798.62,261,754,None,Move,file system
1568357798.63,261,754,None,Move,file system
1568357798.64,262,754,None,Move,file system
1568357798.66,264,754,None,Move,file system
1568357798.669,265,754,None,Move,file system
1568357798.679,266,754,None,Move,file system
1568357798.709,267,754,None,Move,file system
1568357798.7389998,268,754,Left,Pressed,file system
1568357798.7389998,268,754,None,Drag,file system
1568357798.74,268,754,Left,Released,file system
1568357798.819,269,754,None,Move,file system
1568357798.859,270,754,None,Move,office
1568357798.879,270,754,None,Move,office
1568357798.889,271,754,None,Move,office
1568357798.899,271,754,None,Move,office
1568357798.909,272,754,None,Move,office
1568357798.919,272,754,None,Move,office
1568357798.929,272,753,None,Move,office
1568357798.949,272,749,None,Move,office
1568357798.959,272,748,None,Move,office
1568357798.969,272,747,None,Move,office
1568357798.979,272,746,None,Move,office
1568357798.9889998,272,743,None,Move,office
1568357798.9989998,272,738,None,Move,office
1568357799.0089998,272,738,None,Move,office
1568357799.019,272,737,None,Move,office
1568357799.029,277,731,None,Move,office
1568357799.039,279,729,None,Move,office
1568357799.049,279,728,None,Move,office
1568357799.059,283,724,None,Move,office
1568357799.069,284,722,None,Move,office
1568357799.079,285,720,None,Move,office
1568357799.089,287,718,None,Move,office
1568357799.099,292,708,None,Move,office
1568357799.109,293,707,None,Move,office
1568357799.119,303,685,None,Move,office
1568357799.129,307,679,None,Move,office
1568357799.139,320,645,None,Move,office
1568357799.149,323,639,None,Move,office
1568357799.159,333,613,None,Move,office
1568357799.169,335,607,None,Move,office
1568357799.179,344,572,None,Move,office
1568357799.189,345,568,None,Move,office
1568357799.199,348,551,None,Move,office
1568357799.209,349,548,None,Move,office
1568357799.219,349,539,None,Move,office
1568357799.229,351,529,None,Move,office
1568357799.2389998,355,513,None,Move,office
1568357799.2489998,357,509,None,Move,office
1568357799.2589998,358,502,None,Move,office
1568357799.269,361,487,None,Move,office
1568357799.279,363,472,None,Move,office
1568357799.289,363,467,None,Move,office
1568357799.299,364,459,None,Move,office
1568357799.309,364,446,None,Move,office
1568357799.319,364,430,None,Move,office
1568357799.329,364,429,None,Move,office
1568357799.339,364,423,None,Move,office
1568357799.349,364,413,None,Move,office
1568357799.359,364,404,None,Move,office
1568357799.369,364,401,None,Move,office
1568357799.379,364,397,None,Move,office
1568357799.389,364,389,None,Move,office
1568357799.399,364,383,None,Move,office
1568357799.409,364,382,None,Move,office
1568357799.419,364,381,None,Move,office
1568357799.429,366,378,None,Move,office
1568357799.439,367,376,None,Move,office
1568357799.449,367,376,None,Move,office
1568357799.459,368,375,None,Move,office
1568357799.469,368,375,None,Move,office
1568357799.4889998,368,372,None,Move,office
1568357799.4989998,368,371,None,Move,office
1568357799.519,368,370,None,Move,office
1568357799.529,369,370,None,Move,office
1568357799.539,369,369,None,Move,office
1568357799.549,370,367,None,Move,office
1568357799.629,370,367,Left,Pressed,office
1568357799.709,370,367,Left,Released,office
1568357799.849,370,367,None,Move,office
1568357799.859,370,369,None,Move,office
1568357799.869,364,371,None,Move,office
1568357799.879,361,371,None,Move,office
1568357799.889,346,371,None,Move,office
1568357799.899,341,371,None,Move,office
1568357800.478,340,371,None,Move,office
1568357800.8479998,340,371,None,Move,office
1568357800.8579998,342,371,None,Move,office
1568357800.8979998,343,371,None,Move,office
1568357800.938,343,370,None,Move,office
1568357800.958,344,368,None,Move,office
1568357800.978,345,366,None,Move,office
1568357800.998,346,365,None,Move,office
1568357801.008,347,364,None,Move,office
1568357801.018,347,362,None,Move,office
1568357801.038,348,362,None,Move,office
1568357801.048,348,361,None,Move,office
1568357801.0579998,349,361,None,Move,office
1568357801.0679998,349,360,None,Move,office
1568357801.0779998,350,359,None,Move,office
1568357801.0879998,350,357,None,Move,office
1568357801.0979998,352,354,None,Move,office
1568357801.1079998,353,353,None,Move,office
1568357801.1179998,354,351,None,Move,office
1568357801.1279998,357,348,None,Move,office
1568357801.1379998,360,344,None,Move,office
1568357801.1479998,361,344,None,Move,office
1568357801.158,363,343,None,Move,office
1568357801.1720002,365,342,None,Move,office
1568357801.1820002,365,342,None,Move,office
1568357801.188,367,341,None,Move,office
1568357801.195,368,340,None,Move,office
1568357801.202,369,340,None,Move,office
1568357801.212,370,339,None,Move,office
1568357801.218,371,337,None,Move,office
1568357801.219,372,337,None,Move,office
1568357801.229,372,335,None,Move,office
1568357801.248,374,334,None,Move,office
1568357801.258,375,332,None,Move,office
1568357801.268,375,330,None,Move,office
1568357801.278,376,330,None,Move,office
1568357801.288,376,329,None,Move,office
1568357801.298,377,329,None,Move,office
1568357801.3279998,378,328,None,Move,office
1568357801.3479998,378,326,None,Move,office
1568357801.3579998,379,325,None,Move,office
1568357801.3679998,379,324,None,Move,office
1568357801.3779998,380,323,None,Move,office
1568357801.3879998,380,322,None,Move,office
1568357801.3979998,380,321,None,Move,office
1568357801.418,380,319,None,Move,office
1568357801.428,380,319,None,Move,office
1568357801.488,381,317,None,Move,office
1568357801.508,382,314,None,Move,office
1568357801.528,382,313,None,Move,office
1568357801.5879998,382,311,None,Move,office
1568357801.6079998,382,311,None,Move,office
1568357801.6479998,382,310,None,Move,office
1568357801.8279998,383,309,None,Move,office
1568357801.8979998,383,309,Left,Pressed,office
1568357802.008,383,309,Left,Released,office
1568357802.018,383,308,None,Move,office
1568357802.218,383,308,None,Move,office
1568357802.248,383,308,None,Move,office
1568357802.337,383,308,None,Move,office
1568357802.397,382,308,None,Move,office
1568357802.418,381,308,None,Move,office
1568357802.428,380,308,None,Move,office
1568357802.437,379,309,None,Move,office
1568357802.447,377,310,None,Move,office
1568357802.457,377,310,None,Move,office
1568357802.467,376,311,None,Move,office
1568357802.4770002,376,311,None,Move,office
1568357802.4970002,375,312,None,Move,office
1568357802.5070002,374,312,None,Move,office
1568357802.5170002,374,312,None,Move,office
1568357802.5470002,373,312,None,Move,office
1568357802.577,372,313,None,Move,office
1568357802.607,372,314,None,Move,office
1568357802.627,371,314,None,Move,office
1568357802.647,369,316,None,Move,office
1568357802.657,368,316,None,Move,office
1568357802.677,367,317,None,Move,office
1568357802.697,366,318,None,Move,office
1568357802.7470002,365,319,None,Move,office
1568357802.7570002,365,320,None,Move,office
1568357802.7670002,364,320,None,Move,office
1568357802.7770002,364,321,None,Move,office
1568357802.7870002,364,322,None,Move,office
1568357802.7970002,364,322,None,Move,office
1568357802.8070002,364,323,None,Move,office
1568357802.8170002,363,327,None,Move,office
1568357802.827,363,328,None,Move,office
1568357802.837,363,330,None,Move,office
1568357802.847,363,332,None,Move,office
1568357802.857,363,340,None,Move,office
1568357802.867,363,342,None,Move,office
1568357802.877,364,348,None,Move,office
1568357802.887,364,350,None,Move,office
1568357802.897,365,353,None,Move,office
1568357802.907,367,358,None,Move,office
1568357802.917,371,367,None,Move,office
1568357802.927,372,370,None,Move,office
1568357802.937,374,372,None,Move,office
1568357802.947,377,378,None,Move,office
1568357802.957,382,387,None,Move,office
1568357802.967,383,389,None,Move,office
1568357802.9770002,386,395,None,Move,office
1568357802.9870002,393,407,None,Move,office
1568357802.9970002,403,425,None,Move,office
1568357803.0070002,407,431,None,Move,office
1568357803.0170002,412,438,None,Move,office
1568357803.0270002,419,453,None,Move,office
1568357803.0370002,426,463,None,Move,office
1568357803.0470002,427,465,None,Move,office
1568357803.0570002,429,469,None,Move,office
1568357803.0670002,432,474,None,Move,office
1568357803.077,435,481,None,Move,office
1568357803.087,436,483,None,Move,office
1568357803.097,439,487,None,Move,office
1568357803.107,441,495,None,Move,office
1568357803.117,441,496,None,Move,office
1568357803.127,442,499,None,Move,office
1568357803.137,443,502,None,Move,office
1568357803.147,443,503,None,Move,office
1568357803.157,444,506,None,Move,office
1568357803.167,444,507,None,Move,office
1568357803.177,444,508,None,Move,office
1568357803.217,444,508,None,Move,office
1568357803.397,445,508,None,Move,office
1568357803.577,446,508,None,Move,office
1568357803.647,446,509,None,Move,office
1568357803.707,446,510,None,Move,office
1568357803.717,446,510,None,Move,office
1568357803.7270002,446,511,None,Move,office
1568357803.7370002,446,512,None,Move,office
1568357803.7470002,446,513,None,Move,office
1568357803.7670002,446,515,None,Move,office
1568357803.7770002,446,518,None,Move,office
1568357803.7870002,446,522,None,Move,office
1568357803.7970002,446,523,None,Move,office
1568357803.8070002,446,525,None,Move,office
1568357803.8170002,446,528,None,Move,office
1568357803.827,446,530,None,Move,office
1568357803.837,446,530,None,Move,office
1568357803.847,446,532,None,Move,office
1568357803.857,446,532,None,Move,office
1568357803.867,446,534,None,Move,office
1568357803.877,446,535,None,Move,office
1568357803.887,446,536,None,Move,office
1568357803.897,446,538,None,Move,office
1568357803.907,446,541,None,Move,office
1568357803.917,447,543,None,Move,office
1568357803.927,448,546,None,Move,office
1568357803.937,448,546,None,Move,office
1568357803.947,451,550,None,Move,office
1568357803.967,451,553,None,Move,office
1568357803.9770002,452,555,None,Move,office
1568357803.9870002,453,555,None,Move,office
1568357803.9970002,453,556,None,Move,office
1568357804.0070002,453,557,None,Move,office
1568357804.0170002,453,558,None,Move,office
1568357804.0270002,455,561,None,Move,office
1568357804.0370002,455,561,None,Move,office
1568357804.0470002,455,562,None,Move,office
1568357804.0570002,455,562,None,Move,office
1568357804.0670002,456,563,None,Move,office
1568357804.6260002,456,564,None,Move,office
1568357804.646,456,565,None,Move,office
1568357804.656,458,566,None,Move,office
1568357804.666,458,566,None,Move,office
1568357804.676,459,567,None,Move,office
1568357804.686,459,568,None,Move,office
1568357804.696,461,570,None,Move,office
1568357804.726,462,570,None,Move,office
1568357804.766,463,571,None,Move,office
1568357804.776,463,571,None,Move,office
1568357804.796,464,572,None,Move,office
1568357804.8860002,464,575,None,Move,office
1568357804.926,465,576,None,Move,office
1568357804.986,466,576,None,Move,office
1568357805.1260002,466,576,None,Move,office
1568357805.1360002,467,577,None,Move,office
1568357805.156,468,577,None,Move,office
1568357805.166,470,578,None,Move,office
1568357805.176,472,579,None,Move,office
1568357805.186,472,580,None,Move,office
1568357805.196,473,581,None,Move,office
1568357805.206,474,581,None,Move,office
1568357805.216,475,583,None,Move,office
1568357805.226,476,584,None,Move,office
1568357805.236,479,588,None,Move,office
1568357805.246,484,592,None,Move,office
1568357805.256,489,598,None,Move,office
1568357805.266,490,599,None,Move,office
1568357805.276,495,605,None,Move,office
1568357805.286,499,611,None,Move,office
1568357805.296,503,622,None,Move,office
1568357805.306,504,625,None,Move,office
1568357805.316,505,635,None,Move,office
1568357805.326,508,645,None,Move,office
1568357805.336,510,656,None,Move,office
1568357805.346,512,659,None,Move,office
1568357805.356,513,666,None,Move,office
1568357805.3660002,517,672,None,Move,office
1568357805.3760002,519,677,None,Move,office
1568357805.3860002,519,680,None,Move,office
1568357805.396,522,688,None,Move,office
1568357805.406,524,694,None,Move,office
1568357805.416,527,704,None,Move,office
1568357805.426,528,705,None,Move,office
1568357805.436,531,713,None,Move,office
1568357805.446,533,720,None,Move,office
1568357805.456,534,726,None,Move,office
1568357805.466,535,729,None,Move,office
1568357805.476,539,740,None,Move,office
1568357805.486,541,747,None,Move,office
1568357805.496,550,758,None,Move,office
1568357805.506,553,761,None,Move,office
1568357805.516,567,777,None,Move,office
1568357805.526,569,768,None,Move,office
1568357805.536,598,776,None,Move,office
1568357805.546,603,769,None,Move,office
1568357805.556,618,769,None,Move,office
1568357805.566,620,767,None,Move,office
1568357805.576,625,767,None,Move,office
1568357805.586,633,767,None,Move,office
1568357805.596,634,767,None,Move,office
1568357805.606,634,767,None,Move,office
1568357805.946,634,767,None,Move,office
1568357805.956,632,764,None,Move,office
1568357805.966,632,761,None,Move,office
1568357805.976,626,754,None,Move,office
1568357805.986,621,748,None,Move,office
1568357805.996,616,739,None,Move,office
1568357806.006,615,737,None,Move,office
1568357806.016,612,732,None,Move,office
1568357806.026,612,731,None,Move,office
1568357806.036,606,718,None,Move,office
1568357806.046,606,717,None,Move,office
1568357806.056,605,712,None,Move,office
1568357806.066,605,710,None,Move,office
1568357806.076,605,706,None,Move,office
1568357806.086,605,706,None,Move,office
1568357806.096,605,704,None,Move,office
1568357806.106,607,704,None,Move,office
1568357806.1260002,616,700,None,Move,office
1568357806.1360002,632,696,None,Move,office
1568357806.146,635,695,None,Move,office
1568357806.156,649,691,None,Move,office
1568357806.166,663,686,None,Move,office
1568357806.175,696,680,None,Move,office
1568357806.185,705,679,None,Move,office
1568357806.195,725,678,None,Move,office
1568357806.205,768,678,None,Move,office
1568357806.215,799,678,None,Move,office
1568357806.225,803,678,None,Move,office
1568357806.235,814,678,None,Move,office
1568357806.245,827,678,None,Move,office
1568357806.265,842,683,None,Move,office
1568357806.275,847,689,None,Move,office
1568357806.285,852,695,None,Move,office
1568357806.645,852,695,None,Move,office
1568357806.655,852,695,None,Move,office
1568357806.665,852,695,None,Move,office
1568357806.675,848,695,None,Move,office
1568357806.685,848,695,None,Move,office
1568357806.705,846,695,None,Move,office
1568357806.715,846,695,None,Move,office
1568357806.725,842,695,None,Move,office
1568357806.735,840,695,None,Move,office
1568357806.745,837,693,None,Move,office
1568357806.755,836,693,None,Move,office
1568357806.765,835,692,None,Move,office
1568357806.775,834,691,None,Move,office
1568357806.785,833,690,None,Move,office
1568357806.795,831,689,None,Move,office
1568357806.805,828,688,None,Move,office
1568357806.815,828,688,None,Move,office
1568357806.825,827,688,None,Move,office
1568357806.8379998,825,688,None,Move,office
1568357806.8479998,820,687,None,Move,office
1568357806.8579998,816,687,None,Move,office
1568357806.8679998,814,687,None,Move,office
1568357806.8779998,808,687,None,Move,office
1568357806.8879998,803,687,None,Move,office
1568357806.8979998,793,691,None,Move,office
1568357806.908,791,691,None,Move,office
1568357806.918,777,697,None,Move,office
1568357806.928,774,699,None,Move,office
1568357806.938,747,724,None,Move,office
1568357806.948,742,728,None,Move,office
1568357806.958,727,745,None,Move,office
1568357806.968,714,757,None,Move,office
1568357806.988,698,767,None,Move,office
1568357806.998,684,774,None,Move,office
1568357807.008,673,770,None,Move,office
1568357807.018,658,773,None,Move,office
1568357807.028,655,768,None,Move,office
1568357807.038,643,771,None,Move,office
1568357807.0579998,630,770,None,Move,office
1568357807.0679998,619,771,None,Move,office
1568357807.0779998,600,773,None,Move,office
1568357807.0879998,597,767,None,Move,office
1568357807.0979998,588,769,None,Move,office
1568357807.1079998,570,771,None,Move,office
1568357807.1179998,553,769,None,Move,office
1568357807.1279998,551,770,None,Move,office
1568357807.1379998,545,768,None,Move,office
1568357807.1479998,538,768,None,Move,office
1568357807.158,533,767,None,Move,office
1568357807.168,532,767,None,Move,office
1568357807.178,531,767,None,Move,office
1568357807.188,527,767,None,Move,office
1568357807.198,521,767,None,Move,office
1568357807.208,518,767,None,Move,office
1568357807.218,518,767,None,Move,office
1568357807.228,512,767,None,Move,office
1568357807.238,505,767,None,Move,office
1568357807.248,501,767,None,Move,office
1568357807.258,498,767,None,Move,office
1568357807.268,493,767,None,Move,office
1568357807.278,491,767,None,Move,office
1568357807.288,491,767,None,Move,office
1568357807.3379998,489,767,None,Move,office
1568357807.3579998,489,767,None,Move,office
1568357807.408,489,767,None,Move,office
1568357807.418,489,766,None,Move,office
1568357807.438,489,765,None,Move,office
1568357807.458,489,764,None,Move,office
1568357807.468,489,764,None,Move,office
1568357807.478,489,763,None,Move,office
1568357807.488,489,762,None,Move,office
1568357807.498,489,761,None,Move,office
1568357807.508,489,759,None,Move,office
1568357807.518,489,759,None,Move,office
1568357807.528,489,758,None,Move,office
1568357807.538,490,757,None,Move,office
1568357807.548,490,754,None,Move,office
1568357807.5579998,491,754,None,Move,office
1568357807.5679998,491,753,None,Move,office
1568357807.5779998,492,752,None,Move,office
1568357807.5879998,493,751,None,Move,office
1568357807.5979998,494,750,None,Move,office
1568357807.6079998,495,748,None,Move,office
1568357807.6179998,496,748,None,Move,office
1568357807.6279998,499,746,None,Move,office
1568357807.6379998,501,746,None,Move,office
1568357807.6479998,501,746,None,Move,office
1568357807.658,502,745,None,Move,office
1568357807.668,503,744,None,Move,office
1568357807.768,503,744,None,Move,office
1568357807.778,502,744,None,Move,office
1568357807.788,497,744,None,Move,office
1568357807.798,496,744,None,Move,office
1568357807.8079998,491,744,None,Move,office
1568357807.8179998,482,744,None,Move,office
1568357807.8279998,473,744,None,Move,office
1568357807.8379998,470,744,None,Move,office
1568357807.8479998,462,744,None,Move,office
1568357807.8579998,453,744,None,Move,office
1568357807.8679998,445,744,None,Move,office
1568357807.8779998,443,744,None,Move,office
1568357807.8879998,438,744,None,Move,office
1568357807.8979998,436,745,None,Move,office
1568357807.908,435,745,None,Move,office
1568357808.188,435,745,None,Move,office
1568357808.198,436,745,None,Move,office
1568357808.218,436,745,None,Move,office
1568357808.228,438,745,None,Move,office
1568357808.248,439,745,None,Move,office
1568357808.258,440,745,None,Move,office
1568357808.268,441,745,None,Move,office
1568357808.278,442,745,None,Move,office
1568357808.288,443,745,None,Move,office
1568357808.298,446,745,None,Move,office
1568357808.3070002,448,745,None,Move,office
1568357808.3170002,452,745,None,Move,office
1568357808.327,457,745,None,Move,office
1568357808.337,458,745,None,Move,office
1568357808.3479998,459,745,None,Move,office
1568357808.357,463,745,None,Move,office
1568357808.367,463,745,None,Move,office
1568357808.377,465,745,None,Move,office
1568357808.428,466,745,None,Move,office
1568357808.697,466,745,Left,Pressed,office
1568357808.867,466,745,Left,Released,file system
1568357808.967,466,745,None,Move,file system
1568357809.0170002,466,745,None,Move,file system
1568357809.0270002,465,746,None,Move,file system
1568357809.0470002,463,746,None,Move,file system
1568357809.0570002,461,747,None,Move,file system
1568357809.0670002,461,747,None,Move,file system
1568357809.077,456,747,None,Move,file system
1568357809.087,456,747,None,Move,file system
1568357809.097,453,748,None,Move,file system
1568357809.107,451,748,None,Move,file system
1568357809.117,450,749,None,Move,file system
1568357809.157,449,749,None,Move,file system
1568357809.177,449,749,None,Move,file system
1568357809.867,449,749,None,Move,file system
1568357809.917,449,749,None,Move,file system
1568357809.9770002,449,748,None,Move,file system
1568357811.966,449,747,None,Move,file system
1568357812.056,449,746,None,Move,file system
1568357812.096,449,745,None,Move,file system
1568357812.106,449,744,None,Move,file system
1568357812.1160002,448,743,None,Move,file system
1568357812.1360002,448,742,None,Move,file system
1568357812.156,448,741,None,Move,file system
1568357812.176,448,739,None,Move,file system
1568357812.196,448,739,None,Move,file system
1568357812.206,448,738,None,Move,file system
1568357812.216,448,738,None,Move,file system
1568357812.225,448,737,None,Move,file system
1568357812.235,448,736,None,Move,file system
1568357812.245,448,735,None,Move,file system
1568357812.256,448,733,None,Move,file system
1568357812.405,447,733,None,Move,file system
1568357812.415,447,733,None,Move,file system
1568357812.425,445,734,None,Move,file system
1568357812.435,443,734,None,Move,file system
1568357812.445,443,734,None,Move,file system
1568357812.455,439,735,None,Move,file system
1568357812.465,439,735,None,Move,file system
1568357812.475,439,741,None,Move,file system
1568357812.485,439,741,None,Move,file system
1568357812.905,439,741,None,Move,file system
1568357812.915,440,741,None,Move,file system
1568357812.945,441,741,None,Move,file system
1568357812.955,443,741,None,Move,file system
1568357812.965,443,741,None,Move,file system
1568357812.975,444,741,None,Move,file system
1568357812.985,444,741,None,Move,file system
1568357812.995,445,741,None,Move,file system
1568357813.005,445,741,None,Move,file system
1568357813.015,446,741,None,Move,file system
1568357813.025,447,740,None,Move,file system
1568357813.045,449,740,None,Move,file system
1568357813.055,450,740,None,Move,file system
1568357813.065,450,740,None,Move,file system
1568357813.075,451,740,None,Move,file system
1568357813.085,452,740,None,Move,file system
1568357813.095,452,740,None,Move,file system
1568357813.105,453,740,None,Move,file system
1568357813.115,454,740,None,Move,file system
1568357813.135,455,740,None,Move,file system
1568357813.145,456,740,None,Move,file system
1568357813.155,457,740,None,Move,file system
1568357813.165,458,740,None,Move,file system
1568357813.185,458,740,None,Move,file system
1568357813.205,460,738,None,Move,file system
1568357813.255,462,738,None,Move,file system
1568357813.265,462,737,None,Move,file system
1568357813.275,463,736,None,Move,file system
1568357813.305,463,735,None,Move,file system
1568357813.315,463,735,None,Move,file system
1568357813.355,463,733,None,Move,file system
1568357813.365,463,732,None,Move,file system
1568357813.385,462,732,None,Move,file system
1568357813.395,459,731,None,Move,file system
1568357813.405,457,729,None,Move,file system
1568357813.415,457,729,None,Move,file system
1568357813.425,454,729,None,Move,file system
1568357813.435,452,728,None,Move,file system
1568357813.445,451,728,None,Move,file system
1568357813.455,449,728,None,Move,file system
1568357813.465,446,727,None,Move,file system
1568357813.475,444,727,None,Move,file system
1568357813.485,443,727,None,Move,file system
1568357813.495,442,727,None,Move,file system
1568357813.505,440,727,None,Move,file system
1568357813.515,438,727,None,Move,file system
1568357813.525,434,727,None,Move,file system
1568357813.535,433,727,None,Move,file system
1568357813.545,432,727,None,Move,file system
1568357813.555,431,727,None,Move,file system
1568357813.565,428,727,None,Move,file system
1568357813.575,426,727,None,Move,file system
1568357813.585,424,727,None,Move,file system
1568357813.595,422,727,None,Move,file system
1568357813.605,419,727,None,Move,file system
1568357813.615,418,727,None,Move,file system
1568357813.625,412,727,None,Move,file system
1568357813.635,411,727,None,Move,file system
1568357813.645,406,727,None,Move,file system
1568357813.655,400,727,None,Move,file system
1568357813.665,396,727,None,Move,file system
1568357813.675,394,727,None,Move,file system
1568357813.685,390,727,None,Move,file system
1568357813.695,386,727,None,Move,file system
1568357813.705,380,729,None,Move,file system
1568357813.715,380,729,None,Move,file system
1568357813.725,375,729,None,Move,file system
1568357813.735,371,729,None,Move,file system
1568357813.745,367,729,None,Move,file system
1568357813.755,366,730,None,Move,file system
1568357813.765,361,731,None,Move,file system
1568357813.775,357,731,None,Move,file system
1568357813.785,354,732,None,Move,file system
1568357813.795,354,732,None,Move,file system
1568357813.805,352,733,None,Move,file system
1568357813.815,351,733,None,Move,file system
1568357813.825,349,733,None,Move,file system
1568357813.835,347,733,None,Move,file system
1568357813.845,347,733,None,Move,file system
1568357813.855,346,733,None,Move,file system
1568357813.865,345,733,None,Move,file system
1568357813.885,344,734,None,Move,file system
1568357813.895,344,734,None,Move,file system
1568357813.905,343,735,None,Move,file system
1568357813.915,342,735,None,Move,file system
1568357813.925,341,736,None,Move,file system
1568357813.935,339,736,None,Move,file system
1568357813.945,336,737,None,Move,file system
1568357813.955,335,737,None,Move,file system
1568357813.965,334,737,None,Move,file system
1568357813.975,333,738,None,Move,file system
1568357813.985,332,738,None,Move,file system
1568357813.995,330,739,None,Move,file system
1568357814.005,329,740,None,Move,file system
1568357814.015,328,740,None,Move,file system
1568357814.025,326,741,None,Move,file system
1568357814.035,326,742,None,Move,file system
1568357814.045,325,742,None,Move,file system
1568357814.065,325,742,None,Move,file system
1568357814.085,324,742,None,Move,file system
1568357814.094,322,743,None,Move,file system
1568357814.104,322,743,None,Move,file system
1568357814.1139998,321,744,None,Move,file system
1568357814.1239998,321,744,None,Move,file system
1568357814.135,320,744,None,Move,file system
1568357814.324,320,744,None,Move,file system
1568357814.334,321,744,None,Move,file system
1568357814.344,323,743,None,Move,file system
1568357814.354,323,742,None,Move,file system
1568357814.3639998,328,741,None,Move,file system
1568357814.3739998,328,741,None,Move,file system
1568357814.3839998,330,739,None,Move,file system
1568357814.394,336,738,None,Move,file system
1568357814.404,344,733,None,Move,file system
1568357814.414,346,732,None,Move,file system
1568357814.424,349,730,None,Move,file system
1568357814.434,358,725,None,Move,file system
1568357814.444,365,722,None,Move,file system
1568357814.454,368,721,None,Move,file system
1568357814.464,373,718,None,Move,file system
1568357814.474,384,713,None,Move,file system
1568357814.484,397,709,None,Move,file system
1568357814.494,402,707,None,Move,file system
1568357814.504,409,706,None,Move,file system
1568357814.514,426,701,None,Move,file system
1568357814.524,449,693,None,Move,file system
1568357814.534,453,690,None,Move,file system
1568357814.544,463,687,None,Move,file system
1568357814.554,477,676,None,Move,file system
1568357814.564,479,674,None,Move,file system
1568357814.574,489,664,None,Move,file system
1568357814.584,498,650,None,Move,file system
1568357814.594,508,635,None,Move,file system
1568357814.604,510,631,None,Move,file system
1568357814.6139998,516,618,None,Move,file system
1568357814.6239998,523,608,None,Move,file system
1568357814.6339998,527,599,None,Move,file system
1568357814.644,529,594,None,Move,file system
1568357814.654,533,586,None,Move,file system
1568357814.664,537,580,None,Move,file system
1568357814.674,539,572,None,Move,file system
1568357814.684,540,569,None,Move,file system
1568357814.694,541,565,None,Move,file system
1568357814.704,542,560,None,Move,file system
1568357814.714,542,549,None,Move,file system
1568357814.724,544,545,None,Move,file system
1568357814.734,544,531,None,Move,file system
1568357814.744,546,521,None,Move,file system
1568357814.754,548,510,None,Move,file system
1568357814.764,549,507,None,Move,file system
1568357814.774,551,495,None,Move,file system
1568357814.784,551,485,None,Move,file system
1568357814.794,551,472,None,Move,file system
1568357814.804,551,470,None,Move,file system
1568357814.814,549,460,None,Move,file system
1568357814.824,546,451,None,Move,file system
1568357814.834,539,441,None,Move,file system
1568357814.844,538,439,None,Move,file system
1568357814.854,530,432,None,Move,file system
1568357814.8639998,523,427,None,Move,file system
1568357814.8739998,514,420,None,Move,file system
1568357814.8839998,511,418,None,Move,file system
1568357814.894,502,413,None,Move,file system
1568357814.904,496,408,None,Move,file system
1568357814.914,484,401,None,Move,file system
1568357814.924,482,400,None,Move,file system
1568357814.934,468,392,None,Move,file system
1568357814.944,457,385,None,Move,file system
1568357814.954,445,381,None,Move,file system
1568357814.964,443,380,None,Move,file system
1568357814.974,437,376,None,Move,file system
1568357814.984,433,375,None,Move,file system
1568357814.994,430,373,None,Move,file system
1568357815.004,430,373,None,Move,file system
1568357815.014,429,372,None,Move,file system
1568357815.024,427,370,None,Move,file system
1568357815.034,425,370,None,Move,file system
1568357815.044,425,370,None,Move,file system
1568357815.054,422,368,None,Move,file system
1568357815.064,421,368,None,Move,file system
1568357815.074,420,368,None,Move,file system
1568357815.094,419,368,None,Move,file system
1568357815.154,419,367,None,Move,file system
1568357815.164,419,366,None,Move,file system
1568357815.224,419,366,Left,Pressed,office
1568357815.224,419,366,None,Drag,office
1568357815.234,419,365,None,Drag,office
1568357815.304,419,364,None,Drag,office
1568357815.304,419,364,Left,Released,office
1568357815.324,421,361,None,Move,office
1568357815.334,421,360,None,Move,office
1568357815.344,424,357,None,Move,office
1568357815.3639998,425,356,None,Move,office
1568357815.3739998,425,356,None,Move,office
1568357815.3839998,427,352,None,Move,office
1568357815.394,429,350,None,Move,office
1568357815.404,431,346,None,Move,office
1568357815.414,437,337,None,Move,office
1568357815.424,438,334,None,Move,office
1568357815.434,439,330,None,Move,office
1568357815.444,442,327,None,Move,office
1568357815.454,442,326,None,Move,office
1568357815.464,442,321,None,Move,office
1568357815.474,442,320,None,Move,office
1568357815.484,442,319,None,Move,office
1568357815.494,442,317,None,Move,office
1568357815.504,442,317,None,Move,office
1568357815.584,442,317,Left,Pressed,office
1568357815.664,442,317,Left,Released,office
1568357815.804,442,317,None,Move,office
1568357815.814,442,317,None,Move,office
1568357815.824,442,317,None,Move,office
1568357815.843,442,319,None,Move,office
1568357815.853,442,319,None,Move,office
1568357815.863,442,320,None,Move,office
1568357815.873,441,322,None,Move,office
1568357815.883,440,324,None,Move,office
1568357815.894,440,324,None,Move,office
1568357815.904,440,330,None,Move,office
1568357815.914,440,330,None,Move,office
1568357815.924,440,337,None,Move,office
1568357815.944,440,342,None,Move,office
1568357815.954,440,344,None,Move,office
1568357815.9629998,439,351,None,Move,office
1568357815.9729998,439,353,None,Move,office
1568357815.9829998,438,360,None,Move,office
1568357815.9929998,437,366,None,Move,office
1568357816.0029998,437,375,None,Move,office
1568357816.0129998,437,377,None,Move,office
1568357816.0229998,437,392,None,Move,office
1568357816.033,437,402,None,Move,office
1568357816.043,437,416,None,Move,office
1568357816.053,437,422,None,Move,office
1568357816.063,432,453,None,Move,office
1568357816.073,429,478,None,Move,office
1568357816.083,425,519,None,Move,office
1568357816.093,423,525,None,Move,office
1568357816.103,419,548,None,Move,office
1568357816.113,417,562,None,Move,office
1568357816.123,416,575,None,Move,office
1568357816.133,416,578,None,Move,office
1568357816.143,416,591,None,Move,office
1568357816.153,416,594,None,Move,office
1568357816.163,416,603,None,Move,office
1568357816.173,416,604,None,Move,office
1568357816.1829998,416,611,None,Move,office
1568357816.1929998,415,616,None,Move,office
1568357816.2029998,415,625,None,Move,office
1568357816.2229998,415,627,None,Move,office
1568357816.2329998,411,641,None,Move,office
1568357816.2429998,411,647,None,Move,office
1568357816.2529998,409,657,None,Move,office
1568357816.2629998,409,665,None,Move,office
1568357816.2729998,409,666,None,Move,office
1568357816.283,409,670,None,Move,office
1568357816.293,408,674,None,Move,office
1568357816.303,408,683,None,Move,office
1568357816.313,408,685,None,Move,office
1568357816.323,408,686,None,Move,office
1568357816.333,407,690,None,Move,office
1568357816.343,407,693,None,Move,office
1568357816.353,407,695,None,Move,office
1568357816.363,407,696,None,Move,office
1568357816.373,407,699,None,Move,office
1568357816.383,406,702,None,Move,office
1568357816.393,406,705,None,Move,office
1568357816.403,406,707,None,Move,office
1568357816.413,404,711,None,Move,office
1568357816.423,403,714,None,Move,office
1568357816.4329998,403,714,None,Move,office
1568357816.4429998,403,715,None,Move,office
1568357816.4529998,402,717,None,Move,office
1568357816.4629998,401,719,None,Move,office
1568357816.4829998,400,720,None,Move,office
1568357816.4929998,400,720,None,Move,office
1568357816.5029998,400,721,None,Move,office
1568357816.5129998,399,723,None,Move,office
1568357816.5229998,399,723,None,Move,office
1568357816.533,398,724,None,Move,office
1568357816.543,397,724,None,Move,office
1568357816.553,397,725,None,Move,office
1568357816.573,396,725,None,Move,office
1568357816.583,394,727,None,Move,office
1568357816.593,394,728,None,Move,office
1568357816.603,392,729,None,Move,office
1568357816.613,392,729,None,Move,office
1568357816.633,391,730,None,Move,office
1568357816.643,390,730,None,Move,office
1568357816.653,390,731,None,Move,office
1568357816.663,389,731,None,Move,office
1568357816.673,388,731,None,Move,office
1568357816.6829998,387,732,None,Move,office
1568357816.6929998,387,733,None,Move,office
1568357816.7029998,386,733,None,Move,office
1568357816.7129998,385,733,None,Move,office
1568357816.7229998,384,733,None,Move,office
1568357816.7329998,383,733,None,Move,office
1568357816.7529998,382,733,None,Move,office
1568357816.7629998,382,733,None,Move,office
1568357816.7729998,381,733,None,Move,office
1568357816.783,380,733,None,Move,office
1568357816.793,379,733,None,Move,office
1568357816.803,378,733,None,Move,office
1568357816.813,378,733,None,Move,office
1568357816.833,377,733,None,Move,office
1568357816.843,377,733,None,Move,office
1568357816.853,376,733,None,Move,office
1568357816.873,375,733,None,Move,office
1568357817.0029998,374,733,None,Move,office
1568357817.0229998,372,733,None,Move,office
1568357817.033,372,733,None,Move,office
1568357817.043,371,733,None,Move,office
1568357817.093,371,733,None,Move,office
1568357817.113,371,732,None,Move,office
1568357817.123,370,732,None,Move,office
1568357817.1929998,370,731,None,Move,office
1568357817.303,370,730,None,Move,office
1568357817.313,370,730,None,Move,office
1568357817.363,370,729,None,Move,office
1568357817.373,369,728,None,Move,office
1568357817.423,369,728,None,Move,office
1568357817.573,369,726,None,Move,office
1568357817.593,369,726,None,Move,office
1568357817.982,369,725,None,Move,office
1568357818.302,368,725,None,Move,office
1568357818.472,368,723,None,Move,office
1568357818.542,368,722,None,Move,office
1568357818.552,367,722,None,Move,office
1568357818.562,367,721,None,Move,office
1568357818.6920002,366,720,None,Move,office
1568357818.9420002,365,720,None,Move,office
1568357819.592,364,720,None,Move,office
1568357819.6020002,363,720,None,Move,office
1568357819.6420002,363,720,None,Move,office
1568357819.6920002,362,720,None,Move,office
1568357819.771,361,720,None,Move,office
1568357819.861,360,719,None,Move,office
1568357819.891,360,719,None,Move,office
1568357820.907,359,719,None,Move,office
1568357820.9770002,358,719,None,Move,office
1568357820.9989998,358,719,None,Move,office
1568357821.0089998,357,719,None,Move,office
1568357821.029,357,719,None,Move,office
1568357821.039,356,719,None,Move,office
1568357821.049,355,719,None,Move,office
1568357821.16,354,719,None,Move,office
1568357821.19,352,719,None,Move,office
1568357821.2,351,719,None,Move,office
1568357821.2410002,350,719,None,Move,office
1568357821.3839998,350,718,None,Move,office
1568357822.305,350,717,None,Move,office
1568357822.408,350,717,None,Move,office
1568357822.418,351,718,None,Move,office
1568357822.426,353,720,None,Move,office
1568357822.436,355,720,None,Move,office
1568357826.2389998,355,720,None,Move,office
1568357826.2489998,355,720,None,Move,office
1568357826.26,355,720,None,Move,office
1568357826.27,353,718,None,Move,office
1568357826.28,349,714,None,Move,office
1568357826.29,347,711,None,Move,office
1568357826.298,347,711,None,Move,office
1568357826.324,347,710,None,Move,office
1568357826.346,347,709,None,Move,office
1568357826.356,347,708,None,Move,office
1568357826.3660002,347,708,None,Move,office
1568357826.3760002,346,706,None,Move,office
1568357826.424,346,705,None,Move,office
1568357826.454,346,705,None,Move,office
1568357826.524,346,705,None,Move,office
1568357826.534,347,705,None,Move,office
1568357826.544,348,705,None,Move,office
1568357826.554,348,705,None,Move,office
1568357826.564,350,705,None,Move,office
1568357826.574,354,705,None,Move,office
1568357826.584,356,705,None,Move,office
1568357826.594,362,705,None,Move,office
1568357826.604,371,703,None,Move,office
1568357826.6139998,377,700,None,Move,office
1568357826.6239998,398,689,None,Move,office
1568357826.6339998,401,688,None,Move,office
1568357826.644,419,680,None,Move,office
1568357826.654,431,674,None,Move,office
1568357826.664,436,671,None,Move,office
1568357826.674,443,669,None,Move,office
1568357826.684,454,665,None,Move,office
1568357826.694,460,664,None,Move,office
1568357826.704,465,663,None,Move,office
1568357826.714,471,663,None,Move,office
1568357826.724,485,663,None,Move,office
1568357826.734,493,663,None,Move,office
1568357826.744,503,663,None,Move,office
1568357826.754,512,665,None,Move,office
1568357826.764,533,673,None,Move,office
1568357826.774,540,678,None,Move,office
1568357826.784,548,681,None,Move,office
1568357826.794,554,684,None,Move,office
1568357826.804,565,690,None,Move,office
1568357826.814,570,695,None,Move,office
1568357826.824,574,698,None,Move,office
1568357826.834,577,699,None,Move,office
1568357826.844,586,707,None,Move,office
1568357826.854,587,708,None,Move,office
1568357826.8639998,592,711,None,Move,office
1568357826.8739998,594,712,None,Move,office
1568357826.8839998,600,718,None,Move,office
1568357826.894,600,719,None,Move,office
1568357826.904,603,720,None,Move,office
1568357826.914,607,723,None,Move,office
1568357826.924,610,727,None,Move,office
1568357826.934,612,732,None,Move,office
1568357826.944,614,734,None,Move,office
1568357826.954,615,735,None,Move,office
1568357826.964,615,737,None,Move,office
1568357826.974,619,741,None,Move,office
1568357826.984,620,743,None,Move,office
1568357827.174,620,743,None,Move,office
1568357827.184,617,743,None,Move,office
1568357827.194,615,743,None,Move,office
1568357827.204,613,745,None,Move,office
1568357827.214,611,746,None,Move,office
1568357827.224,606,747,None,Move,office
1568357827.234,604,748,None,Move,office
1568357827.244,603,748,None,Move,office
1568357827.254,595,752,None,Move,office
1568357827.264,587,753,None,Move,office
1568357827.274,572,758,None,Move,office
1568357827.284,569,758,None,Move,office
1568357827.294,557,762,None,Move,office
1568357827.304,550,765,None,Move,office
1568357827.314,533,769,None,Move,office
1568357827.324,529,767,None,Move,office
1568357827.334,516,770,None,Move,office
1568357827.344,510,767,None,Move,office
1568357827.354,494,768,None,Move,office
1568357827.3639998,492,768,None,Move,office
1568357827.3739998,480,767,None,Move,office
1568357827.3839998,472,767,None,Move,office
1568357827.394,460,767,None,Move,office
1568357827.404,457,767,None,Move,office
1568357827.414,447,767,None,Move,office
1568357827.424,440,767,None,Move,office
1568357827.434,426,767,None,Move,office
1568357827.444,423,767,None,Move,office
1568357827.454,416,767,None,Move,office
1568357827.464,411,767,None,Move,office
1568357827.474,404,767,None,Move,office
1568357827.484,403,767,None,Move,office
1568357827.494,398,767,None,Move,office
1568357827.504,397,767,None,Move,office
1568357827.514,392,767,None,Move,office
1568357827.524,390,767,None,Move,office
1568357827.534,389,767,None,Move,office
1568357827.544,388,767,None,Move,office
1568357827.554,384,766,None,Move,office
1568357827.564,384,766,None,Move,office
1568357827.574,379,764,None,Move,office
1568357827.583,377,764,None,Move,office
1568357827.593,370,762,None,Move,office
1568357827.603,368,762,None,Move,office
1568357827.613,366,761,None,Move,office
1568357827.623,365,760,None,Move,office
1568357827.633,360,759,None,Move,office
1568357827.644,357,757,None,Move,office
1568357827.653,350,756,None,Move,office
1568357827.663,343,755,None,Move,office
1568357827.673,333,749,None,Move,office
1568357827.6829998,332,749,None,Move,office
1568357827.6929998,328,749,None,Move,office
1568357827.7029998,327,749,None,Move,office
1568357827.7129998,326,749,None,Move,office
1568357827.7229998,325,749,None,Move,office
1568357827.7329998,325,749,None,Move,office
1568357827.7429998,324,748,None,Move,office
1568357827.7529998,322,748,None,Move,office
1568357827.7629998,321,748,None,Move,office
1568357827.7729998,318,747,None,Move,office
1568357828.043,318,747,Left,Pressed,office
1568357828.153,318,747,Left,Released,office
1568357830.8760002,317,747,None,Move,browsing
1568357830.8860002,315,747,None,Move,browsing
1568357830.916,314,748,None,Move,browsing
1568357831.186,314,748,Left,Pressed,browsing
1568357831.336,314,748,Left,Released,browsing
1568357832.167,314,748,None,Move,office
1568357832.187,314,748,None,Move,office
1568357832.197,314,748,None,Move,office
1568357832.207,314,748,None,Move,office
1568357832.217,316,749,None,Move,office
1568357832.2270002,320,750,None,Move,office
1568357832.2370002,320,750,None,Move,office
1568357832.2470002,323,750,None,Move,office
1568357832.2570002,324,749,None,Move,office
1568357832.2670002,330,738,None,Move,office
1568357832.2770002,331,737,None,Move,office
1568357832.5570002,332,737,None,Move,office
1568357832.5670002,336,737,None,Move,office
1568357832.577,340,736,None,Move,office
1568357832.587,344,733,None,Move,office
1568357832.597,351,731,None,Move,office
1568357832.607,352,730,None,Move,office
1568357832.617,357,727,None,Move,office
1568357832.627,361,724,None,Move,office
1568357832.637,367,720,None,Move,office
1568357832.647,373,713,None,Move,office
1568357832.657,379,707,None,Move,office
1568357832.667,381,702,None,Move,office
1568357832.677,385,684,None,Move,office
1568357832.687,388,673,None,Move,office
1568357832.697,391,663,None,Move,office
1568357832.707,395,657,None,Move,office
1568357832.717,403,637,None,Move,office
1568357832.7270002,406,620,None,Move,office
1568357832.7370002,408,612,None,Move,office
1568357832.7470002,412,597,None,Move,office
1568357832.7570002,422,561,None,Move,office
1568357832.7670002,424,556,None,Move,office
1568357832.776,431,530,None,Move,office
1568357832.786,435,519,None,Move,office
1568357832.796,443,501,None,Move,office
1568357832.806,444,498,None,Move,office
1568357832.816,452,479,None,Move,office
1568357832.827,457,472,None,Move,office
1568357832.836,461,458,None,Move,office
1568357832.846,462,456,None,Move,office
1568357832.856,467,445,None,Move,office
1568357832.8660002,467,442,None,Move,office
1568357832.8760002,468,440,None,Move,office
1568357832.8860002,468,439,None,Move,office
1568357832.896,469,437,None,Move,office
1568357832.906,469,435,None,Move,office
1568357832.916,469,435,None,Move,office
1568357833.006,469,434,None,Move,office
1568357833.016,469,434,None,Move,office
1568357833.056,469,434,None,Move,office
1568357833.1360002,468,434,None,Move,office
1568357833.146,467,434,None,Move,office
1568357833.156,466,434,None,Move,office
1568357833.186,466,435,None,Move,office
1568357833.196,466,436,None,Move,office
1568357833.206,466,437,None,Move,office
1568357833.216,466,437,None,Move,office
1568357833.226,465,438,None,Move,office
1568357833.286,465,439,None,Move,office
1568357833.326,464,439,None,Move,office
1568357833.336,463,439,None,Move,office
1568357833.346,463,439,None,Move,office
1568357834.006,462,439,None,Move,office
1568357834.316,460,439,None,Move,office
1568357834.326,460,439,None,Move,office
1568357834.356,459,439,None,Move,office
1568357834.3660002,458,439,None,Move,office
1568357834.3760002,457,439,None,Move,office
1568357834.406,457,440,None,Move,office
1568357834.416,456,442,None,Move,office
1568357834.426,455,445,None,Move,office
1568357834.436,454,445,None,Move,office
1568357834.446,453,450,None,Move,office
1568357834.456,452,456,None,Move,office
1568357834.466,450,466,None,Move,office
1568357834.476,450,467,None,Move,office
1568357834.486,446,474,None,Move,office
1568357834.496,443,485,None,Move,office
1568357834.506,440,495,None,Move,office
1568357834.516,439,499,None,Move,office
1568357834.526,437,505,None,Move,office
1568357834.536,434,521,None,Move,office
1568357834.546,429,541,None,Move,office
1568357834.556,429,544,None,Move,office
1568357834.566,427,554,None,Move,office
1568357834.576,421,576,None,Move,office
1568357834.586,417,588,None,Move,office
1568357834.596,416,591,None,Move,office
1568357834.606,414,597,None,Move,office
1568357834.6160002,410,610,None,Move,office
1568357834.6260002,408,622,None,Move,office
1568357834.6360002,408,624,None,Move,office
1568357834.645,407,629,None,Move,office
1568357834.655,406,640,None,Move,office
1568357834.665,404,650,None,Move,office
1568357834.675,404,650,None,Move,office
1568357834.685,404,655,None,Move,office
1568357834.695,404,661,None,Move,office
1568357834.705,404,666,None,Move,office
1568357834.715,404,669,None,Move,office
1568357834.725,404,671,None,Move,office
1568357834.735,404,676,None,Move,office
1568357834.745,403,676,None,Move,office
1568357834.755,403,677,None,Move,office
1568357834.765,403,678,None,Move,office
1568357834.775,403,678,None,Move,office
1568357834.785,403,679,None,Move,office
1568357834.795,402,682,None,Move,office
1568357834.805,402,683,None,Move,office
1568357834.815,402,684,None,Move,office
1568357834.825,401,688,None,Move,office
1568357834.835,400,689,None,Move,office
1568357834.845,399,689,None,Move,office
1568357834.855,398,690,None,Move,office
1568357834.865,390,696,None,Move,office
1568357834.875,387,698,None,Move,office
1568357834.885,381,700,None,Move,office
1568357834.895,374,704,None,Move,office
1568357834.905,357,712,None,Move,office
1568357834.915,354,713,None,Move,office
1568357834.925,349,714,None,Move,office
1568357834.935,343,716,None,Move,office
1568357834.955,331,719,None,Move,office
1568357834.965,326,719,None,Move,office
1568357834.975,321,721,None,Move,office
1568357834.985,316,723,None,Move,office
1568357834.995,308,726,None,Move,office
1568357835.005,302,731,None,Move,office
1568357835.015,298,733,None,Move,office
1568357835.025,295,737,None,Move,office
1568357835.035,288,742,None,Move,office
1568357835.045,285,745,None,Move,office
1568357835.055,284,747,None,Move,office
1568357835.065,283,748,None,Move,office
1568357835.075,281,750,None,Move,office
1568357835.085,281,752,None,Move,office
1568357835.095,280,754,None,Move,office
1568357835.105,280,755,None,Move,office
1568357835.115,280,757,None,Move,office
1568357835.135,280,759,None,Move,office
1568357835.145,280,760,None,Move,office
1568357835.165,280,760,None,Move,office
1568357835.175,280,761,None,Move,office
1568357835.185,280,761,None,Move,office
1568357835.205,280,762,None,Move,office
1568357835.215,280,762,None,Move,office
1568357835.225,280,762,None,Move,office
1568357835.235,281,762,None,Move,office
1568357835.245,282,762,None,Move,office
1568357835.255,283,762,None,Move,office
1568357835.265,285,762,None,Move,office
1568357835.275,286,762,None,Move,office
1568357835.285,288,762,None,Move,office
1568357835.295,288,762,None,Move,office
1568357835.305,290,762,None,Move,office
1568357835.315,292,762,None,Move,office
1568357835.325,292,762,None,Move,office
1568357835.335,293,762,None,Move,office
1568357835.345,296,762,None,Move,office
1568357835.355,297,762,None,Move,office
1568357835.365,298,762,None,Move,office
1568357835.375,300,762,None,Move,office
1568357835.385,301,761,None,Move,office
1568357835.395,302,761,None,Move,office
1568357835.405,302,761,None,Move,office
1568357835.425,303,761,None,Move,office
1568357835.435,303,760,None,Move,office
1568357835.455,304,760,None,Move,office
1568357835.465,304,760,None,Move,office
1568357835.475,306,759,None,Move,office
1568357835.485,307,759,None,Move,office
1568357835.495,308,758,None,Move,office
1568357835.505,310,758,None,Move,office
1568357835.515,311,757,None,Move,office
1568357835.535,311,757,None,Move,office
1568357835.545,313,757,None,Move,office
1568357835.565,314,756,None,Move,office
1568357835.575,315,756,None,Move,office
1568357835.585,315,756,None,Move,office
1568357835.605,317,756,None,Move,office
1568357835.615,318,756,None,Move,office
1568357835.635,318,756,None,Move,office
1568357835.665,319,756,None,Move,office
1568357835.755,319,756,Left,Pressed,office
1568357835.885,319,756,Left,Released,office
1568357837.14,319,756,None,Move,browsing
1568357837.18,319,756,None,Move,browsing
1568357837.22,317,756,None,Move,browsing
1568357837.23,317,756,None,Move,browsing
1568357837.24,316,755,None,Move,browsing
1568357837.25,313,755,None,Move,browsing
1568357837.26,313,754,None,Move,browsing
1568357837.27,311,753,None,Move,browsing
1568357837.28,303,753,None,Move,browsing
1568357837.29,302,753,None,Move,browsing
1568357837.3,290,753,None,Move,browsing
1568357837.31,284,753,None,Move,browsing
1568357837.32,267,753,None,Move,browsing
1568357837.33,264,752,None,Move,browsing
1568357837.34,244,751,None,Move,browsing
1568357837.35,232,751,None,Move,browsing
1568357837.36,206,748,None,Move,browsing
1568357837.37,199,747,None,Move,browsing
1568357837.38,185,747,None,Move,browsing
1568357837.39,157,744,None,Move,browsing
1568357837.4,135,741,None,Move,browsing
1568357837.41,131,741,None,Move,browsing
1568357837.42,120,741,None,Move,browsing
1568357837.43,97,738,None,Move,browsing
1568357837.446,82,737,None,Move,browsing
1568357837.452,79,736,None,Move,browsing
1568357837.462,75,736,None,Move,browsing
1568357837.467,72,735,None,Move,browsing
1568357837.476,68,734,None,Move,browsing
1568357837.488,65,734,None,Move,browsing
1568357837.498,62,734,None,Move,browsing
1568357837.508,61,733,None,Move,browsing
1568357837.518,60,733,None,Move,browsing
1568357837.528,59,733,None,Move,browsing
1568357837.538,58,733,None,Move,browsing
1568357837.548,56,733,None,Move,browsing
1568357837.5579998,55,733,None,Move,browsing
1568357837.5679998,52,732,None,Move,browsing
1568357837.5779998,51,732,None,Move,browsing
1568357837.5879998,50,732,None,Move,browsing
1568357837.5979998,49,732,None,Move,browsing
1568357837.6079998,49,732,None,Move,browsing
1568357837.6379998,48,732,None,Move,browsing
1568357837.678,47,732,None,Move,browsing
1568357837.867,47,732,None,Move,browsing
1568357837.887,47,732,None,Move,browsing
1568357837.958,48,732,None,Move,browsing
1568357838.0470002,48,732,None,Move,browsing
1568357838.087,49,733,None,Move,browsing
1568357838.097,49,734,None,Move,browsing
1568357838.137,50,734,None,Move,browsing
1568357838.157,50,734,None,Move,browsing
1568357838.167,52,736,None,Move,browsing
1568357838.197,52,736,None,Move,browsing
1568357838.207,53,736,None,Move,browsing
1568357838.2270002,54,736,None,Move,browsing
1568357838.2470002,55,736,None,Move,browsing
1568357838.3170002,57,737,None,Move,browsing
1568357838.327,57,737,None,Move,browsing
1568357838.357,58,739,None,Move,browsing
1568357838.377,58,739,None,Move,browsing
1568357838.526,59,740,None,Move,browsing
1568357839.71,59,740,Left,Pressed,browsing
1568357839.88,59,740,Left,Released,browsing
1568357840.079,59,740,None,Move,file system
1568357840.089,60,739,None,Move,file system
1568357840.119,61,739,None,Move,file system
1568357840.229,61,738,None,Move,file system
1568357840.329,62,738,None,Move,file system
1568357840.409,62,738,None,Move,file system
1568357840.419,63,737,None,Move,file system
1568357840.429,63,737,None,Move,file system
1568357840.4420002,64,737,None,Move,file system
1568357840.452,65,737,None,Move,file system
1568357840.462,67,737,None,Move,file system
1568357840.472,67,737,None,Move,file system
1568357840.478,68,737,None,Move,file system
1568357840.482,70,737,None,Move,file system
1568357840.492,73,737,None,Move,file system
1568357840.5,77,737,None,Move,file system
1568357840.51,80,737,None,Move,file system
1568357840.52,81,737,None,Move,file system
1568357843.282,34,683,None,Move,file system
1568357843.302,30,674,None,Move,file system
1568357843.312,25,643,None,Move,file system
1568357843.33,24,631,None,Move,file system
1568357843.3520002,25,613,None,Move,file system
1568357843.3620002,31,592,None,Move,file system
1568357843.413,33,577,None,Move,file system
1568357843.4329998,35,572,None,Move,file system
1568357843.472,35,571,None,Move,file system
1568357843.494,35,569,None,Move,file system
1568357843.5029998,36,567,None,Move,file system
1568357843.5129998,38,562,None,Move,file system
1568357843.5229998,38,559,None,Move,file system
1568357843.533,41,553,None,Move,file system
1568357843.544,45,544,None,Move,file system
1568357843.554,51,534,None,Move,file system
1568357843.564,68,507,None,Move,file system
1568357843.582,73,500,None,Move,file system
1568357843.592,87,482,None,Move,file system
1568357843.6120002,100,469,None,Move,file system
1568357843.6220002,110,460,None,Move,file system
1568357843.6320002,127,440,None,Move,file system
1568357843.6420002,146,420,None,Move,file system
1568357843.6520002,155,412,None,Move,file system
1568357843.6720002,161,406,None,Move,file system
1568357843.6820002,168,394,None,Move,file system
1568357843.6920002,172,389,None,Move,file system
1568357843.706,176,385,None,Move,file system
1568357843.716,179,381,None,Move,file system
1568357843.726,182,379,None,Move,file system
1568357843.736,182,379,None,Move,file system
1568357843.746,182,378,None,Move,file system
1568357843.764,183,378,None,Move,file system
1568357843.766,183,377,None,Move,file system
1568357843.776,184,376,None,Move,file system
1568357843.786,189,371,None,Move,file system
1568357843.815,191,368,None,Move,file system
1568357843.845,193,367,None,Move,file system
1568357844.1020002,193,351,None,Move,file system
1568357844.11,193,329,None,Move,file system
1568357844.1220002,193,321,None,Move,file system
1568357844.1320002,194,312,None,Move,file system
1568357844.1420002,194,301,None,Move,file system
1568357844.1520002,195,292,None,Move,file system
1568357844.1620002,195,289,None,Move,file system
1568357844.17,195,285,None,Move,file system
1568357844.1720002,195,283,None,Move,file system
1568357844.1820002,195,281,None,Move,file system
1568357844.1920002,196,280,None,Move,file system
1568357844.2029998,197,278,None,Move,file system
1568357844.2129998,197,277,None,Move,file system
1568357844.2229998,197,276,None,Move,file system
1568357844.2329998,198,273,None,Move,file system
1568357844.2410002,199,271,None,Move,file system
1568357844.2510002,199,268,None,Move,file system
1568357844.2629998,200,265,None,Move,file system
1568357844.286,200,263,None,Move,file system
1568357844.371,200,264,None,Move,file system
1568357844.381,200,264,None,Move,file system
1568357844.391,200,264,None,Move,file system
1568357844.401,200,266,None,Move,file system
1568357844.411,201,270,None,Move,file system
1568357844.421,203,273,None,Move,file system
1568357844.431,209,287,None,Move,file system
1568357844.448,216,297,None,Move,file system
1568357844.542,244,321,None,Move,file system
1568357844.553,265,342,None,Move,file system
1568357844.573,279,353,None,Move,file system
1568357844.594,293,368,None,Move,file system
1568357844.604,309,383,None,Move,file system
1568357844.6139998,319,392,None,Move,file system
1568357844.6339998,325,399,None,Move,file system
1568357844.644,335,410,None,Move,file system
1568357844.654,341,417,None,Move,file system
1568357844.664,342,420,None,Move,file system
1568357844.674,347,425,None,Move,file system
1568357844.684,348,427,None,Move,file system
1568357844.702,348,428,None,Move,file system
1568357844.9529998,362,454,None,Move,file system
1568357844.9629998,379,481,None,Move,file system
1568357844.9729998,400,541,None,Move,file system
1568357844.9929998,413,564,None,Move,file system
1568357845.0029998,432,604,None,Move,file system
1568357845.0229998,442,620,None,Move,file system
1568357845.033,458,642,None,Move,file system
1568357845.053,465,650,None,Move,file system
1568357845.063,470,656,None,Move,file system
1568357845.083,475,663,None,Move,file system
1568357845.103,477,665,None,Move,file system
1568357845.113,477,668,None,Move,file system
1568357845.123,477,668,None,Move,file system
1568357845.133,477,669,None,Move,file system
1568357845.153,477,670,None,Move,file system
1568357845.423,477,686,None,Move,file system
1568357845.4329998,476,706,None,Move,file system
1568357845.451,476,713,None,Move,file system
1568357845.4629998,476,731,None,Move,file system
1568357845.4729998,476,742,None,Move,file system
1568357845.49,477,748,None,Move,file system
1568357845.51,478,751,None,Move,file system
1568357845.52,478,754,None,Move,file system
1568357845.53,478,756,None,Move,file system
1568357845.54,478,757,None,Move,file system
1568357845.55,478,757,None,Move,file system
1568357845.56,478,758,None,Move,file system
1568357845.57,478,759,None,Move,file system
1568357845.58,478,760,None,Move,file system
1568357845.6,478,760,None,Move,file system
1568357845.62,478,761,None,Move,file system
1568357845.928,478,761,Left,Pressed,file system
1568357846.147,478,761,Left,Released,file system
1568357847.025,482,761,None,Move,development
1568357847.045,688,44,None,Move,development
1568357847.165,688,43,None,Move,development
1568357847.205,689,43,None,Move,development
1568357847.215,690,43,None,Move,development
1568357847.2270002,697,43,None,Move,development
1568357847.235,703,43,None,Move,development
1568357847.245,718,43,None,Move,development
1568357847.255,730,43,None,Move,development
1568357847.275,753,47,None,Move,development
1568357847.285,791,75,None,Move,development
1568357847.305,822,104,None,Move,development
1568357847.325,881,159,None,Move,development
1568357847.345,929,199,None,Move,development
1568357847.355,959,223,None,Move,development
1568357847.375,969,238,None,Move,development
1568357847.395,969,243,None,Move,development
1568357847.766,970,243,None,Move,development
1568357847.776,972,245,None,Move,development
1568357847.786,973,245,None,Move,development
1568357847.796,978,248,None,Move,development
1568357847.806,979,249,None,Move,development
1568357847.8179998,980,249,None,Move,development
1568357847.8279998,982,251,None,Move,development
1568357847.847,991,257,None,Move,development
1568357847.857,997,258,None,Move,development
1568357847.859,999,259,None,Move,development
1568357847.869,1012,267,None,Move,development
1568357847.879,1017,270,None,Move,development
1568357847.889,1021,271,None,Move,development
1568357847.899,1028,274,None,Move,development
1568357847.909,1032,276,None,Move,development
1568357847.919,1035,276,None,Move,development
1568357847.937,1037,277,None,Move,development
1568357847.939,1037,278,None,Move,development
1568357847.968,1037,279,None,Move,development
1568357847.978,1037,280,None,Move,development
1568357847.998,1038,280,None,Move,development
1568357848.018,1038,281,None,Move,development
1568357848.028,1038,281,None,Move,development
1568357848.0679998,1038,282,None,Move,development
1568357848.08,1038,282,None,Move,development
1568357848.101,1038,282,None,Move,development
1568357848.111,1038,284,None,Move,development
1568357848.242,1038,285,None,Move,development
1568357848.27,1038,286,None,Move,development
1568357848.4429998,1038,287,None,Move,development
1568357848.4529998,1038,287,None,Move,development
1568357848.464,1038,288,None,Move,development
1568357848.474,1039,288,None,Move,development
1568357848.4929998,1044,291,None,Move,development
1568357848.5110002,1044,292,None,Move,development
1568357848.5229998,1047,292,None,Move,development
1568357848.544,1047,292,None,Move,development
1568357848.554,1048,293,None,Move,development
1568357848.564,1048,294,None,Move,development
1568357848.574,1049,295,None,Move,development
1568357848.594,1050,295,None,Move,development
1568357848.604,1051,295,None,Move,development
1568357848.715,1051,296,None,Move,development
1568357851.863,1051,297,None,Move,development
1568357851.883,1051,297,None,Move,development
1568357851.903,1053,298,None,Move,development
1568357851.923,1055,302,None,Move,development
1568357851.9429998,1057,304,None,Move,development
1568357851.9529998,1057,304,None,Move,development
1568357851.9829998,1057,305,None,Move,development
1568357851.9929998,1058,307,None,Move,development
1568357852.0029998,1061,311,None,Move,development
1568357852.0129998,1064,316,None,Move,development
1568357852.033,1065,317,None,Move,development
1568357852.043,1072,323,None,Move,development
1568357852.053,1075,327,None,Move,development
1568357852.073,1078,330,None,Move,development
1568357852.083,1080,332,None,Move,development
1568357852.093,1081,334,None,Move,development
1568357852.103,1082,336,None,Move,development
1568357852.113,1083,336,None,Move,development
1568357852.133,1084,338,None,Move,development
1568357852.143,1085,338,None,Move,development
1568357852.153,1087,339,None,Move,development
1568357852.163,1087,340,None,Move,development
1568357852.173,1088,341,None,Move,development
1568357852.1829998,1090,342,None,Move,development
1568357852.1929998,1091,343,None,Move,development
1568357852.2029998,1100,348,None,Move,development
1568357852.2129998,1105,351,None,Move,development
1568357852.2329998,1109,354,None,Move,development
1568357852.2429998,1121,361,None,Move,development
1568357852.2529998,1134,369,None,Move,development
1568357852.2629998,1147,378,None,Move,development
1568357852.2729998,1167,392,None,Move,development
1568357852.283,1172,397,None,Move,development
1568357852.293,1193,414,None,Move,development
1568357852.303,1210,429,None,Move,development
1568357852.313,1214,431,None,Move,development
1568357852.323,1242,457,None,Move,development
1568357852.333,1277,491,None,Move,development
1568357852.353,1301,514,None,Move,development
1568357852.373,1319,540,None,Move,development
1568357852.403,1343,576,None,Move,development
1568357852.413,1352,591,None,Move,development
1568357852.4329998,1363,614,None,Move,development
1568357852.4429998,1363,616,None,Move,development
1568357852.458,1368,626,None,Move,development
1568357852.47,1368,634,None,Move,development
1568357852.488,1371,649,None,Move,development
1568357852.5,1367,659,None,Move,development
1568357852.5129998,1367,666,None,Move,development
1568357852.524,1365,674,None,Move,development
1568357852.534,1365,680,None,Move,development
1568357852.544,1365,684,None,Move,development
1568357852.564,1365,690,None,Move,development
1568357852.574,1365,694,None,Move,development
1568357852.584,1365,697,None,Move,development
1568357852.594,1365,703,None,Move,development
1568357852.6139998,1365,712,None,Move,development
1568357852.6239998,1365,721,None,Move,development
1568357852.6339998,1365,727,None,Move,development
1568357852.645,1366,729,None,Move,development
1568357852.655,1365,734,None,Move,development
1568357852.685,1366,740,None,Move,development
1568357852.695,1365,742,None,Move,development
1568357852.7129998,1365,743,None,Move,development
1568357852.725,1365,746,None,Move,development
1568357852.746,1365,750,None,Move,development
1568357852.756,1365,751,None,Move,development
1568357852.766,1364,756,None,Move,development
1568357852.776,1363,758,None,Move,development
1568357852.786,1363,760,None,Move,development
1568357852.796,1362,760,None,Move,development
1568357852.806,1359,763,None,Move,development
1568357852.816,1357,763,None,Move,development
1568357852.826,1355,763,None,Move,development
1568357852.836,1355,763,None,Move,development
1568357852.846,1353,763,None,Move,development
1568357852.857,1352,763,None,Move,development
1568357852.877,1352,764,None,Move,development
1568357852.928,1351,764,None,Move,development
1568357852.938,1349,764,None,Move,development
1568357852.958,1348,764,None,Move,development
1568357853.026,1337,764,None,Move,development
1568357853.0670002,1335,764,None,Move,development
1568357853.099,1333,764,None,Move,development
1568357853.129,1333,764,None,Move,development
1568357853.18,1333,764,None,Move,development
1568357853.2,1333,762,None,Move,development
1568357853.21,1333,761,None,Move,development
1568357853.22,1333,760,None,Move,development
1568357853.27,1333,760,Left,Pressed,development
1568357853.381,1333,760,Left,Released,development
1568357853.411,1333,759,None,Move,development
1568357853.4770002,1331,755,None,Move,development
1568357853.4910002,1331,754,None,Move,development
1568357853.522,1331,752,None,Move,development
1568357853.543,1331,747,None,Move,development
1568357853.583,1325,737,None,Move,development
1568357853.593,1325,735,None,Move,development
1568357853.663,1323,718,None,Move,development
1568357853.704,1321,709,None,Move,development
1568357853.795,1321,699,None,Move,file system
1568357853.853,1321,693,None,Move,file system
1568357853.865,1321,693,None,Move,file system
1568357853.885,1321,690,None,Move,file system
1568357853.946,1320,683,None,Move,file system
1568357853.964,1320,683,None,Move,file system
1568357853.986,1319,681,None,Move,file system
1568357854.016,1317,676,None,Move,file system
1568357854.026,1315,675,None,Move,file system
1568357854.0470002,1314,673,None,Move,file system
1568357854.0670002,1312,670,None,Move,file system
1568357854.077,1312,669,None,Move,file system
1568357854.087,1311,669,None,Move,file system
1568357854.107,1311,668,None,Move,file system
1568357854.206,1310,668,None,Move,file system
1568357854.238,1308,666,None,Move,file system
1568357854.248,1308,665,None,Move,file system
1568357854.299,1302,660,None,Move,file system
1568357854.329,1300,656,None,Move,file system
1568357854.339,1297,653,None,Move,file system
1568357854.367,1296,649,None,Move,file system
1568357854.3779998,1295,647,None,Move,file system
1568357854.3879998,1295,644,None,Move,file system
1568357854.4,1293,643,None,Move,file system
1568357854.41,1293,643,None,Move,file system
1568357854.428,1293,641,None,Move,file system
1568357854.438,1293,640,None,Move,file system
1568357854.45,1293,640,None,Move,file system
1568357854.461,1293,639,None,Move,file system
1568357854.49,1293,638,None,Move,file system
1568357854.5,1293,637,None,Move,file system
1568357854.5110002,1293,637,None,Move,file system
1568357854.541,1293,636,None,Move,file system
1568357854.591,1293,633,None,Move,file system
1568357854.601,1293,633,None,Move,file system
1568357854.6320002,1293,632,None,Move,file system
1568357854.6520002,1293,631,None,Move,file system
1568357854.8620002,1293,631,Left,Pressed,file system
1568357854.975,1293,631,Left,Released,file system
1568357855.035,1292,630,None,Move,file system
1568357855.055,1290,631,None,Move,file system
1568357855.065,1287,633,None,Move,file system
1568357855.083,1283,635,None,Move,file system
1568357855.1139998,1267,645,None,Move,file system
1568357855.1239998,1255,652,None,Move,file system
1568357855.1360002,1226,666,None,Move,file system
1568357855.146,1221,669,None,Move,file system
1568357855.174,1171,690,None,Move,file system
1568357855.197,1113,713,None,Move,file system
1568357855.217,1088,723,None,Move,file system
1568357855.245,1025,743,None,Move,file system
1568357855.2570002,1008,746,None,Move,file system
1568357855.2670002,988,751,None,Move,file system
1568357855.2770002,965,756,None,Move,file system
1568357855.3279998,851,804,None,Move,file system
1568357855.3579998,829,767,None,Move,file system
1568357855.3679998,820,767,None,Move,file system
1568357855.3879998,811,767,None,Move,file system
1568357855.3979998,804,767,None,Move,file system
1568357855.417,800,767,None,Move,file system
1568357855.429,796,767,None,Move,file system
1568357855.439,793,767,None,Move,file system
1568357855.449,792,767,None,Move,file system
1568357855.467,790,766,None,Move,file system
1568357855.752,790,766,Left,Pressed,file system
1568357855.752,790,766,None,Drag,file system
1568357855.752,790,766,Left,Released,file system
1568357855.9320002,789,766,None,Move,file system
1568357855.944,789,767,None,Move,file system
1568357855.952,789,767,None,Move,file system
1568357855.962,791,767,None,Move,file system
1568357855.974,792,767,None,Move,file system
1568357855.984,796,767,None,Move,file system
1568357855.994,800,763,None,Move,file system
1568357856.002,805,762,None,Move,file system
1568357856.014,808,762,None,Move,file system
1568357856.022,813,759,None,Move,file system
1568357856.025,824,758,None,Move,file system
1568357856.619,825,757,None,Move,file system
1568357856.67,825,754,None,Move,file system
1568357856.72,825,751,None,Move,file system
1568357856.748,825,751,None,Move,file system
1568357856.769,825,750,None,Move,file system
1568357856.821,825,748,None,Move,file system
1568357856.861,825,748,None,Move,file system
1568357856.91,826,747,None,Move,file system
1568357857.0029998,826,747,None,Move,file system
1568357857.0129998,827,747,None,Move,file system
1568357857.0229998,827,746,None,Move,file system
1568357857.043,827,745,None,Move,file system
1568357857.053,827,744,None,Move,file system
1568357857.063,828,743,None,Move,file system
1568357857.071,828,742,None,Move,file system
1568357857.083,828,742,None,Move,file system
1568357857.123,829,739,None,Move,file system
1568357857.1339998,829,738,None,Move,file system
1568357857.144,829,736,None,Move,file system
1568357857.154,829,735,None,Move,file system
1568357857.1620002,829,733,None,Move,file system
1568357857.204,829,725,None,Move,file system
1568357857.214,829,723,None,Move,file system
1568357857.222,829,722,None,Move,file system
1568357857.224,829,718,None,Move,file system
1568357857.275,829,698,None,Move,file system
1568357857.285,829,693,None,Move,file system
1568357857.295,828,686,None,Move,file system
1568357857.323,825,675,None,Move,file system
1568357857.345,819,657,None,Move,file system
1568357857.355,819,655,None,Move,file system
1568357857.365,816,648,None,Move,file system
1568357857.375,815,642,None,Move,file system
1568357857.383,810,634,None,Move,file system
1568357857.3860002,810,632,None,Move,file system
1568357857.396,809,630,None,Move,file system
1568357857.406,804,620,None,Move,file system
1568357857.416,800,613,None,Move,file system
1568357857.426,797,609,None,Move,file system
1568357857.434,789,597,None,Move,file system
1568357857.446,786,591,None,Move,file system
1568357857.48,781,583,None,Move,file system
1568357857.545,773,564,None,Move,file system
1568357857.5470002,771,560,None,Move,file system
1568357857.5570002,771,557,None,Move,file system
1568357857.5670002,769,555,None,Move,file system
1568357857.577,768,552,None,Move,file system
1568357857.585,768,552,None,Move,file system
1568357857.587,768,546,None,Move,file system
1568357857.656,764,538,None,Move,file system
1568357857.668,764,537,None,Move,file system
1568357857.676,763,536,None,Move,file system
1568357857.688,763,535,None,Move,file system
1568357857.708,763,535,None,Move,file system
1568357859.048,763,534,None,Move,file system
1568357859.149,758,534,None,Move,file system
1568357859.159,753,531,None,Move,file system
1568357859.169,751,531,None,Move,file system
1568357859.217,716,529,None,Move,file system
1568357859.27,659,556,None,Move,file system
1568357859.28,651,562,None,Move,file system
1568357859.288,651,563,None,Move,file system
1568357859.37,635,583,None,Move,file system
1568357859.38,635,584,None,Move,file system
1568357859.451,639,580,None,Move,file system
1568357859.464,645,567,None,Move,file system
1568357859.474,647,564,None,Move,file system
1568357859.484,660,544,None,Move,file system
1568357859.562,769,445,None,Move,file system
1568357859.583,782,441,None,Move,file system
1568357859.643,813,441,None,Move,file system
1568357859.653,822,441,None,Move,file system
1568357859.6829998,839,446,None,Move,file system
1568357859.6929998,848,450,None,Move,file system
1568357859.734,878,455,None,Move,file system
1568357859.744,884,455,None,Move,file system
1568357859.754,888,457,None,Move,file system
1568357859.764,898,458,None,Move,file system
1568357859.774,903,458,None,Move,file system
1568357859.784,905,458,None,Move,file system
1568357859.814,916,458,None,Move,file system
1568357859.824,926,458,None,Move,file system
1568357859.845,935,455,None,Move,file system
1568357859.855,936,455,None,Move,file system
1568357859.865,937,455,None,Move,file system
1568357859.915,938,455,None,Move,file system
1568357860.036,928,482,None,Move,file system
1568357860.046,919,497,None,Move,file system
1568357860.056,918,500,None,Move,file system
1568357860.064,916,503,None,Move,file system
1568357860.107,914,509,None,Move,file system
1568357860.147,914,514,None,Move,file system
1568357860.157,914,515,None,Move,file system
1568357860.165,914,516,None,Move,file system
1568357860.175,914,516,None,Move,file system
1568357860.187,914,517,None,Move,file system
1568357860.258,913,520,None,Move,file system
1568357860.278,913,520,None,Move,file system
1568357860.288,913,520,None,Move,file system
1568357860.3079998,914,518,None,Move,file system
1568357860.3279998,917,513,None,Move,file system
1568357860.3379998,918,511,None,Move,file system
1568357860.347,919,510,None,Move,file system
1568357860.349,920,510,None,Move,file system
1568357860.359,922,509,None,Move,file system
1568357860.369,924,508,None,Move,file system
1568357860.379,925,507,None,Move,file system
1568357860.389,925,507,None,Move,file system
1568357860.492,925,507,Left,Pressed,file system
1568357860.6,925,507,Left,Released,development
1568357860.681,924,507,None,Move,development
1568357860.701,924,507,None,Move,development
1568357860.7389998,921,507,None,Move,development
1568357860.7610002,921,507,None,Move,development
1568357860.782,920,507,None,Move,development
1568357860.802,919,507,None,Move,development
1568357860.8720002,916,508,None,Move,development
1568357860.981,916,508,None,Move,development
1568357861.0229998,914,508,None,Move,development
1568357861.498,914,508,None,Move,development
1568357861.516,914,508,None,Move,development
1568357861.548,914,508,None,Move,development
1568357861.5579998,915,507,None,Move,development
1568357861.5779998,918,505,None,Move,development
1568357861.599,918,504,None,Move,development
1568357861.609,919,504,None,Move,development
1568357861.619,919,503,None,Move,development
1568357861.708,920,502,None,Move,development
1568357861.72,920,501,None,Move,development
1568357861.73,920,497,None,Move,development
1568357861.738,920,491,None,Move,development
1568357861.77,900,462,None,Move,development
1568357861.78,886,447,None,Move,development
1568357861.79,868,428,None,Move,development
1568357861.8,866,427,None,Move,development
1568357861.8079998,846,414,None,Move,development
1568357861.831,775,389,None,Move,development
1568357861.841,767,387,None,Move,development
1568357861.889,685,389,None,Move,development
1568357861.931,638,465,None,Move,development
1568357861.982,656,525,None,Move,development
1568357861.992,659,529,None,Move,development
1568357862.002,678,541,None,Move,development
1568357862.012,700,551,None,Move,development
1568357862.022,711,556,None,Move,development
1568357862.03,717,557,None,Move,development
1568357862.032,740,559,None,Move,development
1568357862.042,745,560,None,Move,development
1568357862.052,771,560,None,Move,development
1568357862.06,786,560,None,Move,development
1568357862.062,791,560,None,Move,development
1568357862.083,825,555,None,Move,development
1568357862.093,851,544,None,Move,development
1568357862.103,865,535,None,Move,development
1568357862.113,892,516,None,Move,development
1568357862.123,896,513,None,Move,development
1568357862.133,908,499,None,Move,development
1568357862.143,916,490,None,Move,development
1568357862.173,934,459,None,Move,development
1568357862.201,938,446,None,Move,development
1568357862.204,938,445,None,Move,development
1568357862.214,939,436,None,Move,development
1568357862.224,939,434,None,Move,development
1568357862.234,939,431,None,Move,development
1568357862.242,939,426,None,Move,development
1568357862.244,939,424,None,Move,development
1568357862.254,933,417,None,Move,development
1568357862.264,929,412,None,Move,development
1568357862.274,926,410,None,Move,development
1568357862.294,886,383,None,Move,development
1568357862.302,875,378,None,Move,development
1568357862.312,871,378,None,Move,development
1568357862.314,851,372,None,Move,development
1568357862.324,847,371,None,Move,development
1568357862.335,831,371,None,Move,development
1568357862.345,813,371,None,Move,development
1568357862.355,791,371,None,Move,development
1568357862.425,727,401,None,Move,development
1568357862.49,729,412,None,Move,development
1568357862.4989998,729,412,None,Move,development
1568357862.508,730,412,None,Move,development
1568357862.546,735,409,None,Move,development
1568357862.554,736,407,None,Move,development
1568357862.566,738,403,None,Move,development
1568357862.982,766,391,None,Move,development
1568357862.9910002,813,376,None,Move,development
1568357863.0010002,851,363,None,Move,development
1568357863.008,907,353,None,Move,development
1568357863.0170002,936,348,None,Move,development
1568357863.025,961,347,None,Move,development
1568357863.034,994,345,None,Move,development
1568357863.079,1004,351,None,Move,development
1568357863.089,1017,356,None,Move,development
1568357863.097,1035,364,None,Move,development
1568357863.099,1050,372,None,Move,development
1568357863.11,1062,387,None,Move,development
1568357863.12,1070,400,None,Move,development
1568357863.13,1082,419,None,Move,development
1568357863.1379998,1098,451,None,Move,development
1568357863.14,1104,475,None,Move,development
1568357863.15,1108,486,None,Move,development
1568357863.17,1108,505,None,Move,development
1568357863.178,1105,518,None,Move,development
1568357863.18,1099,527,None,Move,development
1568357863.19,1094,536,None,Move,development
1568357863.2,1085,546,None,Move,development
1568357863.21,1031,591,None,Move,development
1568357863.22,1002,608,None,Move,development
1568357863.228,950,628,None,Move,development
1568357863.23,924,632,None,Move,development
1568357863.24,879,638,None,Move,development
1568357863.25,857,638,None,Move,development
1568357863.2610002,817,638,None,Move,development
1568357863.271,781,636,None,Move,development
1568357863.281,750,632,None,Move,development
1568357863.301,656,614,None,Move,development
1568357863.309,619,596,None,Move,development
1568357863.311,595,579,None,Move,development
1568357863.321,567,555,None,Move,development
1568357863.331,538,514,None,Move,development
1568357863.341,522,492,None,Move,development
1568357863.351,498,447,None,Move,development
1568357863.361,492,421,None,Move,development
1568357863.371,490,385,None,Move,development
1568357863.381,498,358,None,Move,development
1568357863.4020002,506,345,None,Move,development
1568357863.4120002,514,335,None,Move,development
1568357863.4220002,524,324,None,Move,development
1568357863.447,554,314,None,Move,development
1568357863.468,590,312,None,Move,development
1568357863.478,624,314,None,Move,development
1568357863.4929998,655,328,None,Move,development
1568357863.533,668,354,None,Move,development
1568357863.543,668,365,None,Move,development
1568357863.561,648,409,None,Move,development
1568357863.573,630,434,None,Move,development
1568357863.583,589,481,None,Move,development
1568357863.593,565,497,None,Move,development
1568357863.623,554,498,None,Move,development
1568357863.643,542,493,None,Move,development
1568357863.684,549,461,None,Move,development
1568357863.704,579,415,None,Move,development
1568357863.722,614,381,None,Move,development
1568357863.744,642,358,None,Move,development
1568357863.762,650,348,None,Move,development
1568357863.772,655,344,None,Move,development
1568357863.782,658,342,None,Move,development
1568357863.813,659,342,None,Move,development
1568357863.825,659,343,None,Move,development
1568357863.835,657,349,None,Move,development
1568357863.845,649,364,None,Move,development
1568357863.855,629,398,None,Move,development
1568357863.865,603,432,None,Move,development
1568357863.875,578,472,None,Move,development
1568357863.883,560,497,None,Move,development
1568357863.885,548,516,None,Move,development
1568357863.895,536,540,None,Move,development
1568357863.905,530,554,None,Move,development
1568357863.913,526,564,None,Move,development
1568357863.923,522,574,None,Move,development
1568357863.925,521,584,None,Move,development
1568357863.936,521,593,None,Move,development
1568357863.946,523,600,None,Move,development
1568357863.956,527,604,None,Move,development
1568357863.964,538,611,None,Move,development
1568357863.966,549,615,None,Move,development
1568357863.976,576,619,None,Move,development
1568357863.986,625,618,None,Move,development
1568357864.036,666,587,None,Move,development
1568357864.0670002,678,565,None,Move,development
1568357864.077,695,524,None,Move,development
1568357864.127,694,519,None,Move,development
1568357864.137,688,513,None,Move,development
1568357864.188,645,522,None,Move,development
1568357864.198,599,536,None,Move,development
1568357864.208,554,557,None,Move,development
1568357864.226,527,574,None,Move,development
1568357864.228,505,590,None,Move,development
1568357864.238,493,599,None,Move,development
1568357864.248,480,612,None,Move,development
1568357864.256,467,625,None,Move,development
1568357864.258,458,637,None,Move,development
1568357864.268,448,658,None,Move,development
1568357864.278,438,673,None,Move,development
1568357864.288,434,686,None,Move,development
1568357864.296,432,689,None,Move,development
1568357864.306,434,695,None,Move,development
1568357864.3079998,438,701,None,Move,development
1568357864.319,449,709,None,Move,development
1568357864.329,464,716,None,Move,development
1568357864.339,501,722,None,Move,development
1568357864.349,537,719,None,Move,development
1568357864.359,596,709,None,Move,development
1568357864.369,660,699,None,Move,development
1568357864.419,694,665,None,Move,development
1568357864.438,724,626,None,Move,development
1568357864.448,751,588,None,Move,development
1568357864.45,764,575,None,Move,development
1568357864.46,767,573,None,Move,development
1568357864.472,789,543,None,Move,development
1568357864.481,791,541,None,Move,development
1568357864.4889998,791,540,None,Move,development
1568357864.4989998,792,540,None,Move,development
1568357866.686,812,514,None,Move,development
1568357866.724,859,471,None,Move,development
1568357866.7370002,924,399,None,Move,development
1568357866.7470002,979,331,None,Move,development
1568357866.765,1019,269,None,Move,development
1568357866.7670002,1054,220,None,Move,development
1568357866.7770002,1092,161,None,Move,development
1568357866.7870002,1110,124,None,Move,development
1568357866.7970002,1125,104,None,Move,development
1568357866.8070002,1155,58,None,Move,development
1568357866.8170002,1170,32,None,Move,development
1568357866.827,1176,25,None,Move,development
1568357866.837,1180,19,None,Move,development
1568357866.847,1183,17,None,Move,development
1568357866.857,1184,16,None,Move,development
1568357866.867,1184,15,None,Move,development
1568357866.896,1184,15,None,Move,development
1568357866.8979998,1182,14,None,Move,development
1568357866.908,1167,10,None,Move,development
1568357866.918,1130,7,None,Move,development
1568357866.928,1075,7,None,Move,development
1568357866.938,1041,13,None,Move,development
1568357866.948,974,25,None,Move,development
1568357866.958,891,41,None,Move,development
1568357866.968,850,56,None,Move,development
1568357866.986,817,66,None,Move,development
1568357866.998,780,73,None,Move,development
1568357867.008,747,81,None,Move,development
1568357867.019,733,86,None,Move,development
1568357867.029,705,100,None,Move,development
1568357867.0370002,678,116,None,Move,development
1568357867.039,659,130,None,Move,development
1568357867.049,645,138,None,Move,development
1568357867.069,626,153,None,Move,development
1568357867.079,613,172,None,Move,development
1568357867.089,607,180,None,Move,development
1568357867.097,602,187,None,Move,development
1568357867.099,597,195,None,Move,development
1568357867.129,596,197,None,Move,development
1568357867.139,596,197,None,Move,development
1568357867.481,568,213,None,Move,development
1568357867.49,521,250,None,Move,development
1568357867.5,469,294,None,Move,development
1568357867.51,416,342,None,Move,development
1568357867.52,364,388,None,Move,development
1568357867.532,306,441,None,Move,development
1568357867.56,279,472,None,Move,development
1568357867.603,279,472,None,Move,development
1568357867.621,279,472,None,Move,development
1568357867.641,279,472,None,Move,development
1568357867.6829998,338,441,None,Move,development
1568357867.691,410,399,None,Move,development
1568357867.712,511,350,None,Move,development
1568357867.754,598,309,None,Move,development
1568357867.772,656,284,None,Move,development
1568357867.774,703,265,None,Move,development
1568357867.792,769,239,None,Move,development
1568357867.805,793,235,None,Move,development
1568357867.815,806,234,None,Move,development
1568357867.855,816,239,None,Move,development
1568357867.875,822,244,None,Move,development
1568357867.885,826,251,None,Move,development
1568357867.895,831,260,None,Move,development
1568357867.915,832,269,None,Move,development
1568357867.926,833,277,None,Move,development
1568357867.934,833,283,None,Move,development
1568357867.936,831,292,None,Move,development
1568357867.946,828,300,None,Move,development
1568357867.956,826,307,None,Move,development
1568357867.966,824,311,None,Move,development
1568357867.976,820,317,None,Move,development
1568357867.986,818,321,None,Move,development
1568357868.006,813,329,None,Move,development
1568357868.016,807,334,None,Move,development
1568357868.026,799,341,None,Move,development
1568357868.034,782,352,None,Move,development
1568357868.0370002,769,359,None,Move,development
1568357868.0470002,741,369,None,Move,development
1568357868.0570002,700,380,None,Move,development
1568357868.0670002,665,389,None,Move,development
1568357868.077,625,396,None,Move,development
1568357868.087,546,404,None,Move,development
1568357868.097,510,408,None,Move,development
1568357868.107,465,416,None,Move,development
1568357868.117,394,424,None,Move,development
1568357868.127,345,440,None,Move,development
1568357868.137,273,459,None,Move,development
1568357868.156,225,468,None,Move,development
1568357868.176,220,468,None,Move,development
1568357868.178,217,468,None,Move,development
1568357868.188,216,468,None,Move,development
1568357868.206,215,468,None,Move,development
1568357868.218,215,468,None,Move,development
1568357868.226,230,448,None,Move,development
1568357868.228,275,407,None,Move,development
1568357868.238,321,375,None,Move,development
1568357868.248,389,315,None,Move,development
1568357868.276,464,268,None,Move,development
1568357868.2870002,558,241,None,Move,development
1568357868.299,638,226,None,Move,development
1568357868.339,674,230,None,Move,development
1568357868.349,743,236,None,Move,development
1568357868.357,768,238,None,Move,development
1568357868.367,796,240,None,Move,development
1568357868.369,810,241,None,Move,development
1568357868.389,828,245,None,Move,development
1568357868.4,838,246,None,Move,development
1568357868.41,845,247,None,Move,development
1568357868.42,846,248,None,Move,development
1568357868.43,847,248,None,Move,development
1568357868.45,848,248,None,Move,development
1568357868.783,875,248,None,Move,development
1568357868.803,943,244,None,Move,development
1568357868.823,1030,238,None,Move,development
1568357868.833,1074,236,None,Move,development
1568357868.843,1150,237,None,Move,development
1568357868.861,1202,241,None,Move,development
1568357868.873,1255,249,None,Move,development
1568357868.883,1287,255,None,Move,development
1568357868.893,1316,260,None,Move,development
1568357868.904,1329,263,None,Move,development
1568357868.914,1342,267,None,Move,development
1568357868.924,1354,269,None,Move,development
1568357868.934,1361,271,None,Move,development
1568357868.954,1362,271,None,Move,development
1568357868.964,1362,272,None,Move,development
1568357868.984,1360,275,None,Move,development
1568357868.994,1339,287,None,Move,development
1568357869.004,1287,305,None,Move,development
1568357869.024,1227,323,None,Move,development
1568357869.035,1136,350,None,Move,development
1568357869.045,1073,373,None,Move,development
1568357869.055,984,395,None,Move,development
1568357869.063,924,418,None,Move,development
1568357869.065,842,453,None,Move,development
1568357869.075,760,484,None,Move,development
1568357869.085,714,496,None,Move,development
1568357869.095,641,524,None,Move,development
1568357869.105,592,543,None,Move,development
1568357869.115,558,550,None,Move,development
1568357869.135,550,550,None,Move,development
1568357869.145,542,546,None,Move,development
1568357869.165,525,519,None,Move,development
1568357869.176,516,487,None,Move,development
1568357869.186,512,405,None,Move,development
1568357869.196,512,359,None,Move,development
1568357869.206,520,266,None,Move,development
1568357869.214,543,198,None,Move,development
1568357869.224,572,120,None,Move,development
1568357869.234,589,78,None,Move,development
1568357869.236,614,33,None,Move,development
1568357869.246,636,7,None,Move,development
1568357869.256,670,-19,None,Move,development
1568357869.266,713,-27,None,Move,development
1568357869.276,741,-14,None,Move,development
1568357869.286,795,-14,None,Move,development
1568357869.294,831,-2,None,Move,development
1568357869.2970002,869,-2,None,Move,development
1568357869.3070002,886,0,None,Move,development
1568357869.3170002,920,4,None,Move,development
1568357869.327,937,12,None,Move,development
1568357869.337,970,32,None,Move,development
1568357869.347,997,50,None,Move,development
1568357869.357,1016,64,None,Move,development
1568357869.365,1039,83,None,Move,development
1568357869.367,1068,115,None,Move,development
1568357869.377,1091,143,None,Move,development
1568357869.387,1108,172,None,Move,development
1568357869.397,1112,190,None,Move,development
1568357869.417,1110,211,None,Move,development
1568357869.428,1101,243,None,Move,development
1568357869.436,1088,269,None,Move,development
1568357869.438,1071,296,None,Move,development
1568357869.448,1056,318,None,Move,development
1568357869.458,1029,354,None,Move,development
1568357869.468,991,383,None,Move,development
1568357869.4829998,960,408,None,Move,development
1568357869.494,931,425,None,Move,development
1568357869.5029998,901,435,None,Move,development
1568357869.5129998,856,443,None,Move,development
1568357869.56,824,439,None,Move,development
1568357869.7770002,817,439,None,Move,development
1568357869.781,807,442,None,Move,development
1568357869.8,782,460,None,Move,development
1568357869.82,743,504,None,Move,development
1568357869.831,708,543,None,Move,development
1568357869.841,671,590,None,Move,development
1568357869.849,648,620,None,Move,development
1568357869.851,612,667,None,Move,development
1568357869.861,590,697,None,Move,development
1568357869.871,577,719,None,Move,development
1568357869.881,560,751,None,Move,development
1568357869.891,558,758,None,Move,development
1568357869.901,557,760,None,Move,development
1568357869.909,557,763,None,Move,development
1568357869.911,559,767,None,Move,development
1568357869.921,565,773,None,Move,development
1568357869.931,591,777,None,Move,development
1568357869.941,621,775,None,Move,development
1568357869.949,660,772,None,Move,development
1568357869.951,715,769,None,Move,development
1568357869.97,778,764,None,Move,development
1568357869.982,822,759,None,Move,development
1568357869.992,864,754,None,Move,development
1568357870.002,950,734,None,Move,development
1568357870.032,985,712,None,Move,development
1568357870.042,1019,680,None,Move,development
1568357870.052,1042,650,None,Move,development
1568357870.062,1066,603,None,Move,development
1568357870.072,1076,570,None,Move,development
1568357870.082,1092,519,None,Move,development
1568357870.092,1096,498,None,Move,development
1568357870.103,1105,463,None,Move,development
1568357870.113,1106,453,None,Move,development
1568357870.123,1107,437,None,Move,development
1568357870.133,1107,427,None,Move,development
1568357870.173,1105,424,None,Move,development
1568357870.181,1096,420,None,Move,development
1568357870.1829998,1085,416,None,Move,development
1568357870.1929998,1072,413,None,Move,development
1568357870.2029998,1037,411,None,Move,development
1568357870.2129998,1000,417,None,Move,development
1568357870.221,944,427,None,Move,development
1568357870.2229998,898,441,None,Move,development
1568357870.264,876,457,None,Move,development
1568357870.274,853,481,None,Move,development
1568357870.284,832,502,None,Move,development
1568357870.294,784,558,None,Move,development
1568357870.304,767,578,None,Move,development
1568357870.314,750,600,None,Move,development
1568357870.322,727,628,None,Move,development
1568357870.324,712,655,None,Move,development
1568357870.334,701,671,None,Move,development
1568357870.344,691,690,None,Move,development
1568357870.354,685,702,None,Move,development
1568357870.373,685,705,None,Move,development
1568357870.383,685,707,None,Move,development
1568357870.385,685,708,None,Move,development
1568357870.405,685,708,None,Move,development
1568357870.415,687,708,None,Move,development
1568357870.425,703,695,None,Move,development
1568357870.435,752,654,None,Move,development
1568357870.445,790,612,None,Move,development
1568357870.4529998,841,554,None,Move,development
1568357870.4629998,893,493,None,Move,development
1568357870.465,947,435,None,Move,development
1568357870.482,1018,355,None,Move,development
1568357870.49,1070,287,None,Move,development
1568357870.536,1072,285,None,Move,development
1568357870.545,1090,260,None,Move,development
1568357870.555,1090,258,None,Move,development
1568357870.566,1090,257,None,Move,development
1568357870.576,1090,257,None,Move,development
1568357870.586,1090,257,None,Move,development
1568357870.596,1089,257,None,Move,development
1568357870.606,1089,258,None,Move,development
1568357870.6260002,1088,258,None,Move,development
1568357871.333,1091,260,None,Move,development
1568357871.341,61,148,None,Move,development
1568357871.353,-1007,258,None,Move,development
1568357871.363,-18,295,None,Move,development
1568357871.373,-9,330,None,Move,development
1568357871.383,-1,344,None,Move,development
1568357871.393,2,408,None,Move,development
1568357871.401,25,466,None,Move,development
1568357871.403,57,527,None,Move,development
1568357871.413,104,592,None,Move,development
1568357871.424,126,616,None,Move,development
1568357871.434,214,699,None,Move,development
1568357871.4420002,284,742,None,Move,development
1568357871.444,355,777,None,Move,development
1568357871.4629998,463,798,None,Move,development
1568357871.471,604,783,None,Move,development
1568357871.479,688,769,None,Move,development
1568357871.4870002,780,767,None,Move,development
1568357871.495,861,766,None,Move,development
1568357871.504,889,763,None,Move,development
1568357871.5170002,1004,745,None,Move,development
1568357871.532,1128,712,None,Move,development
1568357871.54,1206,680,None,Move,development
1568357871.5570002,1305,630,None,Move,development
1568357871.574,1503,474,None,Move,development
1568357871.584,1389,451,None,Move,development
1568357871.594,1458,337,None,Move,development
1568357871.6020002,1405,272,None,Move,development
1568357871.613,1395,214,None,Move,development
1568357871.615,1374,171,None,Move,development
1568357871.625,1366,160,None,Move,development
1568357871.635,1367,114,None,Move,development
1568357871.645,1348,62,None,Move,development
1568357871.655,1338,41,None,Move,development
1568357871.665,1334,35,None,Move,development
1568357871.675,1316,13,None,Move,development
1568357871.685,1304,2,None,Move,development
1568357871.695,1302,1,None,Move,development
1568357871.705,1301,1,None,Move,development
1568357871.7129998,1299,1,None,Move,development
1568357871.715,1298,-1,None,Move,development
1568357871.725,1292,0,None,Move,development
1568357871.736,1277,-2,None,Move,development
1568357871.746,1256,-1,None,Move,development
1568357871.756,1238,-3,None,Move,development
1568357871.766,1219,-1,None,Move,development
1568357871.776,1193,-1,None,Move,development
1568357871.786,1184,-1,None,Move,development
1568357871.796,1148,-2,None,Move,development
1568357871.806,1128,0,None,Move,development
1568357871.816,1099,0,None,Move,development
1568357871.826,1095,0,None,Move,development
1568357871.836,1075,-1,None,Move,development
1568357871.844,1061,0,None,Move,development
1568357871.846,1048,-1,None,Move,development
1568357871.857,1036,-1,None,Move,development
1568357871.867,1031,0,None,Move,development
1568357871.877,1011,0,None,Move,development
1568357871.887,1005,0,None,Move,development
1568357871.895,1002,0,None,Move,development
1568357871.897,999,7,None,Move,development
1568357871.907,995,14,None,Move,development
1568357871.925,994,19,None,Move,development
1568357871.935,994,25,None,Move,development
1568357871.967,992,56,None,Move,development
1568357871.978,992,63,None,Move,development
1568357871.988,992,77,None,Move,development
1568357872.008,991,116,None,Move,development
1568357872.018,988,128,None,Move,development
1568357872.0579998,982,183,None,Move,development
1568357872.066,982,202,None,Move,development
1568357872.076,990,222,None,Move,development
1568357872.0879998,1000,238,None,Move,development
1568357872.109,1003,243,None,Move,development
1568357872.119,1006,248,None,Move,development
1568357872.129,1008,251,None,Move,development
1568357872.139,1009,254,None,Move,development
1568357872.149,1009,255,None,Move,development
1568357872.159,1009,256,None,Move,development
1568357872.179,1009,257,None,Move,development
1568357872.197,1000,256,None,Move,development
1568357872.199,987,249,None,Move,development
1568357872.219,964,240,None,Move,development
1568357872.23,957,239,None,Move,development
1568357872.238,932,236,None,Move,development
1568357872.248,921,236,None,Move,development
1568357872.25,910,236,None,Move,development
1568357872.26,899,236,None,Move,development
1568357872.27,893,237,None,Move,development
1568357872.28,867,246,None,Move,development
1568357872.29,839,261,None,Move,development
1568357872.3,827,266,None,Move,development
1568357872.31,823,270,None,Move,development
1568357872.3179998,808,281,None,Move,development
1568357872.32,801,288,None,Move,development
1568357872.34,793,297,None,Move,development
1568357872.351,791,301,None,Move,development
1568357872.361,785,317,None,Move,development
1568357872.371,781,330,None,Move,development
1568357872.379,780,342,None,Move,development
1568357872.451,797,392,None,Move,development
1568357872.814,797,390,None,Move,development
1568357872.824,792,390,None,Move,development
1568357872.834,787,390,None,Move,development
1568357872.844,773,387,None,Move,development
1568357872.854,761,386,None,Move,development
1568357872.8639998,754,386,None,Move,development
1568357872.8739998,754,386,None,Move,development
1568357872.885,752,385,None,Move,development
1568357872.895,751,385,None,Move,development
1568357872.905,750,384,None,Move,development
1568357872.915,750,384,None,Move,development
1568357872.925,748,383,None,Move,development
1568357872.935,746,383,None,Move,development
1568357872.945,744,383,None,Move,development
1568357872.955,742,383,None,Move,development
1568357872.965,740,383,None,Move,development
1568357872.975,736,383,None,Move,development
1568357872.985,729,383,None,Move,development
1568357872.995,721,383,None,Move,development
1568357873.005,709,382,None,Move,development
1568357873.015,693,380,None,Move,development
1568357873.025,684,380,None,Move,development
1568357873.056,662,379,None,Move,development
1568357873.066,658,379,None,Move,development
1568357873.076,656,379,None,Move,development
1568357873.086,651,379,None,Move,development
1568357873.096,649,379,None,Move,development
1568357873.106,648,379,None,Move,development
1568357873.1139998,647,379,None,Move,development
1568357873.1160002,645,379,None,Move,development
1568357873.1260002,641,378,None,Move,development
1568357873.1360002,641,377,None,Move,development
1568357873.147,640,377,None,Move,development
1568357873.157,640,377,None,Move,development
1568357873.167,638,375,None,Move,development
1568357873.177,635,375,None,Move,development
1568357873.187,633,373,None,Move,development
1568357873.195,632,372,None,Move,development
1568357873.197,631,372,None,Move,development
1568357873.207,630,372,None,Move,development
1568357873.217,629,371,None,Move,development
1568357873.5470002,629,370,None,Move,development
1568357873.564,630,368,None,Move,development
1568357873.629,634,363,None,Move,development
1568357873.649,634,362,None,Move,development
1568357873.659,635,362,None,Move,development
1568357873.67,635,361,None,Move,development
1568357873.68,635,360,None,Move,development
1568357873.7,635,360,None,Move,development
1568357873.72,635,359,None,Move,development
1568357873.728,636,358,None,Move,development
1568357873.921,636,357,None,Move,development
1568357874.04,636,356,None,Move,development
1568357874.103,636,356,None,Move,development
1568357874.123,636,353,None,Move,development
1568357874.143,636,352,None,Move,development
1568357874.151,636,351,None,Move,development
1568357874.163,636,350,None,Move,development
1568357874.173,636,348,None,Move,development
1568357874.1829998,636,347,None,Move,development
1568357874.202,636,343,None,Move,development
1568357874.204,635,342,None,Move,development
1568357874.214,634,338,None,Move,development
1568357874.224,634,336,None,Move,development
1568357874.234,633,330,None,Move,development
1568357874.244,632,325,None,Move,development
1568357874.252,631,318,None,Move,development
1568357874.264,631,310,None,Move,development
1568357874.272,631,300,None,Move,development
1568357874.274,629,291,None,Move,development
1568357874.284,626,286,None,Move,development
1568357874.294,622,267,None,Move,development
1568357874.304,621,260,None,Move,development
1568357874.314,619,252,None,Move,development
1568357874.322,617,245,None,Move,development
1568357874.324,617,242,None,Move,development
1568357874.335,616,233,None,Move,development
1568357874.345,613,225,None,Move,development
1568357874.353,613,217,None,Move,development
1568357874.363,609,211,None,Move,development
1568357874.365,609,208,None,Move,development
1568357874.375,608,197,None,Move,development
1568357874.385,607,189,None,Move,development
1568357874.395,606,184,None,Move,development
1568357874.405,606,176,None,Move,development
1568357874.415,606,169,None,Move,development
1568357874.425,606,166,None,Move,development
1568357874.435,606,162,None,Move,development
1568357874.451,606,159,None,Move,development
1568357874.46,606,158,None,Move,development
1568357874.4770002,606,156,None,Move,development
1568357874.486,606,152,None,Move,development
1568357874.496,606,151,None,Move,development
1568357874.504,604,149,None,Move,development
1568357874.516,601,146,None,Move,development
1568357874.536,586,146,None,Move,development
1568357874.546,578,146,None,Move,development
1568357874.556,558,152,None,Move,development
1568357874.566,552,156,None,Move,development
1568357874.577,532,161,None,Move,development
1568357874.587,497,170,None,Move,development
1568357874.597,477,173,None,Move,development
1568357874.607,468,174,None,Move,development
1568357874.617,433,182,None,Move,development
1568357874.627,407,186,None,Move,development
1568357874.635,377,193,None,Move,development
1568357874.637,351,198,None,Move,development
1568357874.647,343,199,None,Move,development
1568357874.657,302,203,None,Move,development
1568357874.667,279,206,None,Move,development
1568357874.675,257,208,None,Move,development
1568357874.685,236,210,None,Move,development
1568357874.687,229,211,None,Move,development
1568357874.698,205,214,None,Move,development
1568357874.708,192,218,None,Move,development
1568357874.718,180,222,None,Move,development
1568357874.726,168,224,None,Move,development
1568357874.728,163,226,None,Move,development
1568357874.746,153,227,None,Move,development
1568357874.748,146,227,None,Move,development
1568357874.758,142,227,None,Move,development
1568357874.778,139,227,None,Move,development
1568357874.788,138,227,None,Move,development
1568357874.798,136,227,None,Move,development
1568357874.8079998,134,227,None,Move,development
1568357874.816,134,227,None,Move,development
1568357874.8179998,130,227,None,Move,development
1568357874.829,128,227,None,Move,development
1568357874.839,127,227,None,Move,development
1568357874.847,125,227,None,Move,development
1568357874.849,124,227,None,Move,development
1568357874.859,123,227,None,Move,development
1568357874.869,122,227,None,Move,development
1568357874.879,122,227,None,Move,development
1568357874.889,121,228,None,Move,development
1568357874.899,120,228,None,Move,development
1568357874.919,119,228,None,Move,development
1568357874.937,118,228,None,Move,development
1568357874.939,116,228,None,Move,development
1568357874.949,114,228,None,Move,development
1568357874.96,114,228,None,Move,development
1568357874.97,112,229,None,Move,development
1568357874.98,109,230,None,Move,development
1568357874.99,108,230,None,Move,development
1568357875.101,108,231,None,Move,development
1568357875.111,108,232,None,Move,development
1568357875.119,108,232,None,Move,development
1568357875.121,108,234,None,Move,development
1568357875.131,108,235,None,Move,development
1568357875.141,108,239,None,Move,development
1568357875.151,108,242,None,Move,development
1568357875.159,108,245,None,Move,development
1568357875.161,109,248,None,Move,development
1568357875.171,111,250,None,Move,development
1568357875.181,112,254,None,Move,development
1568357875.191,112,256,None,Move,development
1568357875.202,114,260,None,Move,development
1568357875.212,114,261,None,Move,development
1568357875.222,117,264,None,Move,development
1568357875.232,118,266,None,Move,development
1568357875.24,119,268,None,Move,development
1568357875.242,124,271,None,Move,development
1568357875.252,125,273,None,Move,development
1568357875.262,130,277,None,Move,development
1568357875.272,134,281,None,Move,development
1568357875.28,140,285,None,Move,development
1568357875.282,145,287,None,Move,development
1568357875.292,147,289,None,Move,development
1568357875.302,155,296,None,Move,development
1568357875.312,160,300,None,Move,development
1568357875.32,168,307,None,Move,development
1568357875.323,176,311,None,Move,development
1568357875.333,177,312,None,Move,development
1568357875.343,190,319,None,Move,development
1568357875.353,198,323,None,Move,development
1568357875.361,207,329,None,Move,development
1568357875.363,215,332,None,Move,development
1568357875.373,218,333,None,Move,development
1568357875.383,230,337,None,Move,development
1568357875.393,238,339,None,Move,development
1568357875.403,246,340,None,Move,development
1568357875.411,253,341,None,Move,development
1568357875.423,267,345,None,Move,development
1568357875.4329998,275,347,None,Move,development
1568357875.45,295,352,None,Move,development
1568357875.457,298,354,None,Move,development
1568357875.4729998,318,358,None,Move,development
1568357875.481,339,363,None,Move,development
1568357875.484,352,366,None,Move,development
1568357875.4929998,356,367,None,Move,development
1568357875.5129998,381,369,None,Move,development
1568357875.521,405,376,None,Move,development
1568357875.524,413,376,None,Move,development
1568357875.534,417,376,None,Move,development
1568357875.544,440,380,None,Move,development
1568357875.554,452,383,None,Move,development
1568357875.562,466,384,None,Move,development
1568357875.574,477,387,None,Move,development
1568357875.594,516,388,None,Move,development
1568357875.604,529,390,None,Move,development
1568357875.6120002,541,391,None,Move,development
1568357875.6139998,545,391,None,Move,development
1568357875.6239998,564,394,None,Move,development
1568357875.6339998,574,395,None,Move,development
1568357875.644,584,396,None,Move,development
1568357875.6520002,592,396,None,Move,development
1568357875.654,595,396,None,Move,development
1568357875.664,605,396,None,Move,development
1568357875.675,612,396,None,Move,development
1568357875.6820002,616,396,None,Move,development
1568357875.685,619,396,None,Move,development
1568357875.695,620,396,None,Move,development
1568357875.705,622,396,None,Move,development
1568357875.715,623,396,None,Move,development
1568357875.725,625,396,None,Move,development
1568357875.735,626,396,None,Move,development
1568357875.755,627,396,None,Move,development
1568357875.765,627,396,None,Move,development
1568357875.795,628,396,None,Move,development
1568357875.826,628,396,None,Move,development
1568357875.836,629,396,None,Move,development
1568357875.846,629,396,None,Move,development
1568357875.856,630,395,None,Move,development
1568357875.8660002,631,395,None,Move,development
1568357875.8760002,631,394,None,Move,development
1568357875.896,631,393,None,Move,development
1568357876.0270002,631,393,None,Move,development
1568357876.0470002,631,392,None,Move,development
1568357876.0670002,631,392,None,Move,development
1568357876.085,630,390,None,Move,development
1568357876.095,630,389,None,Move,development
1568357876.097,629,389,None,Move,development
1568357876.107,626,387,None,Move,development
1568357876.117,626,387,None,Move,development
1568357876.1260002,621,384,None,Move,development
1568357876.1360002,619,383,None,Move,development
1568357876.1379998,618,383,None,Move,development
1568357876.1479998,613,382,None,Move,development
1568357876.158,608,379,None,Move,development
1568357876.168,603,378,None,Move,development
1568357876.176,600,375,None,Move,development
1568357876.178,596,375,None,Move,development
1568357876.188,582,369,None,Move,development
1568357876.198,569,364,None,Move,development
1568357876.208,560,361,None,Move,development
1568357876.216,551,359,None,Move,development
1568357876.218,548,358,None,Move,development
1568357876.228,525,351,None,Move,development
1568357876.238,511,348,None,Move,development
1568357876.248,492,343,None,Move,development
1568357876.2570002,476,340,None,Move,development
1568357876.2589998,469,339,None,Move,development
1568357876.269,442,332,None,Move,development
1568357876.279,422,325,None,Move,development
1568357876.2870002,404,321,None,Move,development
1568357876.2970002,384,316,None,Move,development
1568357876.299,376,314,None,Move,development
1568357876.309,345,306,None,Move,development
1568357876.319,329,304,None,Move,development
1568357876.329,317,302,None,Move,development
1568357876.337,307,300,None,Move,development
1568357876.359,285,297,None,Move,development
1568357876.42,273,296,None,Move,development
1568357876.484,263,296,None,Move,development
1568357876.518,252,296,None,Move,development
1568357876.53,246,300,None,Move,development
1568357876.561,236,302,None,Move,development
1568357876.581,228,305,None,Move,development
1568357876.629,219,312,None,Move,development
1568357876.702,213,314,None,Move,development
1568357876.74,209,316,None,Move,development
1568357876.783,204,317,None,Move,development
1568357876.793,199,317,None,Move,development
1568357876.833,185,317,None,Move,development
1568357876.883,142,313,None,Move,development
1568357876.904,127,310,None,Move,development
1568357876.914,122,308,None,Move,development
1568357876.934,120,306,None,Move,development
1568357876.954,118,304,None,Move,development
1568357876.984,115,298,None,Move,development
1568357876.994,108,290,None,Move,development
1568357877.095,66,248,None,Move,development
1568357877.105,63,241,None,Move,development
1568357877.115,61,240,None,Move,development
1568357877.125,61,239,None,Move,development
1568357877.133,60,236,None,Move,development
1568357877.143,60,235,None,Move,development
1568357877.154,59,235,None,Move,development
1568357877.164,59,233,None,Move,development
1568357877.166,59,230,None,Move,development
1568357877.176,58,230,None,Move,development
1568357877.186,58,229,None,Move,development
1568357877.196,58,228,None,Move,development
1568357877.214,58,227,None,Move,development
1568357877.226,58,226,None,Move,development
1568357877.236,57,224,None,Move,development
1568357877.266,52,219,None,Move,development
1568357877.385,52,218,None,Move,development
1568357877.438,52,218,None,Move,development
1568357877.522,58,213,None,Move,development
1568357877.5370002,58,212,None,Move,development
1568357877.5570002,59,212,None,Move,development
1568357877.5679998,60,211,None,Move,development
1568357877.596,61,211,None,Move,development
1568357877.6179998,62,210,None,Move,development
1568357877.679,62,209,None,Move,development
1568357877.689,63,208,None,Move,development
1568357877.75,64,208,None,Move,development
1568357877.972,64,208,Left,Pressed,development
1568357877.972,64,208,None,Drag,development
1568357877.972,64,208,Left,Released,development
1568357878.314,64,208,None,Move,development
1568357878.481,64,208,None,Move,development
1568357878.6360002,63,208,None,Move,development
1568357879.298,62,208,None,Move,development
1568357879.3879998,62,208,None,Move,development
1568357879.428,63,208,None,Move,development
1568357879.462,64,208,None,Move,development
1568357879.678,65,208,None,Move,development
1568357880.087,65,208,None,Move,development
1568357880.107,66,209,None,Move,development
1568357880.117,68,209,None,Move,development
1568357880.207,77,213,None,Move,development
1568357880.2270002,77,213,None,Move,development
1568357880.2670002,78,213,None,Move,development
1568357880.3170002,79,213,None,Move,development
1568357881.0579998,80,213,None,Move,development
1568357881.1379998,82,213,None,Move,development
1568357881.228,84,214,None,Move,development
1568357881.359,84,214,None,Move,development
1568357881.429,85,214,None,Move,development
1568357881.601,85,215,None,Move,development
1568357881.621,86,215,None,Move,development
1568357881.629,87,215,None,Move,development
1568357881.631,88,216,None,Move,development
1568357881.6820002,93,216,None,Move,development
1568357881.6920002,95,216,None,Move,development
1568357881.712,97,217,None,Move,development
1568357881.722,98,217,None,Move,development
1568357881.732,99,217,None,Move,development
1568357881.742,99,217,None,Move,development
1568357881.752,101,217,None,Move,development
1568357881.762,103,217,None,Move,development
1568357881.772,105,217,None,Move,development
1568357881.783,106,217,None,Move,development
1568357881.803,108,217,None,Move,development
1568357881.823,110,218,None,Move,development
1568357881.833,111,218,None,Move,development
1568357881.843,112,218,None,Move,development
1568357881.853,114,218,None,Move,development
1568357881.873,114,218,None,Move,development
1568357881.883,116,218,None,Move,development
1568357881.893,118,218,None,Move,development
1568357881.903,119,218,None,Move,development
1568357881.913,122,218,None,Move,development
1568357881.924,126,218,None,Move,development
1568357881.934,128,218,None,Move,development
1568357881.944,135,216,None,Move,development
1568357881.964,166,209,None,Move,development
1568357881.974,171,208,None,Move,development
1568357881.992,204,202,None,Move,development
1568357882.004,243,195,None,Move,development
1568357882.014,251,194,None,Move,development
1568357882.045,335,165,None,Move,development
1568357882.055,370,146,None,Move,development
1568357882.063,398,134,None,Move,development
1568357882.073,412,128,None,Move,development
1568357882.085,433,120,None,Move,development
1568357882.103,448,112,None,Move,development
1568357882.113,452,110,None,Move,development
1568357882.125,456,107,None,Move,development
1568357882.135,458,106,None,Move,development
1568357882.146,463,104,None,Move,development
1568357882.156,464,104,None,Move,development
1568357882.174,465,104,None,Move,development
1568357882.434,465,104,None,Move,development
1568357882.444,464,104,None,Move,development
1568357882.466,460,103,None,Move,development
1568357882.48,456,103,None,Move,development
1568357882.495,453,103,None,Move,development
1568357882.5229998,434,100,None,Move,development
1568357882.533,425,99,None,Move,development
1568357882.543,423,98,None,Move,development
1568357882.553,421,98,None,Move,development
1568357882.573,416,98,None,Move,development
1568357882.593,413,98,None,Move,development
1568357882.613,409,97,None,Move,development
1568357882.623,405,96,None,Move,development
1568357882.663,397,93,None,Move,development
1568357882.673,396,92,None,Move,development
1568357882.6829998,395,92,None,Move,development
1568357882.7029998,393,91,None,Move,development
1568357882.711,393,91,None,Move,development
1568357882.721,392,91,None,Move,development
1568357882.731,391,91,None,Move,development
1568357882.7410002,390,91,None,Move,development
1568357882.7510002,390,91,None,Move,development
1568357882.811,388,91,None,Move,development
1568357882.831,387,90,None,Move,development
1568357882.859,387,90,None,Move,development
1568357882.8720002,386,89,None,Move,development
1568357882.91,385,88,None,Move,development
1568357882.938,385,88,None,Move,development
1568357882.958,384,87,None,Move,development
1568357882.978,384,86,None,Move,development
1568357883.0110002,383,86,None,Move,development
1568357883.27,383,86,Left,Pressed,development
1568357883.4829998,383,86,Left,Released,development
1568357883.731,383,85,None,Move,development
1568357883.7610002,383,85,None,Move,development
1568357883.771,386,86,None,Move,development
1568357883.781,386,86,None,Move,development
1568357883.79,392,89,None,Move,development
1568357883.792,396,91,None,Move,development
1568357883.802,399,92,None,Move,development
1568357883.812,405,94,None,Move,development
1568357883.832,417,100,None,Move,development
1568357883.842,429,107,None,Move,development
1568357883.8520002,439,111,None,Move,development
1568357883.8620002,440,113,None,Move,development
1568357883.8720002,452,118,None,Move,development
1568357883.8820002,475,131,None,Move,development
1568357883.8920002,490,139,None,Move,development
1568357883.9020002,497,143,None,Move,development
1568357883.913,525,159,None,Move,development
1568357883.921,544,168,None,Move,development
1568357883.931,561,177,None,Move,development
1568357883.941,582,187,None,Move,development
1568357883.9429998,605,200,None,Move,development
1568357883.9529998,618,207,None,Move,development
1568357883.9629998,631,215,None,Move,development
1568357883.981,647,226,None,Move,development
1568357883.9910002,665,238,None,Move,development
1568357884.0010002,673,243,None,Move,development
1568357884.0110002,679,246,None,Move,development
1568357884.022,689,254,None,Move,development
1568357884.032,695,260,None,Move,development
1568357884.034,701,263,None,Move,development
1568357884.044,703,265,None,Move,development
1568357884.054,704,266,None,Move,development
1568357884.064,706,268,None,Move,development
1568357884.074,706,268,None,Move,development
1568357884.084,709,270,None,Move,development
1568357884.094,710,271,None,Move,development
1568357884.104,710,272,None,Move,development
1568357884.1139998,713,277,None,Move,development
1568357884.1239998,715,281,None,Move,development
1568357884.1339998,717,285,None,Move,development
1568357884.145,723,293,None,Move,development
1568357884.155,726,298,None,Move,development
1568357884.175,734,304,None,Move,development
1568357884.185,740,310,None,Move,development
1568357884.195,742,313,None,Move,development
1568357884.205,745,315,None,Move,development
1568357884.235,754,329,None,Move,development
1568357884.245,761,341,None,Move,development
1568357884.255,765,347,None,Move,development
1568357884.264,766,349,None,Move,development
1568357884.276,773,357,None,Move,development
1568357884.286,780,368,None,Move,development
1568357884.296,783,373,None,Move,development
1568357884.306,784,375,None,Move,development
1568357884.316,796,391,None,Move,development
1568357884.326,800,394,None,Move,development
1568357884.336,801,399,None,Move,development
1568357884.346,803,400,None,Move,development
1568357884.356,807,406,None,Move,development
1568357884.3660002,811,410,None,Move,development
1568357884.377,813,413,None,Move,development
1568357884.397,815,416,None,Move,development
1568357884.405,816,418,None,Move,development
1568357884.415,817,419,None,Move,development
1568357884.425,817,419,None,Move,development
1568357884.427,818,421,None,Move,development
1568357884.437,819,422,None,Move,development
1568357884.452,819,424,None,Move,development
1568357884.461,819,424,None,Move,development
1568357884.4729998,820,426,None,Move,development
1568357884.4829998,821,426,None,Move,development
1568357884.495,821,427,None,Move,development
1568357884.538,821,428,None,Move,development
1568357884.556,821,429,None,Move,development
1568357884.5679998,821,430,None,Move,development
1568357884.5779998,822,432,None,Move,development
1568357884.606,822,432,None,Move,development
1568357884.795,822,432,None,Move,development
1568357884.806,822,430,None,Move,development
1568357884.8070002,822,430,None,Move,development
1568357884.8179998,822,429,None,Move,development
1568357884.8279998,822,428,None,Move,development
1568357884.8379998,821,427,None,Move,development
1568357884.8879998,820,423,None,Move,development
1568357884.919,820,423,None,Move,development
1568357884.937,819,422,None,Move,development
1568357885.07,819,421,None,Move,development
1568357885.3520002,819,421,None,Move,development
1568357885.3620002,819,421,None,Move,development
1568357885.3720002,819,421,None,Move,development
1568357885.413,820,420,None,Move,development
1568357885.423,821,420,None,Move,development
1568357885.4329998,822,420,None,Move,development
1568357885.448,823,420,None,Move,development
1568357885.457,824,420,None,Move,development
1568357885.512,824,420,None,Move,development
1568357885.534,825,420,None,Move,development
1568357885.544,826,420,None,Move,development
1568357885.564,827,420,None,Move,development
1568357885.574,828,420,None,Move,development
1568357885.595,829,420,None,Move,development
1568357885.655,830,420,None,Move,development
1568357886.367,830,420,None,Move,development
1568357887.276,831,420,None,Move,development
1568357887.296,831,420,None,Move,development
1568357887.306,830,422,None,Move,development
1568357887.316,829,422,None,Move,development
1568357887.326,828,424,None,Move,development
1568357887.336,828,425,None,Move,development
1568357887.346,827,426,None,Move,development
1568357887.356,826,426,None,Move,development
1568357887.3860002,826,427,None,Move,development
1568357887.734,826,427,None,Move,development
1568357887.774,824,427,None,Move,development
1568357887.794,824,427,None,Move,development
1568357887.804,822,426,None,Move,development
1568357887.824,821,426,None,Move,development
1568357887.834,819,424,None,Move,development
1568357887.8639998,818,423,None,Move,development
1568357888.05,816,423,None,Move,development
1568357888.092,816,423,None,Move,development
1568357888.1020002,815,423,None,Move,development
1568357888.123,815,423,None,Move,development
1568357888.143,814,423,None,Move,development
1568357888.153,812,423,None,Move,development
1568357888.171,812,424,None,Move,development
1568357888.2129998,811,424,None,Move,development
1568357888.224,811,424,None,Move,development
1568357888.234,810,424,None,Move,development
1568357888.244,810,425,None,Move,development
1568357888.282,809,425,None,Move,development
1568357888.319,808,425,None,Move,development
1568357888.329,806,425,None,Move,development
1568357888.35,805,425,None,Move,development
1568357888.36,803,425,None,Move,development
1568357888.37,802,425,None,Move,development
1568357888.38,801,425,None,Move,development
1568357888.39,800,425,None,Move,development
1568357888.4,800,425,None,Move,development
1568357888.41,798,425,None,Move,development
1568357888.43,795,425,None,Move,development
1568357888.454,793,425,None,Move,development
1568357888.4770002,792,425,None,Move,development
1568357888.894,792,425,Left,Pressed,development
1568357889.002,792,425,Left,Released,development
1568357889.022,792,425,None,Move,development
1568357889.032,792,425,None,Move,development
1568357889.042,794,425,None,Move,development
1568357889.052,803,425,None,Move,development
1568357889.062,807,425,None,Move,development
1568357889.072,812,425,None,Move,development
1568357889.082,815,425,None,Move,development
1568357889.092,821,425,None,Move,development
1568357889.1020002,825,425,None,Move,development
1568357889.1120002,833,425,None,Move,development
1568357889.1220002,835,425,None,Move,development
1568357889.1320002,843,425,None,Move,development
1568357889.1420002,846,425,None,Move,development
1568357889.1520002,854,425,None,Move,development
1568357889.1620002,856,425,None,Move,development
1568357889.1720002,859,425,None,Move,development
1568357889.1820002,861,425,None,Move,development
1568357889.202,864,425,None,Move,development
1568357889.212,865,426,None,Move,development
1568357894.918,865,426,None,Move,development
1568357894.93,855,415,None,Move,development
1568357894.968,856,413,None,Move,development
1568357894.986,857,413,None,Move,development
1568357895.016,857,412,None,Move,development
1568357895.02,857,411,None,Move,development
1568357895.05,857,407,None,Move,development
1568357895.06,857,405,None,Move,development
1568357895.099,857,403,None,Move,development
1568357895.129,856,401,None,Move,development
1568357895.202,856,401,None,Move,development
1568357895.212,855,401,None,Move,development
1568357895.222,854,401,None,Move,development
1568357895.24,851,401,None,Move,development
1568357895.242,848,400,None,Move,development
1568357895.26,845,399,None,Move,development
1568357895.272,835,398,None,Move,development
1568357895.28,834,398,None,Move,development
1568357895.292,830,397,None,Move,development
1568357895.302,816,397,None,Move,development
1568357895.312,807,397,None,Move,development
1568357895.323,804,397,None,Move,development
1568357895.333,799,397,None,Move,development
1568357895.351,792,397,None,Move,development
1568357895.403,773,397,None,Move,development
1568357895.816,773,397,None,Move,development
1568357895.826,773,397,None,Move,development
1568357895.836,776,397,None,Move,development
1568357895.846,777,397,None,Move,development
1568357895.856,780,397,None,Move,development
1568357895.8660002,780,398,None,Move,development
1568357895.8760002,783,398,None,Move,development
1568357895.8860002,788,398,None,Move,development
1568357895.897,788,398,None,Move,development
1568357895.907,790,398,None,Move,development
1568357895.917,791,399,None,Move,development
1568357895.927,793,399,None,Move,development
1568357895.937,794,399,None,Move,development
1568357895.947,794,399,None,Move,development
1568357895.957,796,401,None,Move,development
1568357895.967,798,401,None,Move,development
1568357895.9770002,800,402,None,Move,development
1568357895.9870002,802,403,None,Move,development
1568357895.9970002,805,404,None,Move,development
1568357896.0070002,813,408,None,Move,development
1568357896.018,815,409,None,Move,development
1568357896.028,819,411,None,Move,development
1568357896.038,829,416,None,Move,development
1568357896.048,831,417,None,Move,development
1568357896.0579998,837,420,None,Move,development
1568357896.066,839,421,None,Move,development
1568357896.0679998,844,425,None,Move,development
1568357896.0779998,850,428,None,Move,development
1568357896.086,852,429,None,Move,development
1568357896.096,859,433,None,Move,development
1568357896.109,859,434,None,Move,development
1568357896.119,860,434,None,Move,development
1568357896.121,861,434,None,Move,development
1568357896.242,861,435,None,Move,development
1568357896.252,861,435,None,Move,development
1568357896.27,861,437,None,Move,development
1568357896.28,861,438,None,Move,development
1568357896.29,862,439,None,Move,development
1568357896.3,862,440,None,Move,development
1568357896.32,862,440,None,Move,development
1568357896.33,862,441,None,Move,development
1568357896.34,862,443,None,Move,development
1568357896.35,862,444,None,Move,development
1568357896.37,862,444,None,Move,development
1568357896.38,861,446,None,Move,development
1568357896.41,861,447,None,Move,development
1568357896.43,860,449,None,Move,development
1568357896.452,860,449,None,Move,development
1568357896.458,860,450,None,Move,development
1568357896.4829998,860,450,None,Move,development
1568357896.494,860,451,None,Move,development
1568357896.514,860,452,None,Move,development
1568357896.524,860,453,None,Move,development
1568357896.841,860,453,None,Move,development
1568357896.851,858,452,None,Move,development
1568357896.861,847,445,None,Move,development
1568357896.871,839,440,None,Move,development
1568357896.881,828,434,None,Move,development
1568357896.891,825,432,None,Move,development
1568357896.901,819,427,None,Move,development
1568357896.911,815,425,None,Move,development
1568357896.921,813,423,None,Move,development
1568357896.931,811,421,None,Move,development
1568357896.941,808,420,None,Move,development
1568357896.951,805,417,None,Move,development
1568357896.961,800,413,None,Move,development
1568357896.971,799,412,None,Move,development
1568357896.981,795,411,None,Move,development
1568357896.9910002,792,410,None,Move,development
1568357897.0010002,790,408,None,Move,development
1568357897.0110002,789,407,None,Move,development
1568357897.02,786,406,None,Move,development
1568357897.03,784,405,None,Move,development
1568357897.04,783,405,None,Move,development
1568357897.141,783,405,None,Move,development
1568357897.161,784,405,None,Move,development
1568357897.21,785,405,None,Move,development
1568357897.22,786,403,None,Move,development
1568357897.24,787,403,None,Move,development
1568357897.26,788,402,None,Move,development
1568357897.36,788,401,None,Move,development
1568357897.38,789,401,None,Move,development
1568357897.41,789,400,None,Move,development
1568357897.512,789,400,Left,Pressed,development
1568357897.641,789,400,Left,Released,development
1568357897.651,790,400,None,Move,development
1568357897.661,791,400,None,Move,development
1568357897.671,795,400,None,Move,development
1568357897.691,795,400,None,Move,development
1568357897.701,796,400,None,Move,development
1568357897.711,797,400,None,Move,development
1568357897.721,797,400,None,Move,development
1568357897.731,798,400,None,Move,development
1568357897.7410002,799,400,None,Move,development
1568357897.7610002,800,400,None,Move,development
1568357897.771,802,400,None,Move,development
1568357897.781,803,399,None,Move,development
1568357897.791,806,399,None,Move,development
1568357897.801,806,399,None,Move,development
1568357897.811,810,399,None,Move,development
1568357897.821,811,399,None,Move,development
1568357897.831,813,398,None,Move,development
1568357897.841,815,398,None,Move,development
1568357897.851,819,398,None,Move,development
1568357897.881,822,397,None,Move,development
1568357897.891,822,397,None,Move,development
1568357897.901,823,397,None,Move,development
1568357897.911,825,396,None,Move,development
1568357897.941,826,396,None,Move,development
1568357897.961,827,395,None,Move,development
1568357897.9910002,829,395,None,Move,development
1568357898.0010002,832,395,None,Move,development
1568357898.0110002,835,395,None,Move,development
1568357898.021,837,394,None,Move,development
1568357898.031,838,393,None,Move,development
1568357900.137,839,392,None,Move,development
1568357900.165,841,392,None,Move,development
1568357900.177,845,388,None,Move,development
1568357900.197,846,387,None,Move,development
1568357900.207,846,386,None,Move,development
1568357900.225,848,385,None,Move,development
1568357900.235,848,385,None,Move,development
1568357900.248,849,384,None,Move,development
1568357900.256,850,384,None,Move,development
1568357900.258,851,383,None,Move,development
1568357900.3579998,849,386,None,Move,development
1568357900.377,849,386,None,Move,development
1568357900.379,846,389,None,Move,development
1568357900.389,843,393,None,Move,development
1568357900.399,841,395,None,Move,development
1568357900.409,837,401,None,Move,development
1568357900.417,836,403,None,Move,development
1568357900.419,836,404,None,Move,development
1568357900.429,836,409,None,Move,development
1568357900.439,836,411,None,Move,development
1568357900.452,837,417,None,Move,development
1568357900.461,837,419,None,Move,development
1568357900.467,837,420,None,Move,development
1568357900.4770002,837,421,None,Move,development
1568357900.4870002,837,423,None,Move,development
1568357900.4970002,837,424,None,Move,development
1568357900.5070002,837,427,None,Move,development
1568357900.5170002,837,430,None,Move,development
1568357900.5270002,837,435,None,Move,development
1568357900.5370002,840,438,None,Move,development
1568357900.5470002,842,444,None,Move,development
1568357900.5570002,844,445,None,Move,development
1568357900.5670002,848,448,None,Move,development
1568357900.577,851,450,None,Move,development
1568357900.587,853,450,None,Move,development
1568357900.597,853,450,None,Move,development
1568357900.657,854,450,None,Move,development
1568357900.667,855,450,None,Move,development
1568357900.687,856,450,None,Move,development
1568357900.697,856,450,None,Move,development
1568357900.707,857,450,None,Move,development
1568357900.967,857,450,None,Move,development
1568357901.0170002,857,450,None,Move,development
1568357901.0670002,857,450,None,Move,development
1568357901.087,862,451,None,Move,development
1568357901.097,863,451,None,Move,development
1568357901.117,863,452,None,Move,development
1568357901.127,860,458,None,Move,development
1568357901.137,859,458,None,Move,development
1568357901.147,858,458,None,Move,development
1568357901.4970002,858,458,None,Move,development
1568357901.5070002,858,458,None,Move,development
1568357901.5170002,858,456,None,Move,development
1568357901.5370002,858,456,None,Move,development
1568357901.5470002,857,454,None,Move,development
1568357901.5570002,856,454,None,Move,development
1568357901.5670002,856,454,None,Move,development
1568357901.587,855,454,None,Move,development
1568357901.607,854,454,None,Move,development
1568357901.657,853,453,None,Move,development
1568357901.687,853,453,None,Move,development
1568357901.806,852,452,None,Move,development
1568357901.836,852,452,None,Move,development
1568357901.8860002,850,452,None,Move,development
1568357901.896,850,452,None,Move,development
1568357901.906,849,452,None,Move,development
1568357901.916,848,452,None,Move,development
1568357901.926,847,451,None,Move,development
1568357901.936,846,451,None,Move,development
1568357901.946,844,450,None,Move,development
1568357901.986,843,450,None,Move,development
1568357901.996,842,450,None,Move,development
1568357902.006,842,450,None,Move,development
1568357902.016,840,449,None,Move,development
1568357902.026,839,449,None,Move,development
1568357902.046,839,449,None,Move,development
1568357902.056,838,449,None,Move,development
1568357902.066,838,449,None,Move,development
1568357902.076,836,448,None,Move,development
1568357902.086,834,448,None,Move,development
1568357902.096,830,448,None,Move,development
1568357902.106,829,448,None,Move,development
1568357902.196,827,447,None,Move,development
1568357902.206,826,446,None,Move,development
1568357902.306,826,446,None,Move,development
1568357902.316,825,445,None,Move,development
1568357902.356,825,445,None,Move,development
1568357902.3660002,824,443,None,Move,development
1568357902.3760002,824,442,None,Move,development
1568357902.3860002,824,442,None,Move,development
1568357902.396,823,441,None,Move,development
1568357902.406,823,440,None,Move,development
1568357902.416,823,439,None,Move,development
1568357902.436,823,437,None,Move,development
1568357902.478,823,436,None,Move,development
1568357902.486,822,436,None,Move,development
1568357902.4989998,822,434,None,Move,development
1568357902.597,821,432,None,Move,development
1568357902.677,820,432,None,Move,development
1568357902.687,820,432,None,Move,development
1568357902.697,818,432,None,Move,development
1568357902.707,818,432,None,Move,development
1568357902.7270002,817,432,None,Move,development
1568357902.7370002,816,432,None,Move,development
1568357902.7670002,816,432,None,Move,development
1568357902.7770002,815,432,None,Move,development
1568357902.7870002,814,432,None,Move,development
1568357902.837,814,432,None,Move,development
1568357902.867,813,432,None,Move,development
1568357902.926,813,432,None,Move,development
1568357903.076,812,432,None,Move,development
1568357903.156,812,432,None,Move,development
1568357903.176,812,433,None,Move,development
1568357903.196,812,434,None,Move,development
1568357903.216,812,434,None,Move,development
1568357903.236,812,435,None,Move,development
1568357903.256,812,435,None,Move,development
1568357903.276,812,436,None,Move,development
1568357903.346,812,437,None,Move,development
1568357903.356,812,437,None,Move,development
1568357903.3760002,813,438,None,Move,development
1568357903.3860002,814,440,None,Move,development
1568357903.436,815,441,None,Move,development
1568357903.466,816,443,None,Move,development
1568357903.484,817,444,None,Move,development
1568357903.498,818,445,None,Move,development
1568357903.508,819,446,None,Move,development
1568357903.518,820,446,None,Move,development
1568357903.528,820,446,None,Move,development
1568357903.538,821,447,None,Move,development
1568357903.548,822,448,None,Move,development
1568357903.596,823,448,None,Move,development
1568357903.6160002,824,448,None,Move,development
1568357903.6360002,825,450,None,Move,development
1568357903.666,826,451,None,Move,development
1568357903.676,827,451,None,Move,development
1568357903.686,829,452,None,Move,development
1568357903.706,829,452,None,Move,development
1568357903.716,832,452,None,Move,development
1568357903.726,834,452,None,Move,development
1568357903.736,837,453,None,Move,development
1568357903.766,838,453,None,Move,development
1568357904.306,839,453,None,Move,development
1568357904.356,840,453,None,Move,development
1568357904.396,840,453,None,Move,development
1568357904.416,841,454,None,Move,development
1568357904.426,841,454,None,Move,development
1568357904.468,842,454,None,Move,development
1568357904.496,842,454,None,Move,development
1568357904.506,843,454,None,Move,development
1568357904.526,844,454,None,Move,development
1568357904.546,845,454,None,Move,development
1568357904.556,845,454,None,Move,development
1568357904.566,846,454,None,Move,development
1568357904.576,847,454,None,Move,development
1568357904.596,847,454,None,Move,development
1568357904.696,848,453,None,Move,development
1568357904.776,848,453,None,Move,development
1568357904.786,848,453,None,Move,development
1568357904.796,846,453,None,Move,development
1568357904.806,845,453,None,Move,development
1568357904.816,843,452,None,Move,development
1568357904.826,841,452,None,Move,development
1568357904.856,833,449,None,Move,development
1568357904.918,831,449,None,Move,development
1568357904.968,830,449,None,Move,development
1568357905.0370002,829,449,None,Move,development
1568357905.0470002,829,449,None,Move,development
1568357905.069,829,449,None,Move,development
1568357905.11,829,451,None,Move,development
1568357905.17,829,451,None,Move,development
1568357905.18,829,452,None,Move,development
1568357905.2,830,453,None,Move,development
1568357905.21,830,454,None,Move,development
1568357905.22,831,454,None,Move,development
1568357905.23,832,455,None,Move,development
1568357905.2510002,832,455,None,Move,development
1568357905.301,833,455,None,Move,development
1568357905.311,833,455,None,Move,development
1568357905.321,834,456,None,Move,development
1568357905.339,835,457,None,Move,development
1568357905.351,836,458,None,Move,development
1568357905.3920002,837,458,None,Move,development
1568357905.4220002,838,460,None,Move,development
1568357905.459,839,461,None,Move,development
1568357905.467,840,462,None,Move,development
1568357905.476,840,462,None,Move,development
1568357905.485,842,464,None,Move,development
1568357905.4929998,844,465,None,Move,development
1568357905.5029998,846,467,None,Move,development
1568357905.5129998,846,467,None,Move,development
1568357905.5229998,848,468,None,Move,development
1568357905.533,849,469,None,Move,development
1568357905.543,849,469,None,Move,development
1568357905.553,850,469,None,Move,development
1568357905.56,851,470,None,Move,development
1568357905.61,851,472,None,Move,development
1568357905.62,852,472,None,Move,development
1568357905.64,852,473,None,Move,development
1568357905.65,852,473,None,Move,development
1568357905.67,852,474,None,Move,development
1568357905.7,852,475,None,Move,development
1568357905.75,852,476,None,Move,development
1568357905.76,853,477,None,Move,development
1568357905.78,853,477,None,Move,development
1568357905.81,853,479,None,Move,development
1568357905.85,853,479,None,Move,development
1568357905.87,853,480,None,Move,development
1568357905.926,853,481,None,Move,development
1568357905.944,853,482,None,Move,development
1568357905.954,853,483,None,Move,development
1568357905.984,852,483,None,Move,development
1568357905.994,851,483,None,Move,development
1568357906.004,850,483,None,Move,development
1568357906.024,849,483,None,Move,development
1568357906.042,847,484,None,Move,development
1568357906.054,847,484,None,Move,development
1568357906.062,846,485,None,Move,development
1568357906.072,846,485,None,Move,development
1568357906.084,845,485,None,Move,development
1568357906.094,843,485,None,Move,development
1568357906.105,842,485,None,Move,development
1568357906.115,842,485,None,Move,development
1568357906.123,840,485,None,Move,development
1568357906.1339998,834,484,None,Move,development
1568357906.143,828,479,None,Move,development
1568357906.1520002,826,478,None,Move,development
1568357906.1620002,820,475,None,Move,development
1568357906.1720002,814,470,None,Move,development
1568357906.1820002,790,455,None,Move,development
1568357906.1920002,786,451,None,Move,development
1568357906.202,777,448,None,Move,development
1568357906.212,771,440,None,Move,development
1568357906.222,764,437,None,Move,development
1568357906.232,754,427,None,Move,development
1568357906.242,749,423,None,Move,development
1568357906.252,746,420,None,Move,development
1568357906.262,744,416,None,Move,development
1568357906.272,741,412,None,Move,development
1568357906.292,737,406,None,Move,development
1568357906.302,736,403,None,Move,development
1568357906.312,731,397,None,Move,development
1568357906.322,724,389,None,Move,development
1568357906.332,716,382,None,Move,development
1568357906.342,709,375,None,Move,development
1568357906.3520002,688,361,None,Move,development
1568357906.3620002,670,349,None,Move,development
1568357906.3720002,662,347,None,Move,development
1568357906.3820002,656,344,None,Move,development
1568357906.3920002,649,342,None,Move,development
1568357906.4020002,645,342,None,Move,development
1568357906.4120002,642,341,None,Move,development
1568357906.4220002,640,341,None,Move,development
1568357906.4320002,639,341,None,Move,development
1568357906.449,636,340,None,Move,development
1568357906.551,636,340,None,Move,development
1568357906.611,634,340,None,Move,development
1568357906.631,634,340,None,Move,development
1568357906.651,633,340,None,Move,development
1568357906.671,633,341,None,Move,development
1568357906.681,633,342,None,Move,development
1568357906.691,633,343,None,Move,development
1568357906.701,633,344,None,Move,development
1568357906.711,633,346,None,Move,development
1568357906.721,633,347,None,Move,development
1568357906.731,633,352,None,Move,development
1568357906.7410002,633,355,None,Move,development
1568357906.7510002,633,358,None,Move,development
1568357906.7610002,633,358,None,Move,development
1568357906.771,633,362,None,Move,development
1568357906.781,633,365,None,Move,development
1568357906.791,633,368,None,Move,development
1568357906.801,633,369,None,Move,development
1568357906.811,633,371,None,Move,development
1568357906.821,633,375,None,Move,development
1568357906.831,633,380,None,Move,development
1568357906.841,633,381,None,Move,development
1568357906.851,633,383,None,Move,development
1568357906.861,633,389,None,Move,development
1568357906.871,633,394,None,Move,development
1568357906.881,633,395,None,Move,development
1568357906.891,635,399,None,Move,development
1568357906.901,635,399,None,Move,development
1568357906.911,635,402,None,Move,development
1568357906.921,637,405,None,Move,development
1568357906.976,637,407,None,Move,development
1568357906.986,637,407,None,Move,development
1568357906.996,637,408,None,Move,development
1568357907.006,637,409,None,Move,development
1568357907.016,637,411,None,Move,development
1568357907.026,637,415,None,Move,development
1568357907.036,637,420,None,Move,development
1568357907.056,637,430,None,Move,development
1568357907.066,636,436,None,Move,development
1568357907.076,633,446,None,Move,development
1568357907.086,633,447,None,Move,development
1568357907.096,631,455,None,Move,development
1568357907.106,631,461,None,Move,development
1568357907.1160002,629,468,None,Move,development
1568357907.1260002,628,470,None,Move,development
1568357907.1360002,627,478,None,Move,development
1568357907.156,624,489,None,Move,development
1568357907.166,623,492,None,Move,development
1568357907.176,623,499,None,Move,development
1568357907.186,623,501,None,Move,development
1568357907.196,621,503,None,Move,development
1568357907.206,621,504,None,Move,development
1568357907.216,620,506,None,Move,development
1568357907.236,620,506,None,Move,development
1568357907.336,620,508,None,Move,development
1568357907.356,620,508,None,Move,development
1568357907.3660002,620,510,None,Move,development
1568357907.3760002,620,511,None,Move,development
1568357907.3860002,620,512,None,Move,development
1568357907.396,620,514,None,Move,development
1568357907.406,620,517,None,Move,development
1568357907.416,620,518,None,Move,development
1568357907.426,620,521,None,Move,development
1568357907.436,623,526,None,Move,development
1568357907.4529998,623,527,None,Move,development
1568357907.46,625,531,None,Move,development
1568357907.467,626,534,None,Move,development
1568357907.474,626,537,None,Move,development
1568357907.482,628,543,None,Move,development
1568357907.49,628,544,None,Move,development
1568357907.5,630,549,None,Move,development
1568357907.51,631,552,None,Move,development
1568357907.52,633,557,None,Move,development
1568357907.53,633,558,None,Move,development
1568357907.54,634,560,None,Move,development
1568357907.55,635,562,None,Move,development
1568357907.56,635,565,None,Move,development
1568357907.5670002,636,566,None,Move,development
1568357907.577,636,568,None,Move,development
1568357907.587,637,572,None,Move,development
1568357907.597,638,575,None,Move,development
1568357907.607,638,577,None,Move,development
1568357907.617,639,578,None,Move,development
1568357907.627,639,579,None,Move,development
1568357907.637,640,580,None,Move,development
1568357907.657,641,582,None,Move,development
1568357907.846,641,583,None,Move,development
1568357907.8760002,641,583,None,Move,development
1568357908.246,642,583,None,Move,development
1568357908.289,642,583,None,Move,development
1568357908.33,644,583,None,Move,development
1568357908.359,644,583,None,Move,development
1568357908.369,645,582,None,Move,development
1568357908.399,645,582,None,Move,development
1568357908.409,646,581,None,Move,development
1568357908.429,647,580,None,Move,development
1568357908.441,648,578,None,Move,development
1568357908.451,648,578,None,Move,development
1568357908.457,648,577,None,Move,development
1568357908.465,648,577,None,Move,development
1568357908.471,649,576,None,Move,development
1568357908.481,650,576,None,Move,development
1568357908.4989998,650,575,None,Move,development
1568357908.5089998,650,573,None,Move,development
1568357908.519,651,572,None,Move,development
1568357908.529,651,572,None,Move,development
1568357908.579,652,571,None,Move,development
1568357908.589,652,571,None,Move,development
1568357908.599,653,570,None,Move,development
1568357908.619,654,570,None,Move,development
1568357908.629,654,569,None,Move,development
1568357908.639,654,567,None,Move,development
1568357908.649,654,566,None,Move,development
1568357908.659,654,565,None,Move,development
1568357908.669,654,563,None,Move,development
1568357908.679,654,562,None,Move,development
1568357908.689,654,561,None,Move,development
1568357908.699,654,561,None,Move,development
1568357908.709,653,560,None,Move,development
1568357908.719,652,558,None,Move,development
1568357908.729,651,556,None,Move,development
1568357908.7389998,651,556,None,Move,development
1568357908.7489998,650,554,None,Move,development
1568357908.7589998,648,552,None,Move,development
1568357908.769,646,549,None,Move,development
1568357908.779,644,547,None,Move,development
1568357908.789,644,547,None,Move,development
1568357908.799,643,544,None,Move,development
1568357908.809,643,543,None,Move,development
1568357908.819,643,542,None,Move,development
1568357908.829,642,541,None,Move,development
1568357908.839,642,540,None,Move,development
1568357908.849,642,537,None,Move,development
1568357908.859,642,536,None,Move,development
1568357908.869,642,534,None,Move,development
1568357908.879,642,531,None,Move,development
1568357908.889,644,527,None,Move,development
1568357908.899,646,525,None,Move,development
1568357908.909,646,525,None,Move,development
1568357908.919,648,523,None,Move,development
1568357908.929,657,516,None,Move,development
1568357908.939,658,515,None,Move,development
1568357908.949,661,513,None,Move,development
1568357908.959,668,506,None,Move,development
1568357908.968,675,500,None,Move,development
1568357908.978,678,497,None,Move,development
1568357908.988,680,494,None,Move,development
1568357908.998,687,489,None,Move,development
1568357909.008,691,483,None,Move,development
1568357909.019,693,481,None,Move,development
1568357909.029,695,477,None,Move,development
1568357909.039,698,475,None,Move,development
1568357909.049,709,466,None,Move,development
1568357909.059,709,465,None,Move,development
1568357909.069,711,462,None,Move,development
1568357909.079,715,460,None,Move,development
1568357909.089,718,458,None,Move,development
1568357909.099,722,453,None,Move,development
1568357909.109,725,451,None,Move,development
1568357909.119,729,449,None,Move,development
1568357909.129,729,449,None,Move,development
1568357909.139,731,447,None,Move,development
1568357909.149,733,446,None,Move,development
1568357909.158,734,446,None,Move,development
1568357909.168,737,445,None,Move,development
1568357909.178,741,444,None,Move,development
1568357909.188,744,443,None,Move,development
1568357909.198,748,440,None,Move,development
1568357909.208,755,440,None,Move,development
1568357909.218,757,440,None,Move,development
1568357909.228,759,440,None,Move,development
1568357909.238,761,440,None,Move,development
1568357909.248,762,440,None,Move,development
1568357909.258,767,440,None,Move,development
1568357909.268,768,440,None,Move,development
1568357909.278,769,440,None,Move,development
1568357909.288,770,440,None,Move,development
1568357909.298,771,440,None,Move,development
1568357909.3079998,774,440,None,Move,development
1568357909.3179998,775,441,None,Move,development
1568357909.3279998,776,442,None,Move,development
1568357909.3379998,777,443,None,Move,development
1568357909.3479998,778,443,None,Move,development
1568357909.3579998,779,445,None,Move,development
1568357909.3679998,780,446,None,Move,development
1568357909.3779998,781,447,None,Move,development
1568357909.3879998,782,448,None,Move,development
1568357909.3979998,784,449,None,Move,development
1568357909.408,784,450,None,Move,development
1568357909.418,786,452,None,Move,development
1568357909.428,787,453,None,Move,development
1568357909.441,789,454,None,Move,development
1568357909.45,791,455,None,Move,development
1568357909.459,793,458,None,Move,development
1568357909.469,794,459,None,Move,development
1568357909.475,794,459,None,Move,development
1568357909.482,795,460,None,Move,development
1568357909.486,796,460,None,Move,development
1568357909.496,797,461,None,Move,development
1568357909.506,798,463,None,Move,development
1568357909.516,799,464,None,Move,development
1568357909.526,799,465,None,Move,development
1568357909.536,800,465,None,Move,development
1568357909.546,801,466,None,Move,development
1568357909.556,802,467,None,Move,development
1568357909.576,803,468,None,Move,development
1568357909.586,804,469,None,Move,development
1568357909.596,804,470,None,Move,development
1568357909.606,805,470,None,Move,development
1568357909.6160002,806,471,None,Move,development
1568357909.6360002,806,472,None,Move,development
1568357909.646,807,472,None,Move,development
1568357909.656,808,474,None,Move,development
1568357909.666,809,474,None,Move,development
1568357909.676,811,475,None,Move,development
1568357909.686,813,476,None,Move,development
1568357909.696,814,477,None,Move,development
1568357909.706,815,478,None,Move,development
1568357909.716,816,478,None,Move,development
1568357909.726,817,478,None,Move,development
1568357909.736,818,479,None,Move,development
1568357909.746,819,480,None,Move,development
1568357909.756,819,480,None,Move,development
1568357909.766,820,481,None,Move,development
1568357909.776,820,481,None,Move,development
1568357909.786,821,482,None,Move,development
1568357909.796,822,482,None,Move,development
1568357909.806,823,482,None,Move,development
1568357909.816,823,484,None,Move,development
1568357909.826,824,484,None,Move,development
1568357909.846,826,485,None,Move,development
1568357909.856,826,485,None,Move,development
1568357909.8660002,827,486,None,Move,development
1568357909.8760002,828,487,None,Move,development
1568357909.896,828,488,None,Move,development
1568357909.906,828,488,None,Move,development
1568357909.916,828,489,None,Move,development
1568357909.926,829,490,None,Move,development
1568357909.936,829,491,None,Move,development
1568357909.956,829,491,None,Move,development
1568357909.978,830,493,None,Move,development
1568357909.998,830,494,None,Move,development
1568357910.008,830,496,None,Move,development
1568357910.018,831,497,None,Move,development
1568357910.028,832,499,None,Move,development
1568357910.038,832,499,None,Move,development
1568357910.048,833,500,None,Move,development
1568357910.0579998,833,503,None,Move,development
1568357910.0679998,834,503,None,Move,development
1568357910.0779998,834,504,None,Move,development
1568357910.0879998,834,504,None,Move,development
1568357910.0979998,835,506,None,Move,development
1568357910.1079998,836,507,None,Move,development
1568357910.1279998,836,507,None,Move,development
1568357910.1379998,836,508,None,Move,development
1568357910.168,836,509,None,Move,development
1568357910.188,838,510,None,Move,development
1568357910.198,839,511,None,Move,development
1568357910.208,840,512,None,Move,development
1568357910.218,844,516,None,Move,development
1568357910.228,845,516,None,Move,development
1568357910.238,847,519,None,Move,development
1568357910.248,855,526,None,Move,development
1568357910.258,864,534,None,Move,development
1568357910.268,867,539,None,Move,development
1568357910.278,871,544,None,Move,development
1568357910.288,876,550,None,Move,development
1568357910.298,879,556,None,Move,development
1568357910.3079998,886,569,None,Move,development
1568357910.3179998,887,573,None,Move,development
1568357910.3279998,890,582,None,Move,development
1568357910.3379998,894,597,None,Move,development
1568357910.3479998,895,600,None,Move,development
1568357910.3579998,896,606,None,Move,development
1568357910.3679998,897,611,None,Move,development
1568357910.3779998,897,626,None,Move,development
1568357910.3879998,897,627,None,Move,development
1568357910.3979998,897,633,None,Move,development
1568357910.408,897,635,None,Move,development
1568357910.418,893,641,None,Move,development
1568357910.428,892,642,None,Move,development
1568357910.4429998,891,643,None,Move,development
1568357910.449,888,644,None,Move,development
1568357910.459,888,645,None,Move,development
1568357910.469,885,646,None,Move,development
1568357910.479,885,646,None,Move,development
1568357910.484,884,647,None,Move,development
1568357910.485,882,647,None,Move,development
1568357910.495,882,647,None,Move,development
1568357910.505,881,647,None,Move,development
1568357910.515,880,647,None,Move,development
1568357910.525,878,647,None,Move,development
1568357910.535,877,647,None,Move,development
1568357910.545,877,647,None,Move,development
1568357910.555,876,647,None,Move,development
1568357910.565,875,647,None,Move,development
1568357910.575,874,647,None,Move,development
1568357910.585,872,647,None,Move,development
1568357910.595,871,647,None,Move,development
1568357910.605,870,647,None,Move,development
1568357910.615,867,646,None,Move,development
1568357910.625,866,644,None,Move,development
1568357910.635,865,644,None,Move,development
1568357910.645,864,644,None,Move,development
1568357910.655,861,643,None,Move,development
1568357910.665,859,643,None,Move,development
1568357910.675,858,643,None,Move,development
1568357910.685,857,641,None,Move,development
1568357910.695,855,639,None,Move,development
1568357910.705,853,637,None,Move,development
1568357910.715,853,637,None,Move,development
1568357910.725,850,635,None,Move,development
1568357910.735,846,632,None,Move,development
1568357910.745,845,630,None,Move,development
1568357910.755,844,629,None,Move,development
1568357910.765,842,627,None,Move,development
1568357910.775,840,625,None,Move,development
1568357910.785,837,621,None,Move,development
1568357910.795,836,620,None,Move,development
1568357910.805,834,619,None,Move,development
1568357910.815,831,614,None,Move,development
1568357910.825,830,612,None,Move,development
1568357910.835,828,609,None,Move,development
1568357910.845,827,607,None,Move,development
1568357910.855,824,601,None,Move,development
1568357910.865,822,598,None,Move,development
1568357910.875,821,598,None,Move,development
1568357910.885,821,594,None,Move,development
1568357910.895,818,588,None,Move,development
1568357910.905,815,578,None,Move,development
1568357910.915,814,577,None,Move,development
1568357910.925,813,572,None,Move,development
1568357910.935,806,559,None,Move,development
1568357910.945,800,548,None,Move,development
1568357910.955,799,547,None,Move,development
1568357910.965,798,541,None,Move,development
1568357910.975,791,532,None,Move,development
1568357910.985,787,522,None,Move,development
1568357910.995,787,521,None,Move,development
1568357911.005,784,516,None,Move,development
1568357911.015,779,503,None,Move,development
1568357911.025,770,486,None,Move,development
1568357911.035,767,481,None,Move,development
1568357911.045,764,473,None,Move,development
1568357911.055,757,460,None,Move,development
1568357911.065,743,435,None,Move,development
1568357911.075,740,430,None,Move,development
1568357911.085,734,420,None,Move,development
1568357911.095,727,410,None,Move,development
1568357911.105,712,389,None,Move,development
1568357911.115,711,385,None,Move,development
1568357911.125,707,378,None,Move,development
1568357911.135,701,371,None,Move,development
1568357911.145,696,363,None,Move,development
1568357911.155,688,352,None,Move,development
1568357911.165,681,342,None,Move,development
1568357911.175,674,334,None,Move,development
1568357911.185,666,325,None,Move,development
1568357911.195,653,310,None,Move,development
1568357911.205,642,298,None,Move,development
1568357911.215,637,292,None,Move,development
1568357911.225,636,290,None,Move,development
1568357911.235,632,282,None,Move,development
1568357911.245,630,278,None,Move,development
1568357911.255,629,275,None,Move,development
1568357911.265,627,270,None,Move,development
1568357911.275,623,262,None,Move,development
1568357911.285,620,257,None,Move,development
1568357911.295,617,254,None,Move,development
1568357911.305,612,249,None,Move,development
1568357911.315,604,236,None,Move,development
1568357911.325,594,227,None,Move,development
1568357911.335,589,222,None,Move,development
1568357911.345,584,217,None,Move,development
1568357911.355,575,209,None,Move,development
1568357911.365,570,205,None,Move,development
1568357911.375,563,199,None,Move,development
1568357911.385,562,197,None,Move,development
1568357911.395,558,193,None,Move,development
1568357911.405,556,190,None,Move,development
1568357911.415,551,186,None,Move,development
1568357911.425,549,184,None,Move,development
1568357911.435,544,178,None,Move,development
1568357911.452,540,174,None,Move,development
1568357911.46,533,169,None,Move,development
1568357911.467,530,166,None,Move,development
1568357911.4770002,526,161,None,Move,development
1568357911.4829998,525,160,None,Move,development
1568357911.4929998,521,158,None,Move,development
1568357911.498,520,157,None,Move,development
1568357911.508,515,151,None,Move,development
1568357911.518,514,150,None,Move,development
1568357911.528,513,146,None,Move,development
1568357911.538,512,145,None,Move,development
1568357911.548,511,143,None,Move,development
1568357911.5579998,511,141,None,Move,development
1568357911.5679998,508,139,None,Move,development
1568357911.5779998,508,138,None,Move,development
1568357911.585,507,137,None,Move,development
1568357911.595,506,135,None,Move,development
1568357911.615,506,132,None,Move,development
1568357911.635,506,132,None,Move,development
1568357911.655,506,131,None,Move,development
1568357911.665,505,130,None,Move,development
1568357911.675,504,128,None,Move,development
1568357911.685,504,127,None,Move,development
1568357911.695,504,127,None,Move,development
1568357911.705,504,125,None,Move,development
1568357911.715,503,125,None,Move,development
1568357911.835,503,124,None,Move,development
1568357911.845,502,123,None,Move,development
1568357911.875,500,122,None,Move,development
1568357911.895,500,122,None,Move,development
1568357911.905,499,121,None,Move,development
1568357911.915,498,120,None,Move,development
1568357911.925,496,119,None,Move,development
1568357911.935,496,118,None,Move,development
1568357911.945,495,117,None,Move,development
1568357911.955,494,117,None,Move,development
1568357911.965,494,116,None,Move,development
1568357911.985,493,115,None,Move,development
1568357911.995,493,115,None,Move,development
1568357912.005,492,114,None,Move,development
1568357912.015,492,114,None,Move,development
1568357912.025,491,113,None,Move,development
1568357912.035,489,110,None,Move,development
1568357912.055,489,110,None,Move,development
1568357912.065,488,109,None,Move,development
1568357912.105,488,108,None,Move,development
1568357912.125,488,108,None,Move,development
1568357912.145,489,106,None,Move,development
1568357912.165,489,106,None,Move,development
1568357912.185,489,105,None,Move,development
1568357912.205,489,105,None,Move,development
1568357912.215,489,104,None,Move,development
1568357912.245,489,103,None,Move,development
1568357912.325,489,103,None,Move,development
1568357912.335,489,100,None,Move,development
1568357912.355,489,100,None,Move,development
1568357912.365,489,99,None,Move,development
1568357912.385,489,97,None,Move,development
1568357912.405,489,94,None,Move,development
1568357912.415,489,93,None,Move,development
1568357912.425,489,92,None,Move,development
1568357912.435,489,91,None,Move,development
1568357912.45,489,90,None,Move,development
1568357912.455,489,89,None,Move,development
1568357912.461,489,88,None,Move,development
1568357912.467,489,87,None,Move,development
1568357912.475,489,87,None,Move,development
1568357912.485,489,84,None,Move,development
1568357912.5270002,489,84,Left,Pressed,development
1568357912.695,489,84,Left,Released,development
1568357912.965,489,83,None,Move,development
1568357912.975,489,84,None,Move,development
1568357912.985,490,85,None,Move,development
1568357912.995,492,88,None,Move,development
1568357913.015,500,96,None,Move,development
1568357913.035,504,102,None,Move,development
1568357913.045,506,105,None,Move,development
1568357913.055,511,111,None,Move,development
1568357913.065,515,115,None,Move,development
1568357913.071,520,122,None,Move,development
1568357913.079,524,127,None,Move,development
1568357913.099,535,140,None,Move,development
1568357913.119,553,160,None,Move,development
1568357913.139,569,174,None,Move,development
1568357913.159,585,183,None,Move,development
1568357913.169,609,202,None,Move,development
1568357913.179,613,203,None,Move,development
1568357913.189,630,213,None,Move,development
1568357913.199,637,216,None,Move,development
1568357913.219,657,226,None,Move,development
1568357913.229,666,229,None,Move,development
1568357913.2389998,675,232,None,Move,development
1568357913.2489998,683,234,None,Move,development
1568357913.269,722,246,None,Move,development
1568357913.299,751,252,None,Move,development
1568357913.329,778,256,None,Move,development
1568357913.339,791,259,None,Move,development
1568357913.349,802,261,None,Move,development
1568357913.379,816,262,None,Move,development
1568357913.389,823,262,None,Move,development
1568357913.399,827,262,None,Move,development
1568357913.409,837,262,None,Move,development
1568357913.419,839,262,None,Move,development
1568357913.439,849,262,None,Move,development
1568357913.478,855,262,None,Move,development
1568357913.4910002,857,262,None,Move,development
1568357913.5110002,857,262,None,Move,development
1568357913.541,858,262,None,Move,development
1568357913.551,859,262,None,Move,development
1568357913.571,860,260,None,Move,development
1568357913.581,860,260,None,Move,development
1568357913.591,860,259,None,Move,development
1568357913.6,860,258,None,Move,development
1568357913.6020002,860,255,None,Move,development
1568357913.6120002,859,252,None,Move,development
1568357913.63,859,252,None,Move,development
1568357913.6420002,852,244,None,Move,development
1568357913.6520002,847,238,None,Move,development
1568357913.67,844,237,None,Move,development
1568357913.6920002,842,234,None,Move,development
1568357913.702,840,232,None,Move,development
1568357913.712,839,232,None,Move,development
1568357913.7329998,836,230,None,Move,development
1568357913.7429998,833,227,None,Move,development
1568357913.7629998,830,225,None,Move,development
1568357913.7729998,828,222,None,Move,development
1568357913.783,827,222,None,Move,development
1568357913.823,827,222,None,Move,development
1568357913.843,826,222,None,Move,development
1568357913.854,826,221,None,Move,development
1568357913.8639998,825,221,None,Move,development
1568357913.8739998,824,221,None,Move,development
1568357913.904,820,219,None,Move,development
1568357913.9220002,820,219,None,Move,development
1568357913.934,819,218,None,Move,development
1568357913.952,818,218,None,Move,development
1568357913.975,817,217,None,Move,development
1568357913.985,817,216,None,Move,development
1568357913.995,816,216,None,Move,development
1568357914.005,815,216,None,Move,development
1568357914.016,815,216,None,Move,development
1568357914.026,814,216,None,Move,development
1568357914.044,813,216,None,Move,development
1568357914.054,812,216,None,Move,development
1568357914.064,812,216,None,Move,development
1568357914.084,811,216,None,Move,development
1568357914.111,811,216,None,Move,development
1568357914.181,810,216,None,Move,development
1568357914.201,809,216,None,Move,development
1568357914.221,809,216,None,Move,development
1568357914.2410002,809,218,None,Move,development
1568357914.2510002,809,218,None,Move,development
1568357914.2610002,809,219,None,Move,development
1568357914.271,809,222,None,Move,development
1568357914.281,810,223,None,Move,development
1568357914.301,816,228,None,Move,development
1568357914.311,818,229,None,Move,development
1568357914.321,822,230,None,Move,development
1568357914.331,823,231,None,Move,development
1568357914.341,827,234,None,Move,development
1568357914.351,832,237,None,Move,development
1568357914.361,834,239,None,Move,development
1568357914.371,837,243,None,Move,development
1568357914.381,842,247,None,Move,development
1568357914.391,844,250,None,Move,development
1568357914.401,850,261,None,Move,development
1568357914.411,852,266,None,Move,development
1568357914.421,855,275,None,Move,development
1568357914.431,855,279,None,Move,development
1568357914.454,861,298,None,Move,development
1568357914.464,863,310,None,Move,development
1568357914.472,864,312,None,Move,development
1568357914.485,867,321,None,Move,development
1568357914.494,868,324,None,Move,development
1568357914.504,869,329,None,Move,development
1568357914.5129998,869,331,None,Move,development
1568357914.5229998,869,331,None,Move,development
1568357914.533,869,334,None,Move,development
1568357914.543,869,338,None,Move,development
1568357914.553,869,342,None,Move,development
1568357914.563,869,344,None,Move,development
1568357914.573,868,348,None,Move,development
1568357914.583,866,355,None,Move,development
1568357914.591,865,361,None,Move,development
1568357914.605,864,365,None,Move,development
1568357914.615,863,366,None,Move,development
1568357914.625,863,372,None,Move,development
1568357914.635,863,374,None,Move,development
1568357914.645,861,377,None,Move,development
1568357914.654,859,379,None,Move,development
1568357914.664,859,380,None,Move,development
1568357914.666,859,383,None,Move,development
1568357914.674,858,383,None,Move,development
1568357914.684,858,384,None,Move,development
1568357914.694,858,384,None,Move,development
1568357914.704,858,385,None,Move,development
1568357914.714,857,386,None,Move,development
1568357914.744,857,387,None,Move,development
1568357914.844,856,388,None,Move,development
1568357914.894,857,388,None,Move,development
1568357914.914,859,388,None,Move,development
1568357914.924,861,385,None,Move,development
1568357914.934,861,382,None,Move,development
1568357914.944,861,378,None,Move,development
1568357914.954,861,376,None,Move,development
1568357914.9629998,861,373,None,Move,development
1568357914.9729998,861,368,None,Move,development
1568357914.9829998,861,365,None,Move,development
1568357914.9929998,861,363,None,Move,development
1568357915.0029998,861,361,None,Move,development
1568357915.014,859,359,None,Move,development
1568357915.024,859,358,None,Move,development
1568357915.033,856,351,None,Move,development
1568357915.043,853,347,None,Move,development
1568357915.053,851,340,None,Move,development
1568357915.063,847,331,None,Move,development
1568357915.073,846,330,None,Move,development
1568357915.083,843,326,None,Move,development
1568357915.093,838,318,None,Move,development
1568357915.103,835,313,None,Move,development
1568357915.113,834,312,None,Move,development
1568357915.123,833,309,None,Move,development
1568357915.133,830,306,None,Move,development
1568357915.143,830,305,None,Move,development
1568357915.153,829,304,None,Move,development
1568357915.163,828,301,None,Move,development
1568357915.173,828,299,None,Move,development
1568357915.1829998,826,295,None,Move,development
1568357915.1929998,826,294,None,Move,development
1568357915.2029998,826,293,None,Move,development
1568357915.2129998,823,287,None,Move,development
1568357915.2229998,822,284,None,Move,development
1568357915.2329998,821,282,None,Move,development
1568357915.2429998,821,281,None,Move,development
1568357915.2629998,821,280,None,Move,development
1568357915.283,821,276,None,Move,development
1568357915.313,821,275,None,Move,development
1568357915.323,821,274,None,Move,development
1568357915.333,821,273,None,Move,development
1568357915.343,821,271,None,Move,development
1568357915.353,821,271,None,Move,development
1568357915.363,821,270,None,Move,development
1568357915.373,822,269,None,Move,development
1568357915.383,823,269,None,Move,development
1568357915.393,823,268,None,Move,development
1568357915.403,825,267,None,Move,development
1568357915.413,828,265,None,Move,development
1568357915.423,831,264,None,Move,development
1568357915.4329998,833,264,None,Move,development
1568357915.448,833,264,None,Move,development
1568357915.454,834,264,None,Move,development
1568357915.461,836,264,None,Move,development
1568357915.471,838,263,None,Move,development
1568357915.4770002,840,263,None,Move,development
1568357915.4870002,841,262,None,Move,development
1568357915.4910002,843,262,None,Move,development
1568357915.494,845,262,None,Move,development
1568357915.504,849,262,None,Move,development
1568357915.514,849,262,None,Move,development
1568357915.524,851,262,None,Move,development
1568357915.534,854,262,None,Move,development
1568357915.544,859,262,None,Move,development
1568357915.554,860,262,None,Move,development
1568357915.564,862,262,None,Move,development
1568357915.574,864,262,None,Move,development
1568357915.583,870,262,None,Move,development
1568357915.593,872,262,None,Move,development
1568357915.603,874,262,None,Move,development
1568357915.613,878,262,None,Move,development
1568357915.623,884,262,None,Move,development
1568357915.633,886,262,None,Move,development
1568357915.644,889,262,None,Move,development
1568357915.654,893,262,None,Move,development
1568357915.674,900,262,None,Move,development
1568357915.684,905,263,None,Move,development
1568357915.694,909,263,None,Move,development
1568357915.704,911,265,None,Move,development
1568357915.714,917,266,None,Move,development
1568357915.7229998,919,267,None,Move,development
1568357915.7329998,921,268,None,Move,development
1568357915.7429998,924,269,None,Move,development
1568357915.7529998,926,272,None,Move,development
1568357915.7629998,931,275,None,Move,development
1568357915.7729998,933,275,None,Move,development
1568357915.783,934,277,None,Move,development
1568357915.793,936,279,None,Move,development
1568357915.803,938,280,None,Move,development
1568357915.813,938,281,None,Move,development
1568357915.823,940,282,None,Move,development
1568357915.833,942,283,None,Move,development
1568357915.843,944,285,None,Move,development
1568357915.853,945,286,None,Move,development
1568357915.863,945,287,None,Move,development
1568357915.873,947,289,None,Move,development
1568357915.883,949,292,None,Move,development
1568357915.893,950,294,None,Move,development
1568357915.903,951,296,None,Move,development
1568357915.913,952,299,None,Move,development
1568357915.923,954,301,None,Move,development
1568357915.9329998,955,304,None,Move,development
1568357915.9429998,955,306,None,Move,development
1568357915.9529998,956,308,None,Move,development
1568357915.9629998,958,311,None,Move,development
1568357915.9729998,958,312,None,Move,development
1568357915.9829998,959,314,None,Move,development
1568357915.9929998,960,318,None,Move,development
1568357916.0029998,961,319,None,Move,development
1568357916.0129998,961,320,None,Move,development
1568357916.0229998,962,323,None,Move,development
1568357916.033,962,325,None,Move,development
1568357916.043,963,327,None,Move,development
1568357916.053,963,329,None,Move,development
1568357916.063,965,331,None,Move,development
1568357916.073,965,333,None,Move,development
1568357916.093,965,335,None,Move,development
1568357916.103,965,338,None,Move,development
1568357916.113,965,340,None,Move,development
1568357916.123,965,341,None,Move,development
1568357916.133,965,342,None,Move,development
1568357916.143,965,344,None,Move,development
1568357916.153,965,347,None,Move,development
1568357916.163,965,348,None,Move,development
1568357916.173,965,349,None,Move,development
1568357916.1829998,965,351,None,Move,development
1568357916.1929998,965,354,None,Move,development
1568357916.2029998,965,354,None,Move,development
1568357916.2129998,965,355,None,Move,development
1568357916.2229998,965,359,None,Move,development
1568357916.2329998,964,363,None,Move,development
1568357916.2429998,964,364,None,Move,development
1568357916.2529998,964,364,None,Move,development
1568357916.2629998,964,369,None,Move,development
1568357916.2729998,963,373,None,Move,development
1568357916.283,962,373,None,Move,development
1568357916.293,962,375,None,Move,development
1568357916.303,962,376,None,Move,development
1568357916.313,962,379,None,Move,development
1568357916.323,962,380,None,Move,development
1568357916.333,962,382,None,Move,development
1568357916.343,962,382,None,Move,development
1568357916.353,962,385,None,Move,development
1568357916.363,962,385,None,Move,development
1568357916.373,962,386,None,Move,development
1568357916.383,962,388,None,Move,development
1568357916.396,962,390,None,Move,development
1568357916.406,960,392,None,Move,development
1568357916.414,960,392,None,Move,development
1568357916.416,959,393,None,Move,development
1568357916.427,956,394,None,Move,development
1568357916.437,952,396,None,Move,development
1568357916.96,952,397,None,Move,development
1568357916.98,952,397,None,Move,development
1568357917.0,953,397,None,Move,development
1568357917.02,953,397,None,Move,development
1568357917.03,952,395,None,Move,development
1568357917.05,951,395,None,Move,development
1568357917.06,951,393,None,Move,development
1568357917.07,949,392,None,Move,development
1568357917.08,949,391,None,Move,development
1568357917.09,948,391,None,Move,development
1568357917.1,948,390,None,Move,development
1568357917.11,948,388,None,Move,development
1568357917.12,947,387,None,Move,development
1568357917.13,946,385,None,Move,development
1568357917.14,946,383,None,Move,development
1568357917.15,945,381,None,Move,development
1568357917.16,945,381,None,Move,development
1568357917.17,945,378,None,Move,development
1568357917.18,944,374,None,Move,development
1568357917.19,943,370,None,Move,development
1568357917.2,942,367,None,Move,development
1568357917.21,941,364,None,Move,development
1568357917.22,941,357,None,Move,development
1568357917.23,939,353,None,Move,development
1568357917.24,939,348,None,Move,development
1568357917.25,937,344,None,Move,development
1568357917.26,933,335,None,Move,development
1568357917.27,929,330,None,Move,development
1568357917.28,927,327,None,Move,development
1568357917.29,925,323,None,Move,development
1568357917.3,925,321,None,Move,development
1568357917.31,923,318,None,Move,development
1568357917.32,923,317,None,Move,development
1568357917.33,923,315,None,Move,development
1568357917.34,922,311,None,Move,development
1568357917.35,921,309,None,Move,development
1568357917.36,920,307,None,Move,development
1568357917.37,920,305,None,Move,development
1568357917.38,920,303,None,Move,development
1568357917.4,918,299,None,Move,development
1568357917.41,918,298,None,Move,development
1568357917.42,918,297,None,Move,development
1568357917.43,918,295,None,Move,development
1568357917.445,919,293,None,Move,development
1568357917.4529998,920,292,None,Move,development
1568357917.4629998,922,290,None,Move,development
1568357917.472,923,288,None,Move,development
1568357917.479,926,285,None,Move,development
1568357917.485,928,283,None,Move,development
1568357917.4870002,929,281,None,Move,development
1568357917.4970002,935,277,None,Move,development
1568357917.5070002,936,276,None,Move,development
1568357917.5170002,943,274,None,Move,development
1568357917.5270002,951,269,None,Move,development
1568357917.5370002,961,267,None,Move,development
1568357917.5470002,965,265,None,Move,development
1568357917.5570002,968,263,None,Move,development
1568357917.5670002,980,258,None,Move,development
1568357917.577,987,253,None,Move,development
1568357917.587,992,251,None,Move,development
1568357917.597,995,251,None,Move,development
1568357917.607,1007,248,None,Move,development
1568357917.617,1017,243,None,Move,development
1568357917.627,1020,243,None,Move,development
1568357917.637,1026,243,None,Move,development
1568357917.647,1043,241,None,Move,development
1568357917.657,1058,238,None,Move,development
1568357917.667,1061,237,None,Move,development
1568357917.677,1072,237,None,Move,development
1568357917.687,1090,235,None,Move,development
1568357917.707,1101,234,None,Move,development
1568357917.9970002,1102,234,None,Move,development
1568357918.0170002,1104,234,None,Move,development
1568357918.0370002,1106,234,None,Move,development
1568357918.0570002,1107,234,None,Move,development
1568357918.0670002,1108,234,None,Move,development
1568357918.087,1110,234,None,Move,development
1568357918.107,1111,234,None,Move,development
1568357918.117,1113,234,None,Move,development
1568357918.147,1115,234,None,Move,development
1568357918.157,1115,234,None,Move,development
1568357918.2270002,1116,234,None,Move,development
1568357918.2370002,1116,234,None,Move,development
1568357918.2870002,1117,234,None,Move,development
1568357918.2970002,1118,234,None,Move,development
1568357918.3070002,1119,234,None,Move,development
1568357918.3170002,1120,234,None,Move,development
1568357918.327,1122,232,None,Move,development
1568357918.337,1123,232,None,Move,development
1568357918.347,1124,230,None,Move,development
1568357918.357,1125,230,None,Move,development
1568357918.367,1126,229,None,Move,development
1568357918.377,1126,229,None,Move,development
1568357918.387,1128,227,None,Move,development
1568357918.397,1129,226,None,Move,development
1568357918.407,1130,224,None,Move,development
1568357918.417,1130,221,None,Move,development
1568357918.427,1132,217,None,Move,development
1568357918.437,1133,216,None,Move,development
1568357918.447,1135,211,None,Move,development
1568357918.454,1135,210,None,Move,development
1568357918.4629998,1136,207,None,Move,development
1568357918.468,1138,201,None,Move,development
1568357918.4770002,1138,195,None,Move,development
1568357918.485,1138,183,None,Move,development
1568357918.495,1134,173,None,Move,development
1568357918.505,1128,164,None,Move,development
1568357918.515,1121,157,None,Move,development
1568357918.525,1111,150,None,Move,development
1568357918.535,1104,148,None,Move,development
1568357918.545,1098,147,None,Move,development
1568357918.555,1092,145,None,Move,development
1568357918.565,1079,144,None,Move,development
1568357918.575,1066,142,None,Move,development
1568357918.585,1057,140,None,Move,development
1568357918.595,1047,140,None,Move,development
1568357918.605,1034,138,None,Move,development
1568357918.625,1024,138,None,Move,development
1568357918.635,999,138,None,Move,development
1568357918.645,978,138,None,Move,development
1568357918.655,974,138,None,Move,development
1568357918.665,965,138,None,Move,development
1568357918.675,945,138,None,Move,development
1568357918.685,929,138,None,Move,development
1568357918.695,926,138,None,Move,development
1568357918.705,919,138,None,Move,development
1568357918.715,902,140,None,Move,development
1568357918.725,887,144,None,Move,development
1568357918.735,884,144,None,Move,development
1568357918.745,877,146,None,Move,development
1568357918.755,859,150,None,Move,development
1568357918.765,841,154,None,Move,development
1568357918.775,838,155,None,Move,development
1568357918.785,830,155,None,Move,development
1568357918.795,811,157,None,Move,development
1568357918.805,797,158,None,Move,development
1568357918.815,794,159,None,Move,development
1568357918.825,785,160,None,Move,development
1568357918.835,769,164,None,Move,development
1568357918.845,759,167,None,Move,development
1568357918.855,754,168,None,Move,development
1568357918.865,748,172,None,Move,development
1568357918.875,734,175,None,Move,development
1568357918.885,724,177,None,Move,development
1568357918.895,720,178,None,Move,development
1568357918.905,713,179,None,Move,development
1568357918.915,697,180,None,Move,development
1568357918.925,685,181,None,Move,development
1568357918.935,684,181,None,Move,development
1568357918.945,678,181,None,Move,development
1568357918.955,669,182,None,Move,development
1568357918.965,662,182,None,Move,development
1568357918.975,661,182,None,Move,development
1568357918.985,659,182,None,Move,development
1568357918.995,653,182,None,Move,development
1568357919.005,650,182,None,Move,development
1568357919.015,649,182,None,Move,development
1568357919.025,644,182,None,Move,development
1568357919.035,635,182,None,Move,development
1568357919.045,625,182,None,Move,development
1568357919.055,622,182,None,Move,development
1568357919.065,616,181,None,Move,development
1568357919.075,603,178,None,Move,development
1568357919.085,592,175,None,Move,development
1568357919.095,591,175,None,Move,development
1568357919.105,585,174,None,Move,development
1568357919.115,572,171,None,Move,development
1568357919.125,561,169,None,Move,development
1568357919.135,559,168,None,Move,development
1568357919.145,554,167,None,Move,development
1568357919.155,548,165,None,Move,development
1568357919.165,527,156,None,Move,development
1568357919.175,525,155,None,Move,development
1568357919.185,520,154,None,Move,development
1568357919.195,514,150,None,Move,development
1568357919.205,508,147,None,Move,development
1568357919.215,502,143,None,Move,development
1568357919.225,495,138,None,Move,development
1568357919.235,493,136,None,Move,development
1568357919.245,490,133,None,Move,development
1568357919.255,482,126,None,Move,development
1568357919.265,478,123,None,Move,development
1568357919.275,473,117,None,Move,development
1568357919.285,473,115,None,Move,development
1568357919.295,471,114,None,Move,development
1568357919.305,470,109,None,Move,development
1568357919.315,469,108,None,Move,development
1568357919.325,469,107,None,Move,development
1568357919.335,469,105,None,Move,development
1568357919.345,468,102,None,Move,development
1568357919.355,468,101,None,Move,development
1568357919.365,467,99,None,Move,development
1568357919.375,466,96,None,Move,development
1568357919.385,466,94,None,Move,development
1568357919.395,465,91,None,Move,development
1568357919.405,464,91,None,Move,development
1568357919.415,464,89,None,Move,development
1568357919.425,463,89,None,Move,development
1568357919.435,462,88,None,Move,development
1568357919.461,462,88,None,Move,development
1568357919.481,461,87,None,Move,development
1568357919.485,461,86,None,Move,development
1568357919.495,460,85,None,Move,development
1568357919.505,460,85,None,Move,development
1568357919.515,459,85,None,Move,development
1568357919.525,458,84,None,Move,development
1568357919.555,456,84,None,Move,development
1568357919.565,454,84,None,Move,development
1568357919.575,453,84,None,Move,development
1568357919.585,451,84,None,Move,development
1568357919.595,449,84,None,Move,development
1568357919.605,447,84,None,Move,development
1568357919.615,441,83,None,Move,development
1568357919.625,436,83,None,Move,development
1568357919.635,434,82,None,Move,development
1568357919.645,429,81,None,Move,development
1568357919.655,424,79,None,Move,development
1568357919.665,419,79,None,Move,development
1568357919.675,417,79,None,Move,development
1568357919.685,414,79,None,Move,development
1568357919.695,411,79,None,Move,development
1568357919.705,409,79,None,Move,development
1568357919.715,407,79,None,Move,development
1568357919.725,405,79,None,Move,development
1568357919.735,403,79,None,Move,development
1568357919.745,402,79,None,Move,development
1568357919.755,401,79,None,Move,development
1568357919.765,401,79,None,Move,development
1568357919.775,400,79,None,Move,development
1568357919.785,400,79,None,Move,development
1568357919.795,399,79,None,Move,development
1568357919.815,398,79,None,Move,development
1568357919.835,398,79,None,Move,development
1568357919.895,397,79,None,Move,development
1568357919.955,397,79,None,Move,development
1568357919.975,394,79,None,Move,development
1568357919.995,394,79,None,Move,development
1568357920.005,393,79,None,Move,development
1568357920.025,392,79,None,Move,development
1568357920.035,391,80,None,Move,development
1568357920.394,391,80,Left,Pressed,development
1568357920.564,391,80,Left,Released,development
1568357920.794,391,80,None,Move,development
1568357920.944,391,80,None,Move,development
1568357921.034,391,81,None,Move,development
1568357921.054,392,81,None,Move,development
1568357921.064,392,81,None,Move,development
1568357921.074,394,81,None,Move,development
1568357921.094,396,81,None,Move,development
1568357921.104,396,81,None,Move,development
1568357921.1139998,399,82,None,Move,development
1568357921.1239998,402,82,None,Move,development
1568357921.1339998,405,83,None,Move,development
1568357921.144,407,84,None,Move,development
1568357921.154,410,85,None,Move,development
1568357921.164,414,85,None,Move,development
1568357921.174,418,86,None,Move,development
1568357921.184,422,86,None,Move,development
1568357921.194,427,87,None,Move,development
1568357921.204,436,87,None,Move,development
1568357921.214,444,90,None,Move,development
1568357921.224,454,90,None,Move,development
1568357921.234,463,92,None,Move,development
1568357921.244,482,95,None,Move,development
1568357921.254,492,96,None,Move,development
1568357921.264,502,97,None,Move,development
1568357921.274,517,98,None,Move,development
1568357921.284,546,104,None,Move,development
1568357921.294,553,105,None,Move,development
1568357921.304,583,109,None,Move,development
1568357921.314,602,113,None,Move,development
1568357921.324,639,120,None,Move,development
1568357921.334,661,124,None,Move,development
1568357921.344,682,128,None,Move,development
1568357921.354,700,130,None,Move,development
1568357921.3639998,742,136,None,Move,development
1568357921.3739998,769,139,None,Move,development
1568357921.3839998,788,139,None,Move,development
1568357921.394,803,142,None,Move,development
1568357921.404,839,143,None,Move,development
1568357921.414,846,143,None,Move,development
1568357921.424,883,143,None,Move,development
1568357921.434,908,143,None,Move,development
1568357921.449,946,143,None,Move,development
1568357921.454,954,143,None,Move,development
1568357921.4629998,970,143,None,Move,development
1568357921.469,989,143,None,Move,development
1568357921.479,1004,143,None,Move,development
1568357921.4889998,1032,143,None,Move,development
1568357921.494,1038,143,None,Move,development
1568357921.496,1057,143,None,Move,development
1568357921.506,1076,143,None,Move,development
1568357921.516,1093,143,None,Move,development
1568357921.524,1118,143,None,Move,development
1568357921.534,1123,142,None,Move,development
1568357921.544,1136,141,None,Move,development
1568357921.554,1159,138,None,Move,development
1568357921.564,1176,136,None,Move,development
1568357921.574,1179,135,None,Move,development
1568357921.584,1186,134,None,Move,development
1568357921.594,1197,131,None,Move,development
1568357921.604,1204,129,None,Move,development
1568357921.6139998,1205,129,None,Move,development
1568357921.6239998,1207,128,None,Move,development
1568357921.6339998,1211,125,None,Move,development
1568357921.644,1213,124,None,Move,development
1568357921.654,1214,123,None,Move,development
1568357921.664,1215,122,None,Move,development
1568357921.674,1217,119,None,Move,development
1568357921.684,1217,118,None,Move,development
1568357921.714,1217,118,None,Move,development
1568357921.724,1217,117,None,Move,development
1568357921.744,1217,117,None,Move,development
1568357921.764,1216,117,None,Move,development
1568357921.814,1216,117,None,Move,development
1568357921.964,1216,117,None,Move,development
1568357921.984,1215,120,None,Move,development
1568357922.214,1217,120,None,Move,development
1568357922.2329998,1219,120,None,Move,development
1568357922.2429998,1219,120,None,Move,development
1568357922.2629998,1221,122,None,Move,development
1568357922.283,1221,123,None,Move,development
1568357922.293,1222,125,None,Move,development
1568357922.303,1222,126,None,Move,development
1568357922.313,1222,127,None,Move,development
1568357922.323,1223,128,None,Move,development
1568357922.333,1223,130,None,Move,development
1568357922.343,1223,132,None,Move,development
1568357922.353,1224,132,None,Move,development
1568357922.363,1224,133,None,Move,development
1568357922.393,1225,134,None,Move,development
1568357922.4329998,1225,135,None,Move,development
1568357922.446,1225,136,None,Move,development
1568357922.461,1223,138,None,Move,development
1568357922.4829998,1222,139,None,Move,development
1568357922.494,1222,139,None,Move,development
1568357922.504,1221,140,None,Move,development
1568357922.643,1221,140,None,Move,development
1568357922.663,1220,140,None,Move,development
1568357922.673,1220,140,None,Move,development
1568357922.7129998,1219,140,None,Move,development
1568357922.7329998,1217,140,None,Move,development
1568357922.7529998,1216,140,None,Move,development
1568357922.7629998,1214,140,None,Move,development
1568357922.7729998,1214,140,None,Move,development
1568357922.883,1213,140,None,Move,development
1568357922.9329998,1213,140,None,Move,development
1568357922.9529998,1212,140,None,Move,development
1568357923.103,1212,139,None,Move,development
1568357924.052,1211,139,None,Move,development
1568357924.072,1210,139,None,Move,development
1568357924.092,1210,139,None,Move,development
1568357924.1220002,1209,139,None,Move,development
1568357924.1420002,1208,139,None,Move,development
1568357924.1820002,1206,139,None,Move,development
1568357924.222,1205,139,None,Move,development
1568357924.262,1205,139,None,Move,development
1568357924.272,1204,139,None,Move,development
1568357924.292,1204,140,None,Move,development
1568357924.302,1203,140,None,Move,development
1568357924.322,1202,140,None,Move,development
1568357924.4020002,1202,140,None,Move,development
1568357924.4120002,1201,140,None,Move,development
1568357924.4320002,1201,140,None,Move,development
1568357924.45,1200,140,None,Move,development
1568357924.46,1200,140,None,Move,development
1568357924.47,1197,142,None,Move,development
1568357924.481,1197,142,None,Move,development
1568357924.4910002,1196,142,None,Move,development
1568357924.5010002,1195,142,None,Move,development
1568357924.5110002,1193,143,None,Move,development
1568357924.521,1192,143,None,Move,development
1568357924.531,1190,144,None,Move,development
1568357924.541,1189,144,None,Move,development
1568357924.551,1186,145,None,Move,development
1568357924.561,1186,146,None,Move,development
1568357924.571,1184,146,None,Move,development
1568357924.581,1183,146,None,Move,development
1568357924.591,1182,148,None,Move,development
1568357924.601,1181,148,None,Move,development
1568357924.611,1177,150,None,Move,development
1568357924.621,1172,151,None,Move,development
1568357924.631,1172,151,None,Move,development
1568357924.641,1169,152,None,Move,development
1568357924.651,1160,156,None,Move,development
1568357924.661,1153,158,None,Move,development
1568357924.671,1152,158,None,Move,development
1568357924.681,1147,160,None,Move,development
1568357924.691,1137,164,None,Move,development
1568357924.701,1126,169,None,Move,development
1568357924.711,1125,170,None,Move,development
1568357924.721,1117,174,None,Move,development
1568357924.731,1096,194,None,Move,development
1568357924.771,1042,231,None,Move,development
1568357924.781,1020,243,None,Move,development
1568357924.791,980,268,None,Move,development
1568357924.801,965,277,None,Move,development
1568357924.811,932,299,None,Move,development
1568357924.821,900,321,None,Move,development
1568357924.831,895,324,None,Move,development
1568357924.841,882,333,None,Move,development
1568357924.851,859,347,None,Move,development
1568357924.861,842,360,None,Move,development
1568357924.871,837,364,None,Move,development
1568357924.88,830,370,None,Move,development
1568357924.89,816,382,None,Move,development
1568357924.901,807,392,None,Move,development
1568357924.91,805,393,None,Move,development
1568357924.92,799,398,None,Move,development
1568357924.93,788,409,None,Move,development
1568357924.94,782,417,None,Move,development
1568357924.95,780,419,None,Move,development
1568357924.96,776,425,None,Move,development
1568357924.97,767,435,None,Move,development
1568357924.98,764,441,None,Move,development
1568357924.99,762,443,None,Move,development
1568357925.0,761,445,None,Move,development
1568357925.01,759,448,None,Move,development
1568357925.02,756,450,None,Move,development
1568357925.03,756,451,None,Move,development
1568357925.16,756,452,None,Move,development
1568357925.18,757,452,None,Move,development
1568357925.19,757,452,None,Move,development
1568357925.2,758,452,None,Move,development
1568357925.21,761,452,None,Move,development
1568357925.22,762,451,None,Move,development
1568357925.23,766,449,None,Move,development
1568357925.24,770,447,None,Move,development
1568357925.25,771,446,None,Move,development
1568357925.26,773,445,None,Move,development
1568357925.27,774,445,None,Move,development
1568357925.28,776,443,None,Move,development
1568357925.29,777,442,None,Move,development
1568357925.3,778,441,None,Move,development
1568357925.32,778,441,None,Move,development
1568357925.33,779,440,None,Move,development
1568357925.35,781,439,None,Move,development
1568357925.37,782,437,None,Move,development
1568357925.38,782,437,None,Move,development
1568357925.39,783,436,None,Move,development
1568357925.4,783,436,None,Move,development
1568357925.41,784,435,None,Move,development
1568357925.42,784,435,None,Move,development
1568357925.43,786,434,None,Move,development
1568357925.4429998,786,433,None,Move,development
1568357925.4529998,787,432,None,Move,development
1568357925.4829998,787,431,None,Move,development
1568357925.4889998,788,431,None,Move,development
1568357925.4989998,789,430,None,Move,development
1568357925.5089998,789,430,None,Move,development
1568357925.559,789,429,None,Move,development
1568357925.569,790,429,None,Move,development
1568357925.589,790,428,None,Move,development
1568357925.599,790,427,None,Move,development
1568357925.609,791,426,None,Move,development
1568357925.619,792,426,None,Move,development
1568357925.649,792,425,None,Move,development
1568357925.669,793,424,None,Move,development
1568357925.679,793,424,None,Move,development
1568357925.689,794,423,None,Move,development
1568357925.769,796,421,None,Move,development
1568357925.819,796,420,None,Move,development
1568357925.978,797,420,None,Move,development
1568357926.028,797,419,None,Move,development
1568357926.038,798,418,None,Move,development
1568357926.0579998,800,418,None,Move,development
1568357926.0779998,802,417,None,Move,development
1568357926.0879998,804,415,None,Move,development
1568357926.0979998,804,415,None,Move,development
1568357926.1079998,805,415,None,Move,development
1568357926.1179998,806,414,None,Move,development
1568357926.1279998,807,413,None,Move,development
1568357926.1379998,807,413,None,Move,development
1568357926.218,808,412,None,Move,development
1568357926.3579998,808,412,None,Move,development
1568357927.665,809,410,None,Move,development
1568357927.705,810,410,None,Move,development
1568357927.715,811,409,None,Move,development
1568357927.725,811,409,None,Move,development
1568357927.755,812,408,None,Move,development
1568357927.765,813,407,None,Move,development
1568357927.775,814,407,None,Move,development
1568357927.785,816,405,None,Move,development
1568357927.795,817,403,None,Move,development
1568357927.805,820,401,None,Move,development
1568357927.815,826,392,None,Move,development
1568357927.825,828,388,None,Move,development
1568357927.845,832,379,None,Move,development
1568357927.855,833,377,None,Move,development
1568357927.865,840,364,None,Move,development
1568357927.875,845,354,None,Move,development
1568357927.885,852,342,None,Move,development
1568357927.895,859,330,None,Move,development
1568357927.905,862,323,None,Move,development
1568357927.915,866,314,None,Move,development
1568357927.925,872,303,None,Move,development
1568357927.935,877,295,None,Move,development
1568357927.945,880,288,None,Move,development
1568357927.955,883,279,None,Move,development
1568357927.965,888,270,None,Move,development
1568357927.975,893,260,None,Move,development
1568357927.985,897,252,None,Move,development
1568357927.995,900,247,None,Move,development
1568357928.005,906,237,None,Move,development
1568357928.015,910,230,None,Move,development
1568357928.025,914,226,None,Move,development
1568357928.035,916,223,None,Move,development
1568357928.045,921,217,None,Move,development
1568357928.055,923,216,None,Move,development
1568357928.065,926,213,None,Move,development
1568357928.075,928,211,None,Move,development
1568357928.085,930,208,None,Move,development
1568357928.095,933,206,None,Move,development
1568357928.105,935,204,None,Move,development
1568357928.115,937,204,None,Move,development
1568357928.125,940,201,None,Move,development
1568357928.135,943,201,None,Move,development
1568357928.145,944,199,None,Move,development
1568357928.155,945,199,None,Move,development
1568357928.165,946,197,None,Move,development
1568357928.175,948,197,None,Move,development
1568357928.185,948,197,None,Move,development
1568357928.195,949,197,None,Move,development
1568357928.205,950,197,None,Move,development
1568357928.215,951,197,None,Move,development
1568357928.225,951,197,None,Move,development
1568357928.235,952,197,None,Move,development
1568357928.245,952,197,None,Move,development
1568357928.265,954,197,None,Move,development
1568357928.275,954,197,None,Move,development
1568357928.285,955,197,None,Move,development
1568357928.295,956,197,None,Move,development
1568357928.305,958,197,None,Move,development
1568357928.315,958,197,None,Move,development
1568357928.325,961,197,None,Move,development
1568357928.335,963,198,None,Move,development
1568357928.345,964,198,None,Move,development
1568357928.355,966,198,None,Move,development
1568357928.365,969,200,None,Move,development
1568357928.375,973,201,None,Move,development
1568357928.385,974,201,None,Move,development
1568357928.395,975,201,None,Move,development
1568357928.405,978,203,None,Move,development
1568357928.415,980,204,None,Move,development
1568357928.425,982,204,None,Move,development
1568357928.435,983,204,None,Move,development
1568357928.45,984,204,None,Move,development
1568357928.454,985,204,None,Move,development
1568357928.465,986,204,None,Move,development
1568357928.47,988,205,None,Move,development
1568357928.484,989,205,None,Move,development
1568357928.494,990,205,None,Move,development
1568357928.504,991,205,None,Move,development
1568357928.514,994,206,None,Move,development
1568357928.524,995,206,None,Move,development
1568357928.534,996,206,None,Move,development
1568357928.544,997,207,None,Move,development
1568357928.554,999,207,None,Move,development
1568357928.564,1000,207,None,Move,development
1568357928.574,1001,207,None,Move,development
1568357928.583,1003,207,None,Move,development
1568357928.603,1006,209,None,Move,development
1568357928.613,1009,209,None,Move,development
1568357928.623,1010,209,None,Move,development
1568357928.633,1012,209,None,Move,development
1568357928.644,1015,209,None,Move,development
1568357928.654,1016,210,None,Move,development
1568357928.664,1017,210,None,Move,development
1568357928.673,1020,210,None,Move,development
1568357928.6829998,1023,210,None,Move,development
1568357928.6929998,1025,210,None,Move,development
1568357928.7029998,1026,210,None,Move,development
1568357928.7129998,1028,210,None,Move,development
1568357928.7229998,1030,210,None,Move,development
1568357928.7329998,1030,210,None,Move,development
1568357928.7429998,1031,210,None,Move,development
1568357928.7529998,1032,210,None,Move,development
1568357928.7729998,1033,210,None,Move,development
1568357928.783,1036,209,None,Move,development
1568357928.793,1036,209,None,Move,development
1568357928.803,1038,209,None,Move,development
1568357928.813,1038,209,None,Move,development
1568357928.823,1040,207,None,Move,development
1568357928.843,1042,207,None,Move,development
1568357928.853,1042,207,None,Move,development
1568357928.863,1043,206,None,Move,development
1568357928.873,1044,205,None,Move,development
1568357928.883,1045,205,None,Move,development
1568357928.893,1046,205,None,Move,development
1568357928.903,1047,205,None,Move,development
1568357928.9529998,1046,203,None,Move,development
1568357928.9629998,1045,202,None,Move,development
1568357928.9729998,1043,201,None,Move,development
1568357928.9929998,1043,200,None,Move,development
1568357929.343,1043,200,None,Move,development
1568357929.353,1044,200,None,Move,development
1568357929.363,1046,200,None,Move,development
1568357929.373,1048,200,None,Move,development
1568357929.383,1048,200,None,Move,development
1568357929.393,1050,200,None,Move,development
1568357929.403,1051,200,None,Move,development
1568357929.413,1053,200,None,Move,development
1568357929.423,1055,200,None,Move,development
1568357929.4329998,1058,200,None,Move,development
1568357929.45,1060,200,None,Move,development
1568357929.456,1060,200,None,Move,development
1568357929.464,1062,200,None,Move,development
1568357929.4729998,1064,197,None,Move,development
1568357929.4829998,1065,197,None,Move,development
1568357929.4929998,1067,195,None,Move,development
1568357929.5029998,1070,195,None,Move,development
1568357929.5129998,1075,190,None,Move,development
1568357929.5229998,1076,187,None,Move,development
1568357929.533,1079,184,None,Move,development
1568357929.543,1079,183,None,Move,development
1568357929.553,1084,178,None,Move,development
1568357929.563,1085,174,None,Move,development
1568357929.573,1087,168,None,Move,development
1568357929.583,1089,165,None,Move,development
1568357929.593,1094,157,None,Move,development
1568357929.603,1096,155,None,Move,development
1568357929.613,1099,151,None,Move,development
1568357929.623,1100,149,None,Move,development
1568357929.633,1102,145,None,Move,development
1568357929.643,1103,143,None,Move,development
1568357929.653,1104,139,None,Move,development
1568357929.663,1105,137,None,Move,development
1568357929.673,1107,131,None,Move,development
1568357929.6829998,1107,130,None,Move,development
1568357929.6920002,1110,124,None,Move,development
1568357929.702,1112,122,None,Move,development
1568357929.7129998,1115,114,None,Move,development
1568357929.7229998,1116,111,None,Move,development
1568357929.7329998,1117,106,None,Move,development
1568357929.742,1118,99,None,Move,development
1568357929.7529998,1122,87,None,Move,development
1568357929.762,1124,79,None,Move,development
1568357929.772,1124,74,None,Move,development
1568357929.783,1124,68,None,Move,development
1568357929.793,1125,61,None,Move,development
1568357929.803,1128,52,None,Move,development
1568357929.813,1130,48,None,Move,development
1568357929.823,1131,43,None,Move,development
1568357929.833,1134,34,None,Move,development
1568357929.843,1135,31,None,Move,development
1568357929.853,1138,23,None,Move,development
1568357929.863,1140,19,None,Move,development
1568357929.873,1144,13,None,Move,development
1568357929.883,1145,12,None,Move,development
1568357929.893,1148,6,None,Move,development
1568357929.9020002,1149,1,None,Move,development
1568357929.9120002,1151,-3,None,Move,development
1568357929.9220002,1152,-1,None,Move,development
1568357929.9320002,1153,-2,None,Move,development
1568357929.9420002,1154,-2,None,Move,development
1568357929.952,1156,-3,None,Move,development
1568357929.962,1156,-1,None,Move,development
1568357929.972,1156,-1,None,Move,development
1568357929.982,1157,-1,None,Move,development
1568357929.992,1158,-3,None,Move,development
1568357930.002,1158,0,None,Move,development
1568357930.012,1158,-1,None,Move,development
1568357930.022,1158,-2,None,Move,development
1568357930.032,1158,-1,None,Move,development
1568357930.042,1158,-1,None,Move,development
1568357930.052,1158,0,None,Move,development
1568357930.072,1158,-1,None,Move,development
1568357930.092,1159,-1,None,Move,development
1568357930.1220002,1159,-1,None,Move,development
1568357930.1420002,1159,0,None,Move,development
1568357930.1520002,1157,0,None,Move,development
1568357930.1620002,1155,0,None,Move,development
1568357930.1720002,1154,0,None,Move,development
1568357930.1820002,1153,0,None,Move,development
1568357930.1920002,1150,2,None,Move,development
1568357930.202,1149,2,None,Move,development
1568357930.212,1148,3,None,Move,development
1568357930.222,1148,5,None,Move,development
1568357930.232,1148,5,None,Move,development
1568357930.242,1148,6,None,Move,development
1568357930.252,1148,8,None,Move,development
1568357930.262,1148,9,None,Move,development
1568357930.272,1148,10,None,Move,development
1568357930.282,1148,11,None,Move,development
1568357930.292,1148,11,None,Move,development
1568357930.302,1149,12,None,Move,development
1568357930.312,1151,13,None,Move,development
1568357930.322,1152,13,None,Move,development
1568357930.332,1154,15,None,Move,development
1568357930.342,1158,15,None,Move,development
1568357930.3520002,1160,16,None,Move,development
1568357930.3620002,1161,16,None,Move,development
1568357930.3720002,1161,16,None,Move,development
1568357930.3820002,1163,16,None,Move,development
1568357930.3920002,1165,16,None,Move,development
1568357930.4020002,1165,16,None,Move,development
1568357930.4120002,1166,16,None,Move,development
1568357930.4220002,1169,16,None,Move,development
1568357930.4320002,1171,16,None,Move,development
1568357930.461,1171,16,None,Move,development
1568357930.472,1173,16,None,Move,development
1568357930.484,1173,16,None,Move,development
1568357930.4970002,1174,16,None,Move,development
1568357930.5370002,1175,16,None,Move,development
1568357930.5570002,1175,16,None,Move,development
1568357930.577,1176,16,None,Move,development
1568357930.583,1176,16,None,Move,development
1568357930.603,1179,16,None,Move,development
1568357930.623,1180,16,None,Move,development
1568357930.633,1180,16,None,Move,development
1568357930.663,1181,16,None,Move,development
1568357930.673,1183,16,None,Move,development
1568357930.6829998,1185,16,None,Move,development
1568357930.6929998,1189,16,None,Move,development
1568357930.7029998,1192,16,None,Move,development
1568357930.7129998,1196,16,None,Move,development
1568357930.7229998,1207,16,None,Move,development
1568357930.7329998,1215,16,None,Move,development
1568357930.7429998,1222,16,None,Move,development
1568357930.7529998,1227,16,None,Move,development
1568357930.7629998,1238,16,None,Move,development
1568357930.7729998,1246,16,None,Move,development
1568357930.783,1249,16,None,Move,development
1568357930.793,1255,16,None,Move,development
1568357930.803,1262,16,None,Move,development
1568357930.813,1266,17,None,Move,development
1568357930.823,1270,17,None,Move,development
1568357930.833,1274,18,None,Move,development
1568357930.843,1283,18,None,Move,development
1568357930.853,1286,18,None,Move,development
1568357930.863,1288,18,None,Move,development
1568357930.873,1290,18,None,Move,development
1568357930.883,1295,18,None,Move,development
1568357930.893,1299,18,None,Move,development
1568357930.903,1302,18,None,Move,development
1568357930.913,1304,18,None,Move,development
1568357930.923,1311,18,None,Move,development
1568357930.9329998,1314,18,None,Move,development
1568357930.9429998,1315,18,None,Move,development
1568357930.9529998,1316,18,None,Move,development
1568357930.9629998,1317,18,None,Move,development
1568357930.9729998,1318,18,None,Move,development
1568357931.093,1319,18,None,Move,development
1568357931.113,1319,18,None,Move,development
1568357931.123,1320,18,None,Move,development
1568357931.133,1321,18,None,Move,development
1568357931.143,1323,18,None,Move,development
1568357931.153,1324,18,None,Move,development
1568357931.163,1326,18,None,Move,development
1568357931.173,1327,18,None,Move,development
1568357931.1829998,1329,18,None,Move,development
1568357931.1929998,1332,18,None,Move,development
1568357931.2029998,1335,18,None,Move,development
1568357931.2129998,1336,18,None,Move,development
1568357931.2229998,1336,18,None,Move,development
1568357931.2329998,1338,18,None,Move,development
1568357931.2429998,1338,18,None,Move,development
1568357931.383,1339,18,None,Move,development
1568357932.043,1340,18,None,Move,development
1568357932.053,1340,16,None,Move,development
1568357932.063,1337,14,None,Move,development
1568357932.073,1337,14,None,Move,development
1568357932.083,1334,13,None,Move,development
1568357932.093,1326,9,None,Move,development
1568357932.103,1323,8,None,Move,development
1568357932.113,1323,7,None,Move,development
1568357932.123,1322,7,None,Move,development
1568357932.133,1317,5,None,Move,development
1568357932.143,1313,5,None,Move,development
1568357932.153,1312,5,None,Move,development
1568357932.163,1311,5,None,Move,development
1568357932.173,1307,3,None,Move,development
1568357932.1829998,1305,3,None,Move,development
1568357932.1929998,1303,3,None,Move,development
1568357932.2029998,1303,2,None,Move,development
1568357932.2129998,1299,1,None,Move,development
1568357932.2329998,1296,1,None,Move,development
1568357932.2429998,1293,1,None,Move,development
1568357932.2529998,1290,1,None,Move,development
1568357932.2629998,1286,1,None,Move,development
1568357932.2729998,1279,1,None,Move,development
1568357932.283,1272,1,None,Move,development
1568357932.293,1269,1,None,Move,development
1568357932.303,1265,1,None,Move,development
1568357932.313,1261,1,None,Move,development
1568357932.323,1258,1,None,Move,development
1568357932.333,1257,1,None,Move,development
1568357932.343,1256,1,None,Move,development
1568357932.353,1255,1,None,Move,development
1568357932.363,1254,1,None,Move,development
1568357932.373,1253,1,None,Move,development
1568357932.393,1252,1,None,Move,development
1568357932.459,1252,1,None,Move,development
1568357932.663,1251,1,None,Move,development
1568357932.6829998,1249,3,None,Move,development
1568357932.7029998,1243,8,None,Move,development
1568357932.7129998,1219,33,None,Move,development
1568357932.7229998,1215,37,None,Move,development
1568357932.7329998,1191,58,None,Move,development
1568357932.7429998,1167,82,None,Move,development
1568357932.7529998,1108,138,None,Move,development
1568357932.7629998,1096,149,None,Move,development
1568357932.7729998,990,249,None,Move,development
1568357932.783,932,302,None,Move,development
1568357932.793,839,383,None,Move,development
1568357932.803,817,403,None,Move,development
1568357932.813,772,441,None,Move,development
1568357932.823,683,520,None,Move,development
1568357932.833,617,577,None,Move,development
1568357932.843,609,586,None,Move,development
1568357932.853,577,615,None,Move,development
1568357932.863,520,677,None,Move,development
1568357932.873,484,721,None,Move,development
1568357932.883,478,727,None,Move,development
1568357932.893,468,741,None,Move,development
1568357932.903,461,751,None,Move,development
1568357932.913,453,770,None,Move,development
1568357932.923,453,769,None,Move,development
1568357932.9329998,452,772,None,Move,development
1568357932.9429998,452,770,None,Move,development
1568357932.9529998,452,769,None,Move,development
1568357932.9729998,452,768,None,Move,development
1568357932.982,452,768,None,Move,development
1568357933.063,452,767,None,Move,development
1568357933.073,453,767,None,Move,development
1568357933.083,454,767,None,Move,development
1568357933.093,456,767,None,Move,development
1568357933.103,458,767,None,Move,development
1568357933.113,459,766,None,Move,development
1568357933.133,459,766,None,Move,development
1568357933.1520002,460,766,None,Move,development
1568357933.1620002,460,766,None,Move,development
1568357933.1720002,461,765,None,Move,development
1568357933.1820002,462,764,None,Move,development
1568357933.202,463,763,None,Move,development
1568357933.212,463,763,None,Move,development
1568357933.222,463,761,None,Move,development
1568357933.242,463,760,None,Move,development
1568357933.252,463,759,None,Move,development
1568357933.262,463,757,None,Move,development
1568357933.272,463,757,None,Move,development
1568357933.282,461,756,None,Move,development
1568357933.292,461,756,None,Move,development
1568357933.302,460,756,None,Move,development
1568357933.312,456,755,None,Move,development
1568357933.322,455,755,None,Move,development
1568357933.332,452,755,None,Move,development
1568357933.342,450,752,None,Move,development
1568357933.3520002,445,752,None,Move,development
1568357933.3620002,444,752,None,Move,development
1568357933.3720002,444,752,None,Move,development
1568357933.3820002,442,752,None,Move,development
1568357933.4629998,443,752,None,Move,development
1568357933.482,443,752,None,Move,development
1568357933.492,445,750,None,Move,development
1568357933.5029998,448,748,None,Move,development
1568357933.5129998,450,748,None,Move,development
1568357933.5229998,453,745,None,Move,development
1568357933.543,455,743,None,Move,development
1568357933.563,455,743,None,Move,development
1568357933.623,455,743,None,Move,development
1568357933.633,455,743,None,Move,development
1568357933.6520002,451,743,None,Move,development
1568357933.6720002,447,743,None,Move,development
1568357933.6820002,439,743,None,Move,development
1568357933.6920002,437,743,None,Move,development
1568357933.702,436,744,None,Move,development
1568357933.712,434,744,None,Move,development
1568357933.722,432,745,None,Move,development
1568357933.732,430,746,None,Move,development
1568357933.742,430,746,None,Move,development
1568357933.752,429,746,None,Move,development
1568357933.762,428,747,None,Move,development
1568357933.8620002,428,747,None,Move,development
1568357933.8820002,427,747,None,Move,development
1568357933.8920002,426,747,None,Move,development
1568357934.092,426,747,Left,Pressed,development
1568357934.092,426,747,None,Drag,development
1568357934.092,426,747,Left,Released,development
1568357934.321,426,747,None,Move,development
1568357934.337,427,747,None,Move,development
1568357934.3520002,429,747,None,Move,development
1568357934.369,430,747,None,Move,development
1568357934.379,434,747,None,Move,development
1568357934.404,450,744,None,Move,development
1568357934.414,466,736,None,Move,development
1568357934.4329998,482,726,None,Move,development
1568357934.445,491,720,None,Move,development
1568357934.455,509,703,None,Move,development
1568357934.465,512,700,None,Move,development
1568357934.478,530,683,None,Move,development
1568357934.4889998,557,650,None,Move,development
1568357934.494,561,644,None,Move,development
1568357934.512,574,627,None,Move,development
1568357934.525,582,614,None,Move,development
1568357934.533,598,596,None,Move,development
1568357934.535,601,593,None,Move,development
1568357934.545,605,587,None,Move,development
1568357934.563,612,571,None,Move,development
1568357934.595,621,542,None,Move,development
1568357934.606,621,535,None,Move,development
1568357934.6160002,623,521,None,Move,development
1568357934.6260002,623,514,None,Move,development
1568357934.6360002,624,500,None,Move,development
1568357934.646,624,493,None,Move,development
1568357934.666,624,490,None,Move,development
1568357934.676,623,481,None,Move,development
1568357934.687,619,475,None,Move,development
1568357934.697,603,460,None,Move,development
1568357934.717,587,450,None,Move,development
1568357934.7470002,551,429,None,Move,development
1568357934.776,517,417,None,Move,development
1568357934.798,504,414,None,Move,development
1568357934.8079998,501,413,None,Move,development
1568357934.8179998,496,410,None,Move,development
1568357934.8279998,493,410,None,Move,development
1568357934.8379998,490,409,None,Move,development
1568357934.8479998,487,408,None,Move,development
1568357934.8579998,482,407,None,Move,development
1568357934.869,480,407,None,Move,development
1568357934.879,478,407,None,Move,development
1568357934.889,478,407,None,Move,development
1568357934.899,477,407,None,Move,development
1568357934.909,477,407,None,Move,development
1568357934.919,476,406,None,Move,development
1568357934.99,475,406,None,Move,development
1568357935.161,463,406,None,Move,development
1568357935.181,457,416,None,Move,development
1568357935.332,456,416,None,Move,development
1568357935.342,456,416,None,Move,development
1568357935.3520002,455,416,None,Move,development
1568357935.3620002,454,415,None,Move,development
1568357935.3720002,453,414,None,Move,development
1568357935.3820002,453,413,None,Move,development
1568357935.3920002,453,412,None,Move,development
1568357935.4020002,454,410,None,Move,development
1568357935.411,457,407,None,Move,development
1568357935.4120002,463,402,None,Move,development
1568357935.4329998,467,398,None,Move,development
1568357935.458,477,388,None,Move,development
1568357935.482,499,362,None,Move,development
1568357935.504,519,338,None,Move,development
1568357935.542,532,318,None,Move,development
1568357935.554,534,315,None,Move,development
1568357935.574,536,311,None,Move,development
1568357935.595,541,304,None,Move,development
1568357935.605,542,303,None,Move,development
1568357935.615,543,300,None,Move,development
1568357935.625,544,297,None,Move,development
1568357935.643,546,293,None,Move,development
1568357935.655,546,292,None,Move,development
1568357935.665,547,290,None,Move,development
1568357935.736,550,280,None,Move,development
1568357935.746,550,278,None,Move,development
1568357935.754,550,275,None,Move,development
1568357935.756,550,273,None,Move,development
1568357935.766,550,273,None,Move,development
1568357935.776,550,271,None,Move,development
1568357935.786,550,268,None,Move,development
1568357935.794,550,268,None,Move,development
1568357935.804,549,266,None,Move,development
1568357935.816,548,265,None,Move,development
1568357935.827,546,263,None,Move,development
1568357935.837,545,263,None,Move,development
1568357935.847,543,262,None,Move,development
1568357935.865,541,261,None,Move,development
1568357935.877,539,261,None,Move,development
1568357936.159,539,261,None,Move,development
1568357938.551,541,261,None,Move,development
1568357938.561,543,261,None,Move,development
1568357938.571,549,261,None,Move,development
1568357938.581,552,259,None,Move,development
1568357938.591,555,256,None,Move,development
1568357938.601,556,256,None,Move,development
1568357938.611,556,255,None,Move,development
1568357938.621,556,253,None,Move,development
1568357938.631,556,250,None,Move,development
1568357938.641,556,248,None,Move,development
1568357938.651,555,241,None,Move,development
1568357938.661,555,237,None,Move,development
1568357938.671,555,234,None,Move,development
1568357938.681,555,233,None,Move,development
1568357938.691,555,232,None,Move,development
1568357938.701,555,231,None,Move,development
1568357938.711,555,228,None,Move,development
1568357938.721,556,228,None,Move,development
1568357938.731,557,227,None,Move,development
1568357938.821,558,225,None,Move,development
1568357938.841,559,225,None,Move,development
1568357938.851,563,224,None,Move,development
1568357938.871,571,224,None,Move,development
1568357938.891,579,223,None,Move,development
1568357938.901,589,222,None,Move,development
1568357938.911,603,221,None,Move,development
1568357938.921,607,221,None,Move,development
1568357938.931,616,220,None,Move,development
1568357938.941,620,220,None,Move,development
1568357938.951,623,220,None,Move,development
1568357938.961,628,220,None,Move,development
1568357938.971,640,220,None,Move,development
1568357938.981,645,220,None,Move,development
1568357938.9910002,651,220,None,Move,development
1568357939.0010002,657,220,None,Move,development
1568357939.0110002,668,219,None,Move,development
1568357939.021,675,217,None,Move,development
1568357939.031,679,215,None,Move,development
1568357939.041,682,215,None,Move,development
1568357939.051,688,213,None,Move,development
1568357939.061,693,209,None,Move,development
1568357939.071,695,209,None,Move,development
1568357939.081,696,209,None,Move,development
1568357939.091,702,207,None,Move,development
1568357939.101,703,207,None,Move,development
1568357939.111,705,207,None,Move,development
1568357939.121,706,206,None,Move,development
1568357939.141,708,205,None,Move,development
1568357939.161,709,204,None,Move,development
1568357939.17,711,202,None,Move,development
1568357939.191,712,202,None,Move,development
1568357939.211,712,201,None,Move,development
1568357939.25,714,200,Left,Pressed,development
1568357939.2510002,714,200,None,Drag,development
1568357939.2510002,714,200,Left,Released,development
1568357939.6360002,712,200,None,Move,development
1568357939.646,709,201,None,Move,development
1568357939.666,707,204,None,Move,development
1568357939.676,704,207,None,Move,development
1568357939.686,702,211,None,Move,development
1568357939.696,699,214,None,Move,development
1568357939.706,698,216,None,Move,development
1568357939.716,696,219,None,Move,development
1568357939.726,694,221,None,Move,development
1568357939.736,692,223,None,Move,development
1568357939.746,688,228,None,Move,development
1568357939.756,682,233,None,Move,development
1568357939.766,678,235,None,Move,development
1568357939.776,676,237,None,Move,development
1568357939.786,669,240,None,Move,development
1568357939.796,657,246,None,Move,development
1568357939.805,650,249,None,Move,development
1568357939.816,648,250,None,Move,development
1568357939.826,638,256,None,Move,development
1568357939.835,626,265,None,Move,development
1568357939.845,618,269,None,Move,development
1568357939.855,616,271,None,Move,development
1568357939.865,599,285,None,Move,development
1568357939.875,597,286,None,Move,development
1568357939.8860002,589,291,None,Move,development
1568357939.895,578,297,None,Move,development
1568357939.905,572,301,None,Move,development
1568357939.915,568,303,None,Move,development
1568357939.926,565,304,None,Move,development
1568357939.935,558,307,None,Move,development
1568357939.945,556,308,None,Move,development
1568357939.955,554,309,None,Move,development
1568357939.965,554,309,None,Move,development
1568357939.975,553,310,None,Move,development
1568357939.985,551,311,None,Move,development
1568357939.995,551,311,None,Move,development
1568357940.005,547,312,None,Move,development
1568357940.015,546,314,None,Move,development
1568357940.025,545,314,None,Move,development
1568357940.035,543,315,None,Move,development
1568357940.045,541,317,None,Move,development
1568357940.055,541,317,None,Move,development
1568357940.065,539,318,None,Move,development
1568357940.075,538,319,None,Move,development
1568357940.085,536,321,None,Move,development
1568357940.105,534,322,None,Move,development
1568357940.115,533,323,None,Move,development
1568357940.125,531,323,None,Move,development
1568357940.135,530,323,None,Move,development
1568357940.145,527,326,None,Move,development
1568357940.155,526,326,None,Move,development
1568357940.165,524,328,None,Move,development
1568357940.175,522,330,None,Move,development
1568357940.185,522,332,None,Move,development
1568357940.195,520,334,None,Move,development
1568357940.205,519,337,None,Move,development
1568357940.215,518,338,None,Move,development
1568357940.225,516,340,None,Move,development
1568357940.235,514,342,None,Move,development
1568357940.245,511,345,None,Move,development
1568357940.255,510,346,None,Move,development
1568357940.265,509,347,None,Move,development
1568357940.275,509,347,None,Move,development
1568357940.295,508,349,None,Move,development
1568357940.305,507,350,None,Move,development
1568357940.315,507,351,None,Move,development
1568357940.325,506,352,None,Move,development
1568357940.335,506,352,None,Move,development
1568357940.345,506,354,None,Move,development
1568357940.355,506,356,None,Move,development
1568357940.395,505,358,None,Move,development
1568357940.405,505,358,None,Move,development
1568357940.425,505,359,None,Move,development
1568357940.435,505,360,None,Move,development
1568357940.458,505,361,None,Move,development
1568357940.467,505,362,None,Move,development
1568357940.476,505,362,None,Move,development
1568357940.484,505,364,None,Move,development
1568357940.4929998,505,365,None,Move,development
1568357940.495,505,367,None,Move,development
1568357940.505,505,367,None,Move,development
1568357940.515,505,368,None,Move,development
1568357940.545,505,369,None,Move,development
1568357940.555,505,371,None,Move,development
1568357940.565,505,372,None,Move,development
1568357940.595,505,372,None,Move,development
1568357940.615,505,373,None,Move,development
1568357940.655,505,374,None,Move,development
1568357940.855,505,374,None,Move,development
1568357940.875,505,375,None,Move,development
1568357940.885,505,376,None,Move,development
1568357940.905,505,377,None,Move,development
1568357940.915,505,380,None,Move,development
1568357940.935,505,384,None,Move,development
1568357940.945,505,385,None,Move,development
1568357940.955,505,387,None,Move,development
1568357940.965,505,388,None,Move,development
1568357940.975,506,392,None,Move,development
1568357940.995,507,396,None,Move,development
1568357941.005,508,397,None,Move,development
1568357941.045,508,398,None,Move,development
1568357941.065,509,398,None,Move,development
1568357941.085,510,399,None,Move,development
1568357941.115,510,399,None,Move,development
1568357941.235,511,399,None,Move,development
1568357941.255,512,399,None,Move,development
1568357941.295,512,400,None,Move,development
1568357941.305,512,401,None,Move,development
1568357941.325,512,402,None,Move,development
1568357941.345,512,403,None,Move,development
1568357941.405,512,404,None,Move,development
1568357941.7429998,512,404,None,Move,development
1568357941.843,512,404,None,Move,development
1568357941.863,512,404,None,Move,development
1568357941.883,512,403,None,Move,development
1568357941.893,511,401,None,Move,development
1568357941.903,510,401,None,Move,development
1568357941.913,510,400,None,Move,development
1568357941.923,509,400,None,Move,development
1568357941.9329998,509,399,None,Move,development
1568357941.9429998,507,399,None,Move,development
1568357941.9529998,504,395,None,Move,development
1568357941.9629998,499,392,None,Move,development
1568357941.9729998,496,384,None,Move,development
1568357942.3920002,496,384,None,Move,development
1568357942.4020002,496,383,None,Move,development
1568357942.4120002,496,381,None,Move,development
1568357942.4220002,496,380,None,Move,development
1568357942.4320002,496,379,None,Move,development
1568357942.451,496,378,None,Move,development
1568357942.461,497,376,None,Move,development
1568357942.467,497,376,None,Move,development
1568357942.475,499,373,None,Move,development
1568357942.485,499,370,None,Move,development
1568357942.4910002,501,366,None,Move,development
1568357942.492,502,365,None,Move,development
1568357942.502,503,363,None,Move,development
1568357942.512,505,359,None,Move,development
1568357942.522,507,354,None,Move,development
1568357942.532,508,350,None,Move,development
1568357942.542,510,343,None,Move,development
1568357942.552,512,335,None,Move,development
1568357942.562,513,331,None,Move,development
1568357942.572,513,328,None,Move,development
1568357942.582,514,323,None,Move,development
1568357942.592,515,321,None,Move,development
1568357942.6020002,515,316,None,Move,development
1568357942.6120002,515,314,None,Move,development
1568357942.6220002,516,312,None,Move,development
1568357942.6320002,516,307,None,Move,development
1568357942.6420002,517,302,None,Move,development
1568357942.6520002,517,297,None,Move,development
1568357942.6620002,517,292,None,Move,development
1568357942.6720002,517,286,None,Move,development
1568357942.6820002,517,280,None,Move,development
1568357942.6920002,517,278,None,Move,development
1568357942.702,516,276,None,Move,development
1568357942.712,516,273,None,Move,development
1568357942.722,515,270,None,Move,development
1568357942.732,515,269,None,Move,development
1568357942.742,515,268,None,Move,development
1568357942.752,514,266,None,Move,development
1568357942.762,513,264,None,Move,development
1568357942.772,512,263,None,Move,development
1568357942.782,512,262,None,Move,development
1568357942.792,512,261,None,Move,development
1568357943.082,512,261,None,Move,development
1568357943.1020002,512,260,None,Move,development
1568357943.1120002,512,259,None,Move,development
1568357943.121,513,258,None,Move,development
1568357943.1320002,514,256,None,Move,development
1568357943.141,514,256,None,Move,development
1568357943.151,515,255,None,Move,development
1568357943.171,516,252,None,Move,development
1568357943.181,516,249,None,Move,development
1568357943.191,517,249,None,Move,development
1568357943.202,518,249,None,Move,development
1568357943.211,520,249,None,Move,development
1568357943.221,521,249,None,Move,development
1568357943.231,521,249,None,Move,development
1568357943.242,523,248,None,Move,development
1568357943.252,525,247,None,Move,development
1568357943.371,525,247,Left,Pressed,development
1568357943.498,525,247,Left,Released,development
1568357946.455,525,246,None,Move,development
1568357946.465,525,245,None,Move,development
1568357946.4829998,529,242,None,Move,development
1568357946.4929998,530,241,None,Move,development
1568357946.573,530,241,None,Move,development
1568357946.793,530,241,None,Move,development
1568357946.802,530,241,None,Move,development
1568357946.822,530,245,None,Move,development
1568357946.833,530,246,None,Move,development
1568357946.842,531,246,None,Move,development
1568357946.8620002,531,248,None,Move,development
1568357946.8720002,531,251,None,Move,development
1568357946.8820002,531,253,None,Move,development
1568357946.8920002,531,257,None,Move,development
1568357946.9020002,531,258,None,Move,development
1568357946.9120002,531,261,None,Move,development
1568357946.9220002,527,268,None,Move,development
1568357946.9320002,526,276,None,Move,development
1568357946.9420002,526,277,None,Move,development
1568357946.952,525,281,None,Move,development
1568357946.962,523,287,None,Move,development
1568357946.972,521,295,None,Move,development
1568357946.982,520,296,None,Move,development
1568357946.992,519,298,None,Move,development
1568357947.002,518,305,None,Move,development
1568357947.012,516,310,None,Move,development
1568357947.022,515,310,None,Move,development
1568357947.032,515,312,None,Move,development
1568357947.042,514,314,None,Move,development
1568357947.052,511,318,None,Move,development
1568357947.062,509,318,None,Move,development
1568357947.072,508,320,None,Move,development
1568357947.082,505,323,None,Move,development
1568357947.092,503,324,None,Move,development
1568357947.1020002,502,325,None,Move,development
1568357947.1120002,502,325,None,Move,development
1568357947.1220002,501,326,None,Move,development
1568357947.1320002,501,327,None,Move,development
1568357947.1420002,501,330,None,Move,development
1568357947.1520002,501,330,None,Move,development
1568357947.1620002,501,331,None,Move,development
1568357947.1720002,501,331,None,Move,development
1568357947.1820002,502,335,None,Move,development
1568357947.1920002,502,336,None,Move,development
1568357947.202,502,337,None,Move,development
1568357947.212,502,337,None,Move,development
1568357947.222,502,339,None,Move,development
1568357947.232,503,340,None,Move,development
1568357947.242,504,342,None,Move,development
1568357947.252,504,342,None,Move,development
1568357947.262,505,343,None,Move,development
1568357947.272,508,346,None,Move,development
1568357947.282,509,348,None,Move,development
1568357947.292,509,348,None,Move,development
1568357947.332,511,349,None,Move,development
1568357947.342,511,351,None,Move,development
1568357947.3620002,513,352,None,Move,development
1568357947.3720002,514,354,None,Move,development
1568357947.3820002,516,355,None,Move,development
1568357947.3920002,516,357,None,Move,development
1568357947.4020002,523,368,None,Move,development
1568357947.4120002,524,369,None,Move,development
1568357947.4220002,527,378,None,Move,development
1568357947.4320002,530,383,None,Move,development
1568357947.449,533,388,None,Move,development
1568357947.455,533,389,None,Move,development
1568357947.465,535,392,None,Move,development
1568357947.472,535,392,None,Move,development
1568357947.482,535,393,None,Move,development
1568357947.512,536,395,None,Move,development
1568357947.532,537,396,None,Move,development
1568357947.542,538,396,None,Move,development
1568357947.562,538,397,None,Move,development
1568357947.572,539,397,None,Move,development
1568357947.582,539,398,None,Move,development
1568357947.6020002,540,399,None,Move,development
1568357947.6120002,540,400,None,Move,development
1568357947.6220002,540,401,None,Move,development
1568357947.6320002,541,402,None,Move,development
1568357947.6420002,542,403,None,Move,development
1568357947.6520002,542,403,None,Move,development
1568357947.702,542,404,None,Move,development
1568357947.9120002,543,404,None,Move,development
1568357947.952,543,406,None,Move,development
1568357947.962,543,406,None,Move,development
1568357947.982,545,407,None,Move,development
1568357948.1020002,545,407,None,Move,development
1568357948.1120002,546,408,None,Move,development
1568357948.1220002,546,409,None,Move,development
1568357948.1320002,547,409,None,Move,development
1568357948.1520002,547,410,None,Move,development
1568357948.171,548,412,None,Move,development
1568357948.191,548,412,None,Move,development
1568357948.202,549,413,None,Move,development
1568357948.242,549,413,None,Move,development
1568357948.812,549,414,None,Move,development
1568357948.822,549,415,None,Move,development
1568357948.842,550,416,None,Move,development
1568357948.8520002,550,417,None,Move,development
1568357948.8720002,550,418,None,Move,development
1568357948.8920002,550,419,None,Move,development
1568357948.9220002,550,419,None,Move,development
1568357948.9320002,550,420,None,Move,development
1568357948.952,551,422,None,Move,development
1568357948.961,551,422,None,Move,development
1568357948.972,552,423,None,Move,development
1568357948.981,552,423,None,Move,development
1568357949.002,552,425,None,Move,development
1568357949.0110002,552,426,None,Move,development
1568357949.022,552,428,None,Move,development
1568357949.031,553,428,None,Move,development
1568357949.525,553,429,None,Move,development
1568357949.545,555,430,None,Move,development
1568357949.561,555,431,None,Move,development
1568357949.681,556,431,None,Move,development
1568357950.211,556,431,None,Move,development
1568357950.281,557,431,None,Move,development
1568357950.502,558,432,None,Move,development
1568357950.6220002,558,433,None,Move,development
1568357950.6520002,558,434,None,Move,development
1568357950.891,558,434,None,Move,development
1568357950.911,558,435,None,Move,development
1568357950.931,558,435,None,Move,development
1568357950.951,558,436,None,Move,development
1568357950.971,558,436,None,Move,development
1568357951.131,558,438,None,Move,development
1568357951.141,559,438,None,Move,development
1568357951.161,559,439,None,Move,development
1568357951.171,559,441,None,Move,development
1568357951.191,560,441,None,Move,development
1568357951.211,560,442,None,Move,development
1568357951.2510002,560,444,None,Move,development
1568357951.271,560,444,None,Move,development
1568357951.401,561,445,None,Move,development
1568357951.431,561,445,None,Move,development
1568357951.464,562,445,None,Move,development
1568357951.4910002,562,445,None,Move,development
1568357951.581,563,445,None,Move,development
1568357951.601,563,446,None,Move,development
1568357951.621,563,446,None,Move,development
1568357951.731,563,447,None,Move,development
1568357951.7510002,565,447,None,Move,development
1568357951.7610002,565,449,None,Move,development
1568357951.781,565,449,None,Move,development
1568357951.791,566,450,None,Move,development
1568357951.811,566,450,None,Move,development
1568357951.821,566,451,None,Move,development
1568357951.841,567,452,None,Move,development
1568357951.901,568,453,None,Move,development
1568357951.911,568,454,None,Move,development
1568357951.931,569,455,None,Move,development
1568357951.941,569,456,None,Move,development
1568357951.961,572,462,None,Move,development
1568357951.971,573,463,None,Move,development
1568357951.9910002,575,467,None,Move,development
1568357952.0110002,577,469,None,Move,development
1568357952.021,577,470,None,Move,development
1568357952.031,578,472,None,Move,development
1568357952.041,578,472,None,Move,development
1568357952.051,579,474,None,Move,development
1568357952.061,579,475,None,Move,development
1568357952.081,579,476,None,Move,development
1568357952.231,579,477,None,Move,development
1568357952.2510002,579,477,None,Move,development
1568357952.2610002,579,478,None,Move,development
1568357952.281,578,478,None,Move,development
1568357952.301,576,479,None,Move,development
1568357952.321,575,479,None,Move,development
1568357952.341,574,481,None,Move,development
1568357952.539,573,481,None,Move,development
1568357953.0779998,573,481,None,Move,development
1568357953.1079998,572,481,None,Move,development
1568357953.1379998,570,482,None,Move,development
1568357953.1479998,569,483,None,Move,development
1568357953.158,566,484,None,Move,development
1568357953.168,565,484,None,Move,development
1568357953.178,565,485,None,Move,development
1568357953.238,564,485,None,Move,development
1568357953.288,564,486,None,Move,development
1568357953.298,563,487,None,Move,development
1568357953.3179998,562,488,None,Move,development
1568357953.3779998,562,488,None,Move,development
1568357953.3879998,562,489,None,Move,development
1568357953.408,562,490,None,Move,development
1568357953.418,562,491,None,Move,development
1568357953.481,561,491,None,Move,development
1568357953.518,561,491,None,Move,development
1568357953.5270002,559,491,None,Move,development
1568357953.5470002,558,491,None,Move,development
1568357953.5570002,557,491,None,Move,development
1568357953.577,550,490,None,Move,development
1568357953.587,542,486,None,Move,development
1568357953.597,540,486,None,Move,development
1568357953.607,537,484,None,Move,development
1568357953.617,530,482,None,Move,development
1568357953.627,521,479,None,Move,development
1568357953.637,520,479,None,Move,development
1568357953.647,517,478,None,Move,development
1568357953.657,511,475,None,Move,development
1568357953.667,502,471,None,Move,development
1568357953.677,501,471,None,Move,development
1568357953.687,500,468,None,Move,development
1568357953.697,495,463,None,Move,development
1568357953.707,487,460,None,Move,development
1568357953.717,486,459,None,Move,development
1568357953.7270002,482,458,None,Move,development
1568357953.7370002,479,455,None,Move,development
1568357953.7470002,478,454,None,Move,development
1568357953.7570002,478,452,None,Move,development
1568357953.7670002,476,448,None,Move,development
1568357953.7770002,476,448,None,Move,development
1568357953.7870002,475,444,None,Move,development
1568357953.7970002,474,442,None,Move,development
1568357953.8070002,472,440,None,Move,development
1568357953.8170002,469,436,None,Move,development
1568357953.837,466,432,None,Move,development
1568357953.847,465,429,None,Move,development
1568357953.857,464,428,None,Move,development
1568357953.867,461,422,None,Move,development
1568357953.877,459,421,None,Move,development
1568357953.887,456,418,None,Move,development
1568357953.897,455,416,None,Move,development
1568357953.907,452,413,None,Move,development
1568357953.917,451,413,None,Move,development
1568357953.927,450,411,None,Move,development
1568357953.937,447,409,None,Move,development
1568357953.947,442,405,None,Move,development
1568357953.957,441,405,None,Move,development
1568357953.967,440,403,None,Move,development
1568357953.9770002,439,403,None,Move,development
1568357953.9870002,439,402,None,Move,development
1568357953.9970002,438,401,None,Move,development
1568357954.0070002,436,399,None,Move,development
1568357954.0170002,436,397,None,Move,development
1568357954.0270002,435,396,None,Move,development
1568357954.0370002,434,395,None,Move,development
1568357954.0470002,432,393,None,Move,development
1568357954.2570002,432,393,None,Move,development
1568357954.2970002,431,392,None,Move,development
1568357954.3170002,431,392,None,Move,development
1568357954.327,430,392,None,Move,development
1568357954.337,430,392,None,Move,development
1568357954.347,430,392,None,Move,development
1568357954.357,430,394,None,Move,development
1568357954.367,430,396,None,Move,development
1568357954.377,430,399,None,Move,development
1568357954.387,430,400,None,Move,development
1568357954.397,430,405,None,Move,development
1568357954.407,430,408,None,Move,development
1568357954.417,430,415,None,Move,development
1568357954.427,430,417,None,Move,development
1568357954.437,430,422,None,Move,development
1568357954.455,430,426,None,Move,development
1568357954.465,430,429,None,Move,development
1568357954.4729998,430,431,None,Move,development
1568357954.479,430,432,None,Move,development
1568357954.485,430,433,None,Move,development
1568357954.495,430,434,None,Move,development
1568357954.502,430,435,None,Move,development
1568357954.6020002,430,435,None,Move,development
1568357954.6220002,430,435,None,Move,development
1568357954.6420002,430,433,None,Move,development
1568357954.6520002,431,432,None,Move,development
1568357954.6720002,433,429,None,Move,development
1568357954.6820002,434,428,None,Move,development
1568357954.6920002,434,426,None,Move,development
1568357954.702,434,425,None,Move,development
1568357954.722,434,424,None,Move,development
1568357954.732,434,423,None,Move,development
1568357954.762,434,422,None,Move,development
1568357954.812,434,421,None,Move,development
1568357954.9020002,434,420,None,Move,development
1568357954.9120002,434,420,None,Move,development
1568357954.9420002,434,420,None,Move,development
1568357954.962,434,420,Left,Pressed,development
1568357955.062,434,420,Left,Released,development
1568357955.092,434,421,None,Move,development
1568357955.1020002,434,422,None,Move,development
1568357955.1120002,435,423,None,Move,development
1568357955.1220002,435,424,None,Move,development
1568357955.1320002,437,427,None,Move,development
1568357955.1420002,438,429,None,Move,development
1568357955.1520002,438,430,None,Move,development
1568357955.1620002,441,433,None,Move,development
1568357955.1720002,444,439,None,Move,development
1568357955.1820002,447,443,None,Move,development
1568357955.1920002,448,447,None,Move,development
1568357955.202,451,452,None,Move,development
1568357955.212,451,453,None,Move,development
1568357955.222,453,458,None,Move,development
1568357955.232,454,459,None,Move,development
1568357955.242,454,461,None,Move,development
1568357955.252,454,461,None,Move,development
1568357955.262,454,462,None,Move,development
1568357955.272,454,463,None,Move,development
1568357955.282,454,465,None,Move,development
1568357955.292,454,466,None,Move,development
1568357955.302,454,467,None,Move,development
1568357955.312,454,468,None,Move,development
1568357955.322,454,469,None,Move,development
1568357955.4120002,454,469,None,Move,development
1568357955.4320002,454,469,None,Move,development
1568357955.461,453,469,None,Move,development
1568357955.48,451,470,None,Move,development
1568357955.49,449,470,None,Move,development
1568357955.5089998,448,470,None,Move,development
1568357955.519,447,470,None,Move,development
1568357955.529,445,470,None,Move,development
1568357955.539,444,470,None,Move,development
1568357955.549,443,470,None,Move,development
1568357955.559,441,470,None,Move,development
1568357955.569,439,470,None,Move,development
1568357955.579,437,470,None,Move,development
1568357955.589,437,470,None,Move,development
1568357955.599,436,470,None,Move,development
1568357955.609,435,470,None,Move,development
1568357955.619,434,470,None,Move,development
1568357955.629,433,470,None,Move,development
1568357955.639,432,470,None,Move,development
1568357955.649,431,469,None,Move,development
1568357955.659,430,469,None,Move,development
1568357955.669,430,469,None,Move,development
1568357955.689,428,468,None,Move,development
1568357955.709,426,467,None,Move,development
1568357955.729,426,466,None,Move,development
1568357955.7589998,425,466,None,Move,development
1568357955.779,425,465,None,Move,development
1568357955.809,425,465,None,Move,development
1568357955.819,425,464,None,Move,development
1568357955.839,425,461,None,Move,development
1568357955.849,425,461,None,Move,development
1568357955.869,425,460,None,Move,development
1568357955.899,425,459,None,Move,development
1568357955.919,425,458,None,Move,development
1568357955.939,427,458,None,Move,development
1568357955.949,428,456,None,Move,development
1568357955.959,429,455,None,Move,development
1568357955.969,429,454,None,Move,development
1568357955.9889998,429,454,None,Move,development
1568357955.9989998,430,452,None,Move,development
1568357956.0089998,430,452,None,Move,development
1568357956.019,431,450,None,Move,development
1568357956.029,431,450,None,Move,development
1568357956.039,432,450,None,Move,development
1568357956.049,433,449,None,Move,development
1568357956.059,433,449,None,Move,development
1568357956.069,434,448,None,Move,development
1568357956.099,435,448,None,Move,development
1568357956.228,436,447,None,Move,development
1568357956.248,437,447,None,Move,development
1568357956.258,438,450,None,Move,development
1568357956.278,439,451,None,Move,development
1568357956.288,439,456,None,Move,development
1568357956.298,439,462,None,Move,development
1568357956.3079998,439,465,None,Move,development
1568357956.3179998,439,472,None,Move,development
1568357956.3279998,439,473,None,Move,development
1568357956.3379998,439,481,None,Move,development
1568357956.3479998,439,485,None,Move,development
1568357956.3579998,437,493,None,Move,development
1568357956.3679998,437,496,None,Move,development
1568357956.3779998,436,505,None,Move,development
1568357956.3879998,435,511,None,Move,development
1568357956.3979998,435,519,None,Move,development
1568357956.408,435,530,None,Move,development
1568357956.418,435,530,None,Move,development
1568357956.428,435,534,None,Move,development
1568357956.4429998,437,539,None,Move,development
1568357956.451,439,543,None,Move,development
1568357956.457,444,551,None,Move,development
1568357956.4629998,445,552,None,Move,development
1568357956.4729998,446,554,None,Move,development
1568357956.482,446,555,None,Move,development
1568357956.492,446,561,None,Move,development
1568357956.498,446,561,None,Move,development
1568357956.508,446,563,None,Move,development
1568357956.518,446,564,None,Move,development
1568357956.528,446,565,None,Move,development
1568357956.788,446,566,None,Move,development
1568357956.8079998,446,566,None,Move,development
1568357956.8279998,446,566,None,Move,development
1568357956.8379998,445,566,None,Move,development
1568357956.8579998,444,566,None,Move,development
1568357956.8679998,443,566,None,Move,development
1568357956.8779998,442,566,None,Move,development
1568357956.8979998,440,566,None,Move,development
1568357956.928,439,563,None,Move,development
1568357956.938,439,562,None,Move,development
1568357956.958,439,562,None,Move,development
1568357956.968,439,561,None,Move,development
1568357956.978,438,560,None,Move,development
1568357957.028,438,560,None,Move,development
1568357957.0579998,438,559,None,Move,development
1568357957.0779998,438,558,None,Move,development
1568357957.0979998,438,558,None,Move,development
1568357957.258,438,558,Left,Pressed,development
1568357957.3879998,438,558,Left,Released,development
1568357957.428,438,558,None,Move,development
1568357957.4420002,438,558,None,Move,development
1568357957.455,439,558,None,Move,development
1568357957.464,441,558,None,Move,development
1568357957.474,442,558,None,Move,development
1568357957.481,443,559,None,Move,development
1568357957.4910002,447,561,None,Move,development
1568357957.5010002,449,561,None,Move,development
1568357957.508,455,562,None,Move,development
1568357957.518,459,562,None,Move,development
1568357957.528,467,563,None,Move,development
1568357957.538,469,563,None,Move,development
1568357957.548,476,565,None,Move,development
1568357957.5579998,481,566,None,Move,development
1568357957.5679998,490,568,None,Move,development
1568357957.5779998,501,570,None,Move,development
1568357957.5879998,505,573,None,Move,development
1568357957.5979998,510,573,None,Move,development
1568357957.6079998,520,576,None,Move,development
1568357957.6179998,523,576,None,Move,development
1568357957.6279998,534,576,None,Move,development
1568357957.6379998,538,576,None,Move,development
1568357957.6479998,546,576,None,Move,development
1568357957.658,548,576,None,Move,development
1568357957.668,551,576,None,Move,development
1568357957.678,552,576,None,Move,development
1568357957.688,553,576,None,Move,development
1568357957.698,554,576,None,Move,development
1568357957.718,556,576,None,Move,development
1568357957.738,557,576,None,Move,development
1568357957.8079998,557,576,None,Move,development
1568357957.8279998,560,577,None,Move,development
1568357957.8479998,562,578,None,Move,development
1568357957.8679998,568,578,None,Move,development
1568357957.8779998,577,578,None,Move,development
1568357957.8979998,583,578,None,Move,development
1568357957.918,588,578,None,Move,development
1568357957.928,590,578,None,Move,development
1568357957.938,594,578,None,Move,development
1568357957.948,595,577,None,Move,development
1568357957.958,595,577,None,Move,development
1568357957.968,596,576,None,Move,development
1568357957.978,596,574,None,Move,development
1568357957.988,596,574,None,Move,development
1568357957.998,596,573,None,Move,development
1568357958.008,596,571,None,Move,development
1568357958.018,596,570,None,Move,development
1568357958.028,598,568,None,Move,development
1568357958.038,600,565,None,Move,development
1568357958.048,601,563,None,Move,development
1568357958.0579998,602,562,None,Move,development
1568357958.0679998,605,560,None,Move,development
1568357958.0779998,607,559,None,Move,development
1568357958.0879998,611,556,None,Move,development
1568357958.0979998,611,556,None,Move,development
1568357958.1079998,613,555,None,Move,development
1568357958.1179998,614,553,None,Move,development
1568357958.1279998,614,553,None,Move,development
1568357958.1479998,615,553,None,Move,development
1568357958.158,616,553,None,Move,development
1568357958.198,617,553,None,Move,development
1568357958.288,617,553,None,Move,development
1568357958.428,618,553,None,Move,development
1568357958.5129998,619,553,None,Move,development
1568357958.553,619,554,None,Move,development
1568357958.573,619,556,None,Move,development
1568357958.913,619,556,None,Move,development
1568357958.923,620,555,None,Move,development
1568357958.9329998,620,554,None,Move,development
1568357958.9429998,622,552,None,Move,development
1568357958.9529998,622,551,None,Move,development
1568357959.053,623,550,None,Move,development
1568357959.173,624,550,None,Move,development
1568357959.1829998,624,550,None,Move,development
1568357959.2029998,625,549,None,Move,development
1568357959.2229998,625,549,None,Move,development
1568357959.303,626,549,None,Move,development
1568357959.9020002,627,549,None,Move,development
1568357959.9220002,628,549,None,Move,development
1568357959.9320002,628,548,None,Move,development
1568357959.952,628,547,None,Move,development
1568357959.962,628,545,None,Move,development
1568357959.982,628,545,None,Move,development
1568357959.992,628,543,None,Move,development
1568357960.012,628,540,None,Move,development
1568357960.022,628,539,None,Move,development
1568357960.032,628,538,None,Move,development
1568357960.1320002,628,538,None,Move,development
1568357960.3820002,628,537,None,Move,development
1568357960.3920002,628,537,None,Move,development
1568357960.4020002,627,537,None,Move,development
1568357960.4120002,627,538,None,Move,development
1568357960.4220002,626,539,None,Move,development
1568357960.4320002,626,540,None,Move,development
1568357960.447,625,540,None,Move,development
1568357960.457,624,541,None,Move,development
1568357960.4829998,624,541,None,Move,development
1568357960.49,623,541,None,Move,development
1568357960.5,623,541,None,Move,development
1568357960.51,622,541,None,Move,development
1568357960.52,620,541,None,Move,development
1568357960.53,617,541,None,Move,development
1568357960.54,614,543,None,Move,development
1568357960.55,613,543,None,Move,development
1568357960.56,611,544,None,Move,development
1568357960.57,609,545,None,Move,development
1568357960.58,607,546,None,Move,development
1568357960.59,604,546,None,Move,development
1568357960.6,601,546,None,Move,development
1568357960.61,598,546,None,Move,development
1568357960.62,592,546,None,Move,development
1568357960.63,591,546,None,Move,development
1568357960.64,583,546,None,Move,development
1568357960.65,575,543,None,Move,development
1568357960.66,563,537,None,Move,development
1568357960.67,558,536,None,Move,development
1568357960.68,544,529,None,Move,development
1568357960.69,531,523,None,Move,development
1568357960.7,518,520,None,Move,development
1568357960.71,515,518,None,Move,development
1568357960.72,508,516,None,Move,development
1568357960.73,507,516,None,Move,development
1568357960.74,502,516,None,Move,development
1568357960.76,502,516,None,Move,development
1568357960.77,501,516,None,Move,development
1568357961.179,501,516,None,Move,development
1568357961.209,500,515,None,Move,development
1568357961.229,500,515,None,Move,development
1568357961.2489998,499,514,None,Move,development
1568357961.2589998,499,513,None,Move,development
1568357961.269,498,512,None,Move,development
1568357961.279,497,511,None,Move,development
1568357961.289,496,511,None,Move,development
1568357961.299,495,510,None,Move,development
1568357961.309,495,509,None,Move,development
1568357961.319,494,508,None,Move,development
1568357961.329,492,505,None,Move,development
1568357961.339,491,504,None,Move,development
1568357961.349,490,503,None,Move,development
1568357961.359,487,497,None,Move,development
1568357961.369,486,494,None,Move,development
1568357961.379,483,489,None,Move,development
1568357961.389,480,485,None,Move,development
1568357961.399,480,484,None,Move,development
1568357961.409,477,480,None,Move,development
1568357961.419,475,477,None,Move,development
1568357961.429,474,476,None,Move,development
1568357961.441,473,475,None,Move,development
1568357961.451,471,471,None,Move,development
1568357961.457,471,471,None,Move,development
1568357961.465,469,468,None,Move,development
1568357961.475,468,463,None,Move,development
1568357961.481,467,462,None,Move,development
1568357961.488,465,456,None,Move,development
1568357961.498,464,451,None,Move,development
1568357961.508,461,443,None,Move,development
1568357961.518,460,441,None,Move,development
1568357961.528,455,432,None,Move,development
1568357961.538,452,422,None,Move,development
1568357961.548,450,410,None,Move,development
1568357961.5579998,449,406,None,Move,development
1568357961.5679998,449,396,None,Move,development
1568357961.5779998,449,389,None,Move,development
1568357961.5879998,449,381,None,Move,development
1568357961.5979998,449,380,None,Move,development
1568357961.6079998,448,373,None,Move,development
1568357961.6179998,448,367,None,Move,development
1568357961.6279998,447,361,None,Move,development
1568357961.6379998,445,358,None,Move,development
1568357961.6479998,444,350,None,Move,development
1568357961.658,443,347,None,Move,development
1568357961.668,442,338,None,Move,development
1568357961.678,442,335,None,Move,development
1568357961.688,442,333,None,Move,development
1568357961.698,442,332,None,Move,development
1568357961.708,441,328,None,Move,development
1568357961.718,441,327,None,Move,development
1568357961.728,441,324,None,Move,development
1568357961.738,441,323,None,Move,development
1568357961.748,441,323,None,Move,development
1568357961.758,441,321,None,Move,development
1568357961.768,441,321,None,Move,development
1568357961.8379998,440,320,None,Move,development
1568357961.8579998,439,318,None,Move,development
1568357961.877,439,317,None,Move,development
1568357961.897,438,315,None,Move,development
1568357961.918,437,313,None,Move,development
1568357961.928,437,312,None,Move,development
1568357961.948,435,310,None,Move,development
1568357961.968,434,309,None,Move,development
1568357961.9970002,434,309,None,Move,development
1568357962.0070002,433,308,None,Move,development
1568357962.0470002,433,308,None,Move,development
1568357962.0570002,432,307,None,Move,development
1568357962.147,431,307,None,Move,development
1568357962.177,431,307,None,Move,development
1568357962.197,430,307,None,Move,development
1568357962.207,430,306,None,Move,development
1568357962.217,429,306,None,Move,development
1568357962.2270002,428,306,None,Move,development
1568357962.2570002,428,306,None,Move,development
1568357962.2770002,427,306,None,Move,development
1568357962.2870002,426,306,None,Move,development
1568357962.2970002,426,306,None,Move,development
1568357962.3070002,425,306,None,Move,development
1568357962.3170002,425,306,None,Move,development
1568357962.357,423,306,None,Move,development
1568357962.367,422,306,None,Move,development
1568357962.397,422,306,None,Move,development
1568357962.475,421,306,None,Move,development
1568357962.496,421,306,None,Move,development
1568357962.514,421,307,None,Move,development
1568357962.594,421,308,None,Move,development
1568357962.6139998,421,308,None,Move,development
1568357962.644,422,309,None,Move,development
1568357962.664,422,309,None,Move,development
1568357962.674,423,311,None,Move,development
1568357962.694,424,311,None,Move,development
1568357962.704,424,312,None,Move,development
1568357962.714,425,312,None,Move,development
1568357962.734,426,314,None,Move,development
1568357962.754,427,314,None,Move,development
1568357962.764,428,316,None,Move,development
1568357962.774,428,317,None,Move,development
1568357962.784,429,317,None,Move,development
1568357962.794,429,318,None,Move,development
1568357962.804,430,318,None,Move,development
1568357962.814,430,319,None,Move,development
1568357962.824,431,319,None,Move,development
1568357962.834,431,320,None,Move,development
1568357962.844,433,323,None,Move,development
1568357962.854,433,324,None,Move,development
1568357962.8639998,434,326,None,Move,development
1568357962.8739998,434,328,None,Move,development
1568357962.8839998,434,329,None,Move,development
1568357962.894,435,329,None,Move,development
1568357962.914,435,330,None,Move,development
1568357962.924,435,331,None,Move,development
1568357962.954,435,331,None,Move,development
1568357962.964,435,333,None,Move,development
1568357962.974,436,333,None,Move,development
1568357962.994,436,334,None,Move,development
1568357963.014,436,334,None,Move,development
1568357963.044,436,335,None,Move,development
1568357963.1139998,436,336,None,Move,development
1568357963.467,436,336,None,Move,development
1568357963.4729998,436,336,None,Move,development
1568357963.4829998,436,335,None,Move,development
1568357963.494,436,334,None,Move,development
1568357963.504,436,333,None,Move,development
1568357963.514,436,332,None,Move,development
1568357963.544,436,332,None,Move,development
1568357963.564,435,331,None,Move,development
1568357963.574,435,331,None,Move,development
1568357963.583,434,329,None,Move,development
1568357963.593,434,328,None,Move,development
1568357963.604,434,328,None,Move,development
1568357963.6139998,432,327,None,Move,development
1568357963.6239998,432,326,None,Move,development
1568357963.633,432,325,None,Move,development
1568357963.644,432,325,None,Move,development
1568357963.664,432,324,None,Move,development
1568357963.674,432,323,None,Move,development
1568357963.684,432,322,None,Move,development
1568357963.704,432,322,None,Move,development
1568357963.714,431,320,None,Move,development
1568357963.784,431,319,None,Move,development
1568357963.803,432,319,None,Move,development
1568357963.843,432,317,None,Move,development
1568357963.873,432,317,None,Move,development
1568357963.883,432,316,None,Move,development
1568357963.893,433,316,None,Move,development
1568357963.913,433,315,None,Move,development
1568357963.9329998,433,314,None,Move,development
1568357963.9429998,433,314,None,Move,development
1568357963.9729998,433,313,None,Move,development
1568357963.9929998,433,312,None,Move,development
1568357964.0029998,433,312,None,Move,development
1568357964.053,433,310,None,Move,development
1568357964.103,432,309,None,Move,development
1568357964.113,431,308,None,Move,development
1568357964.123,431,308,None,Move,development
1568357964.133,431,307,None,Move,development
1568357964.1829998,431,306,None,Move,development
1568357964.1929998,431,305,None,Move,development
1568357964.2329998,431,305,None,Move,development
1568357964.2729998,431,304,None,Move,development
1568357964.283,431,304,None,Move,development
1568357964.293,431,303,None,Move,development
1568357964.333,431,303,None,Move,development
1568357964.353,431,301,None,Move,development
1568357964.363,431,300,None,Move,development
1568357964.393,431,300,None,Move,development
1568357964.4329998,431,299,None,Move,development
1568357965.603,431,299,Left,Pressed,development
1568357965.7529998,431,299,Left,Released,development
1568357965.813,431,298,None,Move,development
1568357965.833,431,298,None,Move,development
1568357965.843,431,301,None,Move,development
1568357965.853,431,302,None,Move,development
1568357965.863,431,304,None,Move,development
1568357965.873,431,304,None,Move,development
1568357965.883,431,306,None,Move,development
1568357965.893,431,307,None,Move,development
1568357965.903,431,307,None,Move,development
1568357965.913,432,309,None,Move,development
1568357965.923,432,309,None,Move,development
1568357965.9329998,432,310,None,Move,development
1568357965.9429998,432,313,None,Move,development
1568357965.9529998,432,313,None,Move,development
1568357965.9629998,432,314,None,Move,development
1568357966.2529998,432,314,None,Move,development
1568357966.393,432,314,None,Move,development
1568357966.479,432,314,Left,Pressed,development
1568357966.673,432,314,Left,Released,development
1568357968.062,431,314,None,Move,development
1568357968.082,431,315,None,Move,development
1568357968.092,431,316,None,Move,development
1568357968.1020002,431,317,None,Move,development
1568357968.1120002,433,319,None,Move,development
1568357968.1220002,437,323,None,Move,development
1568357968.1320002,438,325,None,Move,development
1568357968.1420002,443,328,None,Move,development
1568357968.1520002,456,337,None,Move,development
1568357968.1620002,471,346,None,Move,development
1568357968.1720002,473,347,None,Move,development
1568357968.1820002,480,350,None,Move,development
1568357968.1920002,500,358,None,Move,development
1568357968.202,529,368,None,Move,development
1568357968.212,535,370,None,Move,development
1568357968.222,543,372,None,Move,development
1568357968.232,561,378,None,Move,development
1568357968.242,588,387,None,Move,development
1568357968.252,594,388,None,Move,development
1568357968.262,603,390,None,Move,development
1568357968.272,623,397,None,Move,development
1568357968.282,637,400,None,Move,development
1568357968.292,639,400,None,Move,development
1568357968.302,642,401,None,Move,development
1568357968.312,647,404,None,Move,development
1568357968.322,650,405,None,Move,development
1568357968.332,651,405,None,Move,development
1568357968.342,653,407,None,Move,development
1568357968.3520002,655,407,None,Move,development
1568357968.3620002,659,409,None,Move,development
1568357968.3720002,660,409,None,Move,development
1568357968.3820002,662,410,None,Move,development
1568357968.3920002,667,411,None,Move,development
1568357968.4020002,671,412,None,Move,development
1568357968.4120002,672,413,None,Move,development
1568357968.4220002,674,414,None,Move,development
1568357968.4320002,679,416,None,Move,development
1568357968.4420002,680,416,None,Move,development
1568357968.451,683,419,None,Move,development
1568357968.457,686,419,None,Move,development
1568357968.467,690,422,None,Move,development
1568357968.4770002,700,429,None,Move,development
1568357968.482,702,429,None,Move,development
1568357968.4910002,712,432,None,Move,development
1568357968.5010002,717,436,None,Move,development
1568357968.5110002,730,444,None,Move,development
1568357968.521,732,444,None,Move,development
1568357968.531,739,448,None,Move,development
1568357968.541,746,451,None,Move,development
1568357968.551,750,455,None,Move,development
1568357968.561,751,455,None,Move,development
1568357968.571,753,457,None,Move,development
1568357968.591,755,458,None,Move,development
1568357968.601,755,460,None,Move,development
1568357968.611,756,461,None,Move,development
1568357968.621,757,461,None,Move,development
1568357968.641,758,464,None,Move,development
1568357968.651,758,465,None,Move,development
1568357968.661,758,466,None,Move,development
1568357968.671,758,468,None,Move,development
1568357968.691,758,469,None,Move,development
1568357968.701,758,471,None,Move,development
1568357968.711,758,473,None,Move,development
1568357968.721,759,477,None,Move,development
1568357968.731,760,479,None,Move,development
1568357968.7410002,760,479,None,Move,development
1568357968.771,760,480,None,Move,development
1568357969.121,760,482,None,Move,development
1568357969.131,760,483,None,Move,development
1568357969.151,760,485,None,Move,development
1568357969.455,760,486,None,Move,development
1568357969.476,760,488,None,Move,development
1568357969.4889998,759,490,None,Move,development
1568357969.849,759,491,None,Move,development
1568357969.859,759,491,None,Move,development
1568357970.488,759,491,None,Move,development
1568357970.518,759,491,None,Move,development
1568357971.656,759,490,None,Move,development
1568357971.726,759,490,None,Move,development
1568357971.766,759,491,None,Move,development
1568357971.786,759,492,None,Move,development
1568357972.356,759,492,None,Move,development
1568357972.375,759,494,None,Move,development
1568357972.395,754,497,None,Move,development
1568357972.405,751,499,None,Move,development
1568357972.415,748,500,None,Move,development
1568357972.425,747,500,None,Move,development
1568357972.435,747,501,None,Move,development
1568357972.447,741,503,None,Move,development
1568357972.457,738,505,None,Move,development
1568357972.465,733,508,None,Move,development
1568357972.4770002,732,508,None,Move,development
1568357972.485,724,513,None,Move,development
1568357972.495,719,517,None,Move,development
1568357972.505,706,528,None,Move,development
1568357972.515,684,549,None,Move,development
1568357972.525,682,551,None,Move,development
1568357972.535,673,560,None,Move,development
1568357972.545,658,577,None,Move,development
1568357972.555,642,598,None,Move,development
1568357972.565,638,604,None,Move,development
1568357972.575,632,612,None,Move,development
1568357972.585,620,625,None,Move,development
1568357972.595,619,627,None,Move,development
1568357972.605,607,635,None,Move,development
1568357972.615,600,641,None,Move,development
1568357972.625,586,647,None,Move,development
1568357972.635,566,652,None,Move,development
1568357972.645,563,652,None,Move,development
1568357972.655,553,652,None,Move,development
1568357972.665,543,652,None,Move,development
1568357972.675,540,652,None,Move,development
1568357972.695,540,654,None,Move,development
1568357972.705,542,654,None,Move,development
1568357972.715,546,654,None,Move,development
1568357972.735,546,654,None,Move,development
1568357973.065,546,655,None,Move,development
1568357973.085,543,655,None,Move,development
1568357973.095,536,655,None,Move,development
1568357973.105,528,655,None,Move,development
1568357973.125,524,655,None,Move,development
1568357973.135,510,655,None,Move,development
1568357973.145,487,652,None,Move,development
1568357973.155,485,652,None,Move,development
1568357973.165,475,652,None,Move,development
1568357973.175,463,649,None,Move,development
1568357973.185,444,646,None,Move,development
1568357973.195,441,646,None,Move,development
1568357973.205,427,646,None,Move,development
1568357973.215,415,646,None,Move,development
1568357973.225,405,646,None,Move,development
1568357973.235,402,646,None,Move,development
1568357973.245,394,646,None,Move,development
1568357973.255,387,646,None,Move,development
1568357973.265,380,646,None,Move,development
1568357973.275,379,646,None,Move,development
1568357973.285,374,644,None,Move,development
1568357973.295,372,644,None,Move,development
1568357973.305,371,644,None,Move,development
1568357973.315,370,643,None,Move,development
1568357973.335,370,643,None,Move,development
1568357973.345,369,642,None,Move,development
1568357973.375,369,641,None,Move,development
1568357973.385,368,641,None,Move,development
1568357973.405,368,640,None,Move,development
1568357973.415,368,640,None,Move,development
1568357973.425,368,639,None,Move,development
1568357973.435,368,639,None,Move,development
1568357973.45,368,637,None,Move,development
1568357973.456,368,636,None,Move,development
1568357973.465,368,635,None,Move,development
1568357973.475,368,634,None,Move,development
1568357973.4870002,369,633,None,Move,development
1568357973.4929998,370,631,None,Move,development
1568357973.505,371,629,None,Move,development
1568357973.635,372,629,None,Move,development
1568357978.431,372,628,None,Move,development
1568357978.44,372,628,None,Move,development
1568357978.447,373,627,None,Move,development
1568357978.459,374,623,None,Move,development
1568357978.465,377,620,None,Move,development
1568357978.4729998,381,614,None,Move,development
1568357978.479,381,611,None,Move,development
1568357978.4889998,385,603,None,Move,development
1568357978.49,387,595,None,Move,development
1568357978.5,390,587,None,Move,development
1568357978.51,393,577,None,Move,development
1568357978.52,400,565,None,Move,development
1568357978.53,401,556,None,Move,development
1568357978.54,404,547,None,Move,development
1568357978.55,408,534,None,Move,development
1568357978.56,408,532,None,Move,development
1568357978.57,410,522,None,Move,development
1568357978.58,411,516,None,Move,development
1568357978.59,412,510,None,Move,development
1568357978.6,412,509,None,Move,development
1568357978.61,414,503,None,Move,development
1568357978.62,415,502,None,Move,development
1568357978.63,417,499,None,Move,development
1568357978.64,417,497,None,Move,development
1568357978.65,419,494,None,Move,development
1568357978.66,420,492,None,Move,development
1568357978.67,420,487,None,Move,development
1568357978.68,421,486,None,Move,development
1568357978.7,422,483,None,Move,development
1568357978.71,422,482,None,Move,development
1568357978.72,422,482,None,Move,development
1568357978.77,423,481,None,Move,development
1568357978.79,423,481,None,Move,development
1568357978.84,423,480,None,Move,development
1568357978.97,424,480,None,Move,development
1568357978.98,427,480,None,Move,development
1568357979.0,430,480,None,Move,development
1568357979.02,432,480,None,Move,development
1568357979.03,434,480,None,Move,development
1568357979.05,435,480,None,Move,development
1568357979.07,437,480,None,Move,development
1568357979.09,438,480,None,Move,development
1568357979.6179998,438,480,None,Move,development
1568357979.6379998,438,480,None,Move,development
1568357979.678,437,480,None,Move,development
1568357979.728,437,480,None,Move,development
1568357979.778,437,480,None,Move,development
1568357979.8379998,436,480,None,Move,development
1568357979.8879998,435,480,None,Move,development
1568357980.018,434,478,None,Move,development
1568357980.228,434,478,Left,Pressed,development
1568357980.3170002,434,478,Left,Released,development
1568357980.357,434,478,None,Move,development
1568357980.377,434,478,None,Move,development
1568357980.397,434,480,None,Move,development
1568357980.407,433,480,None,Move,development
1568357980.427,433,481,None,Move,development
1568357980.437,433,482,None,Move,development
1568357980.458,433,483,None,Move,development
1568357980.465,433,483,None,Move,development
1568357980.4910002,433,484,None,Move,development
1568357980.5010002,433,484,None,Move,development
1568357980.522,433,485,None,Move,development
1568357980.532,433,485,None,Move,development
1568357980.542,433,486,None,Move,development
1568357980.5979998,433,487,None,Move,development
1568357980.8279998,433,488,None,Move,development
1568357980.8579998,433,489,None,Move,development
1568357980.8779998,433,490,None,Move,development
1568357981.1179998,433,490,Left,Pressed,development
1568357981.218,433,490,Left,Released,development
1568357981.278,433,490,None,Move,development
1568357981.288,433,491,None,Move,development
1568357981.298,433,493,None,Move,development
1568357981.3079998,433,494,None,Move,development
1568357981.3179998,433,495,None,Move,development
1568357981.3279998,433,497,None,Move,development
1568357981.3379998,433,499,None,Move,development
1568357981.3479998,433,502,None,Move,development
1568357981.3679998,433,503,None,Move,development
1568357981.3779998,432,509,None,Move,development
1568357981.3879998,430,513,None,Move,development
1568357981.3979998,429,514,None,Move,development
1568357981.408,429,515,None,Move,development
1568357981.418,429,522,None,Move,development
1568357981.428,429,526,None,Move,development
1568357981.439,429,528,None,Move,development
1568357981.449,429,530,None,Move,development
1568357981.456,429,531,None,Move,development
1568357981.4629998,429,532,None,Move,development
1568357981.475,429,534,None,Move,development
1568357981.4929998,429,535,None,Move,development
1568357981.5029998,429,535,None,Move,development
1568357981.5129998,428,535,None,Move,development
1568357981.5229998,426,535,None,Move,development
1568357981.533,425,536,None,Move,development
1568357981.573,424,536,None,Move,development
1568357981.583,424,536,None,Move,development
1568357981.593,423,536,None,Move,development
1568357981.633,422,536,None,Move,development
1568357981.673,422,536,None,Move,development
1568357981.7229998,421,536,None,Move,development
1568357981.7729998,420,537,None,Move,development
1568357981.793,420,539,None,Move,development
1568357981.813,420,542,None,Move,development
1568357981.833,420,544,None,Move,development
1568357981.843,420,548,None,Move,development
1568357981.853,420,553,None,Move,development
1568357981.863,420,555,None,Move,development
1568357981.873,420,558,None,Move,development
1568357981.883,420,559,None,Move,development
1568357981.893,420,561,None,Move,development
1568357981.903,420,567,None,Move,development
1568357981.913,420,575,None,Move,development
1568357981.923,420,576,None,Move,development
1568357981.9329998,420,582,None,Move,development
1568357981.9429998,420,590,None,Move,development
1568357981.9529998,419,598,None,Move,development
1568357981.9629998,419,600,None,Move,development
1568357981.9729998,418,602,None,Move,development
1568357981.9829998,416,606,None,Move,development
1568357981.9929998,413,609,None,Move,development
1568357982.0029998,413,609,None,Move,development
1568357982.0129998,411,611,None,Move,development
1568357982.0229998,409,615,None,Move,development
1568357982.033,409,617,None,Move,development
1568357982.043,409,618,None,Move,development
1568357982.053,408,618,None,Move,development
1568357982.063,407,621,None,Move,development
1568357982.073,407,622,None,Move,development
1568357982.083,406,623,None,Move,development
1568357982.093,405,625,None,Move,development
1568357982.143,405,625,None,Move,development
1568357982.153,403,627,None,Move,development
1568357982.173,403,628,None,Move,development
1568357982.1829998,403,629,None,Move,development
1568357982.1929998,403,629,None,Move,development
1568357982.2029998,403,630,None,Move,development
1568357982.549,403,630,None,Move,development
1568357982.569,403,630,None,Move,development
1568357982.579,404,629,None,Move,development
1568357982.599,404,627,None,Move,development
1568357982.609,404,627,None,Move,development
1568357982.619,404,626,None,Move,development
1568357982.629,405,626,None,Move,development
1568357982.649,405,625,None,Move,development
1568357983.827,405,625,Left,Pressed,development
1568357984.266,405,625,Left,Released,development
1568357985.605,405,625,None,Move,development
1568357985.645,405,624,None,Move,development
1568357985.685,405,623,None,Move,development
1568357985.785,405,622,None,Move,development
1568357985.855,405,622,None,Move,development
1568357985.875,405,621,None,Move,development
1568357985.885,405,621,None,Move,development
1568357985.905,406,619,None,Move,development
1568357985.915,406,619,None,Move,development
1568357985.935,406,616,None,Move,development
1568357985.945,406,615,None,Move,development
1568357985.965,406,613,None,Move,development
1568357985.985,406,613,None,Move,development
1568357985.995,406,611,None,Move,development
1568357986.005,406,610,None,Move,development
1568357986.015,406,610,None,Move,development
1568357986.025,406,609,None,Move,development
1568357986.045,406,609,None,Move,development
1568357986.065,406,608,None,Move,development
1568357986.075,406,606,None,Move,development
1568357986.085,406,605,None,Move,development
1568357986.095,406,604,None,Move,development
1568357986.105,405,603,None,Move,development
1568357986.115,404,603,None,Move,development
1568357986.125,403,602,None,Move,development
1568357986.135,401,599,None,Move,development
1568357986.145,399,597,None,Move,development
1568357986.155,398,596,None,Move,development
1568357986.165,397,594,None,Move,development
1568357986.175,392,592,None,Move,development
1568357986.185,385,590,None,Move,development
1568357986.195,385,589,None,Move,development
1568357986.205,381,586,None,Move,development
1568357986.215,375,584,None,Move,development
1568357986.225,369,582,None,Move,development
1568357986.235,367,581,None,Move,development
1568357986.245,364,579,None,Move,development
1568357986.255,354,575,None,Move,development
1568357986.265,346,569,None,Move,development
1568357986.275,343,569,None,Move,development
1568357986.285,337,566,None,Move,development
1568357986.295,327,561,None,Move,development
1568357986.305,318,559,None,Move,development
1568357986.315,317,558,None,Move,development
1568357986.325,312,556,None,Move,development
1568357986.335,304,551,None,Move,development
1568357986.355,293,545,None,Move,development
1568357986.365,288,543,None,Move,development
1568357986.375,278,538,None,Move,development
1568357986.385,269,531,None,Move,development
1568357986.395,267,529,None,Move,development
1568357986.405,262,525,None,Move,development
1568357986.415,250,515,None,Move,development
1568357986.425,241,506,None,Move,development
1568357986.435,237,501,None,Move,development
1568357986.447,230,494,None,Move,development
1568357986.4529998,225,486,None,Move,development
1568357986.4629998,221,477,None,Move,development
1568357986.4729998,213,458,None,Move,development
1568357986.479,211,455,None,Move,development
1568357986.4870002,206,446,None,Move,development
1568357986.494,203,437,None,Move,development
1568357986.505,187,414,None,Move,development
1568357986.515,184,409,None,Move,development
1568357986.524,179,401,None,Move,development
1568357986.535,172,389,None,Move,development
1568357986.544,167,382,None,Move,development
1568357986.554,167,380,None,Move,development
1568357986.564,166,379,None,Move,development
1568357986.574,166,378,None,Move,development
1568357986.584,166,372,None,Move,development
1568357986.594,166,369,None,Move,development
1568357986.604,165,363,None,Move,development
1568357986.6139998,162,356,None,Move,development
1568357986.6239998,161,352,None,Move,development
1568357987.064,160,352,None,Move,development
1568357987.074,160,351,None,Move,development
1568357987.084,159,350,None,Move,development
1568357987.094,159,350,None,Move,development
1568357987.104,158,349,None,Move,development
1568357987.1239998,158,346,None,Move,development
1568357987.1339998,158,346,None,Move,development
1568357987.144,158,345,None,Move,development
1568357987.154,158,345,None,Move,development
1568357987.164,158,342,None,Move,development
1568357987.174,158,341,None,Move,development
1568357987.184,158,340,None,Move,development
1568357987.194,158,338,None,Move,development
1568357987.204,158,325,None,Move,development
1568357987.214,158,323,None,Move,development
1568357987.224,158,318,None,Move,development
1568357987.234,157,314,None,Move,development
1568357987.244,156,308,None,Move,development
1568357987.254,155,299,None,Move,development
1568357987.264,154,294,None,Move,development
1568357987.274,152,282,None,Move,development
1568357987.284,150,275,None,Move,development
1568357987.294,147,263,None,Move,development
1568357987.304,141,249,None,Move,development
1568357987.314,139,243,None,Move,development
1568357987.324,136,234,None,Move,development
1568357987.334,131,223,None,Move,development
1568357987.344,125,215,None,Move,development
1568357987.354,122,208,None,Move,development
1568357987.3639998,117,201,None,Move,development
1568357987.3739998,110,191,None,Move,development
1568357987.3839998,104,181,None,Move,development
1568357987.394,100,175,None,Move,development
1568357987.404,96,171,None,Move,development
1568357987.414,90,164,None,Move,development
1568357987.424,87,161,None,Move,development
1568357987.434,85,157,None,Move,development
1568357987.445,83,155,None,Move,development
1568357987.455,80,149,None,Move,development
1568357987.4629998,78,149,None,Move,development
1568357987.475,75,146,None,Move,development
1568357987.482,74,143,None,Move,development
1568357987.488,73,141,None,Move,development
1568357987.494,71,139,None,Move,development
1568357987.504,69,137,None,Move,development
1568357987.514,69,136,None,Move,development
1568357987.524,68,135,None,Move,development
1568357987.534,67,132,None,Move,development
1568357987.544,66,131,None,Move,development
1568357987.554,63,127,None,Move,development
1568357987.564,61,126,None,Move,development
1568357987.574,60,123,None,Move,development
1568357987.584,58,120,None,Move,development
1568357987.594,56,118,None,Move,development
1568357987.604,56,117,None,Move,development
1568357987.6139998,54,116,None,Move,development
1568357987.6239998,52,115,None,Move,development
1568357987.6339998,51,114,None,Move,development
1568357987.654,50,112,None,Move,development
1568357987.674,49,111,None,Move,development
1568357987.684,49,110,None,Move,development
1568357987.704,49,110,None,Move,development
1568357987.714,48,109,None,Move,development
1568357987.724,48,109,None,Move,development
1568357987.734,48,106,None,Move,development
1568357987.744,48,105,None,Move,development
1568357987.754,47,104,None,Move,development
1568357987.764,47,101,None,Move,development
1568357987.774,45,99,None,Move,development
1568357987.784,45,97,None,Move,development
1568357987.794,44,97,None,Move,development
1568357987.804,44,96,None,Move,development
1568357987.8739998,44,95,None,Move,development
1568357987.894,44,94,None,Move,development
1568357987.914,44,93,None,Move,development
1568357987.924,44,92,None,Move,development
1568357987.934,45,89,None,Move,development
1568357987.944,46,88,None,Move,development
1568357987.954,47,87,None,Move,development
1568357987.964,47,87,None,Move,development
1568357987.974,48,87,None,Move,development
1568357987.984,49,86,None,Move,development
1568357988.004,50,85,None,Move,development
1568357988.014,50,84,None,Move,development
1568357988.024,50,83,None,Move,development
1568357988.034,50,83,None,Move,development
1568357988.044,50,82,None,Move,development
1568357988.054,50,81,None,Move,development
1568357988.064,50,79,None,Move,development
1568357988.074,50,77,None,Move,development
1568357988.084,50,76,None,Move,development
1568357988.094,50,75,None,Move,development
1568357988.104,49,74,None,Move,development
1568357988.1139998,49,73,None,Move,development
1568357988.1239998,48,71,None,Move,development
1568357988.144,47,68,None,Move,development
1568357988.154,47,65,None,Move,development
1568357988.164,46,62,None,Move,development
1568357988.174,45,58,None,Move,development
1568357988.184,45,57,None,Move,development
1568357988.194,45,56,None,Move,development
1568357988.204,45,55,None,Move,development
1568357988.214,45,54,None,Move,development
1568357988.224,45,52,None,Move,development
1568357988.234,45,50,None,Move,development
1568357988.254,45,50,None,Move,development
1568357988.264,48,50,None,Move,development
1568357988.274,48,50,None,Move,development
1568357988.284,49,49,None,Move,development
1568357988.294,52,49,None,Move,development
1568357988.304,52,49,None,Move,development
1568357988.314,54,49,None,Move,development
1568357988.324,55,48,None,Move,development
1568357988.334,56,47,None,Move,development
1568357988.344,57,47,None,Move,development
1568357988.354,58,46,None,Move,development
1568357988.3639998,60,46,None,Move,development
1568357988.3839998,60,46,None,Move,development
1568357988.394,63,46,None,Move,development
1568357988.404,63,46,None,Move,development
1568357988.414,64,46,None,Move,development
1568357988.424,65,46,None,Move,development
1568357988.434,66,46,None,Move,development
1568357988.449,67,46,None,Move,development
1568357988.465,68,47,None,Move,development
1568357988.475,69,48,None,Move,development
1568357988.481,69,48,None,Move,development
1568357988.486,70,49,None,Move,development
1568357988.494,71,50,None,Move,development
1568357988.504,73,52,None,Move,development
1568357988.514,74,52,None,Move,development
1568357988.524,75,54,None,Move,development
1568357988.534,76,54,None,Move,development
1568357988.564,76,54,None,Move,development
1568357988.594,77,54,None,Move,development
1568357988.6239998,78,54,None,Move,development
1568357988.6339998,79,54,None,Move,development
1568357988.654,80,54,None,Move,development
1568357988.674,82,54,None,Move,development
1568357988.694,83,54,None,Move,development
1568357988.873,83,54,Left,Pressed,development
1568357988.873,83,54,None,Drag,development
1568357988.873,83,54,Left,Released,development
1568357990.543,84,54,None,Move,development
1568357990.7229998,84,55,None,Move,development
1568357990.7429998,84,55,None,Move,development
1568357990.7629998,84,56,None,Move,development
1568357990.793,84,58,None,Move,development
1568357990.803,84,59,None,Move,development
1568357990.813,83,61,None,Move,development
1568357990.823,83,63,None,Move,development
1568357990.833,82,66,None,Move,development
1568357990.843,82,70,None,Move,development
1568357990.853,82,72,None,Move,development
1568357990.873,82,74,None,Move,development
1568357990.883,82,79,None,Move,development
1568357990.893,82,84,None,Move,development
1568357990.903,83,86,None,Move,development
1568357990.913,84,90,None,Move,development
1568357990.9329998,86,94,None,Move,development
1568357990.9429998,87,97,None,Move,development
1568357990.9529998,88,100,None,Move,development
1568357990.9629998,95,111,None,Move,development
1568357990.9729998,99,117,None,Move,development
1568357990.9829998,103,127,None,Move,development
1568357990.9929998,108,142,None,Move,development
1568357991.0029998,109,144,None,Move,development
1568357991.0129998,112,163,None,Move,development
1568357991.022,116,174,None,Move,development
1568357991.033,117,187,None,Move,development
1568357991.043,117,192,None,Move,development
1568357991.053,117,206,None,Move,development
1568357991.063,117,248,None,Move,development
1568357991.073,117,294,None,Move,development
1568357991.083,117,302,None,Move,development
1568357991.093,119,318,None,Move,development
1568357991.103,122,351,None,Move,development
1568357991.113,125,377,None,Move,development
1568357991.123,126,380,None,Move,development
1568357991.133,127,389,None,Move,development
1568357991.143,130,407,None,Move,development
1568357991.1520002,133,418,None,Move,development
1568357991.1620002,135,420,None,Move,development
1568357991.1720002,137,425,None,Move,development
1568357991.1820002,139,442,None,Move,development
1568357991.1920002,140,455,None,Move,development
1568357991.202,141,457,None,Move,development
1568357991.212,141,462,None,Move,development
1568357991.222,141,471,None,Move,development
1568357991.232,141,476,None,Move,development
1568357991.242,141,477,None,Move,development
1568357991.252,141,478,None,Move,development
1568357991.262,141,479,None,Move,development
1568357991.272,144,486,None,Move,development
1568357991.283,144,486,None,Move,development
1568357991.293,145,488,None,Move,development
1568357991.302,146,495,None,Move,development
1568357991.312,149,502,None,Move,development
1568357991.322,149,504,None,Move,development
1568357991.332,149,507,None,Move,development
1568357991.342,153,515,None,Move,development
1568357991.3520002,154,518,None,Move,development
1568357991.3620002,155,519,None,Move,development
1568357991.3720002,156,521,None,Move,development
1568357991.3820002,159,525,None,Move,development
1568357991.3920002,161,527,None,Move,development
1568357991.4020002,162,528,None,Move,development
1568357991.4120002,162,530,None,Move,development
1568357991.4220002,163,531,None,Move,development
1568357991.451,163,531,None,Move,development
1568357991.461,164,532,None,Move,development
1568357991.472,165,532,None,Move,development
1568357991.482,166,532,None,Move,development
1568357991.492,166,534,None,Move,development
1568357991.502,167,534,None,Move,development
1568357991.512,168,535,None,Move,development
1568357991.532,169,535,None,Move,development
1568357991.542,169,536,None,Move,development
1568357991.552,170,536,None,Move,development
1568357991.572,171,536,None,Move,development
1568357991.6120002,172,537,None,Move,development
1568357991.6320002,172,537,None,Move,development
1568357991.6420002,174,538,None,Move,development
1568357991.6620002,175,538,None,Move,development
1568357991.6720002,175,539,None,Move,development
1568357991.6920002,176,539,None,Move,development
1568357991.712,177,539,None,Move,development
1568357991.762,178,539,None,Move,development
1568357991.782,180,539,None,Move,development
1568357991.802,180,539,None,Move,development
1568357991.822,181,539,None,Move,development
1568357991.832,182,539,None,Move,development
1568357991.8520002,183,539,None,Move,development
1568357991.8720002,184,539,None,Move,development
1568357991.8820002,185,539,None,Move,development
1568357991.9020002,185,539,None,Move,development
1568357991.962,187,539,None,Move,development
1568357991.992,188,539,None,Move,development
1568357992.012,188,539,None,Move,development
1568357992.022,189,539,None,Move,development
1568357992.082,190,539,None,Move,development
1568357992.092,190,539,None,Move,development
1568357992.1020002,191,540,None,Move,development
1568357992.1220002,192,540,None,Move,development
1568357992.1320002,193,540,None,Move,development
1568357992.1420002,194,540,None,Move,development
1568357992.1620002,195,540,None,Move,development
1568357992.1820002,196,540,None,Move,development
1568357992.202,197,540,None,Move,development
1568357992.212,197,540,None,Move,development
1568357992.242,199,540,None,Move,development
1568357992.262,199,540,None,Move,development
1568357992.272,200,540,None,Move,development
1568357992.292,200,540,None,Move,development
1568357992.302,202,540,None,Move,development
1568357992.312,202,540,None,Move,development
1568357992.332,203,540,None,Move,development
1568357992.342,203,540,None,Move,development
1568357992.3520002,203,539,None,Move,development
1568357992.3720002,204,538,None,Move,development
1568357992.4020002,204,538,None,Move,development
1568357992.4220002,204,537,None,Move,development
1568357992.445,204,537,None,Move,development
1568357992.4529998,204,536,None,Move,development
1568357992.461,204,535,None,Move,development
1568357992.47,204,534,None,Move,development
1568357992.4889998,204,533,None,Move,development
1568357992.4970002,204,532,None,Move,development
1568357992.5170002,204,532,None,Move,development
1568357992.5370002,204,531,None,Move,development
1568357992.587,204,531,None,Move,development
1568357992.607,204,530,None,Move,development
1568357992.627,204,528,None,Move,development
1568357992.667,204,528,None,Move,development
1568357992.687,202,528,None,Move,development
1568357992.697,201,527,None,Move,development
1568357992.707,199,526,None,Move,development
1568357992.717,199,526,None,Move,development
1568357992.7370002,197,526,None,Move,development
1568357992.8070002,197,526,None,Move,development
1568357992.827,196,526,None,Move,development
1568357992.837,194,526,None,Move,development
1568357992.857,193,526,None,Move,development
1568357992.867,191,526,None,Move,development
1568357992.897,191,526,None,Move,development
1568357992.907,190,526,None,Move,development
1568357992.917,190,526,None,Move,development
1568357992.9770002,189,526,None,Move,development
1568357992.9970002,188,526,None,Move,development
1568357993.147,187,526,None,Move,development
1568357993.167,187,526,None,Move,development
1568357993.187,186,525,None,Move,development
1568357993.207,186,524,None,Move,development
1568357993.2370002,185,524,None,Move,development
1568357993.2470002,185,523,None,Move,development
1568357993.2570002,184,522,None,Move,development
1568357993.2770002,184,522,None,Move,development
1568357993.357,184,522,Left,Pressed,development
1568357993.469,184,522,Left,Released,development
1568357993.4889998,184,521,None,Move,development
1568357993.494,184,521,None,Move,development
1568357993.525,185,521,None,Move,development
1568357993.534,185,522,None,Move,development
1568357993.574,186,523,None,Move,development
1568357993.604,186,523,None,Move,development
1568357993.6239998,188,524,None,Move,development
1568357993.644,189,525,None,Move,development
1568357993.654,190,526,None,Move,development
1568357993.664,191,526,None,Move,development
1568357993.684,192,527,None,Move,development
1568357993.694,194,527,None,Move,development
1568357993.704,196,530,None,Move,development
1568357993.714,199,532,None,Move,development
1568357993.724,199,532,None,Move,development
1568357993.734,203,534,None,Move,development
1568357993.744,204,534,None,Move,development
1568357993.754,205,535,None,Move,development
1568357993.764,207,537,None,Move,development
1568357993.774,207,537,None,Move,development
1568357993.794,208,537,None,Move,development
1568357993.804,209,538,None,Move,development
1568357993.814,211,540,None,Move,development
1568357993.824,212,541,None,Move,development
1568357993.834,215,542,None,Move,development
1568357993.844,217,544,None,Move,development
1568357993.854,218,545,None,Move,development
1568357993.8739998,218,545,None,Move,development
1568357993.894,220,547,None,Move,development
1568357993.914,220,549,None,Move,development
1568357993.924,221,551,None,Move,development
1568357993.934,222,552,None,Move,development
1568357993.944,222,553,None,Move,development
1568357993.954,222,554,None,Move,development
1568357993.964,222,555,None,Move,development
1568357993.974,223,557,None,Move,development
1568357993.984,225,559,None,Move,development
1568357993.994,225,559,None,Move,development
1568357994.004,226,561,None,Move,development
1568357994.014,226,562,None,Move,development
1568357994.024,227,562,None,Move,development
1568357994.034,227,564,None,Move,development
1568357994.044,227,564,None,Move,development
1568357994.054,228,566,None,Move,development
1568357994.074,229,567,None,Move,development
1568357994.094,229,568,None,Move,development
1568357994.104,229,570,None,Move,development
1568357994.1139998,229,571,None,Move,development
1568357994.1239998,229,572,None,Move,development
1568357994.154,229,574,None,Move,development
1568357994.174,230,575,None,Move,development
1568357994.204,230,576,None,Move,development
1568357994.214,230,576,None,Move,development
1568357994.234,230,579,None,Move,development
1568357994.244,230,583,None,Move,development
1568357994.264,230,590,None,Move,development
1568357994.284,228,596,None,Move,development
1568357994.294,223,602,None,Move,development
1568357994.314,220,610,None,Move,development
1568357994.334,218,618,None,Move,development
1568357994.344,216,625,None,Move,development
1568357994.3639998,215,629,None,Move,development
1568357994.3839998,214,633,None,Move,development
1568357994.394,214,635,None,Move,development
1568357994.434,214,636,None,Move,development
1568357994.467,214,637,None,Move,development
1568357994.643,213,638,None,Move,development
1568357994.663,213,638,None,Move,development
1568357994.673,213,639,None,Move,development
1568357994.6829998,213,639,None,Move,development
1568357994.6929998,211,640,None,Move,development
1568357994.7129998,211,642,None,Move,development
1568357994.7329998,211,643,None,Move,development
1568357994.823,211,643,None,Move,development
1568357994.843,211,642,None,Move,development
1568357994.873,211,641,None,Move,development
1568357994.903,211,641,None,Move,development
1568357995.053,211,640,None,Move,development
1568357995.073,211,640,None,Move,development
1568357995.103,211,639,None,Move,development
1568357995.502,211,638,None,Move,development
1568357995.6220002,211,637,None,Move,development
1568357995.6420002,209,634,None,Move,development
1568357995.6620002,208,628,None,Move,development
1568357995.6720002,207,623,None,Move,development
1568357995.6820002,207,621,None,Move,development
1568357995.6920002,207,616,None,Move,development
1568357995.702,206,614,None,Move,development
1568357995.712,204,609,None,Move,development
1568357995.722,204,607,None,Move,development
1568357995.732,203,603,None,Move,development
1568357995.742,202,599,None,Move,development
1568357995.752,202,599,None,Move,development
1568357995.762,201,595,None,Move,development
1568357995.772,201,592,None,Move,development
1568357995.782,201,589,None,Move,development
1568357995.792,201,588,None,Move,development
1568357995.802,201,585,None,Move,development
1568357995.812,201,583,None,Move,development
1568357995.822,201,581,None,Move,development
1568357995.832,201,580,None,Move,development
1568357995.8520002,201,579,None,Move,development
1568357995.8920002,201,578,None,Move,development
1568357997.0679998,201,578,Left,Pressed,development
1568357997.178,201,578,Left,Released,development
1568357998.452,201,578,None,Move,development
1568357998.475,201,576,None,Move,development
1568357998.488,201,573,None,Move,development
1568357998.518,201,572,None,Move,development
1568357998.528,201,571,None,Move,development
1568357998.548,201,569,None,Move,development
1568357998.5579998,202,567,None,Move,development
1568357998.5679998,204,566,None,Move,development
1568357998.5779998,207,564,None,Move,development
1568357998.5879998,210,561,None,Move,development
1568357998.5979998,215,559,None,Move,development
1568357998.6079998,220,556,None,Move,development
1568357998.6179998,222,556,None,Move,development
1568357998.6279998,225,553,None,Move,development
1568357998.6379998,228,552,None,Move,development
1568357998.6479998,232,550,None,Move,development
1568357998.658,235,548,None,Move,development
1568357998.668,240,546,None,Move,development
1568357998.678,243,546,None,Move,development
1568357998.688,247,545,None,Move,development
1568357998.698,253,545,None,Move,development
1568357998.708,260,543,None,Move,development
1568357998.718,264,543,None,Move,development
1568357998.728,269,542,None,Move,development
1568357998.738,278,540,None,Move,development
1568357998.748,287,538,None,Move,development
1568357998.758,293,536,None,Move,development
1568357998.768,301,535,None,Move,development
1568357998.778,312,533,None,Move,development
1568357998.788,325,529,None,Move,development
1568357998.798,332,528,None,Move,development
1568357998.8079998,343,525,None,Move,development
1568357998.8179998,355,523,None,Move,development
1568357998.8279998,368,518,None,Move,development
1568357998.8379998,378,515,None,Move,development
1568357998.8479998,388,512,None,Move,development
1568357998.8579998,404,505,None,Move,development
1568357998.8679998,417,500,None,Move,development
1568357998.8779998,426,495,None,Move,development
1568357998.8879998,430,495,None,Move,development
1568357998.8979998,436,493,None,Move,development
1568357998.908,441,490,None,Move,development
1568357998.918,443,490,None,Move,development
1568357998.928,445,490,None,Move,development
1568357998.938,451,488,None,Move,development
1568357998.948,454,487,None,Move,development
1568357998.958,457,486,None,Move,development
1568357998.968,460,486,None,Move,development
1568357998.978,463,484,None,Move,development
1568357998.988,466,484,None,Move,development
1568357998.998,468,484,None,Move,development
1568357999.008,469,483,None,Move,development
1568357999.018,471,483,None,Move,development
1568357999.028,472,483,None,Move,development
1568357999.038,473,483,None,Move,development
1568357999.048,474,483,None,Move,development
1568357999.0579998,474,483,None,Move,development
1568357999.1179998,474,483,None,Move,development
1568357999.1379998,474,482,None,Move,development
1568357999.377,473,482,None,Move,development
1568357999.408,471,482,None,Move,development
1568357999.428,469,482,None,Move,development
1568357999.454,466,482,None,Move,development
1568357999.467,465,482,None,Move,development
1568357999.478,464,482,None,Move,development
1568357999.488,464,482,None,Move,development
1568357999.498,464,476,None,Move,development
1568357999.508,464,476,None,Move,development
1568357999.518,464,475,None,Move,development
1568357999.538,464,474,None,Move,development
1568357999.548,465,471,None,Move,development
1568357999.5579998,468,469,None,Move,development
1568357999.5679998,474,465,None,Move,development
1568357999.5779998,479,460,None,Move,development
1568357999.5979998,482,459,None,Move,development
1568357999.6079998,494,454,None,Move,development
1568357999.6179998,500,451,None,Move,development
1568357999.6279998,518,440,None,Move,development
1568357999.6379998,532,431,None,Move,development
1568357999.6479998,539,427,None,Move,development
1568357999.658,552,419,None,Move,development
1568357999.668,595,387,None,Move,development
1568357999.678,618,373,None,Move,development
1568357999.688,645,352,None,Move,development
1568357999.698,733,287,None,Move,development
1568357999.708,744,280,None,Move,development
1568357999.718,771,260,None,Move,development
1568357999.728,809,236,None,Move,development
1568357999.738,904,171,None,Move,development
1568357999.748,914,165,None,Move,development
1568357999.758,943,146,None,Move,development
1568357999.768,978,124,None,Move,development
1568357999.778,1063,76,None,Move,development
1568357999.788,1073,70,None,Move,development
1568357999.798,1096,58,None,Move,development
1568357999.8079998,1120,43,None,Move,development
1568357999.8179998,1138,32,None,Move,development
1568357999.8279998,1165,19,None,Move,development
1568357999.8379998,1176,12,None,Move,development
1568357999.8479998,1183,8,None,Move,development
1568357999.8579998,1185,6,None,Move,development
1568357999.8679998,1190,2,None,Move,development
1568357999.8779998,1192,0,None,Move,development
1568357999.8879998,1195,-1,None,Move,development
1568357999.8979998,1196,-1,None,Move,development
1568357999.908,1198,-2,None,Move,development
1568357999.928,1199,-2,None,Move,development
1568357999.958,1199,0,None,Move,development
1568357999.968,1200,0,None,Move,development
1568357999.988,1200,-1,None,Move,development
1568357999.998,1201,0,None,Move,development
1568358000.018,1206,3,None,Move,development
1568358000.0270002,1213,10,None,Move,development
1568358000.0370002,1215,12,None,Move,development
1568358000.048,1218,15,None,Move,development
1568358000.0579998,1222,18,None,Move,development
1568358000.0670002,1228,23,None,Move,development
1568358000.077,1234,30,None,Move,development
1568358000.087,1239,32,None,Move,development
1568358000.097,1245,39,None,Move,development
1568358000.107,1259,50,None,Move,development
1568358000.117,1261,52,None,Move,development
1568358000.127,1277,67,None,Move,development
1568358000.137,1283,71,None,Move,development
1568358000.147,1293,78,None,Move,development
1568358000.168,1298,80,None,Move,development
1568358000.177,1301,82,None,Move,development
1568358000.187,1302,83,None,Move,development
1568358000.3170002,1302,83,None,Move,development
1568358000.347,1299,83,None,Move,development
1568358000.367,1291,83,None,Move,development
1568358000.377,1285,83,None,Move,development
1568358000.397,1276,83,None,Move,development
1568358000.407,1269,82,None,Move,development
1568358000.417,1265,82,None,Move,development
1568358000.427,1261,82,None,Move,development
1568358000.437,1261,82,None,Move,development
1568358000.449,1260,82,None,Move,development
1568358000.457,1260,82,None,Move,development
1568358000.466,1259,82,None,Move,development
1568358000.528,1258,82,None,Move,development
1568358000.5879998,1258,82,None,Move,development
1568358000.6179998,1260,82,None,Move,development
1568358000.6379998,1262,82,None,Move,development
1568358000.668,1266,82,None,Move,development
1568358000.678,1269,82,None,Move,development
1568358000.688,1269,82,None,Move,development
1568358000.698,1270,82,None,Move,development
1568358000.708,1271,82,None,Move,development
1568358000.718,1272,82,None,Move,development
1568358000.738,1273,82,None,Move,development
1568358000.918,1274,82,Left,Pressed,development
1568358000.918,1274,82,None,Drag,development
1568358000.978,1274,82,None,Drag,development
1568358000.978,1274,82,Left,Released,development
1568358001.018,1274,84,None,Move,development
1568358001.028,1274,84,None,Move,development
1568358001.038,1270,86,None,Move,development
1568358001.048,1267,88,None,Move,development
1568358001.0579998,1265,90,None,Move,development
1568358001.0679998,1259,91,None,Move,development
1568358001.0779998,1249,97,None,Move,development
1568358001.0879998,1241,100,None,Move,development
1568358001.0979998,1235,102,None,Move,development
1568358001.1079998,1228,107,None,Move,development
1568358001.117,1215,114,None,Move,development
1568358001.1279998,1199,122,None,Move,development
1568358001.137,1191,125,None,Move,development
1568358001.1479998,1180,128,None,Move,development
1568358001.158,1152,138,None,Move,development
1568358001.168,1130,146,None,Move,development
1568358001.178,1111,153,None,Move,development
1568358001.188,1096,158,None,Move,development
1568358001.198,1061,171,None,Move,development
1568358001.208,1053,174,None,Move,development
1568358001.218,1009,196,None,Move,development
1568358001.228,981,207,None,Move,development
1568358001.238,934,227,None,Move,development
1568358001.248,902,240,None,Move,development
1568358001.258,877,251,None,Move,development
1568358001.268,852,261,None,Move,development
1568358001.2770002,804,280,None,Move,development
1568358001.2870002,778,291,None,Move,development
1568358001.2970002,762,301,None,Move,development
1568358001.3070002,746,310,None,Move,development
1568358001.3170002,717,325,None,Move,development
1568358001.327,702,335,None,Move,development
1568358001.357,684,345,None,Move,development
1568358001.367,666,354,None,Move,development
1568358001.377,654,362,None,Move,development
1568358001.397,651,365,None,Move,development
1568358001.407,640,372,None,Move,development
1568358001.417,637,374,None,Move,development
1568358001.427,635,377,None,Move,development
1568358001.4429998,633,379,None,Move,development
1568358001.449,630,380,None,Move,development
1568358001.457,630,381,None,Move,development
1568358001.466,629,383,None,Move,development
1568358001.479,628,384,None,Move,development
1568358001.48,627,384,None,Move,development
1568358001.488,627,385,None,Move,development
1568358001.498,626,385,None,Move,development
1568358001.518,624,385,None,Move,development
1568358001.528,624,385,None,Move,development
1568358001.538,623,385,None,Move,development
1568358001.5579998,621,387,None,Move,development
1568358001.5779998,619,389,None,Move,development
1568358001.6279998,619,389,None,Move,development
1568358001.658,635,387,None,Move,development
1568358001.688,640,387,None,Move,development
1568358002.2370002,640,387,None,Move,development
1568358002.2470002,639,387,None,Move,development
1568358002.2570002,639,387,None,Move,development
1568358002.2870002,638,387,None,Move,development
1568358002.2970002,637,387,None,Move,development
1568358002.357,636,387,None,Move,development
1568358002.5670002,636,387,None,Move,development
1568358002.597,635,387,None,Move,development
1568358002.697,635,387,None,Move,development
1568358002.7770002,634,387,None,Move,development
1568358002.8070002,633,387,None,Move,development
1568358002.827,632,387,None,Move,development
1568358002.837,629,387,None,Move,development
1568358002.857,628,387,None,Move,development
1568358002.867,626,387,None,Move,development
1568358002.877,626,387,None,Move,development
1568358002.887,625,387,None,Move,development
1568358003.347,625,388,None,Move,development
1568358003.387,626,388,None,Move,development
1568358003.397,626,389,None,Move,development
1568358003.407,627,389,None,Move,development
1568358003.449,628,390,None,Move,development
1568358003.5029998,629,390,None,Move,development
1568358003.543,629,391,None,Move,development
1568358004.66,629,391,None,Move,development
1568358004.67,629,391,None,Move,development
1568358014.837,630,388,None,Move,development
1568358014.857,1184,-325,None,Move,development
1568358014.867,1188,-11,None,Move,development
1568358014.8779998,1194,-37,None,Move,development
1568358014.8879998,1194,-19,None,Move,development
1568358014.897,1194,-12,None,Move,development
1568358014.908,1194,-4,None,Move,development
1568358014.918,1192,-13,None,Move,development
1568358014.928,1190,-7,None,Move,development
1568358014.938,1189,-3,None,Move,development
1568358014.948,1189,0,None,Move,development
1568358014.958,1189,-1,None,Move,development
1568358015.0470002,1189,0,None,Move,development
1568358015.0670002,1188,0,None,Move,development
1568358015.087,1186,0,None,Move,development
1568358015.157,1185,1,None,Move,development
1568358015.207,1185,1,None,Move,development
1568358015.217,1179,1,None,Move,development
1568358015.2370002,1160,1,None,Move,development
1568358015.2470002,1145,1,None,Move,development
1568358015.2670002,1095,4,None,Move,development
1568358015.2770002,1043,6,None,Move,development
1568358015.2970002,990,10,None,Move,development
1568358015.3070002,968,10,None,Move,development
1568358015.3170002,924,10,None,Move,development
1568358015.337,883,10,None,Move,development
1568358015.347,842,10,None,Move,development
1568358015.367,811,13,None,Move,development
1568358015.377,780,16,None,Move,development
1568358015.387,760,18,None,Move,development
1568358015.397,744,22,None,Move,development
1568358015.407,725,25,None,Move,development
1568358015.417,709,25,None,Move,development
1568358015.427,700,27,None,Move,development
1568358015.437,689,30,None,Move,development
1568358015.452,687,31,None,Move,development
1568358015.459,684,32,None,Move,development
1568358015.468,681,32,None,Move,development
1568358015.474,681,33,None,Move,development
1568358015.486,681,34,None,Move,development
1568358015.496,681,35,None,Move,development
1568358015.506,681,35,None,Move,development
1568358015.526,680,36,None,Move,development
1568358015.536,679,36,None,Move,development
1568358015.546,678,36,None,Move,development
1568358015.556,678,36,None,Move,development
1568358015.596,677,37,None,Move,development
1568358015.6160002,677,40,None,Move,development
1568358015.6260002,677,40,None,Move,development
1568358015.6360002,673,45,None,Move,development
1568358015.646,671,47,None,Move,development
1568358015.656,660,52,None,Move,development
1568358015.666,653,56,None,Move,development
1568358015.676,645,57,None,Move,development
1568358015.686,635,59,None,Move,development
1568358015.696,613,61,None,Move,development
1568358015.706,605,62,None,Move,development
1568358015.716,593,64,None,Move,development
1568358015.726,578,66,None,Move,development
1568358015.736,527,78,None,Move,development
1568358015.746,496,83,None,Move,development
1568358015.756,464,91,None,Move,development
1568358015.766,431,102,None,Move,development
1568358015.776,374,116,None,Move,development
1568358015.786,343,123,None,Move,development
1568358015.796,312,126,None,Move,development
1568358015.806,284,128,None,Move,development
1568358015.816,234,128,None,Move,development
1568358015.826,218,128,None,Move,development
1568358015.836,204,128,None,Move,development
1568358015.846,192,125,None,Move,development
1568358015.856,173,120,None,Move,development
1568358015.8660002,168,119,None,Move,development
1568358015.8760002,161,118,None,Move,development
1568358015.8860002,157,116,None,Move,development
1568358015.896,152,116,None,Move,development
1568358015.906,149,115,None,Move,development
1568358015.916,146,115,None,Move,development
1568358015.926,143,112,None,Move,development
1568358015.936,138,109,None,Move,development
1568358015.946,130,105,None,Move,development
1568358015.956,125,103,None,Move,development
1568358015.966,118,100,None,Move,development
1568358015.976,110,98,None,Move,development
1568358015.986,107,98,None,Move,development
1568358015.996,103,97,None,Move,development
1568358016.006,102,97,None,Move,development
1568358016.016,101,95,None,Move,development
1568358016.026,101,93,None,Move,development
1568358016.036,101,89,None,Move,development
1568358016.046,101,86,None,Move,development
1568358016.056,105,81,None,Move,development
1568358016.066,108,78,None,Move,development
1568358016.076,113,76,None,Move,development
1568358016.086,117,74,None,Move,development
1568358016.096,120,73,None,Move,development
1568358016.106,138,68,None,Move,development
1568358016.1160002,143,66,None,Move,development
1568358016.125,146,66,None,Move,development
1568358016.1360002,148,66,None,Move,development
1568358016.146,157,66,None,Move,development
1568358016.156,161,66,None,Move,development
1568358016.165,165,66,None,Move,development
1568358016.175,167,66,None,Move,development
1568358016.186,173,66,None,Move,development
1568358016.195,177,66,None,Move,development
1568358016.205,184,66,None,Move,development
1568358016.215,185,66,None,Move,development
1568358016.226,189,66,None,Move,development
1568358016.236,191,66,None,Move,development
1568358016.245,194,66,None,Move,development
1568358016.255,196,67,None,Move,development
1568358016.265,197,68,None,Move,development
1568358016.275,197,69,None,Move,development
1568358016.295,198,70,None,Move,development
1568358016.305,198,71,None,Move,development
1568358016.315,198,71,None,Move,development
1568358016.325,198,72,None,Move,development
1568358016.335,198,74,None,Move,development
1568358016.345,198,74,None,Move,development
1568358016.355,198,75,None,Move,development
1568358016.365,198,77,None,Move,development
1568358016.375,198,77,None,Move,development
1568358016.385,198,78,None,Move,development
1568358016.395,198,79,None,Move,development
1568358016.405,196,80,None,Move,development
1568358016.415,195,80,None,Move,development
1568358016.425,191,81,None,Move,development
1568358016.435,189,82,None,Move,development
1568358016.452,185,83,None,Move,development
1568358016.458,184,86,None,Move,development
1568358016.468,182,86,None,Move,development
1568358016.478,181,87,None,Move,development
1568358016.4829998,180,88,None,Move,development
1568358016.484,179,88,None,Move,development
1568358016.564,179,88,None,Move,development
1568358016.584,178,88,None,Move,development
1568358016.6239998,178,88,None,Move,development
1568358016.644,178,87,None,Move,development
1568358016.684,178,86,None,Move,development
1568358016.774,178,86,None,Move,development
1568358016.814,178,84,None,Move,development
1568358016.8839998,178,84,None,Move,development
1568358016.934,178,83,None,Move,development
1568358017.054,179,83,None,Move,development
1568358017.843,179,83,Right,Pressed,development
1568358017.9829998,179,83,Right,Released,development
1568358018.1829998,180,81,None,Move,development
1568358018.5170002,181,81,None,Move,development
1568358018.543,182,81,None,Move,development
1568358018.553,184,81,None,Move,development
1568358018.573,187,81,None,Move,development
1568358018.583,193,83,None,Move,development
1568358018.603,198,85,None,Move,development
1568358018.613,205,89,None,Move,development
1568358018.623,209,89,None,Move,development
1568358018.633,214,91,None,Move,development
1568358018.643,216,91,None,Move,development
1568358018.653,219,92,None,Move,development
1568358018.663,221,92,None,Move,development
1568358018.7129998,222,92,None,Move,development
1568358018.7229998,222,92,None,Move,development
1568358018.783,223,92,None,Move,development
1568358018.863,223,93,None,Move,development
1568358018.903,225,93,None,Move,development
1568358018.913,225,94,None,Move,development
1568358018.9329998,226,95,None,Move,development
1568358018.9529998,227,96,None,Move,development
1568358018.9929998,229,97,None,Move,development
1568358019.0129998,230,97,None,Move,development
1568358019.043,231,100,None,Move,development
1568358019.673,231,100,Left,Pressed,development
1568358019.803,231,100,Left,Released,development
1568358020.2329998,232,100,None,Move,development
1568358020.262,234,101,None,Move,development
1568358020.293,241,104,None,Move,development
1568358020.323,246,104,None,Move,development
1568358020.3520002,258,104,None,Move,development
1568358020.3720002,268,104,None,Move,development
1568358020.383,276,99,None,Move,development
1568358020.393,278,98,None,Move,development
1568358020.4020002,283,95,None,Move,development
1568358020.4120002,286,91,None,Move,development
1568358020.4320002,291,86,None,Move,development
1568358020.445,294,81,None,Move,development
1568358020.455,298,76,None,Move,development
1568358020.4629998,302,70,None,Move,development
1568358020.469,305,66,None,Move,development
1568358020.471,305,64,None,Move,development
1568358020.481,312,57,None,Move,development
1568358020.4910002,315,51,None,Move,development
1568358020.494,317,49,None,Move,development
1568358020.504,320,45,None,Move,development
1568358020.514,321,43,None,Move,development
1568358020.524,329,32,None,Move,development
1568358020.534,332,27,None,Move,development
1568358020.544,332,24,None,Move,development
1568358020.562,333,19,None,Move,development
1568358020.572,334,16,None,Move,development
1568358020.582,334,12,None,Move,development
1568358020.592,334,12,None,Move,development
1568358020.6020002,334,10,None,Move,development
1568358020.6120002,334,9,None,Move,development
1568358020.6220002,335,7,None,Move,development
1568358020.6320002,335,6,None,Move,development
1568358020.6420002,335,5,None,Move,development
1568358020.6520002,335,4,None,Move,development
1568358020.6720002,335,2,None,Move,development
1568358020.752,335,2,None,Move,development
1568358020.792,335,2,None,Move,development
1568358020.822,335,2,Left,Pressed,development
1568358020.9320002,335,2,Left,Released,development
1568358020.952,335,2,None,Move,development
1568358020.962,335,4,None,Move,development
1568358020.982,335,5,None,Move,development
1568358020.992,335,5,None,Move,development
1568358021.002,335,10,None,Move,development
1568358021.012,335,11,None,Move,development
1568358021.022,335,15,None,Move,development
1568358021.032,335,18,None,Move,development
1568358021.042,336,28,None,Move,development
1568358021.052,336,32,None,Move,development
1568358021.062,336,38,None,Move,development
1568358021.072,336,45,None,Move,development
1568358021.082,336,58,None,Move,development
1568358021.092,336,68,None,Move,development
1568358021.1020002,336,76,None,Move,development
1568358021.1120002,336,85,None,Move,development
1568358021.1220002,336,101,None,Move,development
1568358021.1320002,336,109,None,Move,development
1568358021.1420002,336,116,None,Move,development
1568358021.1520002,336,121,None,Move,development
1568358021.1620002,336,130,None,Move,development
1568358021.1720002,336,138,None,Move,development
1568358021.1820002,338,146,None,Move,development
1568358021.1920002,338,154,None,Move,development
1568358021.202,340,171,None,Move,development
1568358021.212,340,179,None,Move,development
1568358021.222,342,188,None,Move,development
1568358021.232,344,198,None,Move,development
1568358021.242,347,219,None,Move,development
1568358021.252,348,226,None,Move,development
1568358021.262,349,240,None,Move,development
1568358021.272,351,255,None,Move,development
1568358021.282,357,289,None,Move,development
1568358021.292,359,302,None,Move,development
1568358021.302,361,315,None,Move,development
1568358021.312,363,329,None,Move,development
1568358021.322,369,352,None,Move,development
1568358021.332,372,363,None,Move,development
1568358021.342,374,371,None,Move,development
1568358021.3520002,378,381,None,Move,development
1568358021.3620002,383,399,None,Move,development
1568358021.3720002,385,407,None,Move,development
1568358021.3820002,387,414,None,Move,development
1568358021.3920002,388,420,None,Move,development
1568358021.4020002,390,424,None,Move,development
1568358021.4120002,392,435,None,Move,development
1568358021.4220002,393,441,None,Move,development
1568358021.4320002,393,443,None,Move,development
1568358021.4420002,393,445,None,Move,development
1568358021.452,393,450,None,Move,development
1568358021.461,393,454,None,Move,development
1568358021.467,393,456,None,Move,development
1568358021.476,393,461,None,Move,development
1568358021.481,393,463,None,Move,development
1568358021.4929998,393,470,None,Move,development
1568358021.5029998,392,474,None,Move,development
1568358021.5129998,390,478,None,Move,development
1568358021.5229998,389,480,None,Move,development
1568358021.533,387,482,None,Move,development
1568358021.543,385,482,None,Move,development
1568358021.553,384,484,None,Move,development
1568358021.563,384,484,None,Move,development
1568358021.583,384,485,None,Move,development
1568358021.593,387,485,None,Move,development
1568358022.262,388,485,None,Move,development
1568358022.302,388,485,None,Move,development
1568358022.312,388,485,None,Move,development
1568358022.322,388,484,None,Move,development
1568358022.342,388,481,None,Move,development
1568358022.3720002,389,480,None,Move,development
1568358022.4020002,389,480,None,Move,development
1568358022.4120002,389,479,None,Move,development
1568358022.46,389,479,None,Move,development
1568358022.531,390,478,None,Move,development
1568358022.76,391,476,None,Move,development
1568358022.88,392,475,None,Move,development
1568358022.91,393,475,None,Move,development
1568358022.93,394,474,None,Move,development
1568358022.96,395,474,None,Move,development
1568358022.97,396,471,None,Move,development
1568358022.99,396,471,None,Move,development
1568358023.0,397,470,None,Move,development
1568358023.02,398,469,None,Move,development
1568358023.03,398,469,None,Move,development
1568358023.04,399,468,None,Move,development
1568358023.06,400,468,None,Move,development
1568358023.07,401,467,None,Move,development
1568358023.08,401,466,None,Move,development
1568358023.11,403,465,None,Move,development
1568358023.13,403,464,None,Move,development
1568358023.14,404,463,None,Move,development
1568358023.15,404,462,None,Move,development
1568358023.17,406,455,None,Move,development
1568358023.18,407,452,None,Move,development
1568358023.19,407,449,None,Move,development
1568358023.21,407,442,None,Move,development
1568358023.22,407,439,None,Move,development
1568358023.23,407,435,None,Move,development
1568358023.25,404,424,None,Move,development
1568358023.26,402,421,None,Move,development
1568358023.27,399,416,None,Move,development
1568358023.28,396,408,None,Move,development
1568358023.29,396,405,None,Move,development
1568358023.3,392,395,None,Move,development
1568358023.31,391,392,None,Move,development
1568358023.32,387,383,None,Move,development
1568358023.33,384,377,None,Move,development
1568358023.34,379,363,None,Move,development
1568358023.35,378,362,None,Move,development
1568358023.36,371,343,None,Move,development
1568358023.37,367,334,None,Move,development
1568358023.38,345,309,None,Move,development
1568358023.39,341,304,None,Move,development
1568358023.4,320,279,None,Move,development
1568358023.41,306,264,None,Move,development
1568358023.42,283,248,None,Move,development
1568358023.43,280,244,None,Move,development
1568358023.4420002,266,233,None,Move,development
1568358023.454,258,230,None,Move,development
1568358023.46,255,226,None,Move,development
1568358023.468,250,223,None,Move,development
1568358023.474,244,221,None,Move,development
1568358023.484,236,213,None,Move,development
1568358023.488,228,206,None,Move,development
1568358023.498,223,203,None,Move,development
1568358023.508,220,199,None,Move,development
1568358023.518,214,193,None,Move,development
1568358023.5270002,212,190,None,Move,development
1568358023.5370002,211,189,None,Move,development
1568358023.548,209,187,None,Move,development
1568358023.5570002,208,185,None,Move,development
1568358023.5670002,207,184,None,Move,development
1568358023.577,206,183,None,Move,development
1568358023.587,204,181,None,Move,development
1568358023.597,199,178,None,Move,development
1568358023.607,197,177,None,Move,development
1568358023.617,197,176,None,Move,development
1568358023.627,196,175,None,Move,development
1568358023.637,195,173,None,Move,development
1568358023.647,194,172,None,Move,development
1568358023.657,194,170,None,Move,development
1568358023.667,192,169,None,Move,development
1568358023.677,189,161,None,Move,development
1568358023.687,185,155,None,Move,development
1568358023.697,183,152,None,Move,development
1568358023.707,182,150,None,Move,development
1568358023.717,179,145,None,Move,development
1568358023.7270002,178,143,None,Move,development
1568358023.7370002,177,140,None,Move,development
1568358023.7470002,175,138,None,Move,development
1568358023.7570002,173,135,None,Move,development
1568358023.7670002,171,133,None,Move,development
1568358023.7770002,171,132,None,Move,development
1568358023.7970002,170,130,None,Move,development
1568358023.8070002,168,129,None,Move,development
1568358023.8170002,167,129,None,Move,development
1568358023.827,167,128,None,Move,development
1568358023.837,166,128,None,Move,development
1568358023.847,164,128,None,Move,development
1568358023.857,163,128,None,Move,development
1568358023.867,163,127,None,Move,development
1568358023.887,162,126,None,Move,development
1568358023.897,161,126,None,Move,development
1568358023.907,158,125,None,Move,development
1568358023.917,157,125,None,Move,development
1568358023.927,155,124,None,Move,development
1568358023.937,152,124,None,Move,development
1568358023.947,151,124,None,Move,development
1568358023.957,150,124,None,Move,development
1568358023.967,149,124,None,Move,development
1568358023.9770002,148,124,None,Move,development
1568358023.9870002,146,124,None,Move,development
1568358023.9970002,146,124,None,Move,development
1568358024.0070002,145,124,None,Move,development
1568358024.0170002,145,124,None,Move,development
1568358024.0370002,144,124,None,Move,development
1568358024.0570002,143,124,None,Move,development
1568358024.0670002,142,124,None,Move,development
1568358024.077,141,124,None,Move,development
1568358024.087,141,124,None,Move,development
1568358024.097,140,124,None,Move,development
1568358024.107,139,124,None,Move,development
1568358024.117,138,124,None,Move,development
1568358024.127,138,124,None,Move,development
1568358024.137,137,124,None,Move,development
1568358024.147,136,124,None,Move,development
1568358024.157,135,124,None,Move,development
1568358024.177,133,124,None,Move,development
1568358024.197,132,124,None,Move,development
1568358024.2370002,132,124,None,Move,development
1568358024.2570002,131,124,None,Move,development
1568358024.2670002,131,124,None,Move,development
1568358024.2870002,130,124,None,Move,development
1568358024.3070002,129,124,None,Move,development
1568358024.387,128,124,None,Move,development
1568358024.397,127,125,None,Move,development
1568358024.417,126,125,None,Move,development
1568358024.427,126,126,None,Move,development
1568358024.5570002,125,127,None,Move,development
1568358024.5670002,125,128,None,Move,development
1568358024.577,125,128,None,Move,development
1568358024.587,125,130,None,Move,development
1568358024.617,125,131,None,Move,development
1568358024.637,125,132,None,Move,development
1568358024.647,125,132,None,Move,development
1568358024.657,125,135,None,Move,development
1568358024.677,125,137,None,Move,development
1568358024.687,125,143,None,Move,development
1568358024.697,125,155,None,Move,development
1568358024.717,125,163,None,Move,development
1568358024.7270002,125,176,None,Move,development
1568358024.7370002,125,197,None,Move,development
1568358024.7470002,126,205,None,Move,development
1568358024.7570002,126,209,None,Move,development
1568358024.7670002,126,213,None,Move,development
1568358024.7770002,126,214,None,Move,development
1568358024.7870002,127,214,None,Move,development
1568358024.8170002,127,215,None,Move,development
1568358024.837,127,217,None,Move,development
1568358024.847,128,217,None,Move,development
1568358024.867,129,218,None,Move,development
1568358025.0370002,129,218,Left,Pressed,development
1568358025.0370002,129,218,None,Drag,development
1568358025.0670002,129,219,None,Drag,development
1568358025.0670002,129,219,Left,Released,development
1568358025.217,129,219,None,Move,development
1568358025.337,129,219,None,Move,development
1568358025.347,129,220,None,Move,development
1568358025.45,130,220,None,Move,development
1568358025.7770002,130,220,None,Move,development
1568358025.7970002,130,215,None,Move,development
1568358025.8170002,131,209,None,Move,development
1568358025.827,131,206,None,Move,development
1568358025.847,131,199,None,Move,development
1568358025.857,131,194,None,Move,development
1568358025.877,130,184,None,Move,development
1568358025.897,127,177,None,Move,development
1568358025.907,122,171,None,Move,development
1568358025.917,113,163,None,Move,development
1568358025.927,110,161,None,Move,development
1568358025.937,105,155,None,Move,development
1568358025.947,102,154,None,Move,development
1568358025.957,100,152,None,Move,development
1568358025.967,99,152,None,Move,development
1568358025.9770002,97,149,None,Move,development
1568358025.9870002,96,149,None,Move,development
1568358025.9970002,95,147,None,Move,development
1568358026.0070002,94,147,None,Move,development
1568358026.0170002,94,144,None,Move,development
1568358026.0370002,94,143,None,Move,development
1568358026.0470002,93,142,None,Move,development
1568358026.0570002,93,142,None,Move,development
1568358026.2270002,93,142,Left,Pressed,development
1568358026.337,93,142,Left,Released,development
1568358026.5670002,93,141,None,Move,development
1568358026.587,93,141,None,Move,development
1568358026.607,95,143,None,Move,development
1568358026.617,97,145,None,Move,development
1568358026.627,100,147,None,Move,development
1568358026.637,102,148,None,Move,development
1568358026.647,102,149,None,Move,development
1568358026.657,104,151,None,Move,development
1568358026.667,106,153,None,Move,development
1568358026.677,108,154,None,Move,development
1568358026.687,109,155,None,Move,development
1568358026.697,111,157,None,Move,development
1568358026.707,112,158,None,Move,development
1568358026.717,113,158,None,Move,development
1568358026.7270002,113,159,None,Move,development
1568358026.7970002,117,160,None,Move,development
1568358026.8070002,117,161,None,Move,development
1568358026.827,118,162,None,Move,development
1568358026.856,119,162,None,Move,development
1568358026.8760002,120,162,None,Move,development
1568358026.8860002,121,162,None,Move,development
1568358026.897,121,163,None,Move,development
1568358026.906,123,163,None,Move,development
1568358026.916,125,163,None,Move,development
1568358026.926,126,163,None,Move,development
1568358026.936,126,163,None,Move,development
1568358026.946,127,163,None,Move,development
1568358026.956,128,163,None,Move,development
1568358026.966,129,163,None,Move,development
1568358026.976,130,163,None,Move,development
1568358026.986,130,163,None,Move,development
1568358026.996,131,163,None,Move,development
1568358027.006,132,163,None,Move,development
1568358027.016,133,163,None,Move,development
1568358027.026,135,163,None,Move,development
1568358027.036,136,163,None,Move,development
1568358027.046,137,163,None,Move,development
1568358027.056,138,163,None,Move,development
1568358027.066,139,163,None,Move,development
1568358027.076,139,163,None,Move,development
1568358027.086,141,162,None,Move,development
1568358027.096,143,161,None,Move,development
1568358027.106,145,160,None,Move,development
1568358027.1160002,147,159,None,Move,development
1568358027.1260002,149,158,None,Move,development
1568358027.1360002,152,156,None,Move,development
1568358027.146,152,156,None,Move,development
1568358027.156,154,154,None,Move,development
1568358027.166,156,153,None,Move,development
1568358027.176,162,150,None,Move,development
1568358027.186,164,148,None,Move,development
1568358027.196,168,147,None,Move,development
1568358027.206,170,146,None,Move,development
1568358027.216,173,145,None,Move,development
1568358027.226,178,142,None,Move,development
1568358027.236,178,142,None,Move,development
1568358027.246,180,140,None,Move,development
1568358027.256,181,140,None,Move,development
1568358027.266,181,139,None,Move,development
1568358027.276,185,135,None,Move,development
1568358027.286,185,134,None,Move,development
1568358027.296,185,133,None,Move,development
1568358027.306,187,131,None,Move,development
1568358027.426,187,131,None,Move,development
1568358027.448,188,132,None,Move,development
1568358027.468,190,136,None,Move,development
1568358027.485,191,139,None,Move,development
1568358027.4970002,194,146,None,Move,development
1568358027.506,196,147,None,Move,development
1568358027.516,197,148,None,Move,development
1568358027.526,201,156,None,Move,development
1568358027.536,204,159,None,Move,development
1568358027.546,205,160,None,Move,development
1568358027.556,205,162,None,Move,development
1568358027.566,207,165,None,Move,development
1568358027.576,208,166,None,Move,development
1568358027.586,209,167,None,Move,development
1568358027.596,210,172,None,Move,development
1568358027.606,210,174,None,Move,development
1568358027.6160002,211,177,None,Move,development
1568358027.6260002,211,179,None,Move,development
1568358027.6360002,211,185,None,Move,development
1568358027.646,211,187,None,Move,development
1568358027.656,211,191,None,Move,development
1568358027.666,211,197,None,Move,development
1568358027.676,211,201,None,Move,development
1568358027.686,211,204,None,Move,development
1568358027.696,211,206,None,Move,development
1568358027.706,211,209,None,Move,development
1568358027.716,211,212,None,Move,development
1568358027.726,211,213,None,Move,development
1568358027.736,211,214,None,Move,development
1568358027.746,211,215,None,Move,development
1568358027.756,211,217,None,Move,development
1568358027.766,211,218,None,Move,development
1568358027.776,211,218,None,Move,development
1568358027.786,211,219,None,Move,development
1568358027.796,211,220,None,Move,development
1568358027.816,211,222,None,Move,development
1568358027.826,211,223,None,Move,development
1568358027.836,211,223,None,Move,development
1568358027.846,211,225,None,Move,development
1568358027.856,211,228,None,Move,development
1568358027.8660002,211,229,None,Move,development
1568358027.8760002,211,230,None,Move,development
1568358027.8860002,211,231,None,Move,development
1568358027.896,211,232,None,Move,development
1568358027.906,211,233,None,Move,development
1568358027.916,211,233,None,Move,development
1568358027.996,211,234,None,Move,development
1568358028.006,213,234,None,Move,development
1568358028.026,218,234,None,Move,development
1568358028.036,220,234,None,Move,development
1568358028.046,228,232,None,Move,development
1568358028.056,230,232,None,Move,development
1568358028.066,238,227,None,Move,development
1568358028.076,252,215,None,Move,development
1568358028.086,257,210,None,Move,development
1568358028.096,265,203,None,Move,development
1568358028.106,271,197,None,Move,development
1568358028.1160002,281,184,None,Move,development
1568358028.1260002,285,177,None,Move,development
1568358028.1360002,289,172,None,Move,development
1568358028.146,292,164,None,Move,development
1568358028.156,296,150,None,Move,development
1568358028.166,297,147,None,Move,development
1568358028.176,299,141,None,Move,development
1568358028.186,300,138,None,Move,development
1568358028.196,303,127,None,Move,development
1568358028.206,303,123,None,Move,development
1568358028.216,304,119,None,Move,development
1568358028.226,304,108,None,Move,development
1568358028.236,305,106,None,Move,development
1568358028.246,306,87,None,Move,development
1568358028.256,306,79,None,Move,development
1568358028.266,306,71,None,Move,development
1568358028.276,306,66,None,Move,development
1568358028.296,306,51,None,Move,development
1568358028.306,306,44,None,Move,development
1568358028.316,306,42,None,Move,development
1568358028.326,306,35,None,Move,development
1568358028.336,306,31,None,Move,development
1568358028.346,306,25,None,Move,development
1568358028.356,306,23,None,Move,development
1568358028.3660002,306,19,None,Move,development
1568358028.3760002,306,18,None,Move,development
1568358028.3860002,306,13,None,Move,development
1568358028.396,306,11,None,Move,development
1568358028.406,306,10,None,Move,development
1568358028.416,306,8,None,Move,development
1568358028.426,306,5,None,Move,development
1568358028.436,306,4,None,Move,development
1568358028.446,308,1,None,Move,development
1568358028.455,309,-2,None,Move,development
1568358028.461,309,-1,None,Move,development
1568358028.471,310,-3,None,Move,development
1568358028.4770002,310,-1,None,Move,development
1568358028.485,310,-2,None,Move,development
1568358028.495,310,-4,None,Move,development
1568358028.505,310,-3,None,Move,development
1568358028.515,310,0,None,Move,development
1568358028.525,310,-1,None,Move,development
1568358028.535,310,-2,None,Move,development
1568358028.545,310,-1,None,Move,development
1568358028.705,310,0,None,Move,development
1568358028.725,310,0,None,Move,development
1568358028.735,309,1,None,Move,development
1568358028.755,308,2,None,Move,development
1568358028.765,308,3,None,Move,development
1568358028.785,307,5,None,Move,development
1568358028.805,305,6,None,Move,development
1568358028.925,305,6,None,Move,development
1568358029.415,304,7,None,Move,development
1568358029.435,303,8,None,Move,development
1568358029.457,301,11,None,Move,development
1568358029.476,300,13,None,Move,development
1568358029.494,298,16,None,Move,development
1568358029.504,294,25,None,Move,development
1568358029.524,292,29,None,Move,development
1568358029.534,291,35,None,Move,development
1568358029.544,290,44,None,Move,development
1568358029.554,290,48,None,Move,development
1568358029.564,288,53,None,Move,development
1568358029.574,287,59,None,Move,development
1568358029.584,287,63,None,Move,development
1568358029.594,287,73,None,Move,development
1568358029.604,287,76,None,Move,development
1568358029.6139998,286,85,None,Move,development
1568358029.6239998,286,89,None,Move,development
1568358029.6339998,286,101,None,Move,development
1568358029.644,286,103,None,Move,development
1568358029.654,286,110,None,Move,development
1568358029.664,286,116,None,Move,development
1568358029.674,289,124,None,Move,development
1568358029.684,290,124,None,Move,development
1568358029.694,292,128,None,Move,development
1568358029.704,293,130,None,Move,development
1568358029.714,293,131,None,Move,development
1568358029.724,294,133,None,Move,development
1568358029.734,295,134,None,Move,development
1568358029.754,295,136,None,Move,development
1568358029.764,296,137,None,Move,development
1568358029.774,296,138,None,Move,development
1568358029.784,297,138,None,Move,development
1568358029.804,297,139,None,Move,development
1568358029.834,297,142,None,Move,development
1568358029.8839998,297,142,None,Move,development
1568358029.894,298,143,None,Move,development
1568358029.914,298,144,None,Move,development
1568358029.924,298,145,None,Move,development
1568358029.934,299,146,None,Move,development
1568358029.944,300,147,None,Move,development
1568358029.964,300,147,None,Move,development
1568358029.974,300,148,None,Move,development
1568358029.984,300,149,None,Move,development
1568358029.994,300,150,None,Move,development
1568358030.004,301,150,None,Move,development
1568358030.024,301,151,None,Move,development
1568358030.034,301,152,None,Move,development
1568358030.044,303,153,None,Move,development
1568358030.054,303,154,None,Move,development
1568358030.064,303,155,None,Move,development
1568358030.074,303,155,None,Move,development
1568358030.084,304,156,None,Move,development
1568358030.094,304,156,None,Move,development
1568358030.104,305,158,None,Move,development
1568358030.1139998,305,159,None,Move,development
1568358030.1239998,306,159,None,Move,development
1568358030.1339998,307,160,None,Move,development
1568358030.154,308,162,None,Move,development
1568358030.174,309,165,None,Move,development
1568358030.184,309,166,None,Move,development
1568358030.194,310,167,None,Move,development
1568358030.204,311,169,None,Move,development
1568358030.214,313,173,None,Move,development
1568358030.224,314,177,None,Move,development
1568358030.234,315,178,None,Move,development
1568358030.244,316,181,None,Move,development
1568358030.254,316,191,None,Move,development
1568358030.264,317,195,None,Move,development
1568358030.274,317,199,None,Move,development
1568358030.284,317,205,None,Move,development
1568358030.294,317,208,None,Move,development
1568358030.304,317,219,None,Move,development
1568358030.314,318,224,None,Move,development
1568358030.324,319,230,None,Move,development
1568358030.333,319,231,None,Move,development
1568358030.343,320,241,None,Move,development
1568358030.354,320,245,None,Move,development
1568358030.3639998,321,250,None,Move,development
1568358030.373,321,252,None,Move,development
1568358030.3839998,323,258,None,Move,development
1568358030.394,324,265,None,Move,development
1568358030.404,324,271,None,Move,development
1568358030.414,324,279,None,Move,development
1568358030.424,324,289,None,Move,development
1568358030.444,324,298,None,Move,development
1568358030.459,324,306,None,Move,development
1568358030.474,324,313,None,Move,development
1568358030.4870002,324,319,None,Move,development
1568358030.492,324,321,None,Move,development
1568358030.512,325,326,None,Move,development
1568358030.522,325,329,None,Move,development
1568358030.532,324,330,None,Move,development
1568358030.542,324,330,None,Move,development
1568358030.553,323,330,None,Move,development
1568358038.853,323,330,None,Move,development
1568358038.863,660,454,None,Move,development
1568358039.1929998,660,454,None,Move,development
1568358039.2129998,653,454,None,Move,development
1568358039.2429998,652,454,None,Move,development
1568358039.2529998,651,454,None,Move,development
1568358039.2729998,650,454,None,Move,development
1568358039.283,650,454,None,Move,development
1568358039.303,649,454,None,Move,development
1568358039.313,648,454,None,Move,development
1568358039.333,648,453,None,Move,development
1568358039.353,648,452,None,Move,development
1568358039.4529998,648,451,None,Move,development
1568358039.492,648,451,None,Move,development
1568358039.502,648,450,None,Move,development
1568358039.582,648,449,None,Move,development
1568358039.592,648,449,None,Move,development
1568358039.6520002,648,448,None,Move,development
1568358039.9220002,648,448,None,Move,development
1568358039.952,648,448,None,Move,development
1568358039.992,648,448,None,Move,development
1568358040.012,649,448,None,Move,development
1568358040.032,649,448,None,Move,development
1568358040.042,650,448,None,Move,development
1568358040.062,651,446,None,Move,development
1568358040.1020002,651,445,None,Move,development
1568358040.1320002,652,444,None,Move,development
1568358040.1520002,653,443,None,Move,development
1568358040.1620002,654,442,None,Move,development
1568358040.1720002,655,442,None,Move,development
1568358040.1920002,655,441,None,Move,development
