client_timestamp,x,y,button,state,window
1578638864.3179998,130,220,Left,Pressed,office
1578638867.2029998,130,220,Left,Released,office
1578638942.212,130,221,None,Move,office
1578638942.4989998,130,221,None,Move,office
1578638942.524,129,215,None,Move,office
1578638942.5470002,123,203,None,Move,office
1578638942.572,114,170,None,Move,office
1578638942.5979998,88,85,None,Move,office
1578638942.625,56,-37,None,Move,office
1578638942.649,22,-147,None,Move,office
1578638942.675,0,-116,None,Move,office
1578638942.726,-41,-124,None,Move,office
1578638942.755,-8,-17,None,Move,office
1578638942.772,-2,-3,None,Move,office
1578638942.85,0,2,None,Move,office
1578638942.867,0,3,None,Move,office
1578638942.8820002,0,12,None,Move,office
1578638942.893,1,22,None,Move,office
1578638942.908,3,30,None,Move,office
1578638942.921,14,55,None,Move,office
1578638942.934,37,94,None,Move,office
1578638942.947,54,118,None,Move,office
1578638942.961,94,168,None,Move,office
1578638942.981,152,226,None,Move,office
1578638943.0070002,188,259,None,Move,office
1578638943.032,209,285,None,Move,office
1578638943.0570002,222,308,None,Move,office
1578638943.083,232,327,None,Move,office
1578638943.1120002,240,344,None,Move,office
1578638943.1379998,242,347,None,Move,office
1578638943.1620002,244,348,None,Move,office
1578638943.186,247,352,None,Move,office
1578638943.209,253,354,None,Move,office
1578638943.231,265,354,None,Move,office
1578638943.255,279,354,None,Move,office
1578638943.279,299,354,None,Move,office
1578638943.304,324,354,None,Move,office
1578638943.326,345,354,None,Move,office
1578638943.3479998,354,354,None,Move,office
1578638943.3720002,355,354,None,Move,office
1578638943.4970002,355,354,Left,Pressed,office
1578638943.609,355,354,Left,Released,office
1578638943.7129998,355,354,Left,Pressed,office
1578638943.8639998,355,354,Left,Released,office
1578638945.1339998,356,354,None,Move,office
1578638945.159,357,354,None,Move,office
1578638945.171,360,352,None,Move,office
1578638945.185,366,348,None,Move,office
1578638945.198,369,345,None,Move,office
1578638945.211,376,337,None,Move,office
1578638945.225,383,333,None,Move,office
1578638945.238,385,332,None,Move,office
1578638945.2529998,391,331,None,Move,office
1578638945.266,399,328,None,Move,office
1578638945.279,405,324,None,Move,office
1578638945.2970002,417,320,None,Move,office
1578638945.383,419,318,None,Move,office
1578638945.397,419,315,None,Move,office
1578638945.415,414,314,None,Move,office
1578638945.428,400,308,None,Move,office
1578638945.4420002,374,298,None,Move,office
1578638945.457,336,286,None,Move,office
1578638945.472,294,273,None,Move,office
1578638945.486,277,269,None,Move,office
1578638945.4989998,248,261,None,Move,office
1578638945.512,236,257,None,Move,office
1578638945.526,226,251,None,Move,office
1578638945.539,222,247,None,Move,office
1578638945.553,218,244,None,Move,office
1578638945.565,217,243,None,Move,office
1578638945.579,213,243,None,Move,office
1578638945.592,212,241,None,Move,office
1578638945.605,210,239,None,Move,office
1578638945.607,209,237,None,Move,office
1578638945.631,208,235,None,Move,office
1578638945.644,206,229,None,Move,office
1578638945.658,205,224,None,Move,office
1578638945.6720002,204,224,None,Move,office
1578638945.685,202,218,None,Move,office
1578638945.698,201,215,None,Move,office
1578638945.712,199,210,None,Move,office
1578638945.724,194,203,None,Move,office
1578638945.7370002,188,197,None,Move,office
1578638945.75,186,195,None,Move,office
1578638945.7629998,179,187,None,Move,office
1578638945.7770002,166,173,None,Move,office
1578638945.79,162,169,None,Move,office
1578638945.804,152,162,None,Move,office
1578638945.816,148,158,None,Move,office
1578638945.83,148,157,None,Move,office
1578638945.929,148,157,None,Move,office
1578638945.96,148,157,Left,Pressed,office
1578638946.06,148,157,Left,Released,office
1578638946.533,150,160,None,Move,office
1578638946.538,150,161,None,Move,office
1578638946.5570002,157,170,None,Move,office
1578638946.573,172,186,None,Move,office
1578638946.586,190,202,None,Move,office
1578638946.599,256,253,None,Move,office
1578638946.6120002,300,283,None,Move,office
1578638946.625,407,349,None,Move,office
1578638946.6379998,535,401,None,Move,office
1578638946.651,600,427,None,Move,office
1578638946.664,723,468,None,Move,office
1578638946.677,818,495,None,Move,office
1578638946.69,851,503,None,Move,office
1578638946.7029998,899,517,None,Move,office
1578638946.716,914,521,None,Move,office
1578638946.729,933,528,None,Move,office
1578638946.742,941,530,None,Move,office
1578638946.758,946,531,None,Move,office
1578638946.77,946,532,None,Move,office
1578638946.784,950,534,None,Move,office
1578638946.805,957,540,None,Move,office
1578638946.8170002,960,542,None,Move,office
1578638946.831,967,547,None,Move,office
1578638946.843,970,549,None,Move,office
1578638946.857,970,550,None,Move,office
1578638946.87,972,551,None,Move,office
1578638946.8820002,973,552,None,Move,office
1578638946.8920002,975,554,None,Move,office
1578638946.907,977,556,None,Move,office
1578638946.92,979,558,None,Move,office
1578638946.9329998,981,560,None,Move,office
1578638946.946,983,561,None,Move,office
1578638946.96,986,561,None,Move,office
1578638947.2029998,986,562,None,Move,office
1578638947.225,988,564,None,Move,office
1578638947.2270002,991,570,None,Move,office
1578638947.25,993,574,None,Move,office
1578638947.264,998,581,None,Move,office
1578638947.27,1000,584,None,Move,office
1578638947.289,1004,588,None,Move,office
1578638947.302,1004,588,None,Move,office
1578638948.718,1004,588,Left,Pressed,office
1578638948.857,1004,588,Left,Released,office
1578638949.0,1005,589,None,Move,office
1578638949.021,1010,588,None,Move,office
1578638949.044,1019,586,None,Move,office
1578638949.065,1043,581,None,Move,office
1578638949.085,1145,549,None,Move,office
1578638949.103,1281,501,None,Move,office
1578638949.121,1580,354,None,Move,office
1578638949.139,1819,204,None,Move,office
1578638949.158,2065,36,None,Move,office
1578638949.176,2138,-109,None,Move,office
1578638949.195,2126,-146,None,Move,office
1578638949.211,1966,-41,None,Move,office
1578638949.224,1926,-8,None,Move,office
1578638949.238,1916,-7,None,Move,office
1578638949.25,1912,-3,None,Move,office
1578638949.262,1912,0,None,Move,office
1578638949.5129998,1912,0,Left,Pressed,office
1578638949.577,1912,0,Left,Released,office
1578638949.625,1909,0,None,Move,office
1578638949.6479998,1901,5,None,Move,office
1578638949.659,1879,20,None,Move,office
1578638949.68,1836,51,None,Move,office
1578638949.699,1720,131,None,Move,office
1578638949.721,1556,229,None,Move,office
1578638949.745,1339,349,None,Move,office
1578638949.762,1176,438,None,Move,office
1578638949.779,1017,514,None,Move,office
1578638949.796,862,580,None,Move,office
1578638949.8079998,719,631,None,Move,office
1578638949.822,590,673,None,Move,office
1578638949.841,471,712,None,Move,office
1578638949.855,419,729,None,Move,office
1578638949.8679998,340,756,None,Move,office
1578638949.881,291,774,None,Move,office
1578638949.896,277,779,None,Move,office
1578638949.909,266,784,None,Move,office
1578638950.119,266,784,None,Move,office
1578638950.141,267,784,None,Move,office
1578638950.161,277,784,None,Move,office
1578638950.181,290,785,None,Move,office
1578638950.201,304,797,None,Move,office
1578638950.221,312,804,None,Move,office
1578638950.2410002,337,842,None,Move,office
1578638950.262,367,892,None,Move,office
1578638950.283,413,978,None,Move,office
1578638950.305,443,1033,None,Move,office
1578638950.322,461,1065,None,Move,office
1578638950.343,468,1078,None,Move,office
1578638950.361,472,1088,None,Move,office
1578638950.3760002,474,1082,None,Move,office
1578638950.39,476,1082,None,Move,office
1578638950.3920002,477,1081,None,Move,office
1578638950.4220002,479,1081,None,Move,office
1578638950.438,480,1080,None,Move,office
1578638950.451,483,1081,None,Move,office
1578638950.464,485,1080,None,Move,office
1578638950.476,489,1080,None,Move,office
1578638950.4910002,494,1079,None,Move,office
1578638950.504,497,1079,None,Move,office
1578638950.5070002,502,1080,None,Move,office
1578638950.5679998,523,1079,None,Move,office
1578638950.586,524,1079,None,Move,office
1578638950.589,525,1079,None,Move,office
1578638950.61,529,1079,None,Move,office
1578638950.623,536,1075,None,Move,office
1578638950.641,545,1070,None,Move,office
1578638950.655,547,1067,None,Move,office
1578638950.667,554,1060,None,Move,office
1578638950.68,555,1056,None,Move,office
1578638950.694,556,1055,None,Move,office
1578638950.704,556,1053,None,Move,office
1578638950.726,556,1052,None,Move,office
1578638950.84,556,1052,Left,Pressed,office
1578638950.906,556,1052,Left,Released,file system
1578638951.11,556,1052,None,Move,file system
1578638951.129,556,1051,None,Move,file system
1578638951.1420002,555,1051,None,Move,file system
1578638951.155,552,1051,None,Move,file system
1578638951.165,551,1051,None,Move,file system
1578638951.353,551,1051,Left,Pressed,file system
1578638951.448,551,1051,Left,Released,file system
1578638951.549,548,1051,None,Move,browsing
1578638951.562,548,1051,None,Move,browsing
1578638951.575,542,1051,None,Move,browsing
1578638951.5879998,537,1051,None,Move,browsing
1578638951.604,518,1051,None,Move,browsing
1578638951.621,492,1050,None,Move,browsing
1578638951.641,451,1044,None,Move,browsing
1578638951.657,385,1032,None,Move,browsing
1578638951.673,313,1022,None,Move,browsing
1578638951.69,221,1005,None,Move,browsing
1578638951.707,199,1002,None,Move,browsing
1578638951.719,164,993,None,Move,browsing
1578638951.728,141,988,None,Move,browsing
1578638951.7429998,131,984,None,Move,browsing
1578638951.7589998,112,979,None,Move,browsing
1578638951.772,94,974,None,Move,browsing
1578638951.786,85,973,None,Move,browsing
1578638951.799,78,971,None,Move,browsing
1578638951.81,76,971,None,Move,browsing
1578638951.825,75,971,None,Move,browsing
1578638951.8779998,77,972,None,Move,browsing
1578638951.894,80,973,None,Move,browsing
1578638951.911,96,978,None,Move,browsing
1578638951.924,113,982,None,Move,browsing
1578638951.937,166,989,None,Move,browsing
1578638951.948,239,995,None,Move,browsing
1578638951.961,277,997,None,Move,browsing
1578638951.976,332,1004,None,Move,browsing
1578638951.9889998,371,1011,None,Move,browsing
1578638951.995,385,1014,None,Move,browsing
1578638952.01,388,1016,None,Move,browsing
1578638952.0270002,391,1019,None,Move,browsing
1578638952.042,391,1019,None,Move,browsing
1578638952.076,393,1023,None,Move,browsing
1578638952.09,394,1024,None,Move,browsing
1578638952.104,397,1028,None,Move,browsing
1578638952.1179998,398,1033,None,Move,browsing
1578638952.133,399,1037,None,Move,browsing
1578638952.143,401,1039,None,Move,browsing
1578638952.157,403,1043,None,Move,browsing
1578638952.173,405,1045,None,Move,browsing
1578638952.186,410,1051,None,Move,browsing
1578638952.197,412,1051,None,Move,browsing
1578638952.3070002,413,1051,None,Move,browsing
1578638952.324,416,1051,None,Move,browsing
1578638952.356,421,1049,None,Move,browsing
1578638952.3739998,425,1049,None,Move,browsing
1578638952.393,433,1049,None,Move,browsing
1578638952.407,435,1049,None,Move,browsing
1578638952.424,444,1049,None,Move,browsing
1578638952.459,452,1051,None,Move,browsing
1578638952.478,467,1055,None,Move,browsing
1578638952.4970002,469,1057,None,Move,browsing
1578638952.52,471,1059,None,Move,browsing
1578638952.592,471,1059,None,Move,browsing
1578638952.623,471,1059,Left,Pressed,browsing
1578638952.7,471,1059,Left,Released,browsing
1578638952.71,472,1061,None,Move,browsing
1578638952.726,471,1061,None,Move,office
1578638952.74,468,1061,None,Move,office
1578638952.758,458,1061,None,Move,office
1578638952.772,453,1061,None,Move,office
1578638952.784,433,1061,None,Move,office
1578638952.795,420,1061,None,Move,office
1578638952.805,388,1061,None,Move,office
1578638952.8179998,370,1061,None,Move,office
1578638952.832,331,1061,None,Move,office
1578638952.846,298,1057,None,Move,office
1578638952.859,283,1054,None,Move,office
1578638952.873,254,1048,None,Move,office
1578638952.887,230,1043,None,Move,office
1578638952.9,220,1041,None,Move,office
1578638952.913,199,1035,None,Move,office
1578638952.927,185,1033,None,Move,office
1578638952.939,180,1032,None,Move,office
1578638952.954,178,1030,None,Move,office
1578638952.967,176,1028,None,Move,office
1578638952.988,175,1027,None,Move,office
1578638953.005,172,1025,None,Move,office
1578638953.019,172,1024,None,Move,office
1578638953.0370002,169,1021,None,Move,office
1578638953.051,166,1020,None,Move,office
1578638953.064,161,1018,None,Move,office
1578638953.077,155,1015,None,Move,office
1578638953.09,153,1015,None,Move,office
1578638953.103,145,1009,None,Move,office
1578638953.1160002,144,1009,None,Move,office
1578638953.129,139,1007,None,Move,office
1578638953.1420002,130,1005,None,Move,office
1578638953.156,126,1003,None,Move,office
1578638953.177,116,1002,None,Move,office
1578638953.2,103,999,None,Move,office
1578638953.228,90,994,None,Move,office
1578638953.309,89,994,None,Move,office
1578638953.3720002,88,993,None,Move,office
1578638953.3860002,87,993,None,Move,office
1578638953.399,84,991,None,Move,office
1578638953.4120002,83,989,None,Move,office
1578638953.425,79,985,None,Move,office
1578638953.437,77,983,None,Move,office
1578638953.451,76,983,None,Move,office
1578638953.469,75,981,None,Move,office
1578638953.4829998,75,980,None,Move,office
1578638953.548,75,980,Left,Pressed,office
1578638953.644,75,980,Left,Released,office
1578638955.519,75,980,None,Move,office
1578638955.585,75,979,None,Move,office
1578638955.603,75,977,None,Move,office
1578638955.633,78,975,None,Move,office
1578638955.654,83,973,None,Move,office
1578638955.685,102,963,None,Move,office
1578638955.708,118,952,None,Move,office
1578638955.7329998,146,935,None,Move,office
1578638955.76,192,911,None,Move,office
1578638955.786,250,878,None,Move,office
1578638955.815,280,857,None,Move,office
1578638955.842,317,822,None,Move,office
1578638955.867,350,777,None,Move,office
1578638955.891,383,733,None,Move,office
1578638955.919,403,701,None,Move,office
1578638955.9429998,415,666,None,Move,office
1578638955.967,422,619,None,Move,office
1578638955.9910002,422,569,None,Move,office
1578638956.016,421,538,None,Move,office
1578638956.04,420,515,None,Move,office
1578638956.065,413,481,None,Move,office
1578638956.089,408,448,None,Move,office
1578638956.117,403,430,None,Move,office
1578638956.14,399,418,None,Move,office
1578638956.166,396,406,None,Move,office
1578638956.19,395,405,None,Move,office
1578638956.428,395,405,None,Move,office
1578638956.4629998,395,408,None,Move,office
1578638956.481,395,412,None,Move,office
1578638956.512,395,414,None,Move,office
1578638956.541,395,415,None,Move,office
1578638956.729,395,418,None,Move,office
1578638956.748,395,423,None,Move,office
1578638956.768,395,424,None,Move,office
1578638956.829,395,424,None,Move,office
1578638959.343,395,425,None,Move,office
1578638959.3760002,395,426,None,Move,office
1578638959.3920002,395,427,None,Move,office
1578638959.396,398,429,None,Move,office
1578638959.4120002,400,431,None,Move,office
1578638959.427,412,438,None,Move,office
1578638959.447,431,450,None,Move,office
1578638959.455,440,456,None,Move,office
1578638959.467,451,463,None,Move,office
1578638959.475,461,470,None,Move,office
1578638959.4870002,474,479,None,Move,office
1578638959.496,484,486,None,Move,office
1578638959.512,504,499,None,Move,office
1578638959.528,521,511,None,Move,office
1578638959.55,534,520,None,Move,office
1578638959.5579998,536,522,None,Move,office
1578638959.571,538,524,None,Move,office
1578638959.583,538,525,None,Move,office
1578638959.593,541,527,None,Move,office
1578638959.6020002,541,529,None,Move,office
1578638959.61,542,531,None,Move,office
1578638959.62,543,534,None,Move,office
1578638959.63,545,537,None,Move,office
1578638959.646,548,551,None,Move,office
1578638959.658,550,557,None,Move,office
1578638959.668,552,562,None,Move,office
1578638959.676,552,568,None,Move,office
1578638959.684,552,570,None,Move,office
1578638959.6920002,552,573,None,Move,office
1578638959.697,552,576,None,Move,office
1578638959.712,552,577,None,Move,office
1578638959.728,552,579,None,Move,office
1578638959.7510002,552,580,None,Move,office
1578638959.7589998,552,582,None,Move,office
1578638959.7670002,552,584,None,Move,office
1578638959.779,552,585,None,Move,office
1578638959.7870002,552,587,None,Move,office
1578638959.7970002,550,590,None,Move,office
1578638959.812,543,594,None,Move,office
1578638959.8279998,539,595,None,Move,office
1578638959.851,536,595,None,Move,office
1578638959.8620002,535,595,None,Move,office
1578638959.8860002,535,595,None,Move,office
1578638960.214,533,595,None,Move,office
1578638960.23,528,597,None,Move,office
1578638960.245,524,598,None,Move,office
1578638960.255,521,598,None,Move,office
1578638960.264,512,599,None,Move,office
1578638960.272,507,599,None,Move,office
1578638960.284,502,599,None,Move,office
1578638960.292,501,599,None,Move,office
1578638962.101,500,599,None,Move,office
1578638962.1360002,499,601,None,Move,office
1578638962.167,496,609,None,Move,office
1578638962.2029998,496,610,None,Move,office
1578638962.877,496,610,None,Move,office
1578638963.052,496,612,None,Move,office
1578638963.066,496,613,None,Move,office
1578638963.08,496,617,None,Move,office
1578638963.095,496,620,None,Move,office
1578638963.1079998,496,624,None,Move,office
1578638963.123,496,626,None,Move,office
1578638963.137,496,629,None,Move,office
1578638963.15,496,631,None,Move,office
1578638963.164,496,632,None,Move,office
1578638963.18,496,633,None,Move,office
1578638963.204,496,635,None,Move,office
1578638963.235,496,636,None,Move,office
1578638963.42,496,637,None,Move,office
1578638963.441,496,639,None,Move,office
1578638963.464,496,646,None,Move,office
1578638963.488,496,654,None,Move,office
1578638963.504,496,663,None,Move,office
1578638963.5370002,496,686,None,Move,office
1578638963.56,496,715,None,Move,office
1578638963.583,496,740,None,Move,office
1578638963.6079998,496,772,None,Move,office
1578638963.6320002,496,795,None,Move,office
1578638963.657,496,816,None,Move,office
1578638963.677,496,831,None,Move,office
1578638963.7,496,838,None,Move,office
1578638963.722,495,846,None,Move,office
1578638963.788,493,850,None,Move,office
1578638963.8079998,489,856,None,Move,office
1578638963.8279998,484,865,None,Move,office
1578638963.8479998,475,875,None,Move,office
1578638963.869,472,878,None,Move,office
1578638963.917,471,879,None,Move,office
1578638963.939,468,883,None,Move,office
1578638963.962,461,887,None,Move,office
1578638963.9889998,460,889,None,Move,office
1578638964.1179998,459,889,None,Move,office
1578638964.149,457,878,None,Move,office
1578638964.176,442,820,None,Move,office
1578638964.198,418,731,None,Move,office
1578638964.219,397,656,None,Move,office
1578638964.24,384,615,None,Move,office
1578638964.26,371,567,None,Move,office
1578638964.2770002,370,558,None,Move,office
1578638964.291,369,555,None,Move,office
1578638964.304,369,554,None,Move,office
1578638964.51,369,553,None,Move,office
1578638964.524,369,552,None,Move,office
1578638964.857,369,551,None,Move,office
1578638964.88,371,551,None,Move,office
1578638964.905,387,558,None,Move,office
1578638964.929,403,566,None,Move,office
1578638964.9529998,422,581,None,Move,office
1578638964.978,442,597,None,Move,office
1578638965.002,455,606,None,Move,office
1578638965.0270002,459,613,None,Move,office
1578638965.055,467,621,None,Move,office
1578638965.079,471,631,None,Move,office
1578638965.1020002,479,643,None,Move,office
1578638965.129,483,654,None,Move,office
1578638965.1620002,483,655,None,Move,office
1578638965.1920002,484,657,None,Move,office
1578638965.215,484,657,None,Move,office
1578638965.256,484,660,None,Move,office
1578638965.28,484,662,None,Move,office
1578638965.303,479,667,None,Move,office
1578638965.337,462,680,None,Move,office
1578638965.361,446,698,None,Move,office
1578638965.3839998,435,715,None,Move,office
1578638965.41,403,776,None,Move,office
1578638965.4329998,387,828,None,Move,office
1578638965.458,383,881,None,Move,office
1578638965.4829998,398,953,None,Move,office
1578638965.5089998,433,1024,None,Move,office
1578638965.532,465,1073,None,Move,office
1578638965.556,489,1100,None,Move,office
1578638965.58,498,1085,None,Move,office
1578638965.704,502,1081,None,Move,office
1578638965.725,506,1081,None,Move,office
1578638965.7489998,524,1081,None,Move,office
1578638965.778,542,1080,None,Move,office
1578638965.863,542,1079,None,Move,office
1578638965.8860002,541,1078,None,Move,office
1578638965.909,532,1050,None,Move,office
1578638965.929,521,1027,None,Move,office
1578638965.949,501,979,None,Move,office
1578638965.972,479,898,None,Move,office
1578638965.992,465,825,None,Move,office
1578638966.0129998,450,695,None,Move,office
1578638966.034,437,598,None,Move,office
1578638966.054,430,569,None,Move,office
1578638966.075,427,547,None,Move,office
1578638966.095,423,539,None,Move,office
1578638966.1160002,420,531,None,Move,office
1578638966.1360002,418,527,None,Move,office
1578638966.158,417,525,None,Move,office
1578638966.181,415,523,None,Move,office
1578638966.208,413,521,None,Move,office
1578638966.231,411,516,None,Move,office
1578638966.254,409,514,None,Move,office
1578638966.344,408,512,None,Move,office
1578638966.3679998,408,508,None,Move,office
1578638966.3920002,408,505,None,Move,office
1578638966.415,407,502,None,Move,office
1578638966.441,406,501,None,Move,office
1578638966.4629998,405,499,None,Move,office
1578638966.486,405,499,None,Move,office
1578638966.6479998,405,497,None,Move,office
1578638966.6720002,404,492,None,Move,office
1578638966.698,402,483,None,Move,office
1578638966.722,402,483,None,Move,office
1578638966.893,402,483,Left,Pressed,office
1578638966.988,402,483,Left,Released,office
1578638967.066,402,483,Left,Pressed,office
1578638967.244,402,483,Left,Released,office
1578638967.404,402,482,None,Move,office
1578638972.708,399,482,None,Move,office
1578638972.722,399,482,None,Move,office
1578638972.735,387,479,None,Move,office
1578638972.748,373,476,None,Move,office
1578638972.7610002,358,471,None,Move,office
1578638972.775,357,471,None,Move,office
1578638972.795,357,471,None,Move,office
1578638972.8179998,356,471,None,Move,office
1578638972.831,354,471,None,Move,office
1578638972.869,353,471,None,Move,office
1578638972.885,349,471,None,Move,office
1578638972.9020002,341,472,None,Move,office
1578638972.919,323,477,None,Move,office
1578638972.936,300,482,None,Move,office
1578638972.952,276,485,None,Move,office
1578638972.97,261,485,None,Move,office
1578638972.9870002,249,485,None,Move,office
1578638973.0029998,240,485,None,Move,office
1578638973.02,229,480,None,Move,office
1578638973.0370002,211,471,None,Move,office
1578638973.0570002,200,466,None,Move,office
1578638973.077,187,458,None,Move,office
1578638973.094,179,447,None,Move,office
1578638973.107,177,446,None,Move,office
1578638973.121,171,435,None,Move,office
1578638973.1339998,165,427,None,Move,office
1578638973.147,164,423,None,Move,office
1578638973.161,160,411,None,Move,office
1578638973.174,155,397,None,Move,office
1578638973.187,151,390,None,Move,office
1578638973.201,147,380,None,Move,office
1578638973.215,145,377,None,Move,office
1578638973.252,142,377,None,Move,office
1578638973.265,141,376,None,Move,office
1578638973.283,136,373,None,Move,office
1578638973.3,126,367,None,Move,office
1578638973.3170002,113,360,None,Move,office
1578638973.334,102,352,None,Move,office
1578638973.351,97,348,None,Move,office
1578638973.367,88,343,None,Move,office
1578638973.383,65,332,None,Move,office
1578638973.4,34,323,None,Move,office
1578638973.418,5,316,None,Move,office
1578638973.434,-5,313,None,Move,office
1578638973.577,0,313,Left,Pressed,office
1578638973.688,0,313,Left,Released,office
1578638973.784,-2,312,None,Move,office
1578638973.8079998,2,313,None,Move,office
1578638973.832,18,327,None,Move,office
1578638973.855,34,341,None,Move,office
1578638973.8779998,36,343,None,Move,office
1578638973.9020002,39,347,None,Move,office
1578638973.925,49,360,None,Move,office
1578638973.949,63,375,None,Move,office
1578638973.979,70,382,None,Move,office
1578638974.095,71,383,Left,Pressed,office
1578638974.095,71,383,None,Drag,office
1578638974.1220002,72,383,None,Drag,office
1578638974.1220002,72,383,Left,Released,office
1578638974.528,74,383,None,Move,office
1578638974.542,74,383,None,Move,office
1578638974.556,79,380,None,Move,office
1578638974.5679998,82,375,None,Move,office
1578638974.581,91,368,None,Move,office
1578638974.592,100,358,None,Move,office
1578638974.609,106,355,None,Move,office
1578638974.625,124,342,None,Move,office
1578638974.644,137,329,None,Move,office
1578638974.665,160,301,None,Move,office
1578638974.687,166,290,None,Move,office
1578638974.707,166,288,None,Move,office
1578638974.738,153,288,None,Move,office
1578638974.764,127,298,None,Move,office
1578638974.788,103,322,None,Move,office
1578638974.96,97,331,None,Move,office
1578638974.984,93,349,None,Move,office
1578638975.0070002,92,361,None,Move,office
1578638975.033,92,365,None,Move,office
1578638975.332,92,365,None,Move,office
1578638975.365,92,365,None,Move,office
1578638975.3860002,93,360,None,Move,office
1578638975.569,93,359,None,Move,office
1578638975.589,93,358,None,Move,office
1578638975.599,93,357,None,Move,office
1578638975.7589998,93,357,None,Move,office
1578638975.776,93,360,None,Move,office
1578638975.788,91,380,None,Move,office
1578638975.802,90,410,None,Move,office
1578638975.816,91,427,None,Move,office
1578638975.8279998,97,461,None,Move,office
1578638975.842,103,502,None,Move,office
1578638975.856,105,523,None,Move,office
1578638975.87,93,577,None,Move,office
1578638975.883,61,639,None,Move,office
1578638975.897,47,657,None,Move,office
1578638976.065,47,663,None,Move,office
1578638976.0779998,47,663,None,Move,office
1578638976.092,62,674,None,Move,office
1578638976.105,95,682,None,Move,office
1578638976.1160002,112,686,None,Move,office
1578638976.133,143,695,None,Move,office
1578638976.1339998,168,710,None,Move,office
1578638976.163,187,735,None,Move,office
1578638976.174,200,779,None,Move,office
1578638976.191,207,809,None,Move,office
1578638976.205,231,891,None,Move,office
1578638976.216,267,981,None,Move,office
1578638976.23,287,1020,None,Move,office
1578638976.2329998,315,1076,None,Move,office
1578638976.2570002,316,1076,None,Move,office
1578638976.353,320,1084,None,Move,office
1578638976.3760002,321,1079,None,Move,office
1578638976.4,323,1082,None,Move,office
1578638976.416,327,1081,None,Move,office
1578638976.4320002,341,1077,None,Move,office
1578638976.469,361,1070,None,Move,office
1578638976.492,380,1064,None,Move,office
1578638976.515,414,1054,None,Move,office
1578638976.538,437,1050,None,Move,office
1578638976.562,443,1048,None,Move,office
1578638976.585,448,1047,None,Move,office
1578638976.6,452,1045,None,Move,office
1578638976.6320002,459,1045,None,Move,office
1578638976.656,463,1045,None,Move,office
1578638976.681,465,1045,None,Move,office
1578638976.704,470,1045,None,Move,office
1578638976.7270002,482,1050,None,Move,office
1578638976.75,492,1054,None,Move,office
1578638976.776,497,1054,None,Move,office
1578638976.801,498,1054,None,Move,office
1578638976.816,499,1054,None,Move,office
1578638976.8520002,503,1055,None,Move,office
1578638976.875,506,1057,None,Move,office
1578638976.978,508,1057,None,Move,office
1578638977.0,509,1057,None,Move,office
1578638977.042,509,1057,Left,Pressed,office
1578638977.1339998,509,1057,Left,Released,office
1578638977.236,509,1057,None,Move,browsing
1578638977.252,511,1057,None,Move,browsing
1578638977.2670002,513,1051,None,Move,browsing
1578638977.28,516,1043,None,Move,browsing
1578638977.292,521,1026,None,Move,browsing
1578638977.3,528,1000,None,Move,browsing
1578638977.3170002,533,968,None,Move,browsing
1578638977.3379998,535,950,None,Move,browsing
1578638977.3520002,538,909,None,Move,browsing
1578638977.369,539,856,None,Move,browsing
1578638977.3839998,539,792,None,Move,browsing
1578638977.397,539,727,None,Move,browsing
1578638977.417,539,659,None,Move,browsing
1578638977.435,539,594,None,Move,browsing
1578638977.451,536,524,None,Move,browsing
1578638977.465,530,444,None,Move,browsing
1578638977.475,515,362,None,Move,browsing
1578638977.496,493,271,None,Move,browsing
1578638977.508,476,191,None,Move,browsing
1578638977.52,466,151,None,Move,browsing
1578638977.536,444,63,None,Move,browsing
1578638977.548,423,-14,None,Move,browsing
1578638977.5670002,404,-56,None,Move,browsing
1578638977.581,391,-33,None,Move,browsing
1578638977.593,386,-12,None,Move,browsing
1578638977.6,374,-19,None,Move,browsing
1578638977.6160002,370,-6,None,Move,browsing
1578638977.633,361,-10,None,Move,browsing
1578638977.6339998,360,-2,None,Move,browsing
1578638977.6829998,359,-1,None,Move,browsing
1578638977.701,358,-1,None,Move,browsing
1578638977.732,354,-1,None,Move,browsing
1578638977.7529998,352,0,None,Move,browsing
1578638977.7870002,335,-3,None,Move,browsing
1578638977.819,320,10,None,Move,browsing
1578638978.1239998,320,11,Left,Pressed,browsing
1578638978.1239998,320,11,None,Drag,browsing
1578638978.15,322,14,None,Drag,browsing
1578638978.15,322,14,Left,Released,browsing
1578638978.8760002,322,15,None,Move,browsing
1578638978.891,322,16,None,Move,browsing
1578638978.904,317,16,None,Move,browsing
1578638978.921,311,16,None,Move,browsing
1578638978.9329998,301,16,None,Move,browsing
1578638978.944,297,16,None,Move,browsing
1578638978.957,292,16,None,Move,browsing
1578638978.972,291,16,None,Move,browsing
1578638979.004,289,16,None,Move,browsing
1578638979.021,285,17,None,Move,browsing
1578638979.036,282,17,None,Move,browsing
1578638979.0470002,278,17,None,Move,browsing
1578638979.061,274,17,None,Move,browsing
1578638979.073,273,17,None,Move,browsing
1578638979.292,273,17,None,Move,browsing
1578638979.33,281,21,None,Move,browsing
1578638979.363,303,27,None,Move,browsing
1578638979.397,318,30,None,Move,browsing
1578638979.4320002,319,30,None,Move,browsing
1578638979.6,318,30,None,Move,browsing
1578638979.613,317,29,None,Move,browsing
1578638979.6260002,311,25,None,Move,browsing
1578638979.639,308,24,None,Move,browsing
1578638979.655,304,23,None,Move,browsing
1578638979.671,298,21,None,Move,browsing
1578638979.687,296,20,None,Move,browsing
1578638979.8720002,296,20,None,Move,browsing
1578638979.889,295,20,None,Move,browsing
1578638979.9529998,295,20,Left,Pressed,browsing
1578638980.044,295,20,Left,Released,browsing
1578638980.096,294,20,None,Move,browsing
1578638980.111,294,22,None,Move,browsing
1578638980.125,296,28,None,Move,browsing
1578638980.133,300,36,None,Move,browsing
1578638980.1420002,302,41,None,Move,browsing
1578638980.157,304,45,None,Move,browsing
1578638980.171,313,59,None,Move,browsing
1578638980.185,329,83,None,Move,browsing
1578638980.195,342,102,None,Move,browsing
1578638980.212,384,158,None,Move,browsing
1578638980.234,497,273,None,Move,browsing
1578638980.255,590,352,None,Move,browsing
1578638980.2670002,683,424,None,Move,browsing
1578638980.281,763,485,None,Move,browsing
1578638980.298,827,540,None,Move,browsing
1578638980.312,871,588,None,Move,browsing
1578638980.331,904,628,None,Move,browsing
1578638980.355,933,666,None,Move,browsing
1578638980.375,949,685,None,Move,browsing
1578638980.394,972,713,None,Move,browsing
1578638980.411,986,733,None,Move,browsing
1578638980.426,998,749,None,Move,browsing
1578638980.444,1006,758,None,Move,browsing
1578638980.462,1010,765,None,Move,browsing
1578638980.48,1016,776,None,Move,browsing
1578638980.495,1022,788,None,Move,browsing
1578638980.51,1027,795,None,Move,browsing
1578638980.5270002,1030,799,None,Move,browsing
1578638980.673,1031,800,None,Move,browsing
1578638980.708,1025,805,None,Move,browsing
1578638980.734,1006,809,None,Move,browsing
1578638980.771,970,810,None,Move,browsing
1578638980.796,955,810,None,Move,browsing
1578638980.831,946,810,None,Move,browsing
1578638980.928,946,810,Left,Pressed,browsing
1578638981.0570002,946,810,Left,Released,browsing
1578638981.345,945,810,None,Move,browsing
1578638981.37,940,803,None,Move,browsing
1578638981.3920002,930,790,None,Move,browsing
1578638981.421,920,774,None,Move,browsing
1578638981.444,904,752,None,Move,browsing
1578638981.468,879,716,None,Move,browsing
1578638981.494,855,685,None,Move,browsing
1578638981.519,833,662,None,Move,browsing
1578638981.546,808,637,None,Move,browsing
1578638981.581,772,601,None,Move,browsing
1578638981.607,725,564,None,Move,browsing
1578638981.6339998,688,538,None,Move,browsing
1578638981.661,648,516,None,Move,browsing
1578638981.687,605,496,None,Move,browsing
1578638981.717,556,477,None,Move,browsing
1578638981.748,522,471,None,Move,browsing
1578638981.778,499,471,None,Move,browsing
1578638981.8170002,492,471,None,Move,browsing
1578638987.9729998,491,471,None,Move,browsing
1578638988.637,493,469,None,Move,browsing
1578638988.659,503,465,None,Move,browsing
1578638988.679,601,427,None,Move,browsing
1578638988.699,738,376,None,Move,browsing
1578638988.722,962,299,None,Move,browsing
1578638988.7470002,1160,231,None,Move,browsing
1578638988.775,1275,197,None,Move,browsing
1578638988.795,1315,185,None,Move,browsing
1578638988.8179998,1324,180,None,Move,browsing
1578638988.85,1326,179,None,Move,browsing
1578638988.8739998,1332,176,None,Move,browsing
1578638988.904,1342,169,None,Move,browsing
1578638988.9429998,1371,161,None,Move,browsing
1578638988.969,1403,157,None,Move,browsing
1578638988.982,1413,157,None,Move,browsing
1578638988.996,1434,155,None,Move,browsing
1578638989.05,1491,155,None,Move,browsing
1578638989.073,1506,159,None,Move,browsing
1578638989.095,1527,174,None,Move,browsing
1578638989.1220002,1544,188,None,Move,browsing
1578638989.1479998,1549,194,None,Move,browsing
1578638989.185,1550,197,None,Move,browsing
1578638989.217,1550,200,None,Move,browsing
1578638989.2410002,1550,202,None,Move,browsing
1578638989.2670002,1543,211,None,Move,browsing
1578638989.292,1521,223,None,Move,browsing
1578638989.316,1445,251,None,Move,browsing
1578638989.34,1299,292,None,Move,browsing
1578638989.363,1094,368,None,Move,browsing
1578638989.387,846,458,None,Move,browsing
1578638989.41,626,546,None,Move,browsing
1578638989.435,483,623,None,Move,browsing
1578638989.462,425,670,None,Move,browsing
1578638989.4870002,408,700,None,Move,browsing
1578638989.5229998,406,766,None,Move,browsing
1578638989.554,427,832,None,Move,browsing
1578638989.579,449,873,None,Move,browsing
1578638989.6020002,470,900,None,Move,browsing
1578638989.6239998,482,914,None,Move,browsing
1578638989.647,494,924,None,Move,browsing
1578638989.67,498,925,None,Move,browsing
1578638990.104,498,926,None,Move,browsing
1578638990.2970002,498,927,None,Move,browsing
1578638990.321,497,927,None,Move,browsing
1578638990.353,496,928,None,Move,browsing
1578638990.373,495,928,None,Move,browsing
1578638990.41,493,932,None,Move,browsing
1578638990.776,492,932,None,Move,browsing
1578638992.084,492,932,None,Move,browsing
1578638992.101,489,933,None,Move,browsing
1578638992.1139998,489,934,None,Move,browsing
1578638992.13,481,940,None,Move,browsing
1578638992.149,471,943,None,Move,browsing
1578638992.161,468,945,None,Move,browsing
1578638992.177,459,948,None,Move,browsing
1578638992.197,448,951,None,Move,browsing
1578638992.2129998,438,952,None,Move,browsing
1578638992.2329998,426,953,None,Move,browsing
1578638992.2489998,413,953,None,Move,browsing
1578638992.2629998,404,953,None,Move,browsing
1578638992.274,400,953,None,Move,browsing
1578638992.2870002,396,953,None,Move,browsing
1578638992.299,395,953,None,Move,browsing
1578638992.311,394,953,None,Move,browsing
1578638992.4020002,392,953,None,Move,browsing
1578638992.425,389,953,None,Move,browsing
1578638992.452,387,953,None,Move,browsing
1578638992.474,387,953,None,Move,browsing
1578638992.4989998,384,951,None,Move,browsing
1578638992.522,380,947,None,Move,browsing
1578638992.543,380,946,None,Move,browsing
1578638992.566,379,942,None,Move,browsing
1578638992.591,378,937,None,Move,browsing
1578638992.615,378,936,None,Move,browsing
1578638992.641,378,934,None,Move,browsing
1578638992.6920002,378,932,None,Move,browsing
1578638992.717,378,931,None,Move,browsing
1578638992.7370002,378,927,None,Move,browsing
1578638992.869,378,925,None,Move,browsing
1578638992.8920002,374,923,None,Move,browsing
1578638992.921,355,917,None,Move,browsing
1578638992.952,337,915,None,Move,browsing
1578638992.972,335,915,None,Move,browsing
1578638996.3720002,334,915,None,Move,browsing
1578638996.389,334,914,None,Move,browsing
1578638996.405,335,914,None,Move,browsing
1578638996.42,336,914,None,Move,browsing
1578638996.4329998,337,914,None,Move,browsing
1578638996.4529998,339,914,None,Move,browsing
1578638996.466,339,914,None,Move,browsing
1578638996.484,340,914,None,Move,browsing
1578638996.5,342,913,None,Move,browsing
1578638996.524,351,913,None,Move,browsing
1578638996.5470002,358,909,None,Move,browsing
1578638996.573,367,909,None,Move,browsing
1578638996.676,369,909,None,Move,browsing
1578638996.706,377,908,None,Move,browsing
1578638996.788,380,908,None,Move,browsing
1578638996.819,381,908,None,Move,browsing
1578638999.072,382,908,None,Move,browsing
1578638999.847,382,908,None,Move,browsing
1578638999.877,386,908,None,Move,browsing
1578638999.901,389,908,None,Move,browsing
1578638999.96,392,908,None,Move,browsing
1578638999.9829998,394,907,None,Move,browsing
1578639000.008,402,905,None,Move,browsing
1578639000.0370002,411,904,None,Move,browsing
1578639000.062,418,904,None,Move,browsing
1578639000.956,419,904,None,Move,browsing
1578639000.972,422,902,None,Move,browsing
1578639000.9870002,424,902,None,Move,browsing
1578639001.004,433,902,None,Move,browsing
1578639001.0170002,449,902,None,Move,browsing
1578639001.032,469,902,None,Move,browsing
1578639001.046,490,902,None,Move,browsing
1578639001.059,496,902,None,Move,browsing
1578639001.074,507,902,None,Move,browsing
1578639001.087,507,902,None,Move,browsing
1578639003.7589998,510,901,None,Move,browsing
1578639003.789,520,895,None,Move,browsing
1578639003.814,715,815,None,Move,browsing
1578639003.845,1075,679,None,Move,browsing
1578639003.871,1492,469,None,Move,browsing
1578639003.903,1933,238,None,Move,browsing
1578639003.934,2120,96,None,Move,browsing
1578639003.965,1950,29,None,Move,browsing
1578639004.016,1919,29,None,Move,browsing
1578639004.051,1918,26,None,Move,browsing
1578639004.086,1914,26,None,Move,browsing
1578639004.12,1906,27,None,Move,browsing
1578639004.154,1886,48,None,Move,browsing
1578639004.1829998,1876,60,None,Move,browsing
1578639004.21,1867,71,None,Move,browsing
1578639004.231,1865,73,None,Move,browsing
1578639004.246,1865,76,None,Move,browsing
1578639004.337,1865,76,None,Move,browsing
1578639004.349,1865,74,None,Move,browsing
1578639004.365,1869,72,None,Move,browsing
1578639004.3839998,1871,72,None,Move,browsing
1578639004.399,1872,72,None,Move,browsing
1578639004.4320002,1872,72,None,Move,browsing
1578639004.448,1877,72,None,Move,browsing
1578639004.4629998,1881,71,None,Move,browsing
1578639004.479,1891,70,None,Move,browsing
1578639004.495,1898,66,None,Move,browsing
1578639004.5110002,1905,65,None,Move,browsing
1578639004.528,1909,64,None,Move,browsing
1578639004.824,1909,64,None,Move,browsing
1578639004.84,1909,64,None,Move,browsing
1578639004.856,1907,64,None,Move,browsing
1578639004.869,1905,64,None,Move,browsing
1578639004.8839998,1903,64,None,Move,browsing
1578639005.0170002,1903,64,Left,Pressed,browsing
1578639005.129,1903,64,Left,Released,browsing
1578639005.4120002,1902,64,None,Move,browsing
1578639005.437,1893,71,None,Move,browsing
1578639005.462,1885,78,None,Move,browsing
1578639005.486,1873,85,None,Move,browsing
1578639005.5089998,1860,94,None,Move,browsing
1578639005.532,1853,97,None,Move,browsing
1578639005.553,1840,102,None,Move,browsing
1578639005.579,1828,106,None,Move,browsing
1578639005.603,1818,110,None,Move,browsing
1578639005.625,1813,113,None,Move,browsing
1578639005.649,1809,115,None,Move,browsing
1578639005.675,1803,120,None,Move,browsing
1578639005.699,1792,128,None,Move,browsing
1578639005.72,1779,140,None,Move,browsing
1578639005.744,1766,152,None,Move,browsing
1578639005.766,1758,164,None,Move,browsing
1578639005.792,1752,170,None,Move,browsing
1578639005.814,1742,181,None,Move,browsing
1578639005.837,1730,195,None,Move,browsing
1578639005.8620002,1717,211,None,Move,browsing
1578639005.887,1709,218,None,Move,browsing
1578639005.9120002,1706,225,None,Move,browsing
1578639005.9329998,1702,232,None,Move,browsing
1578639005.956,1698,241,None,Move,browsing
1578639005.982,1696,249,None,Move,browsing
1578639006.0070002,1696,256,None,Move,browsing
1578639006.028,1696,264,None,Move,browsing
1578639006.054,1697,272,None,Move,browsing
1578639006.077,1701,281,None,Move,browsing
1578639006.1020002,1706,288,None,Move,browsing
1578639006.164,1707,289,None,Move,browsing
1578639006.187,1708,289,None,Move,browsing
1578639006.276,1709,292,None,Move,browsing
1578639006.3379998,1710,294,None,Move,browsing
1578639006.367,1714,295,None,Move,browsing
1578639006.39,1718,296,None,Move,browsing
1578639006.4120002,1719,297,None,Move,browsing
1578639006.5170002,1719,297,Left,Pressed,browsing
1578639006.644,1719,297,Left,Released,browsing
1578639007.397,1719,297,Left,Pressed,browsing
1578639007.525,1719,297,Left,Released,browsing
1578639008.215,1719,297,Left,Pressed,browsing
1578639008.359,1719,297,Left,Released,browsing
1578639009.025,1719,297,Left,Pressed,browsing
1578639009.133,1719,297,Left,Released,browsing
1578639009.801,1718,297,None,Move,browsing
1578639009.816,1717,297,None,Move,browsing
1578639009.835,1699,300,None,Move,browsing
1578639009.85,1660,306,None,Move,browsing
1578639009.865,1578,318,None,Move,browsing
1578639009.879,1529,325,None,Move,browsing
1578639009.894,1414,339,None,Move,browsing
1578639009.911,1283,354,None,Move,browsing
1578639009.926,1128,369,None,Move,browsing
1578639009.9429998,960,387,None,Move,browsing
1578639009.959,799,405,None,Move,browsing
1578639009.975,660,422,None,Move,browsing
1578639009.988,545,439,None,Move,browsing
1578639010.0029998,446,457,None,Move,browsing
1578639010.0170002,357,470,None,Move,browsing
1578639010.033,275,482,None,Move,browsing
1578639010.043,232,489,None,Move,browsing
1578639010.0579998,157,501,None,Move,browsing
1578639010.069,122,505,None,Move,browsing
1578639010.085,66,514,None,Move,browsing
1578639010.099,34,518,None,Move,browsing
1578639010.1120002,23,519,None,Move,browsing
1578639010.123,15,521,None,Move,browsing
1578639010.528,15,521,Left,Pressed,browsing
1578639010.656,15,521,Left,Released,browsing
1578639010.7329998,13,521,None,Move,browsing
1578639010.752,13,521,None,Move,browsing
1578639010.77,15,521,None,Move,browsing
1578639010.784,18,521,None,Move,browsing
1578639010.799,31,519,None,Move,browsing
1578639010.8170002,41,519,None,Move,browsing
1578639010.835,59,519,None,Move,browsing
1578639010.85,89,519,None,Move,browsing
1578639010.863,125,519,None,Move,browsing
1578639010.88,166,519,None,Move,browsing
1578639010.893,205,519,None,Move,browsing
1578639010.91,240,525,None,Move,browsing
1578639010.925,271,533,None,Move,browsing
1578639010.938,283,537,None,Move,browsing
1578639010.958,310,550,None,Move,browsing
1578639010.976,327,560,None,Move,browsing
1578639010.995,342,570,None,Move,browsing
1578639011.01,358,580,None,Move,browsing
1578639011.029,371,591,None,Move,browsing
1578639011.042,379,598,None,Move,browsing
1578639011.059,387,604,None,Move,browsing
1578639011.076,396,611,None,Move,browsing
1578639011.094,407,615,None,Move,browsing
1578639011.109,414,618,None,Move,browsing
1578639011.1260002,420,620,None,Move,browsing
1578639011.146,426,621,None,Move,browsing
1578639011.163,435,621,None,Move,browsing
1578639011.181,449,621,None,Move,browsing
1578639011.199,466,623,None,Move,browsing
1578639011.216,488,625,None,Move,browsing
1578639011.2329998,511,625,None,Move,browsing
1578639011.2510002,546,625,None,Move,browsing
1578639011.27,571,625,None,Move,browsing
1578639011.2870002,596,625,None,Move,browsing
1578639011.304,616,625,None,Move,browsing
1578639011.321,633,625,None,Move,browsing
1578639011.3379998,644,626,None,Move,browsing
1578639011.354,645,626,None,Move,browsing
1578639011.396,648,626,None,Move,browsing
1578639011.417,650,626,None,Move,browsing
1578639011.4429998,664,626,None,Move,browsing
1578639011.468,673,626,None,Move,browsing
1578639011.488,674,626,None,Move,browsing
1578639011.572,676,627,None,Move,browsing
1578639011.5979998,682,632,None,Move,browsing
1578639011.625,694,647,None,Move,browsing
1578639011.651,707,663,None,Move,browsing
1578639011.684,708,665,None,Move,browsing
1578639012.81,709,665,None,Move,browsing
1578639012.845,710,666,None,Move,browsing
1578639015.278,710,666,None,Move,browsing
1578639015.3070002,712,666,None,Move,browsing
1578639015.327,713,661,None,Move,browsing
1578639015.349,716,637,None,Move,browsing
1578639015.371,725,561,None,Move,browsing
1578639015.396,735,445,None,Move,browsing
1578639015.427,746,380,None,Move,browsing
1578639015.476,746,380,Left,Pressed,browsing
1578639015.5879998,746,380,Left,Released,browsing
1578639015.746,748,373,None,Move,browsing
1578639015.7629998,751,371,None,Move,browsing
1578639015.778,778,376,None,Move,browsing
1578639015.805,897,409,None,Move,browsing
1578639015.826,1031,439,None,Move,browsing
1578639015.849,1245,484,None,Move,browsing
1578639015.869,1428,518,None,Move,browsing
1578639015.8860002,1509,528,None,Move,browsing
1578639015.909,1557,535,None,Move,browsing
1578639015.924,1558,535,None,Move,browsing
1578639029.3860002,1561,535,None,Move,browsing
1578639029.4120002,1563,536,None,Move,browsing
1578639029.435,1561,537,None,Move,browsing
1578639029.461,1552,540,None,Move,browsing
1578639029.485,1537,544,None,Move,browsing
1578639029.5070002,1487,554,None,Move,browsing
1578639029.529,1399,567,None,Move,browsing
1578639029.552,1207,596,None,Move,browsing
1578639029.5779998,994,614,None,Move,browsing
1578639029.6020002,806,623,None,Move,browsing
1578639029.6360002,656,625,None,Move,browsing
1578639029.658,609,625,None,Move,browsing
1578639029.691,582,625,None,Move,browsing
1578639029.719,564,628,None,Move,browsing
1578639029.75,548,631,None,Move,browsing
1578639029.78,530,635,None,Move,browsing
1578639029.81,506,639,None,Move,browsing
1578639029.844,458,644,None,Move,browsing
1578639029.8760002,434,646,None,Move,browsing
1578639029.909,408,657,None,Move,browsing
1578639029.9429998,397,661,None,Move,browsing
1578639029.972,394,661,None,Move,browsing
1578639029.9989998,388,662,None,Move,browsing
1578639030.0229998,378,665,None,Move,browsing
1578639030.052,373,666,None,Move,browsing
1578639033.292,372,666,None,Move,browsing
1578639042.812,372,666,None,Move,browsing
1578639042.832,373,664,None,Move,browsing
1578639042.855,378,657,None,Move,browsing
1578639042.881,382,651,None,Move,browsing
1578639042.904,387,638,None,Move,browsing
1578639042.93,399,612,None,Move,browsing
1578639042.95,434,530,None,Move,browsing
1578639042.9770002,475,384,None,Move,browsing
1578639043.0010002,509,195,None,Move,browsing
1578639043.025,530,85,None,Move,browsing
1578639043.052,530,84,None,Move,browsing
1578639043.074,530,82,None,Move,browsing
1578639043.1,530,75,None,Move,browsing
1578639043.123,530,66,None,Move,browsing
1578639043.171,530,32,None,Move,browsing
1578639043.2,530,12,None,Move,browsing
1578639043.229,530,-9,None,Move,browsing
1578639043.256,530,-12,None,Move,browsing
1578639043.283,530,-9,None,Move,browsing
1578639043.3070002,530,-1,None,Move,browsing
1578639043.341,530,-1,None,Move,browsing
1578639043.373,530,0,None,Move,browsing
1578639043.401,539,0,None,Move,browsing
1578639043.428,558,3,None,Move,browsing
1578639043.461,581,11,None,Move,browsing
1578639043.49,597,16,None,Move,browsing
1578639043.5170002,621,28,None,Move,browsing
1578639043.544,624,28,None,Move,browsing
1578639043.6279998,623,28,None,Move,browsing
1578639043.656,620,28,None,Move,browsing
1578639043.684,617,29,None,Move,browsing
1578639043.708,613,29,None,Move,browsing
1578639043.76,612,29,None,Move,browsing
1578639043.7870002,609,30,None,Move,browsing
1578639043.806,605,30,None,Move,browsing
1578639043.835,601,30,None,Move,browsing
1578639043.8660002,593,31,None,Move,browsing
1578639043.894,589,31,None,Move,browsing
1578639043.92,586,31,None,Move,browsing
1578639043.946,582,31,None,Move,browsing
1578639043.974,580,31,None,Move,browsing
1578639044.0029998,580,31,None,Move,browsing
1578639044.065,580,31,Left,Pressed,browsing
1578639044.1929998,580,31,Left,Released,browsing
1578639044.336,579,32,None,Move,browsing
1578639044.369,579,33,None,Move,browsing
1578639044.391,579,35,None,Move,browsing
1578639044.42,579,38,None,Move,browsing
1578639044.865,579,39,None,Move,browsing
1578639044.896,579,39,None,Move,browsing
1578639044.91,579,38,None,Move,browsing
1578639044.945,580,34,None,Move,browsing
1578639044.96,580,31,None,Move,browsing
1578639044.9770002,580,30,None,Move,browsing
1578639044.99,580,29,None,Move,browsing
1578639045.004,581,29,None,Move,browsing
1578639045.022,583,26,None,Move,browsing
1578639045.105,585,25,None,Move,browsing
1578639045.119,586,25,None,Move,browsing
1578639045.232,586,25,Left,Pressed,browsing
1578639045.345,586,25,Left,Released,browsing
1578639045.504,586,25,None,Move,browsing
1578639045.543,588,37,None,Move,browsing
1578639045.5779998,593,64,None,Move,browsing
1578639045.5979998,599,88,None,Move,browsing
1578639045.6239998,610,126,None,Move,browsing
1578639045.647,621,165,None,Move,browsing
1578639045.664,629,195,None,Move,browsing
1578639045.679,635,224,None,Move,browsing
1578639045.696,644,263,None,Move,browsing
1578639045.707,647,274,None,Move,browsing
1578639045.722,651,291,None,Move,browsing
1578639045.735,652,300,None,Move,browsing
1578639045.75,654,312,None,Move,browsing
1578639045.7629998,654,315,None,Move,browsing
1578639045.778,654,319,None,Move,browsing
1578639045.793,654,321,None,Move,browsing
1578639045.919,654,323,None,Move,browsing
1578639045.9420002,653,327,None,Move,browsing
1578639045.971,642,344,None,Move,browsing
1578639045.996,633,362,None,Move,browsing
1578639046.02,622,388,None,Move,browsing
1578639046.044,619,400,None,Move,browsing
1578639046.069,619,406,None,Move,browsing
1578639046.089,621,423,None,Move,browsing
1578639046.1120002,633,448,None,Move,browsing
1578639046.133,660,490,None,Move,browsing
1578639046.1520002,689,529,None,Move,browsing
1578639046.173,707,549,None,Move,browsing
1578639046.19,712,554,None,Move,browsing
1578639046.778,715,558,None,Move,browsing
1578639046.804,716,561,None,Move,browsing
1578639046.825,718,574,None,Move,browsing
1578639046.85,722,592,None,Move,browsing
1578639046.87,723,597,None,Move,browsing
1578639046.895,723,600,None,Move,browsing
1578639046.919,723,603,None,Move,browsing
1578639046.946,726,611,None,Move,browsing
1578639046.98,728,622,None,Move,browsing
1578639047.005,728,627,None,Move,browsing
1578639047.033,728,627,None,Move,browsing
1578639047.062,728,632,None,Move,browsing
1578639047.085,728,634,None,Move,browsing
1578639047.1079998,729,638,None,Move,browsing
1578639047.131,730,642,None,Move,browsing
1578639047.153,732,651,None,Move,browsing
1578639047.1829998,736,662,None,Move,browsing
1578639047.206,736,662,None,Move,browsing
1578639050.1279998,736,664,None,Move,browsing
1578639050.147,736,665,None,Move,browsing
1578639050.168,737,665,None,Move,browsing
1578639050.191,738,664,None,Move,browsing
1578639050.211,739,663,None,Move,browsing
1578639050.235,742,661,None,Move,browsing
1578639050.256,743,661,None,Move,browsing
1578639050.289,744,660,None,Move,browsing
1578639050.311,745,660,None,Move,browsing
1578639050.333,746,658,None,Move,browsing
1578639050.356,749,655,None,Move,browsing
1578639050.3820002,753,655,None,Move,browsing
1578639050.403,755,654,None,Move,browsing
1578639050.4329998,757,654,None,Move,browsing
1578639050.456,759,653,None,Move,browsing
1578639050.481,761,653,None,Move,browsing
1578639050.502,763,653,None,Move,browsing
1578639050.526,766,653,None,Move,browsing
1578639050.553,771,653,None,Move,browsing
1578639050.581,779,653,None,Move,browsing
1578639050.607,784,653,None,Move,browsing
1578639051.533,786,653,None,Move,browsing
1578639051.555,789,652,None,Move,browsing
1578639051.574,796,650,None,Move,browsing
1578639051.599,802,650,None,Move,browsing
1578639051.6220002,804,650,None,Move,browsing
1578639053.831,804,650,None,Move,browsing
1578639054.311,805,650,None,Move,browsing
1578639054.335,807,650,None,Move,browsing
1578639054.36,810,650,None,Move,browsing
1578639054.381,811,650,None,Move,browsing
1578639054.4020002,817,650,None,Move,browsing
1578639054.426,826,650,None,Move,browsing
1578639054.45,837,650,None,Move,browsing
1578639054.475,843,650,None,Move,browsing
1578639055.686,844,650,None,Move,browsing
1578639055.698,845,650,None,Move,browsing
1578639055.766,876,649,None,Move,browsing
1578639056.58,879,649,None,Move,browsing
1578639056.601,883,649,None,Move,browsing
1578639056.631,896,649,None,Move,browsing
1578639056.656,910,651,None,Move,browsing
1578639056.6829998,923,652,None,Move,browsing
1578639056.707,923,652,None,Move,browsing
1578639057.389,927,652,None,Move,browsing
1578639057.407,931,652,None,Move,browsing
1578639057.429,941,652,None,Move,browsing
1578639057.455,953,652,None,Move,browsing
1578639057.4770002,955,652,None,Move,browsing
1578639059.8879998,956,652,None,Move,browsing
1578639059.911,957,652,None,Move,browsing
1578639061.156,958,652,None,Move,browsing
1578639061.181,961,652,None,Move,browsing
1578639061.201,965,652,None,Move,browsing
1578639061.226,973,652,None,Move,browsing
1578639061.2489998,979,652,None,Move,browsing
1578639061.272,985,652,None,Move,browsing
1578639061.335,999,652,None,Move,browsing
1578639061.361,1000,652,None,Move,browsing
1578639063.457,1001,652,None,Move,browsing
1578639063.482,1004,651,None,Move,browsing
1578639063.5070002,1005,650,None,Move,browsing
1578639063.532,1010,649,None,Move,browsing
1578639063.553,1016,649,None,Move,browsing
1578639063.5779998,1021,649,None,Move,browsing
1578639063.601,1025,649,None,Move,browsing
1578639063.621,1030,647,None,Move,browsing
1578639063.645,1035,647,None,Move,browsing
1578639063.776,1037,647,None,Move,browsing
1578639063.809,1038,647,None,Move,browsing
1578639064.552,1039,647,None,Move,browsing
1578639064.579,1043,647,None,Move,browsing
1578639064.647,1044,647,None,Move,browsing
1578639064.675,1049,647,None,Move,browsing
1578639064.702,1058,647,None,Move,browsing
1578639064.729,1068,647,None,Move,browsing
1578639064.755,1074,647,None,Move,browsing
1578639064.782,1078,647,None,Move,browsing
1578639064.889,1080,647,None,Move,browsing
1578639064.921,1080,647,None,Move,browsing
1578639075.8979998,1081,647,None,Move,browsing
1578639077.425,1082,647,None,Move,browsing
1578639077.447,1082,646,None,Move,browsing
1578639077.475,1083,642,None,Move,browsing
1578639077.5,1085,631,None,Move,browsing
1578639077.524,1088,619,None,Move,browsing
1578639077.546,1090,609,None,Move,browsing
1578639077.57,1091,599,None,Move,browsing
1578639077.589,1092,595,None,Move,browsing
1578639077.619,1094,582,None,Move,browsing
1578639077.665,1094,581,None,Move,browsing
1578639077.689,1094,580,None,Move,browsing
1578639077.712,1094,578,None,Move,browsing
1578639077.735,1095,571,None,Move,browsing
1578639077.7570002,1098,564,None,Move,browsing
1578639077.782,1100,560,None,Move,browsing
1578639077.803,1101,558,None,Move,browsing
1578639077.834,1106,553,None,Move,browsing
1578639077.857,1108,552,None,Move,browsing
1578639077.8760002,1110,550,None,Move,browsing
1578639077.9,1114,548,None,Move,browsing
1578639077.917,1118,545,None,Move,browsing
1578639077.938,1123,543,None,Move,browsing
1578639077.959,1123,543,None,Move,browsing
1578639077.9829998,1126,541,None,Move,browsing
1578639078.005,1131,539,None,Move,browsing
1578639078.0270002,1137,536,None,Move,browsing
1578639078.065,1140,535,None,Move,browsing
1578639078.097,1142,535,None,Move,browsing
1578639078.1179998,1143,535,None,Move,browsing
1578639078.144,1148,535,None,Move,browsing
1578639078.167,1150,535,None,Move,browsing
1578639078.191,1151,535,None,Move,browsing
1578639078.506,1151,535,Left,Pressed,browsing
1578639078.637,1151,535,Left,Released,browsing
1578639079.8760002,1152,535,None,Move,browsing
1578639079.889,1153,535,None,Move,browsing
1578639079.924,1154,535,None,Move,browsing
1578639079.948,1154,535,None,Move,browsing
1578639080.645,1154,536,None,Move,browsing
1578639080.666,1153,536,None,Move,browsing
1578639080.691,1151,539,None,Move,browsing
1578639081.1920002,1149,539,None,Move,browsing
1578639081.214,1141,540,None,Move,browsing
1578639081.236,1065,562,None,Move,browsing
1578639081.26,887,625,None,Move,browsing
1578639081.28,694,687,None,Move,browsing
1578639081.314,-94,815,None,Move,browsing
1578639081.33,-352,844,None,Move,browsing
1578639081.347,-275,861,None,Move,browsing
1578639081.367,-169,862,None,Move,browsing
1578639081.385,-85,844,None,Move,browsing
1578639081.4,-1,832,None,Move,browsing
1578639081.414,11,797,None,Move,browsing
1578639081.429,50,730,None,Move,browsing
1578639081.444,98,647,None,Move,browsing
1578639081.458,139,571,None,Move,browsing
1578639081.472,160,537,None,Move,browsing
1578639081.482,195,483,None,Move,browsing
1578639081.495,207,465,None,Move,browsing
1578639081.504,228,443,None,Move,browsing
1578639081.522,239,436,None,Move,browsing
1578639081.593,239,437,None,Move,browsing
1578639081.607,239,438,None,Move,browsing
1578639081.623,234,442,None,Move,browsing
1578639081.639,228,446,None,Move,browsing
1578639081.654,220,450,None,Move,browsing
1578639081.668,213,454,None,Move,browsing
1578639081.679,195,464,None,Move,browsing
1578639081.694,183,472,None,Move,browsing
1578639081.708,152,496,None,Move,browsing
1578639081.7229998,117,522,None,Move,browsing
1578639081.7389998,90,538,None,Move,browsing
1578639081.755,69,550,None,Move,browsing
1578639081.7729998,54,556,None,Move,browsing
1578639081.79,54,557,None,Move,browsing
1578639081.8170002,53,557,None,Move,browsing
1578639081.832,53,555,None,Move,browsing
1578639081.844,53,551,None,Move,browsing
1578639081.96,52,551,Left,Pressed,browsing
1578639081.96,52,551,None,Drag,browsing
1578639081.992,51,551,None,Drag,browsing
1578639082.016,49,552,None,Drag,browsing
1578639082.016,49,552,Left,Released,browsing
