client_timestamp,x,y,button,state,window
1568634892.712,2146,425,None,Move,file system
1568634892.72,2150,425,None,Move,file system
1568634892.728,2154,423,None,Move,file system
1568634892.736,2158,422,None,Move,file system
1568634892.744,2163,420,None,Move,file system
1568634892.752,2167,420,None,Move,file system
1568634892.76,2176,420,None,Move,file system
1568634892.7670002,2187,420,None,Move,file system
1568634892.775,2201,420,None,Move,file system
1568634892.783,2215,420,None,Move,file system
1568634892.792,2227,418,None,Move,file system
1568634892.799,2238,415,None,Move,file system
1568634892.8070002,2244,415,None,Move,file system
1568634892.815,2247,415,None,Move,file system
1568634892.824,2248,414,None,Move,file system
1568634892.879,2248,414,None,Move,file system
1568634892.887,2250,413,None,Move,file system
1568634892.895,2254,410,None,Move,file system
1568634892.903,2260,408,None,Move,file system
1568634892.9120002,2263,406,None,Move,file system
1568634892.92,2266,404,None,Move,file system
1568634892.928,2267,404,None,Move,file system
1568634892.9320002,2267,403,None,Move,file system
1568634892.94,2268,403,None,Move,file system
1568634892.95,2269,401,None,Move,file system
1568634892.96,2271,400,None,Move,file system
1568634892.97,2271,399,None,Move,file system
1568634892.98,2275,399,None,Move,file system
1568634892.99,2276,397,None,Move,file system
1568634893.0110002,2276,396,None,Move,file system
1568634893.021,2276,395,None,Move,file system
1568634893.03,2276,393,None,Move,file system
1568634893.04,2276,392,None,Move,file system
1568634893.05,2276,391,None,Move,file system
1568634893.072,2276,390,None,Move,file system
1568634893.083,2276,388,None,Move,file system
1568634893.09,2278,385,None,Move,file system
1568634893.1,2278,384,None,Move,file system
1568634893.12,2278,383,None,Move,file system
1568634893.15,2278,381,None,Move,file system
1568634893.171,2278,380,None,Move,file system
1568634893.19,2278,379,None,Move,file system
1568634893.221,2278,378,None,Move,file system
1568634893.23,2278,378,None,Move,file system
1568634893.24,2278,376,None,Move,file system
1568634893.26,2278,375,None,Move,file system
1568634893.27,2278,374,None,Move,file system
1568634893.28,2279,374,None,Move,file system
1568634893.29,2282,370,None,Move,file system
1568634893.311,2283,368,None,Move,file system
1568634893.319,2283,365,None,Move,file system
1568634893.327,2284,365,None,Move,file system
1568634893.335,2286,364,None,Move,file system
1568634893.343,2287,363,None,Move,file system
1568634893.351,2289,362,None,Move,file system
1568634893.359,2292,361,None,Move,file system
1568634893.367,2295,360,None,Move,file system
1568634893.375,2296,358,None,Move,file system
1568634893.383,2298,357,None,Move,file system
1568634893.391,2298,356,None,Move,file system
1568634893.399,2299,355,None,Move,file system
1568634893.4870002,2300,354,None,Move,file system
1568634893.495,2302,352,None,Move,file system
1568634893.508,2304,351,None,Move,file system
1568634893.5110002,2304,350,None,Move,file system
1568634893.519,2305,349,None,Move,file system
1568634893.5270002,2307,348,None,Move,file system
1568634893.535,2307,346,None,Move,file system
1568634893.655,2307,345,None,Move,file system
1568634893.663,2307,344,None,Move,file system
1568634893.671,2309,344,None,Move,file system
1568634893.68,2310,344,None,Move,file system
1568634893.687,2311,344,None,Move,file system
1568634893.7029998,2312,344,None,Move,file system
1568634893.711,2312,343,None,Move,file system
1568634893.7589998,2313,343,None,Move,file system
1568634893.8720002,2314,341,None,Move,file system
1568634893.879,2317,338,None,Move,file system
1568634893.8879998,2320,336,None,Move,file system
1568634893.896,2320,335,None,Move,file system
1568634893.904,2322,333,None,Move,file system
1568634894.296,2322,333,None,Move,file system
1568634894.359,2322,334,None,Move,file system
1568634894.367,2322,335,None,Move,file system
1568634894.383,2322,337,None,Move,file system
1568634894.391,2322,338,None,Move,file system
1568634894.415,2322,339,None,Move,file system
1568634894.431,2322,340,None,Move,file system
1568634894.439,2322,342,None,Move,file system
1568634894.447,2322,343,None,Move,file system
1568634894.471,2322,344,None,Move,file system
1568634898.3520002,2318,349,None,Move,file system
1568634898.36,2304,356,None,Move,file system
1568634898.3679998,2293,358,None,Move,file system
1568634898.3760002,2267,367,None,Move,file system
1568634898.383,2229,378,None,Move,file system
1568634898.3920002,2197,384,None,Move,file system
1568634898.4,2154,396,None,Move,file system
1568634898.408,2119,402,None,Move,file system
1568634898.415,2089,406,None,Move,file system
1568634898.423,2079,410,None,Move,file system
1568634898.4320002,2060,413,None,Move,file system
1568634898.44,2034,417,None,Move,file system
1568634898.448,2015,421,None,Move,file system
1568634898.456,2002,421,None,Move,file system
1568634898.464,1990,423,None,Move,file system
1568634898.472,1976,426,None,Move,file system
1568634898.48,1967,426,None,Move,file system
1568634898.488,1960,426,None,Move,file system
1568634898.495,1952,426,None,Move,file system
1568634898.504,1947,426,None,Move,file system
1568634898.5110002,1944,426,None,Move,file system
1568634898.52,1943,426,None,Move,file system
1568634898.5270002,1936,426,None,Move,file system
1568634898.535,1931,426,None,Move,file system
1568634898.543,1929,425,None,Move,file system
1568634898.551,1924,423,None,Move,file system
1568634898.559,1917,421,None,Move,file system
1568634898.5670002,1911,417,None,Move,file system
1568634898.575,1906,417,None,Move,file system
1568634898.583,1898,415,None,Move,file system
1568634898.591,1888,411,None,Move,file system
1568634898.599,1883,409,None,Move,file system
1568634898.607,1880,407,None,Move,file system
1568634898.615,1877,406,None,Move,file system
1568634898.631,1874,404,None,Move,file system
1568634898.639,1873,403,None,Move,file system
1568634898.647,1872,401,None,Move,file system
1568634898.655,1869,398,None,Move,file system
1568634898.663,1867,396,None,Move,file system
1568634898.671,1866,395,None,Move,file system
1568634898.679,1862,391,None,Move,file system
1568634898.687,1860,388,None,Move,file system
1568634898.695,1859,386,None,Move,file system
1568634898.7029998,1857,383,None,Move,file system
1568634898.711,1857,381,None,Move,file system
1568634898.72,1856,379,None,Move,file system
1568634898.7270002,1855,377,None,Move,file system
1568634898.735,1851,376,None,Move,file system
1568634898.7429998,1849,373,None,Move,file system
1568634898.752,1846,372,None,Move,file system
1568634898.7589998,1837,370,None,Move,file system
1568634898.768,1832,368,None,Move,file system
1568634898.776,1826,366,None,Move,file system
1568634898.784,1821,364,None,Move,file system
1568634898.792,1819,363,None,Move,file system
1568634898.8,1818,363,None,Move,file system
1568634898.8479998,1817,363,None,Move,file system
1568634898.856,1815,361,None,Move,file system
1568634898.863,1812,361,None,Move,file system
1568634898.871,1809,361,None,Move,file system
1568634898.879,1806,360,None,Move,file system
1568634898.8879998,1800,356,None,Move,file system
1568634898.895,1797,354,None,Move,file system
1568634898.904,1795,354,None,Move,file system
1568634898.911,1792,352,None,Move,file system
1568634898.919,1791,352,None,Move,file system
1568634898.927,1790,351,None,Move,file system
1568634898.967,1789,350,None,Move,file system
1568634899.0070002,1789,349,None,Move,file system
1568634899.0229998,1788,348,None,Move,file system
1568634899.031,1788,346,None,Move,file system
1568634899.039,1788,345,None,Move,file system
1568634899.055,1786,344,None,Move,file system
1568634899.087,1786,342,None,Move,file system
1568634899.092,1786,341,None,Move,file system
1568634899.1,1786,340,None,Move,file system
1568634899.11,1786,337,None,Move,file system
1568634899.12,1786,336,None,Move,file system
1568634899.15,1786,334,None,Move,file system
1568634899.664,1788,334,None,Move,file system
1568634899.6720002,1790,334,None,Move,file system
1568634901.52,1790,334,Left,Pressed,file system
1568634901.52,1790,334,None,Drag,file system
1568634901.53,1790,336,None,Drag,file system
1568634901.54,1790,340,None,Drag,file system
1568634901.55,1790,344,None,Drag,file system
1568634901.57,1790,349,None,Drag,file system
1568634901.58,1790,353,None,Drag,file system
1568634901.591,1790,354,None,Drag,file system
1568634901.591,1790,354,Left,Released,file system
1568634902.6,1789,356,None,Move,file system
1568634902.607,1784,358,None,Move,file system
1568634902.6160002,1778,362,None,Move,file system
1568634902.623,1773,363,None,Move,file system
1568634902.631,1769,365,None,Move,file system
1568634902.639,1767,367,None,Move,file system
1568634902.647,1761,370,None,Move,file system
1568634902.655,1756,372,None,Move,file system
1568634902.663,1753,374,None,Move,file system
1568634902.671,1746,378,None,Move,file system
1568634902.679,1741,380,None,Move,file system
1568634902.687,1738,382,None,Move,file system
1568634902.696,1734,385,None,Move,file system
1568634902.7029998,1731,387,None,Move,file system
1568634902.711,1729,388,None,Move,file system
1568634902.719,1726,390,None,Move,file system
1568634902.7270002,1725,390,None,Move,file system
1568634902.735,1724,391,None,Move,file system
1568634902.7429998,1722,392,None,Move,file system
1568634902.7510002,1719,393,None,Move,file system
1568634902.7589998,1718,394,None,Move,file system
1568634902.7670002,1715,396,None,Move,file system
1568634902.775,1713,396,None,Move,file system
1568634902.783,1710,397,None,Move,file system
1568634902.791,1708,398,None,Move,file system
1568634902.8,1706,399,None,Move,file system
1568634902.8070002,1704,400,None,Move,file system
1568634902.815,1703,400,None,Move,file system
1568634902.823,1702,400,None,Move,file system
1568634902.831,1701,400,None,Move,file system
1568634902.839,1699,400,None,Move,file system
1568634902.847,1697,402,None,Move,file system
1568634902.904,1694,402,None,Move,file system
1568634902.9120002,1690,402,None,Move,file system
1568634902.926,1683,402,None,Move,file system
1568634902.928,1678,404,None,Move,file system
1568634902.936,1671,406,None,Move,file system
1568634902.944,1664,406,None,Move,file system
1568634902.952,1657,408,None,Move,file system
1568634902.96,1651,408,None,Move,file system
1568634902.968,1645,409,None,Move,file system
1568634902.976,1640,409,None,Move,file system
1568634902.984,1635,409,None,Move,file system
1568634902.9910002,1633,409,None,Move,file system
1568634903.0,1632,409,None,Move,file system
1568634903.144,1632,409,None,Move,file system
1568634903.1520002,1632,409,None,Move,file system
1568634903.16,1632,407,None,Move,file system
1568634903.176,1632,406,None,Move,file system
1568634903.184,1631,404,None,Move,file system
1568634903.1920002,1630,403,None,Move,file system
1568634903.199,1630,402,None,Move,file system
1568634903.208,1630,400,None,Move,file system
1568634903.215,1630,398,None,Move,file system
1568634903.2229998,1630,397,None,Move,file system
1568634903.231,1630,395,None,Move,file system
1568634903.24,1630,394,None,Move,file system
1568634903.2470002,1630,393,None,Move,file system
1568634903.255,1630,391,None,Move,file system
1568634903.2629998,1630,390,None,Move,file system
1568634903.271,1630,389,None,Move,file system
1568634903.279,1630,388,None,Move,file system
1568634903.2870002,1630,386,None,Move,file system
1568634903.303,1630,385,None,Move,file system
1568634903.343,1630,382,None,Move,file system
1568634903.367,1630,381,None,Move,file system
1568634903.375,1630,379,None,Move,file system
1568634903.383,1630,378,None,Move,file system
1568634903.423,1630,377,None,Move,file system
1568634903.439,1630,376,None,Move,file system
1568634903.52,1630,374,None,Move,file system
1568634903.544,1630,373,None,Move,file system
1568634903.552,1630,370,None,Move,file system
1568634903.583,1630,367,None,Move,file system
1568634903.695,1630,366,None,Move,file system
1568634903.7029998,1630,365,None,Move,file system
1568634903.711,1630,363,None,Move,file system
1568634903.719,1630,363,None,Move,file system
1568634903.7270002,1630,362,None,Move,file system
1568634903.735,1630,361,None,Move,file system
1568634903.7429998,1630,360,None,Move,file system
1568634903.7589998,1632,358,None,Move,file system
1568634903.896,1632,358,None,Move,file system
1568634903.904,1634,356,None,Move,file system
1568634903.9120002,1634,354,None,Move,file system
1568634903.92,1635,354,None,Move,file system
1568634903.928,1636,353,None,Move,file system
1568634903.936,1636,352,None,Move,file system
1568634903.944,1637,352,None,Move,file system
1568634904.16,1637,351,None,Move,file system
1568634904.29,1637,350,Left,Pressed,file system
1568634904.29,1637,350,None,Drag,file system
1568634904.3,1643,350,None,Drag,file system
1568634904.31,1654,353,None,Drag,file system
1568634904.3279998,1676,353,None,Drag,file system
1568634904.33,1687,353,None,Drag,file system
1568634904.341,1696,353,None,Drag,file system
1568634904.35,1708,353,None,Drag,file system
1568634904.355,1723,353,None,Drag,file system
1568634904.36,1743,353,None,Drag,file system
1568634904.37,1770,353,None,Drag,file system
1568634904.38,1800,353,None,Drag,file system
1568634904.39,1838,353,None,Drag,file system
1568634904.4,1914,353,None,Drag,file system
1568634904.41,1960,353,None,Drag,file system
1568634904.42,2001,353,None,Drag,file system
1568634904.43,2039,353,None,Drag,file system
1568634904.44,2115,353,None,Drag,file system
1568634904.455,2153,353,None,Drag,file system
1568634904.46,2185,353,None,Drag,file system
1568634904.47,2215,353,None,Drag,file system
1568634904.48,2262,353,None,Drag,file system
1568634904.49,2281,353,None,Drag,file system
1568634904.5,2300,353,None,Drag,file system
1568634904.51,2317,353,None,Drag,file system
1568634904.52,2350,353,None,Drag,file system
1568634904.53,2363,353,None,Drag,file system
1568634904.54,2375,353,None,Drag,file system
1568634904.55,2384,353,None,Drag,file system
1568634904.56,2398,353,None,Drag,file system
1568634904.57,2402,353,None,Drag,file system
1568634904.58,2403,353,None,Drag,file system
1568634905.295,2404,353,None,Drag,file system
1568634905.407,2404,353,None,Drag,file system
1568634905.416,2405,353,None,Drag,file system
1568634905.5110002,2406,352,None,Drag,file system
1568634905.519,2409,350,None,Drag,file system
1568634905.5270002,2414,347,None,Drag,file system
1568634905.535,2419,345,None,Drag,file system
1568634905.543,2426,341,None,Drag,file system
1568634905.551,2431,339,None,Drag,file system
1568634905.559,2434,339,None,Drag,file system
1568634905.5670002,2435,337,None,Drag,file system
1568634905.5670002,2435,337,Left,Released,file system
1568634905.839,2435,337,None,Move,file system
1568634905.8479998,2414,337,None,Move,file system
1568634905.856,2386,337,None,Move,file system
1568634905.8639998,2354,337,None,Move,file system
1568634905.8720002,2321,337,None,Move,file system
1568634905.88,2288,337,None,Move,file system
1568634905.8879998,2248,337,None,Move,file system
1568634905.896,2210,337,None,Move,file system
1568634905.904,2172,337,None,Move,file system
1568634905.9120002,2134,337,None,Move,file system
1568634905.92,2093,337,None,Move,file system
1568634905.928,2050,337,None,Move,file system
1568634905.936,2012,337,None,Move,file system
1568634905.944,1979,337,None,Move,file system
1568634905.951,1946,337,None,Move,file system
1568634905.959,1919,337,None,Move,file system
1568634905.967,1889,337,None,Move,file system
1568634905.975,1867,337,None,Move,file system
1568634905.9829998,1848,337,None,Move,file system
1568634905.9910002,1832,337,None,Move,file system
1568634905.9989998,1818,337,None,Move,file system
1568634906.0070002,1808,337,None,Move,file system
1568634906.015,1799,337,None,Move,file system
1568634906.0229998,1789,337,None,Move,file system
1568634906.031,1781,337,None,Move,file system
1568634906.039,1773,337,None,Move,file system
1568634906.0470002,1766,337,None,Move,file system
1568634906.055,1757,337,None,Move,file system
1568634906.063,1753,336,None,Move,file system
1568634906.071,1746,335,None,Move,file system
1568634906.079,1740,335,None,Move,file system
1568634906.087,1735,335,None,Move,file system
1568634906.095,1729,333,None,Move,file system
1568634906.103,1723,333,None,Move,file system
1568634906.111,1716,331,None,Move,file system
1568634906.119,1704,331,None,Move,file system
1568634906.127,1692,331,None,Move,file system
1568634906.1360002,1681,329,None,Move,file system
1568634906.144,1667,327,None,Move,file system
1568634906.1520002,1662,327,None,Move,file system
1568634906.16,1651,325,None,Move,file system
1568634906.168,1641,325,None,Move,file system
1568634906.175,1636,323,None,Move,file system
1568634906.184,1632,321,None,Move,file system
1568634906.191,1631,321,None,Move,file system
1568634906.207,1630,320,None,Move,file system
1568634906.215,1630,320,None,Move,file system
1568634906.2229998,1630,318,None,Move,file system
1568634906.232,1629,318,None,Move,file system
1568634906.2389998,1629,317,None,Move,file system
1568634906.2470002,1627,316,None,Move,file system
1568634906.2629998,1627,313,None,Move,file system
1568634906.271,1627,312,None,Move,file system
1568634906.279,1627,310,None,Move,file system
1568634906.2870002,1627,309,None,Move,file system
1568634906.29,1627,308,None,Move,file system
1568634906.3,1627,305,None,Move,file system
1568634906.31,1627,304,None,Move,file system
1568634906.32,1627,301,None,Move,file system
1568634906.331,1627,300,None,Move,file system
1568634906.35,1627,298,None,Move,file system
1568634906.36,1627,297,None,Move,file system
1568634906.371,1627,296,None,Move,file system
1568634906.38,1627,295,None,Move,file system
1568634906.4,1627,293,None,Move,file system
1568634906.42,1627,292,None,Move,file system
1568634906.4320002,1627,291,None,Move,file system
1568634906.44,1627,289,None,Move,file system
1568634906.45,1627,288,None,Move,file system
1568634906.47,1627,287,None,Move,file system
1568634906.5,1627,284,None,Move,file system
1568634906.515,1627,283,None,Move,file system
1568634906.52,1627,282,None,Move,file system
1568634906.54,1627,281,None,Move,file system
1568634906.55,1627,278,None,Move,file system
1568634906.56,1627,276,None,Move,file system
1568634906.576,1627,275,None,Move,file system
1568634906.6,1627,274,None,Move,file system
1568634906.623,1627,272,None,Move,file system
1568634906.6320002,1627,271,None,Move,file system
1568634906.6479998,1627,268,None,Move,file system
1568634906.656,1627,267,None,Move,file system
1568634906.6720002,1627,266,None,Move,file system
1568634906.68,1627,264,None,Move,file system
1568634906.696,1627,263,None,Move,file system
1568634906.7029998,1627,262,None,Move,file system
1568634906.72,1627,259,None,Move,file system
1568634906.735,1627,257,None,Move,file system
1568634906.7429998,1627,256,None,Move,file system
1568634906.7510002,1627,255,None,Move,file system
1568634906.7670002,1627,254,None,Move,file system
1568634906.799,1627,252,None,Move,file system
1568634906.823,1627,251,None,Move,file system
1568634906.831,1628,250,None,Move,file system
1568634906.839,1628,248,None,Move,file system
1568634906.847,1629,246,None,Move,file system
1568634906.855,1629,246,None,Move,file system
1568634906.863,1630,244,None,Move,file system
1568634906.871,1630,243,None,Move,file system
1568634906.879,1630,242,None,Move,file system
1568634906.887,1632,240,None,Move,file system
1568634906.903,1632,239,None,Move,file system
1568634906.911,1633,238,None,Move,file system
1568634906.935,1633,236,None,Move,file system
1568634907.215,1634,236,Left,Pressed,file system
1568634907.215,1634,236,None,Drag,file system
1568634907.2229998,1647,237,None,Drag,file system
1568634907.231,1677,245,None,Drag,file system
1568634907.2389998,1714,256,None,Drag,file system
1568634907.2470002,1743,261,None,Drag,file system
1568634907.255,1775,267,None,Drag,file system
1568634907.2629998,1810,274,None,Drag,file system
1568634907.271,1833,277,None,Drag,file system
1568634907.279,1856,280,None,Drag,file system
1568634907.2870002,1883,286,None,Drag,file system
1568634907.295,1895,289,None,Drag,file system
1568634907.303,1908,291,None,Drag,file system
1568634907.311,1919,293,None,Drag,file system
1568634907.32,1927,293,None,Drag,file system
1568634907.327,1931,295,None,Drag,file system
1568634907.336,1934,295,None,Drag,file system
1568634907.351,1934,295,None,Drag,file system
1568634907.4320002,1934,296,None,Drag,file system
1568634907.44,1936,299,None,Drag,file system
1568634907.447,1937,301,None,Drag,file system
1568634907.455,1937,302,None,Drag,file system
1568634907.4629998,1939,305,None,Drag,file system
1568634907.479,1940,309,None,Drag,file system
1568634907.488,1940,312,None,Drag,file system
1568634907.495,1940,315,None,Drag,file system
1568634907.5029998,1940,316,None,Drag,file system
1568634907.5110002,1940,319,None,Drag,file system
1568634907.519,1940,322,None,Drag,file system
1568634907.5270002,1940,323,None,Drag,file system
1568634907.535,1940,328,None,Drag,file system
1568634907.543,1940,331,None,Drag,file system
1568634907.551,1940,336,None,Drag,file system
1568634907.559,1940,341,None,Drag,file system
1568634907.5670002,1938,343,None,Drag,file system
1568634907.575,1935,350,None,Drag,file system
1568634907.583,1932,354,None,Drag,file system
1568634907.591,1929,358,None,Drag,file system
1568634907.599,1925,362,None,Drag,file system
1568634907.607,1919,368,None,Drag,file system
1568634907.615,1914,373,None,Drag,file system
1568634907.623,1908,377,None,Drag,file system
1568634907.631,1902,381,None,Drag,file system
1568634907.639,1898,385,None,Drag,file system
1568634907.6420002,1892,389,None,Drag,file system
1568634907.65,1889,392,None,Drag,file system
1568634907.661,1885,394,None,Drag,file system
1568634907.68,1885,394,None,Drag,file system
1568634907.69,1884,394,None,Drag,file system
1568634907.711,1883,395,None,Drag,file system
1568634907.72,1880,397,None,Drag,file system
1568634907.73,1878,398,None,Drag,file system
1568634907.74,1877,399,None,Drag,file system
1568634907.75,1873,401,None,Drag,file system
1568634907.76,1869,404,None,Drag,file system
1568634907.77,1867,406,None,Drag,file system
1568634907.78,1865,406,None,Drag,file system
1568634907.8,1864,407,None,Drag,file system
1568634907.81,1862,409,None,Drag,file system
1568634907.82,1861,410,None,Drag,file system
1568634907.851,1860,411,None,Drag,file system
1568634907.89,1860,412,None,Drag,file system
1568634907.911,1860,414,None,Drag,file system
1568634907.92,1857,416,None,Drag,file system
1568634907.93,1855,416,None,Drag,file system
1568634907.94,1854,417,None,Drag,file system
1568634907.95,1853,417,None,Drag,file system
1568634907.951,1853,417,Left,Released,file system
1568634908.641,1852,417,None,Move,file system
1568634908.65,1862,413,None,Move,file system
1568634908.66,1873,413,None,Move,file system
1568634908.67,1896,410,None,Move,file system
1568634908.685,1972,400,None,Move,file system
1568634908.69,2009,392,None,Move,file system
1568634908.7,2029,390,None,Move,file system
1568634908.71,2061,383,None,Move,file system
1568634908.72,2100,378,None,Move,file system
1568634908.731,2126,375,None,Move,file system
1568634908.7410002,2151,372,None,Move,file system
1568634908.75,2169,369,None,Move,file system
1568634908.76,2184,367,None,Move,file system
1568634908.77,2203,367,None,Move,file system
1568634908.78,2211,367,None,Move,file system
1568634908.79,2219,367,None,Move,file system
1568634908.799,2222,367,None,Move,file system
1568634908.8070002,2224,365,None,Move,file system
1568634908.896,2224,363,None,Move,file system
1568634908.904,2227,361,None,Move,file system
1568634908.9120002,2230,359,None,Move,file system
1568634908.92,2234,358,None,Move,file system
1568634908.928,2238,357,None,Move,file system
1568634908.936,2238,356,None,Move,file system
1568634908.9429998,2241,355,None,Move,file system
1568634908.951,2244,353,None,Move,file system
1568634908.959,2247,353,None,Move,file system
1568634908.967,2251,352,None,Move,file system
1568634908.975,2255,351,None,Move,file system
1568634908.9829998,2259,350,None,Move,file system
1568634908.9910002,2260,348,None,Move,file system
1568634908.9989998,2264,347,None,Move,file system
1568634909.0070002,2265,347,None,Move,file system
1568634909.015,2266,345,None,Move,file system
1568634909.024,2269,344,None,Move,file system
1568634909.031,2272,343,None,Move,file system
1568634909.039,2275,342,None,Move,file system
1568634909.0470002,2277,341,None,Move,file system
1568634909.055,2280,339,None,Move,file system
1568634909.063,2283,337,None,Move,file system
1568634909.071,2286,336,None,Move,file system
1568634909.079,2288,336,None,Move,file system
1568634909.087,2291,334,None,Move,file system
1568634909.095,2296,333,None,Move,file system
1568634909.103,2300,331,None,Move,file system
1568634909.111,2303,329,None,Move,file system
1568634909.119,2308,327,None,Move,file system
1568634909.127,2312,325,None,Move,file system
1568634909.135,2316,324,None,Move,file system
1568634909.143,2319,322,None,Move,file system
1568634909.151,2321,321,None,Move,file system
1568634909.199,2321,320,None,Move,file system
1568634909.5270002,2322,320,None,Move,file system
1568634909.583,2324,320,None,Move,file system
1568634909.6160002,2324,321,None,Move,file system
1568634909.6239998,2324,322,None,Move,file system
1568634909.6320002,2325,323,None,Move,file system
1568634909.656,2325,325,None,Move,file system
1568634909.664,2327,327,None,Move,file system
1568634909.704,2327,327,None,Move,file system
1568634909.712,2327,328,None,Move,file system
1568634909.719,2328,328,None,Move,file system
1568634909.735,2328,330,None,Move,file system
1568634909.7429998,2328,333,None,Move,file system
1568634909.7510002,2329,334,None,Move,file system
1568634909.7670002,2329,335,None,Move,file system
1568634909.775,2329,337,None,Move,file system
1568634909.783,2329,338,None,Move,file system
1568634909.791,2329,339,None,Move,file system
1568634910.111,2329,340,None,Move,file system
1568634910.13,2329,342,None,Move,file system
1568634910.14,2329,343,None,Move,file system
1568634910.15,2329,344,None,Move,file system
1568634910.16,2329,347,None,Move,file system
1568634910.171,2329,353,None,Move,file system
1568634910.18,2329,357,None,Move,file system
1568634910.19,2327,362,None,Move,file system
1568634910.2,2318,373,None,Move,file system
1568634910.21,2315,380,None,Move,file system
1568634910.22,2312,387,None,Move,file system
1568634910.231,2308,393,None,Move,file system
1568634910.246,2300,407,None,Move,file system
1568634910.25,2296,415,None,Move,file system
1568634910.26,2293,422,None,Move,file system
1568634910.27,2290,429,None,Move,file system
1568634910.28,2284,444,None,Move,file system
1568634910.29,2281,451,None,Move,file system
1568634910.3,2276,457,None,Move,file system
1568634910.31,2274,462,None,Move,file system
1568634910.32,2271,466,None,Move,file system
1568634910.33,2271,467,None,Move,file system
1568634910.34,2269,473,None,Move,file system
1568634910.351,2268,476,None,Move,file system
1568634910.36,2266,479,None,Move,file system
1568634910.37,2261,484,None,Move,file system
1568634910.38,2259,488,None,Move,file system
1568634910.39,2256,491,None,Move,file system
1568634910.4,2254,493,None,Move,file system
1568634910.41,2250,498,None,Move,file system
1568634910.42,2249,500,None,Move,file system
1568634910.43,2248,500,None,Move,file system
1568634910.447,2246,504,None,Move,file system
1568634910.45,2246,504,None,Move,file system
1568634910.46,2244,506,None,Move,file system
1568634910.47,2244,507,None,Move,file system
1568634910.48,2243,508,None,Move,file system
1568634910.495,2242,511,None,Move,file system
1568634910.5,2240,512,None,Move,file system
1568634910.51,2238,517,None,Move,file system
1568634910.52,2232,523,None,Move,file system
1568634910.53,2228,529,None,Move,file system
1568634910.541,2224,530,None,Move,file system
1568634910.55,2221,534,None,Move,file system
1568634910.56,2216,539,None,Move,file system
1568634910.57,2215,540,None,Move,file system
1568634913.725,2214,540,None,Move,file system
1568634913.735,2214,539,None,Move,file system
1568634913.7670002,2215,539,None,Move,file system
1568634913.776,2216,538,None,Move,file system
1568634913.783,2216,536,None,Move,file system
1568634913.791,2218,533,None,Move,file system
1568634913.8,2220,531,None,Move,file system
1568634913.8070002,2224,525,None,Move,file system
1568634913.816,2227,521,None,Move,file system
1568634913.823,2230,518,None,Move,file system
1568634913.831,2234,513,None,Move,file system
1568634913.839,2239,506,None,Move,file system
1568634913.8479998,2243,502,None,Move,file system
1568634913.856,2245,498,None,Move,file system
1568634913.8639998,2247,494,None,Move,file system
1568634913.8720002,2249,491,None,Move,file system
1568634913.88,2250,488,None,Move,file system
1568634913.887,2250,486,None,Move,file system
1568634913.896,2251,484,None,Move,file system
1568634913.904,2252,482,None,Move,file system
1568634913.9120002,2252,480,None,Move,file system
1568634913.92,2253,476,None,Move,file system
1568634913.927,2255,472,None,Move,file system
1568634913.936,2257,469,None,Move,file system
1568634913.9429998,2258,464,None,Move,file system
1568634913.952,2260,460,None,Move,file system
1568634913.959,2262,457,None,Move,file system
1568634913.967,2264,453,None,Move,file system
1568634913.976,2264,452,None,Move,file system
1568634913.9829998,2265,448,None,Move,file system
1568634913.9910002,2265,447,None,Move,file system
1568634913.9989998,2266,445,None,Move,file system
1568634914.0070002,2267,443,None,Move,file system
1568634914.015,2267,442,None,Move,file system
1568634914.0229998,2268,439,None,Move,file system
1568634914.031,2268,437,None,Move,file system
1568634914.039,2270,434,None,Move,file system
1568634914.0470002,2271,431,None,Move,file system
1568634914.055,2273,428,None,Move,file system
1568634914.063,2275,424,None,Move,file system
1568634914.071,2276,421,None,Move,file system
1568634914.079,2277,417,None,Move,file system
1568634914.087,2280,412,None,Move,file system
1568634914.095,2280,411,None,Move,file system
1568634914.103,2282,405,None,Move,file system
1568634914.11,2283,404,None,Move,file system
1568634914.12,2285,400,None,Move,file system
1568634914.13,2286,398,None,Move,file system
1568634914.14,2286,395,None,Move,file system
1568634914.151,2286,394,None,Move,file system
1568634914.16,2286,392,None,Move,file system
1568634914.17,2288,390,None,Move,file system
1568634914.18,2288,390,None,Move,file system
1568634914.19,2288,388,None,Move,file system
1568634914.2,2289,387,None,Move,file system
1568634914.21,2290,385,None,Move,file system
1568634914.23,2292,381,None,Move,file system
1568634914.24,2295,377,None,Move,file system
1568634914.2510002,2296,374,None,Move,file system
1568634914.26,2297,371,None,Move,file system
1568634914.27,2298,371,None,Move,file system
1568634914.28,2298,368,None,Move,file system
1568634914.38,2299,365,None,Move,file system
1568634914.77,2299,365,None,Move,file system
1568634914.85,2299,367,None,Move,file system
1568634914.91,2299,368,None,Move,file system
1568634914.95,2299,369,None,Move,file system
1568634914.97,2298,369,None,Move,file system
1568634914.98,2298,370,None,Move,file system
1568634914.99,2298,372,None,Move,file system
1568634915.0,2295,376,None,Move,file system
1568634915.01,2295,378,None,Move,file system
1568634915.02,2294,380,None,Move,file system
1568634915.03,2293,380,None,Move,file system
1568634915.22,2292,383,None,Move,file system
1568634915.23,2292,386,None,Move,file system
1568634915.24,2289,389,None,Move,file system
1568634915.2610002,2289,392,None,Move,file system
1568634915.27,2289,393,None,Move,file system
1568634915.471,2288,394,None,Move,file system
1568634915.5110002,2287,397,None,Move,file system
1568634915.52,2285,401,None,Move,file system
1568634915.528,2284,402,None,Move,file system
1568634915.536,2283,403,None,Move,file system
1568634915.544,2282,404,None,Move,file system
1568634915.552,2280,405,None,Move,file system
1568634915.56,2279,407,None,Move,file system
1568634915.5670002,2278,407,None,Move,file system
1568634915.68,2277,411,None,Move,file system
1568634915.688,2274,417,None,Move,file system
1568634915.696,2269,422,None,Move,file system
1568634915.704,2265,425,None,Move,file system
1568634915.712,2260,430,None,Move,file system
1568634915.72,2257,434,None,Move,file system
1568634915.7270002,2255,435,None,Move,file system
1568634915.736,2253,437,None,Move,file system
1568634915.7429998,2250,440,None,Move,file system
1568634915.7510002,2246,444,None,Move,file system
1568634915.7589998,2243,447,None,Move,file system
1568634915.768,2241,452,None,Move,file system
1568634915.775,2238,454,None,Move,file system
1568634915.783,2236,457,None,Move,file system
1568634915.791,2235,458,None,Move,file system
1568634915.799,2233,459,None,Move,file system
1568634915.8070002,2233,462,None,Move,file system
1568634915.815,2233,463,None,Move,file system
1568634915.823,2232,464,None,Move,file system
1568634915.831,2232,465,None,Move,file system
1568634915.839,2232,465,None,Move,file system
1568634915.847,2231,466,None,Move,file system
1568634915.855,2230,467,None,Move,file system
1568634915.871,2227,468,None,Move,file system
1568634915.879,2227,468,None,Move,file system
1568634915.887,2227,470,None,Move,file system
1568634915.895,2225,472,None,Move,file system
1568634915.903,2222,473,None,Move,file system
1568634915.911,2221,474,None,Move,file system
1568634915.919,2219,475,None,Move,file system
1568634915.927,2217,476,None,Move,file system
1568634915.935,2216,478,None,Move,file system
1568634915.9429998,2214,479,None,Move,file system
1568634915.951,2214,480,None,Move,file system
1568634915.959,2213,480,None,Move,file system
1568634915.975,2213,481,None,Move,file system
1568634915.984,2212,481,None,Move,file system
1568634916.064,2212,483,None,Move,file system
1568634916.072,2212,487,None,Move,file system
1568634916.08,2211,491,None,Move,file system
1568634916.087,2207,492,None,Move,file system
1568634916.096,2203,495,None,Move,file system
1568634916.103,2199,500,None,Move,file system
1568634916.111,2198,500,None,Move,file system
1568634916.12,2195,503,None,Move,file system
1568634916.127,2192,506,None,Move,file system
1568634916.135,2190,508,None,Move,file system
1568634916.143,2190,508,None,Move,file system
1568634916.151,2188,510,None,Move,file system
1568634916.167,2188,512,None,Move,file system
1568634916.175,2185,514,None,Move,file system
1568634916.1829998,2185,515,None,Move,file system
1568634916.191,2183,517,None,Move,file system
1568634916.199,2181,518,None,Move,file system
1568634916.207,2180,520,None,Move,file system
1568634916.215,2178,521,None,Move,file system
1568634916.2229998,2177,522,None,Move,file system
1568634916.231,2176,524,None,Move,file system
1568634916.2389998,2174,525,None,Move,file system
1568634916.2470002,2173,527,None,Move,file system
1568634916.255,2171,528,None,Move,file system
1568634916.2629998,2171,530,None,Move,file system
1568634916.271,2169,532,None,Move,file system
1568634916.279,2166,533,None,Move,file system
1568634916.2870002,2165,535,None,Move,file system
1568634916.295,2163,536,None,Move,file system
1568634916.303,2160,540,None,Move,file system
1568634916.311,2158,541,None,Move,file system
1568634916.319,2156,542,None,Move,file system
1568634916.327,2154,544,None,Move,file system
1568634916.335,2153,545,None,Move,file system
1568634916.343,2153,545,None,Move,file system
1568634917.915,2151,544,None,Move,file system
1568634917.925,2151,539,None,Move,file system
1568634917.93,2151,537,None,Move,file system
1568634917.94,2151,536,None,Move,file system
1568634917.952,2151,533,None,Move,file system
1568634917.959,2149,530,None,Move,file system
1568634917.967,2149,525,None,Move,file system
1568634917.975,2149,523,None,Move,file system
1568634917.9829998,2148,522,None,Move,file system
1568634917.9910002,2146,519,None,Move,file system
1568634917.9989998,2145,517,None,Move,file system
1568634918.0070002,2145,514,None,Move,file system
1568634918.015,2143,510,None,Move,file system
1568634918.0229998,2143,506,None,Move,file system
1568634918.031,2143,501,None,Move,file system
1568634918.039,2141,495,None,Move,file system
1568634918.0470002,2141,487,None,Move,file system
1568634918.055,2141,479,None,Move,file system
1568634918.063,2141,471,None,Move,file system
1568634918.071,2139,462,None,Move,file system
1568634918.079,2139,459,None,Move,file system
1568634918.087,2137,453,None,Move,file system
1568634918.095,2137,446,None,Move,file system
1568634918.103,2137,443,None,Move,file system
1568634918.111,2134,437,None,Move,file system
1568634918.119,2133,431,None,Move,file system
1568634918.127,2133,425,None,Move,file system
1568634918.135,2132,421,None,Move,file system
1568634918.143,2132,417,None,Move,file system
1568634918.151,2132,412,None,Move,file system
1568634918.159,2130,407,None,Move,file system
1568634918.167,2130,402,None,Move,file system
1568634918.175,2129,398,None,Move,file system
1568634918.184,2128,393,None,Move,file system
1568634918.191,2124,387,None,Move,file system
1568634918.199,2122,381,None,Move,file system
1568634918.207,2120,373,None,Move,file system
1568634918.215,2118,367,None,Move,file system
1568634918.224,2115,363,None,Move,file system
1568634918.231,2112,356,None,Move,file system
1568634918.24,2110,351,None,Move,file system
1568634918.2470002,2105,346,None,Move,file system
1568634918.256,2100,341,None,Move,file system
1568634918.264,2091,337,None,Move,file system
1568634918.272,2083,333,None,Move,file system
1568634918.28,2075,330,None,Move,file system
1568634918.2870002,2066,326,None,Move,file system
1568634918.296,2054,323,None,Move,file system
1568634918.304,2043,320,None,Move,file system
1568634918.312,2031,317,None,Move,file system
1568634918.32,2022,315,None,Move,file system
1568634918.3279998,2012,313,None,Move,file system
1568634918.335,2004,313,None,Move,file system
1568634918.343,1995,311,None,Move,file system
1568634918.351,1987,311,None,Move,file system
1568634918.36,1979,309,None,Move,file system
1568634918.367,1974,309,None,Move,file system
1568634918.3760002,1972,309,None,Move,file system
1568634918.383,1971,309,None,Move,file system
1568634918.519,1968,307,None,Move,file system
1568634918.5270002,1965,307,None,Move,file system
1568634918.535,1962,307,None,Move,file system
1568634918.543,1953,304,None,Move,file system
1568634918.551,1943,303,None,Move,file system
1568634918.559,1933,299,None,Move,file system
1568634918.5679998,1925,297,None,Move,file system
1568634918.575,1914,293,None,Move,file system
1568634918.583,1908,291,None,Move,file system
1568634918.591,1902,289,None,Move,file system
1568634918.599,1899,287,None,Move,file system
1568634918.607,1897,286,None,Move,file system
1568634918.615,1896,286,None,Move,file system
1568634918.623,1895,285,None,Move,file system
1568634918.656,1894,283,None,Move,file system
1568634918.664,1892,280,None,Move,file system
1568634918.6720002,1890,280,None,Move,file system
1568634918.7270002,1890,280,None,Move,file system
1568634918.847,1890,278,None,Move,file system
1568634918.855,1890,277,None,Move,file system
1568634919.0,1879,276,Left,Pressed,file system
1568634919.0,1879,276,None,Drag,file system
1568634919.008,1866,276,None,Drag,file system
1568634919.016,1850,276,None,Drag,file system
1568634919.024,1829,278,None,Drag,file system
1568634919.031,1799,288,None,Drag,file system
1568634919.04,1770,293,None,Drag,file system
1568634919.05,1748,299,None,Drag,file system
1568634919.061,1725,301,None,Drag,file system
1568634919.07,1706,307,None,Drag,file system
1568634919.077,1691,309,None,Drag,file system
1568634919.08,1681,311,None,Drag,file system
1568634919.09,1670,314,None,Drag,file system
1568634919.1,1665,314,None,Drag,file system
1568634919.11,1661,314,None,Drag,file system
1568634919.12,1656,314,None,Drag,file system
1568634919.13,1653,314,None,Drag,file system
1568634919.22,1651,313,None,Drag,file system
1568634919.23,1650,312,None,Drag,file system
1568634919.24,1649,312,None,Drag,file system
1568634919.25,1648,311,None,Drag,file system
1568634919.26,1644,306,None,Drag,file system
1568634919.27,1643,304,None,Drag,file system
1568634919.2770002,1642,303,None,Drag,file system
1568634919.28,1640,301,None,Drag,file system
1568634919.29,1639,299,None,Drag,file system
1568634919.3,1637,297,None,Drag,file system
1568634919.32,1634,293,None,Drag,file system
1568634919.33,1633,291,None,Drag,file system
1568634919.34,1632,291,None,Drag,file system
1568634919.351,1631,288,None,Drag,file system
1568634919.36,1630,286,None,Drag,file system
1568634919.375,1630,285,None,Drag,file system
1568634919.383,1629,281,None,Drag,file system
1568634919.391,1627,278,None,Drag,file system
1568634919.399,1624,273,None,Drag,file system
1568634919.407,1624,270,None,Drag,file system
1568634919.415,1623,267,None,Drag,file system
1568634919.423,1623,266,None,Drag,file system
1568634919.4320002,1622,264,None,Drag,file system
1568634919.439,1622,263,None,Drag,file system
1568634919.447,1622,262,None,Drag,file system
1568634919.447,1622,262,Left,Released,file system
1568634919.52,1622,261,None,Move,file system
1568634919.5270002,1624,260,None,Move,file system
1568634919.535,1627,260,None,Move,file system
1568634919.543,1632,258,None,Move,file system
1568634919.551,1643,258,None,Move,file system
1568634919.559,1656,258,None,Move,file system
1568634919.5670002,1674,258,None,Move,file system
1568634919.576,1696,258,None,Move,file system
1568634919.583,1721,258,None,Move,file system
1568634919.591,1735,258,None,Move,file system
1568634919.599,1755,258,None,Move,file system
1568634919.607,1774,258,None,Move,file system
1568634919.615,1794,258,None,Move,file system
1568634919.623,1813,258,None,Move,file system
1568634919.631,1829,258,None,Move,file system
1568634919.639,1843,258,None,Move,file system
1568634919.647,1856,258,None,Move,file system
1568634919.655,1866,258,None,Move,file system
1568634919.663,1872,256,None,Move,file system
1568634919.671,1878,256,None,Move,file system
1568634919.679,1879,255,None,Move,file system
1568634919.711,1880,254,None,Move,file system
1568634919.719,1880,254,None,Move,file system
1568634919.7270002,1881,252,None,Move,file system
1568634919.735,1885,251,None,Move,file system
1568634919.7429998,1886,251,None,Move,file system
1568634919.7510002,1887,249,None,Move,file system
1568634919.7589998,1888,249,None,Move,file system
1568634919.7670002,1888,248,None,Move,file system
1568634919.776,1889,248,None,Move,file system
1568634919.84,1890,247,None,Move,file system
1568634919.8479998,1893,244,None,Move,file system
1568634919.856,1896,243,None,Move,file system
1568634919.863,1897,241,None,Move,file system
1568634919.8720002,1899,240,None,Move,file system
1568634919.88,1900,238,None,Move,file system
1568634919.887,1901,238,None,Move,file system
1568634920.0470002,1901,237,None,Move,file system
1568634920.055,1902,237,None,Move,file system
1568634920.079,1903,237,None,Move,file system
1568634920.087,1904,238,None,Move,file system
1568634920.095,1904,241,None,Move,file system
1568634920.103,1904,242,None,Move,file system
1568634920.111,1904,244,None,Move,file system
1568634920.12,1904,247,None,Move,file system
1568634920.127,1904,250,None,Move,file system
1568634920.135,1904,251,None,Move,file system
1568634920.144,1904,253,None,Move,file system
1568634920.151,1904,255,None,Move,file system
1568634920.16,1904,258,None,Move,file system
1568634920.167,1904,259,None,Move,file system
1568634920.1829998,1906,262,None,Move,file system
1568634920.1920002,1906,262,None,Move,file system
1568634920.208,1906,263,None,Move,file system
1568634920.216,1906,265,None,Move,file system
1568634920.24,1906,266,None,Move,file system
1568634920.59,1906,268,None,Move,file system
1568634920.6,1905,270,None,Move,file system
1568634920.61,1899,273,None,Move,file system
1568634920.62,1888,275,None,Move,file system
1568634920.64,1865,281,None,Move,file system
1568634920.655,1843,287,None,Move,file system
1568634920.663,1839,288,None,Move,file system
1568634920.671,1831,293,None,Move,file system
1568634920.679,1829,293,None,Move,file system
1568634920.687,1826,294,None,Move,file system
1568634920.695,1825,294,None,Move,file system
1568634920.7029998,1822,294,None,Move,file system
1568634920.711,1816,294,None,Move,file system
1568634920.719,1805,296,None,Move,file system
1568634920.7270002,1793,296,None,Move,file system
1568634920.735,1777,296,None,Move,file system
1568634920.7429998,1747,296,None,Move,file system
1568634920.7510002,1717,296,None,Move,file system
1568634920.7589998,1681,300,None,Move,file system
1568634920.7670002,1651,300,None,Move,file system
1568634920.775,1616,307,None,Move,file system
1568634920.784,1592,307,None,Move,file system
1568634920.792,1575,307,None,Move,file system
1568634920.8,1563,307,None,Move,file system
1568634920.8070002,1555,307,None,Move,file system
1568634920.815,1552,307,None,Move,file system
1568634920.823,1551,307,None,Move,file system
1568634920.919,1550,307,None,Move,file system
1568634920.927,1549,304,None,Move,file system
1568634920.935,1549,303,None,Move,file system
1568634920.9429998,1549,300,None,Move,file system
1568634920.951,1549,297,None,Move,file system
1568634920.959,1549,294,None,Move,file system
1568634920.967,1551,288,None,Move,file system
1568634920.975,1551,286,None,Move,file system
1568634920.9829998,1552,283,None,Move,file system
1568634920.9910002,1555,279,None,Move,file system
1568634920.9989998,1556,277,None,Move,file system
1568634921.0070002,1560,274,None,Move,file system
1568634921.015,1560,272,None,Move,file system
1568634921.0229998,1563,269,None,Move,file system
1568634921.031,1564,268,None,Move,file system
1568634921.039,1566,266,None,Move,file system
1568634921.048,1568,264,None,Move,file system
1568634921.055,1569,263,None,Move,file system
1568634921.063,1571,261,None,Move,file system
1568634921.072,1572,261,None,Move,file system
1568634921.079,1573,261,None,Move,file system
1568634921.0879998,1576,260,None,Move,file system
1568634921.104,1578,258,None,Move,file system
1568634921.1120002,1579,258,None,Move,file system
1568634921.176,1580,258,None,Move,file system
1568634921.255,1583,258,None,Move,file system
1568634921.2629998,1586,258,None,Move,file system
1568634921.271,1589,258,None,Move,file system
1568634921.279,1594,258,None,Move,file system
1568634921.2870002,1597,258,None,Move,file system
1568634921.295,1601,259,None,Move,file system
1568634921.303,1602,259,None,Move,file system
1568634921.311,1603,259,None,Move,file system
1568634921.383,1604,259,None,Move,file system
1568634921.472,1604,261,Left,Pressed,file system
1568634921.472,1604,261,None,Drag,file system
1568634921.496,1604,262,None,Drag,file system
1568634921.504,1604,267,None,Drag,file system
1568634921.512,1606,272,None,Drag,file system
1568634921.52,1612,277,None,Drag,file system
1568634921.5270002,1615,280,None,Drag,file system
1568634921.536,1621,284,None,Drag,file system
1568634921.544,1626,289,None,Drag,file system
1568634921.551,1634,294,None,Drag,file system
1568634921.559,1641,300,None,Drag,file system
1568634921.5670002,1649,304,None,Drag,file system
1568634921.575,1660,308,None,Drag,file system
1568634921.583,1671,313,None,Drag,file system
1568634921.591,1685,317,None,Drag,file system
1568634921.599,1696,322,None,Drag,file system
1568634921.607,1710,324,None,Drag,file system
1568634921.615,1721,326,None,Drag,file system
1568634921.623,1734,328,None,Drag,file system
1568634921.631,1747,331,None,Drag,file system
1568634921.639,1761,331,None,Drag,file system
1568634921.647,1771,333,None,Drag,file system
1568634921.655,1780,335,None,Drag,file system
1568634921.663,1790,335,None,Drag,file system
1568634921.671,1800,337,None,Drag,file system
1568634921.679,1809,337,None,Drag,file system
1568634921.687,1818,339,None,Drag,file system
1568634921.695,1824,340,None,Drag,file system
1568634921.7029998,1831,341,None,Drag,file system
1568634921.711,1834,341,None,Drag,file system
1568634921.719,1836,342,None,Drag,file system
1568634921.7270002,1839,343,None,Drag,file system
1568634921.76,1839,343,None,Drag,file system
1568634921.81,1840,344,None,Drag,file system
1568634921.81,1840,344,Left,Released,file system
1568634921.98,1837,344,None,Move,file system
1568634921.99,1824,342,None,Move,file system
1568634922.0,1798,338,None,Move,file system
1568634922.01,1785,338,None,Move,file system
1568634922.02,1768,333,None,Move,file system
1568634922.03,1754,333,None,Move,file system
1568634922.04,1726,324,None,Move,file system
1568634922.05,1714,320,None,Move,file system
1568634922.061,1704,317,None,Move,file system
1568634922.071,1696,315,None,Move,file system
1568634922.08,1690,311,None,Move,file system
1568634922.087,1689,311,None,Move,file system
1568634922.09,1686,309,None,Move,file system
1568634922.1,1685,309,None,Move,file system
1568634922.184,1685,308,None,Move,file system
1568634922.1920002,1685,306,None,Move,file system
1568634922.207,1685,305,None,Move,file system
1568634922.208,1685,304,None,Move,file system
1568634922.216,1684,301,None,Move,file system
1568634922.224,1680,298,None,Move,file system
1568634922.232,1680,297,None,Move,file system
1568634922.24,1678,295,None,Move,file system
1568634922.248,1677,295,None,Move,file system
1568634922.256,1676,294,None,Move,file system
1568634922.2629998,1675,291,None,Move,file system
1568634922.271,1674,290,None,Move,file system
1568634922.28,1673,289,None,Move,file system
1568634922.2870002,1673,288,None,Move,file system
1568634922.296,1672,287,None,Move,file system
1568634922.303,1672,285,None,Move,file system
1568634922.319,1671,284,None,Move,file system
1568634922.327,1671,283,None,Move,file system
1568634922.359,1671,281,None,Move,file system
1568634922.367,1671,280,None,Move,file system
1568634922.399,1671,277,None,Move,file system
1568634922.423,1671,276,None,Move,file system
1568634922.576,1671,276,Left,Pressed,file system
1568634922.576,1671,276,None,Drag,file system
1568634922.599,1673,277,None,Drag,file system
1568634922.607,1681,286,None,Drag,file system
1568634922.6160002,1691,290,None,Drag,file system
1568634922.6239998,1699,295,None,Drag,file system
1568634922.6320002,1707,298,None,Drag,file system
1568634922.64,1717,303,None,Drag,file system
1568634922.6479998,1728,307,None,Drag,file system
1568634922.656,1739,312,None,Drag,file system
1568634922.664,1752,314,None,Drag,file system
1568634922.6720002,1764,317,None,Drag,file system
1568634922.68,1775,322,None,Drag,file system
1568634922.688,1785,323,None,Drag,file system
1568634922.695,1793,327,None,Drag,file system
1568634922.704,1799,327,None,Drag,file system
1568634922.711,1808,329,None,Drag,file system
1568634922.719,1817,331,None,Drag,file system
1568634922.7270002,1825,333,None,Drag,file system
1568634922.736,1834,335,None,Drag,file system
1568634922.7429998,1843,337,None,Drag,file system
1568634922.752,1854,340,None,Drag,file system
1568634922.7589998,1862,340,None,Drag,file system
1568634922.7670002,1871,342,None,Drag,file system
1568634922.775,1881,342,None,Drag,file system
1568634922.783,1886,344,None,Drag,file system
1568634922.791,1894,344,None,Drag,file system
1568634922.799,1899,344,None,Drag,file system
1568634922.8070002,1899,345,None,Drag,file system
1568634922.968,1902,345,None,Drag,file system
1568634922.975,1902,346,None,Drag,file system
1568634922.9910002,1903,346,None,Drag,file system
1568634923.0,1905,347,None,Drag,file system
1568634923.0070002,1906,348,None,Drag,file system
1568634923.015,1907,349,None,Drag,file system
1568634923.0229998,1908,349,None,Drag,file system
1568634923.031,1908,350,None,Drag,file system
1568634923.039,1909,351,None,Drag,file system
1568634923.0470002,1912,352,None,Drag,file system
1568634923.063,1912,353,None,Drag,file system
1568634923.079,1913,354,None,Drag,file system
1568634923.143,1915,355,None,Drag,file system
1568634923.151,1916,357,None,Drag,file system
1568634923.175,1918,357,None,Drag,file system
1568634923.1829998,1919,358,None,Drag,file system
1568634923.191,1920,360,None,Drag,file system
1568634923.199,1921,360,None,Drag,file system
1568634923.207,1921,361,None,Drag,file system
1568634923.207,1921,361,Left,Released,file system
1568634923.215,1922,363,None,Move,file system
1568634923.224,1922,364,None,Move,file system
1568634923.232,1922,365,None,Move,file system
1568634923.255,1922,367,None,Move,file system
1568634923.351,1922,368,None,Move,file system
1568634923.375,1922,369,None,Move,file system
1568634923.391,1922,370,None,Move,file system
1568634923.479,1922,373,None,Move,file system
1568634923.56,1922,373,None,Move,file system
1568634923.58,1921,375,None,Move,file system
1568634923.59,1921,376,None,Move,file system
1568634923.6,1921,377,None,Move,file system
1568634923.61,1921,378,None,Move,file system
1568634923.621,1921,379,None,Move,file system
1568634923.63,1921,381,None,Move,file system
1568634923.64,1919,385,None,Move,file system
1568634923.651,1918,387,None,Move,file system
1568634923.66,1918,390,None,Move,file system
1568634923.67,1918,392,None,Move,file system
1568634923.68,1918,399,None,Move,file system
1568634923.69,1918,404,None,Move,file system
1568634923.7,1918,407,None,Move,file system
1568634923.71,1918,412,None,Move,file system
1568634923.72,1918,416,None,Move,file system
1568634923.72,1918,420,None,Move,file system
1568634923.73,1918,430,None,Move,file system
1568634923.74,1918,442,None,Move,file system
1568634923.75,1918,451,None,Move,file system
1568634923.76,1923,462,None,Move,file system
1568634923.77,1923,462,None,Move,file system
1568634924.11,1922,463,None,Move,file system
1568634924.15,1922,463,None,Move,file system
1568634924.16,1922,462,None,Move,file system
1568634924.17,1920,460,None,Move,file system
1568634924.181,1918,458,None,Move,file system
1568634924.19,1917,457,None,Move,file system
1568634924.197,1915,454,None,Move,file system
1568634924.2,1913,450,None,Move,file system
1568634924.21,1913,445,None,Move,file system
1568634924.22,1912,443,None,Move,file system
1568634924.23,1910,438,None,Move,file system
1568634924.24,1906,428,None,Move,file system
1568634924.25,1903,423,None,Move,file system
1568634924.26,1901,417,None,Move,file system
1568634924.27,1899,414,None,Move,file system
1568634924.28,1889,399,None,Move,file system
1568634924.29,1884,392,None,Move,file system
1568634924.3,1878,384,None,Move,file system
1568634924.31,1875,377,None,Move,file system
1568634924.32,1868,362,None,Move,file system
1568634924.33,1866,356,None,Move,file system
1568634924.34,1862,350,None,Move,file system
1568634924.351,1862,347,None,Move,file system
1568634924.36,1858,340,None,Move,file system
1568634924.37,1857,337,None,Move,file system
1568634924.38,1855,334,None,Move,file system
1568634924.39,1855,332,None,Move,file system
1568634924.4,1855,331,None,Move,file system
1568634924.4,1855,330,None,Move,file system
1568634924.41,1855,329,None,Move,file system
1568634924.42,1855,327,None,Move,file system
1568634924.431,1855,326,None,Move,file system
1568634924.44,1855,324,None,Move,file system
1568634924.45,1855,322,None,Move,file system
1568634924.46,1855,321,None,Move,file system
1568634924.47,1855,320,None,Move,file system
1568634924.48,1855,316,None,Move,file system
1568634924.49,1858,313,None,Move,file system
1568634924.5,1862,311,None,Move,file system
1568634924.51,1864,309,None,Move,file system
1568634924.52,1866,307,None,Move,file system
1568634924.53,1873,303,None,Move,file system
1568634924.54,1876,302,None,Move,file system
1568634924.55,1879,300,None,Move,file system
1568634924.56,1889,294,None,Move,file system
1568634924.57,1893,293,None,Move,file system
1568634924.58,1900,288,None,Move,file system
1568634924.591,1906,286,None,Move,file system
1568634924.599,1911,284,None,Move,file system
1568634924.607,1913,281,None,Move,file system
1568634924.623,1915,279,None,Move,file system
1568634924.631,1917,278,None,Move,file system
1568634924.728,1917,276,None,Move,file system
1568634924.736,1917,275,None,Move,file system
1568634924.75,1917,274,None,Move,file system
1568634924.752,1917,271,None,Move,file system
1568634924.76,1917,269,None,Move,file system
1568634924.776,1917,268,None,Move,file system
1568634924.792,1917,265,None,Move,file system
1568634924.8070002,1917,264,None,Move,file system
1568634924.951,1917,263,None,Move,file system
1568634924.959,1917,261,None,Move,file system
1568634924.975,1917,261,None,Move,file system
1568634925.119,1917,261,Left,Pressed,file system
1568634925.119,1917,261,None,Drag,file system
1568634925.1279998,1920,263,None,Drag,file system
1568634925.1360002,1936,270,None,Drag,file system
1568634925.144,1963,276,None,Drag,file system
1568634925.1520002,1990,284,None,Drag,file system
1568634925.16,2002,288,None,Drag,file system
1568634925.167,2020,293,None,Drag,file system
1568634925.175,2040,296,None,Drag,file system
1568634925.1829998,2068,305,None,Drag,file system
1568634925.191,2101,316,None,Drag,file system
1568634925.199,2139,327,None,Drag,file system
1568634925.207,2174,337,None,Drag,file system
1568634925.216,2210,348,None,Drag,file system
1568634925.2229998,2233,351,None,Drag,file system
1568634925.232,2245,353,None,Drag,file system
1568634925.2389998,2261,358,None,Drag,file system
1568634925.248,2272,362,None,Drag,file system
1568634925.255,2285,366,None,Drag,file system
1568634925.2629998,2295,369,None,Drag,file system
1568634925.271,2303,371,None,Drag,file system
1568634925.279,2310,371,None,Drag,file system
1568634925.2870002,2315,371,None,Drag,file system
1568634925.296,2316,371,None,Drag,file system
1568634925.375,2317,371,None,Drag,file system
1568634925.423,2317,373,None,Drag,file system
1568634925.44,2320,376,None,Drag,file system
1568634925.447,2324,380,None,Drag,file system
1568634925.455,2325,381,None,Drag,file system
1568634925.471,2325,382,None,Drag,file system
1568634925.479,2326,383,None,Drag,file system
1568634925.4870002,2327,384,None,Drag,file system
1568634925.495,2328,385,None,Drag,file system
1568634925.5029998,2328,385,None,Drag,file system
1568634925.5110002,2329,386,None,Drag,file system
1568634925.519,2330,386,None,Drag,file system
1568634925.575,2332,389,None,Drag,file system
1568634925.583,2334,391,None,Drag,file system
1568634925.591,2335,391,None,Drag,file system
1568634925.607,2336,391,None,Drag,file system
1568634925.6239998,2336,392,None,Drag,file system
1568634925.64,2338,393,None,Drag,file system
1568634925.6479998,2338,394,None,Drag,file system
1568634925.6479998,2338,394,Left,Released,file system
1568634926.278,2335,395,None,Move,file system
1568634926.28,2323,395,None,Move,file system
1568634926.29,2310,395,None,Move,file system
1568634926.304,2289,395,None,Move,file system
1568634926.31,2265,395,None,Move,file system
1568634926.331,2202,395,None,Move,file system
1568634926.341,2132,395,None,Move,file system
1568634926.35,2099,395,None,Move,file system
1568634926.36,2031,395,None,Move,file system
1568634926.371,2012,395,None,Move,file system
1568634926.381,1995,395,None,Move,file system
1568634926.39,1974,391,None,Move,file system
1568634926.404,1954,386,None,Move,file system
1568634926.41,1943,382,None,Move,file system
1568634926.42,1936,380,None,Move,file system
1568634926.431,1926,377,None,Move,file system
1568634926.44,1912,369,None,Move,file system
1568634926.451,1906,367,None,Move,file system
1568634926.46,1900,363,None,Move,file system
1568634926.47,1897,362,None,Move,file system
1568634926.479,1891,357,None,Move,file system
1568634926.48,1886,355,None,Move,file system
1568634926.4910002,1882,351,None,Move,file system
1568634926.5,1881,350,None,Move,file system
1568634926.51,1875,344,None,Move,file system
1568634926.52,1870,339,None,Move,file system
1568634926.531,1870,335,None,Move,file system
1568634926.54,1869,334,None,Move,file system
1568634926.55,1869,333,None,Move,file system
1568634926.56,1869,327,None,Move,file system
1568634926.57,1869,324,None,Move,file system
1568634926.58,1869,321,None,Move,file system
1568634926.59,1869,320,None,Move,file system
1568634926.604,1869,316,None,Move,file system
1568634926.61,1869,313,None,Move,file system
1568634926.62,1869,311,None,Move,file system
1568634926.631,1869,309,None,Move,file system
1568634926.633,1870,308,None,Move,file system
1568634926.64,1872,306,None,Move,file system
1568634926.65,1874,306,None,Move,file system
1568634926.66,1875,304,None,Move,file system
1568634926.67,1877,303,None,Move,file system
1568634926.68,1877,301,None,Move,file system
1568634926.7,1877,300,None,Move,file system
1568634926.71,1877,298,None,Move,file system
1568634926.72,1878,297,None,Move,file system
1568634926.73,1878,295,None,Move,file system
1568634926.7410002,1878,294,None,Move,file system
1568634926.75,1878,292,None,Move,file system
1568634926.76,1878,290,None,Move,file system
1568634926.77,1878,288,None,Move,file system
1568634926.791,1878,287,None,Move,file system
1568634926.804,1878,286,None,Move,file system
1568634926.82,1878,285,None,Move,file system
1568634926.85,1879,283,None,Move,file system
1568634926.86,1879,282,None,Move,file system
1568634926.88,1881,281,None,Move,file system
1568634926.88,1881,279,None,Move,file system
1568634926.891,1882,278,None,Move,file system
1568634926.91,1884,276,None,Move,file system
1568634926.93,1885,275,None,Move,file system
1568634926.94,1885,275,None,Move,file system
1568634927.61,1886,275,Left,Pressed,file system
1568634927.61,1886,275,None,Drag,file system
1568634927.62,1894,281,None,Drag,file system
1568634927.631,1900,285,None,Drag,file system
1568634927.64,1909,292,None,Drag,file system
1568634927.647,1916,297,None,Drag,file system
1568634927.65,1927,304,None,Drag,file system
1568634927.66,1940,309,None,Drag,file system
1568634927.67,1956,316,None,Drag,file system
1568634927.68,1978,330,None,Drag,file system
1568634927.69,1993,335,None,Drag,file system
1568634927.7,2002,337,None,Drag,file system
1568634927.711,2014,341,None,Drag,file system
1568634927.719,2028,344,None,Drag,file system
1568634927.728,2041,347,None,Drag,file system
1568634927.736,2055,350,None,Drag,file system
1568634927.744,2067,351,None,Drag,file system
1568634927.752,2076,353,None,Drag,file system
1568634927.76,2086,355,None,Drag,file system
1568634927.768,2092,357,None,Drag,file system
1568634927.776,2098,358,None,Drag,file system
1568634927.792,2099,358,None,Drag,file system
1568634927.911,2100,359,None,Drag,file system
1568634927.9429998,2100,360,None,Drag,file system
1568634927.951,2101,360,None,Drag,file system
1568634927.967,2101,361,None,Drag,file system
1568634927.975,2103,361,None,Drag,file system
1568634927.9829998,2109,364,None,Drag,file system
1568634927.9910002,2113,366,None,Drag,file system
1568634927.9989998,2116,367,None,Drag,file system
1568634928.0070002,2118,367,None,Drag,file system
1568634928.016,2118,368,None,Drag,file system
1568634928.032,2118,369,None,Drag,file system
1568634928.032,2118,369,Left,Released,file system
1568634928.2470002,2117,370,None,Move,file system
1568634928.255,2107,370,None,Move,file system
1568634928.2629998,2085,367,None,Move,file system
1568634928.271,2068,366,None,Move,file system
1568634928.279,2041,359,None,Move,file system
1568634928.2870002,2018,357,None,Move,file system
1568634928.295,1998,354,None,Move,file system
1568634928.303,1985,354,None,Move,file system
1568634928.311,1974,354,None,Move,file system
1568634928.319,1961,352,None,Move,file system
1568634928.327,1951,347,None,Move,file system
1568634928.335,1943,345,None,Move,file system
1568634928.343,1938,343,None,Move,file system
1568634928.351,1934,340,None,Move,file system
1568634928.359,1931,336,None,Move,file system
1568634928.367,1928,335,None,Move,file system
1568634928.375,1926,333,None,Move,file system
1568634928.383,1926,330,None,Move,file system
1568634928.391,1925,329,None,Move,file system
1568634928.399,1924,327,None,Move,file system
1568634928.407,1923,325,None,Move,file system
1568634928.415,1922,324,None,Move,file system
1568634928.431,1921,321,None,Move,file system
1568634928.439,1921,321,None,Move,file system
1568634928.448,1919,318,None,Move,file system
1568634928.455,1918,317,None,Move,file system
1568634928.4629998,1916,315,None,Move,file system
1568634928.471,1915,311,None,Move,file system
1568634928.48,1915,311,None,Move,file system
1568634928.496,1915,309,None,Move,file system
1568634928.504,1915,307,None,Move,file system
1568634928.5110002,1914,304,None,Move,file system
1568634928.519,1913,302,None,Move,file system
1568634928.5270002,1913,301,None,Move,file system
1568634928.535,1913,298,None,Move,file system
1568634928.543,1913,296,None,Move,file system
1568634928.551,1912,295,None,Move,file system
1568634928.559,1912,294,None,Move,file system
1568634928.5670002,1912,291,None,Move,file system
1568634928.583,1912,290,None,Move,file system
1568634928.591,1912,288,None,Move,file system
1568634928.599,1912,285,None,Move,file system
1568634928.6160002,1912,284,None,Move,file system
1568634928.623,1912,283,None,Move,file system
1568634928.631,1912,282,None,Move,file system
1568634928.639,1911,280,None,Move,file system
1568634928.655,1911,279,None,Move,file system
1568634928.671,1911,278,None,Move,file system
1568634928.719,1911,276,None,Move,file system
1568634928.7589998,1911,276,None,Move,file system
1568634928.7670002,1909,273,None,Move,file system
1568634928.775,1908,272,None,Move,file system
1568634928.84,1907,272,None,Move,file system
1568634929.736,1907,272,None,Move,file system
1568634929.792,1907,272,Left,Pressed,file system
1568634929.792,1907,272,None,Drag,file system
1568634929.8079998,1907,275,None,Drag,file system
1568634929.816,1910,278,None,Drag,file system
1568634929.823,1916,282,None,Drag,file system
1568634929.832,1920,286,None,Drag,file system
1568634929.839,1926,290,None,Drag,file system
1568634929.847,1934,296,None,Drag,file system
1568634929.855,1949,303,None,Drag,file system
1568634929.863,1969,312,None,Drag,file system
1568634929.871,1994,322,None,Drag,file system
1568634929.879,2006,324,None,Drag,file system
1568634929.887,2038,334,None,Drag,file system
1568634929.895,2082,348,None,Drag,file system
1568634929.903,2119,355,None,Drag,file system
1568634929.911,2144,358,None,Drag,file system
1568634929.919,2181,361,None,Drag,file system
1568634929.927,2196,363,None,Drag,file system
1568634929.935,2227,367,None,Drag,file system
1568634929.9429998,2259,372,None,Drag,file system
1568634929.951,2282,376,None,Drag,file system
1568634929.959,2303,379,None,Drag,file system
1568634929.967,2316,381,None,Drag,file system
1568634929.975,2327,383,None,Drag,file system
1568634929.9829998,2330,383,None,Drag,file system
1568634930.16,2331,384,None,Drag,file system
1568634930.1920002,2331,385,None,Drag,file system
1568634930.2,2331,388,None,Drag,file system
1568634930.207,2331,389,None,Drag,file system
1568634930.215,2331,393,None,Drag,file system
1568634930.2229998,2327,397,None,Drag,file system
1568634930.231,2324,401,None,Drag,file system
1568634930.2389998,2322,402,None,Drag,file system
1568634930.248,2317,406,None,Drag,file system
1568634930.255,2313,409,None,Drag,file system
1568634930.2629998,2307,413,None,Drag,file system
1568634930.271,2301,417,None,Drag,file system
1568634930.279,2298,419,None,Drag,file system
1568634930.2870002,2291,422,None,Drag,file system
1568634930.295,2286,423,None,Drag,file system
1568634930.303,2283,425,None,Drag,file system
1568634930.311,2277,425,None,Drag,file system
1568634930.319,2276,425,None,Drag,file system
1568634930.327,2275,426,None,Drag,file system
1568634930.423,2274,426,None,Drag,file system
1568634930.48,2274,425,None,Drag,file system
1568634930.48,2274,425,Left,Released,file system
1568634930.5010002,2274,425,None,Move,file system
1568634930.51,2268,419,None,Move,file system
1568634930.54,2267,415,None,Move,file system
1568634930.55,2265,413,None,Move,file system
1568634930.56,2265,412,None,Move,file system
1568634930.583,2265,412,None,Move,file system
1568634930.591,2264,411,None,Move,file system
1568634930.744,2262,410,None,Move,file system
1568634930.752,2257,410,None,Move,file system
1568634930.76,2252,410,None,Move,file system
1568634930.768,2246,410,None,Move,file system
1568634930.776,2238,411,None,Move,file system
1568634930.784,2230,413,None,Move,file system
1568634930.792,2222,413,None,Move,file system
1568634930.8,2210,416,None,Move,file system
1568634930.8079998,2194,421,None,Move,file system
1568634930.816,2171,423,None,Move,file system
1568634930.824,2136,430,None,Move,file system
1568634930.831,2108,433,None,Move,file system
1568634930.839,2079,437,None,Move,file system
1568634930.8479998,2063,437,None,Move,file system
1568634930.855,2052,437,None,Move,file system
1568634930.863,2043,439,None,Move,file system
1568634930.871,2036,441,None,Move,file system
1568634930.88,2032,441,None,Move,file system
1568634931.37,2032,441,None,Move,file system
1568634931.58,2033,441,None,Move,file system
1568634931.59,2036,440,None,Move,file system
1568634931.6,2042,436,None,Move,file system
1568634931.611,2045,431,None,Move,file system
1568634931.62,2047,430,None,Move,file system
1568634931.63,2049,428,None,Move,file system
1568634931.65,2052,426,None,Move,file system
1568634931.66,2055,426,None,Move,file system
1568634931.671,2056,424,None,Move,file system
1568634931.68,2058,423,None,Move,file system
1568634931.688,2058,422,None,Move,file system
1568634931.696,2061,420,None,Move,file system
1568634931.704,2063,417,None,Move,file system
1568634931.712,2066,413,None,Move,file system
1568634931.72,2069,411,None,Move,file system
1568634931.728,2071,409,None,Move,file system
1568634931.736,2071,406,None,Move,file system
1568634931.7429998,2071,405,None,Move,file system
1568634931.7510002,2072,404,None,Move,file system
1568634931.7589998,2072,403,None,Move,file system
1568634931.7670002,2072,402,None,Move,file system
1568634931.775,2073,402,None,Move,file system
1568634931.784,2074,401,None,Move,file system
1568634931.791,2074,399,None,Move,file system
1568634931.8,2075,399,None,Move,file system
1568634931.8070002,2077,395,None,Move,file system
1568634931.824,2078,394,None,Move,file system
1568634931.8479998,2078,393,None,Move,file system
1568634931.8639998,2078,392,None,Move,file system
1568634931.8720002,2079,392,None,Move,file system
1568634931.88,2079,391,None,Move,file system
1568634931.887,2080,391,None,Move,file system
1568634931.896,2083,390,None,Move,file system
1568634931.9120002,2083,389,None,Move,file system
1568634931.928,2083,389,None,Move,file system
1568634931.9429998,2085,387,None,Move,file system
1568634931.951,2085,387,None,Move,file system
1568634931.959,2086,385,None,Move,file system
1568634931.967,2087,383,None,Move,file system
1568634931.975,2088,383,None,Move,file system
1568634931.984,2089,382,None,Move,file system
1568634931.9910002,2091,378,None,Move,file system
1568634932.0,2091,376,None,Move,file system
1568634932.0070002,2094,375,None,Move,file system
1568634932.016,2094,373,None,Move,file system
1568634932.119,2095,373,None,Move,file system
1568634932.592,2091,372,None,Move,file system
1568634932.6,2077,372,None,Move,file system
1568634932.607,2064,372,None,Move,file system
1568634932.6160002,2047,372,None,Move,file system
1568634932.623,2036,372,None,Move,file system
1568634932.6320002,2015,372,None,Move,file system
1568634932.639,1996,372,None,Move,file system
1568634932.647,1982,372,None,Move,file system
1568634932.655,1967,372,None,Move,file system
1568634932.663,1955,372,None,Move,file system
1568634932.671,1949,372,None,Move,file system
1568634932.679,1940,372,None,Move,file system
1568634932.687,1935,372,None,Move,file system
1568634932.695,1932,372,None,Move,file system
1568634932.7029998,1929,372,None,Move,file system
1568634932.711,1928,372,None,Move,file system
1568634932.719,1927,372,None,Move,file system
1568634932.7270002,1925,372,None,Move,file system
1568634932.735,1922,372,None,Move,file system
1568634932.74,1919,372,None,Move,file system
1568634932.75,1918,372,None,Move,file system
1568634932.76,1915,372,None,Move,file system
1568634932.77,1904,372,None,Move,file system
1568634932.78,1899,372,None,Move,file system
1568634932.79,1894,372,None,Move,file system
1568634932.8,1886,372,None,Move,file system
1568634932.81,1870,372,None,Move,file system
1568634932.82,1864,372,None,Move,file system
1568634932.83,1856,372,None,Move,file system
1568634932.84,1849,371,None,Move,file system
1568634932.853,1847,371,None,Move,file system
1568634932.86,1845,369,None,Move,file system
1568634932.87,1845,369,None,Move,file system
1568634932.88,1844,367,None,Move,file system
1568634932.89,1842,365,None,Move,file system
1568634932.9,1838,362,None,Move,file system
1568634932.91,1835,360,None,Move,file system
1568634932.92,1830,357,None,Move,file system
1568634932.93,1826,354,None,Move,file system
1568634932.94,1822,351,None,Move,file system
1568634932.951,1817,346,None,Move,file system
1568634932.9529998,1814,342,None,Move,file system
1568634932.96,1808,338,None,Move,file system
1568634932.97,1805,336,None,Move,file system
1568634932.981,1800,331,None,Move,file system
1568634932.99,1798,329,None,Move,file system
1568634933.0,1793,324,None,Move,file system
1568634933.01,1791,321,None,Move,file system
1568634933.02,1791,318,None,Move,file system
1568634933.03,1790,316,None,Move,file system
1568634933.04,1789,315,None,Move,file system
1568634933.053,1787,310,None,Move,file system
1568634933.061,1786,309,None,Move,file system
1568634933.07,1786,308,None,Move,file system
1568634933.08,1786,303,None,Move,file system
1568634933.09,1786,302,None,Move,file system
1568634933.103,1786,301,None,Move,file system
1568634933.11,1786,300,None,Move,file system
1568634933.12,1786,295,None,Move,file system
1568634933.13,1786,294,None,Move,file system
1568634933.14,1786,293,None,Move,file system
1568634933.15,1786,290,None,Move,file system
1568634933.153,1786,288,None,Move,file system
1568634933.16,1786,287,None,Move,file system
1568634933.17,1786,286,None,Move,file system
1568634933.18,1786,285,None,Move,file system
1568634933.19,1786,283,None,Move,file system
1568634933.2,1786,282,None,Move,file system
1568634933.22,1786,281,None,Move,file system
1568634933.23,1786,280,None,Move,file system
1568634933.39,1786,280,None,Move,file system
1568634933.399,1786,280,None,Move,file system
1568634933.413,1788,280,None,Move,file system
1568634933.431,1790,282,None,Move,file system
1568634933.439,1791,284,None,Move,file system
1568634933.447,1791,284,None,Move,file system
1568634933.455,1793,285,None,Move,file system
1568634933.4629998,1795,287,None,Move,file system
1568634933.471,1797,289,None,Move,file system
1568634933.479,1798,292,None,Move,file system
1568634933.495,1800,294,None,Move,file system
1568634933.5029998,1800,295,None,Move,file system
1568634933.583,1800,296,None,Move,file system
1568634933.6,1801,297,None,Move,file system
1568634933.887,1801,298,Left,Pressed,file system
1568634933.887,1801,298,None,Drag,file system
1568634933.919,1801,300,None,Drag,file system
1568634933.927,1801,303,None,Drag,file system
1568634933.935,1803,306,None,Drag,file system
1568634933.9429998,1804,307,None,Drag,file system
1568634933.951,1806,313,None,Drag,file system
1568634933.959,1806,315,None,Drag,file system
1568634933.967,1806,317,None,Drag,file system
1568634933.975,1808,322,None,Drag,file system
1568634933.9829998,1808,325,None,Drag,file system
1568634933.9910002,1809,328,None,Drag,file system
1568634933.9989998,1809,330,None,Drag,file system
1568634934.0070002,1811,333,None,Drag,file system
1568634934.015,1811,334,None,Drag,file system
1568634934.0229998,1812,335,None,Drag,file system
1568634934.031,1812,337,None,Drag,file system
1568634934.039,1814,338,None,Drag,file system
1568634934.0470002,1815,340,None,Drag,file system
1568634934.055,1815,341,None,Drag,file system
1568634934.063,1816,341,None,Drag,file system
1568634934.5110002,1816,341,None,Drag,file system
1568634934.5270002,1816,339,None,Drag,file system
1568634934.535,1815,337,None,Drag,file system
1568634934.543,1815,336,None,Drag,file system
1568634934.552,1815,334,None,Drag,file system
1568634934.559,1813,332,None,Drag,file system
1568634934.5670002,1812,329,None,Drag,file system
1568634934.575,1810,326,None,Drag,file system
1568634934.583,1808,322,None,Drag,file system
1568634934.592,1807,320,None,Drag,file system
1568634934.6,1806,319,None,Drag,file system
1568634934.6079998,1802,316,None,Drag,file system
1568634934.6160002,1798,313,None,Drag,file system
1568634934.623,1796,310,None,Drag,file system
1568634934.6320002,1795,310,None,Drag,file system
1568634934.64,1795,309,None,Drag,file system
1568634934.64,1795,309,Left,Released,file system
1568634934.8070002,1795,307,None,Move,file system
1568634934.856,1797,307,None,Move,file system
1568634934.8639998,1804,307,None,Move,file system
1568634934.871,1814,307,None,Move,file system
1568634934.88,1828,307,None,Move,file system
1568634934.887,1844,307,None,Move,file system
1568634934.896,1860,307,None,Move,file system
1568634934.904,1877,307,None,Move,file system
1568634934.91,1889,307,None,Move,file system
1568634934.92,1917,307,None,Move,file system
1568634934.93,1933,307,None,Move,file system
1568634934.94,1950,307,None,Move,file system
1568634934.95,1964,307,None,Move,file system
1568634934.961,1992,307,None,Move,file system
1568634934.97,2003,307,None,Move,file system
1568634934.98,2016,304,None,Move,file system
1568634934.99,2027,304,None,Move,file system
1568634935.0,2038,302,None,Move,file system
1568634935.01,2056,297,None,Move,file system
1568634935.02,2058,296,None,Move,file system
1568634935.03,2059,293,None,Move,file system
1568634935.04,2061,293,None,Move,file system
1568634935.15,2061,292,None,Move,file system
1568634935.171,2063,290,None,Move,file system
1568634935.181,2066,289,None,Move,file system
1568634935.19,2070,287,None,Move,file system
1568634935.21,2074,284,None,Move,file system
1568634935.45,2076,284,None,Move,file system
1568634935.471,2077,284,None,Move,file system
1568634935.49,2079,284,None,Move,file system
1568634935.5010002,2079,285,None,Move,file system
1568634935.51,2081,286,None,Move,file system
1568634935.735,2081,287,None,Move,file system
1568634935.7429998,2082,287,None,Move,file system
1568634935.758,2084,287,None,Move,file system
1568634935.7589998,2086,287,None,Move,file system
1568634935.7670002,2086,287,None,Move,file system
1568634935.775,2089,287,None,Move,file system
1568634935.783,2091,285,None,Move,file system
1568634935.799,2093,285,None,Move,file system
1568634935.8079998,2095,285,None,Move,file system
1568634935.815,2099,285,None,Move,file system
1568634935.823,2101,285,None,Move,file system
1568634935.8720002,2101,285,None,Move,file system
1568634935.88,2104,287,None,Move,file system
1568634935.8879998,2107,288,None,Move,file system
1568634935.896,2113,290,None,Move,file system
1568634935.904,2117,291,None,Move,file system
1568634935.9120002,2120,294,None,Move,file system
1568634935.92,2121,294,None,Move,file system
1568634935.928,2123,295,None,Move,file system
1568634935.936,2125,295,None,Move,file system
1568634935.9429998,2126,296,None,Move,file system
1568634936.135,2126,296,None,Move,file system
1568634936.143,2127,296,None,Move,file system
1568634936.175,2131,296,None,Move,file system
1568634936.1829998,2131,296,None,Move,file system
1568634936.1920002,2133,296,None,Move,file system
1568634936.199,2134,296,None,Move,file system
1568634936.295,2128,294,Left,Pressed,file system
1568634936.295,2128,294,None,Drag,file system
1568634936.303,2112,294,None,Drag,file system
1568634936.312,2099,294,None,Drag,file system
1568634936.319,2085,294,None,Drag,file system
1568634936.327,2072,294,None,Drag,file system
1568634936.335,2059,294,None,Drag,file system
1568634936.343,2046,294,None,Drag,file system
1568634936.351,2033,294,None,Drag,file system
1568634936.359,2021,294,None,Drag,file system
1568634936.367,2011,294,None,Drag,file system
1568634936.375,1999,294,None,Drag,file system
1568634936.383,1990,294,None,Drag,file system
1568634936.391,1977,292,None,Drag,file system
1568634936.399,1964,290,None,Drag,file system
1568634936.407,1949,287,None,Drag,file system
1568634936.415,1937,286,None,Drag,file system
1568634936.423,1928,283,None,Drag,file system
1568634936.431,1920,281,None,Drag,file system
1568634936.439,1911,279,None,Drag,file system
1568634936.447,1905,275,None,Drag,file system
1568634936.455,1902,273,None,Drag,file system
1568634936.4629998,1899,271,None,Drag,file system
1568634936.471,1897,270,None,Drag,file system
1568634936.4870002,1897,269,None,Drag,file system
1568634936.495,1895,268,None,Drag,file system
1568634936.535,1895,267,None,Drag,file system
1568634936.575,1895,266,None,Drag,file system
1568634936.591,1895,264,None,Drag,file system
1568634936.6160002,1895,263,None,Drag,file system
1568634936.6160002,1895,263,Left,Released,file system
1568634936.72,1894,263,None,Move,file system
1568634936.73,1885,271,None,Move,file system
1568634936.74,1880,276,None,Move,file system
1568634936.75,1875,282,None,Move,file system
1568634936.7670002,1868,291,None,Move,file system
1568634936.77,1861,297,None,Move,file system
1568634936.78,1857,300,None,Move,file system
1568634936.79,1852,305,None,Move,file system
1568634936.8,1848,308,None,Move,file system
1568634936.81,1843,311,None,Move,file system
1568634936.821,1843,311,None,Move,file system
1568634936.83,1842,312,None,Move,file system
1568634937.06,1839,312,None,Move,file system
1568634937.071,1831,312,None,Move,file system
1568634937.08,1815,312,None,Move,file system
1568634937.09,1807,312,None,Move,file system
1568634937.11,1795,312,None,Move,file system
1568634937.14,1793,311,None,Move,file system
1568634937.168,1793,310,None,Move,file system
1568634937.171,1793,309,None,Move,file system
1568634937.22,1792,309,None,Move,file system
1568634937.39,1792,308,Left,Pressed,file system
1568634937.39,1792,308,None,Drag,file system
1568634937.4,1803,308,None,Drag,file system
1568634937.41,1812,308,None,Drag,file system
1568634937.42,1824,308,None,Drag,file system
1568634937.43,1839,308,None,Drag,file system
1568634937.445,1866,304,None,Drag,file system
1568634937.451,1879,304,None,Drag,file system
1568634937.46,1889,304,None,Drag,file system
1568634937.47,1900,304,None,Drag,file system
1568634937.48,1924,304,None,Drag,file system
1568634937.49,1940,304,None,Drag,file system
1568634937.5010002,1951,304,None,Drag,file system
1568634937.51,1964,304,None,Drag,file system
1568634937.52,1985,304,None,Drag,file system
1568634937.53,1996,304,None,Drag,file system
1568634937.541,2009,304,None,Drag,file system
1568634937.55,2021,304,None,Drag,file system
1568634937.56,2042,304,None,Drag,file system
1568634937.57,2052,304,None,Drag,file system
1568634937.58,2062,304,None,Drag,file system
1568634937.59,2071,304,None,Drag,file system
1568634937.6,2089,304,None,Drag,file system
1568634937.61,2097,304,None,Drag,file system
1568634937.62,2102,304,None,Drag,file system
1568634937.63,2108,304,None,Drag,file system
1568634937.64,2112,304,None,Drag,file system
1568634937.91,2115,302,None,Drag,file system
1568634937.92,2129,296,None,Drag,file system
1568634937.931,2135,294,None,Drag,file system
1568634937.941,2141,294,None,Drag,file system
1568634937.95,2144,293,None,Drag,file system
1568634937.96,2149,290,None,Drag,file system
1568634937.96,2149,290,Left,Released,file system
1568634938.07,2140,290,None,Move,file system
1568634938.08,2127,290,None,Move,file system
1568634938.09,2102,291,None,Move,file system
1568634938.103,2084,294,None,Move,file system
1568634938.11,2069,296,None,Move,file system
1568634938.12,2042,301,None,Move,file system
1568634938.13,2029,303,None,Move,file system
1568634938.14,2019,303,None,Move,file system
1568634938.15,2009,305,None,Move,file system
1568634938.16,1995,305,None,Move,file system
1568634938.17,1987,305,None,Move,file system
1568634938.18,1976,305,None,Move,file system
1568634938.19,1968,305,None,Move,file system
1568634938.2,1947,305,None,Move,file system
1568634938.21,1936,305,None,Move,file system
1568634938.221,1925,305,None,Move,file system
1568634938.23,1913,305,None,Move,file system
1568634938.24,1892,309,None,Move,file system
1568634938.25,1884,310,None,Move,file system
1568634938.26,1875,311,None,Move,file system
1568634938.27,1866,314,None,Move,file system
1568634938.28,1858,315,None,Move,file system
1568634938.29,1856,315,None,Move,file system
1568634938.3,1855,315,None,Move,file system
1568634938.39,1850,315,None,Move,file system
1568634938.395,1843,315,None,Move,file system
1568634938.405,1834,315,None,Move,file system
1568634938.415,1826,315,None,Move,file system
1568634938.425,1818,315,None,Move,file system
1568634938.44,1802,315,None,Move,file system
1568634938.45,1793,315,None,Move,file system
1568634938.46,1792,315,None,Move,file system
1568634938.48,1791,314,None,Move,file system
1568634938.4910002,1790,313,None,Move,file system
1568634938.51,1790,311,None,Move,file system
1568634938.52,1790,309,None,Move,file system
1568634938.53,1790,308,None,Move,file system
1568634938.54,1789,305,None,Move,file system
1568634938.55,1789,303,None,Move,file system
1568634938.56,1789,302,None,Move,file system
1568634938.571,1789,299,None,Move,file system
1568634938.58,1789,298,None,Move,file system
1568634938.59,1789,297,None,Move,file system
1568634938.6,1789,294,None,Move,file system
1568634938.61,1789,293,None,Move,file system
1568634938.62,1789,292,None,Move,file system
1568634938.63,1789,290,None,Move,file system
1568634938.64,1790,287,None,Move,file system
1568634938.65,1790,286,None,Move,file system
1568634938.671,1792,285,None,Move,file system
1568634938.69,1792,284,None,Move,file system
1568634938.72,1792,282,None,Move,file system
1568634938.744,1792,281,None,Move,file system
1568634938.7589998,1793,280,None,Move,file system
1568634938.976,1795,280,Left,Pressed,file system
1568634938.976,1795,280,None,Drag,file system
1568634938.984,1803,283,None,Drag,file system
1568634938.992,1814,290,None,Drag,file system
1568634939.0,1825,294,None,Drag,file system
1568634939.0070002,1836,299,None,Drag,file system
1568634939.015,1844,301,None,Drag,file system
1568634939.0229998,1853,303,None,Drag,file system
1568634939.031,1863,305,None,Drag,file system
1568634939.039,1869,307,None,Drag,file system
1568634939.0470002,1875,309,None,Drag,file system
1568634939.055,1876,309,None,Drag,file system
1568634939.279,1878,309,None,Drag,file system
1568634939.304,1880,309,None,Drag,file system
1568634939.36,1880,311,None,Drag,file system
1568634939.36,1880,311,Left,Released,file system
1568634939.431,1880,311,None,Move,file system
1568634939.439,1883,311,None,Move,file system
1568634939.447,1886,311,None,Move,file system
1568634939.455,1887,311,None,Move,file system
1568634939.471,1888,311,None,Move,file system
1568634939.495,1889,311,None,Move,file system
1568634939.551,1891,311,None,Move,file system
1568634939.559,1892,311,None,Move,file system
1568634939.574,1897,311,None,Move,file system
1568634939.575,1901,311,None,Move,file system
1568634939.583,1906,311,None,Move,file system
1568634939.591,1909,311,None,Move,file system
1568634939.599,1910,311,None,Move,file system
1568634939.607,1911,311,None,Move,file system
1568634940.03,1912,311,None,Move,file system
1568634940.05,1909,313,None,Move,file system
1568634940.06,1904,315,None,Move,file system
1568634940.07,1898,320,None,Move,file system
1568634940.0779998,1893,321,None,Move,file system
1568634940.08,1890,322,None,Move,file system
1568634940.09,1887,324,None,Move,file system
1568634940.1,1885,324,None,Move,file system
1568634940.11,1885,325,None,Move,file system
1568634940.22,1879,327,None,Move,file system
1568634940.23,1876,327,None,Move,file system
1568634940.24,1868,327,None,Move,file system
1568634940.25,1863,329,None,Move,file system
1568634940.26,1858,329,None,Move,file system
1568634940.27,1854,329,None,Move,file system
1568634940.278,1849,329,None,Move,file system
1568634940.28,1846,329,None,Move,file system
1568634940.29,1841,329,None,Move,file system
1568634940.3,1840,329,None,Move,file system
1568634940.31,1837,329,None,Move,file system
1568634940.32,1834,329,None,Move,file system
1568634940.351,1833,329,None,Move,file system
1568634940.36,1831,327,None,Move,file system
1568634940.371,1830,326,None,Move,file system
1568634940.391,1829,325,None,Move,file system
1568634940.4,1829,324,None,Move,file system
1568634940.416,1828,322,None,Move,file system
1568634940.424,1828,321,None,Move,file system
1568634940.44,1828,320,None,Move,file system
1568634940.456,1827,319,None,Move,file system
1568634940.4629998,1827,319,None,Move,file system
1568634940.4870002,1827,318,None,Move,file system
1568634940.5029998,1827,316,None,Move,file system
1568634940.519,1827,315,None,Move,file system
1568634940.543,1827,314,None,Move,file system
1568634940.551,1827,313,None,Move,file system
1568634940.559,1830,310,None,Move,file system
1568634940.5670002,1844,305,None,Move,file system
1568634940.575,1874,305,None,Move,file system
1568634940.583,1917,305,None,Move,file system
1568634940.591,1963,305,None,Move,file system
1568634940.6,2023,305,None,Move,file system
1568634940.607,2074,305,None,Move,file system
1568634940.6160002,2115,305,None,Move,file system
1568634940.6239998,2148,302,None,Move,file system
1568634940.6320002,2170,302,None,Move,file system
1568634940.64,2184,302,None,Move,file system
1568634940.647,2192,302,None,Move,file system
1568634940.656,2195,302,None,Move,file system
1568634940.7589998,2195,302,None,Move,file system
1568634940.775,2195,303,None,Move,file system
1568634940.783,2194,305,None,Move,file system
1568634940.791,2193,305,None,Move,file system
1568634940.799,2191,305,None,Move,file system
1568634940.8070002,2190,307,None,Move,file system
1568634940.815,2188,307,None,Move,file system
1568634940.823,2187,308,None,Move,file system
1568634940.831,2184,309,None,Move,file system
1568634940.839,2180,311,None,Move,file system
1568634940.8479998,2175,313,None,Move,file system
1568634940.855,2172,314,None,Move,file system
1568634940.863,2166,318,None,Move,file system
1568634940.8720002,2157,323,None,Move,file system
1568634940.879,2151,327,None,Move,file system
1568634940.8879998,2144,330,None,Move,file system
1568634940.895,2141,331,None,Move,file system
1568634940.904,2138,333,None,Move,file system
1568634940.9120002,2135,335,None,Move,file system
1568634940.92,2134,337,None,Move,file system
1568634940.928,2133,337,None,Move,file system
1568634940.936,2131,337,None,Move,file system
1568634941.1279998,2131,337,None,Move,file system
1568634941.1360002,2131,336,None,Move,file system
1568634941.151,2131,335,None,Move,file system
1568634941.1520002,2131,332,None,Move,file system
1568634941.16,2129,330,None,Move,file system
1568634941.168,2129,325,None,Move,file system
1568634941.176,2128,324,None,Move,file system
1568634941.1829998,2127,320,None,Move,file system
1568634941.191,2126,318,None,Move,file system
1568634941.199,2126,315,None,Move,file system
1568634941.207,2126,312,None,Move,file system
1568634941.215,2124,309,None,Move,file system
1568634941.2229998,2123,308,None,Move,file system
1568634941.231,2122,307,None,Move,file system
1568634941.2389998,2121,306,None,Move,file system
1568634941.2470002,2121,305,None,Move,file system
1568634941.255,2121,303,None,Move,file system
1568634941.3520002,2117,303,None,Move,file system
1568634941.36,2111,303,None,Move,file system
1568634941.375,2106,303,None,Move,file system
1568634941.3760002,2100,303,None,Move,file system
1568634941.383,2091,303,None,Move,file system
1568634941.391,2085,307,None,Move,file system
1568634941.399,2078,308,None,Move,file system
1568634941.407,2071,313,None,Move,file system
1568634941.415,2063,317,None,Move,file system
1568634941.423,2059,322,None,Move,file system
1568634941.431,2054,326,None,Move,file system
1568634941.439,2051,328,None,Move,file system
1568634941.447,2048,333,None,Move,file system
1568634941.456,2046,335,None,Move,file system
1568634941.4629998,2046,338,None,Move,file system
1568634941.471,2046,339,None,Move,file system
1568634941.4729998,2046,342,None,Move,file system
1568634941.482,2046,344,None,Move,file system
1568634941.59,2046,344,None,Move,file system
1568634941.6,2049,343,None,Move,file system
1568634941.61,2049,342,None,Move,file system
1568634941.62,2050,340,None,Move,file system
1568634941.63,2050,339,None,Move,file system
1568634941.64,2052,334,None,Move,file system
1568634941.65,2053,332,None,Move,file system
1568634941.661,2054,329,None,Move,file system
1568634941.671,2054,329,None,Move,file system
1568634941.6829998,2056,325,None,Move,file system
1568634941.69,2057,323,None,Move,file system
1568634941.71,2057,322,None,Move,file system
1568634941.7429998,2057,321,None,Move,file system
1568634941.7510002,2058,320,None,Move,file system
1568634941.7589998,2058,320,None,Move,file system
1568634941.775,2059,318,None,Move,file system
1568634941.783,2060,317,None,Move,file system
1568634941.791,2060,315,None,Move,file system
1568634941.799,2060,314,None,Move,file system
1568634941.8070002,2061,313,None,Move,file system
1568634941.815,2061,312,None,Move,file system
1568634941.823,2062,311,None,Move,file system
1568634941.839,2062,309,None,Move,file system
1568634941.927,2063,309,Left,Pressed,file system
1568634941.927,2063,309,None,Drag,file system
1568634941.951,2065,309,None,Drag,file system
1568634941.96,2065,311,None,Drag,file system
1568634941.968,2065,316,None,Drag,file system
1568634941.976,2065,321,None,Drag,file system
1568634941.984,2061,324,None,Drag,file system
1568634941.992,2056,329,None,Drag,file system
1568634942.0,2049,335,None,Drag,file system
1568634942.008,2043,339,None,Drag,file system
1568634942.016,2034,345,None,Drag,file system
1568634942.024,2025,349,None,Drag,file system
1568634942.031,2016,353,None,Drag,file system
1568634942.039,2008,356,None,Drag,file system
1568634942.0470002,1998,358,None,Drag,file system
1568634942.056,1990,360,None,Drag,file system
1568634942.063,1982,362,None,Drag,file system
1568634942.071,1976,364,None,Drag,file system
1568634942.079,1971,364,None,Drag,file system
1568634942.087,1968,364,None,Drag,file system
1568634942.095,1964,365,None,Drag,file system
1568634942.103,1961,367,None,Drag,file system
1568634942.111,1960,367,None,Drag,file system
1568634942.119,1956,368,None,Drag,file system
1568634942.127,1955,369,None,Drag,file system
1568634942.135,1954,369,None,Drag,file system
1568634942.167,1953,369,None,Drag,file system
1568634942.199,1952,371,None,Drag,file system
1568634942.207,1946,375,None,Drag,file system
1568634942.215,1939,377,None,Drag,file system
1568634942.2229998,1929,379,None,Drag,file system
1568634942.231,1922,380,None,Drag,file system
1568634942.2389998,1918,381,None,Drag,file system
1568634942.2470002,1916,381,None,Drag,file system
1568634942.255,1915,381,None,Drag,file system
1568634942.2870002,1912,381,None,Drag,file system
1568634942.304,1909,380,None,Drag,file system
1568634942.311,1908,379,None,Drag,file system
1568634942.32,1905,375,None,Drag,file system
1568634942.32,1905,375,Left,Released,file system
1568634942.3279998,1902,372,None,Move,file system
1568634942.336,1899,368,None,Move,file system
1568634942.344,1897,366,None,Move,file system
1568634942.3520002,1896,364,None,Move,file system
1568634942.36,1895,362,None,Move,file system
1568634942.367,1893,358,None,Move,file system
1568634942.3760002,1892,355,None,Move,file system
1568634942.383,1892,352,None,Move,file system
1568634942.3920002,1892,351,None,Move,file system
1568634942.4,1892,348,None,Move,file system
1568634942.408,1890,344,None,Move,file system
1568634942.415,1889,343,None,Move,file system
1568634942.423,1886,341,None,Move,file system
1568634942.431,1883,339,None,Move,file system
1568634942.439,1876,338,None,Move,file system
1568634942.447,1872,335,None,Move,file system
1568634942.455,1870,335,None,Move,file system
1568634942.4629998,1867,335,None,Move,file system
1568634942.5029998,1865,334,None,Move,file system
1568634942.519,1865,333,None,Move,file system
1568634942.5270002,1863,331,None,Move,file system
1568634942.535,1862,331,None,Move,file system
1568634942.543,1861,329,None,Move,file system
1568634942.551,1860,328,None,Move,file system
1568634942.559,1856,326,None,Move,file system
1568634942.5670002,1854,324,None,Move,file system
1568634942.575,1853,322,None,Move,file system
1568634942.583,1851,321,None,Move,file system
1568634942.591,1850,319,None,Move,file system
1568634942.599,1849,319,None,Move,file system
1568634942.607,1849,315,None,Move,file system
1568634942.615,1848,315,None,Move,file system
1568634942.623,1848,313,None,Move,file system
1568634942.631,1847,312,None,Move,file system
1568634942.639,1847,311,None,Move,file system
1568634942.647,1847,310,None,Move,file system
1568634942.655,1847,308,None,Move,file system
1568634942.663,1847,307,None,Move,file system
1568634942.671,1845,305,None,Move,file system
1568634942.679,1845,304,None,Move,file system
1568634942.695,1845,303,None,Move,file system
1568634942.704,1845,302,None,Move,file system
1568634942.72,1845,300,None,Move,file system
1568634942.728,1845,299,None,Move,file system
1568634942.744,1845,298,None,Move,file system
1568634942.76,1844,296,None,Move,file system
1568634942.776,1844,294,None,Move,file system
1568634942.784,1844,294,None,Move,file system
1568634942.83,1844,293,None,Move,file system
1568634942.94,1844,293,None,Move,file system
1568634942.95,1844,293,None,Move,file system
1568634942.96,1846,299,None,Move,file system
1568634942.97,1860,306,None,Move,file system
1568634942.981,1873,312,None,Move,file system
1568634942.99,1893,318,None,Move,file system
1568634943.0,1925,333,None,Move,file system
1568634943.01,1937,339,None,Move,file system
1568634943.02,1947,344,None,Move,file system
1568634943.03,1958,349,None,Move,file system
1568634943.04,1975,353,None,Move,file system
1568634943.05,1981,355,None,Move,file system
1568634943.06,1985,355,None,Move,file system
1568634943.07,1987,356,None,Move,file system
1568634943.0879998,1996,358,None,Move,file system
1568634943.09,2005,361,None,Move,file system
1568634943.1,2015,364,None,Move,file system
1568634943.11,2026,364,None,Move,file system
1568634943.12,2039,364,None,Move,file system
1568634943.13,2046,365,None,Move,file system
1568634943.14,2050,366,None,Move,file system
1568634943.15,2052,366,None,Move,file system
1568634943.3,2053,366,None,Move,file system
1568634943.32,2054,366,None,Move,file system
1568634943.33,2064,366,None,Move,file system
1568634943.341,2077,366,None,Move,file system
1568634943.35,2090,366,None,Move,file system
1568634943.36,2113,366,None,Move,file system
1568634943.37,2122,366,None,Move,file system
1568634943.38,2127,366,None,Move,file system
1568634943.39,2133,366,None,Move,file system
1568634943.4,2137,365,None,Move,file system
1568634943.41,2140,365,None,Move,file system
1568634943.45,2140,363,None,Move,file system
1568634943.47,2140,362,None,Move,file system
1568634943.48,2136,357,None,Move,file system
1568634943.49,2133,355,None,Move,file system
1568634943.5,2122,351,None,Move,file system
1568634943.51,2114,346,None,Move,file system
1568634943.52,2084,342,None,Move,file system
1568634943.53,2070,342,None,Move,file system
1568634943.54,2056,342,None,Move,file system
1568634943.55,2043,342,None,Move,file system
1568634943.56,2015,337,None,Move,file system
1568634943.57,2003,335,None,Move,file system
1568634943.58,1992,331,None,Move,file system
1568634943.59,1980,326,None,Move,file system
1568634943.6,1956,318,None,Move,file system
1568634943.611,1940,312,None,Move,file system
1568634943.62,1920,307,None,Move,file system
1568634943.63,1901,301,None,Move,file system
1568634943.64,1885,298,None,Move,file system
1568634943.64,1873,294,None,Move,file system
1568634943.65,1863,289,None,Move,file system
1568634943.66,1855,284,None,Move,file system
1568634943.67,1851,281,None,Move,file system
1568634943.68,1850,279,None,Move,file system
1568634943.69,1848,273,None,Move,file system
1568634943.7,1848,270,None,Move,file system
1568634943.71,1848,269,None,Move,file system
1568634943.72,1848,266,None,Move,file system
1568634943.73,1848,265,None,Move,file system
1568634943.74,1847,263,None,Move,file system
1568634943.75,1847,261,None,Move,file system
1568634943.76,1847,258,None,Move,file system
1568634943.77,1847,256,None,Move,file system
1568634943.78,1847,255,None,Move,file system
1568634943.79,1847,254,None,Move,file system
1568634943.8,1847,250,None,Move,file system
1568634943.81,1847,248,None,Move,file system
1568634943.83,1847,247,None,Move,file system
1568634943.855,1847,246,None,Move,file system
1568634943.87,1847,245,None,Move,file system
1568634943.88,1847,245,None,Move,file system
1568634943.921,1847,244,None,Move,file system
1568634943.935,1849,244,None,Move,file system
1568634943.94,1850,243,None,Move,file system
1568634943.95,1853,242,None,Move,file system
1568634943.96,1858,241,None,Move,file system
1568634943.97,1861,239,None,Move,file system
1568634943.981,1862,239,None,Move,file system
1568634943.99,1864,239,None,Move,file system
1568634944.0,1878,239,None,Move,file system
1568634944.01,1884,239,None,Move,file system
1568634944.02,1887,239,None,Move,file system
1568634944.031,1890,239,None,Move,file system
1568634944.18,1892,239,None,Move,file system
1568634944.19,1894,239,None,Move,file system
1568634944.26,1898,239,Left,Pressed,file system
1568634944.26,1898,239,None,Drag,file system
1568634944.27,1904,246,None,Drag,file system
1568634944.28,1924,254,None,Drag,file system
1568634944.29,1930,259,None,Drag,file system
1568634944.3,1940,263,None,Drag,file system
1568634944.31,1947,269,None,Drag,file system
1568634944.32,1972,278,None,Drag,file system
1568634944.33,1986,285,None,Drag,file system
1568634944.343,1997,290,None,Drag,file system
1568634944.351,2009,294,None,Drag,file system
1568634944.36,2017,298,None,Drag,file system
1568634944.367,2022,300,None,Drag,file system
1568634944.3760002,2026,302,None,Drag,file system
1568634944.383,2026,303,None,Drag,file system
1568634944.3920002,2028,304,None,Drag,file system
1568634944.399,2028,305,None,Drag,file system
1568634944.407,2030,307,None,Drag,file system
1568634944.415,2037,314,None,Drag,file system
1568634944.423,2039,315,None,Drag,file system
1568634944.431,2041,317,None,Drag,file system
1568634944.439,2044,320,None,Drag,file system
1568634944.447,2045,322,None,Drag,file system
1568634944.455,2046,324,None,Drag,file system
1568634944.471,2048,326,None,Drag,file system
1568634944.4870002,2049,328,None,Drag,file system
1568634944.496,2051,328,None,Drag,file system
1568634944.519,2051,329,None,Drag,file system
1568634944.559,2052,329,None,Drag,file system
1568634944.5670002,2052,330,None,Drag,file system
1568634944.5670002,2052,330,Left,Released,file system
1568634944.623,2053,332,None,Move,file system
1568634944.631,2046,335,None,Move,file system
1568634944.639,2025,335,None,Move,file system
1568634944.647,1998,335,None,Move,file system
1568634944.655,1960,335,None,Move,file system
1568634944.663,1920,335,None,Move,file system
1568634944.671,1876,335,None,Move,file system
1568634944.679,1830,335,None,Move,file system
1568634944.687,1787,335,None,Move,file system
1568634944.695,1751,335,None,Move,file system
1568634944.7029998,1716,335,None,Move,file system
1568634944.711,1694,335,None,Move,file system
1568634944.72,1678,335,None,Move,file system
1568634944.7270002,1668,334,None,Move,file system
1568634944.736,1660,333,None,Move,file system
1568634944.7429998,1659,331,None,Move,file system
1568634944.752,1659,330,None,Move,file system
1568634944.7589998,1659,329,None,Move,file system
1568634944.776,1659,327,None,Move,file system
1568634944.791,1660,323,None,Move,file system
1568634944.8,1663,323,None,Move,file system
1568634944.8079998,1668,321,None,Move,file system
1568634944.816,1675,319,None,Move,file system
1568634944.824,1685,317,None,Move,file system
1568634944.832,1693,315,None,Move,file system
1568634944.84,1701,315,None,Move,file system
1568634944.847,1707,311,None,Move,file system
1568634944.856,1709,311,None,Move,file system
1568634944.863,1713,309,None,Move,file system
1568634944.871,1718,306,None,Move,file system
1568634944.879,1721,304,None,Move,file system
1568634944.887,1725,303,None,Move,file system
1568634944.895,1726,303,None,Move,file system
1568634944.903,1727,301,None,Move,file system
1568634944.919,1729,300,None,Move,file system
1568634944.935,1729,299,None,Move,file system
1568634944.9429998,1730,299,None,Move,file system
1568634944.951,1730,298,None,Move,file system
1568634944.959,1731,298,None,Move,file system
1568634944.975,1733,296,None,Move,file system
1568634944.9829998,1735,296,None,Move,file system
1568634944.9910002,1738,295,None,Move,file system
1568634944.9989998,1744,293,None,Move,file system
1568634945.0070002,1747,291,None,Move,file system
1568634945.015,1753,289,None,Move,file system
1568634945.0229998,1759,287,None,Move,file system
1568634945.031,1766,286,None,Move,file system
1568634945.039,1770,284,None,Move,file system
1568634945.0470002,1776,284,None,Move,file system
1568634945.055,1781,282,None,Move,file system
1568634945.063,1787,280,None,Move,file system
1568634945.071,1795,278,None,Move,file system
1568634945.079,1805,275,None,Move,file system
1568634945.087,1815,271,None,Move,file system
1568634945.095,1828,269,None,Move,file system
1568634945.103,1839,265,None,Move,file system
1568634945.111,1854,263,None,Move,file system
1568634945.119,1861,260,None,Move,file system
1568634945.127,1869,258,None,Move,file system
1568634945.135,1871,257,None,Move,file system
1568634945.2,1871,256,None,Move,file system
1568634945.55,1871,258,Left,Pressed,file system
1568634945.55,1871,258,None,Drag,file system
1568634945.56,1864,266,None,Drag,file system
1568634945.58,1854,276,None,Drag,file system
1568634945.59,1849,281,None,Drag,file system
1568634945.596,1845,287,None,Drag,file system
1568634945.6,1838,298,None,Drag,file system
1568634945.61,1833,305,None,Drag,file system
1568634945.62,1828,314,None,Drag,file system
1568634945.63,1824,321,None,Drag,file system
1568634945.64,1813,336,None,Drag,file system
1568634945.655,1809,342,None,Drag,file system
1568634945.663,1805,348,None,Drag,file system
1568634945.671,1799,355,None,Drag,file system
1568634945.679,1795,360,None,Drag,file system
1568634945.687,1790,368,None,Drag,file system
1568634945.695,1788,368,None,Drag,file system
1568634945.7029998,1786,370,None,Drag,file system
1568634945.832,1784,370,None,Drag,file system
1568634945.84,1781,367,None,Drag,file system
1568634945.84,1781,367,Left,Released,file system
1568634945.847,1780,364,None,Move,file system
1568634945.856,1780,358,None,Move,file system
1568634945.863,1780,350,None,Move,file system
1568634945.8720002,1780,345,None,Move,file system
1568634945.88,1780,337,None,Move,file system
1568634945.887,1783,328,None,Move,file system
1568634945.896,1786,319,None,Move,file system
1568634945.903,1787,314,None,Move,file system
1568634945.9120002,1789,306,None,Move,file system
1568634945.919,1790,299,None,Move,file system
1568634945.927,1791,294,None,Move,file system
1568634945.935,1791,287,None,Move,file system
1568634945.9429998,1791,284,None,Move,file system
1568634945.951,1791,279,None,Move,file system
1568634945.959,1791,278,None,Move,file system
1568634945.967,1791,276,None,Move,file system
1568634945.975,1791,275,None,Move,file system
1568634945.9910002,1791,274,None,Move,file system
1568634946.0229998,1792,273,None,Move,file system
1568634946.0470002,1792,273,None,Move,file system
1568634946.063,1793,271,None,Move,file system
1568634946.071,1793,270,None,Move,file system
1568634946.127,1793,269,None,Move,file system
1568634946.224,1796,270,None,Move,file system
1568634946.232,1798,271,None,Move,file system
1568634946.245,1798,272,None,Move,file system
1568634946.2470002,1799,272,Left,Pressed,file system
1568634946.2470002,1799,272,None,Drag,file system
1568634946.255,1800,275,None,Drag,file system
1568634946.264,1800,278,None,Drag,file system
1568634946.271,1800,283,None,Drag,file system
1568634946.28,1800,286,None,Drag,file system
1568634946.2870002,1800,291,None,Drag,file system
1568634946.296,1793,300,None,Drag,file system
1568634946.303,1789,308,None,Drag,file system
1568634946.311,1782,320,None,Drag,file system
1568634946.319,1776,327,None,Drag,file system
1568634946.327,1769,337,None,Drag,file system
1568634946.335,1764,344,None,Drag,file system
1568634946.343,1759,352,None,Drag,file system
1568634946.351,1755,358,None,Drag,file system
1568634946.359,1753,361,None,Drag,file system
1568634946.367,1751,364,None,Drag,file system
1568634946.375,1750,366,None,Drag,file system
1568634946.383,1750,367,None,Drag,file system
1568634946.383,1750,367,Left,Released,file system
1568634946.471,1748,367,None,Move,file system
1568634946.479,1747,367,None,Move,file system
1568634946.4870002,1747,365,None,Move,file system
1568634946.5029998,1746,363,None,Move,file system
1568634946.5110002,1746,361,None,Move,file system
1568634946.519,1746,360,None,Move,file system
1568634946.5270002,1746,358,None,Move,file system
1568634946.535,1746,357,None,Move,file system
1568634946.552,1749,356,None,Move,file system
1568634946.56,1752,355,None,Move,file system
1568634946.5679998,1756,355,None,Move,file system
1568634946.576,1760,352,None,Move,file system
1568634946.584,1761,351,None,Move,file system
1568634946.592,1763,351,None,Move,file system
1568634946.6,1766,351,None,Move,file system
1568634946.607,1769,351,None,Move,file system
1568634946.615,1771,352,None,Move,file system
1568634946.631,1771,352,None,Move,file system
1568634946.647,1771,353,None,Move,file system
1568634946.98,1771,354,None,Move,file system
1568634946.9989998,1771,354,None,Move,file system
1568634947.0,1771,353,None,Move,file system
1568634947.01,1772,353,None,Move,file system
1568634947.021,1772,352,None,Move,file system
1568634947.03,1772,350,None,Move,file system
1568634947.04,1771,349,None,Move,file system
1568634947.05,1768,346,None,Move,file system
1568634947.06,1763,343,None,Move,file system
1568634947.07,1761,340,None,Move,file system
1568634947.08,1756,335,None,Move,file system
1568634947.09,1753,335,None,Move,file system
1568634947.1,1753,332,None,Move,file system
1568634947.11,1752,332,None,Move,file system
1568634947.12,1751,329,None,Move,file system
1568634947.135,1749,326,None,Move,file system
1568634947.14,1749,325,None,Move,file system
1568634947.15,1748,322,None,Move,file system
1568634947.16,1748,319,None,Move,file system
1568634947.17,1748,318,None,Move,file system
1568634947.181,1746,317,None,Move,file system
1568634947.19,1746,314,None,Move,file system
1568634947.199,1746,311,None,Move,file system
1568634947.2,1745,309,None,Move,file system
1568634947.21,1745,308,None,Move,file system
1568634947.22,1745,307,None,Move,file system
1568634947.23,1745,307,None,Move,file system
1568634947.25,1745,303,None,Move,file system
1568634947.28,1745,302,None,Move,file system
1568634947.3,1745,300,None,Move,file system
1568634947.331,1745,299,None,Move,file system
1568634947.399,1744,299,None,Move,file system
1568634947.4,1744,298,None,Move,file system
1568634947.411,1744,297,None,Move,file system
1568634947.431,1744,295,None,Move,file system
1568634947.488,1744,294,None,Move,file system
1568634947.815,1750,293,Left,Pressed,file system
1568634947.816,1750,293,None,Drag,file system
1568634947.824,1765,291,None,Drag,file system
1568634947.832,1787,285,None,Drag,file system
1568634947.839,1818,282,None,Drag,file system
1568634947.8479998,1847,275,None,Drag,file system
1568634947.855,1875,272,None,Drag,file system
1568634947.863,1904,269,None,Drag,file system
1568634947.871,1930,263,None,Drag,file system
1568634947.88,1951,260,None,Drag,file system
1568634947.887,1974,257,None,Drag,file system
1568634947.896,1987,255,None,Drag,file system
1568634947.903,1996,253,None,Drag,file system
1568634947.911,1999,253,None,Drag,file system
1568634947.919,2001,252,None,Drag,file system
1568634948.0,2001,251,None,Drag,file system
1568634948.0,2001,251,Left,Released,file system
1568634948.135,2000,250,None,Move,file system
1568634948.143,1995,250,None,Move,file system
1568634948.151,1984,251,None,Move,file system
1568634948.159,1972,253,None,Move,file system
1568634948.167,1962,256,None,Move,file system
1568634948.175,1948,260,None,Move,file system
1568634948.1829998,1933,263,None,Move,file system
1568634948.191,1920,266,None,Move,file system
1568634948.199,1907,269,None,Move,file system
1568634948.207,1890,274,None,Move,file system
1568634948.215,1876,277,None,Move,file system
1568634948.2229998,1857,279,None,Move,file system
1568634948.231,1837,282,None,Move,file system
1568634948.2389998,1820,282,None,Move,file system
1568634948.2470002,1800,283,None,Move,file system
1568634948.255,1787,284,None,Move,file system
1568634948.2629998,1775,286,None,Move,file system
1568634948.271,1764,289,None,Move,file system
1568634948.279,1756,289,None,Move,file system
1568634948.2870002,1749,291,None,Move,file system
1568634948.295,1745,291,None,Move,file system
1568634948.303,1742,291,None,Move,file system
1568634948.311,1741,291,None,Move,file system
1568634948.319,1739,291,None,Move,file system
1568634948.327,1738,291,None,Move,file system
1568634948.335,1736,291,None,Move,file system
1568634948.344,1735,289,None,Move,file system
1568634948.351,1735,288,None,Move,file system
1568634948.359,1735,287,None,Move,file system
1568634948.367,1735,286,None,Move,file system
1568634948.3920002,1734,283,None,Move,file system
1568634948.4,1733,283,None,Move,file system
1568634948.408,1733,282,None,Move,file system
1568634948.416,1733,280,None,Move,file system
1568634948.424,1733,277,None,Move,file system
1568634948.4320002,1733,276,None,Move,file system
1568634948.44,1733,275,None,Move,file system
1568634948.448,1733,274,None,Move,file system
1568634948.455,1733,272,None,Move,file system
1568634948.464,1733,271,None,Move,file system
1568634948.471,1733,270,None,Move,file system
1568634948.48,1733,268,None,Move,file system
1568634948.4870002,1733,267,None,Move,file system
1568634948.496,1733,266,None,Move,file system
1568634948.5029998,1732,264,None,Move,file system
1568634948.5110002,1732,263,None,Move,file system
1568634948.519,1731,263,None,Move,file system
1568634948.5270002,1731,262,None,Move,file system
1568634948.6,1731,261,None,Move,file system
1568634948.61,1731,260,None,Move,file system
1568634948.625,1730,257,None,Move,file system
1568634948.63,1730,257,None,Move,file system
1568634948.64,1729,256,None,Move,file system
1568634948.651,1728,256,None,Move,file system
1568634948.66,1728,254,None,Move,file system
1568634948.67,1728,252,None,Move,file system
1568634948.68,1727,250,None,Move,file system
1568634948.69,1726,248,None,Move,file system
1568634948.7,1726,248,None,Move,file system
1568634948.711,1726,246,None,Move,file system
1568634948.72,1726,245,None,Move,file system
1568634948.73,1726,244,None,Move,file system
1568634948.75,1726,243,None,Move,file system
1568634948.76,1726,241,None,Move,file system
1568634948.771,1726,240,None,Move,file system
1568634948.79,1726,239,None,Move,file system
1568634948.8070002,1726,238,None,Move,file system
1568634948.82,1726,237,None,Move,file system
1568634948.83,1726,236,None,Move,file system
1568634948.84,1726,234,None,Move,file system
1568634948.85,1727,233,None,Move,file system
1568634948.86,1727,233,None,Move,file system
1568634948.931,1728,232,None,Move,file system
1568634948.94,1730,232,None,Move,file system
1568634948.95,1737,236,None,Move,file system
1568634948.96,1770,250,None,Move,file system
1568634948.971,1796,256,None,Move,file system
1568634948.98,1817,265,None,Move,file system
1568634948.99,1852,273,None,Move,file system
1568634949.0070002,1875,281,None,Move,file system
1568634949.01,1893,287,None,Move,file system
1568634949.02,1906,291,None,Move,file system
1568634949.03,1917,295,None,Move,file system
1568634949.04,1926,298,None,Move,file system
1568634949.05,1935,300,None,Move,file system
1568634949.151,1935,301,None,Move,file system
1568634949.327,1934,302,None,Move,file system
1568634949.335,1921,301,None,Move,file system
1568634949.343,1905,299,None,Move,file system
1568634949.351,1885,296,None,Move,file system
1568634949.359,1868,296,None,Move,file system
1568634949.367,1854,296,None,Move,file system
1568634949.375,1840,296,None,Move,file system
1568634949.383,1830,294,None,Move,file system
1568634949.391,1819,292,None,Move,file system
1568634949.399,1810,290,None,Move,file system
1568634949.407,1805,290,None,Move,file system
1568634949.416,1800,287,None,Move,file system
1568634949.423,1800,286,None,Move,file system
1568634949.448,1799,286,None,Move,file system
1568634949.5270002,1799,283,None,Move,file system
1568634949.544,1799,282,None,Move,file system
1568634949.551,1799,280,None,Move,file system
1568634949.559,1799,279,None,Move,file system
1568634949.5670002,1799,278,None,Move,file system
1568634949.575,1799,277,None,Move,file system
1568634949.583,1798,275,None,Move,file system
1568634949.6,1798,274,None,Move,file system
1568634949.687,1798,273,None,Move,file system
1568634949.711,1798,271,None,Move,file system
1568634949.719,1797,269,None,Move,file system
1568634949.735,1796,269,None,Move,file system
1568634949.7589998,1796,268,None,Move,file system
1568634949.7670002,1796,267,None,Move,file system
1568634949.855,1797,267,Left,Pressed,file system
1568634949.855,1797,267,None,Drag,file system
1568634949.863,1805,270,None,Drag,file system
1568634949.871,1816,272,None,Drag,file system
1568634949.879,1828,275,None,Drag,file system
1568634949.887,1837,276,None,Drag,file system
1568634949.895,1847,278,None,Drag,file system
1568634949.904,1858,282,None,Drag,file system
1568634949.911,1870,285,None,Drag,file system
1568634949.92,1884,289,None,Drag,file system
1568634949.927,1898,294,None,Drag,file system
1568634949.936,1913,297,None,Drag,file system
1568634949.944,1930,302,None,Drag,file system
1568634949.951,1944,306,None,Drag,file system
1568634949.96,1955,309,None,Drag,file system
1568634949.968,1965,312,None,Drag,file system
1568634949.976,1967,312,None,Drag,file system
1568634949.984,1971,312,None,Drag,file system
1568634949.992,1972,313,None,Drag,file system
1568634950.119,1973,314,None,Drag,file system
1568634950.143,1974,315,None,Drag,file system
1568634950.151,1979,315,None,Drag,file system
1568634950.159,1987,315,None,Drag,file system
1568634950.167,2006,318,None,Drag,file system
1568634950.175,2021,320,None,Drag,file system
1568634950.1829998,2041,320,None,Drag,file system
1568634950.191,2060,320,None,Drag,file system
1568634950.199,2076,320,None,Drag,file system
1568634950.207,2086,320,None,Drag,file system
1568634950.215,2092,320,None,Drag,file system
1568634950.2229998,2095,320,None,Drag,file system
1568634950.231,2097,320,None,Drag,file system
1568634950.3760002,2097,320,None,Drag,file system
1568634950.4,2097,322,None,Drag,file system
1568634950.439,2097,323,None,Drag,file system
1568634950.448,2096,325,None,Drag,file system
1568634950.455,2094,326,None,Drag,file system
1568634950.4629998,2092,327,None,Drag,file system
1568634950.471,2088,330,None,Drag,file system
1568634950.479,2082,334,None,Drag,file system
1568634950.4870002,2076,338,None,Drag,file system
1568634950.495,2071,341,None,Drag,file system
1568634950.5029998,2063,345,None,Drag,file system
1568634950.5110002,2054,349,None,Drag,file system
1568634950.519,2045,353,None,Drag,file system
1568634950.5270002,2037,358,None,Drag,file system
1568634950.535,2034,362,None,Drag,file system
1568634950.543,2029,366,None,Drag,file system
1568634950.551,2024,368,None,Drag,file system
1568634950.559,2023,369,None,Drag,file system
1568634950.5670002,2022,369,None,Drag,file system
1568634950.5670002,2022,369,Left,Released,file system
1568634950.663,2022,369,None,Move,file system
1568634950.68,2022,369,None,Move,file system
1568634950.712,2022,368,None,Move,file system
1568634950.72,2021,367,None,Move,file system
1568634950.736,2021,366,None,Move,file system
1568634950.76,2021,365,None,Move,file system
1568634951.4320002,2026,367,None,Move,file system
1568634951.44,2036,369,None,Move,file system
1568634951.447,2040,371,None,Move,file system
1568634951.456,2043,371,None,Move,file system
1568634951.4629998,2046,371,None,Move,file system
1568634951.472,2047,371,None,Move,file system
1568634951.479,2052,372,None,Move,file system
1568634951.4870002,2054,372,None,Move,file system
1568634951.495,2057,372,None,Move,file system
1568634951.5029998,2062,372,None,Move,file system
1568634951.5110002,2065,372,None,Move,file system
1568634951.519,2072,372,None,Move,file system
1568634951.5270002,2076,372,None,Move,file system
1568634951.535,2080,372,None,Move,file system
1568634951.543,2083,372,None,Move,file system
1568634951.551,2085,372,None,Move,file system
1568634951.559,2090,372,None,Move,file system
1568634951.5670002,2095,372,None,Move,file system
1568634951.575,2104,369,None,Move,file system
1568634951.583,2113,365,None,Move,file system
1568634951.591,2123,360,None,Move,file system
1568634951.599,2134,356,None,Move,file system
1568634951.607,2143,352,None,Move,file system
1568634951.615,2151,348,None,Move,file system
1568634951.623,2159,345,None,Move,file system
1568634951.63,2164,345,None,Move,file system
1568634951.64,2167,341,None,Move,file system
1568634951.65,2169,340,None,Move,file system
1568634951.661,2171,339,None,Move,file system
1568634951.7510002,2172,337,None,Move,file system
1568634951.76,2172,336,None,Move,file system
1568634951.77,2174,335,None,Move,file system
1568634951.79,2175,333,None,Move,file system
1568634951.91,2176,332,None,Move,file system
1568634951.92,2183,328,None,Move,file system
1568634951.93,2191,324,None,Move,file system
1568634951.94,2196,322,None,Move,file system
1568634951.95,2202,318,None,Move,file system
1568634951.96,2219,311,None,Move,file system
1568634951.97,2222,310,None,Move,file system
1568634951.98,2225,309,None,Move,file system
1568634951.9910002,2227,307,None,Move,file system
1568634952.0,2230,305,None,Move,file system
1568634952.01,2232,305,None,Move,file system
1568634952.19,2232,304,None,Move,file system
1568634952.2,2234,303,None,Move,file system
1568634952.408,2234,302,None,Move,file system
1568634952.496,2226,301,Left,Pressed,file system
1568634952.496,2226,301,None,Drag,file system
1568634952.504,2213,301,None,Drag,file system
1568634952.512,2198,301,None,Drag,file system
1568634952.52,2186,305,None,Drag,file system
1568634952.5270002,2172,309,None,Drag,file system
1568634952.535,2160,315,None,Drag,file system
1568634952.543,2153,318,None,Drag,file system
1568634952.551,2143,322,None,Drag,file system
1568634952.559,2135,326,None,Drag,file system
1568634952.5670002,2129,328,None,Drag,file system
1568634952.575,2124,330,None,Drag,file system
1568634952.583,2119,330,None,Drag,file system
1568634952.591,2116,330,None,Drag,file system
1568634952.599,2113,330,None,Drag,file system
1568634952.607,2107,332,None,Drag,file system
1568634952.615,2102,332,None,Drag,file system
1568634952.6239998,2099,332,None,Drag,file system
1568634952.6320002,2094,332,None,Drag,file system
1568634952.64,2089,332,None,Drag,file system
1568634952.647,2081,332,None,Drag,file system
1568634952.656,2075,332,None,Drag,file system
1568634952.664,2070,332,None,Drag,file system
1568634952.671,2059,332,None,Drag,file system
1568634952.679,2052,332,None,Drag,file system
1568634952.688,2044,332,None,Drag,file system
1568634952.695,2036,334,None,Drag,file system
1568634952.7029998,2029,334,None,Drag,file system
1568634952.711,2019,334,None,Drag,file system
1568634952.719,2010,336,None,Drag,file system
1568634952.7270002,2007,338,None,Drag,file system
1568634952.735,2006,338,None,Drag,file system
1568634952.744,2003,338,None,Drag,file system
1568634952.7510002,2002,338,None,Drag,file system
1568634952.832,2000,339,None,Drag,file system
1568634952.84,1999,341,None,Drag,file system
1568634952.855,1998,341,None,Drag,file system
1568634952.856,1996,342,None,Drag,file system
1568634952.863,1995,342,None,Drag,file system
1568634952.871,1992,344,None,Drag,file system
1568634952.879,1989,344,None,Drag,file system
1568634952.887,1987,345,None,Drag,file system
1568634952.895,1984,345,None,Drag,file system
1568634952.903,1981,347,None,Drag,file system
1568634952.911,1980,347,None,Drag,file system
1568634953.0070002,1979,347,None,Drag,file system
1568634953.015,1977,347,None,Drag,file system
1568634953.0229998,1977,347,None,Drag,file system
1568634953.031,1975,344,None,Drag,file system
1568634953.031,1975,344,Left,Released,file system
1568634953.039,1974,340,None,Move,file system
1568634953.0470002,1974,336,None,Move,file system
1568634953.055,1972,332,None,Move,file system
1568634953.063,1972,327,None,Move,file system
1568634953.071,1970,321,None,Move,file system
1568634953.079,1970,316,None,Move,file system
1568634953.087,1967,309,None,Move,file system
1568634953.095,1966,304,None,Move,file system
1568634953.103,1966,299,None,Move,file system
1568634953.111,1964,293,None,Move,file system
1568634953.119,1962,287,None,Move,file system
1568634953.127,1962,284,None,Move,file system
1568634953.135,1962,281,None,Move,file system
1568634953.143,1960,276,None,Move,file system
1568634953.1520002,1960,273,None,Move,file system
1568634953.16,1960,270,None,Move,file system
1568634953.168,1960,267,None,Move,file system
1568634953.176,1960,266,None,Move,file system
1568634953.184,1960,263,None,Move,file system
1568634953.1920002,1960,260,None,Move,file system
1568634953.2,1960,258,None,Move,file system
1568634953.208,1960,255,None,Move,file system
1568634953.216,1960,254,None,Move,file system
1568634953.224,1960,253,None,Move,file system
1568634953.232,1960,252,None,Move,file system
1568634953.24,1960,250,None,Move,file system
1568634953.2470002,1960,249,None,Move,file system
1568634953.256,1961,246,None,Move,file system
1568634953.2629998,1961,245,None,Move,file system
1568634953.279,1961,243,None,Move,file system
1568634953.311,1961,242,None,Move,file system
1568634953.319,1962,241,None,Move,file system
1568634953.327,1962,241,None,Move,file system
1568634953.343,1963,239,None,Move,file system
1568634953.3520002,1963,238,None,Move,file system
1568634953.367,1964,236,None,Move,file system
1568634953.399,1965,236,None,Move,file system
1568634953.407,1966,235,None,Move,file system
1568634953.423,1966,234,None,Move,file system
1568634953.53,1968,234,None,Move,file system
1568634953.645,1969,234,None,Move,file system
1568634953.65,1970,235,None,Move,file system
1568634953.681,1970,238,None,Move,file system
1568634953.69,1970,241,None,Move,file system
1568634953.7,1968,245,None,Move,file system
1568634953.71,1962,249,None,Move,file system
1568634953.725,1946,257,None,Move,file system
1568634953.73,1935,263,None,Move,file system
1568634953.74,1928,266,None,Move,file system
1568634953.75,1917,270,None,Move,file system
1568634953.76,1903,276,None,Move,file system
1568634953.77,1897,280,None,Move,file system
1568634953.78,1890,282,None,Move,file system
1568634953.79,1881,285,None,Move,file system
1568634953.8,1863,291,None,Move,file system
1568634953.81,1852,293,None,Move,file system
1568634953.82,1843,295,None,Move,file system
1568634953.831,1837,296,None,Move,file system
1568634953.84,1823,301,None,Move,file system
1568634953.85,1817,303,None,Move,file system
1568634953.86,1813,305,None,Move,file system
1568634953.87,1810,307,None,Move,file system
1568634953.89,1804,309,None,Move,file system
1568634953.95,1802,310,None,Move,file system
1568634953.96,1797,314,None,Move,file system
1568634953.97,1794,316,None,Move,file system
1568634953.981,1790,318,None,Move,file system
1568634953.9910002,1787,319,None,Move,file system
1568634954.0,1782,322,None,Move,file system
1568634954.01,1780,324,None,Move,file system
1568634954.091,1779,324,None,Move,file system
1568634954.1260002,1780,324,None,Move,file system
1568634954.13,1791,324,None,Move,file system
1568634954.141,1802,320,None,Move,file system
1568634954.15,1814,317,None,Move,file system
1568634954.16,1839,309,None,Move,file system
1568634954.175,1856,307,None,Move,file system
1568634954.18,1874,304,None,Move,file system
1568634954.19,1892,302,None,Move,file system
1568634954.2,1912,297,None,Move,file system
1568634954.21,1915,296,None,Move,file system
1568634954.22,1916,295,None,Move,file system
1568634954.25,1916,294,None,Move,file system
1568634954.27,1918,292,None,Move,file system
1568634954.28,1920,290,None,Move,file system
1568634954.29,1924,288,None,Move,file system
1568634954.3,1925,287,None,Move,file system
1568634954.31,1926,286,None,Move,file system
1568634954.315,1927,284,None,Move,file system
1568634954.326,1929,284,None,Move,file system
1568634954.33,1930,282,None,Move,file system
1568634954.34,1931,281,None,Move,file system
1568634954.35,1931,280,None,Move,file system
1568634954.36,1932,280,None,Move,file system
1568634954.37,1934,276,None,Move,file system
1568634954.39,1936,273,None,Move,file system
1568634954.4,1939,269,None,Move,file system
1568634954.41,1941,268,None,Move,file system
1568634954.421,1941,266,None,Move,file system
1568634954.43,1944,263,None,Move,file system
1568634954.44,1947,261,None,Move,file system
1568634954.45,1948,259,None,Move,file system
1568634954.46,1949,258,None,Move,file system
1568634954.47,1950,257,None,Move,file system
1568634954.48,1951,257,None,Move,file system
1568634954.54,1952,257,None,Move,file system
1568634954.55,1952,256,None,Move,file system
1568634954.57,1956,254,None,Move,file system
1568634954.58,1956,254,None,Move,file system
1568634954.59,1958,252,None,Move,file system
1568634954.6,1960,252,None,Move,file system
1568634954.61,1962,251,None,Move,file system
1568634954.671,1964,250,None,Move,file system
1568634954.68,1964,249,None,Move,file system
1568634954.69,1965,249,None,Move,file system
1568634954.7,1966,248,None,Move,file system
1568634954.71,1968,246,None,Move,file system
1568634954.7270002,1969,245,None,Move,file system
1568634954.73,1972,244,None,Move,file system
1568634954.74,1972,242,None,Move,file system
1568634954.75,1972,242,None,Move,file system
1568634954.771,1975,241,None,Move,file system
1568634954.78,1975,240,None,Move,file system
1568634954.79,1976,239,None,Move,file system
1568634954.95,1977,239,None,Move,file system
1568634954.975,1978,240,None,Move,file system
1568634954.9989998,1979,242,None,Move,file system
1568634955.015,1979,243,None,Move,file system
1568634955.0229998,1979,245,None,Move,file system
1568634955.031,1979,246,None,Move,file system
1568634955.039,1979,247,None,Move,file system
1568634955.0470002,1979,248,None,Move,file system
1568634955.055,1979,251,None,Move,file system
1568634955.063,1979,253,None,Move,file system
1568634955.071,1979,256,None,Move,file system
1568634955.08,1979,259,None,Move,file system
1568634955.087,1979,260,None,Move,file system
1568634955.095,1978,263,None,Move,file system
1568634955.103,1978,266,None,Move,file system
1568634955.1120002,1978,271,None,Move,file system
1568634955.119,1978,272,None,Move,file system
1568634955.1279998,1978,276,None,Move,file system
1568634955.135,1978,279,None,Move,file system
1568634955.143,1981,284,None,Move,file system
1568634955.151,1984,287,None,Move,file system
1568634955.16,1996,293,None,Move,file system
1568634955.168,2009,296,None,Move,file system
1568634955.176,2028,300,None,Move,file system
1568634955.1829998,2049,303,None,Move,file system
1568634955.191,2067,305,None,Move,file system
1568634955.199,2079,305,None,Move,file system
1568634955.208,2091,305,None,Move,file system
1568634955.215,2102,305,None,Move,file system
1568634955.224,2113,305,None,Move,file system
1568634955.231,2125,307,None,Move,file system
1568634955.2389998,2135,310,None,Move,file system
1568634955.2470002,2145,310,None,Move,file system
1568634955.255,2156,312,None,Move,file system
1568634955.2629998,2168,313,None,Move,file system
1568634955.271,2178,314,None,Move,file system
1568634955.279,2183,314,None,Move,file system
1568634955.2870002,2190,316,None,Move,file system
1568634955.295,2192,316,None,Move,file system
1568634955.303,2195,316,None,Move,file system
1568634955.311,2196,317,None,Move,file system
1568634955.327,2196,317,None,Move,file system
1568634955.383,2197,318,None,Move,file system
1568634955.391,2197,319,None,Move,file system
1568634955.399,2198,320,None,Move,file system
1568634955.408,2202,322,None,Move,file system
1568634955.415,2203,323,None,Move,file system
1568634955.423,2204,324,None,Move,file system
1568634955.4320002,2204,325,None,Move,file system
1568634955.44,2205,325,None,Move,file system
1568634955.456,2205,326,None,Move,file system
1568634955.5110002,2205,326,None,Move,file system
1568634955.519,2207,329,None,Move,file system
1568634955.5270002,2208,330,None,Move,file system
1568634955.536,2209,330,None,Move,file system
1568634955.544,2210,332,None,Move,file system
1568634955.552,2212,334,None,Move,file system
1568634955.56,2214,335,None,Move,file system
1568634955.5670002,2215,339,None,Move,file system
1568634955.576,2218,341,None,Move,file system
1568634955.583,2221,344,None,Move,file system
1568634955.592,2227,348,None,Move,file system
1568634955.599,2233,352,None,Move,file system
1568634955.607,2239,356,None,Move,file system
1568634955.615,2246,360,None,Move,file system
1568634955.623,2251,362,None,Move,file system
1568634955.631,2257,366,None,Move,file system
1568634955.639,2261,370,None,Move,file system
1568634955.647,2268,373,None,Move,file system
1568634955.655,2272,376,None,Move,file system
1568634955.663,2278,378,None,Move,file system
1568634955.671,2281,378,None,Move,file system
1568634955.679,2284,378,None,Move,file system
1568634955.687,2286,378,None,Move,file system
1568634955.695,2287,379,None,Move,file system
1568634955.871,2288,379,None,Move,file system
1568634955.879,2289,379,None,Move,file system
1568634955.887,2289,379,None,Move,file system
1568634955.896,2291,378,None,Move,file system
1568634955.903,2292,378,None,Move,file system
1568634955.911,2293,376,None,Move,file system
1568634955.919,2296,376,None,Move,file system
1568634955.928,2298,375,None,Move,file system
1568634955.944,2299,375,None,Move,file system
1568634955.952,2300,375,None,Move,file system
1568634955.96,2301,375,None,Move,file system
1568634955.968,2303,375,None,Move,file system
1568634955.976,2303,374,None,Move,file system
1568634956.08,2304,374,None,Move,file system
1568634956.119,2304,373,None,Move,file system
1568634956.127,2306,372,None,Move,file system
1568634956.135,2306,372,None,Move,file system
1568634956.143,2308,371,None,Move,file system
1568634956.151,2309,370,None,Move,file system
1568634956.159,2309,370,None,Move,file system
1568634956.167,2310,369,None,Move,file system
1568634956.31,2311,369,None,Move,file system
1568634956.43,2312,369,None,Move,file system
1568634956.4320002,2314,367,None,Move,file system
1568634956.44,2316,367,None,Move,file system
1568634956.45,2320,365,None,Move,file system
1568634956.46,2326,363,None,Move,file system
1568634956.47,2332,359,None,Move,file system
1568634956.48,2339,356,None,Move,file system
1568634956.49,2342,356,None,Move,file system
1568634956.5,2342,355,None,Move,file system
1568634956.7510002,2342,354,None,Move,file system
1568634956.7589998,2342,353,None,Move,file system
1568634956.7670002,2342,351,None,Move,file system
1568634956.775,2342,348,None,Move,file system
1568634956.783,2342,345,None,Move,file system
1568634956.791,2342,342,None,Move,file system
1568634956.799,2342,338,None,Move,file system
1568634956.8070002,2339,334,None,Move,file system
1568634956.815,2338,330,None,Move,file system
1568634956.823,2336,327,None,Move,file system
1568634956.831,2334,324,None,Move,file system
1568634956.84,2334,322,None,Move,file system
1568634956.8479998,2334,321,None,Move,file system
1568634956.855,2333,319,None,Move,file system
1568634956.8639998,2333,317,None,Move,file system
1568634956.8720002,2333,315,None,Move,file system
1568634956.88,2332,314,None,Move,file system
1568634956.8879998,2332,313,None,Move,file system
1568634956.896,2332,311,None,Move,file system
1568634956.9120002,2332,310,None,Move,file system
1568634956.92,2332,309,None,Move,file system
1568634956.928,2331,307,None,Move,file system
1568634956.935,2330,306,None,Move,file system
1568634956.944,2329,305,None,Move,file system
1568634956.96,2329,304,None,Move,file system
1568634956.9910002,2329,302,None,Move,file system
1568634956.9989998,2329,301,None,Move,file system
1568634957.0229998,2329,300,None,Move,file system
1568634957.031,2329,298,None,Move,file system
1568634957.0470002,2329,297,None,Move,file system
1568634957.055,2329,296,None,Move,file system
1568634957.399,2329,296,Left,Pressed,file system
1568634957.399,2329,296,None,Drag,file system
1568634957.407,2328,298,None,Drag,file system
1568634957.415,2325,302,None,Drag,file system
1568634957.423,2321,305,None,Drag,file system
1568634957.431,2313,310,None,Drag,file system
1568634957.439,2307,314,None,Drag,file system
1568634957.447,2298,318,None,Drag,file system
1568634957.455,2295,322,None,Drag,file system
1568634957.4629998,2281,326,None,Drag,file system
1568634957.471,2265,334,None,Drag,file system
1568634957.479,2251,339,None,Drag,file system
1568634957.4870002,2244,339,None,Drag,file system
1568634957.495,2236,339,None,Drag,file system
1568634957.5029998,2220,341,None,Drag,file system
1568634957.5110002,2211,341,None,Drag,file system
1568634957.519,2198,346,None,Drag,file system
1568634957.5270002,2178,346,None,Drag,file system
1568634957.535,2155,348,None,Drag,file system
1568634957.543,2133,348,None,Drag,file system
1568634957.551,2109,348,None,Drag,file system
1568634957.56,2079,348,None,Drag,file system
1568634957.5670002,2054,348,None,Drag,file system
1568634957.575,2030,348,None,Drag,file system
1568634957.584,2018,348,None,Drag,file system
1568634957.592,1996,348,None,Drag,file system
1568634957.6,1974,348,None,Drag,file system
1568634957.607,1955,348,None,Drag,file system
1568634957.6160002,1940,348,None,Drag,file system
1568634957.6239998,1920,348,None,Drag,file system
1568634957.6320002,1902,347,None,Drag,file system
1568634957.64,1884,344,None,Drag,file system
1568634957.6479998,1866,342,None,Drag,file system
1568634957.656,1853,340,None,Drag,file system
1568634957.664,1839,335,None,Drag,file system
1568634957.6720002,1829,333,None,Drag,file system
1568634957.679,1820,331,None,Drag,file system
1568634957.687,1814,327,None,Drag,file system
1568634957.696,1812,326,None,Drag,file system
1568634957.7029998,1810,325,None,Drag,file system
1568634957.711,1809,323,None,Drag,file system
1568634957.72,1809,322,None,Drag,file system
1568634957.7270002,1807,320,None,Drag,file system
1568634957.735,1806,317,None,Drag,file system
1568634957.7510002,1805,315,None,Drag,file system
1568634957.7589998,1801,312,None,Drag,file system
1568634957.7670002,1796,310,None,Drag,file system
1568634957.775,1788,308,None,Drag,file system
1568634957.783,1780,305,None,Drag,file system
1568634957.791,1774,304,None,Drag,file system
1568634957.799,1769,301,None,Drag,file system
1568634957.8070002,1769,300,None,Drag,file system
1568634957.815,1767,300,None,Drag,file system
1568634957.8879998,1767,298,None,Drag,file system
1568634957.895,1767,297,None,Drag,file system
1568634957.903,1767,296,None,Drag,file system
1568634957.911,1767,294,None,Drag,file system
1568634957.919,1767,293,None,Drag,file system
1568634957.928,1765,292,None,Drag,file system
1568634957.952,1765,290,None,Drag,file system
1568634957.959,1765,289,None,Drag,file system
1568634957.976,1765,288,None,Drag,file system
1568634957.992,1764,285,None,Drag,file system
1568634958.0,1764,282,None,Drag,file system
1568634958.0,1764,282,Left,Released,file system
1568634958.008,1764,280,None,Move,file system
1568634958.024,1764,280,None,Move,file system
1568634958.04,1767,280,None,Move,file system
1568634958.0470002,1772,280,None,Move,file system
1568634958.055,1781,276,None,Move,file system
1568634958.063,1787,274,None,Move,file system
1568634958.071,1791,274,None,Move,file system
1568634958.079,1799,274,None,Move,file system
1568634958.087,1807,274,None,Move,file system
1568634958.095,1815,274,None,Move,file system
1568634958.103,1820,274,None,Move,file system
1568634958.111,1823,274,None,Move,file system
1568634958.119,1824,273,None,Move,file system
1568634958.207,1824,271,None,Move,file system
1568634958.327,1825,271,None,Move,file system
1568634958.423,1826,270,Left,Pressed,file system
1568634958.423,1826,270,None,Drag,file system
1568634958.431,1827,270,None,Drag,file system
1568634958.439,1828,271,None,Drag,file system
1568634958.447,1829,273,None,Drag,file system
1568634958.455,1833,277,None,Drag,file system
1568634958.4629998,1839,281,None,Drag,file system
1568634958.471,1844,284,None,Drag,file system
1568634958.479,1854,289,None,Drag,file system
1568634958.4870002,1864,295,None,Drag,file system
1568634958.495,1875,303,None,Drag,file system
1568634958.5029998,1892,310,None,Drag,file system
1568634958.5110002,1912,319,None,Drag,file system
1568634958.519,1934,325,None,Drag,file system
1568634958.5270002,1958,331,None,Drag,file system
1568634958.535,1986,341,None,Drag,file system
1568634958.543,2000,341,None,Drag,file system
1568634958.551,2020,346,None,Drag,file system
1568634958.555,2054,353,None,Drag,file system
1568634958.56,2083,356,None,Drag,file system
1568634958.57,2111,359,None,Drag,file system
1568634958.58,2139,362,None,Drag,file system
1568634958.59,2157,365,None,Drag,file system
1568634958.6,2193,365,None,Drag,file system
1568634958.61,2205,365,None,Drag,file system
1568634958.62,2218,365,None,Drag,file system
1568634958.63,2231,365,None,Drag,file system
1568634958.641,2247,365,None,Drag,file system
1568634958.65,2250,365,None,Drag,file system
1568634958.66,2253,365,None,Drag,file system
1568634958.7670002,2255,365,None,Drag,file system
1568634958.863,2263,362,None,Drag,file system
1568634958.871,2275,362,None,Drag,file system
1568634958.879,2288,360,None,Drag,file system
1568634958.887,2302,357,None,Drag,file system
1568634958.895,2313,353,None,Drag,file system
1568634958.903,2324,351,None,Drag,file system
1568634958.911,2327,351,None,Drag,file system
1568634958.92,2330,351,None,Drag,file system
1568634958.927,2333,351,None,Drag,file system
1568634959.008,2333,350,None,Drag,file system
1568634959.032,2336,349,None,Drag,file system
1568634959.039,2344,347,None,Drag,file system
1568634959.043,2349,342,None,Drag,file system
1568634959.051,2356,339,None,Drag,file system
1568634959.061,2361,336,None,Drag,file system
1568634959.071,2364,334,None,Drag,file system
1568634959.08,2370,333,None,Drag,file system
1568634959.09,2373,331,None,Drag,file system
1568634959.09,2373,331,Left,Released,file system
1568634959.359,2373,331,None,Move,file system
1568634959.367,2369,331,None,Move,file system
1568634959.375,2362,331,None,Move,file system
1568634959.383,2355,331,None,Move,file system
1568634959.391,2348,331,None,Move,file system
1568634959.399,2345,331,None,Move,file system
1568634959.407,2338,331,None,Move,file system
1568634959.415,2333,331,None,Move,file system
1568634959.423,2327,331,None,Move,file system
1568634959.431,2324,331,None,Move,file system
1568634959.439,2319,331,None,Move,file system
1568634959.447,2316,331,None,Move,file system
1568634959.455,2313,331,None,Move,file system
1568634959.4629998,2307,331,None,Move,file system
1568634959.471,2303,331,None,Move,file system
1568634959.479,2298,331,None,Move,file system
1568634959.4870002,2292,331,None,Move,file system
1568634959.495,2287,331,None,Move,file system
1568634959.5029998,2281,331,None,Move,file system
1568634959.5110002,2276,329,None,Move,file system
1568634959.52,2270,329,None,Move,file system
1568634959.5270002,2262,327,None,Move,file system
1568634959.536,2256,327,None,Move,file system
1568634959.543,2251,325,None,Move,file system
1568634959.552,2243,325,None,Move,file system
1568634959.559,2237,323,None,Move,file system
1568634959.5679998,2229,323,None,Move,file system
1568634959.575,2223,321,None,Move,file system
1568634959.584,2220,321,None,Move,file system
1568634959.592,2217,320,None,Move,file system
1568634959.6,2216,320,None,Move,file system
1568634959.6079998,2215,319,None,Move,file system
1568634959.6160002,2214,319,None,Move,file system
1568634959.6320002,2214,318,None,Move,file system
1568634959.64,2213,317,None,Move,file system
1568634959.647,2213,315,None,Move,file system
1568634959.656,2212,315,None,Move,file system
1568634959.663,2211,314,None,Move,file system
1568634959.671,2210,313,None,Move,file system
1568634959.679,2208,312,None,Move,file system
1568634959.687,2207,311,None,Move,file system
1568634959.695,2205,309,None,Move,file system
1568634959.7029998,2204,308,None,Move,file system
1568634959.711,2202,307,None,Move,file system
1568634959.719,2200,306,None,Move,file system
1568634959.7270002,2200,305,None,Move,file system
1568634959.735,2198,304,None,Move,file system
1568634959.7429998,2197,303,None,Move,file system
1568634959.7589998,2196,300,None,Move,file system
1568634959.7670002,2196,300,None,Move,file system
1568634959.775,2194,299,None,Move,file system
1568634959.791,2192,298,None,Move,file system
1568634959.815,2192,297,None,Move,file system
1568634959.831,2191,295,None,Move,file system
1568634959.847,2191,295,None,Move,file system
1568634959.856,2191,293,None,Move,file system
1568634959.863,2190,292,None,Move,file system
1568634959.879,2189,291,None,Move,file system
1568634959.896,2188,290,None,Move,file system
1568634959.911,2188,289,None,Move,file system
1568634959.92,2188,288,None,Move,file system
1568634959.927,2187,288,None,Move,file system
1568634959.96,2187,287,None,Move,file system
1568634960.016,2182,286,None,Move,file system
1568634960.0229998,2176,284,None,Move,file system
1568634960.031,2170,282,None,Move,file system
1568634960.039,2162,280,None,Move,file system
1568634960.0470002,2160,280,None,Move,file system
1568634960.056,2156,278,None,Move,file system
1568634960.063,2152,277,None,Move,file system
1568634960.071,2149,277,None,Move,file system
1568634960.079,2149,276,None,Move,file system
1568634960.111,2147,275,None,Move,file system
1568634960.191,2147,272,None,Move,file system
1568634960.199,2145,271,None,Move,file system
1568634960.207,2145,270,None,Move,file system
1568634960.215,2144,270,None,Move,file system
1568634960.2229998,2143,269,None,Move,file system
1568634960.231,2142,268,None,Move,file system
1568634960.52,2142,267,Left,Pressed,file system
1568634960.52,2142,267,None,Drag,file system
1568634960.526,2139,267,None,Drag,file system
1568634960.531,2134,270,None,Drag,file system
1568634960.54,2129,271,None,Drag,file system
1568634960.55,2122,276,None,Drag,file system
1568634960.56,2103,283,None,Drag,file system
1568634960.576,2092,285,None,Drag,file system
1568634960.58,2086,285,None,Drag,file system
1568634960.59,2078,289,None,Drag,file system
1568634960.6,2059,291,None,Drag,file system
1568634960.61,2048,293,None,Drag,file system
1568634960.62,2037,296,None,Drag,file system
1568634960.63,2027,296,None,Drag,file system
1568634960.64,2000,298,None,Drag,file system
1568634960.65,1987,298,None,Drag,file system
1568634960.66,1971,298,None,Drag,file system
1568634960.67,1958,298,None,Drag,file system
1568634960.68,1931,298,None,Drag,file system
1568634960.69,1919,298,None,Drag,file system
1568634960.7,1909,298,None,Drag,file system
1568634960.71,1906,298,None,Drag,file system
1568634960.72,1896,298,None,Drag,file system
1568634960.73,1893,297,None,Drag,file system
1568634960.74,1891,297,None,Drag,file system
1568634960.75,1889,294,None,Drag,file system
1568634960.76,1879,292,None,Drag,file system
1568634960.775,1874,290,None,Drag,file system
1568634960.78,1871,290,None,Drag,file system
1568634960.79,1866,289,None,Drag,file system
1568634960.8,1863,287,None,Drag,file system
1568634960.82,1859,286,None,Drag,file system
1568634960.84,1859,286,None,Drag,file system
1568634960.85,1859,285,None,Drag,file system
1568634960.86,1858,284,None,Drag,file system
1568634960.87,1853,282,None,Drag,file system
1568634960.88,1843,276,None,Drag,file system
1568634960.89,1837,272,None,Drag,file system
1568634960.9,1833,270,None,Drag,file system
1568634960.91,1830,268,None,Drag,file system
1568634960.92,1827,267,None,Drag,file system
1568634960.935,1827,266,None,Drag,file system
1568634961.07,1827,265,None,Drag,file system
1568634961.155,1824,263,None,Drag,file system
1568634961.165,1824,262,None,Drag,file system
1568634961.165,1824,262,Left,Released,file system
1568634961.23,1826,262,None,Move,file system
1568634961.235,1833,261,None,Move,file system
1568634961.24,1838,260,None,Move,file system
1568634961.2510002,1848,260,None,Move,file system
1568634961.26,1863,260,None,Move,file system
1568634961.27,1879,260,None,Move,file system
1568634961.285,1904,260,None,Move,file system
1568634961.295,1914,260,None,Move,file system
1568634961.3,1923,260,None,Move,file system
1568634961.31,1931,261,None,Move,file system
1568634961.325,1950,267,None,Move,file system
1568634961.335,1961,269,None,Move,file system
1568634961.34,1972,274,None,Move,file system
1568634961.351,1982,277,None,Move,file system
1568634961.365,2005,280,None,Move,file system
1568634961.37,2014,281,None,Move,file system
1568634961.38,2028,285,None,Move,file system
1568634961.39,2042,285,None,Move,file system
1568634961.4,2066,287,None,Move,file system
1568634961.415,2077,287,None,Move,file system
1568634961.42,2085,287,None,Move,file system
1568634961.43,2090,287,None,Move,file system
1568634961.44,2096,287,None,Move,file system
1568634961.52,2098,287,None,Move,file system
1568634961.5270002,2103,287,None,Move,file system
1568634961.544,2109,287,None,Move,file system
1568634961.551,2113,287,None,Move,file system
1568634961.56,2115,287,None,Move,file system
1568634961.5679998,2116,287,None,Move,file system
1568634961.576,2119,287,None,Move,file system
1568634961.6,2120,287,None,Move,file system
1568634961.6320002,2120,287,None,Move,file system
1568634961.647,2123,285,None,Move,file system
1568634961.656,2124,285,None,Move,file system
1568634961.663,2126,284,None,Move,file system
1568634961.671,2127,284,None,Move,file system
1568634961.679,2130,282,None,Move,file system
1568634961.687,2132,282,None,Move,file system
1568634961.695,2135,281,None,Move,file system
1568634961.704,2139,281,None,Move,file system
1568634961.711,2141,279,None,Move,file system
1568634961.719,2142,279,None,Move,file system
1568634961.7670002,2143,279,None,Move,file system
1568634961.903,2143,278,None,Move,file system
1568634961.92,2144,278,None,Move,file system
1568634962.5029998,2144,279,Left,Pressed,file system
1568634962.5029998,2144,279,None,Drag,file system
1568634962.5110002,2143,284,None,Drag,file system
1568634962.528,2133,298,None,Drag,file system
1568634962.535,2129,303,None,Drag,file system
1568634962.543,2120,312,None,Drag,file system
1568634962.551,2113,320,None,Drag,file system
1568634962.559,2105,329,None,Drag,file system
1568634962.5670002,2096,338,None,Drag,file system
1568634962.575,2090,343,None,Drag,file system
1568634962.583,2114,312,None,Drag,file system
1568634962.591,2140,279,None,Drag,file system
1568634962.599,2132,283,None,Drag,file system
1568634962.607,2121,285,None,Drag,file system
1568634962.6120002,2106,290,None,Drag,file system
1568634962.62,2089,295,None,Drag,file system
1568634962.63,2081,298,None,Drag,file system
1568634962.64,2071,301,None,Drag,file system
1568634962.64,2062,305,None,Drag,file system
1568634962.65,2059,307,None,Drag,file system
1568634962.66,2053,309,None,Drag,file system
1568634962.67,2050,309,None,Drag,file system
1568634962.675,2047,310,None,Drag,file system
1568634962.68,2044,312,None,Drag,file system
1568634962.69,2043,312,None,Drag,file system
1568634962.7,2040,312,None,Drag,file system
1568634962.71,2038,314,None,Drag,file system
1568634962.714,2037,314,None,Drag,file system
1568634962.72,2035,315,None,Drag,file system
1568634962.731,2031,316,None,Drag,file system
1568634962.74,2031,316,None,Drag,file system
1568634962.75,2027,317,None,Drag,file system
1568634962.758,2025,319,None,Drag,file system
1568634962.76,2022,321,None,Drag,file system
1568634962.77,2017,324,None,Drag,file system
1568634962.78,2015,325,None,Drag,file system
1568634962.79,2015,326,None,Drag,file system
1568634962.8,2011,329,None,Drag,file system
1568634962.81,2008,330,None,Drag,file system
1568634962.82,2003,332,None,Drag,file system
1568634962.83,1998,336,None,Drag,file system
1568634962.84,1989,339,None,Drag,file system
1568634962.85,1983,341,None,Drag,file system
1568634962.86,1977,343,None,Drag,file system
1568634962.87,1973,346,None,Drag,file system
1568634962.88,1962,351,None,Drag,file system
1568634962.89,1959,352,None,Drag,file system
1568634962.9,1957,354,None,Drag,file system
1568634962.91,1954,355,None,Drag,file system
1568634962.94,1952,357,None,Drag,file system
1568634962.96,1952,359,None,Drag,file system
1568634962.97,1952,359,None,Drag,file system
1568634962.98,1950,360,None,Drag,file system
1568634962.99,1946,362,None,Drag,file system
1568634963.0,1939,364,None,Drag,file system
1568634963.01,1935,366,None,Drag,file system
1568634963.02,1930,368,None,Drag,file system
1568634963.031,1926,369,None,Drag,file system
1568634963.031,1926,369,Left,Released,file system
1568634963.09,1923,369,None,Move,file system
1568634963.101,1921,369,None,Move,file system
1568634963.1120002,1919,369,None,Move,file system
1568634963.12,1919,367,None,Move,file system
1568634963.13,1919,364,None,Move,file system
1568634963.141,1925,359,None,Move,file system
1568634963.15,1934,356,None,Move,file system
1568634963.159,1944,351,None,Move,file system
1568634963.16,1960,345,None,Move,file system
1568634963.171,1974,336,None,Move,file system
1568634963.18,1994,327,None,Move,file system
1568634963.19,2010,316,None,Move,file system
1568634963.2,2042,298,None,Move,file system
1568634963.21,2058,287,None,Move,file system
1568634963.22,2068,280,None,Move,file system
1568634963.23,2078,274,None,Move,file system
1568634963.24,2093,260,None,Move,file system
1568634963.25,2098,256,None,Move,file system
1568634963.2629998,2100,253,None,Move,file system
1568634963.271,2103,248,None,Move,file system
1568634963.279,2104,246,None,Move,file system
1568634963.2870002,2106,244,None,Move,file system
1568634963.295,2108,243,None,Move,file system
1568634963.303,2111,239,None,Move,file system
1568634963.311,2113,237,None,Move,file system
1568634963.319,2115,236,None,Move,file system
1568634963.327,2116,234,None,Move,file system
1568634963.335,2119,233,None,Move,file system
1568634963.344,2122,231,None,Move,file system
1568634963.351,2124,230,None,Move,file system
1568634963.36,2125,228,None,Move,file system
1568634963.367,2128,227,None,Move,file system
1568634963.375,2128,227,None,Move,file system
1568634963.383,2131,227,None,Move,file system
1568634963.391,2134,227,None,Move,file system
1568634963.399,2135,225,None,Move,file system
1568634963.407,2137,224,None,Move,file system
1568634963.415,2140,222,None,Move,file system
1568634963.423,2142,220,None,Move,file system
1568634963.431,2147,215,None,Move,file system
1568634963.439,2150,214,None,Move,file system
1568634963.447,2156,212,None,Move,file system
1568634963.455,2161,209,None,Move,file system
1568634963.4629998,2161,208,None,Move,file system
1568634963.471,2163,208,None,Move,file system
1568634963.551,2164,208,None,Move,file system
1568634963.559,2167,208,None,Move,file system
1568634963.574,2167,209,None,Move,file system
1568634963.575,2168,211,None,Move,file system
1568634963.583,2171,215,None,Move,file system
1568634963.591,2171,217,None,Move,file system
1568634963.599,2172,220,None,Move,file system
1568634963.607,2174,223,None,Move,file system
1568634963.615,2174,227,None,Move,file system
1568634963.623,2174,233,None,Move,file system
1568634963.631,2174,237,None,Move,file system
1568634963.64,2174,242,None,Move,file system
1568634963.6479998,2174,245,None,Move,file system
1568634963.656,2174,248,None,Move,file system
1568634963.664,2174,250,None,Move,file system
1568634963.6720002,2174,253,None,Move,file system
1568634963.68,2174,254,None,Move,file system
1568634963.688,2174,255,None,Move,file system
1568634963.696,2174,256,None,Move,file system
1568634963.72,2174,258,None,Move,file system
1568634963.831,2174,259,None,Move,file system
1568634963.839,2173,260,None,Move,file system
1568634963.863,2173,261,None,Move,file system
1568634963.879,2172,262,None,Move,file system
1568634964.455,2172,263,Left,Pressed,file system
1568634964.456,2172,263,None,Drag,file system
1568634964.4629998,2172,264,None,Drag,file system
1568634964.783,2171,270,None,Drag,file system
1568634964.791,2168,274,None,Drag,file system
1568634964.806,2167,275,None,Drag,file system
1568634964.8070002,2164,280,None,Drag,file system
1568634964.815,2160,283,None,Drag,file system
1568634964.823,2154,290,None,Drag,file system
1568634964.831,2152,293,None,Drag,file system
1568634964.839,2151,295,None,Drag,file system
1568634964.847,2148,298,None,Drag,file system
1568634964.855,2148,299,None,Drag,file system
1568634964.863,2146,300,None,Drag,file system
1568634964.871,2145,302,None,Drag,file system
1568634964.871,2145,302,Left,Released,file system
1568634965.599,2144,302,None,Move,file system
1568634965.607,2140,302,None,Move,file system
1568634965.6160002,2134,298,None,Move,file system
1568634965.6239998,2129,295,None,Move,file system
1568634965.6320002,2127,294,None,Move,file system
1568634965.64,2122,292,None,Move,file system
1568634965.6479998,2121,290,None,Move,file system
1568634965.656,2119,287,None,Move,file system
1568634965.664,2119,285,None,Move,file system
1568634965.6720002,2116,282,None,Move,file system
1568634965.68,2115,281,None,Move,file system
1568634965.688,2113,279,None,Move,file system
1568634965.696,2110,276,None,Move,file system
1568634965.704,2108,274,None,Move,file system
1568634965.711,2106,271,None,Move,file system
1568634965.719,2106,270,None,Move,file system
1568634965.744,2105,268,None,Move,file system
1568634965.7510002,2105,268,None,Move,file system
1568634965.78,2105,266,None,Move,file system
1568634965.79,2103,265,None,Move,file system
1568634965.81,2103,262,None,Move,file system
1568634965.82,2102,261,None,Move,file system
1568634965.83,2102,259,None,Move,file system
1568634965.84,2101,257,None,Move,file system
1568634965.851,2101,257,None,Move,file system
1568634965.881,2101,256,None,Move,file system
1568634965.89,2101,254,None,Move,file system
1568634965.91,2101,253,None,Move,file system
1568634965.92,2101,251,None,Move,file system
1568634965.941,2099,249,None,Move,file system
1568634965.95,2099,246,None,Move,file system
1568634965.9729998,2099,243,None,Move,file system
1568634965.981,2098,242,None,Move,file system
1568634966.0070002,2098,240,None,Move,file system
1568634966.016,2098,239,None,Move,file system
1568634966.0229998,2098,238,None,Move,file system
1568634966.2,2099,241,Left,Pressed,file system
1568634966.2,2099,241,None,Drag,file system
1568634966.21,2103,245,None,Drag,file system
1568634966.221,2107,248,None,Drag,file system
1568634966.23,2114,254,None,Drag,file system
1568634966.24,2125,265,None,Drag,file system
1568634966.25,2131,271,None,Drag,file system
1568634966.26,2136,276,None,Drag,file system
1568634966.27,2142,282,None,Drag,file system
1568634966.274,2149,288,None,Drag,file system
1568634966.28,2154,293,None,Drag,file system
1568634966.29,2156,296,None,Drag,file system
1568634966.3,2160,299,None,Drag,file system
1568634966.31,2162,302,None,Drag,file system
1568634966.32,2165,303,None,Drag,file system
1568634966.33,2165,304,None,Drag,file system
1568634966.341,2166,304,None,Drag,file system
1568634966.35,2167,305,None,Drag,file system
1568634966.36,2168,305,None,Drag,file system
1568634966.3739998,2169,306,None,Drag,file system
1568634966.381,2170,307,None,Drag,file system
1568634966.39,2172,309,None,Drag,file system
1568634966.4,2173,309,None,Drag,file system
1568634966.41,2174,310,None,Drag,file system
1568634966.46,2174,310,None,Drag,file system
1568634966.46,2174,310,Left,Released,file system
1568634966.5,2176,310,None,Move,file system
1568634966.51,2180,310,None,Move,file system
1568634966.52,2185,304,None,Move,file system
1568634966.53,2185,297,None,Move,file system
1568634966.541,2186,292,None,Move,file system
1568634966.55,2187,287,None,Move,file system
1568634966.56,2187,279,None,Move,file system
1568634966.574,2187,274,None,Move,file system
1568634966.591,2187,269,None,Move,file system
1568634966.6,2187,267,None,Move,file system
1568634966.61,2187,266,None,Move,file system
1568634966.621,2187,263,None,Move,file system
1568634966.63,2187,262,None,Move,file system
1568634966.64,2186,261,None,Move,file system
1568634966.65,2186,261,None,Move,file system
1568634966.71,2186,260,None,Move,file system
1568634966.731,2184,258,None,Move,file system
1568634966.74,2183,256,None,Move,file system
1568634966.75,2181,254,None,Move,file system
1568634966.76,2181,254,None,Move,file system
1568634966.775,2181,253,None,Move,file system
1568634966.78,2179,252,None,Move,file system
1568634966.8,2178,251,None,Move,file system
1568634966.85,2177,250,None,Move,file system
1568634966.86,2177,248,None,Move,file system
1568634966.87,2176,247,None,Move,file system
1568634966.875,2176,247,None,Move,file system
1568634966.88,2175,246,None,Move,file system
1568634966.89,2175,245,None,Move,file system
1568634966.9,2175,245,None,Move,file system
1568634966.91,2174,244,None,Move,file system
1568634967.1360002,2166,242,Left,Pressed,file system
1568634967.1360002,2166,242,None,Drag,file system
1568634967.144,2158,242,None,Drag,file system
1568634967.157,2142,242,None,Drag,file system
1568634967.16,2121,247,None,Drag,file system
1568634967.168,2093,256,None,Drag,file system
1568634967.176,2063,263,None,Drag,file system
1568634967.184,2044,268,None,Drag,file system
1568634967.1920002,2024,277,None,Drag,file system
1568634967.2,2013,279,None,Drag,file system
1568634967.208,2007,283,None,Drag,file system
1568634967.271,2004,283,None,Drag,file system
1568634967.28,2003,283,None,Drag,file system
1568634967.303,2002,283,None,Drag,file system
1568634967.311,2001,282,None,Drag,file system
1568634967.327,2002,280,None,Drag,file system
1568634967.335,2004,280,None,Drag,file system
1568634967.335,2004,280,Left,Released,file system
1568634967.343,2006,279,None,Move,file system
1568634967.351,2008,279,None,Move,file system
1568634967.359,2011,277,None,Move,file system
1568634967.367,2013,276,None,Move,file system
1568634967.375,2014,276,None,Move,file system
1568634967.383,2017,276,None,Move,file system
1568634967.391,2021,276,None,Move,file system
1568634967.399,2025,276,None,Move,file system
1568634967.407,2031,274,None,Move,file system
1568634967.415,2036,272,None,Move,file system
1568634967.424,2038,272,None,Move,file system
1568634967.431,2039,270,None,Move,file system
1568634967.439,2042,270,None,Move,file system
1568634967.447,2047,270,None,Move,file system
1568634967.455,2054,270,None,Move,file system
1568634967.4629998,2061,270,None,Move,file system
1568634967.471,2066,270,None,Move,file system
1568634967.479,2074,273,None,Move,file system
1568634967.4870002,2080,274,None,Move,file system
1568634967.49,2088,276,None,Move,file system
1568634967.5,2091,276,None,Move,file system
1568634967.51,2093,276,None,Move,file system
1568634967.55,2093,276,None,Move,file system
1568634967.591,2093,275,None,Move,file system
1568634967.62,2093,274,None,Move,file system
1568634967.631,2097,271,None,Move,file system
1568634967.64,2101,269,None,Move,file system
1568634967.65,2104,269,None,Move,file system
1568634967.67,2105,267,None,Move,file system
1568634967.73,2108,267,None,Move,file system
1568634967.7410002,2111,265,None,Move,file system
1568634967.75,2117,263,None,Move,file system
1568634967.76,2128,259,None,Move,file system
1568634967.78,2145,255,None,Move,file system
1568634967.79,2153,253,None,Move,file system
1568634967.8,2165,249,None,Move,file system
1568634967.811,2167,249,None,Move,file system
1568634967.821,2169,249,None,Move,file system
1568634967.83,2169,249,None,Move,file system
1568634967.9,2170,248,None,Move,file system
1568634968.1,2173,248,None,Move,file system
1568634968.111,2178,248,None,Move,file system
1568634968.115,2186,248,None,Move,file system
1568634968.12,2195,249,None,Move,file system
1568634968.13,2202,251,None,Move,file system
1568634968.14,2210,251,None,Move,file system
1568634968.151,2216,251,None,Move,file system
1568634968.16,2220,253,None,Move,file system
1568634968.415,2222,253,None,Move,file system
1568634968.47,2222,253,None,Move,file system
1568634968.81,2220,254,Left,Pressed,file system
1568634968.81,2220,254,None,Drag,file system
1568634968.82,2216,260,None,Drag,file system
1568634968.83,2210,268,None,Drag,file system
1568634968.84,2188,292,None,Drag,file system
1568634968.85,2181,300,None,Drag,file system
1568634968.86,2170,312,None,Drag,file system
1568634968.87,2163,322,None,Drag,file system
1568634968.88,2157,332,None,Drag,file system
1568634968.8820002,2148,344,None,Drag,file system
1568634968.89,2146,348,None,Drag,file system
1568634968.901,2141,357,None,Drag,file system
1568634968.91,2135,365,None,Drag,file system
1568634968.92,2120,381,None,Drag,file system
1568634968.931,2114,388,None,Drag,file system
1568634968.94,2104,399,None,Drag,file system
1568634968.95,2095,408,None,Drag,file system
1568634968.96,2079,427,None,Drag,file system
1568634968.97,2069,437,None,Drag,file system
1568634968.982,2060,446,None,Drag,file system
1568634968.99,2055,453,None,Drag,file system
1568634969.0,2047,463,None,Drag,file system
1568634969.0110002,2045,465,None,Drag,file system
1568634969.02,2044,466,None,Drag,file system
1568634969.031,2044,466,None,Drag,file system
1568634969.05,2041,469,None,Drag,file system
1568634969.05,2041,469,Left,Released,file system
1568634969.17,2041,465,None,Move,file system
1568634969.1820002,2039,459,None,Move,file system
1568634969.19,2039,456,None,Move,file system
1568634969.21,2039,446,None,Move,file system
1568634969.22,2039,438,None,Move,file system
1568634969.23,2040,432,None,Move,file system
1568634969.24,2046,418,None,Move,file system
1568634969.25,2049,408,None,Move,file system
1568634969.2610002,2054,401,None,Move,file system
1568634969.27,2062,391,None,Move,file system
1568634969.282,2076,372,None,Move,file system
1568634969.29,2085,362,None,Move,file system
1568634969.3,2093,353,None,Move,file system
1568634969.31,2103,343,None,Move,file system
1568634969.32,2117,327,None,Move,file system
1568634969.33,2120,322,None,Move,file system
1568634969.34,2122,318,None,Move,file system
1568634969.351,2125,314,None,Move,file system
1568634969.36,2130,309,None,Move,file system
1568634969.37,2132,308,None,Move,file system
1568634969.3820002,2133,306,None,Move,file system
1568634969.39,2135,304,None,Move,file system
1568634969.4,2137,300,None,Move,file system
1568634969.41,2139,299,None,Move,file system
1568634969.42,2141,297,None,Move,file system
1568634969.431,2144,293,None,Move,file system
1568634969.44,2157,285,None,Move,file system
1568634969.45,2163,281,None,Move,file system
1568634969.46,2170,276,None,Move,file system
1568634969.47,2175,272,None,Move,file system
1568634969.482,2183,266,None,Move,file system
1568634969.49,2184,265,None,Move,file system
1568634969.5,2186,264,None,Move,file system
1568634969.54,2186,263,None,Move,file system
1568634969.56,2191,260,None,Move,file system
1568634969.57,2196,257,None,Move,file system
1568634969.582,2201,255,None,Move,file system
1568634969.591,2207,253,None,Move,file system
1568634969.6,2213,249,None,Move,file system
1568634969.61,2221,247,None,Move,file system
1568634969.62,2222,246,None,Move,file system
1568634969.67,2222,245,None,Move,file system
1568634969.6829998,2222,244,None,Move,file system
1568634969.691,2223,242,None,Move,file system
1568634969.701,2225,240,None,Move,file system
1568634969.71,2226,240,None,Move,file system
1568634969.75,2226,240,None,Move,file system
1568634970.2229998,2226,240,None,Move,file system
1568634970.2389998,2226,243,None,Move,file system
1568634970.2470002,2227,245,None,Move,file system
1568634970.2629998,2228,246,None,Move,file system
1568634970.271,2228,249,None,Move,file system
1568634970.279,2228,249,None,Move,file system
1568634970.31,2229,250,None,Move,file system
1568634970.32,2232,252,None,Move,file system
1568634970.33,2235,253,None,Move,file system
1568634970.34,2238,253,None,Move,file system
1568634970.351,2244,255,None,Move,file system
1568634970.36,2254,255,None,Move,file system
1568634970.37,2260,255,None,Move,file system
1568634970.38,2268,255,None,Move,file system
1568634970.39,2275,255,None,Move,file system
1568634970.4,2292,255,None,Move,file system
1568634970.41,2297,255,None,Move,file system
1568634970.42,2303,255,None,Move,file system
1568634970.43,2306,255,None,Move,file system
1568634970.44,2309,255,None,Move,file system
1568634970.45,2311,255,None,Move,file system
1568634970.46,2313,253,None,Move,file system
1568634970.51,2318,253,None,Move,file system
1568634970.52,2324,250,None,Move,file system
1568634970.53,2326,250,None,Move,file system
1568634970.55,2327,250,None,Move,file system
1568634970.56,2328,250,None,Move,file system
1568634970.57,2331,250,None,Move,file system
1568634970.581,2336,250,None,Move,file system
1568634970.59,2342,250,None,Move,file system
1568634970.712,2346,250,None,Move,file system
1568634970.72,2347,250,None,Move,file system
1568634970.736,2349,251,None,Move,file system
1568634970.7510002,2350,251,None,Move,file system
1568634970.7589998,2355,251,None,Move,file system
1568634970.7670002,2358,251,None,Move,file system
1568634970.775,2359,251,None,Move,file system
1568634970.783,2361,251,None,Move,file system
1568634970.8070002,2362,251,None,Move,file system
1568634971.04,2362,251,None,Move,file system
1568634971.0470002,2360,253,None,Move,file system
1568634971.056,2356,253,None,Move,file system
1568634971.064,2344,258,None,Move,file system
1568634971.072,2337,262,None,Move,file system
1568634971.08,2329,266,None,Move,file system
1568634971.087,2320,270,None,Move,file system
1568634971.095,2312,275,None,Move,file system
1568634971.103,2307,280,None,Move,file system
1568634971.111,2304,281,None,Move,file system
1568634971.119,2299,284,None,Move,file system
1568634971.127,2294,287,None,Move,file system
1568634971.135,2291,288,None,Move,file system
1568634971.143,2286,291,None,Move,file system
1568634971.151,2283,291,None,Move,file system
1568634971.159,2280,293,None,Move,file system
1568634971.167,2274,295,None,Move,file system
1568634971.175,2266,295,None,Move,file system
1568634971.1829998,2261,295,None,Move,file system
1568634971.191,2250,297,None,Move,file system
1568634971.2,2242,299,None,Move,file system
1568634971.207,2238,299,None,Move,file system
1568634971.215,2231,299,None,Move,file system
1568634971.2229998,2228,301,None,Move,file system
1568634971.231,2225,301,None,Move,file system
1568634971.2389998,2222,301,None,Move,file system
1568634971.248,2220,301,None,Move,file system
1568634971.304,2220,301,None,Move,file system
1568634971.312,2220,302,None,Move,file system
1568634971.32,2220,303,None,Move,file system
1568634971.327,2221,304,None,Move,file system
1568634971.336,2226,304,None,Move,file system
1568634971.343,2232,304,None,Move,file system
1568634971.3520002,2244,304,None,Move,file system
1568634971.36,2260,304,None,Move,file system
1568634971.367,2271,304,None,Move,file system
1568634971.375,2279,304,None,Move,file system
1568634971.383,2289,301,None,Move,file system
1568634971.391,2296,299,None,Move,file system
1568634971.399,2302,296,None,Move,file system
1568634971.407,2305,295,None,Move,file system
1568634971.415,2311,293,None,Move,file system
1568634971.423,2318,290,None,Move,file system
1568634971.431,2321,289,None,Move,file system
1568634971.439,2323,288,None,Move,file system
1568634971.447,2326,286,None,Move,file system
1568634971.455,2330,285,None,Move,file system
1568634971.4629998,2334,283,None,Move,file system
1568634971.471,2341,279,None,Move,file system
1568634971.479,2347,279,None,Move,file system
1568634971.4870002,2353,275,None,Move,file system
1568634971.495,2357,273,None,Move,file system
1568634971.5029998,2362,271,None,Move,file system
1568634971.5110002,2365,270,None,Move,file system
1568634971.519,2368,268,None,Move,file system
1568634971.5270002,2371,267,None,Move,file system
1568634971.535,2371,267,None,Move,file system
1568634971.543,2374,265,None,Move,file system
1568634971.551,2377,265,None,Move,file system
1568634971.559,2380,264,None,Move,file system
1568634971.5670002,2385,263,None,Move,file system
1568634971.575,2387,260,None,Move,file system
1568634971.583,2390,259,None,Move,file system
1568634971.591,2401,257,None,Move,file system
1568634971.599,2408,256,None,Move,file system
1568634971.607,2410,255,None,Move,file system
1568634971.792,2411,253,None,Move,file system
1568634971.799,2411,251,None,Move,file system
1568634971.896,2411,251,Left,Pressed,file system
1568634971.896,2411,251,None,Drag,file system
1568634971.904,2405,251,None,Drag,file system
1568634971.9120002,2398,251,None,Drag,file system
1568634971.92,2389,251,None,Drag,file system
1568634971.928,2381,252,None,Drag,file system
1568634971.936,2371,256,None,Drag,file system
1568634971.944,2361,258,None,Drag,file system
1568634971.952,2349,263,None,Drag,file system
1568634971.959,2338,265,None,Drag,file system
1568634971.967,2329,267,None,Drag,file system
1568634971.975,2319,270,None,Drag,file system
1568634971.9829998,2314,273,None,Drag,file system
1568634971.9910002,2308,275,None,Drag,file system
1568634971.9989998,2303,277,None,Drag,file system
1568634972.0070002,2301,277,None,Drag,file system
1568634972.055,2300,277,None,Drag,file system
1568634972.063,2293,277,None,Drag,file system
1568634972.071,2282,277,None,Drag,file system
1568634972.079,2276,279,None,Drag,file system
1568634972.087,2271,281,None,Drag,file system
1568634972.095,2268,281,None,Drag,file system
1568634972.103,2264,281,None,Drag,file system
1568634972.111,2259,283,None,Drag,file system
1568634972.119,2256,284,None,Drag,file system
1568634972.127,2255,284,None,Drag,file system
1568634972.199,2254,285,None,Drag,file system
1568634972.199,2254,285,Left,Released,file system
1568634972.296,2254,285,None,Move,file system
1568634972.304,2260,285,None,Move,file system
1568634972.312,2271,282,None,Move,file system
1568634972.32,2282,280,None,Move,file system
1568634972.327,2293,278,None,Move,file system
1568634972.335,2306,275,None,Move,file system
1568634972.343,2314,273,None,Move,file system
1568634972.351,2323,271,None,Move,file system
1568634972.359,2330,270,None,Move,file system
1568634972.367,2332,270,None,Move,file system
1568634972.375,2333,268,None,Move,file system
1568634972.391,2334,268,None,Move,file system
1568634972.64,2334,266,None,Move,file system
1568634972.7510002,2334,266,Left,Pressed,file system
1568634972.7510002,2334,266,None,Drag,file system
1568634972.7589998,2339,264,None,Drag,file system
1568634972.7670002,2347,264,None,Drag,file system
1568634972.775,2355,264,None,Drag,file system
1568634972.783,2368,264,None,Drag,file system
1568634972.791,2383,264,None,Drag,file system
1568634972.799,2399,264,None,Drag,file system
1568634972.8070002,2414,262,None,Drag,file system
1568634972.815,2428,260,None,Drag,file system
1568634972.823,2440,257,None,Drag,file system
1568634972.831,2447,255,None,Drag,file system
1568634972.839,2450,254,None,Drag,file system
1568634972.847,2452,253,None,Drag,file system
1568634972.9120002,2452,252,None,Drag,file system
1568634972.928,2452,251,None,Drag,file system
1568634972.936,2452,249,None,Drag,file system
1568634972.936,2452,249,Left,Released,file system
1568634973.031,2452,249,None,Move,file system
1568634973.04,2450,249,None,Move,file system
1568634973.0470002,2445,249,None,Move,file system
1568634973.055,2441,251,None,Move,file system
1568634973.063,2433,251,None,Move,file system
1568634973.072,2427,255,None,Move,file system
1568634973.079,2418,256,None,Move,file system
1568634973.087,2411,259,None,Move,file system
1568634973.095,2402,261,None,Move,file system
1568634973.103,2393,266,None,Move,file system
1568634973.111,2385,270,None,Move,file system
1568634973.119,2380,272,None,Move,file system
1568634973.127,2371,276,None,Move,file system
1568634973.135,2368,280,None,Move,file system
1568634973.143,2362,281,None,Move,file system
1568634973.151,2356,285,None,Move,file system
1568634973.159,2350,289,None,Move,file system
1568634973.167,2347,291,None,Move,file system
1568634973.175,2343,293,None,Move,file system
1568634973.1829998,2340,296,None,Move,file system
1568634973.191,2336,298,None,Move,file system
1568634973.199,2336,299,None,Move,file system
1568634973.2229998,2335,299,None,Move,file system
1568634973.2870002,2334,300,None,Move,file system
1568634973.319,2333,300,None,Move,file system
1568634973.336,2331,302,None,Move,file system
1568634973.351,2330,302,None,Move,file system
1568634973.359,2328,303,None,Move,file system
1568634973.5029998,2328,303,None,Move,file system
1568634973.5270002,2328,303,None,Move,file system
1568634973.535,2328,301,None,Move,file system
1568634973.551,2326,300,None,Move,file system
1568634973.719,2322,299,Left,Pressed,file system
1568634973.719,2322,299,None,Drag,file system
1568634973.7270002,2313,297,None,Drag,file system
1568634973.735,2303,297,None,Drag,file system
1568634973.744,2290,297,None,Drag,file system
1568634973.7510002,2277,297,None,Drag,file system
1568634973.76,2264,297,None,Drag,file system
1568634973.768,2246,301,None,Drag,file system
1568634973.776,2224,301,None,Drag,file system
1568634973.784,2204,304,None,Drag,file system
1568634973.792,2188,306,None,Drag,file system
1568634973.8,2171,309,None,Drag,file system
1568634973.8079998,2157,309,None,Drag,file system
1568634973.816,2149,309,None,Drag,file system
1568634973.824,2136,311,None,Drag,file system
1568634973.832,2128,311,None,Drag,file system
1568634973.839,2117,311,None,Drag,file system
1568634973.8479998,2104,311,None,Drag,file system
1568634973.855,2085,313,None,Drag,file system
1568634973.8639998,2067,316,None,Drag,file system
1568634973.871,2049,318,None,Drag,file system
1568634973.88,2029,321,None,Drag,file system
1568634973.887,2011,324,None,Drag,file system
1568634973.895,1993,326,None,Drag,file system
1568634973.903,1975,329,None,Drag,file system
1568634973.911,1957,331,None,Drag,file system
1568634973.919,1944,334,None,Drag,file system
1568634973.927,1936,334,None,Drag,file system
1568634973.935,1919,336,None,Drag,file system
1568634973.9429998,1902,336,None,Drag,file system
1568634973.951,1886,336,None,Drag,file system
1568634973.959,1865,339,None,Drag,file system
1568634973.967,1850,341,None,Drag,file system
1568634973.975,1839,341,None,Drag,file system
1568634973.9829998,1829,341,None,Drag,file system
1568634973.9910002,1821,341,None,Drag,file system
1568634973.9989998,1815,341,None,Drag,file system
1568634974.0070002,1807,341,None,Drag,file system
1568634974.015,1802,341,None,Drag,file system
1568634974.0229998,1796,341,None,Drag,file system
1568634974.031,1791,341,None,Drag,file system
1568634974.039,1786,341,None,Drag,file system
1568634974.0470002,1780,341,None,Drag,file system
1568634974.055,1775,341,None,Drag,file system
1568634974.063,1767,341,None,Drag,file system
1568634974.071,1759,341,None,Drag,file system
1568634974.079,1753,341,None,Drag,file system
1568634974.087,1745,341,None,Drag,file system
1568634974.096,1737,341,None,Drag,file system
1568634974.103,1732,341,None,Drag,file system
1568634974.1120002,1726,341,None,Drag,file system
1568634974.119,1721,341,None,Drag,file system
1568634974.127,1718,341,None,Drag,file system
1568634974.135,1716,341,None,Drag,file system
1568634974.144,1712,341,None,Drag,file system
1568634974.1520002,1709,341,None,Drag,file system
1568634974.16,1706,341,None,Drag,file system
1568634974.168,1703,341,None,Drag,file system
1568634974.176,1701,341,None,Drag,file system
1568634974.256,1698,341,None,Drag,file system
1568634974.2629998,1688,341,None,Drag,file system
1568634974.279,1676,341,None,Drag,file system
1568634974.2870002,1647,341,None,Drag,file system
1568634974.295,1631,341,None,Drag,file system
1568634974.303,1620,341,None,Drag,file system
1568634974.311,1611,341,None,Drag,file system
1568634974.319,1608,341,None,Drag,file system
1568634974.335,1608,341,None,Drag,file system
1568634974.359,1608,340,None,Drag,file system
1568634974.375,1606,339,None,Drag,file system
1568634974.383,1606,338,None,Drag,file system
1568634974.391,1606,336,None,Drag,file system
1568634974.399,1605,333,None,Drag,file system
1568634974.407,1605,330,None,Drag,file system
1568634974.416,1605,329,None,Drag,file system
1568634974.424,1605,326,None,Drag,file system
1568634974.431,1605,325,None,Drag,file system
1568634974.44,1605,322,None,Drag,file system
1568634974.447,1605,320,None,Drag,file system
1568634974.455,1605,319,None,Drag,file system
1568634974.464,1605,318,None,Drag,file system
1568634974.471,1605,317,None,Drag,file system
1568634974.488,1605,315,None,Drag,file system
1568634974.495,1605,314,None,Drag,file system
1568634974.495,1605,314,Left,Released,file system
1568634974.52,1608,311,None,Move,file system
1568634974.5270002,1612,310,None,Move,file system
1568634974.536,1615,308,None,Move,file system
1568634974.543,1618,306,None,Move,file system
1568634974.551,1621,306,None,Move,file system
1568634974.559,1626,305,None,Move,file system
1568634974.5670002,1636,305,None,Move,file system
1568634974.575,1648,305,None,Move,file system
1568634974.583,1660,305,None,Move,file system
1568634974.591,1674,305,None,Move,file system
1568634974.599,1689,305,None,Move,file system
1568634974.607,1705,305,None,Move,file system
1568634974.6160002,1721,305,None,Move,file system
1568634974.6239998,1740,305,None,Move,file system
1568634974.6320002,1754,305,None,Move,file system
1568634974.64,1767,305,None,Move,file system
1568634974.6479998,1778,305,None,Move,file system
1568634974.656,1786,305,None,Move,file system
1568634974.664,1791,305,None,Move,file system
1568634974.6720002,1794,305,None,Move,file system
1568634974.68,1797,305,None,Move,file system
1568634974.688,1798,305,None,Move,file system
1568634974.712,1800,305,None,Move,file system
1568634974.72,1800,304,None,Move,file system
1568634974.735,1801,303,None,Move,file system
1568634974.7429998,1802,302,None,Move,file system
1568634974.7510002,1803,302,None,Move,file system
1568634974.76,1804,302,None,Move,file system
1568634974.776,1807,301,None,Move,file system
1568634974.783,1807,301,None,Move,file system
1568634974.791,1809,300,None,Move,file system
1568634974.799,1812,298,None,Move,file system
1568634974.8070002,1815,296,None,Move,file system
1568634974.815,1821,294,None,Move,file system
1568634974.823,1829,290,None,Move,file system
1568634974.831,1835,286,None,Move,file system
1568634974.839,1844,282,None,Move,file system
1568634974.847,1850,280,None,Move,file system
1568634974.855,1856,276,None,Move,file system
1568634974.863,1863,273,None,Move,file system
1568634974.871,1865,271,None,Move,file system
1568634974.879,1867,268,None,Move,file system
1568634974.887,1868,266,None,Move,file system
1568634974.895,1869,264,None,Move,file system
1568634974.903,1869,263,None,Move,file system
1568634974.911,1869,260,None,Move,file system
1568634974.919,1870,258,None,Move,file system
1568634974.928,1870,257,None,Move,file system
1568634974.935,1872,254,None,Move,file system
1568634974.951,1873,250,None,Move,file system
1568634974.96,1875,249,None,Move,file system
1568634974.976,1876,247,None,Move,file system
1568634974.984,1878,246,None,Move,file system
1568634974.992,1879,245,None,Move,file system
1568634975.031,1881,243,None,Move,file system
1568634975.039,1883,241,None,Move,file system
1568634975.0470002,1889,239,None,Move,file system
1568634975.055,1896,238,None,Move,file system
1568634975.063,1900,235,None,Move,file system
1568634975.071,1906,235,None,Move,file system
1568634975.079,1911,233,None,Move,file system
1568634975.087,1914,233,None,Move,file system
1568634975.095,1916,232,None,Move,file system
1568634975.143,1917,232,None,Move,file system
1568634975.304,1918,232,Left,Pressed,file system
1568634975.304,1918,232,None,Drag,file system
1568634975.312,1917,233,None,Drag,file system
1568634975.32,1916,233,None,Drag,file system
1568634975.327,1913,235,None,Drag,file system
1568634975.336,1905,239,None,Drag,file system
1568634975.344,1895,246,None,Drag,file system
1568634975.351,1884,250,None,Drag,file system
1568634975.359,1872,255,None,Drag,file system
1568634975.367,1859,259,None,Drag,file system
1568634975.3760002,1845,264,None,Drag,file system
1568634975.383,1829,269,None,Drag,file system
1568634975.391,1817,271,None,Drag,file system
1568634975.399,1799,276,None,Drag,file system
1568634975.408,1785,281,None,Drag,file system
1568634975.415,1773,283,None,Drag,file system
1568634975.423,1761,285,None,Drag,file system
1568634975.431,1750,285,None,Drag,file system
1568634975.439,1739,287,None,Drag,file system
1568634975.447,1731,287,None,Drag,file system
1568634975.455,1723,289,None,Drag,file system
1568634975.4629998,1720,289,None,Drag,file system
1568634975.471,1715,291,None,Drag,file system
1568634975.479,1712,291,None,Drag,file system
1568634975.4870002,1707,291,None,Drag,file system
1568634975.496,1704,291,None,Drag,file system
1568634975.5029998,1698,291,None,Drag,file system
1568634975.5110002,1697,291,None,Drag,file system
1568634975.519,1692,291,None,Drag,file system
1568634975.5270002,1689,291,None,Drag,file system
1568634975.535,1689,292,None,Drag,file system
1568634975.543,1688,292,None,Drag,file system
1568634975.543,1688,292,Left,Released,file system
1568634975.791,1698,292,None,Move,file system
1568634975.799,1716,292,None,Move,file system
1568634975.8070002,1733,292,None,Move,file system
1568634975.815,1763,292,None,Move,file system
1568634975.823,1801,292,None,Move,file system
1568634975.831,1839,292,None,Move,file system
1568634975.839,1885,292,None,Move,file system
1568634975.847,1925,292,None,Move,file system
1568634975.855,1955,292,None,Move,file system
1568634975.863,1977,292,None,Move,file system
1568634975.871,1985,292,None,Move,file system
1568634975.879,1993,292,None,Move,file system
1568634975.887,2002,292,None,Move,file system
1568634975.895,2016,292,None,Move,file system
1568634975.903,2030,292,None,Move,file system
1568634975.911,2048,292,None,Move,file system
1568634975.919,2065,292,None,Move,file system
1568634975.927,2081,292,None,Move,file system
1568634975.935,2096,292,None,Move,file system
1568634975.9429998,2109,292,None,Move,file system
1568634975.951,2120,292,None,Move,file system
1568634975.959,2130,292,None,Move,file system
1568634975.967,2138,292,None,Move,file system
1568634975.975,2144,292,None,Move,file system
1568634975.9829998,2149,292,None,Move,file system
1568634975.9910002,2155,292,None,Move,file system
1568634976.0,2160,292,None,Move,file system
1568634976.0070002,2168,292,None,Move,file system
1568634976.015,2176,292,None,Move,file system
1568634976.0229998,2187,292,None,Move,file system
1568634976.032,2196,292,None,Move,file system
1568634976.04,2203,291,None,Move,file system
1568634976.048,2209,289,None,Move,file system
1568634976.056,2214,289,None,Move,file system
1568634976.064,2216,289,None,Move,file system
1568634976.072,2217,289,None,Move,file system
1568634976.127,2218,289,None,Move,file system
1568634976.135,2221,288,None,Move,file system
1568634976.144,2227,286,None,Move,file system
1568634976.151,2233,286,None,Move,file system
1568634976.159,2236,284,None,Move,file system
1568634976.167,2242,282,None,Move,file system
1568634976.175,2247,280,None,Move,file system
1568634976.1829998,2250,280,None,Move,file system
1568634976.191,2252,279,None,Move,file system
1568634976.199,2254,278,None,Move,file system
1568634976.207,2255,278,None,Move,file system
1568634976.2229998,2257,276,None,Move,file system
1568634976.231,2259,276,None,Move,file system
1568634976.2389998,2262,275,None,Move,file system
1568634976.2470002,2271,274,None,Move,file system
1568634976.255,2278,273,None,Move,file system
1568634976.2629998,2284,271,None,Move,file system
1568634976.271,2290,269,None,Move,file system
1568634976.279,2298,267,None,Move,file system
1568634976.2870002,2309,264,None,Move,file system
1568634976.295,2315,263,None,Move,file system
1568634976.303,2319,260,None,Move,file system
1568634976.311,2321,259,None,Move,file system
1568634976.319,2323,259,None,Move,file system
1568634976.327,2326,257,None,Move,file system
1568634976.3679998,2327,257,None,Move,file system
1568634976.375,2330,257,None,Move,file system
1568634976.591,2328,257,Left,Pressed,file system
1568634976.591,2328,257,None,Drag,file system
1568634976.599,2319,257,None,Drag,file system
1568634976.607,2308,261,None,Drag,file system
1568634976.615,2298,265,None,Drag,file system
1568634976.6239998,2285,272,None,Drag,file system
1568634976.6320002,2266,278,None,Drag,file system
1568634976.64,2249,284,None,Drag,file system
1568634976.647,2237,290,None,Drag,file system
1568634976.656,2230,290,None,Drag,file system
1568634976.664,2219,297,None,Drag,file system
1568634976.6720002,2208,297,None,Drag,file system
1568634976.679,2201,297,None,Drag,file system
1568634976.688,2195,297,None,Drag,file system
1568634976.695,2191,297,None,Drag,file system
1568634976.704,2189,297,None,Drag,file system
1568634976.711,2188,297,None,Drag,file system
1568634976.744,2187,297,None,Drag,file system
1568634976.752,2185,297,None,Drag,file system
1568634976.76,2184,297,None,Drag,file system
1568634976.768,2177,297,None,Drag,file system
1568634976.775,2169,297,None,Drag,file system
1568634976.784,2163,297,None,Drag,file system
1568634976.791,2158,297,None,Drag,file system
1568634976.8,2155,297,None,Drag,file system
1568634976.8070002,2152,297,None,Drag,file system
1568634976.8070002,2152,297,Left,Released,file system
1568634976.871,2151,297,None,Move,file system
1568634976.879,2151,296,None,Move,file system
1568634976.895,2150,296,None,Move,file system
1568634976.911,2150,295,None,Move,file system
1568634976.927,2150,294,None,Move,file system
1568634976.951,2149,294,None,Move,file system
1568634976.959,2147,294,None,Move,file system
1568634976.967,2142,294,None,Move,file system
1568634976.975,2132,294,None,Move,file system
1568634976.9829998,2118,294,None,Move,file system
1568634976.9910002,2100,294,None,Move,file system
1568634976.9989998,2081,294,None,Move,file system
1568634977.0070002,2056,294,None,Move,file system
1568634977.015,2035,294,None,Move,file system
1568634977.0229998,2020,294,None,Move,file system
1568634977.031,2007,294,None,Move,file system
1568634977.039,1997,294,None,Move,file system
1568634977.0470002,1990,292,None,Move,file system
1568634977.055,1989,292,None,Move,file system
1568634977.063,1988,292,None,Move,file system
1568634977.087,1986,291,None,Move,file system
1568634977.095,1984,289,None,Move,file system
1568634977.104,1979,286,None,Move,file system
1568634977.1120002,1974,284,None,Move,file system
1568634977.119,1970,281,None,Move,file system
1568634977.127,1966,277,None,Move,file system
1568634977.1360002,1964,276,None,Move,file system
1568634977.144,1963,276,None,Move,file system
1568634977.16,1963,274,None,Move,file system
1568634977.2,1962,273,None,Move,file system
1568634977.216,1962,272,None,Move,file system
1568634977.2389998,1962,271,None,Move,file system
1568634977.279,1962,270,None,Move,file system
1568634977.2870002,1962,268,None,Move,file system
1568634977.295,1962,267,None,Move,file system
1568634977.303,1962,266,None,Move,file system
1568634977.311,1962,264,None,Move,file system
1568634977.319,1963,264,None,Move,file system
1568634977.327,1964,263,None,Move,file system
1568634977.335,1968,259,None,Move,file system
1568634977.4320002,1969,258,None,Move,file system
1568634977.44,1972,258,None,Move,file system
1568634977.455,1973,256,None,Move,file system
1568634977.488,1975,256,None,Move,file system
1568634977.559,1976,256,Left,Pressed,file system
1568634977.559,1976,256,None,Drag,file system
1568634977.583,1977,256,None,Drag,file system
1568634977.591,1981,261,None,Drag,file system
1568634977.599,1989,266,None,Drag,file system
1568634977.607,1996,269,None,Drag,file system
1568634977.615,2003,274,None,Drag,file system
1568634977.623,2009,280,None,Drag,file system
1568634977.631,2020,285,None,Drag,file system
1568634977.639,2033,288,None,Drag,file system
1568634977.647,2048,292,None,Drag,file system
1568634977.655,2060,294,None,Drag,file system
1568634977.663,2072,296,None,Drag,file system
1568634977.671,2080,296,None,Drag,file system
1568634977.679,2088,296,None,Drag,file system
1568634977.687,2094,296,None,Drag,file system
1568634977.695,2097,296,None,Drag,file system
1568634977.7029998,2100,296,None,Drag,file system
1568634977.711,2103,296,None,Drag,file system
1568634977.719,2104,296,None,Drag,file system
1568634977.7270002,2105,296,None,Drag,file system
1568634977.791,2107,296,None,Drag,file system
1568634977.824,2107,297,None,Drag,file system
1568634977.832,2111,297,None,Drag,file system
1568634977.84,2116,297,None,Drag,file system
1568634977.8479998,2124,297,None,Drag,file system
1568634977.856,2132,297,None,Drag,file system
1568634977.863,2140,297,None,Drag,file system
1568634977.8720002,2150,297,None,Drag,file system
1568634977.88,2158,297,None,Drag,file system
1568634977.887,2164,297,None,Drag,file system
1568634977.896,2167,297,None,Drag,file system
1568634977.903,2170,297,None,Drag,file system
1568634977.9120002,2172,299,None,Drag,file system
1568634977.919,2173,299,None,Drag,file system
1568634977.919,2173,299,Left,Released,file system
1568634978.144,2178,299,None,Move,file system
1568634978.151,2181,299,None,Move,file system
1568634978.159,2184,299,None,Move,file system
1568634978.168,2187,298,None,Move,file system
1568634978.175,2190,298,None,Move,file system
1568634978.184,2193,297,None,Move,file system
1568634978.1920002,2196,297,None,Move,file system
1568634978.2,2199,297,None,Move,file system
1568634978.208,2205,295,None,Move,file system
1568634978.216,2211,295,None,Move,file system
1568634978.224,2218,293,None,Move,file system
1568634978.232,2227,291,None,Move,file system
1568634978.24,2232,289,None,Move,file system
1568634978.248,2238,287,None,Move,file system
1568634978.256,2243,286,None,Move,file system
1568634978.264,2243,286,None,Move,file system
1568634978.272,2244,286,None,Move,file system
1568634978.383,2246,284,None,Move,file system
1568634978.391,2248,283,None,Move,file system
1568634978.406,2249,283,None,Move,file system
1568634978.495,2240,283,None,Move,file system
1568634978.504,2219,283,None,Move,file system
1568634978.5110002,2195,283,None,Move,file system
1568634978.52,2168,283,None,Move,file system
1568634978.5270002,2143,283,None,Move,file system
1568634978.535,2116,283,None,Move,file system
1568634978.543,2097,283,None,Move,file system
1568634978.551,2082,283,None,Move,file system
1568634978.559,2068,283,None,Move,file system
1568634978.5670002,2056,283,None,Move,file system
1568634978.575,2045,283,None,Move,file system
1568634978.583,2037,283,None,Move,file system
1568634978.591,2032,283,None,Move,file system
1568634978.599,2026,281,None,Move,file system
1568634978.607,2024,280,None,Move,file system
1568634978.615,2022,279,None,Move,file system
1568634978.623,2022,278,None,Move,file system
1568634978.631,2021,278,None,Move,file system
1568634978.639,2020,276,None,Move,file system
1568634978.647,2018,275,None,Move,file system
1568634978.656,2018,274,None,Move,file system
1568634978.671,2017,272,None,Move,file system
1568634978.679,2015,271,None,Move,file system
1568634978.7029998,2015,270,None,Move,file system
1568634978.719,2014,270,None,Move,file system
1568634978.7270002,2013,268,None,Move,file system
1568634978.735,2013,267,None,Move,file system
1568634978.7429998,2012,265,None,Move,file system
1568634978.7510002,2011,263,None,Move,file system
1568634978.7589998,2009,261,None,Move,file system
1568634978.7670002,2007,260,None,Move,file system
1568634978.775,2006,258,None,Move,file system
1568634978.816,2006,258,None,Move,file system
1568634978.823,2006,257,None,Move,file system
1568634978.839,2006,256,None,Move,file system
1568634978.8479998,2006,255,None,Move,file system
1568634978.8639998,2006,253,None,Move,file system
1568634978.871,2006,252,None,Move,file system
1568634978.88,2006,251,None,Move,file system
1568634978.896,2006,250,None,Move,file system
1568634978.904,2006,248,None,Move,file system
1568634978.92,2006,247,None,Move,file system
1568634978.928,2004,245,None,Move,file system
1568634978.936,2004,244,None,Move,file system
1568634978.944,2004,243,None,Move,file system
1568634978.96,2004,242,None,Move,file system
1568634978.968,2003,240,None,Move,file system
1568634978.9829998,2003,239,None,Move,file system
1568634978.9989998,2003,238,None,Move,file system
1568634979.159,2003,238,Left,Pressed,file system
1568634979.159,2003,238,None,Drag,file system
1568634979.167,2003,241,None,Drag,file system
1568634979.175,2007,247,None,Drag,file system
1568634979.1829998,2024,253,None,Drag,file system
1568634979.191,2045,259,None,Drag,file system
1568634979.199,2063,261,None,Drag,file system
1568634979.207,2077,266,None,Drag,file system
1568634979.215,2103,269,None,Drag,file system
1568634979.2229998,2143,276,None,Drag,file system
1568634979.232,2182,280,None,Drag,file system
1568634979.2389998,2224,287,None,Drag,file system
1568634979.248,2266,294,None,Drag,file system
1568634979.256,2305,298,None,Drag,file system
1568634979.264,2333,298,None,Drag,file system
1568634979.272,2354,298,None,Drag,file system
1568634979.28,2368,298,None,Drag,file system
1568634979.2870002,2381,300,None,Drag,file system
1568634979.296,2392,300,None,Drag,file system
1568634979.304,2397,300,None,Drag,file system
1568634979.312,2400,300,None,Drag,file system
1568634979.447,2401,301,None,Drag,file system
1568634979.4870002,2401,301,None,Drag,file system
1568634979.5110002,2402,302,None,Drag,file system
1568634979.519,2402,302,None,Drag,file system
1568634979.5270002,2404,304,None,Drag,file system
1568634979.535,2407,305,None,Drag,file system
1568634979.543,2414,308,None,Drag,file system
1568634979.551,2421,311,None,Drag,file system
1568634979.559,2427,311,None,Drag,file system
1568634979.5670002,2433,315,None,Drag,file system
1568634979.575,2436,315,None,Drag,file system
1568634979.583,2437,317,None,Drag,file system
1568634979.615,2438,318,None,Drag,file system
1568634979.615,2438,318,Left,Released,file system
1568634979.847,2435,318,None,Move,file system
1568634979.855,2422,318,None,Move,file system
1568634979.863,2402,318,None,Move,file system
1568634979.871,2389,316,None,Move,file system
1568634979.879,2373,312,None,Move,file system
1568634979.887,2365,312,None,Move,file system
1568634979.895,2351,308,None,Move,file system
1568634979.903,2340,306,None,Move,file system
1568634979.911,2331,302,None,Move,file system
1568634979.919,2324,299,None,Move,file system
1568634979.927,2313,295,None,Move,file system
1568634979.935,2303,289,None,Move,file system
1568634979.9429998,2293,286,None,Move,file system
1568634979.951,2286,283,None,Move,file system
1568634979.959,2284,281,None,Move,file system
1568634979.967,2282,281,None,Move,file system
1568634979.975,2282,280,None,Move,file system
1568634979.9989998,2281,279,None,Move,file system
1568634980.008,2281,278,None,Move,file system
1568634980.024,2280,275,None,Move,file system
1568634980.032,2278,274,None,Move,file system
1568634980.04,2277,273,None,Move,file system
1568634980.048,2276,271,None,Move,file system
1568634980.056,2273,269,None,Move,file system
1568634980.064,2272,267,None,Move,file system
1568634980.104,2272,267,None,Move,file system
1568634980.111,2272,266,None,Move,file system
1568634980.135,2271,265,None,Move,file system
1568634980.151,2271,264,None,Move,file system
1568634980.16,2271,262,None,Move,file system
1568634980.167,2271,261,None,Move,file system
1568634980.175,2271,260,None,Move,file system
1568634980.191,2271,259,None,Move,file system
1568634980.199,2271,257,None,Move,file system
1568634980.207,2271,255,None,Move,file system
1568634980.215,2271,254,None,Move,file system
1568634980.2229998,2271,252,None,Move,file system
1568634980.231,2271,251,None,Move,file system
1568634980.2389998,2271,249,None,Move,file system
1568634980.255,2271,248,None,Move,file system
1568634980.2629998,2270,247,None,Move,file system
1568634980.271,2269,247,None,Move,file system
1568634980.279,2269,246,None,Move,file system
1568634980.2870002,2269,245,None,Move,file system
1568634980.295,2268,244,None,Move,file system
1568634980.335,2266,244,None,Move,file system
1568634980.344,2265,244,None,Move,file system
1568634980.3520002,2262,244,None,Move,file system
1568634980.359,2261,244,None,Move,file system
1568634980.488,2260,244,None,Move,file system
1568634980.496,2258,244,None,Move,file system
1568634980.52,2250,241,None,Move,file system
1568634980.5270002,2248,241,None,Move,file system
1568634980.535,2246,239,None,Move,file system
1568634980.936,2243,239,Left,Pressed,file system
1568634980.936,2243,239,None,Drag,file system
1568634980.944,2236,242,None,Drag,file system
1568634980.952,2226,248,None,Drag,file system
1568634980.96,2214,253,None,Drag,file system
1568634980.968,2197,261,None,Drag,file system
1568634980.976,2179,269,None,Drag,file system
1568634980.984,2159,278,None,Drag,file system
1568634980.992,2140,283,None,Drag,file system
1568634981.0,2117,292,None,Drag,file system
1568634981.0070002,2098,299,None,Drag,file system
1568634981.015,2085,303,None,Drag,file system
1568634981.0229998,2072,307,None,Drag,file system
1568634981.031,2059,310,None,Drag,file system
1568634981.04,2047,314,None,Drag,file system
1568634981.0470002,2042,314,None,Drag,file system
1568634981.055,2028,316,None,Drag,file system
1568634981.063,2011,318,None,Drag,file system
1568634981.071,2001,318,None,Drag,file system
1568634981.079,1985,318,None,Drag,file system
1568634981.0879998,1975,318,None,Drag,file system
1568634981.095,1962,318,None,Drag,file system
1568634981.103,1946,323,None,Drag,file system
1568634981.1120002,1933,323,None,Drag,file system
1568634981.119,1920,326,None,Drag,file system
1568634981.127,1909,328,None,Drag,file system
1568634981.135,1901,330,None,Drag,file system
1568634981.143,1892,332,None,Drag,file system
1568634981.1520002,1884,334,None,Drag,file system
1568634981.16,1878,336,None,Drag,file system
1568634981.168,1870,336,None,Drag,file system
1568634981.176,1867,336,None,Drag,file system
1568634981.184,1862,338,None,Drag,file system
1568634981.1920002,1859,339,None,Drag,file system
1568634981.2,1853,341,None,Drag,file system
1568634981.208,1850,343,None,Drag,file system
1568634981.216,1848,343,None,Drag,file system
1568634981.224,1844,344,None,Drag,file system
1568634981.231,1844,344,None,Drag,file system
1568634981.303,1842,344,None,Drag,file system
1568634981.319,1842,345,None,Drag,file system
1568634981.335,1841,345,None,Drag,file system
1568634981.343,1839,345,None,Drag,file system
1568634981.351,1834,345,None,Drag,file system
1568634981.359,1825,350,None,Drag,file system
1568634981.367,1817,350,None,Drag,file system
1568634981.375,1804,352,None,Drag,file system
1568634981.383,1794,352,None,Drag,file system
1568634981.391,1785,354,None,Drag,file system
1568634981.399,1777,354,None,Drag,file system
1568634981.407,1768,356,None,Drag,file system
1568634981.415,1765,356,None,Drag,file system
1568634981.423,1762,356,None,Drag,file system
1568634981.5679998,1761,356,None,Drag,file system
1568634981.576,1760,356,None,Drag,file system
1568634981.584,1759,356,None,Drag,file system
1568634981.592,1756,356,None,Drag,file system
1568634981.6,1756,355,None,Drag,file system
1568634981.607,1754,353,None,Drag,file system
1568634981.615,1752,350,None,Drag,file system
1568634981.623,1750,349,None,Drag,file system
1568634981.631,1747,346,None,Drag,file system
1568634981.64,1742,341,None,Drag,file system
1568634981.647,1738,335,None,Drag,file system
1568634981.655,1736,331,None,Drag,file system
1568634981.655,1736,331,Left,Released,file system
1568634981.663,1734,329,None,Move,file system
1568634981.671,1732,326,None,Move,file system
1568634981.679,1732,320,None,Move,file system
1568634981.687,1731,318,None,Move,file system
1568634981.695,1731,316,None,Move,file system
1568634981.7029998,1731,313,None,Move,file system
1568634981.711,1731,310,None,Move,file system
1568634981.719,1729,307,None,Move,file system
1568634981.7270002,1729,305,None,Move,file system
1568634981.735,1729,302,None,Move,file system
1568634981.7429998,1729,299,None,Move,file system
1568634981.7510002,1729,298,None,Move,file system
1568634981.7589998,1729,297,None,Move,file system
1568634981.7670002,1729,296,None,Move,file system
1568634981.775,1729,294,None,Move,file system
1568634981.783,1729,293,None,Move,file system
1568634981.791,1729,292,None,Move,file system
1568634981.799,1729,289,None,Move,file system
1568634981.8070002,1729,288,None,Move,file system
1568634981.815,1729,286,None,Move,file system
1568634981.823,1729,285,None,Move,file system
1568634981.831,1729,284,None,Move,file system
1568634981.839,1729,282,None,Move,file system
1568634981.847,1730,279,None,Move,file system
1568634981.8639998,1730,278,None,Move,file system
1568634981.871,1730,277,None,Move,file system
1568634981.896,1730,274,None,Move,file system
1568634981.904,1730,272,None,Move,file system
1568634981.9120002,1730,271,None,Move,file system
1568634981.92,1730,270,None,Move,file system
1568634982.0070002,1730,269,None,Move,file system
1568634982.024,1730,267,None,Move,file system
1568634982.039,1730,266,None,Move,file system
1568634982.0470002,1730,263,None,Move,file system
1568634982.063,1730,262,None,Move,file system
1568634982.071,1730,261,None,Move,file system
1568634982.079,1730,259,None,Move,file system
1568634982.087,1730,259,None,Move,file system
1568634982.103,1730,258,None,Move,file system
1568634982.151,1730,255,None,Move,file system
1568634982.167,1730,254,None,Move,file system
1568634982.175,1730,253,None,Move,file system
1568634982.1829998,1730,252,None,Move,file system
1568634982.199,1730,250,None,Move,file system
1568634982.207,1730,249,None,Move,file system
1568634982.232,1730,248,None,Move,file system
1568634982.2389998,1730,247,None,Move,file system
1568634982.344,1730,244,None,Move,file system
1568634982.351,1730,242,None,Move,file system
1568634982.375,1730,239,None,Move,file system
1568634982.415,1730,238,None,Move,file system
1568634982.423,1730,237,None,Move,file system
1568634982.655,1738,236,Left,Pressed,file system
1568634982.655,1738,236,None,Drag,file system
1568634982.663,1769,238,None,Drag,file system
1568634982.679,1863,249,None,Drag,file system
1568634982.687,1911,257,None,Drag,file system
1568634982.695,1968,257,None,Drag,file system
1568634982.7029998,2027,257,None,Drag,file system
1568634982.711,2084,257,None,Drag,file system
1568634982.719,2138,257,None,Drag,file system
1568634982.7270002,2187,257,None,Drag,file system
1568634982.735,2225,257,None,Drag,file system
1568634982.7429998,2252,257,None,Drag,file system
1568634982.7510002,2267,257,None,Drag,file system
1568634982.7589998,2279,257,None,Drag,file system
1568634982.7670002,2283,257,None,Drag,file system
1568634982.775,2286,257,None,Drag,file system
1568634982.783,2287,257,None,Drag,file system
1568634982.975,2288,257,None,Drag,file system
1568634982.992,2289,258,None,Drag,file system
1568634982.9989998,2290,260,None,Drag,file system
1568634983.0070002,2295,266,None,Drag,file system
1568634983.016,2302,269,None,Drag,file system
1568634983.0229998,2306,273,None,Drag,file system
1568634983.032,2312,276,None,Drag,file system
1568634983.039,2320,279,None,Drag,file system
1568634983.048,2327,282,None,Drag,file system
1568634983.056,2338,284,None,Drag,file system
1568634983.064,2348,288,None,Drag,file system
1568634983.071,2354,289,None,Drag,file system
1568634983.08,2361,290,None,Drag,file system
1568634983.087,2366,290,None,Drag,file system
1568634983.096,2369,290,None,Drag,file system
1568634983.104,2370,290,None,Drag,file system
1568634983.207,2372,290,None,Drag,file system
1568634983.215,2373,290,None,Drag,file system
1568634983.2229998,2376,289,None,Drag,file system
1568634983.2389998,2377,287,None,Drag,file system
1568634983.2470002,2380,286,None,Drag,file system
1568634983.255,2381,286,None,Drag,file system
1568634983.2629998,2383,284,None,Drag,file system
1568634983.319,2383,284,None,Drag,file system
1568634983.327,2383,281,None,Drag,file system
1568634983.335,2385,280,None,Drag,file system
1568634983.343,2386,278,None,Drag,file system
1568634983.351,2389,276,None,Drag,file system
1568634983.359,2391,275,None,Drag,file system
1568634983.504,2391,274,None,Drag,file system
1568634983.504,2391,274,Left,Released,file system
1568634983.816,2391,274,None,Move,file system
1568634983.824,2383,271,None,Move,file system
1568634983.841,2367,264,None,Move,file system
1568634983.8479998,2361,258,None,Move,file system
1568634983.856,2357,254,None,Move,file system
1568634983.8639998,2354,250,None,Move,file system
1568634983.8720002,2352,247,None,Move,file system
1568634983.88,2348,242,None,Move,file system
1568634983.887,2347,239,None,Move,file system
1568634983.896,2345,237,None,Move,file system
1568634983.904,2344,234,None,Move,file system
1568634983.911,2342,230,None,Move,file system
1568634983.919,2341,228,None,Move,file system
1568634983.927,2341,228,None,Move,file system
1568634983.935,2340,226,None,Move,file system
1568634983.944,2339,225,None,Move,file system
1568634983.951,2339,224,None,Move,file system
1568634983.9910002,2339,223,None,Move,file system
1568634983.9989998,2338,221,None,Move,file system
1568634984.0070002,2338,218,None,Move,file system
1568634984.015,2338,217,None,Move,file system
1568634984.024,2338,214,None,Move,file system
1568634984.031,2338,213,None,Move,file system
1568634984.255,2337,212,None,Move,file system
1568634984.271,2337,212,None,Move,file system
1568634984.279,2337,214,None,Move,file system
1568634984.2870002,2337,216,None,Move,file system
1568634984.295,2335,217,None,Move,file system
1568634984.303,2335,218,None,Move,file system
1568634984.496,2335,220,None,Move,file system
1568634984.583,2335,221,None,Move,file system
1568634984.663,2335,222,Left,Pressed,file system
1568634984.663,2335,222,None,Drag,file system
1568634984.671,2335,225,None,Drag,file system
1568634984.728,2335,226,None,Drag,file system
1568634984.736,2334,230,None,Drag,file system
1568634984.7429998,2333,232,None,Drag,file system
1568634984.752,2333,232,None,Drag,file system
1568634984.76,2332,233,None,Drag,file system
1568634984.7670002,2331,236,None,Drag,file system
1568634984.776,2328,239,None,Drag,file system
1568634984.784,2327,241,None,Drag,file system
1568634984.792,2325,247,None,Drag,file system
1568634984.8,2321,250,None,Drag,file system
1568634984.8070002,2314,253,None,Drag,file system
1568634984.816,2307,259,None,Drag,file system
1568634984.824,2299,264,None,Drag,file system
1568634984.831,2291,268,None,Drag,file system
1568634984.84,2280,273,None,Drag,file system
1568634984.8479998,2266,277,None,Drag,file system
1568634984.855,2252,282,None,Drag,file system
1568634984.863,2232,291,None,Drag,file system
1568634984.871,2215,296,None,Drag,file system
1568634984.879,2195,303,None,Drag,file system
1568634984.887,2179,306,None,Drag,file system
1568634984.895,2164,309,None,Drag,file system
1568634984.903,2145,314,None,Drag,file system
1568634984.911,2123,320,None,Drag,file system
1568634984.919,2100,323,None,Drag,file system
1568634984.928,2072,326,None,Drag,file system
1568634984.935,2042,333,None,Drag,file system
1568634984.9429998,2015,333,None,Drag,file system
1568634984.952,1981,339,None,Drag,file system
1568634984.96,1952,343,None,Drag,file system
1568634984.968,1923,349,None,Drag,file system
1568634984.976,1900,352,None,Drag,file system
1568634984.984,1882,355,None,Drag,file system
1568634984.992,1871,357,None,Drag,file system
1568634985.0,1863,357,None,Drag,file system
1568634985.008,1859,358,None,Drag,file system
1568634985.032,1858,358,None,Drag,file system
1568634985.103,1857,358,None,Drag,file system
1568634985.127,1857,357,None,Drag,file system
1568634985.127,1857,357,Left,Released,file system
1568634985.135,1857,356,None,Move,file system
1568634985.143,1865,351,None,Move,file system
1568634985.151,1883,344,None,Move,file system
1568634985.159,1914,333,None,Move,file system
1568634985.167,1954,322,None,Move,file system
1568634985.175,2003,307,None,Move,file system
1568634985.1829998,2057,293,None,Move,file system
1568634985.191,2108,279,None,Move,file system
1568634985.199,2153,271,None,Move,file system
1568634985.207,2187,268,None,Move,file system
1568634985.215,2211,262,None,Move,file system
1568634985.2229998,2230,257,None,Move,file system
1568634985.231,2245,254,None,Move,file system
1568634985.2389998,2255,254,None,Move,file system
1568634985.2470002,2261,252,None,Move,file system
1568634985.255,2264,252,None,Move,file system
1568634985.304,2265,252,None,Move,file system
1568634985.312,2268,251,None,Move,file system
1568634985.32,2271,249,None,Move,file system
1568634985.3279998,2273,249,None,Move,file system
1568634985.336,2273,248,None,Move,file system
1568634985.344,2274,248,None,Move,file system
1568634985.3520002,2276,247,None,Move,file system
1568634985.36,2278,247,None,Move,file system
1568634985.3679998,2281,244,None,Move,file system
1568634985.3760002,2284,243,None,Move,file system
1568634985.383,2288,242,None,Move,file system
1568634985.3920002,2296,240,None,Move,file system
1568634985.4,2304,240,None,Move,file system
1568634985.407,2310,238,None,Move,file system
1568634985.415,2315,236,None,Move,file system
1568634985.423,2316,235,None,Move,file system
1568634985.591,2316,235,None,Move,file system
1568634985.599,2316,234,None,Move,file system
1568634985.895,2313,234,Left,Pressed,file system
1568634985.895,2313,234,None,Drag,file system
1568634985.903,2305,236,None,Drag,file system
1568634985.911,2293,240,None,Drag,file system
1568634985.919,2275,245,None,Drag,file system
1568634985.927,2247,255,None,Drag,file system
1568634985.935,2231,260,None,Drag,file system
1568634985.9429998,2209,266,None,Drag,file system
1568634985.951,2179,276,None,Drag,file system
1568634985.959,2167,278,None,Drag,file system
1568634985.967,2145,284,None,Drag,file system
1568634985.975,2126,289,None,Drag,file system
1568634985.9829998,2093,299,None,Drag,file system
1568634985.9910002,2061,306,None,Drag,file system
1568634985.9989998,2029,313,None,Drag,file system
1568634986.0070002,1999,323,None,Drag,file system
1568634986.015,1971,326,None,Drag,file system
1568634986.0229998,1945,329,None,Drag,file system
1568634986.031,1919,332,None,Drag,file system
1568634986.039,1896,335,None,Drag,file system
1568634986.0470002,1873,338,None,Drag,file system
1568634986.055,1860,338,None,Drag,file system
1568634986.064,1849,340,None,Drag,file system
1568634986.072,1841,340,None,Drag,file system
1568634986.079,1838,342,None,Drag,file system
1568634986.0879998,1834,342,None,Drag,file system
1568634986.095,1831,342,None,Drag,file system
1568634986.104,1828,343,None,Drag,file system
1568634986.1120002,1825,343,None,Drag,file system
1568634986.12,1822,345,None,Drag,file system
1568634986.127,1819,345,None,Drag,file system
1568634986.1360002,1814,347,None,Drag,file system
1568634986.144,1805,351,None,Drag,file system
1568634986.1520002,1796,352,None,Drag,file system
1568634986.159,1786,355,None,Drag,file system
1568634986.168,1772,360,None,Drag,file system
1568634986.175,1759,362,None,Drag,file system
1568634986.184,1743,367,None,Drag,file system
1568634986.191,1725,370,None,Drag,file system
1568634986.199,1713,372,None,Drag,file system
1568634986.207,1705,374,None,Drag,file system
1568634986.215,1697,376,None,Drag,file system
1568634986.2229998,1693,378,None,Drag,file system
1568634986.231,1692,379,None,Drag,file system
1568634986.319,1691,379,None,Drag,file system
1568634986.327,1687,381,None,Drag,file system
1568634986.345,1681,384,None,Drag,file system
1568634986.351,1678,386,None,Drag,file system
1568634986.36,1675,386,None,Drag,file system
1568634986.367,1675,387,None,Drag,file system
1568634986.471,1673,386,None,Drag,file system
1568634986.479,1673,380,None,Drag,file system
1568634986.494,1671,375,None,Drag,file system
1568634986.494,1671,375,Left,Released,file system
1568634986.496,1671,369,None,Move,file system
1568634986.504,1671,364,None,Move,file system
1568634986.5110002,1674,358,None,Move,file system
1568634986.519,1680,352,None,Move,file system
1568634986.528,1689,343,None,Move,file system
1568634986.536,1696,335,None,Move,file system
1568634986.543,1705,329,None,Move,file system
1568634986.551,1715,322,None,Move,file system
1568634986.559,1726,314,None,Move,file system
1568634986.5670002,1736,306,None,Move,file system
1568634986.576,1745,300,None,Move,file system
1568634986.584,1752,295,None,Move,file system
1568634986.592,1756,291,None,Move,file system
1568634986.6,1759,284,None,Move,file system
1568634986.6079998,1763,280,None,Move,file system
1568634986.6160002,1765,274,None,Move,file system
1568634986.6239998,1765,272,None,Move,file system
1568634986.6320002,1767,269,None,Move,file system
1568634986.64,1769,263,None,Move,file system
1568634986.6479998,1769,262,None,Move,file system
1568634986.655,1769,261,None,Move,file system
1568634986.663,1769,259,None,Move,file system
1568634986.679,1769,258,None,Move,file system
1568634986.695,1769,257,None,Move,file system
1568634986.72,1770,255,None,Move,file system
1568634986.735,1770,254,None,Move,file system
1568634986.7429998,1772,253,None,Move,file system
1568634986.7589998,1772,252,None,Move,file system
1568634986.7670002,1773,250,None,Move,file system
1568634986.775,1776,246,None,Move,file system
1568634986.783,1779,244,None,Move,file system
1568634986.791,1782,243,None,Move,file system
1568634986.799,1786,239,None,Move,file system
1568634986.8070002,1789,237,None,Move,file system
1568634986.815,1791,236,None,Move,file system
1568634986.823,1792,234,None,Move,file system
1568634986.903,1795,234,None,Move,file system
1568634986.911,1798,234,None,Move,file system
1568634986.929,1799,233,None,Move,file system
1568634987.008,1800,232,None,Move,file system
1568634987.2,1800,232,Left,Pressed,file system
1568634987.2,1800,232,None,Drag,file system
1568634987.208,1802,232,None,Drag,file system
1568634987.224,1802,233,None,Drag,file system
1568634987.24,1807,238,None,Drag,file system
1568634987.248,1817,245,None,Drag,file system
1568634987.256,1826,250,None,Drag,file system
1568634987.2629998,1834,254,None,Drag,file system
1568634987.272,1843,258,None,Drag,file system
1568634987.28,1852,264,None,Drag,file system
1568634987.288,1862,271,None,Drag,file system
1568634987.296,1873,276,None,Drag,file system
1568634987.304,1886,281,None,Drag,file system
1568634987.312,1900,287,None,Drag,file system
1568634987.32,1915,290,None,Drag,file system
1568634987.327,1932,295,None,Drag,file system
1568634987.336,1954,301,None,Drag,file system
1568634987.343,1983,307,None,Drag,file system
1568634987.351,2011,317,None,Drag,file system
1568634987.359,2037,320,None,Drag,file system
1568634987.367,2058,324,None,Drag,file system
1568634987.375,2076,327,None,Drag,file system
1568634987.383,2085,330,None,Drag,file system
1568634987.391,2099,332,None,Drag,file system
1568634987.399,2107,336,None,Drag,file system
1568634987.407,2115,336,None,Drag,file system
1568634987.415,2121,338,None,Drag,file system
1568634987.423,2130,340,None,Drag,file system
1568634987.431,2139,342,None,Drag,file system
1568634987.439,2150,346,None,Drag,file system
1568634987.447,2158,348,None,Drag,file system
1568634987.455,2168,351,None,Drag,file system
1568634987.4629998,2178,353,None,Drag,file system
1568634987.471,2184,357,None,Drag,file system
1568634987.479,2193,357,None,Drag,file system
1568634987.4870002,2201,359,None,Drag,file system
1568634987.495,2212,361,None,Drag,file system
1568634987.5029998,2222,361,None,Drag,file system
1568634987.5110002,2233,361,None,Drag,file system
1568634987.519,2242,362,None,Drag,file system
1568634987.5270002,2252,364,None,Drag,file system
1568634987.535,2259,365,None,Drag,file system
1568634987.543,2267,366,None,Drag,file system
1568634987.551,2276,366,None,Drag,file system
1568634987.559,2282,366,None,Drag,file system
1568634987.5670002,2290,366,None,Drag,file system
1568634987.575,2295,367,None,Drag,file system
1568634987.583,2303,367,None,Drag,file system
1568634987.591,2306,367,None,Drag,file system
1568634987.6,2309,367,None,Drag,file system
1568634987.607,2312,367,None,Drag,file system
1568634987.688,2313,368,None,Drag,file system
1568634987.712,2313,369,None,Drag,file system
1568634987.72,2313,372,None,Drag,file system
1568634987.732,2313,374,None,Drag,file system
1568634987.736,2310,379,None,Drag,file system
1568634987.7429998,2304,385,None,Drag,file system
1568634987.7510002,2298,391,None,Drag,file system
1568634987.7589998,2290,399,None,Drag,file system
1568634987.7670002,2277,409,None,Drag,file system
1568634987.775,2270,415,None,Drag,file system
1568634987.783,2261,419,None,Drag,file system
1568634987.791,2249,425,None,Drag,file system
1568634987.799,2243,428,None,Drag,file system
1568634987.8070002,2236,432,None,Drag,file system
1568634987.815,2233,432,None,Drag,file system
1568634987.823,2231,433,None,Drag,file system
1568634987.9120002,2228,433,None,Drag,file system
1568634987.919,2221,433,None,Drag,file system
1568634987.936,2202,435,None,Drag,file system
1568634987.9429998,2190,440,None,Drag,file system
1568634987.951,2180,442,None,Drag,file system
1568634987.959,2172,444,None,Drag,file system
1568634987.968,2166,446,None,Drag,file system
1568634987.975,2163,448,None,Drag,file system
1568634987.984,2161,448,None,Drag,file system
1568634987.9910002,2160,449,None,Drag,file system
1568634988.151,2160,449,None,Drag,file system
1568634988.159,2158,447,None,Drag,file system
1568634988.175,2158,433,None,Drag,file system
1568634988.1829998,2156,427,None,Drag,file system
1568634988.191,2156,419,None,Drag,file system
1568634988.191,2156,419,Left,Released,file system
1568634988.199,2154,412,None,Move,file system
1568634988.207,2152,405,None,Move,file system
1568634988.215,2148,397,None,Move,file system
1568634988.2229998,2144,388,None,Move,file system
1568634988.231,2135,380,None,Move,file system
1568634988.2389998,2129,373,None,Move,file system
1568634988.2470002,2119,363,None,Move,file system
1568634988.255,2106,356,None,Move,file system
1568634988.2629998,2093,349,None,Move,file system
1568634988.271,2085,342,None,Move,file system
1568634988.279,2079,338,None,Move,file system
1568634988.2870002,2076,334,None,Move,file system
1568634988.296,2072,330,None,Move,file system
1568634988.303,2068,326,None,Move,file system
1568634988.311,2065,323,None,Move,file system
1568634988.319,2061,319,None,Move,file system
1568634988.327,2054,316,None,Move,file system
1568634988.335,2050,313,None,Move,file system
1568634988.343,2046,311,None,Move,file system
1568634988.3520002,2043,307,None,Move,file system
1568634988.359,2041,305,None,Move,file system
1568634988.367,2039,302,None,Move,file system
1568634988.3760002,2039,301,None,Move,file system
1568634988.3839998,2039,298,None,Move,file system
1568634988.391,2039,295,None,Move,file system
1568634988.4,2038,293,None,Move,file system
1568634988.408,2038,292,None,Move,file system
1568634988.416,2038,289,None,Move,file system
1568634988.424,2038,286,None,Move,file system
1568634988.4320002,2038,283,None,Move,file system
1568634988.44,2036,280,None,Move,file system
1568634988.448,2036,277,None,Move,file system
1568634988.456,2036,274,None,Move,file system
1568634988.4629998,2036,271,None,Move,file system
1568634988.472,2036,268,None,Move,file system
1568634988.479,2036,265,None,Move,file system
1568634988.488,2036,263,None,Move,file system
1568634988.495,2036,262,None,Move,file system
1568634988.504,2036,261,None,Move,file system
1568634988.519,2036,260,None,Move,file system
1568634988.535,2036,258,None,Move,file system
1568634988.551,2036,257,None,Move,file system
1568634988.5670002,2036,255,None,Move,file system
1568634988.583,2037,254,None,Move,file system
1568634988.599,2038,252,None,Move,file system
1568634988.615,2038,250,None,Move,file system
1568634988.623,2039,248,None,Move,file system
1568634988.631,2040,247,None,Move,file system
1568634988.639,2044,244,None,Move,file system
1568634988.647,2046,243,None,Move,file system
1568634988.655,2049,239,None,Move,file system
1568634988.663,2052,237,None,Move,file system
1568634988.671,2056,236,None,Move,file system
1568634988.679,2056,235,None,Move,file system
1568634988.687,2056,234,None,Move,file system
1568634988.7429998,2057,234,None,Move,file system
1568634988.871,2058,233,None,Move,file system
1568634988.967,2059,233,Left,Pressed,file system
1568634988.967,2059,233,None,Drag,file system
1568634988.9829998,2061,236,None,Drag,file system
1568634988.9910002,2062,236,None,Drag,file system
1568634988.9989998,2063,237,None,Drag,file system
1568634989.0070002,2064,239,None,Drag,file system
1568634989.015,2065,239,None,Drag,file system
1568634989.0229998,2069,242,None,Drag,file system
1568634989.031,2081,249,None,Drag,file system
1568634989.039,2093,254,None,Drag,file system
1568634989.0470002,2105,258,None,Drag,file system
1568634989.055,2113,262,None,Drag,file system
1568634989.063,2122,266,None,Drag,file system
1568634989.071,2136,271,None,Drag,file system
1568634989.079,2155,276,None,Drag,file system
1568634989.0879998,2173,279,None,Drag,file system
1568634989.096,2187,279,None,Drag,file system
1568634989.103,2210,281,None,Drag,file system
1568634989.1120002,2226,285,None,Drag,file system
1568634989.119,2241,286,None,Drag,file system
1568634989.127,2254,286,None,Drag,file system
1568634989.135,2267,286,None,Drag,file system
1568634989.144,2276,286,None,Drag,file system
1568634989.151,2288,286,None,Drag,file system
1568634989.16,2299,288,None,Drag,file system
1568634989.167,2314,291,None,Drag,file system
1568634989.175,2326,291,None,Drag,file system
1568634989.1829998,2343,293,None,Drag,file system
1568634989.191,2354,293,None,Drag,file system
1568634989.199,2366,293,None,Drag,file system
1568634989.207,2372,293,None,Drag,file system
1568634989.215,2378,293,None,Drag,file system
1568634989.2229998,2379,293,None,Drag,file system
1568634989.2470002,2380,294,None,Drag,file system
1568634989.311,2380,294,None,Drag,file system
1568634989.327,2382,295,None,Drag,file system
1568634989.336,2383,295,None,Drag,file system
1568634989.343,2384,297,None,Drag,file system
1568634989.351,2385,298,None,Drag,file system
1568634989.36,2388,299,None,Drag,file system
1568634989.3679998,2388,299,None,Drag,file system
1568634989.375,2391,301,None,Drag,file system
1568634989.3839998,2392,302,None,Drag,file system
1568634989.408,2394,304,None,Drag,file system
1568634989.472,2395,305,None,Drag,file system
1568634989.48,2397,306,None,Drag,file system
1568634989.504,2398,308,None,Drag,file system
1568634989.5110002,2399,309,None,Drag,file system
1568634989.52,2400,310,None,Drag,file system
1568634989.5270002,2400,311,None,Drag,file system
1568634989.528,2400,311,Left,Released,file system
1568634989.784,2401,310,None,Move,file system
1568634989.792,2402,306,None,Move,file system
1568634989.8079998,2405,297,None,Move,file system
1568634989.816,2405,289,None,Move,file system
1568634989.824,2405,283,None,Move,file system
1568634989.832,2407,276,None,Move,file system
1568634989.84,2407,270,None,Move,file system
1568634989.847,2409,261,None,Move,file system
1568634989.856,2414,250,None,Move,file system
1568634989.863,2414,242,None,Move,file system
1568634989.871,2418,231,None,Move,file system
1568634989.879,2420,223,None,Move,file system
1568634989.887,2424,214,None,Move,file system
1568634989.895,2426,209,None,Move,file system
1568634989.904,2426,203,None,Move,file system
1568634989.9120002,2426,199,None,Move,file system
1568634989.919,2426,197,None,Move,file system
1568634989.927,2426,194,None,Move,file system
1568634989.935,2426,193,None,Move,file system
1568634989.9429998,2426,190,None,Move,file system
1568634989.951,2426,188,None,Move,file system
1568634989.959,2426,187,None,Move,file system
1568634989.967,2426,186,None,Move,file system
1568634989.975,2426,185,None,Move,file system
1568634989.9910002,2426,183,None,Move,file system
1568634989.9989998,2426,182,None,Move,file system
1568634990.0070002,2426,181,None,Move,file system
1568634990.015,2426,178,None,Move,file system
1568634990.0229998,2426,176,None,Move,file system
1568634990.031,2426,175,None,Move,file system
1568634990.039,2426,174,None,Move,file system
1568634990.0470002,2426,173,None,Move,file system
1568634990.063,2426,171,None,Move,file system
1568634990.071,2426,170,None,Move,file system
1568634990.144,2428,167,None,Move,file system
1568634990.1520002,2428,166,None,Move,file system
1568634990.168,2428,163,None,Move,file system
1568634990.176,2429,162,None,Move,file system
1568634990.1920002,2429,160,None,Move,file system
1568634990.216,2429,159,None,Move,file system
1568634990.2870002,2431,158,None,Move,file system
1568634990.295,2431,156,None,Move,file system
1568634990.311,2432,154,None,Move,file system
1568634990.319,2432,152,None,Move,file system
1568634990.335,2432,151,None,Move,file system
1568634990.52,2432,151,Left,Pressed,file system
1568634990.647,2432,151,Left,Released,file system
1568634990.847,2429,155,None,Move,file system
1568634990.855,2427,156,None,Move,file system
1568634990.863,2423,159,None,Move,file system
1568634990.875,2420,161,None,Move,file system
1568634990.887,2417,163,None,Move,file system
1568634990.8879998,2412,166,None,Move,file system
1568634990.896,2407,169,None,Move,file system
1568634990.904,2403,172,None,Move,file system
1568634990.9120002,2396,176,None,Move,file system
1568634990.92,2391,178,None,Move,file system
1568634990.928,2385,182,None,Move,file system
1568634990.936,2378,185,None,Move,file system
1568634990.944,2370,190,None,Move,file system
1568634990.951,2363,193,None,Move,file system
1568634990.959,2353,199,None,Move,file system
1568634990.967,2345,203,None,Move,file system
1568634990.975,2339,207,None,Move,file system
1568634990.9829998,2333,211,None,Move,file system
1568634990.9910002,2327,215,None,Move,file system
1568634990.9989998,2321,219,None,Move,file system
1568634991.0070002,2315,223,None,Move,file system
1568634991.015,2310,226,None,Move,file system
1568634991.0229998,2305,229,None,Move,file system
1568634991.031,2298,233,None,Move,file system
1568634991.039,2294,235,None,Move,file system
1568634991.0470002,2292,236,None,Move,file system
1568634991.055,2287,240,None,Move,file system
1568634991.063,2279,245,None,Move,file system
1568634991.072,2271,254,None,Move,file system
1568634991.079,2263,261,None,Move,file system
1568634991.087,2254,270,None,Move,file system
1568634991.095,2244,280,None,Move,file system
1568634991.103,2232,292,None,Move,file system
1568634991.111,2221,304,None,Move,file system
1568634991.119,2213,313,None,Move,file system
1568634991.127,2201,330,None,Move,file system
1568634991.135,2190,347,None,Move,file system
1568634991.143,2179,363,None,Move,file system
1568634991.151,2170,382,None,Move,file system
1568634991.159,2159,398,None,Move,file system
1568634991.167,2147,419,None,Move,file system
1568634991.175,2134,440,None,Move,file system
1568634991.1829998,2119,462,None,Move,file system
1568634991.191,2103,484,None,Move,file system
1568634991.199,2085,509,None,Move,file system
1568634991.207,2065,532,None,Move,file system
1568634991.215,2054,544,None,Move,file system
1568634991.2229998,2027,573,None,Move,file system
1568634991.231,2006,596,None,Move,file system
1568634991.24,1984,619,None,Move,file system
1568634991.248,1966,638,None,Move,file system
1568634991.256,1948,656,None,Move,file system
1568634991.264,1936,670,None,Move,file system
1568634991.272,1921,688,None,Move,file system
1568634991.28,1911,702,None,Move,file system
1568634991.288,1901,716,None,Move,file system
1568634991.296,1894,725,None,Move,file system
1568634991.304,1888,733,None,Move,file system
1568634991.312,1879,742,None,Move,file system
1568634991.32,1872,747,None,Move,file system
1568634991.3279998,1866,751,None,Move,file system
1568634991.335,1858,753,None,Move,file system
1568634991.344,1849,755,None,Move,file system
1568634991.351,1839,760,None,Move,file system
1568634991.36,1829,761,None,Move,file system
1568634991.367,1819,764,None,Move,file system
1568634991.3760002,1811,766,None,Move,file system
1568634991.383,1803,766,None,Move,file system
1568634991.3920002,1800,766,None,Move,file system
1568634991.399,1798,766,None,Move,file system
1568634991.615,1798,763,None,Move,file system
1568634991.6239998,1810,747,None,Move,file system
1568634991.641,1844,720,None,Move,file system
1568634991.6479998,1880,694,None,Move,file system
1568634991.656,1923,662,None,Move,file system
1568634991.664,1967,631,None,Move,file system
1568634991.6720002,2006,595,None,Move,file system
1568634991.68,2046,556,None,Move,file system
1568634991.688,2083,519,None,Move,file system
1568634991.696,2118,479,None,Move,file system
1568634991.704,2144,446,None,Move,file system
1568634991.711,2169,416,None,Move,file system
1568634991.719,2186,386,None,Move,file system
1568634991.7270002,2198,365,None,Move,file system
1568634991.735,2210,344,None,Move,file system
1568634991.744,2217,333,None,Move,file system
1568634991.7510002,2219,323,None,Move,file system
1568634991.7589998,2222,317,None,Move,file system
1568634991.7670002,2223,313,None,Move,file system
1568634991.775,2224,312,None,Move,file system
1568634991.847,2224,312,None,Move,file system
1568634992.032,2232,308,None,Move,file system
1568634992.04,2253,302,None,Move,file system
1568634992.0570002,2286,292,None,Move,file system
1568634992.064,2306,287,None,Move,file system
1568634992.072,2320,282,None,Move,file system
1568634992.079,2333,280,None,Move,file system
1568634992.087,2347,277,None,Move,file system
1568634992.096,2359,273,None,Move,file system
1568634992.103,2374,271,None,Move,file system
1568634992.111,2394,268,None,Move,file system
1568634992.119,2420,265,None,Move,file system
1568634992.127,2455,258,None,Move,file system
1568634992.135,2491,254,None,Move,file system
1568634992.143,2528,247,None,Move,file system
1568634992.151,2559,244,None,Move,file system
1568634992.159,2594,237,None,Move,file system
1568634992.167,2617,234,None,Move,file system
1568634992.175,2637,232,None,Move,file system
1568634992.1829998,2655,229,None,Move,file system
1568634992.191,2663,229,None,Move,file system
1568634992.199,2668,227,None,Move,file system
1568634992.207,2668,227,None,Move,file system
1568634992.215,2669,227,None,Move,file system
1568634992.4320002,2674,227,None,Move,file system
1568634992.44,2684,227,None,Move,file system
1568634992.448,2699,229,None,Move,file system
1568634992.461,2719,231,None,Move,file system
1568634992.475,2770,234,None,Move,file system
1568634992.48,2793,237,None,Move,file system
1568634992.4870002,2824,240,None,Move,file system
1568634992.495,2849,244,None,Move,file system
1568634992.5029998,2883,247,None,Move,file system
1568634992.5110002,2905,247,None,Move,file system
1568634992.519,2928,250,None,Move,file system
1568634992.5270002,2940,252,None,Move,file system
1568634992.535,2950,252,None,Move,file system
1568634992.543,2954,252,None,Move,file system
1568634992.551,2955,252,None,Move,file system
1568634992.647,2955,253,None,Move,file system
1568634992.847,2955,254,None,Move,file system
1568634992.855,2955,255,None,Move,file system
1568634992.8720002,2955,260,None,Move,file system
1568634992.879,2955,261,None,Move,file system
1568634992.887,2955,262,None,Move,file system
1568634992.895,2955,263,None,Move,file system
1568634992.903,2954,265,None,Move,file system
1568634992.911,2954,268,None,Move,file system
1568634992.919,2954,269,None,Move,file system
1568634992.935,2954,270,None,Move,file system
1568634992.9910002,2954,272,None,Move,file system
1568634992.9989998,2952,273,None,Move,file system
1568634993.0070002,2952,278,None,Move,file system
1568634993.02,2952,279,None,Move,file system
1568634993.033,2957,291,None,Move,file system
1568634993.039,2963,297,None,Move,file system
1568634993.0470002,2967,303,None,Move,file system
1568634993.055,2971,307,None,Move,file system
1568634993.063,2974,311,None,Move,file system
1568634993.071,2976,314,None,Move,file system
1568634993.079,2980,317,None,Move,file system
1568634993.087,2981,319,None,Move,file system
1568634993.096,2982,320,None,Move,file system
1568634993.103,2985,322,None,Move,file system
1568634993.1120002,2985,323,None,Move,file system
1568634993.5670002,2985,324,None,Move,file system
1568634993.647,2985,327,None,Move,file system
1568634993.655,2985,330,None,Move,file system
1568634993.663,2985,331,None,Move,file system
1568634993.671,2985,334,None,Move,file system
1568634993.679,2985,336,None,Move,file system
1568634993.687,2985,337,None,Move,file system
1568634993.695,2985,340,None,Move,file system
1568634993.7029998,2985,343,None,Move,file system
1568634993.711,2985,348,None,Move,file system
1568634993.719,2985,351,None,Move,file system
1568634993.7270002,2986,357,None,Move,file system
1568634993.735,2987,363,None,Move,file system
1568634993.7429998,2989,370,None,Move,file system
1568634993.752,2991,373,None,Move,file system
1568634993.7589998,2993,379,None,Move,file system
1568634993.7670002,2995,385,None,Move,file system
1568634993.775,2997,393,None,Move,file system
1568634993.783,3001,399,None,Move,file system
1568634993.791,3005,404,None,Move,file system
1568634993.799,3009,411,None,Move,file system
1568634993.8079998,3012,416,None,Move,file system
1568634993.815,3014,420,None,Move,file system
1568634993.823,3015,423,None,Move,file system
1568634993.831,3018,426,None,Move,file system
1568634993.839,3019,428,None,Move,file system
1568634993.8479998,3021,431,None,Move,file system
1568634993.855,3022,435,None,Move,file system
1568634993.863,3026,441,None,Move,file system
1568634993.871,3028,446,None,Move,file system
1568634993.88,3031,451,None,Move,file system
1568634993.8879998,3036,456,None,Move,file system
1568634993.896,3039,461,None,Move,file system
1568634993.904,3042,464,None,Move,file system
1568634993.9120002,3042,467,None,Move,file system
1568634993.92,3040,470,None,Move,file system
1568634993.928,3039,471,None,Move,file system
1568634994.272,3039,472,None,Move,file system
1568634995.535,3039,482,None,Move,file system
1568634995.543,3039,489,None,Move,file system
1568634995.551,3039,493,None,Move,file system
1568634995.559,3039,501,None,Move,file system
1568634995.5670002,3039,504,None,Move,file system
1568634995.575,3039,510,None,Move,file system
1568634995.583,3039,514,None,Move,file system
1568634995.591,3041,520,None,Move,file system
1568634995.599,3039,523,None,Move,file system
1568634995.607,3041,528,None,Move,file system
1568634995.615,3039,531,None,Move,file system
1568634995.623,3039,534,None,Move,file system
1568634995.631,3039,537,None,Move,file system
1568634995.639,3039,540,None,Move,file system
1568634995.647,3039,543,None,Move,file system
1568634995.655,3041,546,None,Move,file system
1568634995.663,3039,552,None,Move,file system
1568634995.671,3039,560,None,Move,file system
1568634995.679,3039,568,None,Move,file system
1568634995.687,3039,576,None,Move,file system
1568634995.695,3039,586,None,Move,file system
1568634995.704,3039,597,None,Move,file system
1568634995.711,3039,608,None,Move,file system
1568634995.72,3039,617,None,Move,file system
1568634995.7270002,3039,626,None,Move,file system
1568634995.735,3041,637,None,Move,file system
1568634995.7429998,3039,644,None,Move,file system
1568634995.752,3039,648,None,Move,file system
1568634995.7589998,3039,653,None,Move,file system
1568634995.768,3039,655,None,Move,file system
1568634995.776,3039,658,None,Move,file system
1568634995.784,3039,659,None,Move,file system
1568634995.792,3039,660,None,Move,file system
1568634995.8,3039,661,None,Move,file system
1568634995.8070002,3039,663,None,Move,file system
1568634996.7270002,3039,659,None,Move,file system
1568634996.735,3039,657,None,Move,file system
1568634996.752,3039,653,None,Move,file system
1568634996.7589998,3039,650,None,Move,file system
1568634996.7670002,3038,645,None,Move,file system
1568634996.775,3038,642,None,Move,file system
1568634996.783,3038,637,None,Move,file system
1568634996.791,3038,631,None,Move,file system
1568634996.799,3038,626,None,Move,file system
1568634996.8070002,3038,618,None,Move,file system
1568634996.815,3038,615,None,Move,file system
1568634996.823,3038,612,None,Move,file system
1568634996.831,3039,609,None,Move,file system
1568634996.839,3040,605,None,Move,file system
1568634996.847,3041,604,None,Move,file system
1568634996.855,3040,599,None,Move,file system
1568634996.8720002,3042,594,None,Move,file system
1568634996.879,3042,592,None,Move,file system
1568634996.8879998,3040,590,None,Move,file system
1568634996.896,3041,587,None,Move,file system
1568634996.904,3040,586,None,Move,file system
1568634996.9120002,3040,583,None,Move,file system
1568634996.936,3040,582,None,Move,file system
1568634996.952,3040,582,None,Move,file system
1568634996.959,3040,581,None,Move,file system
1568634996.967,3040,579,None,Move,file system
1568634996.976,3039,579,None,Move,file system
1568634996.9829998,3041,578,None,Move,file system
1568634997.1360002,3039,576,None,Move,file system
1568634997.199,3039,575,None,Move,file system
1568634997.207,3039,573,None,Move,file system
1568634997.225,3039,566,None,Move,file system
1568634997.231,3039,565,None,Move,file system
1568634997.24,3037,561,None,Move,file system
1568634997.2470002,3031,552,None,Move,file system
1568634997.255,3026,545,None,Move,file system
1568634997.264,3022,539,None,Move,file system
1568634997.272,3015,527,None,Move,file system
1568634997.28,3008,519,None,Move,file system
1568634997.288,3008,517,None,Move,file system
1568634997.296,3003,507,None,Move,file system
1568634997.304,2998,497,None,Move,file system
1568634997.312,2996,489,None,Move,file system
1568634997.32,2996,481,None,Move,file system
1568634997.327,2994,470,None,Move,file system
1568634997.335,2994,462,None,Move,file system
1568634997.343,2993,453,None,Move,file system
1568634997.351,2992,446,None,Move,file system
1568634997.36,2990,437,None,Move,file system
1568634997.367,2990,429,None,Move,file system
1568634997.3760002,2990,426,None,Move,file system
1568634997.383,2990,421,None,Move,file system
1568634997.3920002,2990,416,None,Move,file system
1568634997.399,2990,413,None,Move,file system
1568634997.407,2990,410,None,Move,file system
1568634997.415,2990,407,None,Move,file system
1568634997.423,2990,402,None,Move,file system
1568634997.431,2990,401,None,Move,file system
1568634997.439,2990,398,None,Move,file system
1568634997.447,2990,395,None,Move,file system
1568634997.455,2990,392,None,Move,file system
1568634997.4629998,2990,388,None,Move,file system
1568634997.471,2990,383,None,Move,file system
1568634997.479,2990,380,None,Move,file system
1568634997.4870002,2990,377,None,Move,file system
1568634997.495,2990,374,None,Move,file system
1568634997.5029998,2990,370,None,Move,file system
1568634997.5110002,2990,366,None,Move,file system
1568634997.519,2990,361,None,Move,file system
1568634997.5270002,2990,358,None,Move,file system
1568634997.535,2990,353,None,Move,file system
1568634997.543,2990,347,None,Move,file system
1568634997.551,2990,344,None,Move,file system
1568634997.559,2990,339,None,Move,file system
1568634997.5679998,2990,334,None,Move,file system
1568634997.575,2990,329,None,Move,file system
1568634997.584,2990,323,None,Move,file system
1568634997.592,2990,318,None,Move,file system
1568634997.599,2990,312,None,Move,file system
1568634997.607,2990,307,None,Move,file system
1568634997.615,2990,301,None,Move,file system
1568634997.6239998,2990,298,None,Move,file system
1568634997.6320002,2990,295,None,Move,file system
1568634997.64,2990,291,None,Move,file system
1568634997.6479998,2990,289,None,Move,file system
1568634997.656,2990,288,None,Move,file system
1568634997.664,2990,285,None,Move,file system
1568634997.6720002,2990,282,None,Move,file system
1568634997.68,2990,281,None,Move,file system
1568634997.688,2990,278,None,Move,file system
1568634997.696,2992,276,None,Move,file system
1568634997.704,2992,273,None,Move,file system
1568634997.711,2992,270,None,Move,file system
1568634997.72,2992,270,None,Move,file system
1568634997.7270002,2992,269,None,Move,file system
1568634997.735,2992,266,None,Move,file system
1568634997.744,2992,263,None,Move,file system
1568634997.7510002,2993,261,None,Move,file system
1568634997.76,2995,259,None,Move,file system
1568634997.7670002,2999,254,None,Move,file system
1568634997.775,3000,252,None,Move,file system
1568634997.783,3001,250,None,Move,file system
1568634997.791,3002,248,None,Move,file system
1568634997.799,3006,245,None,Move,file system
1568634997.8070002,3007,243,None,Move,file system
1568634997.815,3009,242,None,Move,file system
1568634997.823,3009,241,None,Move,file system
1568634997.831,3011,239,None,Move,file system
1568634997.839,3012,237,None,Move,file system
1568634997.847,3013,235,None,Move,file system
1568634997.855,3015,233,None,Move,file system
1568634997.863,3017,229,None,Move,file system
1568634997.871,3018,226,None,Move,file system
1568634997.879,3020,225,None,Move,file system
1568634997.887,3021,223,None,Move,file system
1568634997.895,3023,220,None,Move,file system
1568634997.903,3024,219,None,Move,file system
1568634997.911,3025,216,None,Move,file system
1568634997.92,3026,216,None,Move,file system
1568634997.927,3027,215,None,Move,file system
1568634997.935,3027,213,None,Move,file system
1568634997.9429998,3027,213,None,Move,file system
1568634997.951,3028,212,None,Move,file system
1568634997.96,3029,211,None,Move,file system
1568634998.016,3029,208,None,Move,file system
1568634998.024,3029,207,None,Move,file system
1568634998.04,3029,205,None,Move,file system
1568634998.048,3029,204,None,Move,file system
1568634998.135,3029,203,None,Move,file system
1568634998.143,3029,202,None,Move,file system
1568634998.167,3031,200,None,Move,file system
1568634998.175,3031,199,None,Move,file system
1568634998.543,3031,198,None,Move,file system
1568634998.551,3032,201,None,Move,file system
1568634998.5679998,3032,209,None,Move,file system
1568634998.575,3032,214,None,Move,file system
1568634998.583,3032,222,None,Move,file system
1568634998.591,3032,233,None,Move,file system
1568634998.599,3032,246,None,Move,file system
1568634998.607,3032,257,None,Move,file system
1568634998.615,3032,271,None,Move,file system
1568634998.623,3032,288,None,Move,file system
1568634998.631,3032,307,None,Move,file system
1568634998.639,3032,329,None,Move,file system
1568634998.647,3032,353,None,Move,file system
1568634998.655,3032,378,None,Move,file system
1568634998.663,3032,405,None,Move,file system
1568634998.671,3032,430,None,Move,file system
1568634998.679,3035,453,None,Move,file system
1568634998.687,3035,467,None,Move,file system
1568634998.695,3035,482,None,Move,file system
1568634998.7029998,3035,498,None,Move,file system
1568634998.711,3035,510,None,Move,file system
1568634998.719,3035,523,None,Move,file system
1568634998.7270002,3035,534,None,Move,file system
1568634998.735,3035,546,None,Move,file system
1568634998.7429998,3035,557,None,Move,file system
1568634998.7510002,3035,567,None,Move,file system
1568634998.7589998,3035,579,None,Move,file system
1568634998.7670002,3035,589,None,Move,file system
1568634998.775,3035,600,None,Move,file system
1568634998.783,3035,611,None,Move,file system
1568634998.791,3035,621,None,Move,file system
1568634998.799,3035,633,None,Move,file system
1568634998.8070002,3035,645,None,Move,file system
1568634998.815,3037,657,None,Move,file system
1568634998.823,3037,672,None,Move,file system
1568634998.831,3037,682,None,Move,file system
1568634998.839,3037,690,None,Move,file system
1568634998.8479998,3037,698,None,Move,file system
1568634998.856,3037,709,None,Move,file system
1568634998.8639998,3037,717,None,Move,file system
1568634998.8720002,3037,728,None,Move,file system
1568634998.88,3037,736,None,Move,file system
1568634998.887,3037,749,None,Move,file system
1568634998.896,3037,761,None,Move,file system
1568634998.904,3037,773,None,Move,file system
1568634998.911,3037,783,None,Move,file system
1568634998.919,3037,794,None,Move,file system
1568634998.927,3037,806,None,Move,file system
1568634998.935,3037,815,None,Move,file system
1568634998.9429998,3037,826,None,Move,file system
1568634998.951,3037,834,None,Move,file system
1568634998.959,3037,842,None,Move,file system
1568634998.967,3037,850,None,Move,file system
1568634998.975,3037,855,None,Move,file system
1568634998.9829998,3037,861,None,Move,file system
1568634998.9910002,3037,866,None,Move,file system
1568634998.9989998,3037,872,None,Move,file system
1568634999.0070002,3037,877,None,Move,file system
1568634999.015,3037,884,None,Move,file system
1568634999.0229998,3037,893,None,Move,file system
1568634999.031,3037,901,None,Move,file system
1568634999.039,3037,907,None,Move,file system
1568634999.0470002,3037,907,None,Move,file system
1568634999.055,3037,907,None,Move,file system
1568634999.063,3037,907,None,Move,file system
1568634999.071,3037,907,None,Move,file system
1568634999.079,3037,907,None,Move,file system
1568634999.087,3037,905,None,Move,file system
1568634999.095,3037,904,None,Move,file system
1568634999.104,3037,905,None,Move,file system
1568634999.111,3037,902,None,Move,file system
1568634999.12,3037,902,None,Move,file system
1568634999.127,3037,902,None,Move,file system
1568634999.135,3037,900,None,Move,file system
1568634999.143,3037,902,None,Move,file system
1568634999.151,3037,902,None,Move,file system
1568634999.159,3037,902,None,Move,file system
1568634999.167,3037,902,None,Move,file system
1568634999.176,3037,902,None,Move,file system
1568634999.1829998,3037,902,None,Move,file system
1568634999.1920002,3037,902,None,Move,file system
1568634999.199,3037,904,None,Move,file system
1568634999.208,3037,902,None,Move,file system
1568634999.216,3037,902,None,Move,file system
1568634999.224,3037,902,None,Move,file system
1568634999.232,3037,904,None,Move,file system
1568634999.24,3037,902,None,Move,file system
1568634999.248,3037,902,None,Move,file system
1568634999.256,3037,904,None,Move,file system
1568634999.264,3037,902,None,Move,file system
1568634999.272,3037,902,None,Move,file system
1568634999.279,3037,904,None,Move,file system
1568634999.288,3037,904,None,Move,file system
1568634999.295,3037,906,None,Move,file system
1568634999.303,3037,906,None,Move,file system
1568634999.312,3037,907,None,Move,file system
1568634999.319,3037,904,None,Move,file system
1568634999.327,3037,907,None,Move,file system
1568634999.335,3037,905,None,Move,file system
1568634999.343,3037,907,None,Move,file system
1568634999.351,3037,907,None,Move,file system
1568634999.359,3037,907,None,Move,file system
1568634999.367,3037,904,None,Move,file system
1568634999.375,3037,905,None,Move,file system
1568634999.383,3037,902,None,Move,file system
1568634999.391,3037,902,None,Move,file system
1568634999.399,3037,900,None,Move,file system
1568634999.407,3037,900,None,Move,file system
1568634999.831,3038,900,None,Move,file system
1568634999.8720002,3039,899,None,Move,file system
1568634999.879,3039,899,None,Move,file system
1568634999.904,3043,895,None,Move,file system
1568634999.9120002,3040,889,None,Move,file system
1568634999.919,3041,883,None,Move,file system
1568634999.928,3041,877,None,Move,file system
1568634999.935,3041,874,None,Move,file system
1568634999.944,3041,871,None,Move,file system
1568634999.952,3041,865,None,Move,file system
1568634999.959,3039,861,None,Move,file system
1568634999.968,3039,857,None,Move,file system
1568634999.976,3040,851,None,Move,file system
1568634999.984,3039,848,None,Move,file system
1568634999.992,3039,845,None,Move,file system
1568635000.0,3039,841,None,Move,file system
1568635000.008,3039,837,None,Move,file system
1568635000.016,3039,835,None,Move,file system
1568635000.0229998,3039,834,None,Move,file system
1568635000.031,3039,833,None,Move,file system
1568635000.039,3039,832,None,Move,file system
1568635000.199,3039,830,None,Move,file system
1568635000.208,3039,829,None,Move,file system
1568635000.215,3039,824,None,Move,file system
1568635000.228,3041,823,None,Move,file system
1568635000.24,3039,818,None,Move,file system
1568635000.2470002,3039,817,None,Move,file system
1568635000.255,3039,816,None,Move,file system
1568635001.0879998,3039,816,None,Move,file system
1568635001.464,3039,817,None,Move,file system
