client_timestamp,x,y,button,state,window
1569401395.8479998,1049,502,None,Move,development
1569401395.8639998,1049,502,None,Move,development
1569401395.8720002,1048,502,None,Move,development
1569401395.8820002,1046,502,None,Move,development
1569401395.889,1044,504,None,Move,development
1569401395.896,1043,505,None,Move,development
1569401395.901,1043,508,None,Move,development
1569401395.91,1043,510,None,Move,development
1569401395.917,1043,512,None,Move,development
1569401395.925,1044,513,None,Move,development
1569401395.9329998,1044,514,None,Move,development
1569401395.941,1047,519,None,Move,development
1569401396.096,1050,512,None,Move,development
1569401396.11,1054,512,None,Move,development
1569401396.121,1060,510,None,Move,development
1569401396.13,1066,508,None,Move,development
1569401396.1360002,1072,506,None,Move,development
1569401396.144,1077,504,None,Move,development
1569401396.1520002,1082,500,None,Move,development
1569401396.159,1082,498,None,Move,development
1569401396.166,1082,495,None,Move,development
1569401396.174,1082,493,None,Move,development
1569401396.181,1082,491,None,Move,development
1569401396.19,1081,487,None,Move,development
1569401396.198,1079,479,None,Move,development
1569401396.206,1074,465,None,Move,development
1569401396.2129998,1073,447,None,Move,development
1569401396.22,1073,433,None,Move,development
1569401396.228,1073,421,None,Move,development
1569401396.235,1073,409,None,Move,development
1569401396.2429998,1070,398,None,Move,development
1569401396.2510002,1066,388,None,Move,development
1569401396.26,1060,377,None,Move,development
1569401396.2670002,1051,362,None,Move,development
1569401396.275,1038,346,None,Move,development
1569401396.284,1025,331,None,Move,development
1569401396.289,1009,315,None,Move,development
1569401396.298,996,300,None,Move,development
1569401396.306,982,285,None,Move,development
1569401396.313,970,270,None,Move,development
1569401396.321,960,260,None,Move,development
1569401396.33,951,249,None,Move,development
1569401396.336,943,240,None,Move,development
1569401396.344,937,234,None,Move,development
1569401396.3520002,933,228,None,Move,development
1569401396.36,929,224,None,Move,development
1569401396.3679998,927,222,None,Move,development
1569401396.3760002,926,220,None,Move,development
1569401396.585,926,220,None,Move,development
1569401396.593,929,218,None,Move,development
1569401396.6020002,937,213,None,Move,development
1569401396.6120002,947,206,None,Move,development
1569401396.617,957,202,None,Move,development
1569401396.625,965,197,None,Move,development
1569401396.631,973,191,None,Move,development
1569401396.641,980,186,None,Move,development
1569401396.647,984,181,None,Move,development
1569401396.655,989,176,None,Move,development
1569401396.6620002,993,173,None,Move,development
1569401396.67,996,168,None,Move,development
1569401396.678,1000,163,None,Move,development
1569401396.686,1003,158,None,Move,development
1569401396.6929998,1007,152,None,Move,development
1569401396.701,1009,147,None,Move,development
1569401396.71,1011,141,None,Move,development
1569401396.715,1012,137,None,Move,development
1569401396.725,1013,132,None,Move,development
1569401396.734,1013,129,None,Move,development
1569401396.7389998,1013,127,None,Move,development
1569401396.748,1013,125,None,Move,development
1569401396.756,1013,123,None,Move,development
1569401396.764,1013,121,None,Move,development
1569401396.769,1013,119,None,Move,development
1569401396.778,1013,117,None,Move,development
1569401396.786,1012,116,None,Move,development
1569401396.794,1011,114,None,Move,development
1569401396.802,1010,113,None,Move,development
1569401396.81,1010,111,None,Move,development
1569401396.8179998,1009,109,None,Move,development
1569401396.826,1008,107,None,Move,development
1569401396.834,1007,106,None,Move,development
1569401396.84,1007,104,None,Move,development
1569401396.8479998,1005,104,None,Move,development
1569401396.856,1005,102,None,Move,development
1569401396.8639998,1003,102,None,Move,development
1569401396.8720002,1002,100,None,Move,development
1569401396.88,1000,100,None,Move,development
1569401396.8879998,1000,98,None,Move,development
1569401396.895,998,98,None,Move,development
1569401396.9020002,998,97,None,Move,development
1569401396.91,997,96,None,Move,development
1569401396.918,996,95,None,Move,development
1569401396.926,995,95,None,Move,development
1569401396.934,994,93,None,Move,development
1569401396.9429998,994,93,None,Move,development
1569401396.95,993,92,None,Move,development
1569401396.956,992,92,None,Move,development
1569401396.964,992,91,None,Move,development
1569401396.972,991,90,None,Move,development
1569401396.98,991,90,None,Move,development
1569401396.988,990,90,None,Move,development
1569401397.004,990,89,None,Move,development
1569401403.244,990,89,Left,Pressed,development
1569401403.3520002,990,89,Left,Released,development
1569401403.615,989,90,None,Move,development
1569401403.623,987,96,None,Move,development
1569401403.6320002,985,101,None,Move,development
1569401403.64,982,107,None,Move,development
1569401403.647,978,114,None,Move,development
1569401403.656,975,122,None,Move,development
1569401403.6620002,971,129,None,Move,development
1569401403.67,968,137,None,Move,development
1569401403.678,963,147,None,Move,development
1569401403.686,955,162,None,Move,development
1569401403.694,950,172,None,Move,development
1569401403.701,946,183,None,Move,development
1569401403.71,942,192,None,Move,development
1569401403.716,937,203,None,Move,development
1569401403.725,933,212,None,Move,development
1569401403.732,929,220,None,Move,development
1569401403.74,925,229,None,Move,development
1569401403.748,919,236,None,Move,development
1569401403.755,914,242,None,Move,development
1569401403.764,910,248,None,Move,development
1569401403.772,908,253,None,Move,development
1569401403.778,906,258,None,Move,development
1569401403.786,903,262,None,Move,development
1569401403.793,901,267,None,Move,development
1569401403.802,898,270,None,Move,development
1569401403.809,897,275,None,Move,development
1569401403.8179998,896,278,None,Move,development
1569401403.826,896,280,None,Move,development
1569401403.834,896,283,None,Move,development
1569401403.842,896,285,None,Move,development
1569401403.8479998,896,287,None,Move,development
1569401403.856,896,289,None,Move,development
1569401403.8639998,896,290,None,Move,development
1569401403.8720002,896,290,None,Move,development
1569401403.88,896,292,None,Move,development
1569401403.8879998,896,295,None,Move,development
1569401403.8979998,896,298,None,Move,development
1569401403.904,896,301,None,Move,development
1569401403.91,896,303,None,Move,development
1569401403.92,896,306,None,Move,development
1569401403.926,896,309,None,Move,development
1569401403.934,896,312,None,Move,development
1569401403.9420002,896,315,None,Move,development
1569401403.95,896,316,None,Move,development
1569401404.074,896,315,None,Move,development
1569401404.092,899,313,None,Move,development
1569401404.103,901,313,None,Move,development
1569401404.1120002,903,313,None,Move,development
1569401404.12,904,313,None,Move,development
1569401404.127,905,312,None,Move,development
1569401404.135,906,312,None,Move,development
1569401404.144,907,312,None,Move,development
1569401404.151,907,312,None,Move,development
1569401404.157,908,311,None,Move,development
1569401404.166,908,311,None,Move,development
1569401404.174,909,311,None,Move,development
1569401404.1820002,910,311,None,Move,development
1569401404.19,910,311,None,Move,development
1569401404.198,911,310,None,Move,development
1569401404.206,911,310,None,Move,development
1569401404.22,912,310,None,Move,development
1569401404.252,912,309,None,Move,development
1569401404.268,913,309,None,Move,development
1569401404.281,913,309,None,Move,development
1569401404.29,914,309,None,Move,development
1569401404.298,914,310,None,Move,development
1569401404.306,914,310,None,Move,development
1569401404.314,914,311,None,Move,development
1569401404.322,915,311,None,Move,development
1569401404.329,915,311,None,Move,development
1569401404.3379998,916,312,None,Move,development
1569401404.344,916,313,None,Move,development
1569401404.3520002,917,313,None,Move,development
1569401404.36,918,314,None,Move,development
1569401404.3679998,919,314,None,Move,development
1569401404.3760002,920,314,None,Move,development
1569401404.3839998,921,315,None,Move,development
1569401404.3920002,924,316,None,Move,development
1569401404.4,926,317,None,Move,development
1569401404.408,928,317,None,Move,development
1569401404.414,930,318,None,Move,development
1569401404.4220002,933,318,None,Move,development
1569401404.43,935,318,None,Move,development
1569401404.438,937,318,None,Move,development
1569401404.446,940,318,None,Move,development
1569401404.454,942,318,None,Move,development
1569401404.46,944,318,None,Move,development
1569401404.468,946,318,None,Move,development
1569401404.476,948,317,None,Move,development
1569401404.484,951,316,None,Move,development
1569401404.492,952,315,None,Move,development
1569401404.5,953,314,None,Move,development
1569401404.508,955,313,None,Move,development
1569401404.516,955,312,None,Move,development
1569401404.522,956,311,None,Move,development
1569401404.529,956,309,None,Move,development
1569401404.538,956,308,None,Move,development
1569401404.545,955,307,None,Move,development
1569401404.553,952,305,None,Move,development
1569401404.562,948,302,None,Move,development
1569401404.569,944,301,None,Move,development
1569401404.577,939,300,None,Move,development
1569401404.585,933,300,None,Move,development
1569401404.591,926,300,None,Move,development
1569401404.6,915,300,None,Move,development
1569401404.607,902,300,None,Move,development
1569401404.6160002,886,300,None,Move,development
1569401404.6239998,867,300,None,Move,development
1569401404.6320002,841,299,None,Move,development
1569401404.64,811,299,None,Move,development
1569401404.6479998,773,299,None,Move,development
1569401404.654,735,300,None,Move,development
1569401404.6620002,694,300,None,Move,development
1569401404.669,651,300,None,Move,development
1569401404.677,607,299,None,Move,development
1569401404.685,564,299,None,Move,development
1569401404.6929998,520,299,None,Move,development
1569401404.701,477,299,None,Move,development
1569401404.71,436,299,None,Move,development
1569401404.718,393,297,None,Move,development
1569401404.724,356,294,None,Move,development
1569401404.731,320,289,None,Move,development
1569401404.7389998,291,284,None,Move,development
1569401404.7470002,261,277,None,Move,development
1569401404.755,240,273,None,Move,development
1569401404.7629998,225,271,None,Move,development
1569401404.772,211,266,None,Move,development
1569401404.7770002,197,263,None,Move,development
1569401404.786,186,260,None,Move,development
1569401404.794,176,254,None,Move,development
1569401404.801,168,251,None,Move,development
1569401404.81,161,248,None,Move,development
1569401404.8179998,154,244,None,Move,development
1569401404.826,148,240,None,Move,development
1569401404.832,143,236,None,Move,development
1569401404.839,136,231,None,Move,development
1569401404.8479998,129,224,None,Move,development
1569401404.856,123,218,None,Move,development
1569401404.8639998,117,212,None,Move,development
1569401404.8720002,112,206,None,Move,development
1569401404.88,107,200,None,Move,development
1569401404.8879998,103,194,None,Move,development
1569401404.894,99,190,None,Move,development
1569401404.9020002,96,187,None,Move,development
1569401404.91,94,183,None,Move,development
1569401404.918,90,179,None,Move,development
1569401404.926,89,176,None,Move,development
1569401404.934,86,173,None,Move,development
1569401404.9420002,84,170,None,Move,development
1569401404.95,84,168,None,Move,development
1569401404.958,82,167,None,Move,development
1569401404.964,82,166,None,Move,development
1569401404.972,82,166,None,Move,development
1569401404.98,82,165,None,Move,development
1569401404.988,81,165,None,Move,development
1569401404.996,81,164,None,Move,development
1569401405.004,81,163,None,Move,development
1569401405.111,80,163,None,Move,development
1569401405.1260002,79,164,None,Move,development
1569401405.1360002,77,164,None,Move,development
1569401405.1420002,72,167,None,Move,development
1569401405.149,69,168,None,Move,development
1569401405.158,64,170,None,Move,development
1569401405.166,61,172,None,Move,development
1569401405.174,56,175,None,Move,development
1569401405.1820002,52,177,None,Move,development
1569401405.19,48,179,None,Move,development
1569401405.197,45,181,None,Move,development
1569401405.206,43,182,None,Move,development
1569401405.211,41,184,None,Move,development
1569401405.22,39,185,None,Move,development
1569401405.228,38,186,None,Move,development
1569401405.236,37,188,None,Move,development
1569401405.244,37,189,None,Move,development
1569401405.252,36,191,None,Move,development
1569401405.26,36,193,None,Move,development
1569401405.268,35,197,None,Move,development
1569401405.274,35,200,None,Move,development
1569401405.282,35,203,None,Move,development
1569401405.29,35,205,None,Move,development
1569401405.298,35,208,None,Move,development
1569401405.306,36,210,None,Move,development
1569401405.314,37,212,None,Move,development
1569401405.322,38,214,None,Move,development
1569401405.33,39,216,None,Move,development
1569401405.336,40,217,None,Move,development
1569401405.3520002,40,218,None,Move,development
1569401405.36,40,218,None,Move,development
1569401405.4529998,40,217,None,Move,development
1569401405.461,40,216,None,Move,development
1569401405.467,40,215,None,Move,development
1569401405.475,40,215,None,Move,development
1569401405.4829998,40,214,None,Move,development
1569401405.4910002,39,211,None,Move,development
1569401405.4989998,39,210,None,Move,development
1569401405.5070002,39,209,None,Move,development
1569401405.516,38,207,None,Move,development
1569401405.521,38,205,None,Move,development
1569401405.53,37,204,None,Move,development
1569401405.5370002,37,202,None,Move,development
1569401405.546,37,200,None,Move,development
1569401405.553,37,198,None,Move,development
1569401405.561,37,197,None,Move,development
1569401405.569,36,195,None,Move,development
1569401405.577,36,193,None,Move,development
1569401405.583,36,191,None,Move,development
1569401405.592,36,190,None,Move,development
1569401405.6,35,188,None,Move,development
1569401405.61,35,186,None,Move,development
1569401405.6160002,35,184,None,Move,development
1569401405.6239998,35,183,None,Move,development
1569401405.6320002,35,182,None,Move,development
1569401405.64,35,180,None,Move,development
1569401405.646,35,178,None,Move,development
1569401405.654,35,177,None,Move,development
1569401405.6620002,35,176,None,Move,development
1569401405.67,35,175,None,Move,development
1569401405.678,35,174,None,Move,development
1569401405.686,35,173,None,Move,development
1569401405.694,35,172,None,Move,development
1569401405.7,35,171,None,Move,development
1569401405.708,35,170,None,Move,development
1569401405.716,35,170,None,Move,development
1569401405.74,35,169,None,Move,development
1569401405.748,35,169,None,Move,development
1569401405.756,35,168,None,Move,development
1569401405.77,35,168,None,Move,development
1569401405.786,35,167,None,Move,development
1569401405.809,35,166,None,Move,development
1569401407.809,35,169,None,Move,development
1569401407.8170002,35,173,None,Move,development
1569401407.825,35,176,None,Move,development
1569401407.831,35,179,None,Move,development
1569401407.839,34,182,None,Move,development
1569401407.847,34,184,None,Move,development
1569401407.855,34,186,None,Move,development
1569401407.863,34,189,None,Move,development
1569401407.871,33,191,None,Move,development
1569401407.879,32,193,None,Move,development
1569401407.887,32,195,None,Move,development
1569401407.896,31,198,None,Move,development
1569401407.9020002,31,199,None,Move,development
1569401407.909,31,202,None,Move,development
1569401407.917,31,203,None,Move,development
1569401407.925,31,203,None,Move,development
1569401407.9329998,31,205,None,Move,development
1569401407.941,31,205,None,Move,development
1569401407.95,31,206,None,Move,development
1569401407.958,31,208,None,Move,development
1569401407.964,31,209,None,Move,development
1569401407.972,31,210,None,Move,development
1569401407.98,31,211,None,Move,development
1569401407.988,31,211,None,Move,development
1569401407.996,31,212,None,Move,development
1569401408.004,30,213,None,Move,development
1569401408.468,30,213,None,Move,development
1569401408.484,30,212,None,Move,development
1569401408.949,30,211,None,Move,development
1569401408.955,29,209,None,Move,development
1569401408.964,29,208,None,Move,development
1569401408.971,29,206,None,Move,development
1569401408.979,29,204,None,Move,development
1569401408.9870002,29,202,None,Move,development
1569401408.995,29,200,None,Move,development
1569401409.0029998,29,198,None,Move,development
1569401409.0110002,29,195,None,Move,development
1569401409.019,29,192,None,Move,development
1569401409.025,31,189,None,Move,development
1569401409.033,31,186,None,Move,development
1569401409.041,31,183,None,Move,development
1569401409.05,32,181,None,Move,development
1569401409.0579998,32,179,None,Move,development
1569401409.066,32,178,None,Move,development
1569401409.076,33,177,None,Move,development
1569401409.082,33,176,None,Move,development
1569401409.0879998,33,175,None,Move,development
1569401409.096,33,173,None,Move,development
1569401409.104,33,173,None,Move,development
1569401409.1120002,33,172,None,Move,development
1569401409.12,33,172,None,Move,development
1569401409.1279998,33,171,None,Move,development
1569401409.1360002,33,171,None,Move,development
1569401409.29,33,171,Left,Pressed,development
1569401409.367,33,171,Left,Released,development
1569401409.445,34,171,None,Move,development
1569401409.459,35,171,None,Move,development
1569401409.47,35,170,None,Move,development
1569401409.478,36,170,None,Move,development
1569401409.485,38,171,None,Move,development
1569401409.4910002,41,173,None,Move,development
1569401409.502,46,174,None,Move,development
1569401409.5070002,49,176,None,Move,development
1569401409.514,52,178,None,Move,development
1569401409.522,58,180,None,Move,development
1569401409.53,64,183,None,Move,development
1569401409.538,71,185,None,Move,development
1569401409.546,79,187,None,Move,development
1569401409.554,91,189,None,Move,development
1569401409.562,103,191,None,Move,development
1569401409.57,116,193,None,Move,development
1569401409.576,131,197,None,Move,development
1569401409.584,155,201,None,Move,development
1569401409.592,178,204,None,Move,development
1569401409.6,204,210,None,Move,development
1569401409.611,230,213,None,Move,development
1569401409.62,254,218,None,Move,development
1569401409.629,280,223,None,Move,development
1569401409.6339998,306,226,None,Move,development
1569401409.64,335,230,None,Move,development
1569401409.646,363,234,None,Move,development
1569401409.656,395,240,None,Move,development
1569401409.6620002,424,247,None,Move,development
1569401409.67,453,252,None,Move,development
1569401409.678,478,258,None,Move,development
1569401409.685,506,262,None,Move,development
1569401409.6929998,530,267,None,Move,development
1569401409.701,554,271,None,Move,development
1569401409.707,574,273,None,Move,development
1569401409.717,592,277,None,Move,development
1569401409.7229998,606,279,None,Move,development
1569401409.731,618,281,None,Move,development
1569401409.7389998,627,282,None,Move,development
1569401409.7470002,634,284,None,Move,development
1569401409.756,641,286,None,Move,development
1569401409.766,647,288,None,Move,development
1569401409.77,653,290,None,Move,development
1569401409.778,656,291,None,Move,development
1569401409.786,660,293,None,Move,development
1569401409.794,663,293,None,Move,development
1569401409.802,665,294,None,Move,development
1569401409.809,667,296,None,Move,development
1569401409.8179998,668,296,None,Move,development
1569401409.825,670,297,None,Move,development
1569401409.831,672,298,None,Move,development
1569401409.84,674,298,None,Move,development
1569401409.8479998,676,299,None,Move,development
1569401409.855,679,300,None,Move,development
1569401409.8639998,682,301,None,Move,development
1569401409.8720002,684,301,None,Move,development
1569401409.88,687,302,None,Move,development
1569401409.8860002,689,303,None,Move,development
1569401409.894,691,304,None,Move,development
1569401409.9020002,693,304,None,Move,development
1569401409.91,696,304,None,Move,development
1569401409.918,697,304,None,Move,development
1569401409.926,698,304,None,Move,development
1569401409.934,699,305,None,Move,development
1569401409.9420002,699,305,None,Move,development
1569401409.948,701,305,None,Move,development
1569401409.956,701,305,None,Move,development
1569401409.964,702,306,None,Move,development
1569401409.972,702,307,None,Move,development
1569401409.98,704,307,None,Move,development
1569401409.988,705,308,None,Move,development
1569401409.996,706,309,None,Move,development
1569401410.004,708,309,None,Move,development
1569401410.01,709,310,None,Move,development
1569401410.018,710,311,None,Move,development
1569401410.026,712,311,None,Move,development
1569401410.036,714,313,None,Move,development
1569401410.042,715,314,None,Move,development
1569401410.05,718,314,None,Move,development
1569401410.0570002,719,315,None,Move,development
1569401410.066,720,315,None,Move,development
1569401410.072,722,316,None,Move,development
1569401410.08,724,316,None,Move,development
1569401410.0879998,727,316,None,Move,development
1569401410.095,729,316,None,Move,development
1569401410.103,729,316,None,Move,development
1569401410.111,729,316,None,Move,development
1569401410.12,729,317,None,Move,development
1569401410.127,729,317,None,Move,development
1569401410.1360002,728,319,None,Move,development
1569401410.147,726,320,None,Move,development
1569401410.1520002,725,322,None,Move,development
1569401410.157,725,323,None,Move,development
1569401410.166,724,324,None,Move,development
1569401410.173,724,325,None,Move,development
1569401410.2729998,721,324,None,Move,development
1569401410.282,719,323,None,Move,development
1569401410.29,713,321,None,Move,development
1569401410.303,708,319,None,Move,development
1569401410.3079998,703,316,None,Move,development
1569401410.315,697,315,None,Move,development
1569401410.32,694,314,None,Move,development
1569401410.3279998,691,312,None,Move,development
1569401410.336,688,311,None,Move,development
1569401410.344,686,311,None,Move,development
1569401410.3520002,685,310,None,Move,development
1569401410.36,683,309,None,Move,development
1569401410.3679998,681,308,None,Move,development
1569401410.3760002,681,307,None,Move,development
1569401410.3839998,679,306,None,Move,development
1569401410.39,679,305,None,Move,development
1569401410.3979998,678,305,None,Move,development
1569401410.406,678,305,None,Move,development
1569401410.414,677,305,None,Move,development
1569401410.4220002,677,306,None,Move,development
1569401410.43,675,307,None,Move,development
1569401410.436,674,309,None,Move,development
1569401410.444,672,311,None,Move,development
1569401410.452,671,314,None,Move,development
1569401410.46,669,316,None,Move,development
1569401410.468,668,318,None,Move,development
1569401410.476,666,321,None,Move,development
1569401410.484,663,326,None,Move,development
1569401410.4910002,659,332,None,Move,development
1569401410.5,655,338,None,Move,development
1569401410.506,651,344,None,Move,development
1569401410.514,646,350,None,Move,development
1569401410.522,640,356,None,Move,development
1569401410.532,635,362,None,Move,development
1569401410.5370002,629,370,None,Move,development
1569401410.545,621,376,None,Move,development
1569401410.553,612,384,None,Move,development
1569401410.561,601,391,None,Move,development
1569401410.5670002,590,397,None,Move,development
1569401410.576,576,403,None,Move,development
1569401410.583,565,409,None,Move,development
1569401410.591,554,413,None,Move,development
1569401410.6,544,418,None,Move,development
1569401410.6079998,533,421,None,Move,development
1569401410.6160002,522,423,None,Move,development
1569401410.6239998,513,425,None,Move,development
1569401410.631,503,426,None,Move,development
1569401410.64,496,428,None,Move,development
1569401410.646,491,429,None,Move,development
1569401410.654,486,429,None,Move,development
1569401410.661,482,429,None,Move,development
1569401410.67,480,429,None,Move,development
1569401410.678,478,429,None,Move,development
1569401410.686,478,429,None,Move,development
1569401410.694,476,429,None,Move,development
1569401410.7,476,428,None,Move,development
1569401410.708,476,426,None,Move,development
1569401410.716,475,423,None,Move,development
1569401410.724,475,420,None,Move,development
1569401410.734,475,416,None,Move,development
1569401410.74,475,412,None,Move,development
1569401410.748,475,408,None,Move,development
1569401410.756,476,403,None,Move,development
1569401410.762,476,399,None,Move,development
1569401410.77,478,396,None,Move,development
1569401410.778,480,392,None,Move,development
1569401410.786,481,389,None,Move,development
1569401410.794,483,386,None,Move,development
1569401410.802,485,382,None,Move,development
1569401410.811,488,378,None,Move,development
1569401410.8179998,490,374,None,Move,development
1569401410.823,493,370,None,Move,development
1569401410.832,495,365,None,Move,development
1569401410.84,498,360,None,Move,development
1569401410.847,500,357,None,Move,development
1569401410.855,502,354,None,Move,development
1569401410.863,503,351,None,Move,development
1569401410.871,504,349,None,Move,development
1569401410.879,505,348,None,Move,development
1569401410.889,505,347,None,Move,development
1569401410.897,506,347,None,Move,development
1569401410.9020002,506,346,None,Move,development
1569401410.911,506,345,None,Move,development
1569401410.92,506,345,None,Move,development
1569401410.925,506,344,None,Move,development
1569401410.9329998,507,344,None,Move,development
1569401410.939,507,343,None,Move,development
1569401410.948,508,343,None,Move,development
1569401410.956,508,342,None,Move,development
1569401410.964,508,342,None,Move,development
1569401410.98,509,341,None,Move,development
1569401410.988,509,340,None,Move,development
1569401411.104,509,340,Left,Pressed,development
1569401411.196,509,340,Left,Released,development
1569401411.29,510,340,None,Move,development
1569401411.298,513,341,None,Move,development
1569401411.306,517,343,None,Move,development
1569401411.312,523,345,None,Move,development
1569401411.32,531,347,None,Move,development
1569401411.327,542,349,None,Move,development
1569401411.336,554,349,None,Move,development
1569401411.343,569,350,None,Move,development
1569401411.3520002,585,350,None,Move,development
1569401411.359,604,350,None,Move,development
1569401411.3679998,630,353,None,Move,development
1569401411.3760002,660,353,None,Move,development
1569401411.381,698,355,None,Move,development
1569401411.389,736,355,None,Move,development
1569401411.397,774,355,None,Move,development
1569401411.406,812,355,None,Move,development
1569401411.414,847,355,None,Move,development
1569401411.421,886,354,None,Move,development
1569401411.429,921,354,None,Move,development
1569401411.438,948,354,None,Move,development
1569401411.444,978,354,None,Move,development
1569401411.454,1003,354,None,Move,development
1569401411.461,1025,354,None,Move,development
1569401411.468,1041,354,None,Move,development
1569401411.475,1054,354,None,Move,development
1569401411.4829998,1064,354,None,Move,development
1569401411.492,1073,354,None,Move,development
1569401411.5,1079,354,None,Move,development
1569401411.506,1083,354,None,Move,development
1569401411.514,1087,354,None,Move,development
1569401411.522,1089,354,None,Move,development
1569401411.529,1090,354,None,Move,development
1569401411.538,1092,354,None,Move,development
1569401411.546,1092,354,None,Move,development
1569401411.554,1093,354,None,Move,development
1569401411.562,1093,354,None,Move,development
1569401411.5679998,1093,355,None,Move,development
1569401411.926,1093,355,None,Move,development
1569401411.938,1093,355,None,Move,development
1569401411.948,1090,354,None,Move,development
1569401411.957,1086,353,None,Move,development
1569401411.9629998,1079,351,None,Move,development
1569401411.972,1072,350,None,Move,development
1569401411.98,1062,350,None,Move,development
1569401411.988,1051,348,None,Move,development
1569401411.995,1039,347,None,Move,development
1569401412.0010002,1023,344,None,Move,development
1569401412.0089998,1003,343,None,Move,development
1569401412.018,975,341,None,Move,development
1569401412.026,953,341,None,Move,development
1569401412.034,931,341,None,Move,development
1569401412.041,904,341,None,Move,development
1569401412.05,882,341,None,Move,development
1569401412.0579998,861,343,None,Move,development
1569401412.064,838,346,None,Move,development
1569401412.072,813,348,None,Move,development
1569401412.08,794,348,None,Move,development
1569401412.0879998,777,348,None,Move,development
1569401412.096,761,348,None,Move,development
1569401412.106,744,348,None,Move,development
1569401412.1120002,730,348,None,Move,development
1569401412.1179998,717,348,None,Move,development
1569401412.1260002,706,348,None,Move,development
1569401412.1339998,697,348,None,Move,development
1569401412.1420002,690,348,None,Move,development
1569401412.15,685,348,None,Move,development
1569401412.158,680,348,None,Move,development
1569401412.166,678,347,None,Move,development
1569401412.174,676,346,None,Move,development
1569401412.18,675,346,None,Move,development
1569401412.188,674,345,None,Move,development
1569401412.196,673,344,None,Move,development
1569401412.204,673,344,None,Move,development
1569401412.212,673,344,None,Move,development
1569401412.22,672,343,None,Move,development
1569401412.228,672,343,None,Move,development
1569401412.236,672,342,None,Move,development
1569401412.244,672,342,None,Move,development
1569401412.2489998,672,341,None,Move,development
1569401412.2570002,671,340,None,Move,development
1569401412.266,671,340,None,Move,development
1569401412.274,671,339,None,Move,development
1569401412.282,671,337,None,Move,development
1569401412.289,671,336,None,Move,development
1569401412.298,671,335,None,Move,development
1569401412.305,671,334,None,Move,development
1569401412.312,671,333,None,Move,development
1569401412.321,671,332,None,Move,development
1569401412.327,671,332,None,Move,development
1569401412.336,671,331,None,Move,development
1569401412.344,671,331,None,Move,development
1569401412.3520002,671,330,None,Move,development
1569401412.3620002,671,330,None,Move,development
1569401412.3679998,671,329,None,Move,development
1569401412.375,671,328,None,Move,development
1569401412.39,671,328,None,Move,development
1569401412.405,671,327,None,Move,development
1569401412.413,671,327,None,Move,development
1569401412.592,671,327,None,Move,development
1569401412.613,674,331,None,Move,development
1569401412.623,679,337,None,Move,development
1569401412.633,681,339,None,Move,development
1569401412.637,683,342,None,Move,development
1569401412.646,685,343,None,Move,development
1569401412.654,686,344,None,Move,development
1569401412.6620002,688,345,None,Move,development
1569401412.67,689,346,None,Move,development
1569401412.678,690,346,None,Move,development
1569401412.684,690,347,None,Move,development
1569401412.832,690,347,None,Move,development
1569401412.8479998,690,347,None,Move,development
1569401412.856,689,347,None,Move,development
1569401412.8639998,689,346,None,Move,development
1569401412.87,688,346,None,Move,development
1569401412.8779998,688,346,None,Move,development
1569401412.8860002,687,346,None,Move,development
1569401412.894,687,345,None,Move,development
1569401412.905,686,345,None,Move,development
1569401412.911,685,345,None,Move,development
1569401412.918,685,344,None,Move,development
1569401412.924,684,344,None,Move,development
1569401412.9329998,683,343,None,Move,development
1569401412.94,682,342,None,Move,development
1569401412.948,681,341,None,Move,development
1569401412.956,681,341,None,Move,development
1569401412.97,680,340,None,Move,development
1569401412.974,679,339,None,Move,development
1569401412.979,678,338,None,Move,development
1569401412.986,677,337,None,Move,development
1569401412.994,676,335,None,Move,development
1569401413.002,675,335,None,Move,development
1569401413.0089998,675,334,None,Move,development
1569401413.021,675,333,None,Move,development
1569401413.026,674,333,None,Move,development
1569401413.042,674,332,None,Move,development
1569401413.3620002,674,332,None,Move,development
1569401413.367,674,331,None,Move,development
1569401413.39,674,331,None,Move,development
1569401413.406,673,330,None,Move,development
1569401413.452,673,329,None,Move,development
1569401413.67,673,329,Left,Pressed,development
1569401413.745,673,329,Left,Released,development
1569401413.8479998,673,329,Left,Pressed,development
1569401413.9020002,673,329,Left,Released,development
1569401414.018,673,329,None,Move,development
1569401414.026,675,330,None,Move,development
1569401414.034,678,331,None,Move,development
1569401414.042,684,333,None,Move,development
1569401414.05,688,334,None,Move,development
1569401414.056,692,335,None,Move,development
1569401414.065,697,337,None,Move,development
1569401414.073,701,339,None,Move,development
1569401414.08,706,340,None,Move,development
1569401414.087,711,342,None,Move,development
1569401414.095,717,344,None,Move,development
1569401414.103,722,347,None,Move,development
1569401414.1120002,728,349,None,Move,development
1569401414.119,733,351,None,Move,development
1569401414.127,739,354,None,Move,development
1569401414.133,745,357,None,Move,development
1569401414.141,751,359,None,Move,development
1569401414.149,754,361,None,Move,development
1569401414.157,758,362,None,Move,development
1569401414.165,760,363,None,Move,development
1569401414.174,761,364,None,Move,development
1569401414.181,763,364,None,Move,development
1569401414.189,764,365,None,Move,development
1569401414.195,765,366,None,Move,development
1569401414.2029998,766,367,None,Move,development
1569401414.212,766,368,None,Move,development
1569401414.219,767,368,None,Move,development
1569401414.228,768,368,None,Move,development
1569401414.242,768,368,None,Move,development
1569401414.25,768,368,None,Move,development
1569401414.344,768,368,None,Move,development
1569401414.3639998,766,368,None,Move,development
1569401414.3739998,764,368,None,Move,development
1569401414.3860002,763,368,None,Move,development
1569401414.3920002,762,368,None,Move,development
1569401414.397,760,369,None,Move,development
1569401414.406,758,369,None,Move,development
1569401414.414,754,370,None,Move,development
1569401414.42,752,370,None,Move,development
1569401414.428,748,370,None,Move,development
1569401414.437,744,370,None,Move,development
1569401414.444,741,370,None,Move,development
1569401414.452,737,370,None,Move,development
1569401414.46,734,371,None,Move,development
1569401414.468,732,372,None,Move,development
1569401414.476,730,372,None,Move,development
1569401414.484,728,373,None,Move,development
1569401414.49,726,373,None,Move,development
1569401414.4970002,724,374,None,Move,development
1569401414.505,723,375,None,Move,development
1569401414.5129998,721,375,None,Move,development
1569401414.521,719,375,None,Move,development
1569401414.529,718,376,None,Move,development
1569401414.5370002,716,377,None,Move,development
1569401414.544,714,377,None,Move,development
1569401414.551,713,378,None,Move,development
1569401414.559,712,378,None,Move,development
1569401414.5670002,710,379,None,Move,development
1569401414.575,710,379,None,Move,development
1569401414.583,709,379,None,Move,development
1569401414.592,709,379,None,Move,development
1569401414.676,708,379,None,Move,development
1569401414.6829998,708,379,None,Move,development
1569401414.6920002,707,379,None,Move,development
1569401414.7,706,377,None,Move,development
1569401414.707,706,376,None,Move,development
1569401414.716,704,374,None,Move,development
1569401414.724,703,373,None,Move,development
1569401414.731,702,370,None,Move,development
1569401414.7410002,701,369,None,Move,development
1569401414.746,700,367,None,Move,development
1569401414.754,698,366,None,Move,development
1569401414.762,698,365,None,Move,development
1569401414.77,698,364,None,Move,development
1569401414.778,696,363,None,Move,development
1569401414.786,696,361,None,Move,development
1569401414.794,695,360,None,Move,development
1569401414.8,694,360,None,Move,development
1569401414.8079998,694,358,None,Move,development
1569401414.816,693,356,None,Move,development
1569401414.824,692,355,None,Move,development
1569401414.832,692,353,None,Move,development
1569401414.841,691,351,None,Move,development
1569401414.8479998,690,351,None,Move,development
1569401414.856,690,350,None,Move,development
1569401414.863,690,350,None,Move,development
1569401414.87,689,350,None,Move,development
1569401414.88,689,349,None,Move,development
1569401415.1339998,689,349,Left,Pressed,development
1569401415.221,689,349,Left,Released,development
1569401415.304,689,349,Left,Pressed,development
1569401415.415,689,349,Left,Released,development
1569401415.5370002,690,349,None,Move,development
1569401415.546,692,349,None,Move,development
1569401415.551,696,350,None,Move,development
1569401415.56,699,351,None,Move,development
1569401415.5679998,704,352,None,Move,development
1569401415.576,712,353,None,Move,development
1569401415.584,721,354,None,Move,development
1569401415.591,730,355,None,Move,development
1569401415.6,739,356,None,Move,development
1569401415.6079998,754,356,None,Move,development
1569401415.613,767,357,None,Move,development
1569401415.621,781,357,None,Move,development
1569401415.629,794,357,None,Move,development
1569401415.637,806,357,None,Move,development
1569401415.645,822,357,None,Move,development
1569401415.653,835,357,None,Move,development
1569401415.661,848,357,None,Move,development
1569401415.667,862,358,None,Move,development
1569401415.676,874,358,None,Move,development
1569401415.6829998,884,358,None,Move,development
1569401415.6920002,894,358,None,Move,development
1569401415.7,903,358,None,Move,development
1569401415.707,911,359,None,Move,development
1569401415.716,916,359,None,Move,development
1569401415.724,924,359,None,Move,development
1569401415.73,930,359,None,Move,development
1569401415.738,935,359,None,Move,development
1569401415.746,939,359,None,Move,development
1569401415.754,942,359,None,Move,development
1569401415.762,945,359,None,Move,development
1569401415.77,946,359,None,Move,development
1569401415.778,947,359,None,Move,development
1569401415.786,948,359,None,Move,development
1569401415.792,948,359,None,Move,development
1569401416.033,949,360,None,Move,development
1569401416.039,949,361,None,Move,development
1569401416.0470002,949,363,None,Move,development
1569401416.055,950,366,None,Move,development
1569401416.063,950,369,None,Move,development
1569401416.073,951,373,None,Move,development
1569401416.079,951,378,None,Move,development
1569401416.087,951,384,None,Move,development
1569401416.097,951,392,None,Move,development
1569401416.103,952,402,None,Move,development
1569401416.109,952,412,None,Move,development
1569401416.117,953,429,None,Move,development
1569401416.125,957,442,None,Move,development
1569401416.133,961,458,None,Move,development
1569401416.141,967,477,None,Move,development
1569401416.149,972,496,None,Move,development
1569401416.158,978,516,None,Move,development
1569401416.168,983,535,None,Move,development
1569401416.1720002,990,550,None,Move,development
1569401416.18,997,565,None,Move,development
1569401416.188,1004,576,None,Move,development
1569401416.196,1011,586,None,Move,development
1569401416.204,1016,593,None,Move,development
1569401416.212,1021,598,None,Move,development
1569401416.22,1027,602,None,Move,development
1569401416.228,1030,605,None,Move,development
1569401416.234,1035,606,None,Move,development
1569401416.242,1038,606,None,Move,development
1569401416.25,1040,606,None,Move,development
1569401416.258,1042,606,None,Move,development
1569401416.266,1044,605,None,Move,development
1569401416.274,1046,604,None,Move,development
1569401416.282,1049,601,None,Move,development
1569401416.29,1050,600,None,Move,development
1569401416.301,1052,598,None,Move,development
1569401416.306,1052,597,None,Move,development
1569401416.312,1052,595,None,Move,development
1569401416.32,1052,595,None,Move,development
1569401416.3279998,1052,593,None,Move,development
1569401416.336,1052,593,None,Move,development
1569401416.343,1051,592,None,Move,development
1569401416.35,1051,592,None,Move,development
1569401416.3579998,1051,591,None,Move,development
1569401416.3739998,1051,589,None,Move,development
1569401416.3820002,1051,589,None,Move,development
1569401416.389,1051,587,None,Move,development
1569401416.3979998,1051,585,None,Move,development
1569401416.406,1050,583,None,Move,development
1569401416.4120002,1049,580,None,Move,development
1569401416.419,1049,576,None,Move,development
1569401416.428,1049,570,None,Move,development
1569401416.435,1047,566,None,Move,development
1569401416.4429998,1046,561,None,Move,development
1569401416.451,1044,557,None,Move,development
1569401416.459,1043,554,None,Move,development
1569401416.469,1043,553,None,Move,development
1569401416.474,1043,553,None,Move,development
1569401416.592,1043,553,Left,Pressed,development
1569401416.668,1043,553,Left,Released,development
1569401416.762,1043,553,None,Move,development
1569401416.781,1043,555,None,Move,development
1569401416.79,1043,556,None,Move,development
1569401416.795,1043,557,None,Move,development
1569401416.799,1043,558,None,Move,development
1569401416.81,1043,559,None,Move,development
1569401416.815,1043,560,None,Move,development
1569401416.823,1043,561,None,Move,development
1569401416.832,1043,562,None,Move,development
1569401416.841,1043,563,None,Move,development
1569401416.8479998,1043,563,None,Move,development
1569401416.8620002,1043,564,None,Move,development
1569401416.908,1043,564,Left,Pressed,development
1569401417.002,1043,564,Left,Released,development
1569401417.071,1043,564,None,Move,development
1569401417.082,1044,564,None,Move,development
1569401417.091,1045,564,None,Move,development
1569401417.0979998,1047,564,None,Move,development
1569401417.103,1050,564,None,Move,development
1569401417.109,1053,563,None,Move,development
1569401417.117,1058,563,None,Move,development
1569401417.1260002,1066,562,None,Move,development
1569401417.133,1076,562,None,Move,development
1569401417.141,1085,562,None,Move,development
1569401417.149,1096,561,None,Move,development
1569401417.158,1105,560,None,Move,development
1569401417.166,1114,560,None,Move,development
1569401417.1720002,1123,559,None,Move,development
1569401417.18,1131,558,None,Move,development
1569401417.187,1138,557,None,Move,development
1569401417.196,1143,556,None,Move,development
1569401417.204,1148,555,None,Move,development
1569401417.212,1152,555,None,Move,development
1569401417.22,1155,555,None,Move,development
1569401417.228,1158,554,None,Move,development
1569401417.234,1161,554,None,Move,development
1569401417.242,1164,553,None,Move,development
1569401417.2489998,1167,552,None,Move,development
1569401417.2570002,1170,552,None,Move,development
1569401417.265,1173,551,None,Move,development
1569401417.274,1176,550,None,Move,development
1569401417.281,1178,549,None,Move,development
1569401417.289,1183,547,None,Move,development
1569401417.296,1186,545,None,Move,development
1569401417.304,1189,543,None,Move,development
1569401417.312,1193,542,None,Move,development
1569401417.32,1195,540,None,Move,development
1569401417.3279998,1197,539,None,Move,development
1569401417.336,1199,538,None,Move,development
1569401417.343,1199,538,None,Move,development
1569401417.35,1199,538,None,Move,development
1569401417.3579998,1199,537,None,Move,development
1569401417.3820002,1199,536,None,Move,development
1569401417.3979998,1199,536,None,Move,development
1569401417.406,1199,535,None,Move,development
1569401417.42,1199,535,None,Move,development
1569401417.436,1199,534,None,Move,development
1569401417.46,1199,534,None,Move,development
1569401417.476,1199,533,None,Move,development
1569401417.498,1199,532,None,Move,development
1569401417.522,1199,532,None,Move,development
1569401417.529,1199,532,None,Move,development
1569401417.544,1199,531,None,Move,development
1569401417.559,1199,531,None,Move,development
1569401417.597,1199,530,None,Move,development
1569401417.6379998,1199,530,None,Move,development
1569401417.6920002,1199,529,None,Move,development
1569401418.427,1198,529,None,Move,development
1569401418.435,1196,529,None,Move,development
1569401418.4429998,1194,529,None,Move,development
1569401418.451,1192,529,None,Move,development
1569401418.459,1190,529,None,Move,development
1569401418.465,1188,529,None,Move,development
1569401418.4729998,1186,530,None,Move,development
1569401418.481,1183,533,None,Move,development
1569401418.4970002,1181,534,None,Move,development
1569401418.5089998,1177,540,None,Move,development
1569401418.518,1176,541,None,Move,development
1569401418.524,1175,542,None,Move,development
1569401418.529,1175,543,None,Move,development
1569401418.668,1176,543,None,Move,development
1569401418.676,1174,543,None,Move,development
1569401418.684,1171,542,None,Move,development
1569401418.6920002,1167,541,None,Move,development
1569401418.7,1163,541,None,Move,development
1569401418.708,1158,540,None,Move,development
1569401418.716,1155,539,None,Move,development
1569401418.722,1152,539,None,Move,development
1569401418.73,1148,538,None,Move,development
1569401418.738,1145,537,None,Move,development
1569401418.7470002,1143,537,None,Move,development
1569401418.754,1140,537,None,Move,development
1569401418.762,1139,537,None,Move,development
1569401418.769,1137,536,None,Move,development
1569401418.785,1137,536,None,Move,development
1569401418.792,1137,535,None,Move,development
1569401418.799,1137,534,None,Move,development
1569401418.8079998,1137,533,None,Move,development
1569401418.816,1137,532,None,Move,development
1569401418.84,1136,532,None,Move,development
1569401418.8779998,1135,532,None,Move,development
1569401418.894,1135,531,None,Move,development
1569401418.9020002,1134,531,None,Move,development
1569401418.91,1134,531,None,Move,development
1569401418.916,1133,531,None,Move,development
1569401418.924,1133,531,None,Move,development
1569401418.9320002,1132,531,None,Move,development
1569401418.94,1131,531,None,Move,development
1569401418.948,1131,531,None,Move,development
1569401418.956,1131,531,None,Move,development
1569401418.964,1130,532,None,Move,development
1569401418.972,1130,533,None,Move,development
1569401418.978,1130,536,None,Move,development
1569401418.986,1130,539,None,Move,development
1569401418.994,1131,543,None,Move,development
1569401419.002,1133,550,None,Move,development
1569401419.01,1136,556,None,Move,development
1569401419.0170002,1141,565,None,Move,development
1569401419.024,1148,575,None,Move,development
1569401419.032,1155,586,None,Move,development
1569401419.039,1161,596,None,Move,development
1569401419.049,1169,606,None,Move,development
1569401419.055,1177,616,None,Move,development
1569401419.063,1183,626,None,Move,development
1569401419.071,1190,634,None,Move,development
1569401419.079,1196,643,None,Move,development
1569401419.087,1202,652,None,Move,development
1569401419.093,1208,658,None,Move,development
1569401419.101,1213,664,None,Move,development
1569401419.1120002,1217,669,None,Move,development
1569401419.12,1220,673,None,Move,development
1569401419.125,1222,677,None,Move,development
1569401419.1339998,1225,679,None,Move,development
1569401419.147,1226,681,None,Move,development
1569401419.155,1228,685,None,Move,development
1569401419.167,1229,686,None,Move,development
1569401419.1720002,1230,687,None,Move,development
1569401419.18,1230,688,None,Move,development
1569401419.188,1230,689,None,Move,development
1569401419.196,1231,689,None,Move,development
1569401419.2029998,1231,690,None,Move,development
1569401419.212,1231,691,None,Move,development
1569401419.2729998,1231,690,None,Move,development
1569401419.279,1231,690,None,Move,development
1569401419.288,1230,688,None,Move,development
1569401419.296,1229,685,None,Move,development
1569401419.304,1226,680,None,Move,development
1569401419.311,1222,675,None,Move,development
1569401419.32,1217,669,None,Move,development
1569401419.3279998,1214,665,None,Move,development
1569401419.336,1211,663,None,Move,development
1569401419.342,1209,661,None,Move,development
1569401419.35,1207,659,None,Move,development
1569401419.3579998,1206,657,None,Move,development
1569401419.365,1204,655,None,Move,development
1569401419.3739998,1203,653,None,Move,development
1569401419.3820002,1201,650,None,Move,development
1569401419.39,1199,648,None,Move,development
1569401419.3979998,1198,646,None,Move,development
1569401419.406,1194,642,None,Move,development
1569401419.4120002,1192,639,None,Move,development
1569401419.42,1188,634,None,Move,development
1569401419.428,1183,629,None,Move,development
1569401419.436,1176,624,None,Move,development
1569401419.444,1167,617,None,Move,development
1569401419.452,1157,611,None,Move,development
1569401419.46,1146,605,None,Move,development
1569401419.468,1135,600,None,Move,development
1569401419.474,1124,595,None,Move,development
1569401419.482,1112,592,None,Move,development
1569401419.492,1099,589,None,Move,development
1569401419.498,1086,586,None,Move,development
1569401419.506,1075,583,None,Move,development
1569401419.514,1064,581,None,Move,development
1569401419.52,1055,579,None,Move,development
1569401419.528,1046,577,None,Move,development
1569401419.535,1039,575,None,Move,development
1569401419.543,1034,573,None,Move,development
1569401419.552,1028,570,None,Move,development
1569401419.56,1023,568,None,Move,development
1569401419.5670002,1018,565,None,Move,development
1569401419.575,1014,563,None,Move,development
1569401419.583,1009,560,None,Move,development
1569401419.592,1003,558,None,Move,development
1569401419.5979998,997,553,None,Move,development
1569401419.605,990,549,None,Move,development
1569401419.6139998,983,545,None,Move,development
1569401419.6220002,977,541,None,Move,development
1569401419.63,970,539,None,Move,development
1569401419.637,964,537,None,Move,development
1569401419.645,958,534,None,Move,development
1569401419.651,954,533,None,Move,development
1569401419.659,950,531,None,Move,development
1569401419.667,945,530,None,Move,development
1569401419.675,940,529,None,Move,development
1569401419.6829998,935,527,None,Move,development
1569401419.691,929,526,None,Move,development
1569401419.699,925,525,None,Move,development
1569401419.707,920,523,None,Move,development
1569401419.7129998,915,521,None,Move,development
1569401419.721,912,518,None,Move,development
1569401419.729,907,516,None,Move,development
1569401419.7370002,904,513,None,Move,development
1569401419.745,902,511,None,Move,development
1569401419.7529998,900,508,None,Move,development
1569401419.762,898,505,None,Move,development
1569401419.769,897,502,None,Move,development
1569401419.776,895,499,None,Move,development
1569401419.784,894,496,None,Move,development
1569401419.792,894,494,None,Move,development
1569401419.8,892,492,None,Move,development
1569401419.8079998,892,491,None,Move,development
1569401419.816,891,489,None,Move,development
1569401419.824,889,488,None,Move,development
1569401419.83,889,486,None,Move,development
1569401419.8379998,887,483,None,Move,development
1569401419.846,886,481,None,Move,development
1569401419.854,886,480,None,Move,development
1569401419.8620002,884,478,None,Move,development
1569401419.87,884,477,None,Move,development
1569401419.8779998,883,476,None,Move,development
1569401419.8860002,882,475,None,Move,development
1569401419.894,881,474,None,Move,development
1569401419.9,880,472,None,Move,development
1569401419.908,880,471,None,Move,development
1569401419.916,880,469,None,Move,development
1569401419.923,879,468,None,Move,development
1569401419.931,878,465,None,Move,development
1569401419.939,878,465,None,Move,development
1569401419.947,878,464,None,Move,development
1569401420.196,878,464,None,Move,development
1569401420.204,878,464,None,Move,development
1569401420.21,880,465,None,Move,development
1569401420.218,880,466,None,Move,development
1569401420.226,882,466,None,Move,development
1569401420.234,883,467,None,Move,development
1569401420.242,885,467,None,Move,development
1569401420.2570002,887,468,None,Move,development
1569401420.2610002,890,468,None,Move,development
1569401420.266,895,468,None,Move,development
1569401420.272,899,469,None,Move,development
1569401420.279,903,469,None,Move,development
1569401420.2870002,907,470,None,Move,development
1569401420.295,912,470,None,Move,development
1569401420.303,917,470,None,Move,development
1569401420.311,922,470,None,Move,development
1569401420.319,926,470,None,Move,development
1569401420.327,933,471,None,Move,development
1569401420.333,937,471,None,Move,development
1569401420.346,940,471,None,Move,development
1569401420.354,941,471,None,Move,development
1569401420.363,941,471,None,Move,development
1569401420.373,942,471,None,Move,development
1569401420.521,942,471,None,Move,development
1569401421.093,942,471,None,Move,development
1569401421.179,942,471,None,Move,development
1569401421.187,943,471,None,Move,development
1569401421.195,943,472,None,Move,development
1569401421.201,944,472,None,Move,development
1569401421.209,945,473,None,Move,development
1569401421.217,947,475,None,Move,development
1569401421.225,949,478,None,Move,development
1569401421.2329998,952,481,None,Move,development
1569401421.2410002,956,487,None,Move,development
1569401421.2489998,959,493,None,Move,development
1569401421.2570002,962,499,None,Move,development
1569401421.265,966,506,None,Move,development
1569401421.272,971,514,None,Move,development
1569401421.279,980,523,None,Move,development
1569401421.2870002,990,533,None,Move,development
1569401421.295,1011,545,None,Move,development
1569401421.303,1031,560,None,Move,development
1569401421.311,1053,578,None,Move,development
1569401421.319,1079,593,None,Move,development
1569401421.3279998,1104,607,None,Move,development
1569401421.334,1125,619,None,Move,development
1569401421.342,1144,631,None,Move,development
1569401421.35,1160,642,None,Move,development
1569401421.3679998,1186,656,None,Move,development
1569401421.3739998,1196,663,None,Move,development
1569401421.3820002,1204,668,None,Move,development
1569401421.39,1209,672,None,Move,development
1569401421.396,1215,677,None,Move,development
1569401421.406,1220,681,None,Move,development
1569401421.4120002,1224,686,None,Move,development
1569401421.42,1227,692,None,Move,development
1569401421.428,1229,697,None,Move,development
1569401421.436,1231,703,None,Move,development
1569401421.444,1232,707,None,Move,development
1569401421.452,1232,713,None,Move,development
1569401421.457,1230,719,None,Move,development
1569401421.466,1228,723,None,Move,development
1569401421.474,1225,728,None,Move,development
1569401421.482,1223,732,None,Move,development
1569401421.49,1219,736,None,Move,development
1569401421.4970002,1215,741,None,Move,development
1569401421.505,1211,746,None,Move,development
1569401421.512,1208,749,None,Move,development
1569401421.52,1206,754,None,Move,development
1569401421.5270002,1203,758,None,Move,development
1569401421.535,1201,760,None,Move,development
1569401421.544,1197,762,None,Move,development
1569401421.552,1195,763,None,Move,development
1569401421.559,1193,763,None,Move,development
1569401421.5679998,1191,764,None,Move,development
1569401421.576,1189,764,None,Move,development
1569401421.582,1186,764,None,Move,development
1569401421.589,1185,763,None,Move,development
1569401421.5979998,1184,763,None,Move,development
1569401421.605,1182,761,None,Move,development
1569401421.613,1181,759,None,Move,development
1569401421.6220002,1178,756,None,Move,development
1569401421.63,1176,752,None,Move,development
1569401421.637,1174,750,None,Move,development
1569401421.643,1173,748,None,Move,development
1569401421.651,1171,745,None,Move,development
1569401421.659,1171,744,None,Move,development
1569401421.667,1169,743,None,Move,development
1569401421.676,1168,741,None,Move,development
1569401421.6829998,1168,740,None,Move,development
1569401421.691,1166,739,None,Move,development
1569401421.7,1166,738,None,Move,development
1569401421.705,1166,737,None,Move,development
1569401421.7129998,1166,736,None,Move,development
1569401421.722,1166,735,None,Move,development
1569401421.73,1166,734,None,Move,development
1569401421.738,1166,731,None,Move,development
1569401421.746,1165,729,None,Move,development
1569401421.754,1164,726,None,Move,development
1569401421.7589998,1164,723,None,Move,development
1569401421.7670002,1163,720,None,Move,development
1569401421.776,1162,716,None,Move,development
1569401421.785,1160,711,None,Move,development
1569401421.793,1158,707,None,Move,development
1569401421.799,1157,704,None,Move,development
1569401421.8079998,1157,703,None,Move,development
1569401421.816,1157,703,None,Move,development
1569401421.829,1157,702,None,Move,development
1569401421.845,1157,701,None,Move,development
1569401421.854,1157,700,None,Move,development
1569401421.8639998,1157,700,None,Move,development
1569401421.871,1157,699,None,Move,development
1569401421.877,1157,699,None,Move,development
1569401421.8860002,1157,698,None,Move,development
1569401421.8920002,1157,697,None,Move,development
1569401421.9,1157,696,None,Move,development
1569401421.908,1157,695,None,Move,development
1569401421.916,1157,693,None,Move,development
1569401421.923,1157,691,None,Move,development
1569401421.931,1157,688,None,Move,development
1569401421.939,1157,686,None,Move,development
1569401421.945,1157,685,None,Move,development
1569401421.9529998,1157,684,None,Move,development
1569401421.962,1157,684,None,Move,development
1569401421.994,1157,683,None,Move,development
1569401422.008,1157,683,None,Move,development
1569401422.032,1157,682,None,Move,development
1569401423.668,1157,682,Left,Pressed,development
1569401423.714,1157,682,Left,Released,development
1569401423.845,1157,682,None,Move,development
1569401423.863,1159,685,None,Move,development
1569401423.873,1160,687,None,Move,development
1569401423.88,1160,688,None,Move,development
1569401423.885,1160,690,None,Move,development
1569401423.891,1161,691,None,Move,development
1569401423.9,1161,694,None,Move,development
1569401423.908,1161,696,None,Move,development
1569401423.916,1161,697,None,Move,development
1569401423.923,1160,699,None,Move,development
1569401423.931,1159,701,None,Move,development
1569401423.94,1159,702,None,Move,development
1569401423.948,1158,704,None,Move,development
1569401423.955,1157,706,None,Move,development
1569401423.962,1157,706,None,Move,development
1569401423.97,1156,707,None,Move,development
1569401423.978,1156,708,None,Move,development
1569401423.986,1156,709,None,Move,development
1569401423.994,1156,709,None,Move,development
1569401424.002,1156,710,None,Move,development
1569401424.008,1156,710,None,Move,development
1569401424.016,1156,711,None,Move,development
1569401424.024,1156,711,None,Move,development
1569401424.032,1156,712,None,Move,development
1569401424.056,1156,713,None,Move,development
1569401424.444,1156,713,None,Move,development
1569401424.474,1156,713,None,Move,development
1569401424.9,1156,713,None,Move,development
1569401424.9120002,1156,712,None,Move,development
1569401424.94,1156,712,None,Move,development
1569401424.985,1155,712,None,Move,development
1569401425.01,1155,711,None,Move,development
1569401425.093,1155,711,None,Move,development
1569401425.111,1155,711,None,Move,development
1569401425.147,1155,710,None,Move,development
1569401425.2570002,1155,710,None,Move,development
1569401425.824,1155,709,None,Move,development
1569401426.0010002,1155,708,None,Move,development
1569401426.024,1155,708,None,Move,development
1569401426.063,1155,708,None,Move,development
1569401427.846,1155,708,Left,Pressed,development
1569401427.954,1155,708,Left,Released,development
1569401428.1339998,1155,708,None,Move,development
1569401428.1520002,1157,708,None,Move,development
1569401428.161,1159,707,None,Move,development
1569401428.168,1162,707,None,Move,development
1569401428.174,1165,705,None,Move,development
1569401428.179,1170,705,None,Move,development
1569401428.188,1174,704,None,Move,development
1569401428.194,1184,702,None,Move,development
1569401428.211,1203,698,None,Move,development
1569401428.219,1211,696,None,Move,development
1569401428.226,1219,694,None,Move,development
1569401428.234,1227,692,None,Move,development
1569401428.242,1237,690,None,Move,development
1569401428.2489998,1247,688,None,Move,development
1569401428.255,1255,685,None,Move,development
1569401428.2629998,1261,682,None,Move,development
1569401428.272,1266,679,None,Move,development
1569401428.28,1269,676,None,Move,development
1569401428.288,1271,674,None,Move,development
1569401428.295,1273,672,None,Move,development
1569401428.304,1274,669,None,Move,development
1569401428.315,1274,666,None,Move,development
1569401428.322,1274,664,None,Move,development
1569401428.329,1274,661,None,Move,development
1569401428.333,1274,657,None,Move,development
1569401428.342,1274,652,None,Move,development
1569401428.349,1274,647,None,Move,development
1569401428.3579998,1273,641,None,Move,development
1569401428.3660002,1271,635,None,Move,development
1569401428.3739998,1269,628,None,Move,development
1569401428.38,1266,620,None,Move,development
1569401428.3879998,1262,611,None,Move,development
1569401428.396,1258,602,None,Move,development
1569401428.404,1254,591,None,Move,development
1569401428.4120002,1246,574,None,Move,development
1569401428.42,1241,560,None,Move,development
1569401428.428,1235,545,None,Move,development
1569401428.436,1230,529,None,Move,development
1569401428.444,1223,512,None,Move,development
1569401428.45,1218,495,None,Move,development
1569401428.458,1214,476,None,Move,development
1569401428.466,1210,458,None,Move,development
1569401428.474,1208,444,None,Move,development
1569401428.482,1206,432,None,Move,development
1569401428.49,1204,421,None,Move,development
1569401428.498,1203,413,None,Move,development
1569401428.504,1201,406,None,Move,development
1569401428.512,1200,399,None,Move,development
1569401428.52,1198,394,None,Move,development
1569401428.529,1197,388,None,Move,development
1569401428.535,1195,385,None,Move,development
1569401428.543,1195,382,None,Move,development
1569401428.551,1195,380,None,Move,development
1569401428.5570002,1194,380,None,Move,development
1569401428.762,1194,380,None,Move,development
1569401428.784,1194,380,None,Move,development
1569401428.792,1194,380,None,Move,development
1569401428.804,1195,380,None,Move,development
1569401428.812,1196,379,None,Move,development
1569401428.8179998,1197,379,None,Move,development
1569401428.825,1199,379,None,Move,development
1569401428.83,1202,378,None,Move,development
1569401428.837,1204,378,None,Move,development
1569401428.846,1206,378,None,Move,development
1569401428.854,1208,378,None,Move,development
1569401428.8620002,1210,377,None,Move,development
1569401428.87,1212,377,None,Move,development
1569401428.875,1214,377,None,Move,development
1569401428.8839998,1216,377,None,Move,development
1569401428.8920002,1218,377,None,Move,development
1569401428.9,1219,377,None,Move,development
1569401428.908,1220,377,None,Move,development
1569401428.916,1221,377,None,Move,development
1569401428.924,1222,377,None,Move,development
1569401428.94,1222,377,None,Move,development
1569401428.946,1223,377,None,Move,development
1569401428.954,1223,377,None,Move,development
1569401428.961,1224,377,None,Move,development
1569401428.97,1224,377,None,Move,development
1569401428.978,1225,377,None,Move,development
1569401428.986,1226,377,None,Move,development
1569401428.9929998,1227,377,None,Move,development
1569401429.0010002,1229,377,None,Move,development
1569401429.008,1229,377,None,Move,development
1569401429.016,1231,377,None,Move,development
1569401429.024,1233,376,None,Move,development
1569401429.032,1235,376,None,Move,development
1569401429.039,1237,375,None,Move,development
1569401429.048,1239,375,None,Move,development
1569401429.056,1242,375,None,Move,development
1569401429.064,1244,375,None,Move,development
1569401429.069,1247,374,None,Move,development
1569401429.0779998,1250,373,None,Move,development
1569401429.086,1253,373,None,Move,development
1569401429.094,1255,373,None,Move,development
1569401429.1020002,1257,373,None,Move,development
1569401429.1120002,1258,373,None,Move,development
1569401429.1179998,1260,373,None,Move,development
1569401429.1260002,1263,374,None,Move,development
1569401429.1320002,1265,375,None,Move,development
1569401429.14,1266,377,None,Move,development
1569401429.1479998,1269,381,None,Move,development
1569401429.156,1270,383,None,Move,development
1569401429.164,1270,386,None,Move,development
1569401429.1720002,1270,388,None,Move,development
1569401429.178,1270,390,None,Move,development
1569401429.186,1270,393,None,Move,development
1569401429.194,1270,395,None,Move,development
1569401429.202,1270,398,None,Move,development
1569401429.21,1269,399,None,Move,development
1569401429.218,1269,401,None,Move,development
1569401429.226,1268,403,None,Move,development
1569401429.3170002,1269,403,None,Move,development
1569401429.379,1268,405,None,Move,development
1569401429.396,1268,405,None,Move,development
1569401429.42,1268,405,None,Move,development
1569401429.427,1269,404,None,Move,development
1569401429.441,1269,404,None,Move,development
1569401429.474,1269,404,None,Move,development
1569401429.49,1269,405,None,Move,development
1569401429.504,1269,405,None,Move,development
1569401429.512,1268,405,None,Move,development
1569401429.52,1268,405,None,Move,development
1569401429.528,1267,405,None,Move,development
1569401429.536,1266,405,None,Move,development
1569401429.544,1266,405,None,Move,development
1569401429.552,1265,405,None,Move,development
1569401429.566,1265,405,None,Move,development
1569401429.574,1264,405,None,Move,development
1569401429.59,1264,405,None,Move,development
1569401429.6139998,1263,405,None,Move,development
1569401429.6279998,1262,405,None,Move,development
1569401429.644,1262,405,None,Move,development
1569401429.6520002,1262,405,None,Move,development
1569401429.676,1261,404,None,Move,development
1569401429.6820002,1261,404,None,Move,development
1569401429.698,1260,404,None,Move,development
1569401429.714,1260,404,None,Move,development
1569401429.721,1259,403,None,Move,development
1569401429.73,1258,403,None,Move,development
1569401429.738,1258,403,None,Move,development
1569401429.744,1257,403,None,Move,development
1569401429.754,1257,402,None,Move,development
1569401429.776,1257,402,None,Move,development
1569401429.784,1257,402,None,Move,development
1569401429.7970002,1257,401,None,Move,development
1569401429.805,1257,401,None,Move,development
1569401429.813,1257,400,None,Move,development
1569401429.821,1257,400,None,Move,development
1569401429.83,1258,400,None,Move,development
1569401429.837,1258,399,None,Move,development
1569401429.845,1258,399,None,Move,development
1569401429.861,1259,397,None,Move,development
1569401429.87,1259,396,None,Move,development
1569401429.875,1260,396,None,Move,development
1569401429.8860002,1261,394,None,Move,development
1569401429.8920002,1261,394,None,Move,development
1569401429.9,1263,393,None,Move,development
1569401429.908,1266,392,None,Move,development
1569401429.915,1269,392,None,Move,development
1569401429.924,1272,391,None,Move,development
1569401429.93,1277,390,None,Move,development
1569401429.938,1283,389,None,Move,development
1569401429.948,1290,388,None,Move,development
1569401429.954,1297,386,None,Move,development
1569401429.962,1305,384,None,Move,development
1569401429.97,1313,382,None,Move,development
1569401429.978,1322,380,None,Move,development
1569401429.984,1330,378,None,Move,development
1569401429.992,1338,376,None,Move,development
1569401430.0,1348,372,None,Move,development
1569401430.008,1356,369,None,Move,development
1569401430.016,1365,366,None,Move,development
1569401430.024,1373,363,None,Move,development
1569401430.032,1380,360,None,Move,development
1569401430.04,1387,357,None,Move,development
1569401430.052,1395,354,None,Move,development
1569401430.056,1402,350,None,Move,development
1569401430.062,1409,346,None,Move,development
1569401430.07,1416,341,None,Move,development
1569401430.077,1422,337,None,Move,development
1569401430.086,1428,333,None,Move,development
1569401430.093,1434,329,None,Move,development
1569401430.1020002,1440,325,None,Move,development
1569401430.11,1445,322,None,Move,development
1569401430.115,1450,318,None,Move,development
1569401430.1239998,1454,315,None,Move,development
1569401430.131,1457,311,None,Move,development
1569401430.139,1461,309,None,Move,development
1569401430.147,1463,307,None,Move,development
1569401430.155,1465,304,None,Move,development
1569401430.163,1467,302,None,Move,development
1569401430.171,1468,300,None,Move,development
1569401430.177,1470,297,None,Move,development
1569401430.185,1471,295,None,Move,development
1569401430.2029998,1473,290,None,Move,development
1569401430.212,1474,287,None,Move,development
1569401430.22,1476,284,None,Move,development
1569401430.2270002,1476,281,None,Move,development
1569401430.2410002,1477,277,None,Move,development
1569401430.2470002,1477,276,None,Move,development
1569401430.255,1478,274,None,Move,development
1569401430.264,1478,272,None,Move,development
1569401430.271,1478,271,None,Move,development
1569401430.28,1479,270,None,Move,development
1569401430.288,1479,268,None,Move,development
1569401430.293,1479,267,None,Move,development
1569401430.302,1479,266,None,Move,development
1569401430.31,1479,264,None,Move,development
1569401430.3179998,1479,263,None,Move,development
1569401430.3279998,1479,263,None,Move,development
1569401430.334,1479,262,None,Move,development
1569401430.342,1479,261,None,Move,development
1569401430.35,1479,260,None,Move,development
1569401430.356,1479,260,None,Move,development
1569401430.3639998,1479,259,None,Move,development
1569401430.3720002,1479,258,None,Move,development
1569401430.38,1479,257,None,Move,development
1569401430.3879998,1479,257,None,Move,development
1569401430.396,1479,256,None,Move,development
1569401430.406,1479,255,None,Move,development
1569401430.413,1480,254,None,Move,development
1569401430.431,1480,252,None,Move,development
1569401430.436,1481,251,None,Move,development
1569401430.441,1481,250,None,Move,development
1569401430.449,1482,250,None,Move,development
1569401430.457,1482,249,None,Move,development
1569401430.466,1483,248,None,Move,development
1569401430.474,1484,248,None,Move,development
1569401430.481,1484,247,None,Move,development
1569401430.488,1486,245,None,Move,development
1569401430.495,1489,244,None,Move,development
1569401430.504,1490,243,None,Move,development
1569401430.512,1491,242,None,Move,development
1569401430.52,1494,241,None,Move,development
1569401430.5270002,1496,239,None,Move,development
1569401430.536,1499,238,None,Move,development
1569401430.543,1501,237,None,Move,development
1569401430.549,1504,235,None,Move,development
1569401430.559,1506,235,None,Move,development
1569401430.566,1507,233,None,Move,development
1569401430.573,1509,233,None,Move,development
1569401430.581,1511,232,None,Move,development
1569401430.589,1512,231,None,Move,development
1569401430.5979998,1513,231,None,Move,development
1569401430.606,1514,230,None,Move,development
1569401430.6120002,1515,229,None,Move,development
1569401430.619,1516,229,None,Move,development
1569401430.6279998,1516,228,None,Move,development
1569401430.6360002,1517,228,None,Move,development
1569401430.644,1518,227,None,Move,development
1569401430.658,1518,226,None,Move,development
1569401430.666,1519,226,None,Move,development
1569401430.674,1519,225,None,Move,development
1569401430.6820002,1520,224,None,Move,development
1569401430.69,1520,224,None,Move,development
1569401430.698,1520,223,None,Move,development
1569401430.706,1521,222,None,Move,development
1569401430.714,1522,221,None,Move,development
1569401430.722,1522,221,None,Move,development
1569401430.728,1522,220,None,Move,development
1569401430.736,1523,219,None,Move,development
1569401430.746,1523,219,None,Move,development
1569401430.752,1523,218,None,Move,development
1569401430.76,1524,218,None,Move,development
1569401430.768,1524,217,None,Move,development
1569401430.776,1525,217,None,Move,development
1569401430.784,1526,216,None,Move,development
1569401430.79,1526,215,None,Move,development
1569401430.7970002,1527,214,None,Move,development
1569401430.806,1528,214,None,Move,development
1569401430.816,1529,213,None,Move,development
1569401430.821,1529,212,None,Move,development
1569401430.83,1530,212,None,Move,development
1569401430.837,1530,211,None,Move,development
1569401430.846,1531,211,None,Move,development
1569401430.854,1531,211,None,Move,development
1569401430.86,1531,210,None,Move,development
1569401430.875,1532,210,None,Move,development
1569401430.937,1532,210,Left,Pressed,development
1569401431.03,1532,210,Left,Released,development
1569401431.1320002,1532,210,None,Move,development
1569401431.149,1531,210,None,Move,development
1569401431.157,1530,211,None,Move,development
1569401431.164,1530,211,None,Move,development
1569401431.1720002,1528,213,None,Move,development
1569401431.179,1527,215,None,Move,development
1569401431.186,1525,218,None,Move,development
1569401431.194,1523,222,None,Move,development
1569401431.201,1519,226,None,Move,development
1569401431.21,1516,232,None,Move,development
1569401431.218,1512,238,None,Move,development
1569401431.226,1508,246,None,Move,development
1569401431.234,1501,253,None,Move,development
1569401431.24,1496,262,None,Move,development
1569401431.2470002,1489,270,None,Move,development
1569401431.256,1483,280,None,Move,development
1569401431.2629998,1476,290,None,Move,development
1569401431.271,1468,300,None,Move,development
1569401431.279,1462,310,None,Move,development
1569401431.285,1455,319,None,Move,development
1569401431.293,1449,327,None,Move,development
1569401431.301,1442,336,None,Move,development
1569401431.309,1436,345,None,Move,development
1569401431.3170002,1430,352,None,Move,development
1569401431.325,1425,358,None,Move,development
1569401431.333,1421,364,None,Move,development
1569401431.342,1418,370,None,Move,development
1569401431.347,1416,375,None,Move,development
1569401431.363,1413,378,None,Move,development
1569401431.3679998,1411,383,None,Move,development
1569401431.373,1410,386,None,Move,development
1569401431.38,1408,389,None,Move,development
1569401431.387,1408,392,None,Move,development
1569401431.396,1407,395,None,Move,development
1569401431.4020002,1406,397,None,Move,development
1569401431.41,1406,399,None,Move,development
1569401431.418,1405,400,None,Move,development
1569401431.426,1405,402,None,Move,development
1569401431.436,1404,402,None,Move,development
1569401431.4420002,1404,403,None,Move,development
1569401431.45,1404,403,None,Move,development
1569401431.464,1404,404,None,Move,development
1569401431.674,1404,404,None,Move,development
1569401431.706,1403,404,None,Move,development
1569401431.716,1403,404,None,Move,development
1569401431.724,1402,403,None,Move,development
1569401431.731,1402,403,None,Move,development
1569401431.7370002,1402,403,None,Move,development
1569401431.744,1401,403,None,Move,development
1569401431.906,1400,403,None,Move,development
1569401431.9220002,1400,402,None,Move,development
1569401431.9320002,1399,402,None,Move,development
1569401432.208,1399,401,None,Move,development
1569401432.224,1397,400,None,Move,development
1569401432.2329998,1395,400,None,Move,development
1569401432.24,1392,399,None,Move,development
1569401432.248,1389,399,None,Move,development
1569401432.2570002,1384,398,None,Move,development
1569401432.264,1379,398,None,Move,development
1569401432.272,1368,398,None,Move,development
1569401432.2770002,1361,398,None,Move,development
1569401432.286,1355,398,None,Move,development
1569401432.294,1348,398,None,Move,development
1569401432.302,1340,398,None,Move,development
1569401432.31,1327,398,None,Move,development
1569401432.3179998,1315,398,None,Move,development
1569401432.326,1303,399,None,Move,development
1569401432.334,1292,400,None,Move,development
1569401432.339,1281,401,None,Move,development
1569401432.347,1272,402,None,Move,development
1569401432.356,1261,403,None,Move,development
1569401432.363,1248,406,None,Move,development
1569401432.3720002,1234,406,None,Move,development
1569401432.379,1221,407,None,Move,development
1569401432.387,1209,408,None,Move,development
1569401432.395,1198,409,None,Move,development
1569401432.403,1186,410,None,Move,development
1569401432.409,1174,412,None,Move,development
1569401432.417,1162,413,None,Move,development
1569401432.425,1150,416,None,Move,development
1569401432.4329998,1139,417,None,Move,development
1569401432.441,1130,418,None,Move,development
1569401432.449,1120,419,None,Move,development
1569401432.457,1112,420,None,Move,development
1569401432.465,1104,420,None,Move,development
1569401432.472,1096,422,None,Move,development
1569401432.48,1089,423,None,Move,development
1569401432.488,1083,424,None,Move,development
1569401432.496,1080,425,None,Move,development
1569401432.504,1077,425,None,Move,development
1569401432.512,1075,426,None,Move,development
1569401432.519,1072,427,None,Move,development
1569401432.526,1071,427,None,Move,development
1569401432.534,1070,427,None,Move,development
1569401432.542,1069,427,None,Move,development
1569401432.992,1069,428,None,Move,development
1569401433.008,1068,429,None,Move,development
1569401433.022,1068,429,None,Move,development
1569401433.03,1067,429,None,Move,development
1569401433.038,1066,430,None,Move,development
1569401433.046,1065,430,None,Move,development
1569401433.054,1064,430,None,Move,development
1569401433.062,1064,431,None,Move,development
1569401433.07,1064,432,None,Move,development
1569401433.0779998,1064,433,None,Move,development
1569401433.084,1064,433,None,Move,development
1569401433.092,1064,434,None,Move,development
1569401433.1,1064,434,None,Move,development
1569401433.1079998,1064,435,None,Move,development
1569401433.1239998,1064,437,None,Move,development
1569401433.1320002,1064,438,None,Move,development
1569401433.14,1064,438,None,Move,development
1569401433.146,1064,439,None,Move,development
1569401433.154,1065,439,None,Move,development
1569401433.1620002,1066,439,None,Move,development
1569401433.169,1068,439,None,Move,development
1569401433.178,1069,439,None,Move,development
1569401433.185,1070,439,None,Move,development
1569401433.1929998,1071,439,None,Move,development
1569401433.201,1072,439,None,Move,development
1569401433.209,1072,439,None,Move,development
1569401433.218,1073,439,None,Move,development
1569401433.2229998,1073,439,None,Move,development
1569401433.2329998,1074,439,None,Move,development
1569401433.248,1074,439,None,Move,development
1569401433.264,1075,439,None,Move,development
1569401433.2770002,1075,439,None,Move,development
1569401433.293,1075,438,None,Move,development
1569401433.3179998,1075,438,None,Move,development
1569401433.356,1075,438,None,Move,development
1569401433.38,1075,437,None,Move,development
1569401433.396,1075,436,None,Move,development
1569401433.409,1075,436,None,Move,development
1569401433.418,1075,435,None,Move,development
1569401433.426,1075,435,None,Move,development
1569401433.434,1075,434,None,Move,development
1569401433.4420002,1075,434,None,Move,development
1569401433.452,1075,433,None,Move,development
1569401433.458,1075,432,None,Move,development
1569401433.464,1075,432,None,Move,development
1569401433.48,1075,431,None,Move,development
1569401433.488,1075,431,None,Move,development
1569401433.496,1074,431,None,Move,development
1569401433.504,1074,430,None,Move,development
1569401433.518,1074,430,None,Move,development
1569401433.526,1073,429,None,Move,development
1569401433.542,1073,428,None,Move,development
1569401433.55,1073,428,None,Move,development
1569401433.5579998,1073,427,None,Move,development
1569401433.566,1073,427,None,Move,development
1569401433.574,1073,426,None,Move,development
1569401433.582,1073,426,None,Move,development
1569401433.596,1073,425,None,Move,development
1569401433.603,1073,424,None,Move,development
1569401433.615,1073,424,None,Move,development
1569401433.627,1072,423,None,Move,development
1569401433.6360002,1071,423,None,Move,development
1569401433.649,1071,423,None,Move,development
1569401433.673,1071,423,None,Move,development
1569401433.681,1071,422,None,Move,development
1569401433.704,1070,422,None,Move,development
1569401433.711,1070,422,None,Move,development
1569401433.719,1070,422,None,Move,development
1569401435.8760002,1068,423,None,Move,development
1569401435.8839998,1064,426,None,Move,development
1569401435.89,1059,430,None,Move,development
1569401435.8979998,1052,435,None,Move,development
1569401435.908,1042,442,None,Move,development
1569401435.914,1028,449,None,Move,development
1569401435.9220002,1012,457,None,Move,development
1569401435.93,991,467,None,Move,development
1569401435.938,971,478,None,Move,development
1569401435.944,947,490,None,Move,development
1569401435.952,924,501,None,Move,development
1569401435.96,898,514,None,Move,development
1569401435.968,856,531,None,Move,development
1569401435.976,813,544,None,Move,development
1569401435.9829998,774,557,None,Move,development
1569401435.9910002,733,572,None,Move,development
1569401435.998,700,586,None,Move,development
1569401436.005,666,600,None,Move,development
1569401436.014,636,610,None,Move,development
1569401436.022,603,621,None,Move,development
1569401436.03,571,629,None,Move,development
1569401436.038,548,637,None,Move,development
1569401436.046,526,644,None,Move,development
1569401436.054,511,650,None,Move,development
1569401436.062,497,655,None,Move,development
1569401436.0679998,485,658,None,Move,development
1569401436.076,473,661,None,Move,development
1569401436.084,463,663,None,Move,development
1569401436.092,455,664,None,Move,development
1569401436.1,448,665,None,Move,development
1569401436.1079998,441,666,None,Move,development
1569401436.1160002,436,666,None,Move,development
1569401436.1239998,432,666,None,Move,development
1569401436.13,429,666,None,Move,development
1569401436.1379998,426,666,None,Move,development
1569401436.146,424,665,None,Move,development
1569401436.154,422,664,None,Move,development
1569401436.1620002,422,664,None,Move,development
1569401436.17,421,664,None,Move,development
1569401436.177,420,663,None,Move,development
1569401436.186,420,661,None,Move,development
1569401436.194,419,660,None,Move,development
1569401436.199,418,658,None,Move,development
1569401436.208,418,656,None,Move,development
1569401436.216,416,654,None,Move,development
1569401436.2229998,415,651,None,Move,development
1569401436.231,414,647,None,Move,development
1569401436.2410002,414,642,None,Move,development
1569401436.2470002,412,639,None,Move,development
1569401436.2529998,412,634,None,Move,development
1569401436.2629998,411,629,None,Move,development
1569401436.269,410,624,None,Move,development
1569401436.278,410,618,None,Move,development
1569401436.285,410,613,None,Move,development
1569401436.293,410,606,None,Move,development
1569401436.302,410,599,None,Move,development
1569401436.3070002,410,593,None,Move,development
1569401436.316,410,586,None,Move,development
1569401436.324,410,579,None,Move,development
1569401436.332,410,572,None,Move,development
1569401436.339,410,566,None,Move,development
1569401436.347,410,560,None,Move,development
1569401436.356,409,555,None,Move,development
1569401436.3639998,409,550,None,Move,development
1569401436.37,408,547,None,Move,development
1569401436.3779998,408,544,None,Move,development
1569401436.3860002,407,541,None,Move,development
1569401436.394,406,537,None,Move,development
1569401436.401,404,534,None,Move,development
1569401436.41,401,528,None,Move,development
1569401436.417,399,522,None,Move,development
1569401436.426,398,517,None,Move,development
1569401436.4329998,396,514,None,Move,development
1569401436.439,395,510,None,Move,development
1569401436.447,393,505,None,Move,development
1569401436.455,391,499,None,Move,development
1569401436.4629998,388,494,None,Move,development
1569401436.471,386,490,None,Move,development
1569401436.479,384,487,None,Move,development
1569401436.488,383,485,None,Move,development
1569401436.496,382,484,None,Move,development
1569401436.5010002,381,483,None,Move,development
1569401436.51,380,483,None,Move,development
1569401436.518,379,483,None,Move,development
1569401436.526,378,483,None,Move,development
1569401436.534,375,483,None,Move,development
1569401436.542,373,484,None,Move,development
1569401436.55,369,486,None,Move,development
1569401436.556,364,490,None,Move,development
1569401436.564,359,494,None,Move,development
1569401436.572,354,498,None,Move,development
1569401436.58,350,503,None,Move,development
1569401436.5879998,344,509,None,Move,development
1569401436.596,339,515,None,Move,development
1569401436.604,333,523,None,Move,development
1569401436.6120002,327,530,None,Move,development
1569401436.6179998,318,539,None,Move,development
1569401436.6260002,310,547,None,Move,development
1569401436.6339998,303,555,None,Move,development
1569401436.6420002,295,564,None,Move,development
1569401436.65,287,573,None,Move,development
1569401436.658,280,582,None,Move,development
1569401436.666,273,588,None,Move,development
1569401436.674,269,594,None,Move,development
1569401436.68,264,600,None,Move,development
1569401436.688,262,605,None,Move,development
1569401436.696,259,608,None,Move,development
1569401436.7029998,257,611,None,Move,development
1569401436.712,257,614,None,Move,development
1569401436.72,256,615,None,Move,development
1569401436.7270002,255,616,None,Move,development
1569401436.736,255,617,None,Move,development
1569401436.744,255,617,None,Move,development
1569401436.75,255,618,None,Move,development
1569401436.82,255,618,None,Move,development
1569401436.843,255,618,None,Move,development
1569401436.865,255,618,None,Move,development
1569401436.8820002,255,617,None,Move,development
1569401436.89,255,617,None,Move,development
1569401436.8979998,256,617,None,Move,development
1569401436.906,258,617,None,Move,development
1569401436.914,260,617,None,Move,development
1569401436.921,263,616,None,Move,development
1569401436.929,269,614,None,Move,development
1569401436.935,274,613,None,Move,development
1569401436.9429998,281,612,None,Move,development
1569401436.951,288,612,None,Move,development
1569401436.959,296,612,None,Move,development
1569401436.967,305,615,None,Move,development
1569401436.975,313,618,None,Move,development
1569401436.9829998,321,622,None,Move,development
1569401436.9889998,331,623,None,Move,development
1569401436.9970002,339,625,None,Move,development
1569401437.0070002,347,628,None,Move,development
1569401437.1620002,351,625,None,Move,development
1569401437.1820002,361,623,None,Move,development
1569401437.1920002,365,620,None,Move,development
1569401437.2,365,617,None,Move,development
1569401437.208,365,614,None,Move,development
1569401437.216,365,610,None,Move,development
1569401437.224,365,607,None,Move,development
1569401437.231,364,603,None,Move,development
1569401437.2370002,362,597,None,Move,development
1569401437.246,359,588,None,Move,development
1569401437.2529998,350,569,None,Move,development
1569401437.262,337,543,None,Move,development
1569401437.27,319,511,None,Move,development
1569401437.2770002,305,487,None,Move,development
1569401437.286,288,460,None,Move,development
1569401437.294,261,432,None,Move,development
1569401437.302,236,403,None,Move,development
1569401437.3079998,209,375,None,Move,development
1569401437.316,183,346,None,Move,development
1569401437.324,154,321,None,Move,development
1569401437.332,129,299,None,Move,development
1569401437.34,101,279,None,Move,development
1569401437.3479998,79,261,None,Move,development
1569401437.356,57,247,None,Move,development
1569401437.3639998,41,236,None,Move,development
1569401437.37,25,227,None,Move,development
1569401437.379,11,218,None,Move,development
1569401437.385,-1,213,None,Move,development
1569401437.394,-10,207,None,Move,development
1569401437.4020002,-11,202,None,Move,development
1569401437.409,-9,197,None,Move,development
1569401437.417,-6,194,None,Move,development
1569401437.428,-6,191,None,Move,development
1569401437.4329998,-3,190,None,Move,development
1569401437.44,-3,188,None,Move,development
1569401437.448,-2,187,None,Move,development
1569401437.455,-2,186,None,Move,development
1569401437.4629998,0,186,None,Move,development
1569401437.472,-1,185,None,Move,development
1569401437.494,0,185,None,Move,development
1569401437.502,0,183,None,Move,development
1569401437.51,0,182,None,Move,development
1569401437.518,0,179,None,Move,development
1569401437.526,1,176,None,Move,development
1569401437.534,2,173,None,Move,development
1569401437.542,5,170,None,Move,development
1569401437.55,7,167,None,Move,development
1569401437.555,9,165,None,Move,development
1569401437.564,10,163,None,Move,development
1569401437.571,13,161,None,Move,development
1569401437.579,14,158,None,Move,development
1569401437.5879998,16,156,None,Move,development
1569401437.599,18,155,None,Move,development
1569401437.61,22,150,None,Move,development
1569401437.617,24,148,None,Move,development
1569401437.6260002,26,146,None,Move,development
1569401437.6339998,28,145,None,Move,development
1569401437.6420002,30,143,None,Move,development
1569401437.65,32,142,None,Move,development
1569401437.661,34,140,None,Move,development
1569401437.666,37,140,None,Move,development
1569401437.6720002,38,139,None,Move,development
1569401437.68,40,139,None,Move,development
1569401437.688,41,138,None,Move,development
1569401437.696,41,138,None,Move,development
1569401437.734,42,138,None,Move,development
1569401437.7410002,42,138,None,Move,development
1569401437.75,42,138,None,Move,development
1569401437.758,42,139,None,Move,development
1569401437.766,42,140,None,Move,development
1569401437.7729998,43,142,None,Move,development
1569401437.781,43,144,None,Move,development
1569401437.79,43,144,None,Move,development
1569401437.796,43,146,None,Move,development
1569401437.804,44,147,None,Move,development
1569401437.812,44,148,None,Move,development
1569401437.82,44,150,None,Move,development
1569401437.827,43,152,None,Move,development
1569401437.835,43,154,None,Move,development
1569401437.843,42,156,None,Move,development
1569401437.851,41,158,None,Move,development
1569401437.857,40,158,None,Move,development
1569401437.865,39,159,None,Move,development
1569401437.875,39,161,None,Move,development
1569401437.881,38,161,None,Move,development
1569401437.895,38,162,None,Move,development
1569401438.107,38,162,Left,Pressed,development
1569401438.199,38,162,Left,Released,development
1569401438.927,40,163,None,Move,development
1569401438.935,43,165,None,Move,development
1569401438.9429998,50,168,None,Move,development
1569401438.951,59,173,None,Move,development
1569401438.959,69,180,None,Move,development
1569401438.967,87,189,None,Move,development
1569401438.975,111,202,None,Move,development
1569401438.981,137,215,None,Move,development
1569401438.9889998,169,231,None,Move,development
1569401438.9970002,200,244,None,Move,development
1569401439.005,243,260,None,Move,development
1569401439.0129998,277,272,None,Move,development
1569401439.021,320,283,None,Move,development
1569401439.029,362,291,None,Move,development
1569401439.038,404,294,None,Move,development
1569401439.045,443,298,None,Move,development
1569401439.051,486,298,None,Move,development
1569401439.06,524,298,None,Move,development
1569401439.0679998,559,298,None,Move,development
1569401439.076,589,298,None,Move,development
1569401439.084,616,298,None,Move,development
1569401439.092,638,298,None,Move,development
1569401439.097,653,298,None,Move,development
1569401439.106,666,298,None,Move,development
1569401439.113,677,297,None,Move,development
1569401439.1220002,686,297,None,Move,development
1569401439.13,691,296,None,Move,development
1569401439.1379998,694,296,None,Move,development
1569401439.146,694,296,None,Move,development
1569401439.176,694,296,None,Move,development
1569401439.184,694,296,None,Move,development
1569401439.1920002,694,297,None,Move,development
1569401439.2,694,298,None,Move,development
1569401439.208,694,298,None,Move,development
1569401439.217,694,299,None,Move,development
1569401439.224,694,299,None,Move,development
1569401439.23,694,300,None,Move,development
1569401439.246,694,301,None,Move,development
1569401439.2529998,694,302,None,Move,development
1569401439.262,694,302,None,Move,development
1569401439.269,694,303,None,Move,development
1569401439.278,693,304,None,Move,development
1569401439.286,693,305,None,Move,development
1569401439.292,693,307,None,Move,development
1569401439.3,692,310,None,Move,development
1569401439.31,691,312,None,Move,development
1569401439.315,690,314,None,Move,development
1569401439.324,689,317,None,Move,development
1569401439.331,687,319,None,Move,development
1569401439.339,686,322,None,Move,development
1569401439.347,684,324,None,Move,development
1569401439.354,682,325,None,Move,development
1569401439.361,680,328,None,Move,development
1569401439.369,678,330,None,Move,development
1569401439.3779998,675,331,None,Move,development
1569401439.385,673,333,None,Move,development
1569401439.393,671,334,None,Move,development
1569401439.401,669,336,None,Move,development
1569401439.407,666,337,None,Move,development
1569401439.415,665,337,None,Move,development
1569401439.424,663,339,None,Move,development
1569401439.436,662,339,None,Move,development
1569401439.44,662,339,None,Move,development
1569401439.649,662,340,None,Move,development
1569401439.657,662,341,None,Move,development
1569401439.663,662,341,None,Move,development
1569401439.671,662,342,None,Move,development
1569401439.679,663,342,None,Move,development
1569401439.687,664,343,None,Move,development
1569401439.711,664,343,None,Move,development
1569401439.896,664,343,Left,Pressed,development
1569401439.896,664,343,None,Drag,development
1569401439.907,664,343,None,Drag,development
1569401439.907,664,343,Left,Released,development
1569401440.06,664,343,Left,Pressed,development
1569401440.16,664,343,Left,Released,development
1569401440.245,665,343,None,Move,development
1569401440.26,665,343,None,Move,development
1569401440.274,668,343,None,Move,development
1569401440.286,671,344,None,Move,development
1569401440.291,676,346,None,Move,development
1569401440.3,679,346,None,Move,development
1569401440.312,682,346,None,Move,development
1569401440.3179998,685,346,None,Move,development
1569401440.3279998,689,347,None,Move,development
1569401440.333,692,348,None,Move,development
1569401440.339,697,349,None,Move,development
1569401440.345,701,349,None,Move,development
1569401440.354,704,349,None,Move,development
1569401440.3620002,706,349,None,Move,development
1569401440.37,708,349,None,Move,development
1569401440.3779998,709,349,None,Move,development
1569401440.3860002,711,349,None,Move,development
1569401440.394,712,349,None,Move,development
1569401440.4,713,350,None,Move,development
1569401440.411,714,350,None,Move,development
1569401440.416,714,350,None,Move,development
1569401440.424,715,350,None,Move,development
1569401440.4320002,716,350,None,Move,development
1569401440.44,717,350,None,Move,development
1569401440.448,717,350,None,Move,development
1569401440.456,718,350,None,Move,development
1569401440.47,718,350,None,Move,development
1569401440.478,719,350,None,Move,development
1569401440.68,720,350,None,Move,development
1569401440.687,720,350,None,Move,development
1569401440.695,720,350,None,Move,development
1569401440.709,721,350,None,Move,development
1569401440.726,721,350,None,Move,development
1569401440.734,721,351,None,Move,development
1569401440.742,722,351,None,Move,development
1569401440.75,722,351,None,Move,development
1569401440.758,723,351,None,Move,development
1569401440.765,724,353,None,Move,development
1569401440.772,726,354,None,Move,development
1569401440.779,729,356,None,Move,development
1569401440.7870002,735,359,None,Move,development
1569401440.795,742,364,None,Move,development
1569401440.803,752,370,None,Move,development
1569401440.811,765,378,None,Move,development
1569401440.819,784,392,None,Move,development
1569401440.827,807,409,None,Move,development
1569401440.836,832,430,None,Move,development
1569401440.844,860,454,None,Move,development
1569401440.849,889,481,None,Move,development
1569401440.8579998,925,509,None,Move,development
1569401440.8660002,950,530,None,Move,development
1569401440.873,979,547,None,Move,development
1569401440.881,1003,560,None,Move,development
1569401440.889,1021,569,None,Move,development
1569401440.897,1034,576,None,Move,development
1569401440.903,1041,582,None,Move,development
1569401440.9120002,1047,586,None,Move,development
1569401440.921,1050,588,None,Move,development
1569401440.927,1051,590,None,Move,development
1569401440.935,1051,592,None,Move,development
1569401440.944,1051,593,None,Move,development
1569401440.951,1051,594,None,Move,development
1569401441.1139998,1053,593,None,Move,development
1569401441.123,1050,589,None,Move,development
1569401441.1320002,1047,586,None,Move,development
1569401441.1379998,1043,583,None,Move,development
1569401441.144,1040,582,None,Move,development
1569401441.1520002,1037,579,None,Move,development
1569401441.16,1034,578,None,Move,development
1569401441.17,1033,577,None,Move,development
1569401441.176,1032,576,None,Move,development
1569401441.1829998,1032,576,None,Move,development
1569401441.191,1032,575,None,Move,development
1569401441.2,1032,575,None,Move,development
1569401441.207,1033,574,None,Move,development
1569401441.214,1034,573,None,Move,development
1569401441.222,1035,573,None,Move,development
1569401441.23,1037,573,None,Move,development
1569401441.2410002,1040,573,None,Move,development
1569401441.2529998,1044,572,None,Move,development
1569401441.2610002,1046,571,None,Move,development
1569401441.269,1047,570,None,Move,development
1569401441.2770002,1049,570,None,Move,development
1569401441.284,1049,570,None,Move,development
1569401441.292,1050,570,None,Move,development
1569401441.3,1051,570,None,Move,development
1569401441.315,1052,570,None,Move,development
1569401441.323,1052,570,None,Move,development
1569401441.329,1052,569,None,Move,development
1569401441.3379998,1052,569,None,Move,development
1569401441.346,1052,568,None,Move,development
1569401441.361,1052,568,None,Move,development
1569401441.377,1052,567,None,Move,development
1569401441.408,1052,566,None,Move,development
1569401441.416,1052,566,None,Move,development
1569401441.424,1052,565,None,Move,development
1569401441.4320002,1052,565,None,Move,development
1569401441.4770002,1052,564,None,Move,development
1569401441.524,1052,564,Left,Pressed,development
1569401441.64,1052,564,Left,Released,development
1569401441.702,1052,564,None,Move,development
1569401441.718,1052,563,None,Move,development
1569401441.7329998,1052,563,None,Move,development
1569401441.742,1053,562,None,Move,development
1569401441.7570002,1053,562,None,Move,development
1569401441.7629998,1054,562,None,Move,development
1569401441.771,1058,561,None,Move,development
1569401441.779,1062,560,None,Move,development
1569401441.788,1067,560,None,Move,development
1569401441.796,1073,559,None,Move,development
1569401441.804,1078,558,None,Move,development
1569401441.811,1084,558,None,Move,development
1569401441.82,1091,557,None,Move,development
1569401441.826,1099,556,None,Move,development
1569401441.833,1106,554,None,Move,development
1569401441.841,1113,554,None,Move,development
1569401441.849,1120,552,None,Move,development
1569401441.857,1125,551,None,Move,development
1569401441.865,1130,551,None,Move,development
1569401441.873,1134,551,None,Move,development
1569401441.881,1137,550,None,Move,development
1569401441.889,1140,549,None,Move,development
1569401441.9,1142,549,None,Move,development
1569401441.9120002,1145,548,None,Move,development
1569401441.92,1146,548,None,Move,development
1569401441.946,1146,548,None,Move,development
1569401442.0110002,1146,547,None,Move,development
1569401442.036,1146,547,None,Move,development
1569401442.052,1146,546,None,Move,development
1569401442.097,1146,545,None,Move,development
1569401442.1139998,1146,545,None,Move,development
1569401442.13,1146,545,None,Move,development
1569401442.144,1146,544,None,Move,development
1569401442.167,1146,544,None,Move,development
1569401442.2,1146,543,None,Move,development
1569401442.214,1146,543,None,Move,development
1569401442.315,1146,542,None,Move,development
1569401442.334,1146,541,None,Move,development
1569401442.344,1146,541,None,Move,development
1569401442.3639998,1146,540,None,Move,development
1569401442.377,1146,539,None,Move,development
1569401442.3860002,1146,539,None,Move,development
1569401442.408,1146,538,None,Move,development
1569401442.44,1146,537,None,Move,development
1569401442.6929998,1145,537,None,Move,development
1569401442.701,1145,537,None,Move,development
1569401442.811,1145,536,None,Move,development
1569401442.833,1144,536,None,Move,development
1569401442.849,1144,536,None,Move,development
1569401442.8879998,1144,535,None,Move,development
1569401442.9120002,1144,535,None,Move,development
1569401442.928,1144,534,None,Move,development
1569401442.944,1144,533,None,Move,development
1569401442.95,1144,533,None,Move,development
1569401442.958,1144,532,None,Move,development
1569401442.966,1144,532,None,Move,development
1569401442.974,1143,530,None,Move,development
1569401442.982,1143,529,None,Move,development
1569401442.99,1143,529,None,Move,development
1569401442.998,1141,527,None,Move,development
1569401443.006,1140,525,None,Move,development
1569401443.014,1139,524,None,Move,development
1569401443.02,1137,522,None,Move,development
1569401443.03,1135,520,None,Move,development
1569401443.036,1133,519,None,Move,development
1569401443.046,1132,517,None,Move,development
1569401443.052,1131,516,None,Move,development
1569401443.059,1129,515,None,Move,development
1569401443.066,1127,514,None,Move,development
1569401443.074,1125,512,None,Move,development
1569401443.085,1123,511,None,Move,development
1569401443.09,1122,510,None,Move,development
1569401443.097,1120,508,None,Move,development
1569401443.105,1118,508,None,Move,development
1569401443.1139998,1117,506,None,Move,development
1569401443.1220002,1115,505,None,Move,development
1569401443.127,1113,503,None,Move,development
1569401443.1360002,1112,503,None,Move,development
1569401443.143,1111,501,None,Move,development
1569401443.151,1111,501,None,Move,development
1569401443.159,1110,500,None,Move,development
1569401443.167,1109,500,None,Move,development
1569401443.175,1109,498,None,Move,development
1569401443.1829998,1108,497,None,Move,development
1569401443.1920002,1107,495,None,Move,development
1569401443.198,1105,493,None,Move,development
1569401443.207,1104,490,None,Move,development
1569401443.2129998,1102,488,None,Move,development
1569401443.221,1101,486,None,Move,development
1569401443.23,1100,484,None,Move,development
1569401443.2389998,1099,482,None,Move,development
1569401443.245,1099,482,None,Move,development
1569401443.2529998,1098,481,None,Move,development
1569401443.262,1098,481,None,Move,development
1569401443.268,1098,480,None,Move,development
1569401443.276,1098,479,None,Move,development
1569401443.284,1097,479,None,Move,development
1569401443.292,1097,478,None,Move,development
1569401443.3,1096,477,None,Move,development
1569401443.3070002,1096,476,None,Move,development
1569401443.316,1096,476,None,Move,development
1569401443.322,1095,475,None,Move,development
1569401443.33,1094,473,None,Move,development
1569401443.34,1094,472,None,Move,development
1569401443.346,1093,471,None,Move,development
1569401443.354,1093,469,None,Move,development
1569401443.3620002,1093,468,None,Move,development
1569401443.371,1093,467,None,Move,development
1569401443.3760002,1092,466,None,Move,development
1569401443.3839998,1092,466,None,Move,development
1569401443.3920002,1092,464,None,Move,development
1569401443.4,1092,464,None,Move,development
1569401443.408,1092,463,None,Move,development
1569401443.416,1092,462,None,Move,development
1569401443.424,1092,461,None,Move,development
1569401443.438,1092,461,None,Move,development
1569401443.446,1092,460,None,Move,development
1569401443.461,1092,460,None,Move,development
1569401443.47,1092,459,None,Move,development
1569401443.478,1092,459,None,Move,development
1569401443.486,1092,457,None,Move,development
1569401443.494,1092,457,None,Move,development
1569401443.5,1092,456,None,Move,development
1569401443.508,1092,454,None,Move,development
1569401443.516,1092,453,None,Move,development
1569401443.524,1092,452,None,Move,development
1569401443.532,1092,450,None,Move,development
1569401443.54,1092,449,None,Move,development
1569401443.548,1092,449,None,Move,development
1569401443.556,1092,448,None,Move,development
1569401443.5779998,1092,447,None,Move,development
1569401443.586,1092,447,None,Move,development
1569401443.594,1092,446,None,Move,development
1569401443.601,1092,446,None,Move,development
1569401443.6179998,1092,445,None,Move,development
1569401443.6239998,1092,444,None,Move,development
1569401443.6320002,1092,443,None,Move,development
1569401443.64,1092,441,None,Move,development
1569401443.6479998,1092,439,None,Move,development
1569401443.656,1093,438,None,Move,development
1569401443.663,1094,436,None,Move,development
1569401443.6720002,1094,433,None,Move,development
1569401443.679,1095,431,None,Move,development
1569401443.686,1096,429,None,Move,development
1569401443.6929998,1097,427,None,Move,development
1569401443.701,1098,425,None,Move,development
1569401443.709,1099,423,None,Move,development
1569401443.717,1099,422,None,Move,development
1569401443.725,1100,421,None,Move,development
1569401443.7329998,1101,419,None,Move,development
1569401443.7410002,1101,418,None,Move,development
1569401443.75,1102,417,None,Move,development
1569401443.756,1103,416,None,Move,development
1569401443.7629998,1103,415,None,Move,development
1569401443.774,1103,414,None,Move,development
1569401443.78,1103,413,None,Move,development
1569401443.788,1103,412,None,Move,development
1569401443.796,1104,411,None,Move,development
1569401443.804,1105,410,None,Move,development
1569401443.812,1105,408,None,Move,development
1569401443.8179998,1105,407,None,Move,development
1569401443.825,1106,406,None,Move,development
1569401443.834,1106,405,None,Move,development
1569401443.842,1107,404,None,Move,development
1569401443.85,1107,403,None,Move,development
1569401443.8579998,1107,402,None,Move,development
1569401443.8660002,1107,401,None,Move,development
1569401443.8739998,1107,401,None,Move,development
1569401443.88,1108,401,None,Move,development
1569401443.8879998,1108,400,None,Move,development
1569401444.082,1109,399,None,Move,development
1569401444.09,1110,398,None,Move,development
1569401444.097,1111,398,None,Move,development
1569401444.106,1111,397,None,Move,development
1569401444.113,1113,396,None,Move,development
1569401444.119,1114,395,None,Move,development
1569401444.13,1116,394,None,Move,development
1569401444.135,1118,393,None,Move,development
1569401444.143,1120,392,None,Move,development
1569401444.1520002,1123,390,None,Move,development
1569401444.16,1125,389,None,Move,development
1569401444.168,1129,387,None,Move,development
1569401444.175,1132,385,None,Move,development
1569401444.1820002,1134,385,None,Move,development
1569401444.19,1135,383,None,Move,development
1569401444.198,1138,382,None,Move,development
1569401444.206,1140,382,None,Move,development
1569401444.2129998,1141,381,None,Move,development
1569401444.222,1143,380,None,Move,development
1569401444.23,1145,380,None,Move,development
1569401444.238,1145,380,None,Move,development
1569401444.2429998,1145,379,None,Move,development
1569401444.2510002,1146,379,None,Move,development
1569401444.755,1146,379,None,Move,development
1569401444.7629998,1148,377,None,Move,development
1569401444.771,1150,376,None,Move,development
1569401444.779,1154,374,None,Move,development
1569401444.7870002,1160,372,None,Move,development
1569401444.795,1167,370,None,Move,development
1569401444.801,1175,368,None,Move,development
1569401444.809,1185,365,None,Move,development
1569401444.8179998,1197,362,None,Move,development
1569401444.826,1214,358,None,Move,development
1569401444.834,1232,355,None,Move,development
1569401444.841,1254,350,None,Move,development
1569401444.849,1273,344,None,Move,development
1569401444.8579998,1287,341,None,Move,development
1569401444.8660002,1299,338,None,Move,development
1569401444.8720002,1310,334,None,Move,development
1569401444.88,1318,332,None,Move,development
1569401444.8879998,1325,330,None,Move,development
1569401444.896,1330,327,None,Move,development
1569401444.904,1334,325,None,Move,development
1569401444.9120002,1336,324,None,Move,development
1569401444.92,1336,324,None,Move,development
1569401444.966,1336,323,None,Move,development
1569401444.984,1335,322,None,Move,development
1569401444.992,1333,320,None,Move,development
1569401444.998,1331,319,None,Move,development
1569401445.004,1329,318,None,Move,development
1569401445.012,1327,317,None,Move,development
1569401445.02,1325,316,None,Move,development
1569401445.0270002,1325,315,None,Move,development
1569401445.036,1323,315,None,Move,development
1569401445.044,1323,315,None,Move,development
1569401445.0579998,1322,315,None,Move,development
1569401445.065,1322,315,None,Move,development
1569401445.074,1322,314,None,Move,development
1569401445.082,1321,314,None,Move,development
1569401445.089,1320,314,None,Move,development
1569401445.097,1319,313,None,Move,development
1569401445.105,1317,313,None,Move,development
1569401445.111,1315,313,None,Move,development
1569401445.119,1312,313,None,Move,development
1569401445.1279998,1309,313,None,Move,development
1569401445.135,1304,313,None,Move,development
1569401445.143,1300,313,None,Move,development
1569401445.151,1293,314,None,Move,development
1569401445.159,1290,315,None,Move,development
1569401445.167,1286,315,None,Move,development
1569401445.174,1283,317,None,Move,development
1569401445.1820002,1278,317,None,Move,development
1569401445.19,1273,319,None,Move,development
1569401445.198,1268,319,None,Move,development
1569401445.206,1264,321,None,Move,development
1569401445.214,1258,323,None,Move,development
1569401445.2229998,1253,325,None,Move,development
1569401445.229,1249,327,None,Move,development
1569401445.238,1246,328,None,Move,development
1569401445.244,1243,328,None,Move,development
1569401445.252,1239,330,None,Move,development
1569401445.2589998,1237,331,None,Move,development
1569401445.268,1236,331,None,Move,development
1569401445.276,1235,332,None,Move,development
1569401445.284,1234,332,None,Move,development
1569401446.7389998,1233,332,None,Move,development
1569401446.7470002,1231,334,None,Move,development
1569401446.755,1226,339,None,Move,development
1569401446.7629998,1219,344,None,Move,development
1569401446.771,1211,350,None,Move,development
1569401446.779,1196,358,None,Move,development
1569401446.785,1180,366,None,Move,development
1569401446.793,1164,377,None,Move,development
1569401446.801,1144,386,None,Move,development
1569401446.81,1128,393,None,Move,development
1569401446.8170002,1113,401,None,Move,development
1569401446.826,1101,407,None,Move,development
1569401446.833,1091,411,None,Move,development
1569401446.842,1081,415,None,Move,development
1569401446.85,1073,419,None,Move,development
1569401446.855,1067,423,None,Move,development
1569401446.8639998,1059,427,None,Move,development
1569401446.8720002,1055,428,None,Move,development
1569401446.88,1052,430,None,Move,development
1569401446.8879998,1050,431,None,Move,development
1569401446.896,1049,431,None,Move,development
1569401446.958,1049,431,None,Move,development
1569401446.966,1048,433,None,Move,development
1569401446.974,1047,435,None,Move,development
1569401446.9829998,1045,439,None,Move,development
1569401446.9889998,1044,442,None,Move,development
1569401446.998,1043,445,None,Move,development
1569401447.004,1041,447,None,Move,development
1569401447.012,1040,449,None,Move,development
1569401447.02,1040,449,None,Move,development
1569401447.028,1039,450,None,Move,development
1569401447.074,1039,450,None,Move,development
1569401447.089,1039,452,None,Move,development
1569401447.096,1041,453,None,Move,development
1569401447.104,1045,455,None,Move,development
1569401447.111,1050,457,None,Move,development
1569401447.119,1056,459,None,Move,development
1569401447.127,1060,460,None,Move,development
1569401447.1360002,1065,461,None,Move,development
1569401447.144,1069,463,None,Move,development
1569401447.151,1073,463,None,Move,development
1569401447.157,1076,464,None,Move,development
1569401447.165,1079,465,None,Move,development
1569401447.174,1081,465,None,Move,development
1569401447.181,1082,465,None,Move,development
1569401447.189,1083,465,None,Move,development
1569401447.2129998,1084,465,None,Move,development
1569401447.244,1084,465,None,Move,development
1569401447.26,1084,465,None,Move,development
1569401447.268,1082,465,None,Move,development
1569401447.276,1078,464,None,Move,development
1569401447.282,1074,461,None,Move,development
1569401447.289,1067,460,None,Move,development
1569401447.2970002,1064,460,None,Move,development
1569401447.306,1061,460,None,Move,development
1569401447.314,1059,460,None,Move,development
1569401447.322,1056,460,None,Move,development
1569401447.33,1055,461,None,Move,development
1569401447.336,1054,461,None,Move,development
1569401447.343,1053,461,None,Move,development
1569401447.351,1052,461,None,Move,development
1569401447.3620002,1051,461,None,Move,development
1569401447.415,1051,462,None,Move,development
1569401447.421,1051,462,None,Move,development
1569401447.43,1051,463,None,Move,development
1569401447.438,1051,464,None,Move,development
1569401447.445,1051,465,None,Move,development
1569401447.454,1051,466,None,Move,development
1569401447.462,1050,467,None,Move,development
1569401447.47,1049,469,None,Move,development
1569401447.476,1049,471,None,Move,development
1569401447.485,1048,473,None,Move,development
1569401447.4910002,1046,475,None,Move,development
1569401447.5,1046,478,None,Move,development
1569401447.508,1044,479,None,Move,development
1569401447.516,1044,480,None,Move,development
1569401447.524,1044,482,None,Move,development
1569401447.532,1043,482,None,Move,development
1569401447.546,1043,483,None,Move,development
1569401447.586,1043,483,None,Move,development
1569401447.631,1043,484,None,Move,development
1569401447.6479998,1043,484,None,Move,development
1569401447.653,1044,484,None,Move,development
1569401447.6620002,1045,484,None,Move,development
1569401447.67,1046,485,None,Move,development
1569401447.678,1047,485,None,Move,development
1569401447.686,1048,485,None,Move,development
1569401447.694,1049,486,None,Move,development
1569401447.702,1051,486,None,Move,development
1569401447.71,1052,486,None,Move,development
1569401447.716,1053,487,None,Move,development
1569401447.724,1055,487,None,Move,development
1569401447.732,1057,487,None,Move,development
1569401447.742,1059,487,None,Move,development
1569401447.748,1060,487,None,Move,development
1569401447.756,1062,487,None,Move,development
1569401447.766,1064,487,None,Move,development
1569401447.772,1066,487,None,Move,development
1569401447.778,1067,487,None,Move,development
1569401447.786,1069,488,None,Move,development
1569401447.796,1071,488,None,Move,development
1569401447.802,1073,489,None,Move,development
1569401447.81,1074,489,None,Move,development
1569401447.8179998,1076,490,None,Move,development
1569401447.825,1079,491,None,Move,development
1569401447.834,1080,492,None,Move,development
1569401447.839,1082,493,None,Move,development
1569401447.8479998,1084,495,None,Move,development
1569401447.87,1087,495,None,Move,development
1569401447.875,1090,498,None,Move,development
1569401447.88,1092,499,None,Move,development
1569401447.887,1093,500,None,Move,development
1569401447.895,1094,500,None,Move,development
1569401447.9020002,1094,501,None,Move,development
1569401447.91,1095,501,None,Move,development
1569401447.919,1095,501,None,Move,development
1569401447.926,1096,502,None,Move,development
1569401447.9329998,1096,502,None,Move,development
1569401447.9420002,1097,504,None,Move,development
1569401447.95,1097,505,None,Move,development
1569401447.958,1097,506,None,Move,development
1569401447.9629998,1097,507,None,Move,development
1569401447.971,1097,507,None,Move,development
1569401447.98,1097,509,None,Move,development
1569401447.988,1097,509,None,Move,development
1569401447.996,1096,510,None,Move,development
1569401448.004,1096,511,None,Move,development
1569401448.012,1095,512,None,Move,development
1569401448.018,1095,512,None,Move,development
1569401448.026,1094,513,None,Move,development
1569401448.034,1094,514,None,Move,development
1569401448.041,1093,515,None,Move,development
1569401448.049,1093,516,None,Move,development
1569401448.0579998,1092,517,None,Move,development
1569401448.069,1092,518,None,Move,development
1569401448.074,1092,518,None,Move,development
1569401448.0879998,1091,519,None,Move,development
1569401448.198,1091,519,None,Move,development
1569401448.221,1089,518,None,Move,development
1569401448.232,1089,517,None,Move,development
1569401448.2370002,1088,517,None,Move,development
1569401448.244,1088,517,None,Move,development
1569401448.252,1088,516,None,Move,development
1569401448.336,1088,516,None,Move,development
1569401448.343,1088,516,None,Move,development
1569401448.354,1089,518,None,Move,development
1569401448.359,1091,519,None,Move,development
1569401448.3679998,1092,521,None,Move,development
1569401448.3760002,1093,523,None,Move,development
1569401448.383,1096,525,None,Move,development
1569401448.389,1097,528,None,Move,development
1569401448.3979998,1101,533,None,Move,development
1569401448.405,1104,538,None,Move,development
1569401448.414,1108,543,None,Move,development
1569401448.421,1112,549,None,Move,development
1569401448.429,1116,555,None,Move,development
1569401448.438,1121,560,None,Move,development
1569401448.445,1125,564,None,Move,development
1569401448.4529998,1128,568,None,Move,development
1569401448.46,1133,572,None,Move,development
1569401448.468,1137,576,None,Move,development
1569401448.475,1140,577,None,Move,development
1569401448.4829998,1142,579,None,Move,development
1569401448.4910002,1144,580,None,Move,development
1569401448.4989998,1146,582,None,Move,development
1569401448.508,1148,582,None,Move,development
1569401448.515,1149,583,None,Move,development
1569401448.521,1150,584,None,Move,development
1569401448.53,1151,584,None,Move,development
1569401448.538,1153,584,None,Move,development
1569401448.546,1154,585,None,Move,development
1569401448.553,1154,585,None,Move,development
1569401448.562,1156,586,None,Move,development
1569401448.57,1156,586,None,Move,development
1569401448.5779998,1157,586,None,Move,development
1569401448.584,1157,586,None,Move,development
1569401448.6620002,1157,586,None,Move,development
1569401448.67,1157,585,None,Move,development
1569401448.678,1158,585,None,Move,development
1569401448.686,1158,584,None,Move,development
1569401448.694,1159,584,None,Move,development
1569401448.707,1159,583,None,Move,development
1569401448.724,1159,583,None,Move,development
1569401448.8639998,1160,582,None,Move,development
1569401448.887,1160,581,None,Move,development
1569401448.91,1161,581,None,Move,development
1569401448.934,1161,581,None,Move,development
1569401448.941,1161,580,None,Move,development
1569401448.949,1162,580,None,Move,development
1569401448.964,1162,580,None,Move,development
1569401448.972,1163,580,None,Move,development
1569401448.98,1163,579,None,Move,development
1569401448.996,1163,579,None,Move,development
1569401449.004,1163,579,None,Move,development
1569401449.012,1164,579,None,Move,development
1569401449.018,1164,578,None,Move,development
1569401449.026,1164,578,None,Move,development
1569401449.034,1164,577,None,Move,development
1569401449.05,1165,577,None,Move,development
1569401449.0579998,1165,577,None,Move,development
1569401449.066,1165,576,None,Move,development
1569401449.079,1166,576,None,Move,development
1569401449.3820002,1166,576,None,Move,development
1569401449.3979998,1166,575,None,Move,development
1569401449.406,1166,575,None,Move,development
1569401449.414,1167,574,None,Move,development
1569401449.43,1167,573,None,Move,development
1569401449.438,1167,572,None,Move,development
1569401449.444,1168,572,None,Move,development
1569401449.452,1168,571,None,Move,development
1569401449.46,1169,570,None,Move,development
1569401449.468,1170,568,None,Move,development
1569401449.476,1170,566,None,Move,development
1569401449.484,1170,565,None,Move,development
1569401449.492,1171,563,None,Move,development
1569401449.5,1171,561,None,Move,development
1569401449.506,1172,558,None,Move,development
1569401449.514,1172,555,None,Move,development
1569401449.521,1172,553,None,Move,development
1569401449.529,1172,553,None,Move,development
1569401449.5370002,1172,551,None,Move,development
1569401449.546,1172,551,None,Move,development
1569401449.554,1172,550,None,Move,development
1569401449.5679998,1172,550,None,Move,development
1569401450.437,1172,550,Left,Pressed,development
1569401450.5129998,1172,550,Left,Released,development
1569401451.847,1172,550,None,Move,development
1569401451.859,1172,549,None,Move,development
1569401451.867,1172,549,None,Move,development
1569401451.875,1171,549,None,Move,development
1569401451.88,1171,549,None,Move,development
1569401451.885,1171,549,None,Move,development
1569401451.893,1170,549,None,Move,development
1569401451.901,1169,549,None,Move,development
1569401451.909,1167,549,None,Move,development
1569401451.917,1166,548,None,Move,development
1569401451.926,1165,548,None,Move,development
1569401451.934,1162,548,None,Move,development
1569401451.941,1158,547,None,Move,development
1569401451.947,1151,547,None,Move,development
1569401451.956,1143,547,None,Move,development
1569401451.964,1134,547,None,Move,development
1569401451.972,1124,547,None,Move,development
1569401451.98,1114,547,None,Move,development
1569401451.988,1099,547,None,Move,development
1569401451.995,1087,547,None,Move,development
1569401452.004,1073,547,None,Move,development
1569401452.01,1057,547,None,Move,development
1569401452.018,1042,547,None,Move,development
1569401452.026,1029,547,None,Move,development
1569401452.034,1017,547,None,Move,development
1569401452.042,1005,547,None,Move,development
1569401452.05,994,547,None,Move,development
1569401452.0579998,985,547,None,Move,development
1569401452.064,977,547,None,Move,development
1569401452.072,970,547,None,Move,development
1569401452.08,965,547,None,Move,development
1569401452.087,959,547,None,Move,development
1569401452.096,955,546,None,Move,development
1569401452.104,952,546,None,Move,development
1569401452.1120002,950,545,None,Move,development
1569401452.1179998,949,545,None,Move,development
1569401452.125,947,544,None,Move,development
1569401452.18,947,544,None,Move,development
1569401452.188,946,542,None,Move,development
1569401452.196,945,542,None,Move,development
1569401452.204,945,540,None,Move,development
1569401452.212,943,538,None,Move,development
1569401452.22,943,537,None,Move,development
1569401452.228,942,535,None,Move,development
1569401452.236,941,534,None,Move,development
1569401452.244,941,534,None,Move,development
1569401452.25,941,532,None,Move,development
1569401452.26,940,531,None,Move,development
1569401452.266,939,530,None,Move,development
1569401452.274,939,529,None,Move,development
1569401452.282,938,527,None,Move,development
1569401452.29,937,526,None,Move,development
1569401452.2970002,937,524,None,Move,development
1569401452.306,936,522,None,Move,development
1569401452.312,934,520,None,Move,development
1569401452.32,934,519,None,Move,development
1569401452.3279998,933,517,None,Move,development
1569401452.336,932,515,None,Move,development
1569401452.343,931,514,None,Move,development
1569401452.351,930,511,None,Move,development
1569401452.36,929,509,None,Move,development
1569401452.3660002,929,508,None,Move,development
1569401452.377,928,506,None,Move,development
1569401452.381,927,504,None,Move,development
1569401452.389,926,504,None,Move,development
1569401452.397,926,503,None,Move,development
1569401452.406,926,502,None,Move,development
1569401452.414,925,502,None,Move,development
1569401452.4220002,925,502,None,Move,development
1569401452.428,925,501,None,Move,development
1569401452.4429998,924,501,None,Move,development
1569401452.452,924,501,None,Move,development
1569401452.459,924,500,None,Move,development
1569401452.467,924,500,None,Move,development
1569401452.476,923,499,None,Move,development
1569401452.4829998,923,498,None,Move,development
1569401452.4889998,921,496,None,Move,development
1569401452.4970002,920,495,None,Move,development
1569401452.506,918,493,None,Move,development
1569401452.514,916,490,None,Move,development
1569401452.522,914,489,None,Move,development
1569401452.53,910,486,None,Move,development
1569401452.538,908,485,None,Move,development
1569401452.546,905,482,None,Move,development
1569401452.552,900,481,None,Move,development
1569401452.559,896,478,None,Move,development
1569401452.5670002,891,476,None,Move,development
1569401452.576,888,474,None,Move,development
1569401452.584,885,473,None,Move,development
1569401452.592,881,472,None,Move,development
1569401452.603,878,470,None,Move,development
1569401452.61,876,470,None,Move,development
1569401452.63,870,466,None,Move,development
1569401452.6379998,869,465,None,Move,development
1569401452.646,867,464,None,Move,development
1569401452.654,866,463,None,Move,development
1569401452.6620002,865,463,None,Move,development
1569401452.6720002,865,463,None,Move,development
1569401452.678,865,462,None,Move,development
1569401452.7,864,462,None,Move,development
1569401452.778,864,462,None,Move,development
1569401456.1420002,866,464,None,Move,development
1569401456.15,871,472,None,Move,development
1569401456.157,877,480,None,Move,development
1569401456.163,883,487,None,Move,development
1569401456.171,890,497,None,Move,development
1569401456.179,896,507,None,Move,development
1569401456.187,905,519,None,Move,development
1569401456.195,913,529,None,Move,development
1569401456.2029998,923,539,None,Move,development
1569401456.211,933,548,None,Move,development
1569401456.219,944,560,None,Move,development
1569401456.2270002,956,569,None,Move,development
1569401456.234,966,578,None,Move,development
1569401456.2410002,977,587,None,Move,development
1569401456.2489998,987,595,None,Move,development
1569401456.2570002,996,601,None,Move,development
1569401456.265,1006,608,None,Move,development
1569401456.2729998,1015,615,None,Move,development
1569401456.281,1023,621,None,Move,development
1569401456.289,1032,628,None,Move,development
1569401456.295,1041,634,None,Move,development
1569401456.305,1048,639,None,Move,development
1569401456.311,1054,644,None,Move,development
1569401456.319,1060,648,None,Move,development
1569401456.327,1064,652,None,Move,development
1569401456.335,1068,655,None,Move,development
1569401456.343,1071,657,None,Move,development
1569401456.351,1074,659,None,Move,development
1569401456.357,1076,660,None,Move,development
1569401456.365,1078,661,None,Move,development
1569401456.373,1079,662,None,Move,development
1569401456.381,1080,662,None,Move,development
1569401456.389,1081,662,None,Move,development
1569401456.397,1081,662,None,Move,development
1569401456.405,1082,662,None,Move,development
1569401456.474,1082,662,None,Move,development
1569401456.482,1083,662,None,Move,development
1569401456.498,1083,661,None,Move,development
1569401456.522,1083,661,None,Move,development
1569401456.536,1083,660,None,Move,development
1569401456.551,1084,660,None,Move,development
1569401456.56,1084,660,None,Move,development
1569401456.5670002,1085,661,None,Move,development
1569401456.576,1087,661,None,Move,development
1569401456.584,1089,662,None,Move,development
1569401456.592,1092,664,None,Move,development
1569401456.597,1097,665,None,Move,development
1569401456.605,1103,667,None,Move,development
1569401456.613,1108,669,None,Move,development
1569401456.6220002,1117,672,None,Move,development
1569401456.629,1123,675,None,Move,development
1569401456.637,1130,677,None,Move,development
1569401456.646,1137,680,None,Move,development
1569401456.653,1143,683,None,Move,development
1569401456.6620002,1146,685,None,Move,development
1569401456.667,1150,687,None,Move,development
1569401456.675,1153,688,None,Move,development
1569401456.6829998,1154,688,None,Move,development
1569401456.7,1154,688,None,Move,development
1569401456.746,1154,688,None,Move,development
1569401456.7610002,1154,688,None,Move,development
1569401456.783,1153,688,None,Move,development
1569401456.923,1153,687,None,Move,development
1569401456.939,1153,687,None,Move,development
1569401457.149,1152,687,None,Move,development
1569401457.156,1152,687,None,Move,development
1569401457.163,1152,687,None,Move,development
1569401457.188,1152,686,None,Move,development
1569401457.195,1151,686,None,Move,development
1569401458.893,1150,686,None,Move,development
1569401458.907,1150,685,None,Move,development
1569401458.915,1150,685,None,Move,development
1569401459.094,1149,685,None,Move,development
1569401459.11,1148,685,None,Move,development
1569401459.1179998,1147,685,None,Move,development
1569401459.1260002,1146,684,None,Move,development
1569401459.133,1143,684,None,Move,development
1569401459.1420002,1140,684,None,Move,development
1569401459.15,1136,684,None,Move,development
1569401459.156,1131,684,None,Move,development
1569401459.163,1124,684,None,Move,development
1569401459.171,1117,684,None,Move,development
1569401459.179,1110,685,None,Move,development
1569401459.187,1102,686,None,Move,development
1569401459.195,1094,687,None,Move,development
1569401459.2029998,1086,687,None,Move,development
1569401459.211,1079,688,None,Move,development
1569401459.217,1074,689,None,Move,development
1569401459.225,1069,690,None,Move,development
1569401459.2329998,1066,690,None,Move,development
1569401459.2410002,1063,690,None,Move,development
1569401459.2489998,1062,690,None,Move,development
1569401459.2570002,1061,690,None,Move,development
1569401459.265,1061,690,None,Move,development
1569401459.745,1060,690,None,Move,development
1569401459.754,1060,690,None,Move,development
1569401459.762,1060,689,None,Move,development
1569401459.769,1059,689,None,Move,development
1569401459.784,1059,689,None,Move,development
1569401459.8079998,1058,688,None,Move,development
1569401459.8379998,1057,688,None,Move,development
1569401459.8860002,1057,688,None,Move,development
1569401459.899,1057,687,None,Move,development
1569401460.204,1057,687,None,Move,development
1569401460.214,1056,687,None,Move,development
1569401460.94,1056,687,None,Move,development
1569401460.948,1056,686,None,Move,development
1569401460.956,1058,686,None,Move,development
1569401460.962,1060,685,None,Move,development
1569401460.97,1062,685,None,Move,development
1569401460.978,1064,685,None,Move,development
1569401460.986,1067,685,None,Move,development
1569401460.994,1070,685,None,Move,development
1569401461.002,1073,685,None,Move,development
1569401461.01,1076,685,None,Move,development
1569401461.018,1079,685,None,Move,development
1569401461.026,1082,685,None,Move,development
1569401461.031,1084,685,None,Move,development
1569401461.04,1085,685,None,Move,development
1569401461.048,1087,685,None,Move,development
1569401461.061,1088,685,None,Move,development
1569401461.065,1088,685,None,Move,development
1569401461.072,1089,685,None,Move,development
1569401461.195,1089,685,None,Move,development
1569401461.212,1087,685,None,Move,development
1569401461.222,1085,685,None,Move,development
1569401461.2329998,1081,684,None,Move,development
1569401461.2410002,1080,684,None,Move,development
1569401461.2489998,1078,684,None,Move,development
1569401461.2570002,1077,684,None,Move,development
1569401461.265,1074,684,None,Move,development
1569401461.271,1073,683,None,Move,development
1569401461.279,1072,683,None,Move,development
1569401461.2870002,1071,683,None,Move,development
1569401461.295,1070,682,None,Move,development
1569401461.303,1069,681,None,Move,development
1569401461.311,1068,679,None,Move,development
1569401461.32,1066,676,None,Move,development
1569401461.327,1065,672,None,Move,development
1569401461.333,1065,666,None,Move,development
1569401461.344,1065,658,None,Move,development
1569401461.35,1065,645,None,Move,development
1569401461.3579998,1065,632,None,Move,development
1569401461.3660002,1066,619,None,Move,development
1569401461.3739998,1068,604,None,Move,development
1569401461.3820002,1071,583,None,Move,development
1569401461.39,1073,565,None,Move,development
1569401461.396,1077,547,None,Move,development
1569401461.403,1079,533,None,Move,development
1569401461.4120002,1082,520,None,Move,development
1569401461.4220002,1087,509,None,Move,development
1569401461.428,1090,500,None,Move,development
1569401461.436,1092,495,None,Move,development
1569401461.444,1096,489,None,Move,development
1569401461.452,1099,485,None,Move,development
1569401461.46,1101,482,None,Move,development
1569401461.466,1104,478,None,Move,development
1569401461.474,1106,476,None,Move,development
1569401461.482,1109,474,None,Move,development
1569401461.4889998,1110,474,None,Move,development
1569401461.4970002,1111,474,None,Move,development
1569401461.506,1111,473,None,Move,development
1569401461.528,1111,473,None,Move,development
1569401461.544,1113,473,None,Move,development
1569401461.552,1115,474,None,Move,development
1569401461.559,1120,476,None,Move,development
1569401461.5679998,1124,478,None,Move,development
1569401461.573,1130,480,None,Move,development
1569401461.582,1136,482,None,Move,development
1569401461.592,1141,482,None,Move,development
1569401461.597,1147,483,None,Move,development
1569401461.605,1152,484,None,Move,development
1569401461.613,1157,484,None,Move,development
1569401461.621,1161,485,None,Move,development
1569401461.629,1163,486,None,Move,development
1569401461.635,1165,486,None,Move,development
1569401461.644,1166,486,None,Move,development
1569401461.6520002,1166,486,None,Move,development
1569401461.7129998,1166,486,None,Move,development
1569401461.729,1166,486,None,Move,development
1569401461.7370002,1166,486,None,Move,development
1569401461.745,1165,487,None,Move,development
1569401461.754,1164,487,None,Move,development
1569401461.7589998,1163,487,None,Move,development
1569401461.771,1161,487,None,Move,development
1569401461.776,1159,487,None,Move,development
1569401461.784,1157,487,None,Move,development
1569401461.792,1155,487,None,Move,development
1569401461.8,1152,487,None,Move,development
1569401461.8079998,1149,487,None,Move,development
1569401461.816,1146,487,None,Move,development
1569401461.825,1143,487,None,Move,development
1569401461.83,1140,487,None,Move,development
1569401461.837,1136,487,None,Move,development
1569401461.846,1133,487,None,Move,development
1569401461.854,1130,488,None,Move,development
1569401461.8620002,1127,488,None,Move,development
1569401461.87,1124,488,None,Move,development
1569401461.8779998,1122,489,None,Move,development
1569401461.885,1120,489,None,Move,development
1569401461.891,1119,490,None,Move,development
1569401461.9,1117,491,None,Move,development
1569401461.908,1116,492,None,Move,development
1569401461.915,1115,494,None,Move,development
1569401461.924,1113,495,None,Move,development
1569401461.9320002,1112,498,None,Move,development
1569401461.94,1110,503,None,Move,development
1569401461.948,1108,508,None,Move,development
1569401461.954,1106,517,None,Move,development
1569401461.962,1104,525,None,Move,development
1569401461.969,1102,535,None,Move,development
1569401461.978,1099,544,None,Move,development
1569401461.985,1096,554,None,Move,development
1569401461.9929998,1093,563,None,Move,development
1569401462.0010002,1091,573,None,Move,development
1569401462.0089998,1088,581,None,Move,development
1569401462.015,1085,589,None,Move,development
1569401462.0229998,1081,596,None,Move,development
1569401462.032,1078,602,None,Move,development
1569401462.039,1075,606,None,Move,development
1569401462.0470002,1071,611,None,Move,development
1569401462.056,1068,615,None,Move,development
1569401462.064,1065,618,None,Move,development
1569401462.072,1062,622,None,Move,development
1569401462.077,1059,624,None,Move,development
1569401462.085,1056,627,None,Move,development
1569401462.093,1053,629,None,Move,development
1569401462.1020002,1049,633,None,Move,development
1569401462.11,1046,635,None,Move,development
1569401462.1179998,1042,639,None,Move,development
1569401462.125,1039,644,None,Move,development
1569401462.1320002,1037,648,None,Move,development
1569401462.14,1034,652,None,Move,development
1569401462.1479998,1031,658,None,Move,development
1569401462.156,1029,661,None,Move,development
1569401462.164,1027,666,None,Move,development
1569401462.1720002,1027,669,None,Move,development
1569401462.18,1026,672,None,Move,development
1569401462.188,1024,674,None,Move,development
1569401462.194,1024,677,None,Move,development
1569401462.202,1024,679,None,Move,development
1569401462.21,1024,681,None,Move,development
1569401462.218,1024,682,None,Move,development
1569401462.226,1024,683,None,Move,development
1569401462.234,1024,684,None,Move,development
1569401462.2410002,1024,685,None,Move,development
1569401462.25,1024,686,None,Move,development
1569401462.2570002,1024,687,None,Move,development
1569401462.264,1025,688,None,Move,development
1569401462.271,1026,689,None,Move,development
1569401462.282,1026,690,None,Move,development
1569401462.2870002,1027,691,None,Move,development
1569401462.296,1028,692,None,Move,development
1569401462.304,1029,692,None,Move,development
1569401462.311,1030,693,None,Move,development
1569401462.32,1032,694,None,Move,development
1569401462.325,1033,694,None,Move,development
1569401462.333,1034,694,None,Move,development
1569401462.341,1036,694,None,Move,development
1569401462.349,1039,694,None,Move,development
1569401462.357,1040,694,None,Move,development
1569401462.365,1041,694,None,Move,development
1569401462.373,1042,694,None,Move,development
1569401462.381,1044,694,None,Move,development
1569401462.387,1044,694,None,Move,development
1569401462.395,1045,694,None,Move,development
1569401462.403,1045,694,None,Move,development
1569401462.411,1046,693,None,Move,development
1569401462.42,1047,693,None,Move,development
1569401462.427,1047,693,None,Move,development
1569401462.436,1047,692,None,Move,development
1569401462.444,1047,691,None,Move,development
1569401462.454,1048,691,None,Move,development
1569401462.466,1048,690,None,Move,development
1569401462.474,1049,690,None,Move,development
1569401462.482,1049,689,None,Move,development
1569401462.49,1049,689,None,Move,development
1569401462.498,1049,688,None,Move,development
1569401462.506,1049,687,None,Move,development
1569401462.512,1050,687,None,Move,development
1569401462.535,1050,687,None,Move,development
1569401462.627,1050,687,Left,Pressed,development
1569401462.714,1050,687,Left,Released,development
1569401462.7670002,1051,687,None,Move,development
1569401462.783,1052,687,None,Move,development
1569401462.791,1053,687,None,Move,development
1569401462.799,1054,687,None,Move,development
1569401462.8070002,1055,687,None,Move,development
1569401462.815,1057,687,None,Move,development
1569401462.823,1059,687,None,Move,development
1569401462.83,1062,687,None,Move,development
1569401462.837,1066,687,None,Move,development
1569401462.845,1069,688,None,Move,development
1569401462.854,1074,688,None,Move,development
1569401462.861,1078,689,None,Move,development
1569401462.869,1083,690,None,Move,development
1569401462.875,1089,690,None,Move,development
1569401462.8839998,1094,690,None,Move,development
1569401462.891,1100,690,None,Move,development
1569401462.911,1113,690,None,Move,development
1569401462.916,1119,690,None,Move,development
1569401462.924,1124,690,None,Move,development
1569401462.9320002,1128,690,None,Move,development
1569401462.94,1131,690,None,Move,development
1569401462.946,1134,690,None,Move,development
1569401462.954,1137,690,None,Move,development
1569401462.962,1139,689,None,Move,development
1569401462.97,1140,689,None,Move,development
1569401462.978,1141,689,None,Move,development
1569401463.024,1141,688,None,Move,development
1569401463.032,1141,688,None,Move,development
1569401463.04,1140,687,None,Move,development
1569401463.0470002,1140,687,None,Move,development
1569401463.055,1140,687,None,Move,development
1569401463.062,1139,686,None,Move,development
1569401463.0779998,1139,685,None,Move,development
1569401463.093,1139,685,None,Move,development
1569401463.11,1138,685,None,Move,development
1569401463.1239998,1138,684,None,Move,development
1569401463.1479998,1138,684,None,Move,development
1569401463.156,1138,684,None,Move,development
1569401463.186,1138,683,None,Move,development
1569401463.194,1137,683,None,Move,development
1569401463.204,1137,683,None,Move,development
1569401463.218,1136,682,None,Move,development
1569401463.234,1136,681,None,Move,development
1569401463.341,1136,681,None,Move,development
1569401463.365,1136,681,None,Move,development
1569401463.379,1136,680,None,Move,development
1569401463.403,1136,680,None,Move,development
1569401463.419,1136,679,None,Move,development
1569401463.427,1136,679,None,Move,development
1569401463.4329998,1136,678,None,Move,development
1569401463.441,1136,677,None,Move,development
1569401463.449,1136,676,None,Move,development
1569401463.457,1136,676,None,Move,development
1569401463.465,1136,675,None,Move,development
1569401463.4729998,1136,675,None,Move,development
1569401463.482,1136,674,None,Move,development
1569401463.49,1136,673,None,Move,development
1569401463.498,1136,671,None,Move,development
1569401463.5029998,1137,671,None,Move,development
1569401463.512,1137,670,None,Move,development
1569401463.519,1138,668,None,Move,development
1569401463.5270002,1139,667,None,Move,development
1569401463.536,1140,665,None,Move,development
1569401463.543,1141,662,None,Move,development
1569401463.552,1143,659,None,Move,development
1569401463.559,1144,656,None,Move,development
1569401463.5679998,1146,651,None,Move,development
1569401463.573,1148,644,None,Move,development
1569401463.582,1150,636,None,Move,development
1569401463.59,1153,628,None,Move,development
1569401463.597,1158,618,None,Move,development
1569401463.606,1163,608,None,Move,development
1569401463.613,1168,599,None,Move,development
1569401463.62,1174,591,None,Move,development
1569401463.6279998,1179,582,None,Move,development
1569401463.635,1183,575,None,Move,development
1569401463.644,1187,569,None,Move,development
1569401463.6520002,1191,562,None,Move,development
1569401463.66,1195,557,None,Move,development
1569401463.667,1198,551,None,Move,development
1569401463.675,1200,547,None,Move,development
1569401463.681,1203,542,None,Move,development
1569401463.69,1205,537,None,Move,development
1569401463.697,1205,534,None,Move,development
1569401463.705,1208,528,None,Move,development
1569401463.7129998,1210,524,None,Move,development
1569401463.721,1211,519,None,Move,development
1569401463.729,1212,515,None,Move,development
1569401463.7389998,1214,509,None,Move,development
1569401463.744,1215,505,None,Move,development
1569401463.7510002,1216,502,None,Move,development
1569401463.7610002,1217,500,None,Move,development
1569401463.768,1219,497,None,Move,development
1569401463.776,1220,495,None,Move,development
1569401463.784,1222,493,None,Move,development
1569401463.791,1222,491,None,Move,development
1569401463.802,1224,490,None,Move,development
1569401463.8079998,1224,489,None,Move,development
1569401463.814,1225,488,None,Move,development
1569401463.822,1226,487,None,Move,development
1569401463.83,1226,486,None,Move,development
1569401463.846,1227,486,None,Move,development
1569401463.986,1227,486,None,Move,development
1569401464.005,1227,491,None,Move,development
1569401464.014,1227,494,None,Move,development
1569401464.021,1226,498,None,Move,development
1569401464.0270002,1224,502,None,Move,development
1569401464.036,1224,506,None,Move,development
1569401464.042,1222,509,None,Move,development
1569401464.0470002,1221,512,None,Move,development
1569401464.056,1219,516,None,Move,development
1569401464.062,1217,520,None,Move,development
1569401464.07,1214,525,None,Move,development
1569401464.0779998,1212,529,None,Move,development
1569401464.086,1209,533,None,Move,development
1569401464.093,1207,537,None,Move,development
1569401464.101,1205,541,None,Move,development
1569401464.11,1204,542,None,Move,development
1569401464.1179998,1202,545,None,Move,development
1569401464.123,1201,547,None,Move,development
1569401464.1320002,1200,549,None,Move,development
1569401464.139,1199,550,None,Move,development
1569401464.147,1199,552,None,Move,development
1569401464.155,1199,552,None,Move,development
1569401464.164,1199,553,None,Move,development
1569401464.1720002,1198,554,None,Move,development
1569401464.18,1198,554,None,Move,development
1569401464.186,1198,555,None,Move,development
1569401464.194,1198,556,None,Move,development
1569401464.201,1198,556,None,Move,development
1569401464.209,1197,557,None,Move,development
1569401464.217,1197,558,None,Move,development
1569401464.225,1197,559,None,Move,development
1569401464.231,1197,560,None,Move,development
1569401464.2389998,1197,561,None,Move,development
1569401464.248,1197,562,None,Move,development
1569401464.255,1197,562,None,Move,development
1569401464.2629998,1197,563,None,Move,development
1569401464.271,1197,564,None,Move,development
1569401464.279,1196,565,None,Move,development
1569401464.296,1196,565,None,Move,development
1569401464.31,1196,566,None,Move,development
1569401464.644,1196,567,None,Move,development
1569401464.651,1196,569,None,Move,development
1569401464.66,1196,570,None,Move,development
1569401464.667,1196,572,None,Move,development
1569401464.673,1196,575,None,Move,development
1569401464.681,1196,577,None,Move,development
1569401464.689,1196,579,None,Move,development
1569401464.697,1196,581,None,Move,development
1569401464.705,1196,583,None,Move,development
1569401464.7129998,1196,584,None,Move,development
1569401464.721,1195,587,None,Move,development
1569401464.729,1195,588,None,Move,development
1569401464.7389998,1195,589,None,Move,development
1569401464.7429998,1195,591,None,Move,development
1569401464.7510002,1195,591,None,Move,development
1569401464.7589998,1195,592,None,Move,development
1569401464.7670002,1195,592,None,Move,development
1569401464.791,1195,593,None,Move,development
1569401465.032,1195,593,None,Move,development
1569401465.053,1194,593,None,Move,development
1569401465.061,1194,591,None,Move,development
1569401465.069,1194,591,None,Move,development
1569401465.077,1194,590,None,Move,development
1569401465.089,1194,590,None,Move,development
1569401465.096,1194,589,None,Move,development
1569401465.1020002,1193,588,None,Move,development
1569401465.11,1193,587,None,Move,development
1569401465.115,1193,585,None,Move,development
1569401465.1239998,1193,584,None,Move,development
1569401465.131,1193,584,None,Move,development
1569401465.141,1193,583,None,Move,development
1569401465.147,1193,582,None,Move,development
1569401465.163,1193,582,None,Move,development
1569401465.185,1193,581,None,Move,development
1569401466.039,1192,581,None,Move,development
1569401466.045,1192,581,None,Move,development
1569401466.053,1191,580,None,Move,development
1569401466.061,1190,579,None,Move,development
1569401466.069,1189,578,None,Move,development
1569401466.077,1187,577,None,Move,development
1569401466.085,1186,577,None,Move,development
1569401466.093,1184,575,None,Move,development
1569401466.101,1182,574,None,Move,development
1569401466.107,1180,573,None,Move,development
1569401466.115,1178,572,None,Move,development
1569401466.125,1175,570,None,Move,development
1569401466.1320002,1173,568,None,Move,development
1569401466.14,1171,565,None,Move,development
1569401466.1479998,1169,563,None,Move,development
1569401466.156,1166,560,None,Move,development
1569401466.164,1163,555,None,Move,development
1569401466.17,1160,551,None,Move,development
1569401466.178,1157,547,None,Move,development
1569401466.186,1154,543,None,Move,development
1569401466.194,1150,538,None,Move,development
1569401466.202,1149,535,None,Move,development
1569401466.21,1146,532,None,Move,development
1569401466.218,1143,528,None,Move,development
1569401466.226,1141,526,None,Move,development
1569401466.234,1139,524,None,Move,development
1569401466.2410002,1137,521,None,Move,development
1569401466.248,1136,519,None,Move,development
1569401466.2570002,1134,517,None,Move,development
1569401466.2629998,1134,515,None,Move,development
1569401466.271,1133,513,None,Move,development
1569401466.284,1132,512,None,Move,development
1569401466.296,1130,507,None,Move,development
1569401466.305,1129,505,None,Move,development
1569401466.311,1129,504,None,Move,development
1569401466.3170002,1128,503,None,Move,development
1569401466.325,1127,501,None,Move,development
1569401466.333,1127,501,None,Move,development
1569401466.341,1126,501,None,Move,development
1569401466.4329998,1126,501,None,Move,development
1569401466.441,1126,501,None,Move,development
1569401466.449,1128,504,None,Move,development
1569401466.457,1132,509,None,Move,development
1569401466.465,1136,515,None,Move,development
1569401466.4729998,1140,522,None,Move,development
1569401466.479,1144,528,None,Move,development
1569401466.4870002,1148,534,None,Move,development
1569401466.495,1153,539,None,Move,development
1569401466.5029998,1157,544,None,Move,development
1569401466.5110002,1159,547,None,Move,development
1569401466.519,1162,550,None,Move,development
1569401466.5270002,1165,553,None,Move,development
1569401466.535,1167,556,None,Move,development
1569401466.542,1170,558,None,Move,development
1569401466.55,1173,561,None,Move,development
1569401466.5579998,1176,563,None,Move,development
1569401466.566,1178,564,None,Move,development
1569401466.574,1180,566,None,Move,development
1569401466.584,1181,567,None,Move,development
1569401466.591,1183,568,None,Move,development
1569401466.5979998,1183,568,None,Move,development
1569401466.607,1184,569,None,Move,development
1569401466.62,1185,569,None,Move,development
1569401466.627,1185,570,None,Move,development
1569401466.635,1186,570,None,Move,development
1569401466.643,1186,571,None,Move,development
1569401466.651,1187,573,None,Move,development
1569401466.66,1188,574,None,Move,development
1569401466.665,1188,576,None,Move,development
1569401466.673,1190,577,None,Move,development
1569401466.681,1190,578,None,Move,development
1569401466.689,1191,579,None,Move,development
1569401466.697,1191,580,None,Move,development
1569401466.705,1192,581,None,Move,development
1569401466.7129998,1192,581,None,Move,development
1569401466.721,1192,581,None,Move,development
1569401466.8760002,1192,581,Left,Pressed,development
1569401466.938,1192,581,Left,Released,development
1569401467.1,1193,581,None,Move,development
1569401467.111,1193,581,None,Move,development
1569401467.117,1194,581,None,Move,development
1569401467.1239998,1195,581,None,Move,development
1569401467.135,1196,581,None,Move,development
1569401467.14,1196,581,None,Move,development
1569401467.1479998,1198,581,None,Move,development
1569401467.156,1198,581,None,Move,development
1569401467.163,1199,580,None,Move,development
1569401467.169,1200,579,None,Move,development
1569401467.177,1201,579,None,Move,development
1569401467.194,1201,578,None,Move,development
1569401467.202,1202,578,None,Move,development
1569401467.209,1202,578,None,Move,development
1569401467.215,1203,577,None,Move,development
1569401467.2229998,1203,576,None,Move,development
1569401467.231,1203,575,None,Move,development
1569401467.2389998,1204,575,None,Move,development
1569401467.2489998,1204,573,None,Move,development
1569401467.255,1204,573,None,Move,development
1569401467.2629998,1204,572,None,Move,development
1569401467.271,1204,571,None,Move,development
1569401467.278,1204,571,None,Move,development
1569401467.2870002,1204,569,None,Move,development
1569401467.294,1204,568,None,Move,development
1569401467.301,1202,567,None,Move,development
1569401467.31,1201,564,None,Move,development
1569401467.3179998,1199,561,None,Move,development
1569401467.326,1198,558,None,Move,development
1569401467.334,1195,555,None,Move,development
1569401467.342,1192,553,None,Move,development
1569401467.3479998,1187,550,None,Move,development
1569401467.356,1184,548,None,Move,development
1569401467.3639998,1178,546,None,Move,development
1569401467.3720002,1175,545,None,Move,development
1569401467.38,1170,543,None,Move,development
1569401467.3879998,1167,541,None,Move,development
1569401467.396,1164,541,None,Move,development
1569401467.404,1162,540,None,Move,development
1569401467.41,1159,539,None,Move,development
1569401467.421,1156,539,None,Move,development
1569401467.426,1154,538,None,Move,development
1569401467.434,1152,538,None,Move,development
1569401467.4420002,1150,538,None,Move,development
1569401467.45,1148,538,None,Move,development
1569401467.458,1146,538,None,Move,development
1569401467.466,1144,538,None,Move,development
1569401467.471,1143,538,None,Move,development
1569401467.48,1142,538,None,Move,development
1569401467.4870002,1142,538,None,Move,development
1569401467.496,1141,538,None,Move,development
1569401467.5110002,1140,538,None,Move,development
1569401467.519,1140,538,None,Move,development
1569401467.5270002,1139,538,None,Move,development
1569401467.541,1138,538,None,Move,development
1569401467.549,1136,538,None,Move,development
1569401467.5570002,1135,538,None,Move,development
1569401467.565,1134,538,None,Move,development
1569401467.574,1133,538,None,Move,development
1569401467.582,1131,538,None,Move,development
1569401467.589,1131,538,None,Move,development
1569401467.595,1130,538,None,Move,development
1569401467.603,1130,538,None,Move,development
1569401467.6120002,1129,538,None,Move,development
1569401467.627,1129,538,None,Move,development
1569401468.008,1127,538,None,Move,development
1569401468.015,1124,538,None,Move,development
1569401468.024,1121,537,None,Move,development
1569401468.03,1116,536,None,Move,development
1569401468.0370002,1110,535,None,Move,development
1569401468.046,1103,534,None,Move,development
1569401468.053,1095,532,None,Move,development
1569401468.075,1076,527,None,Move,development
1569401468.084,1058,520,None,Move,development
1569401468.091,1031,511,None,Move,development
1569401468.099,1022,508,None,Move,development
1569401468.107,1014,505,None,Move,development
1569401468.1160002,1009,502,None,Move,development
1569401468.123,1004,500,None,Move,development
1569401468.1320002,1001,497,None,Move,development
1569401468.14,997,495,None,Move,development
1569401468.147,996,493,None,Move,development
1569401468.155,994,492,None,Move,development
1569401468.161,993,491,None,Move,development
1569401468.169,991,489,None,Move,development
1569401468.177,991,488,None,Move,development
1569401468.185,990,487,None,Move,development
1569401468.1929998,990,487,None,Move,development
1569401468.201,989,486,None,Move,development
1569401468.208,989,485,None,Move,development
1569401468.215,988,484,None,Move,development
1569401468.2229998,988,484,None,Move,development
1569401468.231,987,482,None,Move,development
1569401468.2389998,986,482,None,Move,development
1569401468.2470002,985,481,None,Move,development
1569401468.255,983,480,None,Move,development
1569401468.2629998,983,479,None,Move,development
1569401468.271,980,478,None,Move,development
1569401468.278,979,477,None,Move,development
1569401468.286,978,476,None,Move,development
1569401468.294,977,476,None,Move,development
1569401468.302,976,475,None,Move,development
1569401468.31,975,475,None,Move,development
1569401468.3179998,974,474,None,Move,development
1569401468.326,974,474,None,Move,development
1569401468.334,973,474,None,Move,development
1569401468.3479998,972,474,None,Move,development
1569401468.3639998,972,474,None,Move,development
1569401468.38,971,474,None,Move,development
1569401468.3879998,970,474,None,Move,development
1569401468.396,969,474,None,Move,development
1569401468.4020002,968,474,None,Move,development
1569401468.41,966,474,None,Move,development
1569401468.418,964,474,None,Move,development
1569401468.436,960,474,None,Move,development
1569401468.445,957,474,None,Move,development
1569401468.452,954,474,None,Move,development
1569401468.457,952,474,None,Move,development
1569401468.4629998,949,474,None,Move,development
1569401468.472,946,474,None,Move,development
1569401468.48,943,474,None,Move,development
1569401468.4870002,941,474,None,Move,development
1569401468.495,939,474,None,Move,development
1569401468.5029998,938,475,None,Move,development
1569401468.5110002,937,475,None,Move,development
1569401468.913,937,475,None,Move,development
1569401468.923,937,475,None,Move,development
1569401468.929,938,476,None,Move,development
1569401468.937,938,477,None,Move,development
1569401468.945,939,478,None,Move,development
1569401468.954,940,478,None,Move,development
1569401468.9910002,940,478,None,Move,development
1569401469.0070002,941,479,None,Move,development
1569401469.216,941,479,None,Move,development
1569401469.2329998,941,479,None,Move,development
1569401469.24,941,478,None,Move,development
1569401469.248,941,478,None,Move,development
1569401469.264,941,477,None,Move,development
1569401469.271,941,476,None,Move,development
1569401469.285,941,476,None,Move,development
1569401469.31,941,476,None,Move,development
1569401471.202,941,476,None,Move,development
1569401471.207,942,477,None,Move,development
1569401471.215,942,477,None,Move,development
1569401471.232,942,478,None,Move,development
1569401471.248,942,478,None,Move,development
1569401471.262,942,479,None,Move,development
1569401471.27,942,480,None,Move,development
1569401471.286,942,480,None,Move,development
1569401471.441,942,480,None,Move,development
1569401471.458,942,480,None,Move,development
1569401471.466,942,479,None,Move,development
1569401471.479,942,479,None,Move,development
1569401471.4870002,942,478,None,Move,development
1569401471.495,942,478,None,Move,development
1569401471.5029998,942,477,None,Move,development
1569401471.5110002,942,477,None,Move,development
1569401471.5170002,942,476,None,Move,development
1569401471.528,942,475,None,Move,development
1569401471.534,942,474,None,Move,development
1569401471.549,942,474,None,Move,development
1569401471.587,942,473,None,Move,development
1569401471.798,942,473,None,Move,development
1569401471.806,942,473,None,Move,development
1569401471.814,943,473,None,Move,development
1569401471.822,944,474,None,Move,development
1569401471.843,945,474,None,Move,development
1569401471.8520002,945,474,None,Move,development
1569401471.8679998,946,475,None,Move,development
1569401471.89,947,475,None,Move,development
1569401471.905,947,476,None,Move,development
1569401471.924,947,476,None,Move,development
1569401472.021,947,476,Left,Pressed,development
1569401472.109,947,476,Left,Released,development
1569401472.232,948,476,None,Move,development
1569401472.24,948,477,None,Move,development
1569401472.248,949,479,None,Move,development
1569401472.256,950,479,None,Move,development
1569401472.262,950,481,None,Move,development
1569401472.27,952,483,None,Move,development
1569401472.278,953,484,None,Move,development
1569401472.296,955,490,None,Move,development
1569401472.305,957,493,None,Move,development
1569401472.314,959,497,None,Move,development
1569401472.321,962,503,None,Move,development
1569401472.33,967,511,None,Move,development
1569401472.337,973,519,None,Move,development
1569401472.344,978,529,None,Move,development
1569401472.3479998,983,538,None,Move,development
1569401472.356,990,548,None,Move,development
1569401472.3639998,995,557,None,Move,development
1569401472.3720002,1002,567,None,Move,development
1569401472.3779998,1009,576,None,Move,development
1569401472.3879998,1014,585,None,Move,development
1569401472.394,1022,596,None,Move,development
1569401472.404,1027,604,None,Move,development
1569401472.41,1031,613,None,Move,development
1569401472.418,1037,620,None,Move,development
1569401472.426,1041,628,None,Move,development
1569401472.4329998,1045,634,None,Move,development
1569401472.439,1047,639,None,Move,development
1569401472.447,1049,644,None,Move,development
1569401472.456,1050,647,None,Move,development
1569401472.4629998,1051,650,None,Move,development
1569401472.471,1052,652,None,Move,development
1569401472.479,1053,654,None,Move,development
1569401472.4870002,1054,655,None,Move,development
1569401472.495,1054,656,None,Move,development
1569401472.5029998,1054,657,None,Move,development
1569401472.5170002,1054,657,None,Move,development
1569401472.579,1054,657,None,Move,development
1569401472.649,1054,657,None,Move,development
1569401472.657,1054,657,None,Move,development
1569401472.673,1054,657,None,Move,development
1569401472.798,1054,657,Left,Pressed,development
1569401472.897,1054,657,Left,Released,development
1569401472.986,1054,657,None,Move,development
1569401472.9910002,1056,657,None,Move,development
1569401472.9970002,1058,657,None,Move,development
1569401473.005,1061,656,None,Move,development
1569401473.0129998,1065,656,None,Move,development
1569401473.021,1071,656,None,Move,development
1569401473.029,1076,655,None,Move,development
1569401473.0370002,1083,655,None,Move,development
1569401473.045,1090,655,None,Move,development
1569401473.069,1097,655,None,Move,development
1569401473.074,1107,655,None,Move,development
1569401473.083,1116,654,None,Move,development
1569401473.091,1119,654,None,Move,development
1569401473.099,1121,654,None,Move,development
1569401473.107,1123,653,None,Move,development
1569401473.117,1125,653,None,Move,development
1569401473.125,1125,653,None,Move,development
1569401473.24,1125,653,None,Move,development
1569401473.294,1125,652,None,Move,development
1569401473.323,1125,652,None,Move,development
1569401473.331,1125,652,None,Move,development
1569401473.342,1125,651,None,Move,development
1569401473.347,1126,651,None,Move,development
1569401473.356,1126,651,None,Move,development
1569401473.3639998,1127,650,None,Move,development
1569401473.3720002,1129,649,None,Move,development
1569401473.3779998,1130,649,None,Move,development
1569401473.3860002,1132,649,None,Move,development
1569401473.394,1134,649,None,Move,development
1569401473.4020002,1136,649,None,Move,development
1569401473.41,1139,649,None,Move,development
1569401473.418,1141,649,None,Move,development
1569401473.426,1144,649,None,Move,development
1569401473.434,1147,649,None,Move,development
1569401473.44,1149,649,None,Move,development
1569401473.448,1152,649,None,Move,development
1569401473.456,1154,649,None,Move,development
1569401473.464,1155,650,None,Move,development
1569401473.472,1157,650,None,Move,development
1569401473.48,1158,650,None,Move,development
1569401473.488,1159,652,None,Move,development
1569401473.496,1160,653,None,Move,development
1569401473.504,1161,655,None,Move,development
1569401473.51,1161,657,None,Move,development
1569401473.5170002,1161,660,None,Move,development
1569401473.526,1161,662,None,Move,development
1569401473.533,1160,665,None,Move,development
1569401473.541,1158,670,None,Move,development
1569401473.55,1156,673,None,Move,development
1569401473.5579998,1153,678,None,Move,development
1569401473.563,1151,681,None,Move,development
1569401473.571,1149,684,None,Move,development
1569401473.579,1145,688,None,Move,development
1569401473.587,1144,691,None,Move,development
1569401473.596,1142,695,None,Move,development
1569401473.603,1141,697,None,Move,development
1569401473.611,1139,698,None,Move,development
1569401473.617,1138,700,None,Move,development
1569401473.625,1137,700,None,Move,development
1569401473.658,1137,700,None,Move,development
1569401473.674,1137,700,None,Move,development
1569401473.681,1137,700,None,Move,development
1569401473.688,1137,700,None,Move,development
1569401473.7029998,1137,700,None,Move,development
1569401473.712,1138,700,None,Move,development
1569401473.72,1138,700,None,Move,development
1569401473.728,1139,701,None,Move,development
1569401473.736,1140,701,None,Move,development
1569401473.742,1142,702,None,Move,development
1569401473.75,1143,703,None,Move,development
1569401473.7589998,1145,703,None,Move,development
1569401473.765,1147,704,None,Move,development
1569401473.774,1149,704,None,Move,development
1569401473.781,1152,704,None,Move,development
1569401473.789,1154,704,None,Move,development
1569401473.7970002,1155,704,None,Move,development
1569401473.806,1157,704,None,Move,development
1569401473.812,1158,704,None,Move,development
1569401473.82,1159,704,None,Move,development
1569401473.827,1160,703,None,Move,development
1569401473.844,1160,703,None,Move,development
1569401473.86,1160,702,None,Move,development
1569401473.89,1160,702,None,Move,development
1569401474.13,1160,702,None,Move,development
1569401474.143,1160,700,None,Move,development
1569401474.151,1160,698,None,Move,development
1569401474.158,1158,697,None,Move,development
1569401474.163,1158,695,None,Move,development
1569401474.17,1157,693,None,Move,development
1569401474.178,1156,691,None,Move,development
1569401474.184,1155,690,None,Move,development
1569401474.1920002,1154,688,None,Move,development
1569401474.2,1153,687,None,Move,development
1569401474.208,1153,686,None,Move,development
1569401474.216,1152,685,None,Move,development
1569401474.423,1152,685,Left,Pressed,development
1569401474.526,1152,685,Left,Released,development
1569401474.603,1152,685,None,Move,development
1569401474.611,1152,685,None,Move,development
1569401474.617,1154,685,None,Move,development
1569401474.6260002,1155,685,None,Move,development
1569401474.633,1156,685,None,Move,development
1569401474.6420002,1158,686,None,Move,development
1569401474.65,1159,687,None,Move,development
1569401474.658,1159,687,None,Move,development
1569401474.666,1161,689,None,Move,development
1569401474.673,1161,690,None,Move,development
1569401474.68,1162,691,None,Move,development
1569401474.687,1164,693,None,Move,development
1569401474.696,1164,695,None,Move,development
1569401474.7029998,1166,697,None,Move,development
1569401474.711,1167,699,None,Move,development
1569401474.719,1168,702,None,Move,development
1569401474.7270002,1169,703,None,Move,development
1569401474.735,1169,704,None,Move,development
1569401474.742,1169,705,None,Move,development
1569401474.7489998,1169,706,None,Move,development
1569401474.7570002,1169,707,None,Move,development
1569401474.765,1169,708,None,Move,development
1569401474.7729998,1169,708,None,Move,development
1569401474.781,1169,709,None,Move,development
1569401474.798,1169,710,None,Move,development
1569401474.804,1169,710,None,Move,development
1569401474.812,1168,710,None,Move,development
1569401474.82,1168,710,None,Move,development
1569401474.8279998,1167,710,None,Move,development
1569401474.835,1166,711,None,Move,development
1569401474.844,1166,711,None,Move,development
1569401474.851,1165,711,None,Move,development
1569401474.865,1165,711,None,Move,development
1569401474.8739998,1164,711,None,Move,development
1569401474.8820002,1164,711,None,Move,development
1569401474.8979998,1163,711,None,Move,development
1569401474.9220002,1163,711,None,Move,development
1569401474.944,1162,711,None,Move,development
1569401474.9970002,1162,710,None,Move,development
1569401475.051,1162,709,None,Move,development
1569401475.0670002,1162,709,None,Move,development
1569401475.075,1161,709,None,Move,development
1569401475.084,1161,708,None,Move,development
1569401475.113,1161,708,None,Move,development
1569401475.133,1161,707,None,Move,development
1569401475.169,1161,707,None,Move,development
1569401475.262,1161,706,None,Move,development
1569401477.199,1161,706,Left,Pressed,development
1569401477.3079998,1161,706,Left,Released,development
1569401477.472,1160,706,None,Move,development
1569401477.4929998,1160,705,None,Move,development
1569401477.502,1160,705,None,Move,development
1569401477.5110002,1161,705,None,Move,development
1569401477.519,1162,705,None,Move,development
1569401477.529,1164,704,None,Move,development
1569401477.533,1166,703,None,Move,development
1569401477.542,1169,703,None,Move,development
1569401477.5470002,1172,702,None,Move,development
1569401477.555,1174,701,None,Move,development
1569401477.563,1176,700,None,Move,development
1569401477.571,1179,700,None,Move,development
1569401477.579,1184,699,None,Move,development
1569401477.587,1188,698,None,Move,development
1569401477.595,1192,697,None,Move,development
1569401477.601,1197,694,None,Move,development
1569401477.609,1200,692,None,Move,development
1569401477.617,1205,689,None,Move,development
1569401477.6260002,1209,685,None,Move,development
1569401477.6339998,1212,682,None,Move,development
1569401477.641,1216,677,None,Move,development
1569401477.649,1220,671,None,Move,development
1569401477.658,1224,666,None,Move,development
1569401477.665,1227,660,None,Move,development
1569401477.6720002,1229,654,None,Move,development
1569401477.679,1230,649,None,Move,development
1569401477.687,1230,643,None,Move,development
1569401477.696,1230,638,None,Move,development
1569401477.7029998,1228,633,None,Move,development
1569401477.712,1225,629,None,Move,development
1569401477.719,1223,624,None,Move,development
1569401477.725,1220,619,None,Move,development
1569401477.7329998,1215,614,None,Move,development
1569401477.7410002,1209,609,None,Move,development
1569401477.7489998,1201,604,None,Move,development
1569401477.758,1195,600,None,Move,development
1569401477.766,1189,597,None,Move,development
1569401477.774,1185,594,None,Move,development
1569401477.779,1181,593,None,Move,development
1569401477.788,1178,592,None,Move,development
1569401477.796,1176,591,None,Move,development
1569401477.804,1174,590,None,Move,development
1569401477.812,1172,590,None,Move,development
1569401477.82,1171,590,None,Move,development
1569401477.8279998,1170,590,None,Move,development
1569401477.836,1170,590,None,Move,development
1569401477.936,1169,590,None,Move,development
1569401477.9429998,1167,589,None,Move,development
1569401477.952,1164,588,None,Move,development
1569401477.96,1157,586,None,Move,development
1569401477.968,1147,582,None,Move,development
1569401477.974,1134,576,None,Move,development
1569401477.9829998,1118,567,None,Move,development
1569401477.99,1092,554,None,Move,development
1569401477.998,1066,541,None,Move,development
1569401478.006,1037,526,None,Move,development
1569401478.014,1007,508,None,Move,development
1569401478.021,973,488,None,Move,development
1569401478.029,936,470,None,Move,development
1569401478.035,893,443,None,Move,development
1569401478.043,844,410,None,Move,development
1569401478.052,800,378,None,Move,development
1569401478.06,757,347,None,Move,development
1569401478.0679998,719,322,None,Move,development
1569401478.075,692,303,None,Move,development
1569401478.082,668,293,None,Move,development
1569401478.089,651,286,None,Move,development
1569401478.097,638,284,None,Move,development
1569401478.105,627,282,None,Move,development
1569401478.1139998,618,282,None,Move,development
1569401478.1220002,615,282,None,Move,development
1569401478.129,613,282,None,Move,development
1569401478.2,613,283,None,Move,development
1569401478.207,614,286,None,Move,development
1569401478.2129998,614,288,None,Move,development
1569401478.222,615,291,None,Move,development
1569401478.23,617,294,None,Move,development
1569401478.238,618,297,None,Move,development
1569401478.245,621,301,None,Move,development
1569401478.254,625,307,None,Move,development
1569401478.2610002,630,312,None,Move,development
1569401478.27,636,317,None,Move,development
1569401478.2770002,641,322,None,Move,development
1569401478.283,647,326,None,Move,development
1569401478.293,653,330,None,Move,development
1569401478.299,659,333,None,Move,development
1569401478.3070002,664,336,None,Move,development
1569401478.316,667,338,None,Move,development
1569401478.323,672,340,None,Move,development
1569401478.33,675,342,None,Move,development
1569401478.337,678,343,None,Move,development
1569401478.345,680,343,None,Move,development
1569401478.353,681,343,None,Move,development
1569401478.361,682,343,None,Move,development
1569401478.369,683,343,None,Move,development
1569401478.54,683,343,None,Move,development
1569401478.559,683,341,None,Move,development
1569401478.57,682,339,None,Move,development
1569401478.576,681,337,None,Move,development
1569401478.584,681,335,None,Move,development
1569401478.589,681,333,None,Move,development
1569401478.593,680,332,None,Move,development
1569401478.601,680,331,None,Move,development
1569401478.61,680,330,None,Move,development
1569401478.617,680,329,None,Move,development
1569401478.633,680,329,None,Move,development
1569401478.695,679,328,None,Move,development
1569401478.701,679,328,None,Move,development
1569401478.711,679,327,None,Move,development
1569401478.717,678,327,None,Move,development
1569401478.734,678,326,None,Move,development
1569401478.788,678,326,Left,Pressed,development
1569401478.8820002,678,326,Left,Released,development
1569401478.966,678,326,Left,Pressed,development
1569401479.076,678,326,Left,Released,development
1569401479.168,678,326,None,Move,development
1569401479.176,680,328,None,Move,development
1569401479.1829998,685,331,None,Move,development
1569401479.1920002,691,334,None,Move,development
1569401479.2,698,339,None,Move,development
1569401479.206,708,342,None,Move,development
1569401479.214,719,346,None,Move,development
1569401479.222,731,350,None,Move,development
1569401479.232,743,353,None,Move,development
1569401479.238,755,356,None,Move,development
1569401479.246,769,358,None,Move,development
1569401479.2570002,782,361,None,Move,development
1569401479.262,794,363,None,Move,development
1569401479.27,805,364,None,Move,development
1569401479.2770002,817,366,None,Move,development
1569401479.284,829,368,None,Move,development
1569401479.292,843,372,None,Move,development
1569401479.3,854,375,None,Move,development
1569401479.3079998,865,378,None,Move,development
1569401479.316,874,379,None,Move,development
1569401479.322,885,381,None,Move,development
1569401479.33,893,383,None,Move,development
1569401479.3379998,901,385,None,Move,development
1569401479.346,907,385,None,Move,development
1569401479.353,911,385,None,Move,development
1569401479.3620002,914,386,None,Move,development
1569401479.37,916,386,None,Move,development
1569401479.3779998,918,387,None,Move,development
1569401479.3839998,920,388,None,Move,development
1569401479.3920002,920,388,None,Move,development
1569401479.4,921,388,None,Move,development
1569401479.408,922,389,None,Move,development
1569401479.416,923,389,None,Move,development
1569401479.424,923,390,None,Move,development
1569401479.431,924,391,None,Move,development
1569401479.44,925,393,None,Move,development
1569401479.447,925,394,None,Move,development
1569401479.4529998,927,396,None,Move,development
1569401479.461,928,398,None,Move,development
1569401479.469,929,400,None,Move,development
1569401479.4770002,930,402,None,Move,development
1569401479.485,933,404,None,Move,development
1569401479.494,934,408,None,Move,development
1569401479.5010002,937,412,None,Move,development
1569401479.5089998,941,417,None,Move,development
1569401479.518,944,422,None,Move,development
1569401479.5229998,947,426,None,Move,development
1569401479.531,951,432,None,Move,development
1569401479.539,952,436,None,Move,development
1569401479.5470002,955,440,None,Move,development
1569401479.556,957,445,None,Move,development
1569401479.564,959,448,None,Move,development
1569401479.572,960,452,None,Move,development
1569401479.58,962,455,None,Move,development
1569401479.5879998,964,459,None,Move,development
1569401479.594,965,464,None,Move,development
1569401479.601,965,468,None,Move,development
1569401479.609,967,473,None,Move,development
1569401479.6179998,969,478,None,Move,development
1569401479.6260002,970,484,None,Move,development
1569401479.6320002,971,491,None,Move,development
1569401479.64,972,498,None,Move,development
1569401479.6479998,973,505,None,Move,development
1569401479.656,975,512,None,Move,development
1569401479.664,977,517,None,Move,development
1569401479.6720002,979,523,None,Move,development
1569401479.68,982,527,None,Move,development
1569401479.688,983,530,None,Move,development
1569401479.694,985,532,None,Move,development
1569401479.701,986,534,None,Move,development
1569401479.709,988,536,None,Move,development
1569401479.718,989,537,None,Move,development
1569401479.725,990,537,None,Move,development
1569401479.734,992,539,None,Move,development
1569401479.742,992,539,None,Move,development
1569401479.75,994,540,None,Move,development
1569401479.758,995,541,None,Move,development
1569401479.764,996,542,None,Move,development
1569401479.771,999,543,None,Move,development
1569401479.779,1002,545,None,Move,development
1569401479.7870002,1004,547,None,Move,development
1569401479.795,1007,548,None,Move,development
1569401479.803,1010,549,None,Move,development
1569401479.812,1014,551,None,Move,development
1569401479.82,1017,551,None,Move,development
1569401479.825,1020,553,None,Move,development
1569401479.833,1022,554,None,Move,development
1569401479.843,1024,554,None,Move,development
1569401479.849,1027,555,None,Move,development
1569401479.857,1029,555,None,Move,development
1569401479.865,1030,556,None,Move,development
1569401479.873,1031,557,None,Move,development
1569401479.879,1032,557,None,Move,development
1569401479.887,1033,558,None,Move,development
1569401479.895,1034,558,None,Move,development
1569401479.904,1034,559,None,Move,development
1569401479.911,1036,560,None,Move,development
1569401479.919,1036,560,None,Move,development
1569401479.928,1037,561,None,Move,development
1569401479.936,1037,562,None,Move,development
1569401479.9420002,1038,562,None,Move,development
1569401479.95,1039,564,None,Move,development
1569401479.958,1041,564,None,Move,development
1569401479.966,1041,566,None,Move,development
1569401479.974,1043,566,None,Move,development
1569401479.982,1043,567,None,Move,development
1569401479.99,1044,567,None,Move,development
1569401480.004,1044,567,None,Move,development
1569401480.028,1044,567,None,Move,development
1569401480.065,1044,567,Left,Pressed,development
1569401480.066,1044,567,None,Drag,development
1569401480.1520002,1044,568,None,Drag,development
1569401480.1520002,1044,568,Left,Released,development
1569401480.175,1044,568,None,Move,development
1569401480.197,1044,567,None,Move,development
1569401480.205,1044,567,None,Move,development
1569401480.2129998,1044,566,None,Move,development
1569401480.221,1044,566,None,Move,development
1569401480.2370002,1044,565,None,Move,development
1569401480.245,1044,565,None,Move,development
1569401480.2510002,1045,565,None,Move,development
1569401480.2589998,1046,564,None,Move,development
1569401480.268,1046,564,None,Move,development
1569401480.275,1047,563,None,Move,development
1569401480.284,1050,563,None,Move,development
1569401480.291,1054,563,None,Move,development
1569401480.3,1060,563,None,Move,development
1569401480.3079998,1065,563,None,Move,development
1569401480.316,1072,562,None,Move,development
1569401480.322,1080,560,None,Move,development
1569401480.33,1089,558,None,Move,development
1569401480.3379998,1097,556,None,Move,development
1569401480.346,1105,554,None,Move,development
1569401480.354,1114,552,None,Move,development
1569401480.3620002,1121,550,None,Move,development
1569401480.37,1128,548,None,Move,development
1569401480.38,1135,546,None,Move,development
1569401480.385,1141,545,None,Move,development
1569401480.3920002,1147,544,None,Move,development
1569401480.4,1151,543,None,Move,development
1569401480.408,1155,543,None,Move,development
1569401480.416,1158,541,None,Move,development
1569401480.424,1160,540,None,Move,development
1569401480.4320002,1161,540,None,Move,development
1569401480.44,1163,540,None,Move,development
1569401480.446,1163,540,None,Move,development
1569401480.462,1163,539,None,Move,development
1569401480.472,1163,538,None,Move,development
1569401480.4770002,1162,538,None,Move,development
1569401480.486,1161,538,None,Move,development
1569401480.494,1159,538,None,Move,development
1569401480.502,1158,538,None,Move,development
1569401480.5070002,1157,538,None,Move,development
1569401480.516,1156,539,None,Move,development
1569401480.529,1156,541,None,Move,development
1569401480.536,1156,542,None,Move,development
1569401480.542,1156,542,None,Move,development
1569401480.57,1157,544,None,Move,development
1569401480.755,1159,543,None,Move,development
1569401480.7629998,1159,538,None,Move,development
1569401480.771,1157,538,None,Move,development
1569401480.779,1155,537,None,Move,development
1569401480.7870002,1155,536,None,Move,development
1569401480.795,1154,536,None,Move,development
1569401480.804,1154,536,None,Move,development
1569401480.81,1154,535,None,Move,development
1569401480.826,1155,535,None,Move,development
1569401480.836,1156,535,None,Move,development
1569401480.841,1157,535,None,Move,development
1569401480.851,1158,535,None,Move,development
1569401480.857,1159,535,None,Move,development
1569401480.8660002,1161,535,None,Move,development
1569401480.8720002,1161,535,None,Move,development
1569401480.88,1162,535,None,Move,development
1569401480.8879998,1162,535,None,Move,development
1569401480.904,1163,535,None,Move,development
1569401480.9120002,1163,534,None,Move,development
1569401480.928,1163,534,None,Move,development
1569401480.9420002,1163,534,None,Move,development
1569401480.95,1163,533,None,Move,development
1569401480.958,1162,533,None,Move,development
1569401480.968,1162,533,None,Move,development
1569401480.982,1160,533,None,Move,development
1569401480.988,1160,533,None,Move,development
1569401481.004,1159,533,None,Move,development
1569401481.02,1159,534,None,Move,development
1569401481.065,1158,534,None,Move,development
1569401481.089,1158,534,None,Move,development
1569401481.097,1158,534,None,Move,development
1569401481.105,1157,533,None,Move,development
1569401481.119,1156,533,None,Move,development
1569401481.127,1156,533,None,Move,development
1569401481.135,1155,533,None,Move,development
1569401481.151,1155,532,None,Move,development
1569401481.167,1155,532,None,Move,development
1569401481.175,1154,532,None,Move,development
1569401481.197,1154,532,None,Move,development
1569401481.205,1154,531,None,Move,development
1569401481.3760002,1153,531,None,Move,development
1569401481.389,1153,531,None,Move,development
1569401481.399,1153,530,None,Move,development
1569401481.407,1153,529,None,Move,development
1569401481.421,1152,529,None,Move,development
1569401481.437,1152,529,None,Move,development
1569401481.445,1152,528,None,Move,development
1569401481.4529998,1152,528,None,Move,development
1569401481.461,1152,528,None,Move,development
1569401481.47,1152,527,None,Move,development
1569401481.479,1152,527,None,Move,development
1569401481.485,1152,526,None,Move,development
1569401481.492,1151,525,None,Move,development
1569401481.5070002,1151,525,None,Move,development
1569401481.515,1151,524,None,Move,development
1569401481.525,1151,524,None,Move,development
1569401481.531,1150,524,None,Move,development
1569401481.539,1150,523,None,Move,development
1569401481.5470002,1150,523,None,Move,development
1569401481.553,1150,523,None,Move,development
1569401481.569,1149,522,None,Move,development
1569401481.601,1149,521,None,Move,development
1569401481.71,1148,521,None,Move,development
1569401481.734,1148,521,None,Move,development
1569401481.756,1148,521,None,Move,development
1569401481.8179998,1148,520,None,Move,development
1569401481.833,1147,520,None,Move,development
1569401481.941,1147,520,None,Move,development
1569401481.959,1147,519,None,Move,development
1569401481.9729998,1147,519,None,Move,development
1569401481.995,1146,518,None,Move,development
1569401482.0029998,1146,517,None,Move,development
1569401482.0129998,1146,517,None,Move,development
1569401482.019,1146,516,None,Move,development
1569401482.0270002,1145,516,None,Move,development
1569401482.035,1144,515,None,Move,development
1569401482.043,1143,515,None,Move,development
1569401482.051,1142,514,None,Move,development
1569401482.0570002,1141,513,None,Move,development
1569401482.065,1139,512,None,Move,development
1569401482.073,1137,510,None,Move,development
1569401482.081,1135,510,None,Move,development
1569401482.089,1131,508,None,Move,development
1569401482.097,1129,506,None,Move,development
1569401482.105,1126,505,None,Move,development
1569401482.1139998,1124,503,None,Move,development
1569401482.119,1121,502,None,Move,development
1569401482.1279998,1117,499,None,Move,development
1569401482.135,1114,497,None,Move,development
1569401482.144,1110,494,None,Move,development
1569401482.151,1107,492,None,Move,development
1569401482.16,1103,489,None,Move,development
1569401482.168,1100,486,None,Move,development
1569401482.174,1096,482,None,Move,development
1569401482.1820002,1093,480,None,Move,development
1569401482.19,1089,477,None,Move,development
1569401482.198,1086,474,None,Move,development
1569401482.206,1083,470,None,Move,development
1569401482.214,1082,468,None,Move,development
1569401482.222,1082,466,None,Move,development
1569401482.228,1081,464,None,Move,development
1569401482.236,1081,461,None,Move,development
1569401482.244,1081,457,None,Move,development
1569401482.2510002,1083,453,None,Move,development
1569401482.288,1084,442,None,Move,development
1569401482.294,1084,439,None,Move,development
1569401482.299,1084,437,None,Move,development
1569401482.306,1084,437,None,Move,development
1569401482.508,1084,437,None,Move,development
1569401482.515,1082,436,None,Move,development
1569401482.524,1082,436,None,Move,development
1569401482.532,1081,436,None,Move,development
1569401482.554,1080,436,None,Move,development
1569401482.639,1080,436,None,Move,development
1569401482.6479998,1080,436,None,Move,development
1569401482.656,1080,436,None,Move,development
1569401482.665,1082,438,None,Move,development
1569401482.671,1082,440,None,Move,development
1569401482.678,1083,441,None,Move,development
1569401482.686,1084,444,None,Move,development
1569401482.694,1086,447,None,Move,development
1569401482.704,1088,450,None,Move,development
1569401482.711,1089,452,None,Move,development
1569401482.718,1092,456,None,Move,development
1569401482.724,1094,458,None,Move,development
1569401482.732,1096,460,None,Move,development
1569401482.74,1097,463,None,Move,development
1569401482.748,1099,466,None,Move,development
1569401482.756,1100,467,None,Move,development
1569401482.764,1102,469,None,Move,development
1569401482.774,1102,470,None,Move,development
1569401482.78,1104,471,None,Move,development
1569401482.788,1105,473,None,Move,development
1569401482.796,1106,474,None,Move,development
1569401482.802,1107,476,None,Move,development
1569401482.809,1107,478,None,Move,development
1569401482.8179998,1108,480,None,Move,development
1569401482.825,1109,481,None,Move,development
1569401482.833,1111,484,None,Move,development
1569401482.841,1112,486,None,Move,development
1569401482.85,1113,489,None,Move,development
1569401482.857,1115,491,None,Move,development
1569401482.863,1115,493,None,Move,development
1569401482.8720002,1117,494,None,Move,development
1569401482.879,1117,495,None,Move,development
1569401482.887,1119,496,None,Move,development
1569401482.895,1119,497,None,Move,development
1569401482.903,1120,498,None,Move,development
1569401482.911,1121,498,None,Move,development
1569401482.919,1121,499,None,Move,development
1569401482.925,1121,500,None,Move,development
1569401482.935,1121,500,None,Move,development
1569401482.95,1121,501,None,Move,development
1569401482.957,1121,501,None,Move,development
1569401482.9729998,1122,502,None,Move,development
1569401482.981,1122,502,None,Move,development
1569401482.988,1122,503,None,Move,development
1569401482.996,1122,504,None,Move,development
1569401483.004,1122,504,None,Move,development
1569401483.012,1122,505,None,Move,development
1569401483.02,1122,505,None,Move,development
1569401483.028,1122,506,None,Move,development
1569401483.036,1122,506,None,Move,development
1569401483.05,1122,507,None,Move,development
1569401483.06,1122,508,None,Move,development
1569401483.066,1122,509,None,Move,development
1569401483.074,1122,510,None,Move,development
1569401483.082,1123,512,None,Move,development
1569401483.09,1125,514,None,Move,development
1569401483.0979998,1125,516,None,Move,development
1569401483.103,1127,518,None,Move,development
1569401483.1120002,1128,520,None,Move,development
1569401483.12,1130,523,None,Move,development
1569401483.1279998,1131,524,None,Move,development
1569401483.1360002,1134,527,None,Move,development
1569401483.144,1135,529,None,Move,development
1569401483.1520002,1137,530,None,Move,development
1569401483.16,1139,532,None,Move,development
1569401483.166,1139,533,None,Move,development
1569401483.174,1141,534,None,Move,development
1569401483.1820002,1142,536,None,Move,development
1569401483.19,1142,536,None,Move,development
1569401483.198,1143,537,None,Move,development
1569401483.205,1143,537,None,Move,development
1569401483.214,1143,537,None,Move,development
1569401483.22,1143,538,None,Move,development
1569401483.228,1142,538,None,Move,development
1569401483.235,1141,538,None,Move,development
1569401483.2429998,1139,538,None,Move,development
1569401483.2510002,1137,538,None,Move,development
1569401483.26,1136,538,None,Move,development
1569401483.2670002,1134,538,None,Move,development
1569401483.275,1132,538,None,Move,development
1569401483.281,1130,537,None,Move,development
1569401483.289,1128,537,None,Move,development
1569401483.2970002,1126,537,None,Move,development
1569401483.305,1124,537,None,Move,development
1569401483.313,1122,537,None,Move,development
1569401483.322,1120,536,None,Move,development
1569401483.331,1118,536,None,Move,development
1569401483.3379998,1116,536,None,Move,development
1569401483.346,1114,536,None,Move,development
1569401483.351,1112,536,None,Move,development
1569401483.36,1110,536,None,Move,development
1569401483.3679998,1107,535,None,Move,development
1569401483.3760002,1106,535,None,Move,development
1569401483.3839998,1104,535,None,Move,development
1569401483.3920002,1103,534,None,Move,development
1569401483.4,1103,534,None,Move,development
1569401483.408,1102,532,None,Move,development
1569401483.414,1102,531,None,Move,development
1569401483.424,1102,529,None,Move,development
1569401483.43,1103,526,None,Move,development
1569401483.438,1104,521,None,Move,development
1569401483.445,1107,518,None,Move,development
1569401483.454,1109,517,None,Move,development
1569401483.462,1112,517,None,Move,development
1569401483.47,1115,517,None,Move,development
1569401483.476,1118,517,None,Move,development
1569401483.484,1121,517,None,Move,development
1569401483.492,1125,517,None,Move,development
1569401483.5,1129,517,None,Move,development
1569401483.508,1134,518,None,Move,development
1569401483.5170002,1138,519,None,Move,development
1569401483.5229998,1142,520,None,Move,development
1569401483.529,1147,522,None,Move,development
1569401483.5370002,1151,524,None,Move,development
1569401483.549,1157,526,None,Move,development
1569401483.554,1163,528,None,Move,development
1569401483.561,1167,532,None,Move,development
1569401483.57,1171,534,None,Move,development
1569401483.577,1177,539,None,Move,development
1569401483.585,1182,544,None,Move,development
1569401483.591,1187,549,None,Move,development
1569401483.6,1194,557,None,Move,development
1569401483.6079998,1199,565,None,Move,development
1569401483.615,1204,575,None,Move,development
1569401483.623,1210,586,None,Move,development
1569401483.631,1217,597,None,Move,development
1569401483.639,1224,612,None,Move,development
1569401483.647,1231,625,None,Move,development
1569401483.653,1237,637,None,Move,development
1569401483.663,1242,646,None,Move,development
1569401483.669,1246,652,None,Move,development
1569401483.677,1249,658,None,Move,development
1569401483.685,1251,662,None,Move,development
1569401483.694,1252,665,None,Move,development
1569401483.701,1254,667,None,Move,development
1569401483.71,1254,669,None,Move,development
1569401483.717,1256,671,None,Move,development
1569401483.724,1257,673,None,Move,development
1569401483.731,1259,675,None,Move,development
1569401483.74,1260,676,None,Move,development
1569401483.7470002,1260,677,None,Move,development
1569401483.755,1260,677,None,Move,development
1569401483.7629998,1260,679,None,Move,development
1569401483.772,1260,679,None,Move,development
1569401483.78,1260,680,None,Move,development
1569401483.786,1260,680,None,Move,development
1569401483.794,1259,681,None,Move,development
1569401483.802,1258,681,None,Move,development
1569401483.8179998,1257,681,None,Move,development
1569401483.826,1256,681,None,Move,development
1569401483.896,1256,680,None,Move,development
1569401483.901,1256,678,None,Move,development
1569401483.91,1256,675,None,Move,development
1569401483.918,1255,673,None,Move,development
1569401483.926,1254,672,None,Move,development
1569401483.934,1252,670,None,Move,development
1569401483.941,1250,670,None,Move,development
1569401483.949,1249,669,None,Move,development
1569401483.955,1246,668,None,Move,development
1569401483.964,1244,667,None,Move,development
1569401483.971,1242,666,None,Move,development
1569401483.979,1239,664,None,Move,development
1569401483.988,1234,663,None,Move,development
1569401483.995,1230,661,None,Move,development
1569401484.006,1223,658,None,Move,development
1569401484.0110002,1214,658,None,Move,development
1569401484.019,1209,656,None,Move,development
1569401484.0270002,1203,654,None,Move,development
1569401484.038,1197,652,None,Move,development
1569401484.043,1192,652,None,Move,development
1569401484.049,1189,652,None,Move,development
1569401484.0570002,1186,652,None,Move,development
1569401484.065,1183,653,None,Move,development
1569401484.074,1180,653,None,Move,development
1569401484.081,1177,654,None,Move,development
1569401484.09,1176,655,None,Move,development
1569401484.096,1174,655,None,Move,development
1569401484.104,1172,655,None,Move,development
1569401484.111,1169,657,None,Move,development
1569401484.119,1167,658,None,Move,development
1569401484.1279998,1165,658,None,Move,development
1569401484.1360002,1164,658,None,Move,development
1569401484.144,1161,659,None,Move,development
1569401484.151,1158,659,None,Move,development
1569401484.158,1155,660,None,Move,development
1569401484.168,1152,660,None,Move,development
1569401484.174,1148,662,None,Move,development
1569401484.1820002,1144,663,None,Move,development
1569401484.19,1139,665,None,Move,development
1569401484.198,1136,668,None,Move,development
1569401484.206,1131,670,None,Move,development
1569401484.212,1130,671,None,Move,development
1569401484.22,1128,672,None,Move,development
1569401484.228,1128,672,None,Move,development
1569401484.236,1128,673,None,Move,development
1569401484.268,1128,673,None,Move,development
1569401484.29,1128,674,None,Move,development
1569401484.306,1128,674,None,Move,development
1569401484.314,1129,674,None,Move,development
1569401484.336,1129,674,None,Move,development
1569401484.454,1129,674,Left,Pressed,development
1569401484.53,1129,674,Left,Released,development
1569401484.584,1130,674,None,Move,development
1569401484.6,1130,674,None,Move,development
1569401484.613,1131,674,None,Move,development
1569401484.62,1132,674,None,Move,development
1569401484.6260002,1133,674,None,Move,development
1569401484.631,1134,674,None,Move,development
1569401484.64,1137,674,None,Move,development
1569401484.646,1139,674,None,Move,development
1569401484.654,1142,674,None,Move,development
1569401484.6620002,1145,674,None,Move,development
1569401484.67,1148,674,None,Move,development
1569401484.678,1152,674,None,Move,development
1569401484.686,1156,674,None,Move,development
1569401484.6929998,1159,674,None,Move,development
1569401484.701,1161,674,None,Move,development
1569401484.709,1164,674,None,Move,development
1569401484.715,1167,675,None,Move,development
1569401484.7229998,1170,676,None,Move,development
1569401484.731,1173,677,None,Move,development
1569401484.7389998,1177,678,None,Move,development
1569401484.7470002,1180,679,None,Move,development
1569401484.755,1183,681,None,Move,development
1569401484.7629998,1185,682,None,Move,development
1569401484.771,1187,683,None,Move,development
1569401484.7770002,1188,684,None,Move,development
1569401484.785,1189,685,None,Move,development
1569401484.793,1189,685,None,Move,development
1569401484.801,1190,685,None,Move,development
1569401484.8170002,1190,686,None,Move,development
1569401484.825,1190,686,None,Move,development
1569401484.847,1190,686,None,Move,development
1569401484.855,1190,687,None,Move,development
1569401484.863,1190,688,None,Move,development
1569401484.871,1189,688,None,Move,development
1569401484.881,1189,688,None,Move,development
1569401484.887,1188,689,None,Move,development
1569401484.893,1187,689,None,Move,development
1569401484.901,1186,689,None,Move,development
1569401484.909,1185,690,None,Move,development
1569401484.917,1184,690,None,Move,development
1569401484.925,1184,691,None,Move,development
1569401484.9329998,1183,691,None,Move,development
1569401484.9420002,1181,691,None,Move,development
1569401484.952,1180,691,None,Move,development
1569401484.957,1180,691,None,Move,development
1569401484.9629998,1178,691,None,Move,development
1569401484.974,1178,691,None,Move,development
1569401484.98,1177,692,None,Move,development
1569401484.9870002,1177,692,None,Move,development
1569401484.995,1176,692,None,Move,development
1569401485.01,1176,692,None,Move,development
1569401485.018,1175,692,None,Move,development
1569401485.066,1175,692,None,Move,development
1569401485.1279998,1175,692,None,Move,development
1569401485.1360002,1175,692,None,Move,development
1569401485.158,1175,692,None,Move,development
1569401485.174,1175,692,None,Move,development
1569401485.19,1175,691,None,Move,development
1569401485.211,1175,690,None,Move,development
1569401485.292,1174,690,None,Move,development
1569401485.327,1174,689,None,Move,development
1569401485.397,1174,689,None,Move,development
1569401485.43,1174,688,None,Move,development
1569401485.4529998,1174,688,None,Move,development
1569401485.461,1174,688,None,Move,development
1569401485.476,1174,687,None,Move,development
1569401485.4910002,1173,687,None,Move,development
1569401485.5,1173,686,None,Move,development
1569401485.508,1173,686,None,Move,development
1569401485.521,1173,685,None,Move,development
1569401485.531,1173,685,None,Move,development
1569401485.5370002,1172,683,None,Move,development
1569401485.545,1172,682,None,Move,development
1569401485.553,1171,681,None,Move,development
1569401485.561,1171,679,None,Move,development
1569401485.569,1171,677,None,Move,development
1569401485.575,1171,674,None,Move,development
1569401485.583,1171,671,None,Move,development
1569401485.593,1171,667,None,Move,development
1569401485.599,1172,665,None,Move,development
1569401485.607,1173,662,None,Move,development
1569401485.6160002,1174,659,None,Move,development
1569401485.623,1176,657,None,Move,development
1569401485.6320002,1176,654,None,Move,development
1569401485.6379998,1177,652,None,Move,development
1569401485.646,1178,650,None,Move,development
1569401485.654,1179,649,None,Move,development
1569401485.6620002,1179,647,None,Move,development
1569401485.67,1179,646,None,Move,development
1569401485.678,1180,645,None,Move,development
1569401485.686,1181,644,None,Move,development
1569401485.694,1181,643,None,Move,development
1569401485.702,1181,642,None,Move,development
1569401485.708,1181,640,None,Move,development
1569401485.716,1181,638,None,Move,development
1569401485.725,1182,637,None,Move,development
1569401485.732,1182,636,None,Move,development
1569401485.74,1183,634,None,Move,development
1569401485.748,1183,634,None,Move,development
1569401485.756,1183,633,None,Move,development
1569401485.762,1183,632,None,Move,development
1569401485.7770002,1183,632,None,Move,development
1569401486.653,1183,632,Left,Pressed,development
1569401486.7529998,1183,632,Left,Released,development
1569401486.856,1184,632,None,Move,development
1569401486.894,1184,631,None,Move,development
1569401486.91,1184,631,None,Move,development
1569401486.918,1185,631,None,Move,development
1569401486.926,1186,631,None,Move,development
1569401486.934,1188,631,None,Move,development
1569401486.9420002,1190,631,None,Move,development
1569401486.95,1193,631,None,Move,development
1569401486.955,1196,631,None,Move,development
1569401486.964,1199,631,None,Move,development
1569401486.972,1203,631,None,Move,development
1569401486.98,1207,631,None,Move,development
1569401486.988,1212,631,None,Move,development
1569401486.995,1215,631,None,Move,development
1569401487.004,1217,631,None,Move,development
1569401487.0110002,1219,631,None,Move,development
1569401487.018,1220,631,None,Move,development
1569401487.025,1221,631,None,Move,development
1569401487.034,1221,631,None,Move,development
1569401488.033,1221,631,None,Move,development
1569401488.041,1220,631,None,Move,development
1569401488.049,1218,632,None,Move,development
1569401488.0570002,1216,632,None,Move,development
1569401488.065,1213,634,None,Move,development
1569401488.071,1210,636,None,Move,development
1569401488.079,1206,637,None,Move,development
1569401488.087,1202,640,None,Move,development
1569401488.095,1198,643,None,Move,development
1569401488.103,1193,646,None,Move,development
1569401488.111,1189,649,None,Move,development
1569401488.119,1185,652,None,Move,development
1569401488.127,1182,656,None,Move,development
1569401488.135,1179,660,None,Move,development
1569401488.141,1176,664,None,Move,development
1569401488.149,1173,668,None,Move,development
1569401488.157,1171,674,None,Move,development
1569401488.165,1168,681,None,Move,development
1569401488.173,1167,688,None,Move,development
1569401488.181,1166,695,None,Move,development
1569401488.188,1165,702,None,Move,development
1569401488.195,1164,710,None,Move,development
1569401488.204,1163,714,None,Move,development
1569401488.212,1163,718,None,Move,development
1569401488.219,1162,722,None,Move,development
1569401488.2270002,1161,725,None,Move,development
1569401488.236,1160,727,None,Move,development
1569401488.244,1160,729,None,Move,development
1569401488.252,1158,732,None,Move,development
1569401488.258,1157,734,None,Move,development
1569401488.2670002,1157,735,None,Move,development
1569401488.274,1155,737,None,Move,development
1569401488.282,1155,737,None,Move,development
1569401488.29,1153,738,None,Move,development
1569401488.303,1152,739,None,Move,development
1569401488.314,1148,741,None,Move,development
1569401488.32,1147,742,None,Move,development
1569401488.327,1145,742,None,Move,development
1569401488.336,1144,743,None,Move,development
1569401488.343,1143,743,None,Move,development
1569401488.3520002,1142,743,None,Move,development
1569401488.3620002,1142,743,None,Move,development
1569401488.3760002,1141,743,None,Move,development
1569401488.39,1141,743,None,Move,development
1569401488.406,1141,743,None,Move,development
1569401488.414,1141,743,None,Move,development
1569401488.421,1141,742,None,Move,development
1569401488.429,1141,741,None,Move,development
1569401488.438,1141,741,None,Move,development
1569401488.444,1141,740,None,Move,development
1569401488.451,1141,739,None,Move,development
1569401488.459,1141,738,None,Move,development
1569401488.467,1141,737,None,Move,development
1569401488.475,1141,737,None,Move,development
1569401488.4829998,1141,736,None,Move,development
1569401488.4910002,1141,735,None,Move,development
1569401488.4989998,1141,734,None,Move,development
1569401488.506,1141,733,None,Move,development
1569401488.5129998,1141,733,None,Move,development
1569401488.521,1142,732,None,Move,development
1569401488.532,1142,731,None,Move,development
1569401488.538,1142,730,None,Move,development
1569401488.546,1142,730,None,Move,development
1569401488.555,1142,729,None,Move,development
1569401488.562,1142,728,None,Move,development
1569401488.5679998,1143,727,None,Move,development
1569401488.575,1143,726,None,Move,development
1569401488.583,1143,725,None,Move,development
1569401488.592,1144,723,None,Move,development
1569401488.6,1144,722,None,Move,development
1569401488.61,1145,721,None,Move,development
1569401488.621,1145,719,None,Move,development
1569401488.63,1146,719,None,Move,development
1569401488.6360002,1147,717,None,Move,development
1569401488.641,1147,716,None,Move,development
1569401488.646,1147,716,None,Move,development
1569401488.654,1147,715,None,Move,development
1569401488.67,1148,715,None,Move,development
1569401488.678,1148,714,None,Move,development
1569401488.686,1148,713,None,Move,development
1569401488.708,1148,713,None,Move,development
1569401488.77,1149,712,None,Move,development
1569401488.815,1149,712,None,Move,development
1569401490.2729998,1149,712,None,Move,development
1569401490.306,1149,711,None,Move,development
1569401490.731,1149,711,None,Move,development
1569401491.36,1149,711,Left,Pressed,development
1569401491.475,1149,711,Left,Released,development
1569401491.575,1149,711,None,Move,development
1569401491.583,1150,711,None,Move,development
1569401491.591,1151,711,None,Move,development
1569401491.599,1152,711,None,Move,development
1569401491.6079998,1154,711,None,Move,development
1569401491.617,1156,711,None,Move,development
1569401491.629,1158,710,None,Move,development
1569401491.6360002,1161,710,None,Move,development
1569401491.643,1165,709,None,Move,development
1569401491.651,1170,709,None,Move,development
1569401491.656,1175,709,None,Move,development
1569401491.661,1181,708,None,Move,development
1569401491.67,1185,707,None,Move,development
1569401491.678,1189,706,None,Move,development
1569401491.686,1192,706,None,Move,development
1569401491.7,1197,706,None,Move,development
1569401491.711,1199,706,None,Move,development
1569401491.718,1200,706,None,Move,development
1569401491.725,1201,706,None,Move,development
1569401491.871,1201,705,None,Move,development
1569401491.877,1201,705,None,Move,development
1569401491.885,1201,705,None,Move,development
1569401491.893,1201,705,None,Move,development
1569401491.901,1200,704,None,Move,development
1569401491.909,1199,704,None,Move,development
1569401491.927,1197,704,None,Move,development
1569401491.934,1196,704,None,Move,development
1569401491.939,1196,704,None,Move,development
1569401491.947,1195,704,None,Move,development
1569401491.955,1195,704,None,Move,development
1569401492.0579998,1194,704,None,Move,development
1569401492.08,1194,703,None,Move,development
1569401492.0879998,1194,703,None,Move,development
1569401492.15,1194,703,None,Move,development
1569401492.174,1193,703,None,Move,development
1569401492.258,1193,702,None,Move,development
1569401492.29,1193,702,None,Move,development
1569401492.314,1193,702,None,Move,development
1569401492.322,1192,702,None,Move,development
1569401492.327,1192,701,None,Move,development
1569401492.344,1192,701,None,Move,development
1569401492.3520002,1191,701,None,Move,development
1569401492.36,1191,700,None,Move,development
1569401492.3679998,1191,700,None,Move,development
1569401492.3760002,1191,699,None,Move,development
1569401492.381,1191,699,None,Move,development
1569401492.397,1190,698,None,Move,development
1569401492.405,1190,698,None,Move,development
1569401492.413,1190,697,None,Move,development
1569401492.421,1189,697,None,Move,development
1569401492.435,1189,696,None,Move,development
1569401492.4429998,1189,695,None,Move,development
1569401492.459,1188,695,None,Move,development
1569401492.469,1188,694,None,Move,development
1569401492.475,1187,694,None,Move,development
1569401492.4829998,1187,694,None,Move,development
1569401492.4910002,1187,693,None,Move,development
1569401492.5129998,1186,693,None,Move,development
1569401492.521,1186,693,None,Move,development
1569401492.546,1186,692,None,Move,development
1569401492.56,1186,691,None,Move,development
1569401492.5679998,1185,691,None,Move,development
1569401492.576,1185,690,None,Move,development
1569401492.583,1184,690,None,Move,development
1569401492.592,1183,689,None,Move,development
1569401492.6,1183,689,None,Move,development
1569401492.609,1183,688,None,Move,development
1569401492.6160002,1182,687,None,Move,development
1569401492.6220002,1182,686,None,Move,development
1569401492.63,1182,685,None,Move,development
1569401492.6379998,1182,684,None,Move,development
1569401492.646,1182,682,None,Move,development
1569401492.654,1182,679,None,Move,development
1569401492.6620002,1182,676,None,Move,development
1569401492.681,1185,666,None,Move,development
1569401492.6920002,1194,650,None,Move,development
1569401492.701,1199,640,None,Move,development
1569401492.71,1207,627,None,Move,development
1569401492.717,1218,611,None,Move,development
1569401492.7229998,1231,594,None,Move,development
1569401492.732,1244,577,None,Move,development
1569401492.74,1263,554,None,Move,development
1569401492.748,1291,532,None,Move,development
1569401492.754,1319,509,None,Move,development
1569401492.7610002,1347,488,None,Move,development
1569401492.769,1374,469,None,Move,development
1569401492.7770002,1399,451,None,Move,development
1569401492.785,1421,436,None,Move,development
1569401492.793,1435,425,None,Move,development
1569401492.801,1447,416,None,Move,development
1569401492.809,1457,407,None,Move,development
1569401492.815,1464,401,None,Move,development
1569401492.824,1470,394,None,Move,development
1569401492.831,1474,388,None,Move,development
1569401492.839,1476,385,None,Move,development
1569401492.847,1478,382,None,Move,development
1569401492.855,1479,379,None,Move,development
1569401492.863,1479,376,None,Move,development
1569401492.869,1479,372,None,Move,development
1569401492.877,1479,369,None,Move,development
1569401492.885,1479,365,None,Move,development
1569401492.895,1479,362,None,Move,development
1569401492.901,1479,358,None,Move,development
1569401492.9120002,1479,351,None,Move,development
1569401492.921,1479,344,None,Move,development
1569401492.925,1479,338,None,Move,development
1569401492.9320002,1479,331,None,Move,development
1569401492.94,1479,324,None,Move,development
1569401492.948,1479,319,None,Move,development
1569401492.956,1479,313,None,Move,development
1569401492.9629998,1479,309,None,Move,development
1569401492.971,1479,306,None,Move,development
1569401492.979,1479,303,None,Move,development
1569401492.988,1479,300,None,Move,development
1569401492.994,1479,297,None,Move,development
1569401493.002,1478,294,None,Move,development
1569401493.01,1478,292,None,Move,development
1569401493.018,1477,289,None,Move,development
1569401493.028,1475,285,None,Move,development
1569401493.034,1474,282,None,Move,development
1569401493.046,1472,279,None,Move,development
1569401493.052,1471,276,None,Move,development
1569401493.0570002,1469,274,None,Move,development
1569401493.064,1468,272,None,Move,development
1569401493.072,1466,270,None,Move,development
1569401493.079,1465,268,None,Move,development
1569401493.0879998,1464,266,None,Move,development
1569401493.095,1463,265,None,Move,development
1569401493.103,1463,263,None,Move,development
1569401493.1120002,1461,262,None,Move,development
1569401493.129,1459,260,None,Move,development
1569401493.133,1458,259,None,Move,development
1569401493.1420002,1456,256,None,Move,development
1569401493.15,1453,254,None,Move,development
1569401493.158,1452,252,None,Move,development
1569401493.166,1450,250,None,Move,development
1569401493.173,1448,248,None,Move,development
1569401493.19,1445,244,None,Move,development
1569401493.199,1444,241,None,Move,development
1569401493.2029998,1444,240,None,Move,development
1569401493.211,1444,239,None,Move,development
1569401493.221,1443,238,None,Move,development
1569401493.235,1443,238,None,Move,development
1569401493.2429998,1443,237,None,Move,development
1569401493.2489998,1443,237,None,Move,development
1569401493.2570002,1443,236,None,Move,development
1569401493.2670002,1443,235,None,Move,development
1569401493.2729998,1442,235,None,Move,development
1569401493.281,1442,234,None,Move,development
1569401493.289,1441,234,None,Move,development
1569401493.2970002,1441,233,None,Move,development
1569401493.305,1441,232,None,Move,development
1569401493.311,1440,231,None,Move,development
1569401493.32,1440,229,None,Move,development
1569401493.329,1440,228,None,Move,development
1569401493.335,1440,227,None,Move,development
1569401493.344,1440,225,None,Move,development
1569401493.3520002,1440,224,None,Move,development
1569401493.36,1439,223,None,Move,development
1569401493.3660002,1438,221,None,Move,development
1569401493.3739998,1438,221,None,Move,development
1569401493.3820002,1438,220,None,Move,development
1569401493.3979998,1438,220,None,Move,development
1569401493.414,1438,219,None,Move,development
1569401493.436,1438,218,None,Move,development
1569401493.46,1438,218,None,Move,development
1569401493.583,1437,218,Left,Pressed,development
1569401493.583,1437,218,None,Drag,development
1569401493.629,1436,218,None,Drag,development
1569401493.637,1436,218,None,Drag,development
1569401493.647,1435,219,None,Drag,development
1569401493.653,1433,220,None,Drag,development
1569401493.661,1431,222,None,Drag,development
1569401493.669,1428,225,None,Drag,development
1569401493.677,1424,229,None,Drag,development
1569401493.684,1419,234,None,Drag,development
1569401493.6920002,1409,241,None,Drag,development
1569401493.699,1398,249,None,Drag,development
1569401493.708,1382,262,None,Drag,development
1569401493.715,1365,277,None,Drag,development
1569401493.724,1345,292,None,Drag,development
1569401493.732,1323,308,None,Drag,development
1569401493.74,1296,324,None,Drag,development
1569401493.7489998,1263,346,None,Drag,development
1569401493.755,1231,368,None,Drag,development
1569401493.762,1194,388,None,Drag,development
1569401493.77,1157,407,None,Drag,development
1569401493.778,1114,430,None,Drag,development
1569401493.786,1077,450,None,Drag,development
1569401493.794,1040,471,None,Drag,development
1569401493.802,1006,489,None,Drag,development
1569401493.811,976,506,None,Drag,development
1569401493.82,950,521,None,Drag,development
1569401493.824,930,536,None,Drag,development
1569401493.831,914,547,None,Drag,development
1569401493.839,904,556,None,Drag,development
1569401493.847,896,562,None,Drag,development
1569401493.855,891,569,None,Drag,development
1569401493.8639998,888,573,None,Drag,development
1569401493.87,887,575,None,Drag,development
1569401493.8820002,886,578,None,Drag,development
1569401493.89,886,579,None,Drag,development
1569401493.8979998,886,580,None,Drag,development
1569401493.905,886,581,None,Drag,development
1569401493.9120002,886,581,None,Drag,development
1569401493.9329998,886,581,None,Drag,development
1569401494.095,887,581,None,Drag,development
1569401494.104,887,581,None,Drag,development
1569401494.109,889,581,None,Drag,development
1569401494.1179998,892,580,None,Drag,development
1569401494.1260002,895,578,None,Drag,development
1569401494.133,899,576,None,Drag,development
1569401494.1420002,904,573,None,Drag,development
1569401494.149,910,570,None,Drag,development
1569401494.157,917,567,None,Drag,development
1569401494.166,924,564,None,Drag,development
1569401494.174,930,561,None,Drag,development
1569401494.18,937,558,None,Drag,development
1569401494.188,943,555,None,Drag,development
1569401494.195,948,554,None,Drag,development
1569401494.204,953,551,None,Drag,development
1569401494.212,957,548,None,Drag,development
1569401494.22,962,545,None,Drag,development
1569401494.228,966,543,None,Drag,development
1569401494.236,971,540,None,Drag,development
1569401494.242,976,537,None,Drag,development
1569401494.2510002,982,533,None,Drag,development
1569401494.258,988,527,None,Drag,development
1569401494.266,997,520,None,Drag,development
1569401494.274,1005,512,None,Drag,development
1569401494.283,1014,505,None,Drag,development
1569401494.289,1023,497,None,Drag,development
1569401494.2970002,1032,488,None,Drag,development
1569401494.305,1043,479,None,Drag,development
1569401494.311,1053,470,None,Drag,development
1569401494.319,1065,461,None,Drag,development
1569401494.327,1077,451,None,Drag,development
1569401494.336,1094,437,None,Drag,development
1569401494.344,1110,426,None,Drag,development
1569401494.351,1124,416,None,Drag,development
1569401494.3579998,1141,405,None,Drag,development
1569401494.367,1157,394,None,Drag,development
1569401494.373,1174,383,None,Drag,development
1569401494.381,1190,372,None,Drag,development
1569401494.389,1206,361,None,Drag,development
1569401494.397,1223,350,None,Drag,development
1569401494.405,1244,336,None,Drag,development
1569401494.413,1259,326,None,Drag,development
1569401494.42,1272,317,None,Drag,development
1569401494.427,1283,311,None,Drag,development
1569401494.4420002,1293,304,None,Drag,development
1569401494.449,1300,299,None,Drag,development
1569401494.455,1307,294,None,Drag,development
1569401494.459,1313,289,None,Drag,development
1569401494.467,1318,284,None,Drag,development
1569401494.476,1322,280,None,Drag,development
1569401494.484,1326,276,None,Drag,development
1569401494.4910002,1330,273,None,Drag,development
1569401494.498,1333,269,None,Drag,development
1569401494.505,1337,265,None,Drag,development
1569401494.514,1340,261,None,Drag,development
1569401494.522,1343,257,None,Drag,development
1569401494.529,1347,253,None,Drag,development
1569401494.54,1350,249,None,Drag,development
1569401494.546,1353,245,None,Drag,development
1569401494.556,1355,243,None,Drag,development
1569401494.562,1357,241,None,Drag,development
1569401494.57,1359,238,None,Drag,development
1569401494.576,1361,236,None,Drag,development
1569401494.584,1363,234,None,Drag,development
1569401494.592,1365,232,None,Drag,development
1569401494.599,1366,230,None,Drag,development
1569401494.6120002,1368,228,None,Drag,development
1569401494.619,1369,226,None,Drag,development
1569401494.623,1371,225,None,Drag,development
1569401494.63,1371,223,None,Drag,development
1569401494.6379998,1373,221,None,Drag,development
1569401494.646,1374,219,None,Drag,development
1569401494.654,1375,218,None,Drag,development
1569401494.6620002,1376,216,None,Drag,development
1569401494.667,1377,215,None,Drag,development
1569401494.676,1378,214,None,Drag,development
1569401494.684,1378,213,None,Drag,development
1569401494.6920002,1378,213,None,Drag,development
1569401494.7,1379,212,None,Drag,development
1569401494.707,1379,211,None,Drag,development
1569401494.716,1379,211,None,Drag,development
1569401494.716,1379,211,Left,Released,development
1569401495.042,1379,212,None,Move,development
1569401495.0470002,1377,215,None,Move,development
1569401495.0570002,1373,221,None,Move,development
1569401495.0670002,1369,227,None,Move,development
1569401495.072,1365,233,None,Move,development
1569401495.079,1361,239,None,Move,development
1569401495.087,1358,244,None,Move,development
1569401495.095,1354,250,None,Move,development
1569401495.103,1350,256,None,Move,development
1569401495.11,1346,261,None,Move,development
1569401495.117,1341,267,None,Move,development
1569401495.1260002,1337,273,None,Move,development
1569401495.133,1333,279,None,Move,development
1569401495.141,1326,285,None,Move,development
1569401495.15,1321,294,None,Move,development
1569401495.157,1317,301,None,Move,development
1569401495.165,1310,310,None,Move,development
1569401495.174,1306,318,None,Move,development
1569401495.179,1301,328,None,Move,development
1569401495.187,1294,338,None,Move,development
1569401495.195,1289,346,None,Move,development
1569401495.2029998,1282,356,None,Move,development
1569401495.214,1277,365,None,Move,development
1569401495.22,1271,374,None,Move,development
1569401495.228,1267,381,None,Move,development
1569401495.234,1262,388,None,Move,development
1569401495.2410002,1257,397,None,Move,development
1569401495.2489998,1253,404,None,Move,development
1569401495.258,1249,411,None,Move,development
1569401495.266,1247,417,None,Move,development
1569401495.274,1243,424,None,Move,development
1569401495.282,1240,430,None,Move,development
1569401495.2870002,1236,436,None,Move,development
1569401495.295,1233,441,None,Move,development
1569401495.303,1232,444,None,Move,development
1569401495.311,1228,448,None,Move,development
1569401495.319,1225,450,None,Move,development
1569401495.327,1219,454,None,Move,development
1569401495.335,1213,457,None,Move,development
1569401495.343,1207,461,None,Move,development
1569401495.351,1202,465,None,Move,development
1569401495.357,1197,469,None,Move,development
1569401495.365,1192,474,None,Move,development
1569401495.373,1188,479,None,Move,development
1569401495.381,1186,482,None,Move,development
1569401495.389,1183,487,None,Move,development
1569401495.397,1181,490,None,Move,development
1569401495.405,1181,491,None,Move,development
1569401495.413,1179,495,None,Move,development
1569401495.419,1178,496,None,Move,development
1569401495.5679998,1179,494,None,Move,development
1569401495.629,1180,492,None,Move,development
1569401495.675,1180,491,None,Move,development
1569401495.691,1180,491,None,Move,development
1569401495.7,1178,491,None,Move,development
1569401495.708,1177,491,None,Move,development
1569401495.716,1176,491,None,Move,development
1569401495.7229998,1175,491,None,Move,development
1569401495.729,1173,491,None,Move,development
1569401495.7370002,1172,491,None,Move,development
1569401495.745,1169,491,None,Move,development
1569401495.7529998,1168,490,None,Move,development
1569401495.7610002,1167,490,None,Move,development
1569401495.769,1165,490,None,Move,development
1569401495.7770002,1163,490,None,Move,development
1569401495.785,1161,490,None,Move,development
1569401495.793,1160,489,None,Move,development
1569401495.8,1158,489,None,Move,development
1569401495.8070002,1156,489,None,Move,development
1569401495.815,1155,489,None,Move,development
1569401495.824,1154,489,None,Move,development
1569401495.832,1153,489,None,Move,development
1569401495.84,1153,489,None,Move,development
1569401495.846,1152,489,None,Move,development
1569401495.87,1152,488,None,Move,development
1569401495.8779998,1152,488,None,Move,development
1569401495.8860002,1152,488,None,Move,development
1569401495.893,1153,487,None,Move,development
1569401495.9020002,1154,487,None,Move,development
1569401495.91,1154,486,None,Move,development
1569401495.918,1154,486,None,Move,development
1569401495.924,1154,485,None,Move,development
1569401495.9320002,1153,485,None,Move,development
1569401495.94,1153,484,None,Move,development
1569401495.948,1152,484,None,Move,development
1569401495.956,1150,484,None,Move,development
1569401495.964,1148,483,None,Move,development
1569401495.972,1146,482,None,Move,development
1569401495.98,1142,482,None,Move,development
1569401495.986,1135,481,None,Move,development
1569401495.9929998,1128,480,None,Move,development
1569401496.002,1120,479,None,Move,development
1569401496.01,1109,478,None,Move,development
1569401496.0170002,1090,476,None,Move,development
1569401496.026,1069,472,None,Move,development
1569401496.034,1042,465,None,Move,development
1569401496.041,1008,458,None,Move,development
1569401496.051,976,452,None,Move,development
1569401496.056,935,441,None,Move,development
1569401496.063,898,430,None,Move,development
1569401496.073,860,419,None,Move,development
1569401496.079,825,410,None,Move,development
1569401496.087,786,397,None,Move,development
1569401496.093,748,383,None,Move,development
1569401496.101,714,370,None,Move,development
1569401496.109,682,360,None,Move,development
1569401496.117,652,352,None,Move,development
1569401496.125,622,343,None,Move,development
1569401496.133,598,337,None,Move,development
1569401496.1420002,576,332,None,Move,development
1569401496.149,563,331,None,Move,development
1569401496.155,553,327,None,Move,development
1569401496.163,549,325,None,Move,development
1569401496.171,546,325,None,Move,development
1569401496.179,545,324,None,Move,development
1569401496.3739998,545,324,None,Move,development
1569401496.39,546,323,None,Move,development
1569401496.397,547,323,None,Move,development
1569401496.406,550,323,None,Move,development
1569401496.4120002,554,323,None,Move,development
1569401496.42,559,323,None,Move,development
1569401496.428,569,323,None,Move,development
1569401496.436,577,323,None,Move,development
1569401496.4429998,584,323,None,Move,development
1569401496.452,589,323,None,Move,development
1569401496.459,594,323,None,Move,development
1569401496.467,598,323,None,Move,development
1569401496.4729998,603,323,None,Move,development
1569401496.4889998,607,323,None,Move,development
1569401496.498,608,323,None,Move,development
1569401496.506,609,323,None,Move,development
1569401496.621,609,322,None,Move,development
1569401500.211,609,322,None,Move,development
1569401500.219,611,322,None,Move,development
1569401500.2270002,612,321,None,Move,development
1569401500.2329998,613,320,None,Move,development
1569401500.2429998,615,320,None,Move,development
1569401500.2489998,618,319,None,Move,development
1569401500.2570002,621,319,None,Move,development
1569401500.265,624,317,None,Move,development
1569401500.274,628,314,None,Move,development
1569401500.282,632,313,None,Move,development
1569401500.289,637,310,None,Move,development
1569401500.295,641,307,None,Move,development
1569401500.303,646,303,None,Move,development
1569401500.313,652,300,None,Move,development
1569401500.319,656,298,None,Move,development
1569401500.3279998,660,295,None,Move,development
1569401500.335,666,291,None,Move,development
1569401500.343,670,288,None,Move,development
1569401500.351,673,286,None,Move,development
1569401500.3579998,677,282,None,Move,development
1569401500.3660002,683,278,None,Move,development
1569401500.375,690,274,None,Move,development
1569401500.3820002,697,270,None,Move,development
1569401500.39,705,265,None,Move,development
1569401500.3979998,713,261,None,Move,development
1569401500.406,724,255,None,Move,development
1569401500.414,733,249,None,Move,development
1569401500.42,741,244,None,Move,development
1569401500.428,750,238,None,Move,development
1569401500.439,759,233,None,Move,development
1569401500.448,767,228,None,Move,development
1569401500.451,773,224,None,Move,development
1569401500.46,779,220,None,Move,development
1569401500.468,782,217,None,Move,development
1569401500.476,784,215,None,Move,development
1569401500.482,785,214,None,Move,development
1569401500.4889998,785,212,None,Move,development
1569401500.498,786,212,None,Move,development
1569401500.506,786,211,None,Move,development
1569401500.514,786,210,None,Move,development
1569401500.5229998,786,209,None,Move,development
1569401500.529,787,209,None,Move,development
1569401500.536,787,208,None,Move,development
1569401500.543,788,206,None,Move,development
1569401500.551,788,205,None,Move,development
1569401500.559,789,204,None,Move,development
1569401500.5670002,790,202,None,Move,development
1569401500.575,791,201,None,Move,development
1569401500.583,792,200,None,Move,development
1569401500.591,792,199,None,Move,development
1569401500.597,793,198,None,Move,development
1569401500.605,793,197,None,Move,development
1569401500.613,794,197,None,Move,development
1569401500.621,794,195,None,Move,development
1569401500.629,795,194,None,Move,development
1569401500.637,795,193,None,Move,development
1569401500.645,796,191,None,Move,development
1569401500.653,797,189,None,Move,development
1569401500.659,798,188,None,Move,development
1569401500.667,798,186,None,Move,development
1569401500.675,798,183,None,Move,development
1569401500.6829998,800,180,None,Move,development
1569401500.691,801,177,None,Move,development
1569401500.699,801,175,None,Move,development
1569401500.707,802,173,None,Move,development
1569401500.715,803,170,None,Move,development
1569401500.724,804,166,None,Move,development
1569401500.73,805,163,None,Move,development
1569401500.7429998,805,161,None,Move,development
1569401500.748,806,158,None,Move,development
1569401500.754,807,156,None,Move,development
1569401500.762,808,153,None,Move,development
1569401500.77,808,151,None,Move,development
1569401500.778,809,150,None,Move,development
1569401500.784,809,149,None,Move,development
1569401500.792,810,148,None,Move,development
1569401500.8,810,148,None,Move,development
1569401500.8079998,810,146,None,Move,development
1569401500.816,810,146,None,Move,development
1569401500.824,810,145,None,Move,development
1569401500.832,811,144,None,Move,development
1569401500.8379998,811,143,None,Move,development
1569401500.854,811,142,None,Move,development
1569401500.8779998,811,142,None,Move,development
1569401501.025,811,142,None,Move,development
1569401501.0879998,811,142,Right,Pressed,development
1569401501.212,811,142,Right,Released,development
1569401501.482,811,142,None,Move,development
1569401501.5029998,811,142,None,Move,development
1569401501.514,811,142,None,Move,development
1569401501.544,811,143,None,Move,development
1569401501.554,811,143,None,Move,development
1569401501.561,811,145,None,Move,development
1569401501.5670002,813,146,None,Move,development
1569401501.576,814,147,None,Move,development
1569401501.584,817,148,None,Move,development
1569401501.592,820,151,None,Move,development
1569401501.5979998,826,153,None,Move,development
1569401501.605,831,156,None,Move,development
1569401501.613,840,159,None,Move,development
1569401501.621,852,162,None,Move,development
1569401501.63,870,167,None,Move,development
1569401501.637,894,173,None,Move,development
1569401501.645,923,180,None,Move,development
1569401501.651,955,185,None,Move,development
1569401501.66,996,188,None,Move,development
1569401501.668,1036,194,None,Move,development
1569401501.676,1074,195,None,Move,development
1569401501.686,1111,201,None,Move,development
1569401501.691,1150,206,None,Move,development
1569401501.699,1189,210,None,Move,development
1569401501.707,1224,210,None,Move,development
1569401501.7129998,1261,215,None,Move,development
1569401501.721,1288,215,None,Move,development
1569401501.729,1317,218,None,Move,development
1569401501.7370002,1339,219,None,Move,development
1569401501.745,1357,222,None,Move,development
1569401501.7529998,1378,225,None,Move,development
1569401501.7610002,1390,227,None,Move,development
1569401501.769,1402,229,None,Move,development
1569401501.7770002,1411,229,None,Move,development
1569401501.783,1419,229,None,Move,development
1569401501.792,1427,229,None,Move,development
1569401501.799,1434,229,None,Move,development
1569401501.8070002,1441,228,None,Move,development
1569401501.815,1449,227,None,Move,development
1569401501.824,1456,226,None,Move,development
1569401501.832,1464,225,None,Move,development
1569401501.839,1471,224,None,Move,development
1569401501.846,1477,223,None,Move,development
1569401501.854,1483,221,None,Move,development
1569401501.8620002,1488,219,None,Move,development
1569401501.869,1493,218,None,Move,development
1569401501.881,1499,216,None,Move,development
1569401501.8860002,1504,214,None,Move,development
1569401501.894,1509,212,None,Move,development
1569401501.9020002,1513,210,None,Move,development
1569401501.91,1519,208,None,Move,development
1569401501.916,1524,206,None,Move,development
1569401501.924,1527,205,None,Move,development
1569401501.9320002,1530,203,None,Move,development
1569401501.94,1533,202,None,Move,development
1569401501.948,1535,201,None,Move,development
1569401501.956,1535,200,None,Move,development
1569401501.9629998,1535,200,None,Move,development
1569401501.97,1536,200,None,Move,development
1569401501.986,1536,199,None,Move,development
1569401502.0010002,1536,199,None,Move,development
1569401502.0089998,1536,198,None,Move,development
1569401502.0170002,1536,197,None,Move,development
1569401502.025,1536,197,None,Move,development
1569401502.039,1536,196,None,Move,development
1569401502.05,1536,195,None,Move,development
1569401502.056,1534,194,None,Move,development
1569401502.063,1534,193,None,Move,development
1569401502.071,1533,193,None,Move,development
1569401502.079,1530,193,None,Move,development
1569401502.087,1528,193,None,Move,development
1569401502.095,1525,193,None,Move,development
1569401502.101,1522,193,None,Move,development
1569401502.109,1519,193,None,Move,development
1569401502.117,1515,193,None,Move,development
1569401502.1260002,1510,193,None,Move,development
1569401502.133,1504,193,None,Move,development
1569401502.1420002,1498,193,None,Move,development
1569401502.151,1491,193,None,Move,development
1569401502.158,1484,193,None,Move,development
1569401502.165,1477,194,None,Move,development
1569401502.171,1470,195,None,Move,development
1569401502.18,1467,196,None,Move,development
1569401502.1920002,1464,197,None,Move,development
1569401502.198,1463,197,None,Move,development
1569401502.208,1461,197,None,Move,development
1569401502.2129998,1460,198,None,Move,development
1569401502.225,1460,198,None,Move,development
1569401502.2329998,1459,198,None,Move,development
1569401502.2410002,1459,198,None,Move,development
1569401502.2489998,1458,198,None,Move,development
1569401502.2570002,1457,199,None,Move,development
1569401502.265,1456,200,None,Move,development
1569401502.2729998,1454,201,None,Move,development
1569401502.282,1451,203,None,Move,development
1569401502.2970002,1441,207,None,Move,development
1569401502.305,1434,210,None,Move,development
1569401502.314,1424,214,None,Move,development
1569401502.32,1412,217,None,Move,development
1569401502.327,1398,220,None,Move,development
1569401502.336,1379,226,None,Move,development
1569401502.345,1352,232,None,Move,development
1569401502.3520002,1318,237,None,Move,development
1569401502.3579998,1275,244,None,Move,development
1569401502.3660002,1233,252,None,Move,development
1569401502.3739998,1186,257,None,Move,development
1569401502.3820002,1133,263,None,Move,development
1569401502.39,1080,271,None,Move,development
1569401502.396,1025,279,None,Move,development
1569401502.404,967,285,None,Move,development
1569401502.4120002,910,289,None,Move,development
1569401502.42,854,297,None,Move,development
1569401502.428,791,305,None,Move,development
1569401502.437,732,317,None,Move,development
1569401502.444,668,325,None,Move,development
1569401502.452,615,333,None,Move,development
1569401502.458,568,341,None,Move,development
1569401502.466,528,350,None,Move,development
1569401502.474,495,358,None,Move,development
1569401502.482,476,364,None,Move,development
1569401502.49,464,370,None,Move,development
1569401502.498,459,371,None,Move,development
1569401502.505,458,372,None,Move,development
1569401502.544,458,372,None,Move,development
1569401502.832,459,372,None,Move,development
1569401502.847,462,372,None,Move,development
1569401502.859,471,374,None,Move,development
1569401502.867,477,375,None,Move,development
1569401502.8739998,482,375,None,Move,development
1569401502.879,489,376,None,Move,development
1569401502.8860002,496,378,None,Move,development
1569401502.894,503,378,None,Move,development
1569401502.9020002,510,379,None,Move,development
1569401502.908,517,380,None,Move,development
1569401502.916,524,380,None,Move,development
1569401502.924,530,380,None,Move,development
1569401502.9320002,536,380,None,Move,development
1569401502.939,540,380,None,Move,development
1569401502.948,543,380,None,Move,development
1569401502.956,546,380,None,Move,development
1569401502.9629998,548,380,None,Move,development
1569401502.97,549,380,None,Move,development
1569401502.9770002,550,380,None,Move,development
1569401503.055,550,379,None,Move,development
1569401503.065,550,378,None,Move,development
1569401503.071,550,377,None,Move,development
1569401503.079,548,375,None,Move,development
1569401503.087,546,372,None,Move,development
1569401503.096,542,369,None,Move,development
1569401503.101,536,365,None,Move,development
1569401503.109,528,360,None,Move,development
1569401503.117,518,356,None,Move,development
1569401503.125,509,352,None,Move,development
1569401503.133,502,349,None,Move,development
1569401503.1420002,495,346,None,Move,development
1569401503.15,488,343,None,Move,development
1569401503.156,483,340,None,Move,development
1569401503.163,479,338,None,Move,development
1569401503.1720002,475,336,None,Move,development
1569401503.18,473,335,None,Move,development
1569401503.191,470,333,None,Move,development
1569401503.196,469,332,None,Move,development
1569401503.204,467,331,None,Move,development
1569401503.212,467,331,None,Move,development
1569401503.22,465,330,None,Move,development
1569401503.226,465,329,None,Move,development
1569401503.2329998,465,329,None,Move,development
1569401503.242,465,329,None,Move,development
1569401503.25,464,328,None,Move,development
1569401503.258,464,328,None,Move,development
1569401503.266,464,327,None,Move,development
1569401503.272,463,327,None,Move,development
1569401503.2870002,463,326,None,Move,development
1569401503.3660002,463,325,None,Move,development
1569401503.373,463,325,None,Move,development
1569401503.3820002,463,324,None,Move,development
1569401503.389,463,324,None,Move,development
1569401503.403,463,323,None,Move,development
1569401503.411,463,323,None,Move,development
1569401503.42,462,322,None,Move,development
1569401503.428,462,321,None,Move,development
1569401503.436,462,321,None,Move,development
1569401503.4429998,462,320,None,Move,development
1569401503.452,462,320,None,Move,development
1569401503.46,462,319,None,Move,development
1569401503.466,461,319,None,Move,development
1569401503.474,461,318,None,Move,development
1569401503.4889998,461,317,None,Move,development
1569401503.893,461,318,None,Move,development
1569401503.899,461,321,None,Move,development
1569401503.907,461,324,None,Move,development
1569401503.915,461,328,None,Move,development
1569401503.923,461,331,None,Move,development
1569401503.931,461,334,None,Move,development
1569401503.94,461,337,None,Move,development
1569401503.948,461,340,None,Move,development
1569401503.956,460,343,None,Move,development
1569401503.962,460,345,None,Move,development
1569401503.97,459,347,None,Move,development
1569401503.978,459,349,None,Move,development
1569401503.986,459,351,None,Move,development
1569401503.9929998,459,353,None,Move,development
1569401504.002,459,355,None,Move,development
1569401504.01,459,356,None,Move,development
1569401504.018,459,358,None,Move,development
1569401504.025,459,359,None,Move,development
1569401504.031,459,362,None,Move,development
1569401504.04,459,364,None,Move,development
1569401504.048,459,366,None,Move,development
1569401504.056,459,368,None,Move,development
1569401504.063,459,371,None,Move,development
1569401504.072,459,374,None,Move,development
1569401504.079,459,377,None,Move,development
1569401504.087,459,380,None,Move,development
1569401504.093,459,382,None,Move,development
1569401504.101,460,384,None,Move,development
1569401504.109,460,386,None,Move,development
1569401504.117,460,386,None,Move,development
1569401504.1260002,460,387,None,Move,development
1569401504.133,460,388,None,Move,development
1569401504.141,460,389,None,Move,development
1569401504.149,460,390,None,Move,development
1569401504.156,460,390,None,Move,development
1569401504.163,460,391,None,Move,development
1569401504.171,461,391,None,Move,development
1569401504.187,461,393,None,Move,development
1569401504.195,461,393,None,Move,development
1569401504.2029998,462,394,None,Move,development
1569401504.209,462,396,None,Move,development
1569401504.218,463,397,None,Move,development
1569401504.225,463,399,None,Move,development
1569401504.234,464,402,None,Move,development
1569401504.2410002,466,404,None,Move,development
1569401504.25,466,406,None,Move,development
1569401504.258,467,408,None,Move,development
1569401504.2629998,468,410,None,Move,development
1569401504.272,468,412,None,Move,development
1569401504.28,469,414,None,Move,development
1569401504.288,469,416,None,Move,development
1569401504.295,469,417,None,Move,development
1569401504.304,469,419,None,Move,development
1569401504.312,469,422,None,Move,development
1569401504.32,469,425,None,Move,development
1569401504.3279998,469,427,None,Move,development
1569401504.334,469,430,None,Move,development
1569401504.342,469,432,None,Move,development
1569401504.35,469,434,None,Move,development
1569401504.3579998,468,436,None,Move,development
1569401504.3660002,467,439,None,Move,development
1569401504.3739998,466,441,None,Move,development
1569401504.381,465,443,None,Move,development
1569401504.39,464,444,None,Move,development
1569401504.395,462,447,None,Move,development
1569401504.403,461,448,None,Move,development
1569401504.4120002,459,449,None,Move,development
1569401504.419,458,451,None,Move,development
1569401504.427,456,452,None,Move,development
1569401504.435,454,453,None,Move,development
1569401504.444,452,455,None,Move,development
1569401504.452,451,455,None,Move,development
1569401504.46,449,457,None,Move,development
1569401504.466,449,457,None,Move,development
1569401504.474,448,458,None,Move,development
1569401504.481,446,459,None,Move,development
1569401504.49,445,461,None,Move,development
1569401504.4970002,444,462,None,Move,development
1569401504.505,443,463,None,Move,development
1569401504.5129998,443,465,None,Move,development
1569401504.521,441,466,None,Move,development
1569401504.5270002,441,468,None,Move,development
1569401504.535,440,469,None,Move,development
1569401504.548,438,470,None,Move,development
1569401504.556,438,471,None,Move,development
1569401504.561,438,472,None,Move,development
1569401504.5670002,437,474,None,Move,development
1569401504.576,436,475,None,Move,development
1569401504.583,436,476,None,Move,development
1569401504.589,436,478,None,Move,development
1569401504.597,435,481,None,Move,development
1569401504.607,435,483,None,Move,development
1569401504.6179998,435,486,None,Move,development
1569401504.623,434,488,None,Move,development
1569401504.63,434,491,None,Move,development
1569401504.6379998,434,493,None,Move,development
1569401504.645,434,495,None,Move,development
1569401504.651,434,498,None,Move,development
1569401504.66,435,500,None,Move,development
1569401504.67,435,502,None,Move,development
1569401504.676,435,503,None,Move,development
1569401504.684,436,505,None,Move,development
1569401504.694,437,506,None,Move,development
1569401504.7029998,437,507,None,Move,development
1569401504.708,437,509,None,Move,development
1569401504.714,437,509,None,Move,development
1569401504.722,437,510,None,Move,development
1569401504.73,438,510,None,Move,development
1569401504.738,438,510,None,Move,development
1569401504.746,439,511,None,Move,development
1569401504.7610002,439,511,None,Move,development
1569401504.776,439,512,None,Move,development
1569401504.784,439,513,None,Move,development
1569401504.8079998,439,513,None,Move,development
1569401504.824,440,514,None,Move,development
1569401504.832,440,514,None,Move,development
1569401504.837,440,515,None,Move,development
1569401504.847,440,515,None,Move,development
1569401504.853,440,515,None,Move,development
1569401504.861,441,516,None,Move,development
1569401504.877,441,517,None,Move,development
1569401504.899,441,517,None,Move,development
1569401504.907,441,517,None,Move,development
1569401504.915,441,518,None,Move,development
1569401504.939,441,518,None,Move,development
1569401504.947,442,518,None,Move,development
1569401504.956,442,519,None,Move,development
1569401504.961,442,519,None,Move,development
1569401504.97,443,519,None,Move,development
1569401504.978,443,520,None,Move,development
1569401504.985,443,521,None,Move,development
1569401504.994,443,521,None,Move,development
1569401505.0010002,443,522,None,Move,development
1569401505.0089998,443,522,None,Move,development
1569401505.0170002,443,523,None,Move,development
1569401505.0229998,443,523,None,Move,development
1569401505.031,443,524,None,Move,development
1569401505.048,443,525,None,Move,development
1569401505.064,443,525,None,Move,development
1569401505.072,443,525,None,Move,development
1569401505.0779998,442,525,None,Move,development
1569401505.086,442,525,None,Move,development
1569401505.093,441,525,None,Move,development
1569401505.1020002,440,525,None,Move,development
1569401505.11,438,525,None,Move,development
1569401505.117,436,525,None,Move,development
1569401505.1260002,433,524,None,Move,development
1569401505.1339998,430,523,None,Move,development
1569401505.1420002,426,522,None,Move,development
1569401505.147,422,522,None,Move,development
1569401505.156,419,520,None,Move,development
1569401505.164,416,519,None,Move,development
1569401505.1720002,411,518,None,Move,development
1569401505.18,408,517,None,Move,development
1569401505.188,407,517,None,Move,development
1569401505.196,406,516,None,Move,development
1569401505.311,406,516,None,Move,development
1569401505.327,406,515,None,Move,development
1569401505.333,406,514,None,Move,development
1569401505.341,406,514,None,Move,development
1569401505.351,407,514,None,Move,development
1569401505.357,407,513,None,Move,development
1569401505.365,408,513,None,Move,development
1569401505.373,409,513,None,Move,development
1569401505.381,410,512,None,Move,development
1569401505.39,411,512,None,Move,development
1569401505.396,412,512,None,Move,development
1569401505.403,413,512,None,Move,development
1569401505.411,414,512,None,Move,development
1569401505.419,416,511,None,Move,development
1569401505.427,418,511,None,Move,development
1569401505.435,420,510,None,Move,development
1569401505.4429998,422,510,None,Move,development
1569401505.451,424,509,None,Move,development
1569401505.457,427,509,None,Move,development
1569401505.465,430,509,None,Move,development
1569401505.4729998,432,509,None,Move,development
1569401505.481,434,509,None,Move,development
1569401505.4889998,437,508,None,Move,development
1569401505.4970002,438,508,None,Move,development
1569401505.5029998,438,507,None,Move,development
1569401505.512,439,507,None,Move,development
1569401505.745,439,507,None,Move,development
1569401505.754,439,507,None,Move,development
1569401505.758,438,507,None,Move,development
1569401505.768,438,507,None,Move,development
1569401505.776,437,507,None,Move,development
1569401505.784,436,507,None,Move,development
1569401505.792,435,507,None,Move,development
1569401505.799,432,507,None,Move,development
1569401505.8070002,430,507,None,Move,development
1569401505.815,428,507,None,Move,development
1569401505.823,425,507,None,Move,development
1569401505.829,423,507,None,Move,development
1569401505.837,420,507,None,Move,development
1569401505.845,417,507,None,Move,development
1569401505.853,415,507,None,Move,development
1569401505.861,414,507,None,Move,development
1569401505.869,412,507,None,Move,development
1569401505.877,411,507,None,Move,development
1569401505.885,410,507,None,Move,development
1569401505.899,410,507,None,Move,development
1569401506.258,410,507,None,Move,development
1569401506.264,410,507,None,Move,development
1569401506.272,411,507,None,Move,development
1569401506.28,412,507,None,Move,development
1569401506.288,414,507,None,Move,development
1569401506.296,417,507,None,Move,development
1569401506.304,420,507,None,Move,development
1569401506.312,423,507,None,Move,development
1569401506.319,426,506,None,Move,development
1569401506.326,428,506,None,Move,development
1569401506.334,430,506,None,Move,development
1569401506.344,433,505,None,Move,development
1569401506.35,435,505,None,Move,development
1569401506.357,440,505,None,Move,development
1569401506.3660002,443,505,None,Move,development
1569401506.373,444,505,None,Move,development
1569401506.435,444,505,Right,Pressed,development
1569401506.582,444,505,Right,Released,development
1569401506.684,445,505,None,Move,development
1569401506.691,445,505,None,Move,development
1569401506.702,446,505,None,Move,development
1569401506.712,447,505,None,Move,development
1569401506.72,450,505,None,Move,development
1569401506.725,452,505,None,Move,development
1569401506.73,454,506,None,Move,development
1569401506.738,456,507,None,Move,development
1569401506.746,459,507,None,Move,development
1569401506.754,461,508,None,Move,development
1569401506.762,464,508,None,Move,development
1569401506.768,467,510,None,Move,development
1569401506.782,470,511,None,Move,development
1569401506.792,475,512,None,Move,development
1569401506.8,476,514,None,Move,development
1569401506.8079998,478,515,None,Move,development
1569401506.816,481,517,None,Move,development
1569401506.822,483,518,None,Move,development
1569401506.83,485,519,None,Move,development
1569401506.837,486,520,None,Move,development
1569401506.845,488,522,None,Move,development
1569401506.853,489,524,None,Move,development
1569401506.8620002,491,525,None,Move,development
1569401506.87,492,528,None,Move,development
1569401506.877,494,529,None,Move,development
1569401506.883,495,531,None,Move,development
1569401506.891,497,533,None,Move,development
1569401506.899,497,534,None,Move,development
1569401506.909,499,535,None,Move,development
1569401506.915,499,536,None,Move,development
1569401506.923,500,537,None,Move,development
1569401506.931,501,538,None,Move,development
1569401506.939,501,539,None,Move,development
1569401506.945,502,540,None,Move,development
1569401506.9529998,503,542,None,Move,development
1569401506.961,503,542,None,Move,development
1569401506.97,504,544,None,Move,development
1569401506.9770002,504,545,None,Move,development
1569401506.986,505,546,None,Move,development
1569401506.9929998,506,548,None,Move,development
1569401507.0010002,507,549,None,Move,development
1569401507.0070002,509,551,None,Move,development
1569401507.015,509,552,None,Move,development
1569401507.025,511,553,None,Move,development
1569401507.031,512,555,None,Move,development
1569401507.039,514,556,None,Move,development
1569401507.0470002,516,558,None,Move,development
1569401507.055,519,560,None,Move,development
1569401507.063,522,562,None,Move,development
1569401507.071,526,563,None,Move,development
1569401507.077,530,565,None,Move,development
1569401507.085,534,567,None,Move,development
1569401507.093,538,569,None,Move,development
1569401507.101,540,569,None,Move,development
1569401507.109,543,571,None,Move,development
1569401507.117,546,572,None,Move,development
1569401507.125,548,573,None,Move,development
1569401507.133,550,574,None,Move,development
1569401507.139,552,576,None,Move,development
1569401507.147,554,577,None,Move,development
1569401507.155,556,579,None,Move,development
1569401507.163,557,581,None,Move,development
1569401507.171,559,583,None,Move,development
1569401507.179,561,586,None,Move,development
1569401507.185,562,589,None,Move,development
1569401507.1929998,564,593,None,Move,development
1569401507.201,566,597,None,Move,development
1569401507.21,567,602,None,Move,development
1569401507.218,568,606,None,Move,development
1569401507.226,569,610,None,Move,development
1569401507.234,570,615,None,Move,development
1569401507.2410002,571,619,None,Move,development
1569401507.2470002,572,622,None,Move,development
1569401507.255,572,624,None,Move,development
1569401507.264,572,627,None,Move,development
1569401507.272,572,627,None,Move,development
1569401507.28,572,628,None,Move,development
1569401507.312,572,627,None,Move,development
1569401507.3179998,572,627,None,Move,development
1569401507.326,572,625,None,Move,development
1569401507.334,571,622,None,Move,development
1569401507.345,569,617,None,Move,development
1569401507.3520002,567,613,None,Move,development
1569401507.357,566,608,None,Move,development
1569401507.367,565,606,None,Move,development
1569401507.377,565,604,None,Move,development
1569401507.3820002,565,603,None,Move,development
1569401507.389,564,601,None,Move,development
1569401507.396,563,600,None,Move,development
1569401507.404,563,599,None,Move,development
1569401507.4120002,563,597,None,Move,development
1569401507.421,563,595,None,Move,development
1569401507.427,562,594,None,Move,development
1569401507.4329998,561,592,None,Move,development
1569401507.441,561,590,None,Move,development
1569401507.449,561,588,None,Move,development
1569401507.458,560,586,None,Move,development
1569401507.465,560,584,None,Move,development
1569401507.4729998,560,581,None,Move,development
1569401507.481,560,577,None,Move,development
1569401507.4889998,560,573,None,Move,development
1569401507.495,560,570,None,Move,development
1569401507.5029998,560,567,None,Move,development
1569401507.5110002,560,565,None,Move,development
1569401507.519,560,563,None,Move,development
1569401507.5270002,560,562,None,Move,development
1569401507.536,560,561,None,Move,development
1569401507.543,561,561,None,Move,development
1569401507.551,561,560,None,Move,development
1569401507.559,561,560,None,Move,development
1569401507.573,561,559,None,Move,development
1569401507.59,561,559,None,Move,development
1569401507.597,561,558,None,Move,development
1569401507.605,561,557,None,Move,development
1569401507.6139998,561,557,None,Move,development
1569401507.619,561,556,None,Move,development
1569401507.6279998,561,556,None,Move,development
1569401507.6360002,561,555,None,Move,development
1569401507.644,561,555,None,Move,development
1569401507.69,561,554,None,Move,development
1569401507.722,561,553,None,Move,development
1569401507.729,561,553,None,Move,development
1569401507.745,561,552,None,Move,development
1569401507.76,561,552,None,Move,development
1569401507.768,561,551,None,Move,development
1569401507.776,561,551,None,Move,development
1569401507.784,561,550,None,Move,development
1569401507.792,561,549,None,Move,development
1569401507.799,561,549,None,Move,development
1569401507.875,561,548,None,Move,development
1569401507.938,561,548,Left,Pressed,development
1569401508.016,561,548,Left,Released,development
1569401508.109,561,548,None,Move,development
1569401508.1239998,563,548,None,Move,development
1569401508.1320002,567,548,None,Move,development
1569401508.1420002,571,548,None,Move,development
1569401508.149,578,548,None,Move,development
1569401508.155,585,547,None,Move,development
1569401508.164,593,545,None,Move,development
1569401508.171,601,544,None,Move,development
1569401508.18,611,543,None,Move,development
1569401508.187,620,542,None,Move,development
1569401508.1929998,628,541,None,Move,development
1569401508.204,639,540,None,Move,development
1569401508.209,652,539,None,Move,development
1569401508.217,666,539,None,Move,development
1569401508.225,679,537,None,Move,development
1569401508.2329998,693,535,None,Move,development
1569401508.2410002,706,532,None,Move,development
1569401508.2489998,719,529,None,Move,development
1569401508.256,730,527,None,Move,development
1569401508.2629998,741,523,None,Move,development
1569401508.271,749,521,None,Move,development
1569401508.279,759,518,None,Move,development
1569401508.2870002,765,516,None,Move,development
1569401508.295,769,514,None,Move,development
1569401508.304,773,513,None,Move,development
1569401508.312,775,511,None,Move,development
1569401508.3179998,776,511,None,Move,development
1569401508.326,778,510,None,Move,development
1569401508.333,778,509,None,Move,development
1569401508.349,778,509,None,Move,development
1569401508.357,779,508,None,Move,development
1569401508.365,779,508,None,Move,development
1569401508.373,779,506,None,Move,development
1569401508.379,779,506,None,Move,development
1569401508.387,779,505,None,Move,development
1569401508.396,779,503,None,Move,development
1569401508.404,779,502,None,Move,development
1569401508.4120002,779,501,None,Move,development
1569401508.42,779,500,None,Move,development
1569401508.428,779,499,None,Move,development
1569401508.4329998,779,498,None,Move,development
1569401508.449,779,498,None,Move,development
1569401508.458,779,497,None,Move,development
1569401508.465,779,497,None,Move,development
1569401508.474,779,496,None,Move,development
1569401508.481,779,496,None,Move,development
1569401508.492,779,495,None,Move,development
1569401508.498,779,494,None,Move,development
1569401508.505,779,494,None,Move,development
1569401508.5270002,779,494,None,Move,development
1569401508.535,779,493,None,Move,development
1569401508.544,779,493,None,Move,development
1569401508.565,779,492,None,Move,development
1569401508.5979998,779,492,None,Move,development
1569401509.085,779,491,None,Move,development
1569401509.093,779,490,None,Move,development
1569401509.101,780,487,None,Move,development
1569401509.109,781,483,None,Move,development
1569401509.115,784,480,None,Move,development
1569401509.123,787,475,None,Move,development
1569401509.133,792,470,None,Move,development
1569401509.139,795,467,None,Move,development
1569401509.147,798,463,None,Move,development
1569401509.155,800,462,None,Move,development
1569401509.163,802,461,None,Move,development
1569401509.171,803,461,None,Move,development
1569401509.18,803,464,None,Move,development
1569401509.186,803,466,None,Move,development
1569401509.481,803,464,None,Move,development
1569401509.495,804,462,None,Move,development
1569401509.5029998,804,462,None,Move,development
1569401509.519,806,460,None,Move,development
1569401509.5270002,806,460,None,Move,development
1569401509.544,807,458,None,Move,development
1569401509.552,807,458,None,Move,development
1569401509.561,808,458,None,Move,development
1569401509.582,809,458,None,Move,development
1569401509.605,809,458,None,Move,development
1569401509.62,810,458,None,Move,development
1569401509.6360002,810,458,None,Move,development
1569401509.69,810,458,None,Move,development
1569401509.722,809,459,None,Move,development
1569401509.735,808,459,None,Move,development
1569401509.7429998,807,459,None,Move,development
1569401509.752,807,459,None,Move,development
1569401509.768,806,459,None,Move,development
1569401509.776,805,459,None,Move,development
1569401509.791,805,459,None,Move,development
1569401509.806,804,459,None,Move,development
1569401509.816,804,459,None,Move,development
1569401509.846,803,459,None,Move,development
1569401509.8620002,803,459,None,Move,development
1569401509.8760002,803,459,None,Move,development
1569401509.8839998,803,460,None,Move,development
1569401509.893,804,460,None,Move,development
1569401509.9,804,461,None,Move,development
1569401509.908,805,462,None,Move,development
1569401509.916,806,463,None,Move,development
1569401509.924,807,464,None,Move,development
1569401509.929,808,466,None,Move,development
1569401509.938,812,467,None,Move,development
1569401509.945,814,470,None,Move,development
1569401509.954,819,471,None,Move,development
1569401509.962,822,473,None,Move,development
1569401509.97,826,475,None,Move,development
1569401509.9770002,832,477,None,Move,development
1569401509.9829998,837,479,None,Move,development
1569401509.9910002,841,480,None,Move,development
1569401509.9989998,844,482,None,Move,development
1569401510.0070002,848,484,None,Move,development
1569401510.015,851,485,None,Move,development
1569401510.0229998,853,487,None,Move,development
1569401510.031,856,488,None,Move,development
1569401510.039,858,490,None,Move,development
1569401510.0470002,860,491,None,Move,development
1569401510.053,862,491,None,Move,development
1569401510.061,864,492,None,Move,development
1569401510.069,867,493,None,Move,development
1569401510.077,869,493,None,Move,development
1569401510.085,871,493,None,Move,development
1569401510.093,873,493,None,Move,development
1569401510.101,874,493,None,Move,development
1569401510.109,875,493,None,Move,development
1569401510.115,875,493,None,Move,development
1569401510.123,877,494,None,Move,development
1569401510.131,877,495,None,Move,development
1569401510.139,878,495,None,Move,development
1569401510.147,878,495,None,Move,development
1569401510.155,878,496,None,Move,development
1569401510.163,879,496,None,Move,development
1569401510.177,879,497,None,Move,development
1569401510.185,879,497,None,Move,development
1569401510.1929998,879,497,None,Move,development
1569401510.201,878,498,None,Move,development
1569401510.209,877,498,None,Move,development
1569401510.217,877,499,None,Move,development
1569401510.226,875,499,None,Move,development
1569401510.234,874,499,None,Move,development
1569401510.2389998,873,499,None,Move,development
1569401510.2470002,871,499,None,Move,development
1569401510.255,869,499,None,Move,development
1569401510.2629998,867,499,None,Move,development
1569401510.2729998,865,499,None,Move,development
1569401510.28,863,499,None,Move,development
1569401510.288,861,499,None,Move,development
1569401510.296,859,499,None,Move,development
1569401510.302,855,498,None,Move,development
1569401510.31,852,497,None,Move,development
1569401510.3179998,848,497,None,Move,development
1569401510.326,844,496,None,Move,development
1569401510.334,841,496,None,Move,development
1569401510.342,838,496,None,Move,development
1569401510.35,836,496,None,Move,development
1569401510.3579998,834,496,None,Move,development
1569401510.3660002,832,496,None,Move,development
1569401510.3720002,832,496,None,Move,development
1569401510.379,831,496,None,Move,development
1569401510.3879998,831,495,None,Move,development
1569401510.404,831,494,None,Move,development
1569401510.42,831,494,None,Move,development
1569401510.434,831,493,None,Move,development
1569401510.458,831,493,None,Move,development
1569401510.466,831,493,None,Move,development
1569401510.48,831,493,None,Move,development
1569401510.496,831,492,None,Move,development
1569401510.512,831,492,None,Move,development
1569401510.52,831,492,None,Move,development
1569401510.536,830,492,None,Move,development
1569401510.543,830,491,None,Move,development
1569401510.573,830,490,None,Move,development
1569401510.5979998,830,490,None,Move,development
1569401510.619,830,489,None,Move,development
1569401510.7510002,829,489,None,Move,development
1569401510.7610002,829,489,None,Move,development
1569401510.7670002,828,489,None,Move,development
1569401510.775,827,489,None,Move,development
1569401510.783,827,488,None,Move,development
1569401510.791,825,488,None,Move,development
1569401510.799,823,488,None,Move,development
1569401510.806,820,488,None,Move,development
1569401510.814,818,488,None,Move,development
1569401510.822,815,488,None,Move,development
1569401510.829,812,489,None,Move,development
1569401510.8379998,809,489,None,Move,development
1569401510.846,805,490,None,Move,development
1569401510.854,800,490,None,Move,development
1569401510.86,796,490,None,Move,development
1569401510.8679998,791,491,None,Move,development
1569401510.8760002,784,491,None,Move,development
1569401510.8860002,775,491,None,Move,development
1569401510.8920002,767,492,None,Move,development
1569401510.9,760,493,None,Move,development
1569401510.908,754,494,None,Move,development
1569401510.913,747,495,None,Move,development
1569401510.9220002,740,496,None,Move,development
1569401510.929,734,496,None,Move,development
1569401510.938,727,497,None,Move,development
1569401510.946,720,498,None,Move,development
1569401510.954,713,498,None,Move,development
1569401510.961,706,498,None,Move,development
1569401510.969,700,498,None,Move,development
1569401510.978,692,498,None,Move,development
1569401510.9829998,685,498,None,Move,development
1569401510.9910002,678,498,None,Move,development
1569401511.0010002,671,498,None,Move,development
1569401511.008,665,498,None,Move,development
1569401511.016,658,498,None,Move,development
1569401511.0229998,653,498,None,Move,development
1569401511.031,647,498,None,Move,development
1569401511.039,641,498,None,Move,development
1569401511.045,636,497,None,Move,development
1569401511.053,632,497,None,Move,development
1569401511.0670002,627,497,None,Move,development
1569401511.071,622,496,None,Move,development
1569401511.077,615,495,None,Move,development
1569401511.085,609,493,None,Move,development
1569401511.093,602,492,None,Move,development
1569401511.101,595,491,None,Move,development
1569401511.107,589,490,None,Move,development
1569401511.1160002,582,489,None,Move,development
1569401511.125,575,488,None,Move,development
1569401511.131,569,487,None,Move,development
1569401511.139,564,487,None,Move,development
1569401511.147,560,487,None,Move,development
1569401511.155,555,487,None,Move,development
1569401511.1620002,550,487,None,Move,development
1569401511.169,547,487,None,Move,development
1569401511.177,544,487,None,Move,development
1569401511.185,541,487,None,Move,development
1569401511.1929998,539,487,None,Move,development
1569401511.201,536,487,None,Move,development
1569401511.21,534,487,None,Move,development
1569401511.218,533,487,None,Move,development
1569401511.226,530,487,None,Move,development
1569401511.231,529,486,None,Move,development
1569401511.242,527,485,None,Move,development
1569401511.248,525,485,None,Move,development
1569401511.256,524,483,None,Move,development
1569401511.2629998,523,483,None,Move,development
1569401511.272,523,481,None,Move,development
1569401511.279,522,481,None,Move,development
1569401511.288,522,480,None,Move,development
1569401511.294,521,479,None,Move,development
1569401511.302,520,478,None,Move,development
1569401511.31,519,476,None,Move,development
1569401511.3170002,519,474,None,Move,development
1569401511.326,518,474,None,Move,development
1569401511.334,518,472,None,Move,development
1569401511.342,517,472,None,Move,development
1569401511.35,517,471,None,Move,development
1569401511.356,517,470,None,Move,development
1569401511.363,517,470,None,Move,development
1569401511.3720002,517,469,None,Move,development
1569401511.379,517,468,None,Move,development
1569401511.387,516,468,None,Move,development
1569401511.396,516,467,None,Move,development
1569401511.403,516,467,None,Move,development
1569401511.41,516,466,None,Move,development
1569401511.418,516,466,None,Move,development
1569401511.426,516,465,None,Move,development
1569401511.4420002,516,464,None,Move,development
1569401511.458,515,464,None,Move,development
1569401511.474,515,463,None,Move,development
1569401511.4870002,515,463,None,Move,development
1569401511.495,514,462,None,Move,development
1569401511.5110002,514,462,None,Move,development
1569401511.519,514,462,None,Move,development
1569401511.5270002,514,461,None,Move,development
1569401511.535,513,460,None,Move,development
1569401511.541,513,460,None,Move,development
1569401511.549,513,459,None,Move,development
1569401511.5570002,512,459,None,Move,development
1569401511.565,512,458,None,Move,development
1569401511.573,511,458,None,Move,development
1569401511.582,510,457,None,Move,development
1569401511.589,510,456,None,Move,development
1569401511.5979998,509,456,None,Move,development
1569401511.605,508,454,None,Move,development
1569401511.6139998,507,453,None,Move,development
1569401511.62,506,452,None,Move,development
1569401511.6279998,504,451,None,Move,development
1569401511.635,503,450,None,Move,development
1569401511.644,501,448,None,Move,development
1569401511.6520002,500,447,None,Move,development
1569401511.657,499,445,None,Move,development
1569401511.665,497,444,None,Move,development
1569401511.673,496,442,None,Move,development
1569401511.6829998,493,441,None,Move,development
1569401511.689,492,439,None,Move,development
1569401511.697,491,437,None,Move,development
1569401511.705,488,436,None,Move,development
1569401511.7129998,487,433,None,Move,development
1569401511.72,485,432,None,Move,development
1569401511.7270002,483,431,None,Move,development
1569401511.736,482,430,None,Move,development
1569401511.744,481,429,None,Move,development
1569401511.7510002,480,429,None,Move,development
1569401511.76,480,429,None,Move,development
1569401511.768,480,428,None,Move,development
1569401511.775,479,428,None,Move,development
1569401511.789,479,428,None,Move,development
1569401512.086,479,428,Right,Pressed,development
1569401512.169,479,428,Right,Released,development
1569401512.272,479,428,None,Move,development
1569401512.279,481,428,None,Move,development
1569401512.285,483,429,None,Move,development
1569401512.293,486,431,None,Move,development
1569401512.302,491,432,None,Move,development
1569401512.309,496,434,None,Move,development
1569401512.3170002,502,435,None,Move,development
1569401512.326,508,438,None,Move,development
1569401512.334,514,442,None,Move,development
1569401512.34,523,447,None,Move,development
1569401512.3479998,531,452,None,Move,development
1569401512.355,540,459,None,Move,development
1569401512.363,549,466,None,Move,development
1569401512.3720002,556,474,None,Move,development
1569401512.379,563,482,None,Move,development
1569401512.387,568,491,None,Move,development
1569401512.395,571,499,None,Move,development
1569401512.403,574,510,None,Move,development
1569401512.41,577,520,None,Move,development
1569401512.417,579,531,None,Move,development
1569401512.425,580,541,None,Move,development
1569401512.4329998,580,552,None,Move,development
1569401512.4420002,581,562,None,Move,development
1569401512.449,581,571,None,Move,development
1569401512.457,581,579,None,Move,development
1569401512.465,581,586,None,Move,development
1569401512.472,581,592,None,Move,development
1569401512.479,581,599,None,Move,development
1569401512.4870002,581,606,None,Move,development
1569401512.496,581,612,None,Move,development
1569401512.5029998,582,618,None,Move,development
1569401512.5110002,583,624,None,Move,development
1569401512.52,585,629,None,Move,development
1569401512.528,586,634,None,Move,development
1569401512.535,588,638,None,Move,development
1569401512.542,591,641,None,Move,development
1569401512.549,592,644,None,Move,development
1569401512.5579998,594,646,None,Move,development
1569401512.566,595,646,None,Move,development
1569401512.574,596,647,None,Move,development
1569401512.582,596,647,None,Move,development
1569401512.59,597,647,None,Move,development
1569401512.6279998,597,647,None,Move,development
1569401512.644,597,647,None,Move,development
1569401512.6520002,596,648,None,Move,development
1569401512.658,595,648,None,Move,development
1569401512.666,594,649,None,Move,development
1569401512.673,594,649,None,Move,development
1569401512.6820002,592,650,None,Move,development
1569401512.69,591,650,None,Move,development
1569401512.697,590,651,None,Move,development
1569401512.706,588,651,None,Move,development
1569401512.7129998,587,653,None,Move,development
1569401512.721,586,653,None,Move,development
1569401512.7270002,584,653,None,Move,development
1569401512.738,583,653,None,Move,development
1569401512.7429998,582,654,None,Move,development
1569401512.7510002,582,654,None,Move,development
1569401512.76,581,654,None,Move,development
1569401512.776,580,654,None,Move,development
1569401512.782,580,654,None,Move,development
1569401512.79,580,655,None,Move,development
1569401512.806,579,655,None,Move,development
1569401512.8379998,578,655,None,Move,development
1569401512.86,578,655,None,Move,development
1569401512.961,578,655,Left,Pressed,development
1569401513.0370002,578,655,Left,Released,development
1569401513.069,578,655,None,Move,development
1569401513.0779998,578,655,None,Move,development
1569401513.0879998,579,655,None,Move,development
1569401513.099,579,655,None,Move,development
1569401513.106,580,655,None,Move,development
1569401513.11,582,655,None,Move,development
1569401513.115,583,655,None,Move,development
1569401513.123,585,655,None,Move,development
1569401513.1320002,587,654,None,Move,development
1569401513.14,590,652,None,Move,development
1569401513.149,593,652,None,Move,development
1569401513.165,603,649,None,Move,development
1569401513.174,611,647,None,Move,development
1569401513.18,622,645,None,Move,development
1569401513.186,637,645,None,Move,development
1569401513.194,650,645,None,Move,development
1569401513.202,664,644,None,Move,development
1569401513.208,681,641,None,Move,development
1569401513.216,702,637,None,Move,development
1569401513.224,726,634,None,Move,development
1569401513.232,748,633,None,Move,development
1569401513.24,772,628,None,Move,development
1569401513.2470002,795,625,None,Move,development
1569401513.255,817,624,None,Move,development
1569401513.2629998,841,621,None,Move,development
1569401513.271,864,618,None,Move,development
1569401513.283,887,615,None,Move,development
1569401513.29,910,612,None,Move,development
1569401513.295,928,610,None,Move,development
1569401513.302,946,607,None,Move,development
1569401513.31,964,605,None,Move,development
1569401513.3170002,977,601,None,Move,development
1569401513.325,988,599,None,Move,development
1569401513.333,1000,596,None,Move,development
1569401513.34,1010,593,None,Move,development
1569401513.347,1018,590,None,Move,development
1569401513.356,1025,587,None,Move,development
1569401513.3639998,1030,585,None,Move,development
1569401513.371,1035,581,None,Move,development
1569401513.379,1039,578,None,Move,development
1569401513.387,1043,574,None,Move,development
1569401513.396,1046,572,None,Move,development
1569401513.4020002,1049,567,None,Move,development
1569401513.409,1052,562,None,Move,development
1569401513.417,1054,558,None,Move,development
1569401513.425,1055,552,None,Move,development
1569401513.434,1056,547,None,Move,development
1569401513.441,1056,540,None,Move,development
1569401513.449,1056,533,None,Move,development
1569401513.457,1056,526,None,Move,development
1569401513.4629998,1054,519,None,Move,development
1569401513.471,1052,514,None,Move,development
1569401513.482,1050,508,None,Move,development
1569401513.488,1048,502,None,Move,development
1569401513.496,1047,499,None,Move,development
1569401513.504,1047,498,None,Move,development
1569401513.512,1046,497,None,Move,development
1569401513.518,1046,496,None,Move,development
1569401513.534,1045,496,None,Move,development
1569401513.55,1045,495,None,Move,development
1569401513.5579998,1045,495,None,Move,development
1569401513.566,1045,494,None,Move,development
1569401513.574,1044,494,None,Move,development
1569401513.582,1044,493,None,Move,development
1569401513.596,1044,492,None,Move,development
1569401513.603,1044,492,None,Move,development
1569401513.6120002,1044,491,None,Move,development
1569401513.62,1044,491,None,Move,development
1569401513.6279998,1044,490,None,Move,development
1569401513.635,1044,490,None,Move,development
1569401513.641,1044,488,None,Move,development
1569401513.649,1044,488,None,Move,development
1569401513.658,1044,487,None,Move,development
1569401513.665,1044,487,None,Move,development
1569401513.6820002,1044,486,None,Move,development
1569401514.657,1043,485,None,Move,development
1569401514.665,1039,485,None,Move,development
1569401514.673,1035,484,None,Move,development
1569401514.6820002,1030,483,None,Move,development
1569401514.689,1024,482,None,Move,development
1569401514.698,1018,481,None,Move,development
1569401514.706,1013,481,None,Move,development
1569401514.712,1007,481,None,Move,development
1569401514.72,1002,481,None,Move,development
1569401514.7270002,995,481,None,Move,development
1569401514.735,988,480,None,Move,development
1569401514.7429998,983,479,None,Move,development
1569401514.752,979,479,None,Move,development
1569401514.7589998,976,479,None,Move,development
1569401514.766,974,479,None,Move,development
1569401514.7729998,972,479,None,Move,development
1569401514.781,971,479,None,Move,development
1569401514.789,970,479,None,Move,development
1569401514.7970002,968,479,None,Move,development
1569401514.805,966,479,None,Move,development
1569401514.813,965,479,None,Move,development
1569401514.821,962,479,None,Move,development
1569401514.829,958,479,None,Move,development
1569401514.835,954,479,None,Move,development
1569401514.843,948,479,None,Move,development
1569401514.851,943,479,None,Move,development
1569401514.859,936,479,None,Move,development
1569401514.867,930,479,None,Move,development
1569401514.875,923,479,None,Move,development
1569401514.883,916,479,None,Move,development
1569401514.891,908,480,None,Move,development
1569401514.897,900,481,None,Move,development
1569401514.906,893,482,None,Move,development
1569401514.913,886,482,None,Move,development
1569401514.921,879,483,None,Move,development
1569401514.93,872,484,None,Move,development
1569401514.94,867,485,None,Move,development
1569401514.954,854,487,None,Move,development
1569401514.962,850,487,None,Move,development
1569401514.972,847,488,None,Move,development
1569401514.9770002,844,488,None,Move,development
1569401514.986,841,488,None,Move,development
1569401515.0010002,837,489,None,Move,development
1569401515.008,836,489,None,Move,development
1569401515.016,836,489,None,Move,development
1569401515.1079998,836,489,None,Move,development
1569401515.119,836,489,None,Move,development
1569401515.129,839,489,None,Move,development
1569401515.141,844,488,None,Move,development
1569401515.1479998,859,484,None,Move,development
1569401515.154,874,482,None,Move,development
1569401515.1620002,887,480,None,Move,development
1569401515.173,902,479,None,Move,development
1569401515.181,923,475,None,Move,development
1569401515.186,949,472,None,Move,development
1569401515.194,978,465,None,Move,development
1569401515.202,1011,457,None,Move,development
1569401515.208,1046,448,None,Move,development
1569401515.216,1081,437,None,Move,development
1569401515.224,1122,424,None,Move,development
1569401515.232,1163,411,None,Move,development
1569401515.24,1202,397,None,Move,development
1569401515.248,1240,382,None,Move,development
1569401515.255,1274,368,None,Move,development
1569401515.264,1302,354,None,Move,development
1569401515.27,1323,344,None,Move,development
1569401515.2770002,1341,336,None,Move,development
1569401515.286,1354,329,None,Move,development
1569401515.295,1363,322,None,Move,development
1569401515.302,1369,318,None,Move,development
1569401515.309,1375,314,None,Move,development
1569401515.3170002,1381,310,None,Move,development
1569401515.325,1387,307,None,Move,development
1569401515.331,1389,305,None,Move,development
1569401515.339,1391,303,None,Move,development
1569401515.347,1393,302,None,Move,development
1569401515.355,1393,300,None,Move,development
1569401515.363,1394,300,None,Move,development
1569401515.3739998,1394,298,None,Move,development
1569401515.379,1396,297,None,Move,development
1569401515.387,1397,294,None,Move,development
1569401515.395,1400,291,None,Move,development
1569401515.403,1402,288,None,Move,development
1569401515.409,1406,284,None,Move,development
1569401515.417,1408,282,None,Move,development
1569401515.425,1411,279,None,Move,development
1569401515.4329998,1414,277,None,Move,development
1569401515.441,1418,274,None,Move,development
1569401515.449,1424,271,None,Move,development
1569401515.457,1428,268,None,Move,development
1569401515.4629998,1434,265,None,Move,development
1569401515.471,1440,262,None,Move,development
1569401515.48,1445,261,None,Move,development
1569401515.488,1448,259,None,Move,development
1569401515.495,1451,258,None,Move,development
1569401515.504,1453,257,None,Move,development
1569401515.512,1455,256,None,Move,development
1569401515.52,1456,255,None,Move,development
1569401515.525,1457,255,None,Move,development
1569401515.534,1458,254,None,Move,development
1569401515.542,1458,253,None,Move,development
1569401515.55,1460,253,None,Move,development
1569401515.5570002,1460,252,None,Move,development
1569401515.566,1462,250,None,Move,development
1569401515.573,1464,249,None,Move,development
1569401515.58,1467,247,None,Move,development
1569401515.5879998,1472,243,None,Move,development
1569401515.596,1475,241,None,Move,development
1569401515.6139998,1482,235,None,Move,development
1569401515.621,1486,234,None,Move,development
1569401515.6279998,1489,231,None,Move,development
1569401515.6360002,1491,230,None,Move,development
1569401515.6420002,1494,229,None,Move,development
1569401515.6520002,1496,228,None,Move,development
1569401515.657,1498,227,None,Move,development
1569401515.667,1499,226,None,Move,development
1569401515.673,1501,226,None,Move,development
1569401515.6820002,1503,225,None,Move,development
1569401515.69,1504,225,None,Move,development
1569401515.697,1506,224,None,Move,development
1569401515.7029998,1507,223,None,Move,development
1569401515.711,1508,222,None,Move,development
1569401515.72,1510,222,None,Move,development
1569401515.7270002,1511,221,None,Move,development
1569401515.735,1512,221,None,Move,development
1569401515.7510002,1512,221,None,Move,development
1569401515.8839998,1512,221,Left,Pressed,development
1569401515.976,1512,221,Left,Released,development
1569401516.038,1512,221,None,Move,development
1569401516.045,1512,221,None,Move,development
1569401516.054,1512,221,None,Move,development
1569401516.062,1510,221,None,Move,development
1569401516.07,1510,221,None,Move,development
1569401516.077,1509,222,None,Move,development
1569401516.083,1509,222,None,Move,development
1569401516.091,1508,223,None,Move,development
1569401516.099,1507,224,None,Move,development
1569401516.107,1507,224,None,Move,development
1569401516.123,1506,225,None,Move,development
1569401516.145,1506,225,None,Move,development
1569401516.207,1506,226,None,Move,development
1569401516.2229998,1505,226,None,Move,development
1569401516.232,1505,227,None,Move,development
1569401516.24,1505,227,None,Move,development
1569401516.248,1505,228,None,Move,development
1569401516.3639998,1505,228,None,Move,development
1569401516.371,1505,228,None,Move,development
1569401516.38,1507,228,None,Move,development
1569401516.3879998,1510,228,None,Move,development
1569401516.394,1514,228,None,Move,development
1569401516.4020002,1518,228,None,Move,development
1569401516.41,1522,228,None,Move,development
1569401516.418,1526,227,None,Move,development
1569401516.426,1531,226,None,Move,development
1569401516.434,1534,226,None,Move,development
1569401516.441,1537,225,None,Move,development
1569401516.45,1540,225,None,Move,development
1569401516.458,1543,225,None,Move,development
1569401516.466,1546,224,None,Move,development
1569401516.472,1548,224,None,Move,development
1569401516.48,1550,224,None,Move,development
1569401516.488,1551,224,None,Move,development
1569401516.496,1554,224,None,Move,development
1569401516.5029998,1555,223,None,Move,development
1569401516.5110002,1556,223,None,Move,development
1569401516.521,1557,223,None,Move,development
1569401516.526,1558,223,None,Move,development
1569401516.533,1559,222,None,Move,development
1569401516.541,1559,222,None,Move,development
1569401516.551,1560,222,None,Move,development
1569401516.5570002,1560,222,None,Move,development
1569401516.566,1561,222,None,Move,development
1569401516.573,1562,221,None,Move,development
1569401516.579,1563,221,None,Move,development
1569401516.587,1563,221,None,Move,development
1569401516.595,1565,221,None,Move,development
1569401516.604,1565,221,None,Move,development
1569401516.619,1566,221,None,Move,development
1569401516.627,1566,221,None,Move,development
1569401516.641,1567,221,None,Move,development
1569401516.649,1567,221,None,Move,development
1569401516.665,1568,221,None,Move,development
1569401516.681,1568,221,None,Move,development
1569401516.689,1569,221,None,Move,development
1569401516.695,1570,221,None,Move,development
1569401516.7029998,1570,221,None,Move,development
1569401516.722,1571,221,None,Move,development
1569401516.738,1571,221,None,Move,development
1569401516.744,1571,221,None,Move,development
1569401516.768,1572,221,None,Move,development
1569401516.798,1572,221,None,Move,development
1569401516.806,1572,221,Left,Pressed,development
1569401516.8679998,1572,221,Left,Released,development
1569401516.905,1572,221,None,Move,development
1569401516.921,1571,221,None,Move,development
1569401516.929,1569,220,None,Move,development
1569401516.937,1564,219,None,Move,development
1569401516.947,1559,219,None,Move,development
1569401516.952,1554,219,None,Move,development
1569401516.959,1548,218,None,Move,development
1569401516.968,1542,217,None,Move,development
1569401516.975,1533,216,None,Move,development
1569401516.9829998,1526,215,None,Move,development
1569401516.9929998,1518,215,None,Move,development
1569401517.005,1512,214,None,Move,development
1569401517.0110002,1505,214,None,Move,development
1569401517.016,1499,214,None,Move,development
1569401517.021,1493,214,None,Move,development
1569401517.029,1486,214,None,Move,development
1569401517.0370002,1479,214,None,Move,development
1569401517.046,1472,215,None,Move,development
1569401517.054,1467,215,None,Move,development
1569401517.062,1461,215,None,Move,development
1569401517.07,1454,216,None,Move,development
1569401517.077,1448,217,None,Move,development
1569401517.084,1442,217,None,Move,development
1569401517.091,1437,218,None,Move,development
1569401517.099,1430,219,None,Move,development
1569401517.107,1422,220,None,Move,development
1569401517.115,1416,221,None,Move,development
1569401517.1239998,1409,221,None,Move,development
1569401517.133,1402,222,None,Move,development
1569401517.139,1397,222,None,Move,development
1569401517.153,1386,223,None,Move,development
1569401517.161,1380,224,None,Move,development
1569401517.169,1375,225,None,Move,development
1569401517.177,1369,226,None,Move,development
1569401517.185,1364,226,None,Move,development
1569401517.1929998,1357,227,None,Move,development
1569401517.201,1350,228,None,Move,development
1569401517.207,1343,229,None,Move,development
1569401517.215,1335,231,None,Move,development
1569401517.2229998,1327,231,None,Move,development
1569401517.231,1318,233,None,Move,development
1569401517.2389998,1310,234,None,Move,development
1569401517.2470002,1301,236,None,Move,development
1569401517.255,1294,238,None,Move,development
1569401517.2610002,1285,240,None,Move,development
1569401517.269,1278,241,None,Move,development
1569401517.2770002,1270,243,None,Move,development
1569401517.285,1262,244,None,Move,development
1569401517.293,1256,246,None,Move,development
1569401517.301,1249,246,None,Move,development
1569401517.309,1245,248,None,Move,development
1569401517.3170002,1242,248,None,Move,development
1569401517.323,1240,248,None,Move,development
1569401517.331,1239,248,None,Move,development
1569401517.565,1236,249,None,Move,development
1569401517.573,1234,251,None,Move,development
1569401517.58,1229,252,None,Move,development
1569401517.587,1221,254,None,Move,development
1569401517.595,1211,257,None,Move,development
1569401517.603,1199,258,None,Move,development
1569401517.6120002,1183,258,None,Move,development
1569401517.62,1160,259,None,Move,development
1569401517.627,1137,262,None,Move,development
1569401517.6360002,1115,263,None,Move,development
1569401517.6420002,1086,268,None,Move,development
1569401517.65,1055,270,None,Move,development
1569401517.657,1022,273,None,Move,development
1569401517.665,981,275,None,Move,development
1569401517.673,945,277,None,Move,development
1569401517.681,911,280,None,Move,development
1569401517.689,877,283,None,Move,development
1569401517.697,849,287,None,Move,development
1569401517.7029998,827,288,None,Move,development
1569401517.711,801,289,None,Move,development
1569401517.719,780,289,None,Move,development
1569401517.7270002,765,289,None,Move,development
1569401517.735,749,289,None,Move,development
1569401517.744,734,289,None,Move,development
1569401517.7510002,726,289,None,Move,development
1569401517.7589998,720,289,None,Move,development
1569401517.766,715,289,None,Move,development
1569401517.7729998,712,289,None,Move,development
1569401517.781,712,289,None,Move,development
1569401517.798,712,289,None,Move,development
1569401517.806,713,289,None,Move,development
1569401517.814,718,287,None,Move,development
1569401517.821,725,284,None,Move,development
1569401517.827,734,282,None,Move,development
1569401517.836,748,280,None,Move,development
1569401517.844,764,278,None,Move,development
1569401517.8520002,787,277,None,Move,development
1569401517.86,811,277,None,Move,development
1569401517.8679998,837,275,None,Move,development
1569401517.8760002,864,274,None,Move,development
1569401517.8839998,893,271,None,Move,development
1569401517.889,916,268,None,Move,development
1569401517.8979998,938,266,None,Move,development
1569401517.905,958,265,None,Move,development
1569401517.914,978,264,None,Move,development
1569401517.9220002,998,263,None,Move,development
1569401517.929,1015,261,None,Move,development
1569401517.937,1030,261,None,Move,development
1569401517.945,1042,261,None,Move,development
1569401517.9529998,1055,261,None,Move,development
1569401517.959,1063,260,None,Move,development
1569401517.968,1068,260,None,Move,development
1569401517.976,1073,260,None,Move,development
1569401517.984,1074,260,None,Move,development
1569401518.014,1074,260,None,Move,development
1569401518.021,1074,260,None,Move,development
1569401518.029,1072,260,None,Move,development
1569401518.0370002,1070,261,None,Move,development
1569401518.045,1066,262,None,Move,development
1569401518.053,1061,263,None,Move,development
1569401518.061,1054,264,None,Move,development
1569401518.069,1044,264,None,Move,development
1569401518.075,1035,265,None,Move,development
1569401518.083,1024,267,None,Move,development
1569401518.091,1012,267,None,Move,development
1569401518.099,1000,267,None,Move,development
1569401518.107,987,269,None,Move,development
1569401518.115,974,269,None,Move,development
1569401518.123,959,270,None,Move,development
1569401518.1320002,942,273,None,Move,development
1569401518.1379998,922,274,None,Move,development
1569401518.145,899,277,None,Move,development
1569401518.154,874,279,None,Move,development
1569401518.161,848,282,None,Move,development
1569401518.17,825,285,None,Move,development
1569401518.177,802,287,None,Move,development
1569401518.185,779,289,None,Move,development
1569401518.1929998,761,291,None,Move,development
1569401518.199,748,294,None,Move,development
1569401518.207,735,296,None,Move,development
1569401518.215,724,297,None,Move,development
1569401518.2229998,714,298,None,Move,development
1569401518.231,706,300,None,Move,development
1569401518.2389998,701,300,None,Move,development
1569401518.2470002,696,301,None,Move,development
1569401518.2529998,694,302,None,Move,development
1569401518.2610002,694,302,None,Move,development
1569401518.3639998,693,302,None,Move,development
1569401518.383,691,302,None,Move,development
1569401518.396,685,302,None,Move,development
1569401518.408,682,302,None,Move,development
1569401518.415,679,302,None,Move,development
1569401518.4220002,675,303,None,Move,development
1569401518.427,671,304,None,Move,development
1569401518.434,668,305,None,Move,development
1569401518.4420002,662,306,None,Move,development
1569401518.448,658,307,None,Move,development
1569401518.456,652,308,None,Move,development
1569401518.464,646,310,None,Move,development
1569401518.471,641,312,None,Move,development
1569401518.48,635,313,None,Move,development
1569401518.488,629,314,None,Move,development
1569401518.496,625,316,None,Move,development
1569401518.504,619,318,None,Move,development
1569401518.512,615,319,None,Move,development
1569401518.5170002,611,321,None,Move,development
1569401518.525,608,321,None,Move,development
1569401518.533,605,323,None,Move,development
1569401518.541,602,324,None,Move,development
1569401518.549,597,326,None,Move,development
1569401518.5570002,593,326,None,Move,development
1569401518.565,590,328,None,Move,development
1569401518.571,586,330,None,Move,development
1569401518.579,584,331,None,Move,development
1569401518.587,582,331,None,Move,development
1569401518.595,581,333,None,Move,development
1569401518.603,579,333,None,Move,development
1569401518.611,579,334,None,Move,development
1569401518.619,579,334,None,Move,development
1569401518.627,579,334,None,Move,development
1569401518.633,579,335,None,Move,development
1569401518.645,579,336,None,Move,development
1569401518.649,579,336,None,Move,development
1569401518.665,579,337,None,Move,development
1569401518.688,579,337,None,Move,development
1569401519.0129998,579,338,None,Move,development
1569401519.0229998,579,338,None,Move,development
1569401519.029,578,340,None,Move,development
1569401519.0370002,577,342,None,Move,development
1569401519.045,576,344,None,Move,development
1569401519.053,576,347,None,Move,development
1569401519.061,575,350,None,Move,development
1569401519.069,573,355,None,Move,development
1569401519.075,571,361,None,Move,development
1569401519.084,569,366,None,Move,development
1569401519.093,567,372,None,Move,development
1569401519.099,564,379,None,Move,development
1569401519.107,561,388,None,Move,development
1569401519.1160002,558,395,None,Move,development
1569401519.123,555,403,None,Move,development
1569401519.1320002,552,410,None,Move,development
1569401519.1379998,551,417,None,Move,development
1569401519.146,547,426,None,Move,development
1569401519.154,544,434,None,Move,development
1569401519.1620002,540,441,None,Move,development
1569401519.17,535,449,None,Move,development
1569401519.178,532,454,None,Move,development
1569401519.186,528,461,None,Move,development
1569401519.194,524,467,None,Move,development
1569401519.2,520,471,None,Move,development
1569401519.208,516,475,None,Move,development
1569401519.218,512,478,None,Move,development
1569401519.224,507,482,None,Move,development
1569401519.231,503,483,None,Move,development
1569401519.24,499,485,None,Move,development
1569401519.2470002,496,486,None,Move,development
1569401519.255,493,487,None,Move,development
1569401519.262,490,487,None,Move,development
1569401519.27,487,487,None,Move,development
1569401519.2770002,485,487,None,Move,development
1569401519.286,484,487,None,Move,development
1569401519.294,482,487,None,Move,development
1569401519.302,479,487,None,Move,development
1569401519.3070002,477,487,None,Move,development
1569401519.315,475,486,None,Move,development
1569401519.323,472,485,None,Move,development
1569401519.332,468,485,None,Move,development
1569401519.339,463,483,None,Move,development
1569401519.347,459,482,None,Move,development
1569401519.355,454,480,None,Move,development
1569401519.363,450,479,None,Move,development
1569401519.371,444,479,None,Move,development
1569401519.377,439,478,None,Move,development
1569401519.385,435,477,None,Move,development
1569401519.393,430,477,None,Move,development
1569401519.401,427,477,None,Move,development
1569401519.409,424,477,None,Move,development
1569401519.417,421,477,None,Move,development
1569401519.425,419,477,None,Move,development
1569401519.4329998,418,476,None,Move,development
1569401519.439,417,476,None,Move,development
1569401519.4629998,416,476,None,Move,development
1569401519.5029998,416,475,None,Move,development
1569401519.5089998,416,475,None,Move,development
1569401519.5170002,415,474,None,Move,development
1569401519.525,415,473,None,Move,development
1569401519.533,414,472,None,Move,development
1569401519.541,414,471,None,Move,development
1569401519.549,413,471,None,Move,development
1569401519.5570002,413,470,None,Move,development
1569401519.566,413,469,None,Move,development
1569401519.571,412,469,None,Move,development
1569401519.579,412,469,None,Move,development
1569401519.587,412,469,None,Move,development
1569401519.595,412,468,None,Move,development
1569401519.625,412,468,None,Move,development
1569401519.774,412,468,None,Move,development
1569401519.783,412,468,None,Move,development
1569401519.814,412,468,None,Move,development
1569401519.836,412,468,None,Move,development
1569401519.845,413,468,None,Move,development
1569401519.853,414,468,None,Move,development
1569401519.86,416,468,None,Move,development
1569401519.867,418,468,None,Move,development
1569401519.8739998,420,469,None,Move,development
1569401519.881,422,469,None,Move,development
1569401519.89,424,470,None,Move,development
1569401519.8979998,427,470,None,Move,development
1569401519.906,430,471,None,Move,development
1569401519.914,432,471,None,Move,development
1569401519.921,434,472,None,Move,development
1569401519.929,435,472,None,Move,development
1569401519.935,437,472,None,Move,development
1569401519.951,437,472,None,Move,development
1569401519.975,437,473,None,Move,development
1569401519.9829998,438,473,None,Move,development
1569401519.9889998,438,474,None,Move,development
1569401519.9970002,439,474,None,Move,development
1569401520.005,439,475,None,Move,development
1569401520.0129998,440,476,None,Move,development
1569401520.021,440,477,None,Move,development
1569401520.029,440,478,None,Move,development
1569401520.0370002,440,480,None,Move,development
1569401520.046,440,482,None,Move,development
1569401520.053,441,484,None,Move,development
1569401520.06,441,486,None,Move,development
1569401520.0670002,442,488,None,Move,development
1569401520.075,442,491,None,Move,development
1569401520.083,443,493,None,Move,development
1569401520.091,444,495,None,Move,development
1569401520.099,445,497,None,Move,development
1569401520.1079998,445,499,None,Move,development
1569401520.115,445,502,None,Move,development
1569401520.123,445,504,None,Move,development
1569401520.129,445,506,None,Move,development
1569401520.137,446,508,None,Move,development
1569401520.146,446,509,None,Move,development
1569401520.154,447,511,None,Move,development
1569401520.1620002,447,512,None,Move,development
1569401520.17,447,513,None,Move,development
1569401520.178,447,514,None,Move,development
1569401520.245,447,514,None,Move,development
1569401520.2529998,447,514,None,Move,development
1569401520.2610002,446,513,None,Move,development
1569401520.269,446,513,None,Move,development
1569401520.2770002,445,512,None,Move,development
1569401520.285,445,511,None,Move,development
1569401520.293,444,511,None,Move,development
1569401520.3070002,444,510,None,Move,development
1569401520.315,444,510,None,Move,development
1569401520.324,444,509,None,Move,development
1569401520.339,444,509,None,Move,development
1569401521.076,444,509,Right,Pressed,development
1569401521.184,444,509,Right,Released,development
1569401521.394,444,509,None,Move,development
1569401521.4020002,445,509,None,Move,development
1569401521.41,447,509,None,Move,development
1569401521.418,448,509,None,Move,development
1569401521.425,449,509,None,Move,development
1569401521.4320002,451,509,None,Move,development
1569401521.44,454,510,None,Move,development
1569401521.448,457,510,None,Move,development
1569401521.456,460,511,None,Move,development
1569401521.4629998,463,512,None,Move,development
1569401521.472,466,513,None,Move,development
1569401521.48,469,513,None,Move,development
1569401521.4870002,471,514,None,Move,development
1569401521.4929998,474,516,None,Move,development
1569401521.5010002,479,519,None,Move,development
1569401521.5089998,484,520,None,Move,development
1569401521.5170002,488,523,None,Move,development
1569401521.525,494,527,None,Move,development
1569401521.533,500,531,None,Move,development
1569401521.541,506,536,None,Move,development
1569401521.549,515,541,None,Move,development
1569401521.5570002,522,546,None,Move,development
1569401521.563,531,551,None,Move,development
1569401521.571,541,557,None,Move,development
1569401521.579,551,563,None,Move,development
1569401521.587,559,570,None,Move,development
1569401521.595,569,578,None,Move,development
1569401521.603,579,586,None,Move,development
1569401521.611,589,594,None,Move,development
1569401521.619,599,601,None,Move,development
1569401521.625,610,608,None,Move,development
1569401521.6339998,619,613,None,Move,development
1569401521.6420002,627,616,None,Move,development
1569401521.65,636,618,None,Move,development
1569401521.658,643,620,None,Move,development
1569401521.665,648,621,None,Move,development
1569401521.673,651,622,None,Move,development
1569401521.6820002,657,622,None,Move,development
1569401521.975,660,616,None,Move,development
1569401521.9829998,660,614,None,Move,development
1569401521.9889998,660,612,None,Move,development
1569401521.9970002,660,611,None,Move,development
1569401522.005,660,610,None,Move,development
1569401522.021,660,611,None,Move,development
1569401522.029,660,611,None,Move,development
1569401522.0370002,660,612,None,Move,development
1569401522.045,661,612,None,Move,development
1569401522.059,662,613,None,Move,development
1569401522.0679998,662,613,None,Move,development
1569401522.083,662,614,None,Move,development
1569401522.091,662,614,None,Move,development
1569401522.1,662,615,None,Move,development
1569401522.1139998,662,615,None,Move,development
1569401522.1220002,661,615,None,Move,development
1569401522.1379998,661,615,None,Move,development
1569401522.146,660,616,None,Move,development
1569401522.154,658,617,None,Move,development
1569401522.161,657,618,None,Move,development
1569401522.169,655,620,None,Move,development
1569401522.175,651,620,None,Move,development
1569401522.1829998,648,620,None,Move,development
1569401522.191,645,621,None,Move,development
1569401522.2,642,622,None,Move,development
1569401522.207,640,623,None,Move,development
1569401522.215,637,623,None,Move,development
1569401522.224,634,623,None,Move,development
1569401522.231,631,623,None,Move,development
1569401522.2370002,628,623,None,Move,development
1569401522.245,626,623,None,Move,development
1569401522.2529998,624,623,None,Move,development
1569401522.2610002,622,623,None,Move,development
1569401522.269,620,623,None,Move,development
1569401522.2770002,618,624,None,Move,development
1569401522.285,617,625,None,Move,development
1569401522.293,615,625,None,Move,development
1569401522.299,615,626,None,Move,development
1569401522.3070002,614,626,None,Move,development
1569401522.315,613,628,None,Move,development
1569401522.323,612,629,None,Move,development
1569401522.331,611,631,None,Move,development
1569401522.339,610,632,None,Move,development
1569401522.347,610,633,None,Move,development
1569401522.355,609,635,None,Move,development
1569401522.361,608,636,None,Move,development
1569401522.369,607,637,None,Move,development
1569401522.377,607,640,None,Move,development
1569401522.385,607,643,None,Move,development
1569401522.394,606,646,None,Move,development
1569401522.4020002,606,649,None,Move,development
1569401522.41,606,652,None,Move,development
1569401522.418,606,655,None,Move,development
1569401522.424,606,658,None,Move,development
1569401522.4320002,607,661,None,Move,development
1569401522.439,609,664,None,Move,development
1569401522.447,612,669,None,Move,development
1569401522.456,614,672,None,Move,development
1569401522.464,616,676,None,Move,development
1569401522.472,619,679,None,Move,development
1569401522.48,621,682,None,Move,development
1569401522.488,624,685,None,Move,development
1569401522.494,625,687,None,Move,development
1569401522.502,628,691,None,Move,development
1569401522.51,630,694,None,Move,development
1569401522.518,633,697,None,Move,development
1569401522.526,635,701,None,Move,development
1569401522.534,638,704,None,Move,development
1569401522.541,641,708,None,Move,development
1569401522.55,642,712,None,Move,development
1569401522.556,645,717,None,Move,development
1569401522.563,648,722,None,Move,development
1569401522.572,650,728,None,Move,development
1569401522.579,653,732,None,Move,development
1569401522.587,656,737,None,Move,development
1569401522.596,658,742,None,Move,development
1569401522.603,660,746,None,Move,development
1569401522.611,663,748,None,Move,development
1569401522.617,664,751,None,Move,development
1569401522.6260002,666,751,None,Move,development
1569401522.633,668,752,None,Move,development
1569401522.641,669,752,None,Move,development
1569401522.65,670,753,None,Move,development
1569401522.657,672,753,None,Move,development
1569401522.665,674,753,None,Move,development
1569401522.673,674,754,None,Move,development
1569401522.679,675,754,None,Move,development
1569401522.687,676,754,None,Move,development
1569401522.796,672,754,None,Move,development
1569401522.804,670,753,None,Move,development
1569401522.812,668,751,None,Move,development
1569401522.82,665,750,None,Move,development
1569401522.8279998,662,748,None,Move,development
1569401522.835,659,746,None,Move,development
1569401522.844,657,745,None,Move,development
1569401522.8520002,655,744,None,Move,development
1569401522.8579998,652,743,None,Move,development
1569401522.8660002,650,743,None,Move,development
1569401522.8739998,648,742,None,Move,development
1569401522.8820002,647,741,None,Move,development
1569401522.89,646,741,None,Move,development
1569401522.897,646,740,None,Move,development
1569401522.906,646,738,None,Move,development
1569401522.913,646,736,None,Move,development
1569401522.9220002,647,733,None,Move,development
1569401522.928,649,731,None,Move,development
1569401522.935,652,730,None,Move,development
1569401522.966,663,727,None,Move,development
1569401522.971,666,727,None,Move,development
1569401522.975,672,727,None,Move,development
1569401522.984,678,726,None,Move,development
1569401522.99,683,726,None,Move,development
1569401522.998,691,725,None,Move,development
1569401523.005,699,725,None,Move,development
1569401523.014,705,724,None,Move,development
1569401523.022,712,723,None,Move,development
1569401523.03,717,722,None,Move,development
1569401523.0370002,720,722,None,Move,development
1569401523.043,722,721,None,Move,development
1569401523.051,723,721,None,Move,development
1569401523.061,723,720,None,Move,development
1569401523.075,723,720,None,Move,development
1569401523.083,723,720,None,Move,development
1569401523.091,720,719,None,Move,development
1569401523.099,716,719,None,Move,development
1569401523.107,710,718,None,Move,development
1569401523.113,701,718,None,Move,development
1569401523.121,692,718,None,Move,development
1569401523.129,680,718,None,Move,development
1569401523.137,668,718,None,Move,development
1569401523.145,656,718,None,Move,development
1569401523.153,643,718,None,Move,development
1569401523.161,630,718,None,Move,development
1569401523.169,616,718,None,Move,development
1569401523.175,603,718,None,Move,development
1569401523.184,590,718,None,Move,development
1569401523.1920002,577,718,None,Move,development
1569401523.2,565,718,None,Move,development
1569401523.208,554,718,None,Move,development
1569401523.216,543,717,None,Move,development
1569401523.2229998,534,716,None,Move,development
1569401523.229,526,714,None,Move,development
1569401523.2370002,518,713,None,Move,development
1569401523.245,509,710,None,Move,development
1569401523.252,501,706,None,Move,development
1569401523.2610002,492,701,None,Move,development
1569401523.269,483,695,None,Move,development
1569401523.2770002,474,688,None,Move,development
1569401523.285,460,678,None,Move,development
1569401523.291,450,672,None,Move,development
1569401523.299,439,666,None,Move,development
1569401523.3070002,427,661,None,Move,development
1569401523.315,413,657,None,Move,development
1569401523.323,400,655,None,Move,development
1569401523.332,383,653,None,Move,development
1569401523.34,365,650,None,Move,development
1569401523.347,342,647,None,Move,development
1569401523.353,319,644,None,Move,development
1569401523.361,290,641,None,Move,development
1569401523.369,264,637,None,Move,development
1569401523.377,239,629,None,Move,development
1569401523.385,211,615,None,Move,development
1569401523.394,181,596,None,Move,development
1569401523.401,156,574,None,Move,development
1569401523.409,132,550,None,Move,development
1569401523.415,116,528,None,Move,development
1569401523.423,107,512,None,Move,development
1569401523.431,104,502,None,Move,development
1569401523.439,103,492,None,Move,development
1569401523.447,103,485,None,Move,development
1569401523.455,105,479,None,Move,development
1569401523.4629998,107,476,None,Move,development
1569401523.471,109,475,None,Move,development
1569401523.4770002,110,473,None,Move,development
1569401523.486,111,472,None,Move,development
1569401523.4929998,115,470,None,Move,development
1569401523.5010002,118,468,None,Move,development
1569401523.5089998,122,467,None,Move,development
1569401523.5170002,128,465,None,Move,development
1569401523.525,134,465,None,Move,development
1569401523.531,139,464,None,Move,development
1569401523.539,143,464,None,Move,development
1569401523.548,148,464,None,Move,development
1569401523.556,152,464,None,Move,development
1569401523.564,156,465,None,Move,development
1569401523.572,162,466,None,Move,development
1569401523.58,170,468,None,Move,development
1569401523.5879998,177,470,None,Move,development
1569401523.5979998,185,472,None,Move,development
1569401523.606,196,474,None,Move,development
1569401523.611,210,475,None,Move,development
1569401523.6179998,226,476,None,Move,development
1569401523.6260002,241,476,None,Move,development
1569401523.633,257,476,None,Move,development
1569401523.6420002,271,476,None,Move,development
1569401523.65,285,476,None,Move,development
1569401523.658,298,476,None,Move,development
1569401523.664,310,475,None,Move,development
1569401523.6720002,321,473,None,Move,development
1569401523.679,328,471,None,Move,development
1569401523.688,335,469,None,Move,development
1569401523.695,338,467,None,Move,development
1569401523.7029998,340,466,None,Move,development
1569401523.711,341,465,None,Move,development
1569401523.72,341,464,None,Move,development
1569401523.728,341,462,None,Move,development
1569401523.7329998,340,460,None,Move,development
1569401523.7410002,340,458,None,Move,development
1569401523.7489998,338,455,None,Move,development
1569401523.7570002,336,451,None,Move,development
1569401523.765,333,448,None,Move,development
1569401523.7729998,331,445,None,Move,development
1569401523.781,329,442,None,Move,development
1569401523.789,327,440,None,Move,development
1569401523.795,325,438,None,Move,development
1569401523.803,323,435,None,Move,development
1569401523.811,321,434,None,Move,development
1569401523.819,319,433,None,Move,development
1569401523.827,317,432,None,Move,development
1569401523.835,316,431,None,Move,development
1569401523.843,314,430,None,Move,development
1569401523.851,313,430,None,Move,development
1569401523.857,312,429,None,Move,development
1569401523.865,312,429,None,Move,development
1569401523.873,311,429,None,Move,development
1569401523.881,311,429,None,Move,development
1569401523.897,310,429,None,Move,development
1569401523.913,310,429,None,Move,development
1569401523.919,309,428,None,Move,development
1569401523.928,308,428,None,Move,development
1569401523.936,308,428,None,Move,development
1569401523.944,307,427,None,Move,development
1569401523.967,307,427,None,Move,development
1569401524.022,307,427,Right,Pressed,development
1569401524.121,307,427,Right,Released,development
1569401524.563,307,428,None,Move,development
1569401524.571,307,431,None,Move,development
1569401524.58,309,435,None,Move,development
1569401524.5879998,311,441,None,Move,development
1569401524.594,313,446,None,Move,development
1569401524.6020002,317,452,None,Move,development
1569401524.6160002,319,459,None,Move,development
1569401524.625,322,468,None,Move,development
1569401524.63,325,475,None,Move,development
1569401524.637,328,482,None,Move,development
1569401524.643,331,487,None,Move,development
1569401524.65,334,494,None,Move,development
1569401524.658,337,499,None,Move,development
1569401524.663,341,505,None,Move,development
1569401524.671,344,508,None,Move,development
1569401524.68,348,513,None,Move,development
1569401524.687,351,516,None,Move,development
1569401524.695,354,518,None,Move,development
1569401524.7029998,356,519,None,Move,development
1569401524.711,358,521,None,Move,development
1569401524.72,361,522,None,Move,development
1569401524.7270002,363,524,None,Move,development
1569401524.7329998,365,526,None,Move,development
1569401524.7410002,368,528,None,Move,development
1569401524.7489998,372,530,None,Move,development
1569401524.7570002,375,533,None,Move,development
1569401524.765,379,536,None,Move,development
1569401524.7729998,382,537,None,Move,development
1569401524.781,386,540,None,Move,development
1569401524.7870002,388,541,None,Move,development
1569401524.795,390,543,None,Move,development
1569401524.803,391,544,None,Move,development
1569401524.811,394,546,None,Move,development
1569401524.82,395,547,None,Move,development
1569401524.827,397,549,None,Move,development
1569401524.835,399,550,None,Move,development
1569401524.841,400,551,None,Move,development
1569401524.849,402,552,None,Move,development
1569401524.8579998,402,553,None,Move,development
1569401524.8660002,403,553,None,Move,development
1569401524.944,403,554,None,Move,development
1569401524.956,403,555,None,Move,development
1569401524.968,403,556,None,Move,development
1569401524.976,403,557,None,Move,development
1569401524.985,402,558,None,Move,development
1569401524.9910002,402,560,None,Move,development
1569401524.998,401,562,None,Move,development
1569401525.006,400,564,None,Move,development
1569401525.014,400,565,None,Move,development
1569401525.022,399,567,None,Move,development
1569401525.03,398,568,None,Move,development
1569401525.0370002,398,569,None,Move,development
1569401525.045,398,571,None,Move,development
1569401525.052,398,572,None,Move,development
1569401525.06,398,573,None,Move,development
1569401525.0679998,398,575,None,Move,development
1569401525.076,398,576,None,Move,development
1569401525.083,398,577,None,Move,development
1569401525.099,397,579,None,Move,development
1569401525.107,397,580,None,Move,development
1569401525.113,397,580,None,Move,development
1569401525.121,396,581,None,Move,development
1569401525.191,396,581,None,Move,development
1569401525.199,396,582,None,Move,development
1569401525.215,396,582,None,Move,development
1569401525.2229998,396,583,None,Move,development
1569401525.229,396,584,None,Move,development
1569401525.2370002,395,584,None,Move,development
1569401525.2610002,395,584,None,Move,development
1569401525.873,396,584,None,Move,development
1569401525.881,398,584,None,Move,development
1569401525.889,402,583,None,Move,development
1569401525.897,406,581,None,Move,development
1569401525.903,412,580,None,Move,development
1569401525.911,420,579,None,Move,development
1569401525.921,429,577,None,Move,development
1569401525.927,440,575,None,Move,development
1569401525.937,456,571,None,Move,development
1569401525.9429998,468,567,None,Move,development
1569401525.951,480,561,None,Move,development
1569401525.959,491,555,None,Move,development
1569401525.966,504,548,None,Move,development
1569401525.974,517,541,None,Move,development
1569401525.981,528,533,None,Move,development
1569401525.9889998,540,525,None,Move,development
1569401525.9970002,550,517,None,Move,development
1569401526.005,558,508,None,Move,development
1569401526.0129998,565,500,None,Move,development
1569401526.021,570,493,None,Move,development
1569401526.0270002,574,487,None,Move,development
1569401526.036,577,482,None,Move,development
1569401526.043,577,479,None,Move,development
1569401526.051,577,476,None,Move,development
1569401526.06,577,474,None,Move,development
1569401526.0670002,577,473,None,Move,development
1569401526.076,577,472,None,Move,development
1569401526.086,577,471,None,Move,development
1569401526.092,577,470,None,Move,development
1569401526.0979998,576,470,None,Move,development
1569401526.106,576,469,None,Move,development
1569401526.121,576,469,None,Move,development
1569401526.1260002,576,468,None,Move,development
1569401526.246,576,468,None,Move,development
1569401526.2529998,576,470,None,Move,development
1569401526.2610002,577,473,None,Move,development
1569401526.269,578,476,None,Move,development
1569401526.275,581,480,None,Move,development
1569401526.283,584,483,None,Move,development
1569401526.302,593,490,None,Move,development
1569401526.3070002,599,493,None,Move,development
1569401526.315,607,496,None,Move,development
1569401526.323,617,498,None,Move,development
1569401526.331,627,499,None,Move,development
1569401526.339,637,499,None,Move,development
1569401526.345,650,499,None,Move,development
1569401526.353,660,498,None,Move,development
1569401526.361,671,497,None,Move,development
1569401526.369,679,495,None,Move,development
1569401526.377,685,494,None,Move,development
1569401526.385,689,494,None,Move,development
1569401526.394,691,493,None,Move,development
1569401526.4320002,691,493,Left,Pressed,development
1569401526.502,691,493,Left,Released,development
1569401526.587,691,493,None,Move,development
1569401526.595,690,493,None,Move,development
1569401526.6020002,688,492,None,Move,development
1569401526.611,685,492,None,Move,development
1569401526.617,682,492,None,Move,development
1569401526.625,678,492,None,Move,development
1569401526.633,672,492,None,Move,development
1569401526.641,667,492,None,Move,development
1569401526.65,660,492,None,Move,development
1569401526.655,653,492,None,Move,development
1569401526.663,645,493,None,Move,development
1569401526.671,637,494,None,Move,development
1569401526.679,628,494,None,Move,development
1569401526.687,620,495,None,Move,development
1569401526.695,610,495,None,Move,development
1569401526.7029998,600,495,None,Move,development
1569401526.709,590,495,None,Move,development
1569401526.717,580,494,None,Move,development
1569401526.725,569,491,None,Move,development
1569401526.7329998,560,489,None,Move,development
1569401526.742,553,487,None,Move,development
1569401526.7489998,545,486,None,Move,development
1569401526.7570002,537,485,None,Move,development
1569401526.766,527,483,None,Move,development
1569401526.771,522,481,None,Move,development
1569401526.78,515,480,None,Move,development
1569401526.7870002,509,479,None,Move,development
1569401526.796,504,478,None,Move,development
1569401526.804,500,477,None,Move,development
1569401526.811,496,477,None,Move,development
1569401526.819,492,476,None,Move,development
1569401526.8279998,490,476,None,Move,development
1569401526.835,488,474,None,Move,development
1569401526.842,485,474,None,Move,development
1569401526.85,483,473,None,Move,development
1569401526.8579998,482,473,None,Move,development
1569401526.8660002,481,473,None,Move,development
1569401526.873,481,473,None,Move,development
1569401526.8820002,480,473,None,Move,development
1569401528.2610002,479,473,None,Move,development
1569401528.269,478,473,None,Move,development
1569401528.275,477,472,None,Move,development
1569401528.288,477,472,None,Move,development
1569401528.293,476,472,None,Move,development
1569401528.424,475,472,None,Move,development
1569401528.4320002,474,475,None,Move,development
1569401528.44,472,477,None,Move,development
1569401528.447,471,480,None,Move,development
1569401528.456,469,483,None,Move,development
1569401528.465,468,486,None,Move,development
1569401528.47,466,488,None,Move,development
1569401528.478,465,490,None,Move,development
1569401528.486,465,491,None,Move,development
1569401528.494,463,493,None,Move,development
1569401528.5010002,463,493,None,Move,development
1569401528.5089998,462,495,None,Move,development
1569401528.5170002,462,495,None,Move,development
1569401528.5229998,462,496,None,Move,development
1569401528.531,461,497,None,Move,development
1569401528.539,460,498,None,Move,development
1569401528.5470002,460,498,None,Move,development
1569401528.555,460,499,None,Move,development
1569401528.563,460,500,None,Move,development
1569401528.571,460,501,None,Move,development
1569401528.577,460,502,None,Move,development
1569401528.585,460,503,None,Move,development
1569401528.596,460,504,None,Move,development
1569401528.604,460,504,None,Move,development
1569401528.6120002,460,505,None,Move,development
1569401528.625,460,506,None,Move,development
1569401528.633,460,506,None,Move,development
1569401528.811,460,506,Left,Pressed,development
1569401528.903,460,506,Left,Released,development
1569401529.043,460,506,None,Move,development
1569401529.052,461,506,None,Move,development
1569401529.059,462,506,None,Move,development
1569401529.0679998,464,506,None,Move,development
1569401529.075,465,507,None,Move,development
1569401529.084,466,507,None,Move,development
1569401529.09,468,507,None,Move,development
1569401529.097,468,507,None,Move,development
1569401529.106,469,508,None,Move,development
1569401529.113,471,508,None,Move,development
1569401529.121,471,508,None,Move,development
1569401529.13,472,508,None,Move,development
1569401529.137,472,508,None,Move,development
1569401529.145,473,509,None,Move,development
1569401529.151,474,509,None,Move,development
1569401529.494,474,509,None,Move,development
1569401529.512,476,509,None,Move,development
1569401529.522,476,509,None,Move,development
1569401529.53,478,509,None,Move,development
1569401529.536,481,509,None,Move,development
1569401529.542,484,509,None,Move,development
1569401529.5470002,487,509,None,Move,development
1569401529.555,491,509,None,Move,development
1569401529.564,495,509,None,Move,development
1569401529.571,500,509,None,Move,development
1569401529.579,504,509,None,Move,development
1569401529.585,510,509,None,Move,development
1569401529.593,515,509,None,Move,development
1569401529.604,521,508,None,Move,development
1569401529.6120002,526,508,None,Move,development
1569401529.6320002,538,508,None,Move,development
1569401529.637,546,508,None,Move,development
1569401529.6420002,553,508,None,Move,development
1569401529.647,561,507,None,Move,development
1569401529.655,569,507,None,Move,development
1569401529.663,577,507,None,Move,development
1569401529.671,588,507,None,Move,development
1569401529.679,601,507,None,Move,development
1569401529.687,614,507,None,Move,development
1569401529.695,628,507,None,Move,development
1569401529.7029998,641,507,None,Move,development
1569401529.709,654,507,None,Move,development
1569401529.717,667,507,None,Move,development
1569401529.725,681,505,None,Move,development
1569401529.734,694,503,None,Move,development
1569401529.7410002,706,501,None,Move,development
1569401529.7489998,718,499,None,Move,development
1569401529.7570002,730,497,None,Move,development
1569401529.765,740,496,None,Move,development
1569401529.771,749,495,None,Move,development
1569401529.78,758,493,None,Move,development
1569401529.7870002,766,491,None,Move,development
1569401529.795,773,488,None,Move,development
1569401529.803,780,486,None,Move,development
1569401529.812,786,484,None,Move,development
1569401529.82,790,483,None,Move,development
1569401529.826,792,482,None,Move,development
1569401529.834,795,482,None,Move,development
1569401529.842,796,482,None,Move,development
1569401529.849,796,482,None,Move,development
1569401529.8660002,797,482,None,Move,development
1569401529.873,797,482,None,Move,development
1569401529.8820002,797,481,None,Move,development
1569401529.904,798,481,None,Move,development
1569401529.911,798,481,None,Move,development
1569401529.919,798,481,None,Move,development
1569401529.928,799,482,None,Move,development
1569401529.944,799,483,None,Move,development
1569401529.952,799,483,None,Move,development
1569401529.958,799,484,None,Move,development
1569401529.966,799,485,None,Move,development
1569401529.974,800,485,None,Move,development
1569401529.982,800,486,None,Move,development
1569401529.99,801,487,None,Move,development
1569401529.9970002,802,487,None,Move,development
1569401530.005,803,487,None,Move,development
1569401530.0129998,803,488,None,Move,development
1569401530.019,804,488,None,Move,development
1569401530.0270002,804,488,None,Move,development
1569401530.043,805,488,None,Move,development
1569401530.0670002,806,488,None,Move,development
1569401530.073,806,489,None,Move,development
1569401530.113,806,489,None,Move,development
1569401530.121,806,490,None,Move,development
1569401530.143,806,490,None,Move,development
1569401530.159,806,489,None,Move,development
1569401530.214,806,489,None,Move,development
1569401530.2610002,810,489,None,Move,development
1569401530.268,811,489,None,Move,development
1569401530.276,811,489,None,Move,development
1569401530.284,812,489,None,Move,development
1569401530.292,812,489,None,Move,development
1569401530.3,812,488,None,Move,development
1569401530.3079998,813,488,None,Move,development
1569401530.316,814,486,None,Move,development
1569401530.324,814,485,None,Move,development
1569401530.33,816,482,None,Move,development
1569401530.3379998,818,479,None,Move,development
1569401530.346,818,476,None,Move,development
1569401530.353,818,475,None,Move,development
1569401530.361,818,473,None,Move,development
1569401530.37,818,472,None,Move,development
1569401530.38,818,469,None,Move,development
1569401530.3860002,817,467,None,Move,development
1569401530.3920002,816,465,None,Move,development
1569401530.4,815,462,None,Move,development
1569401530.408,813,459,None,Move,development
1569401530.416,811,454,None,Move,development
1569401530.424,808,449,None,Move,development
1569401530.431,804,443,None,Move,development
1569401530.44,800,438,None,Move,development
1569401530.445,793,432,None,Move,development
1569401530.4529998,789,427,None,Move,development
1569401530.461,781,422,None,Move,development
1569401530.469,774,417,None,Move,development
1569401530.4770002,766,410,None,Move,development
1569401530.485,758,404,None,Move,development
1569401530.4929998,748,398,None,Move,development
1569401530.5010002,739,391,None,Move,development
1569401530.5070002,730,383,None,Move,development
1569401530.515,720,374,None,Move,development
1569401530.525,703,361,None,Move,development
1569401530.531,686,350,None,Move,development
1569401530.539,673,341,None,Move,development
1569401530.5470002,658,334,None,Move,development
1569401530.555,646,327,None,Move,development
1569401530.563,637,321,None,Move,development
1569401530.569,628,315,None,Move,development
1569401530.577,619,310,None,Move,development
1569401530.586,613,306,None,Move,development
1569401530.594,609,303,None,Move,development
1569401530.601,604,300,None,Move,development
1569401530.609,600,297,None,Move,development
1569401530.617,597,296,None,Move,development
1569401530.625,595,294,None,Move,development
1569401530.633,593,293,None,Move,development
1569401530.6420002,591,293,None,Move,development
1569401530.647,590,292,None,Move,development
1569401530.656,589,292,None,Move,development
1569401530.663,588,292,None,Move,development
1569401530.671,587,292,None,Move,development
1569401530.687,586,292,None,Move,development
1569401530.695,586,292,None,Move,development
1569401530.709,585,292,None,Move,development
1569401530.725,585,294,None,Move,development
1569401530.7329998,584,297,None,Move,development
1569401530.7410002,583,300,None,Move,development
1569401530.7489998,582,303,None,Move,development
1569401530.7570002,581,305,None,Move,development
1569401530.765,579,309,None,Move,development
1569401530.771,577,313,None,Move,development
1569401530.779,576,317,None,Move,development
1569401530.7870002,574,323,None,Move,development
1569401530.796,572,327,None,Move,development
1569401530.803,570,332,None,Move,development
1569401530.812,568,338,None,Move,development
1569401530.819,565,344,None,Move,development
1569401530.825,562,349,None,Move,development
1569401530.834,560,355,None,Move,development
1569401530.841,557,361,None,Move,development
1569401530.849,553,367,None,Move,development
1569401530.8579998,548,373,None,Move,development
1569401530.865,544,379,None,Move,development
1569401530.8739998,541,383,None,Move,development
1569401530.879,538,388,None,Move,development
1569401530.8879998,535,391,None,Move,development
1569401530.896,533,394,None,Move,development
1569401530.904,530,398,None,Move,development
1569401530.9120002,528,401,None,Move,development
1569401530.92,525,404,None,Move,development
1569401530.927,521,409,None,Move,development
1569401530.934,518,411,None,Move,development
1569401530.9420002,515,414,None,Move,development
1569401530.95,513,416,None,Move,development
1569401530.958,509,418,None,Move,development
1569401530.966,506,420,None,Move,development
1569401530.976,504,422,None,Move,development
1569401530.981,502,422,None,Move,development
1569401530.9889998,500,424,None,Move,development
1569401530.9970002,498,425,None,Move,development
1569401531.005,496,425,None,Move,development
1569401531.0110002,495,426,None,Move,development
1569401531.02,493,427,None,Move,development
1569401531.0270002,492,429,None,Move,development
1569401531.035,489,430,None,Move,development
1569401531.043,487,432,None,Move,development
1569401531.052,486,432,None,Move,development
1569401531.059,484,434,None,Move,development
1569401531.066,482,435,None,Move,development
1569401531.073,481,436,None,Move,development
1569401531.082,479,437,None,Move,development
1569401531.089,477,437,None,Move,development
1569401531.097,475,438,None,Move,development
1569401531.105,473,439,None,Move,development
1569401531.113,471,440,None,Move,development
1569401531.121,468,440,None,Move,development
1569401531.129,466,441,None,Move,development
1569401531.135,464,442,None,Move,development
1569401531.143,462,443,None,Move,development
1569401531.153,461,443,None,Move,development
1569401531.159,459,443,None,Move,development
1569401531.167,458,443,None,Move,development
1569401531.175,457,443,None,Move,development
1569401531.184,457,443,None,Move,development
1569401531.191,456,443,None,Move,development
1569401531.197,456,443,None,Move,development
1569401531.205,456,443,None,Move,development
1569401531.2129998,455,443,None,Move,development
1569401531.2229998,454,442,None,Move,development
1569401531.229,452,440,None,Move,development
1569401531.2370002,451,438,None,Move,development
1569401531.2429998,449,435,None,Move,development
1569401531.2510002,447,432,None,Move,development
1569401531.2589998,444,427,None,Move,development
1569401531.268,442,422,None,Move,development
1569401531.276,439,419,None,Move,development
1569401531.284,437,415,None,Move,development
1569401531.292,435,413,None,Move,development
1569401531.3,435,411,None,Move,development
1569401531.306,433,410,None,Move,development
1569401531.314,433,409,None,Move,development
1569401531.321,433,408,None,Move,development
1569401531.33,432,408,None,Move,development
1569401531.3379998,432,407,None,Move,development
1569401531.346,432,407,None,Move,development
1569401531.354,432,406,None,Move,development
1569401531.3620002,431,405,None,Move,development
1569401531.37,431,404,None,Move,development
1569401531.3760002,431,404,None,Move,development
1569401531.3839998,431,403,None,Move,development
1569401531.3920002,431,402,None,Move,development
1569401531.4,430,401,None,Move,development
1569401531.408,430,401,None,Move,development
1569401531.416,430,400,None,Move,development
1569401531.4320002,430,400,None,Move,development
1569401532.113,430,400,Left,Pressed,development
1569401532.2129998,430,400,Left,Released,development
1569401532.4320002,430,400,None,Move,development
1569401532.44,432,400,None,Move,development
1569401532.446,434,400,None,Move,development
1569401532.454,436,400,None,Move,development
1569401532.462,437,400,None,Move,development
1569401532.47,440,399,None,Move,development
1569401532.4770002,442,399,None,Move,development
1569401532.486,444,399,None,Move,development
1569401532.494,446,398,None,Move,development
1569401532.502,449,397,None,Move,development
1569401532.508,451,397,None,Move,development
1569401532.516,456,394,None,Move,development
1569401532.524,458,393,None,Move,development
1569401532.532,461,391,None,Move,development
1569401532.54,463,389,None,Move,development
1569401532.548,467,388,None,Move,development
1569401532.556,469,386,None,Move,development
1569401532.562,471,383,None,Move,development
1569401532.569,473,381,None,Move,development
1569401532.577,475,378,None,Move,development
1569401532.586,477,373,None,Move,development
1569401532.593,479,370,None,Move,development
1569401532.609,481,358,None,Move,development
1569401532.617,482,354,None,Move,development
1569401532.623,483,349,None,Move,development
1569401532.6320002,484,344,None,Move,development
1569401532.639,484,341,None,Move,development
1569401532.647,484,338,None,Move,development
1569401532.656,484,335,None,Move,development
1569401532.664,484,333,None,Move,development
1569401532.671,484,331,None,Move,development
1569401532.678,484,328,None,Move,development
1569401532.686,483,326,None,Move,development
1569401532.6929998,482,323,None,Move,development
1569401532.702,481,321,None,Move,development
1569401532.709,481,320,None,Move,development
1569401532.717,480,318,None,Move,development
1569401532.725,480,317,None,Move,development
1569401532.7329998,480,317,None,Move,development
1569401532.7410002,479,317,None,Move,development
1569401532.748,479,316,None,Move,development
1569401532.7870002,479,315,None,Move,development
1569401533.601,479,316,None,Move,development
1569401533.609,481,318,None,Move,development
1569401533.615,483,320,None,Move,development
1569401533.623,485,322,None,Move,development
1569401533.631,488,322,None,Move,development
1569401533.639,491,324,None,Move,development
1569401533.6479998,496,325,None,Move,development
1569401533.655,501,325,None,Move,development
1569401533.665,507,325,None,Move,development
1569401533.6720002,512,325,None,Move,development
1569401533.677,519,325,None,Move,development
1569401533.686,527,323,None,Move,development
1569401533.694,536,320,None,Move,development
1569401533.701,545,316,None,Move,development
1569401533.71,556,312,None,Move,development
1569401533.717,570,307,None,Move,development
1569401533.726,585,301,None,Move,development
1569401533.7329998,608,292,None,Move,development
1569401533.742,634,279,None,Move,development
1569401533.7470002,660,264,None,Move,development
1569401533.756,687,249,None,Move,development
1569401533.7629998,721,229,None,Move,development
1569401533.771,748,212,None,Move,development
1569401533.779,775,196,None,Move,development
1569401533.7870002,802,177,None,Move,development
1569401533.795,822,164,None,Move,development
1569401533.803,838,153,None,Move,development
1569401533.809,857,139,None,Move,development
1569401533.819,874,128,None,Move,development
1569401533.825,886,119,None,Move,development
1569401533.833,897,112,None,Move,development
1569401533.841,907,106,None,Move,development
1569401533.85,915,100,None,Move,development
1569401533.856,923,96,None,Move,development
1569401533.8639998,929,92,None,Move,development
1569401533.8720002,933,89,None,Move,development
1569401533.88,938,87,None,Move,development
1569401533.8879998,942,85,None,Move,development
1569401533.896,946,83,None,Move,development
1569401533.904,948,81,None,Move,development
1569401533.9120002,950,81,None,Move,development
1569401533.92,952,79,None,Move,development
1569401533.926,954,78,None,Move,development
1569401533.934,955,77,None,Move,development
1569401533.9420002,957,76,None,Move,development
1569401533.95,958,76,None,Move,development
1569401533.958,958,75,None,Move,development
1569401533.965,959,75,None,Move,development
1569401533.974,960,75,None,Move,development
1569401534.151,960,76,None,Move,development
1569401534.167,960,80,None,Move,development
1569401534.178,961,81,None,Move,development
1569401534.186,962,83,None,Move,development
1569401534.1929998,962,85,None,Move,development
1569401534.198,962,86,None,Move,development
1569401534.205,962,87,None,Move,development
1569401534.2129998,962,87,None,Move,development
1569401534.221,962,88,None,Move,development
1569401534.229,963,88,None,Move,development
1569401534.235,963,89,None,Move,development
1569401534.244,963,89,None,Move,development
1569401534.2510002,963,90,None,Move,development
1569401534.314,963,90,Right,Pressed,development
1569401534.408,963,90,Right,Released,development
1569401534.5229998,963,90,None,Move,development
1569401534.531,964,91,None,Move,development
1569401534.539,965,91,None,Move,development
1569401534.545,965,91,None,Move,development
1569401534.553,967,93,None,Move,development
1569401534.561,968,93,None,Move,development
1569401534.569,970,95,None,Move,development
1569401534.577,973,96,None,Move,development
1569401534.586,975,98,None,Move,development
1569401534.594,977,99,None,Move,development
1569401534.601,980,101,None,Move,development
1569401534.6120002,982,103,None,Move,development
1569401534.617,985,105,None,Move,development
1569401534.623,988,108,None,Move,development
1569401534.631,992,112,None,Move,development
1569401534.64,997,117,None,Move,development
1569401534.6479998,1003,122,None,Move,development
1569401534.656,1009,127,None,Move,development
1569401534.663,1015,131,None,Move,development
1569401534.67,1021,135,None,Move,development
1569401534.678,1027,140,None,Move,development
1569401534.686,1032,145,None,Move,development
1569401534.694,1037,149,None,Move,development
1569401534.702,1040,151,None,Move,development
1569401534.711,1043,155,None,Move,development
1569401534.717,1045,156,None,Move,development
1569401534.726,1047,159,None,Move,development
1569401534.732,1048,159,None,Move,development
1569401534.74,1048,160,None,Move,development
1569401534.7470002,1049,160,None,Move,development
1569401534.85,1049,161,None,Move,development
1569401534.86,1049,162,None,Move,development
1569401534.8720002,1049,163,None,Move,development
1569401534.8839998,1049,163,None,Move,development
1569401534.895,1049,164,None,Move,development
1569401534.907,1049,166,None,Move,development
1569401534.915,1049,166,None,Move,development
1569401534.9220002,1049,167,None,Move,development
1569401534.934,1049,167,None,Move,development
1569401534.9420002,1049,168,None,Move,development
1569401534.957,1049,169,None,Move,development
1569401534.9729998,1049,169,None,Move,development
1569401534.979,1048,170,None,Move,development
1569401534.9870002,1048,170,None,Move,development
1569401534.995,1047,171,None,Move,development
1569401535.0029998,1047,172,None,Move,development
1569401535.0110002,1046,173,None,Move,development
1569401535.019,1046,173,None,Move,development
1569401535.0270002,1045,174,None,Move,development
1569401535.035,1044,176,None,Move,development
1569401535.041,1043,177,None,Move,development
1569401535.049,1042,179,None,Move,development
1569401535.0570002,1040,180,None,Move,development
1569401535.065,1038,181,None,Move,development
1569401535.073,1037,181,None,Move,development
1569401535.081,1034,182,None,Move,development
1569401535.089,1032,183,None,Move,development
1569401535.097,1030,184,None,Move,development
1569401535.105,1026,185,None,Move,development
1569401535.111,1022,185,None,Move,development
1569401535.12,1015,186,None,Move,development
1569401535.1279998,1005,187,None,Move,development
1569401535.135,996,187,None,Move,development
1569401535.144,985,187,None,Move,development
1569401535.1520002,973,187,None,Move,development
1569401535.16,957,187,None,Move,development
1569401535.166,940,187,None,Move,development
1569401535.173,921,187,None,Move,development
1569401535.1820002,898,186,None,Move,development
1569401535.19,873,183,None,Move,development
1569401535.198,845,181,None,Move,development
1569401535.207,816,176,None,Move,development
1569401535.214,774,171,None,Move,development
1569401535.22,732,167,None,Move,development
1569401535.2270002,687,160,None,Move,development
1569401535.238,643,156,None,Move,development
1569401535.2489998,604,153,None,Move,development
1569401535.255,557,145,None,Move,development
1569401535.2610002,511,135,None,Move,development
1569401535.2670002,474,127,None,Move,development
1569401535.276,436,118,None,Move,development
1569401535.282,406,109,None,Move,development
1569401535.29,383,106,None,Move,development
1569401535.2970002,360,104,None,Move,development
1569401535.305,347,101,None,Move,development
1569401535.313,335,99,None,Move,development
1569401535.321,324,97,None,Move,development
1569401535.329,316,96,None,Move,development
1569401535.337,309,95,None,Move,development
1569401535.345,302,95,None,Move,development
1569401535.351,298,94,None,Move,development
1569401535.359,293,94,None,Move,development
1569401535.367,291,94,None,Move,development
1569401535.375,291,94,None,Move,development
1569401535.454,290,94,None,Move,development
1569401535.461,289,94,None,Move,development
1569401535.469,284,98,None,Move,development
1569401535.4770002,280,103,None,Move,development
1569401535.484,275,108,None,Move,development
1569401535.4910002,268,114,None,Move,development
1569401535.5,264,119,None,Move,development
1569401535.508,256,125,None,Move,development
1569401535.516,250,131,None,Move,development
1569401535.5229998,242,138,None,Move,development
1569401535.532,234,143,None,Move,development
1569401535.538,225,149,None,Move,development
1569401535.546,215,154,None,Move,development
1569401535.554,206,159,None,Move,development
1569401535.562,197,165,None,Move,development
1569401535.57,186,169,None,Move,development
1569401535.5779998,176,174,None,Move,development
1569401535.586,166,178,None,Move,development
1569401535.592,157,181,None,Move,development
1569401535.6,150,184,None,Move,development
1569401535.607,141,187,None,Move,development
1569401535.6160002,135,189,None,Move,development
1569401535.623,128,191,None,Move,development
1569401535.6320002,122,192,None,Move,development
1569401535.64,116,193,None,Move,development
1569401535.6479998,113,194,None,Move,development
1569401535.653,110,196,None,Move,development
1569401535.6620002,106,197,None,Move,development
1569401535.669,102,198,None,Move,development
1569401535.677,97,200,None,Move,development
1569401535.685,94,202,None,Move,development
1569401535.694,91,202,None,Move,development
1569401535.701,88,204,None,Move,development
1569401535.71,86,205,None,Move,development
1569401535.717,84,205,None,Move,development
1569401535.7229998,83,205,None,Move,development
1569401535.7470002,82,205,None,Move,development
1569401535.755,82,205,None,Move,development
1569401535.7629998,81,203,None,Move,development
1569401535.771,80,201,None,Move,development
1569401535.7770002,79,198,None,Move,development
1569401535.785,79,193,None,Move,development
1569401535.793,78,188,None,Move,development
1569401535.801,77,181,None,Move,development
1569401535.809,76,173,None,Move,development
1569401535.8170002,76,165,None,Move,development
1569401535.825,76,158,None,Move,development
1569401535.834,76,150,None,Move,development
1569401535.841,77,142,None,Move,development
1569401535.847,77,135,None,Move,development
1569401535.857,77,128,None,Move,development
1569401535.863,77,121,None,Move,development
1569401535.8720002,76,117,None,Move,development
1569401535.88,75,113,None,Move,development
1569401535.8879998,73,107,None,Move,development
1569401535.896,72,101,None,Move,development
1569401535.904,72,97,None,Move,development
1569401535.91,71,90,None,Move,development
1569401535.918,71,87,None,Move,development
1569401535.926,70,84,None,Move,development
1569401535.934,70,82,None,Move,development
1569401535.9420002,69,79,None,Move,development
1569401535.95,68,77,None,Move,development
1569401535.958,67,75,None,Move,development
1569401535.962,67,73,None,Move,development
1569401535.972,67,71,None,Move,development
1569401535.9889998,67,68,None,Move,development
1569401536.004,67,68,None,Move,development
1569401536.019,67,67,None,Move,development
1569401536.028,66,65,None,Move,development
1569401536.033,65,64,None,Move,development
1569401536.042,65,63,None,Move,development
1569401536.05,65,63,None,Move,development
1569401536.0570002,65,62,None,Move,development
1569401536.15,64,62,None,Move,development
1569401536.158,64,66,None,Move,development
1569401536.169,63,76,None,Move,development
1569401536.176,62,86,None,Move,development
1569401536.181,61,101,None,Move,development
1569401536.19,61,114,None,Move,development
1569401536.198,61,129,None,Move,development
1569401536.204,61,149,None,Move,development
1569401536.212,61,179,None,Move,development
1569401536.22,63,207,None,Move,development
1569401536.2270002,66,233,None,Move,development
1569401536.235,68,255,None,Move,development
1569401536.2429998,70,276,None,Move,development
1569401536.252,71,289,None,Move,development
1569401536.2589998,72,300,None,Move,development
1569401536.268,72,309,None,Move,development
1569401536.274,72,316,None,Move,development
1569401536.282,72,322,None,Move,development
1569401536.289,72,326,None,Move,development
1569401536.2970002,71,328,None,Move,development
1569401536.306,69,330,None,Move,development
1569401536.313,69,330,None,Move,development
1569401536.36,69,330,None,Move,development
1569401536.3679998,68,329,None,Move,development
1569401536.3760002,68,329,None,Move,development
1569401536.3839998,68,327,None,Move,development
1569401536.39,67,325,None,Move,development
1569401536.399,66,323,None,Move,development
1569401536.405,65,321,None,Move,development
1569401536.414,63,318,None,Move,development
1569401536.4220002,61,314,None,Move,development
1569401536.431,61,311,None,Move,development
1569401536.44,59,308,None,Move,development
1569401536.446,58,304,None,Move,development
1569401536.454,56,299,None,Move,development
1569401536.46,55,294,None,Move,development
1569401536.468,54,288,None,Move,development
1569401536.476,54,284,None,Move,development
1569401536.484,53,279,None,Move,development
1569401536.492,50,275,None,Move,development
1569401536.5,47,266,None,Move,development
1569401536.508,44,258,None,Move,development
1569401536.516,39,244,None,Move,development
1569401536.522,34,230,None,Move,development
1569401536.529,28,215,None,Move,development
1569401536.5370002,21,202,None,Move,development
1569401536.545,16,191,None,Move,development
1569401536.553,10,184,None,Move,development
1569401536.561,5,176,None,Move,development
1569401536.569,2,170,None,Move,development
1569401536.577,0,167,None,Move,development
1569401536.583,-1,164,None,Move,development
1569401536.591,-2,161,None,Move,development
1569401536.599,-1,158,None,Move,development
1569401536.609,-2,157,None,Move,development
1569401536.615,0,155,None,Move,development
1569401536.623,-2,153,None,Move,development
1569401536.631,-1,152,None,Move,development
1569401536.639,-3,151,None,Move,development
1569401536.645,-1,150,None,Move,development
1569401536.653,-1,148,None,Move,development
1569401536.661,0,146,None,Move,development
1569401536.669,1,144,None,Move,development
1569401536.677,6,136,None,Move,development
1569401536.685,16,128,None,Move,development
1569401536.6929998,32,111,None,Move,development
1569401536.701,46,96,None,Move,development
1569401536.708,54,86,None,Move,development
1569401536.715,59,77,None,Move,development
1569401536.724,65,68,None,Move,development
1569401536.732,70,59,None,Move,development
1569401536.74,73,53,None,Move,development
1569401536.748,74,45,None,Move,development
1569401536.755,75,40,None,Move,development
1569401536.7610002,75,37,None,Move,development
1569401536.77,75,35,None,Move,development
1569401536.778,75,35,None,Move,development
1569401536.786,75,34,None,Move,development
1569401536.794,75,33,None,Move,development
1569401536.802,75,32,None,Move,development
1569401536.81,75,32,None,Move,development
1569401536.8179998,74,32,None,Move,development
1569401536.826,74,32,None,Move,development
1569401536.84,74,32,None,Move,development
1569401536.8720002,74,31,None,Move,development
1569401536.88,73,31,None,Move,development
1569401536.8879998,72,31,None,Move,development
1569401536.893,72,31,None,Move,development
1569401536.9020002,71,30,None,Move,development
1569401536.918,70,30,None,Move,development
1569401536.926,69,30,None,Move,development
1569401536.9420002,69,29,None,Move,development
1569401536.95,69,29,None,Move,development
1569401536.956,69,29,None,Move,development
1569401536.9629998,68,28,None,Move,development
1569401536.971,68,28,None,Move,development
1569401536.979,67,28,None,Move,development
1569401536.9870002,67,27,None,Move,development
1569401536.995,65,27,None,Move,development
1569401537.0029998,64,26,None,Move,development
1569401537.0110002,63,25,None,Move,development
1569401537.0170002,62,25,None,Move,development
1569401537.025,61,24,None,Move,development
1569401537.033,59,23,None,Move,development
1569401537.041,58,23,None,Move,development
1569401537.049,57,22,None,Move,development
1569401537.0570002,55,22,None,Move,development
1569401537.065,54,21,None,Move,development
1569401537.071,53,21,None,Move,development
1569401537.079,53,21,None,Move,development
1569401537.087,52,20,None,Move,development
1569401537.103,52,20,None,Move,development
1569401537.119,51,19,None,Move,development
1569401537.1360002,51,19,None,Move,development
1569401537.2029998,51,19,Left,Pressed,development
1569401537.289,51,19,Left,Released,development
1569401537.3679998,51,19,None,Move,development
1569401537.3760002,51,19,None,Move,development
1569401537.3820002,52,21,None,Move,development
1569401537.39,54,23,None,Move,development
1569401537.3979998,56,25,None,Move,development
1569401537.406,57,27,None,Move,development
1569401537.4120002,60,29,None,Move,development
1569401537.421,61,31,None,Move,development
1569401537.429,63,33,None,Move,development
1569401537.436,64,34,None,Move,development
1569401537.444,66,36,None,Move,development
1569401537.452,67,37,None,Move,development
1569401537.46,68,38,None,Move,development
1569401537.467,70,39,None,Move,development
1569401537.476,71,40,None,Move,development
1569401537.482,73,41,None,Move,development
1569401537.492,73,42,None,Move,development
1569401537.5,74,43,None,Move,development
1569401537.506,77,45,None,Move,development
1569401537.514,78,45,None,Move,development
1569401537.522,80,47,None,Move,development
1569401537.532,83,48,None,Move,development
1569401537.539,87,50,None,Move,development
1569401537.545,89,51,None,Move,development
1569401537.554,92,53,None,Move,development
1569401537.562,97,55,None,Move,development
1569401537.5679998,101,57,None,Move,development
1569401537.576,106,58,None,Move,development
1569401537.584,111,60,None,Move,development
1569401537.592,117,62,None,Move,development
1569401537.6,123,64,None,Move,development
1569401537.6079998,129,66,None,Move,development
1569401537.6160002,134,67,None,Move,development
1569401537.6239998,139,68,None,Move,development
1569401537.6320002,143,70,None,Move,development
1569401537.637,146,71,None,Move,development
1569401537.646,149,71,None,Move,development
1569401537.654,151,72,None,Move,development
1569401537.6620002,151,72,None,Move,development
1569401540.451,152,72,None,Move,development
1569401540.459,157,74,None,Move,development
1569401540.467,164,77,None,Move,development
1569401540.476,172,81,None,Move,development
1569401540.484,182,85,None,Move,development
1569401540.492,192,90,None,Move,development
1569401540.498,203,97,None,Move,development
1569401540.506,218,107,None,Move,development
1569401540.515,240,123,None,Move,development
1569401540.521,262,139,None,Move,development
1569401540.531,285,156,None,Move,development
1569401540.5370002,297,169,None,Move,development
1569401540.545,305,180,None,Move,development
1569401540.553,310,190,None,Move,development
1569401540.56,311,201,None,Move,development
1569401540.5670002,311,209,None,Move,development
1569401540.575,309,217,None,Move,development
1569401540.583,306,226,None,Move,development
1569401540.591,305,235,None,Move,development
1569401540.599,305,244,None,Move,development
1569401540.6120002,306,255,None,Move,development
1569401540.6220002,312,273,None,Move,development
1569401540.629,317,282,None,Move,development
1569401540.637,324,289,None,Move,development
1569401540.645,329,297,None,Move,development
1569401540.653,333,301,None,Move,development
1569401540.661,334,305,None,Move,development
1569401540.669,336,307,None,Move,development
1569401540.675,336,308,None,Move,development
1569401540.84,335,304,None,Move,development
1569401540.847,333,298,None,Move,development
1569401540.855,331,292,None,Move,development
1569401540.8639998,331,290,None,Move,development
1569401540.87,330,291,None,Move,development
1569401540.8779998,330,294,None,Move,development
1569401540.8860002,330,299,None,Move,development
1569401540.894,331,306,None,Move,development
1569401540.9020002,331,315,None,Move,development
1569401540.91,330,329,None,Move,development
1569401540.917,327,344,None,Move,development
1569401540.926,318,360,None,Move,development
1569401540.931,304,379,None,Move,development
1569401540.939,296,397,None,Move,development
1569401540.948,287,420,None,Move,development
1569401540.955,282,436,None,Move,development
1569401540.964,276,458,None,Move,development
1569401540.972,274,473,None,Move,development
1569401540.98,271,491,None,Move,development
1569401540.986,271,503,None,Move,development
1569401540.9929998,271,512,None,Move,development
1569401541.0010002,271,518,None,Move,development
1569401541.01,271,522,None,Move,development
1569401541.018,271,525,None,Move,development
1569401541.025,271,527,None,Move,development
1569401541.04,271,528,None,Move,development
1569401541.049,271,528,None,Move,development
1569401541.0570002,270,528,None,Move,development
1569401541.064,269,528,None,Move,development
1569401541.071,268,528,None,Move,development
1569401541.082,266,528,None,Move,development
1569401541.087,262,528,None,Move,development
1569401541.095,259,528,None,Move,development
1569401541.103,256,528,None,Move,development
1569401541.109,253,528,None,Move,development
1569401541.117,250,530,None,Move,development
1569401541.125,248,532,None,Move,development
1569401541.133,245,533,None,Move,development
1569401541.141,242,536,None,Move,development
1569401541.149,239,538,None,Move,development
1569401541.157,234,540,None,Move,development
1569401541.165,231,543,None,Move,development
1569401541.171,228,545,None,Move,development
1569401541.18,226,547,None,Move,development
1569401541.188,223,551,None,Move,development
1569401541.196,221,555,None,Move,development
1569401541.204,218,558,None,Move,development
1569401541.212,217,561,None,Move,development
1569401541.22,216,563,None,Move,development
1569401541.228,215,565,None,Move,development
1569401541.236,214,568,None,Move,development
1569401541.242,214,569,None,Move,development
1569401541.25,214,569,None,Move,development
1569401541.258,214,570,None,Move,development
1569401541.336,214,571,Left,Pressed,development
1569401541.336,214,571,None,Drag,development
1569401541.336,214,571,Left,Released,development
1569401541.435,214,571,None,Move,development
1569401541.444,215,571,None,Move,development
1569401541.4529998,216,571,None,Move,development
1569401541.461,217,571,None,Move,development
1569401541.468,220,571,None,Move,development
1569401541.475,223,570,None,Move,development
1569401541.481,229,569,None,Move,development
1569401541.4889998,234,568,None,Move,development
1569401541.4970002,244,566,None,Move,development
1569401541.505,257,564,None,Move,development
1569401541.5129998,274,561,None,Move,development
1569401541.521,295,559,None,Move,development
1569401541.529,324,554,None,Move,development
1569401541.538,357,550,None,Move,development
1569401541.545,399,547,None,Move,development
1569401541.555,438,541,None,Move,development
1569401541.562,478,536,None,Move,development
1569401541.5679998,514,531,None,Move,development
1569401541.577,551,527,None,Move,development
1569401541.584,587,524,None,Move,development
1569401541.592,623,522,None,Move,development
1569401541.6,661,520,None,Move,development
1569401541.6079998,691,520,None,Move,development
1569401541.6139998,718,520,None,Move,development
1569401541.6220002,743,520,None,Move,development
1569401541.63,767,520,None,Move,development
1569401541.637,789,520,None,Move,development
1569401541.646,806,520,None,Move,development
1569401541.654,822,520,None,Move,development
1569401541.661,835,520,None,Move,development
1569401541.67,847,520,None,Move,development
1569401541.675,858,520,None,Move,development
1569401541.6829998,866,519,None,Move,development
1569401541.6920002,873,518,None,Move,development
1569401541.699,879,517,None,Move,development
1569401541.707,881,517,None,Move,development
1569401541.716,882,517,None,Move,development
1569401541.724,882,517,None,Move,development
1569401541.732,882,517,None,Move,development
1569401541.7370002,881,517,None,Move,development
1569401541.745,879,518,None,Move,development
1569401541.754,878,518,None,Move,development
1569401541.7610002,875,519,None,Move,development
1569401541.769,874,519,None,Move,development
1569401541.7770002,872,519,None,Move,development
1569401541.971,869,516,None,Move,development
1569401541.979,863,514,None,Move,development
1569401541.994,854,511,None,Move,development
1569401542.0010002,853,511,None,Move,development
1569401542.0470002,855,509,None,Move,development
1569401542.055,856,508,None,Move,development
1569401542.063,857,507,None,Move,development
1569401542.071,859,505,None,Move,development
1569401542.079,861,504,None,Move,development
1569401542.087,862,504,None,Move,development
1569401542.095,864,504,None,Move,development
1569401542.101,866,504,None,Move,development
1569401542.109,868,504,None,Move,development
1569401542.117,869,504,None,Move,development
1569401542.125,870,504,None,Move,development
1569401542.133,871,504,None,Move,development
1569401542.141,871,504,None,Move,development
1569401542.15,872,505,None,Move,development
1569401542.158,872,505,None,Move,development
1569401542.163,873,505,None,Move,development
1569401542.171,873,506,None,Move,development
1569401542.179,874,507,None,Move,development
1569401542.188,874,508,None,Move,development
1569401542.2,874,509,None,Move,development
1569401542.205,875,511,None,Move,development
1569401542.212,876,511,None,Move,development
1569401542.22,878,513,None,Move,development
1569401542.228,879,514,None,Move,development
1569401542.232,880,516,None,Move,development
1569401542.242,883,517,None,Move,development
1569401542.25,885,518,None,Move,development
1569401542.258,887,519,None,Move,development
1569401542.266,889,520,None,Move,development
1569401542.274,892,522,None,Move,development
1569401542.28,895,523,None,Move,development
1569401542.288,897,525,None,Move,development
1569401542.295,899,525,None,Move,development
1569401542.303,901,526,None,Move,development
1569401542.311,902,527,None,Move,development
1569401542.319,903,527,None,Move,development
1569401542.3279998,905,529,None,Move,development
1569401542.335,906,530,None,Move,development
1569401542.343,907,530,None,Move,development
1569401542.35,908,530,None,Move,development
1569401542.36,909,531,None,Move,development
1569401542.365,909,531,None,Move,development
1569401542.373,910,532,None,Move,development
1569401542.381,912,533,None,Move,development
1569401542.389,913,535,None,Move,development
1569401542.397,915,536,None,Move,development
1569401542.405,917,538,None,Move,development
1569401542.411,919,541,None,Move,development
1569401542.419,923,543,None,Move,development
1569401542.427,928,547,None,Move,development
1569401542.435,932,551,None,Move,development
1569401542.4429998,938,555,None,Move,development
1569401542.452,946,560,None,Move,development
1569401542.461,954,566,None,Move,development
1569401542.467,963,570,None,Move,development
1569401542.4729998,973,575,None,Move,development
1569401542.481,987,581,None,Move,development
1569401542.4889998,999,586,None,Move,development
1569401542.4970002,1014,589,None,Move,development
1569401542.505,1032,592,None,Move,development
1569401542.514,1050,593,None,Move,development
1569401542.521,1066,593,None,Move,development
1569401542.529,1079,593,None,Move,development
1569401542.535,1091,593,None,Move,development
1569401542.543,1103,593,None,Move,development
1569401542.551,1111,593,None,Move,development
1569401542.559,1116,594,None,Move,development
1569401542.5679998,1120,595,None,Move,development
1569401542.576,1123,596,None,Move,development
1569401542.583,1125,598,None,Move,development
1569401542.59,1128,599,None,Move,development
1569401542.5979998,1131,599,None,Move,development
1569401542.606,1134,599,None,Move,development
1569401542.613,1136,600,None,Move,development
1569401542.621,1137,601,None,Move,development
1569401542.629,1139,601,None,Move,development
1569401542.637,1142,602,None,Move,development
1569401542.645,1143,602,None,Move,development
1569401542.651,1143,602,None,Move,development
1569401542.659,1144,601,None,Move,development
1569401542.675,1145,600,None,Move,development
1569401542.6829998,1145,599,None,Move,development
1569401542.691,1144,598,None,Move,development
1569401542.699,1144,597,None,Move,development
1569401542.707,1143,596,None,Move,development
1569401542.7129998,1143,595,None,Move,development
1569401542.722,1143,593,None,Move,development
1569401542.732,1143,592,None,Move,development
1569401542.738,1143,591,None,Move,development
1569401542.746,1143,591,None,Move,development
1569401542.754,1143,590,None,Move,development
1569401542.762,1143,588,None,Move,development
1569401542.77,1142,587,None,Move,development
1569401542.778,1141,586,None,Move,development
1569401542.783,1137,584,None,Move,development
1569401542.792,1134,581,None,Move,development
1569401542.8,1129,579,None,Move,development
1569401542.8079998,1123,576,None,Move,development
1569401542.815,1115,571,None,Move,development
1569401542.823,1106,568,None,Move,development
1569401542.832,1097,564,None,Move,development
1569401542.84,1084,559,None,Move,development
1569401542.849,1072,555,None,Move,development
1569401542.855,1061,551,None,Move,development
1569401542.8620002,1051,544,None,Move,development
1569401542.869,1043,539,None,Move,development
1569401542.8779998,1033,533,None,Move,development
1569401542.8860002,1025,526,None,Move,development
1569401542.893,1020,521,None,Move,development
1569401542.899,1015,515,None,Move,development
1569401542.907,1011,507,None,Move,development
1569401542.915,1007,500,None,Move,development
1569401542.923,1003,490,None,Move,development
1569401542.931,1000,483,None,Move,development
1569401542.94,1000,476,None,Move,development
1569401542.947,1000,470,None,Move,development
1569401542.955,1000,463,None,Move,development
1569401542.961,1001,456,None,Move,development
1569401542.969,1002,450,None,Move,development
1569401542.9770002,1006,444,None,Move,development
1569401542.985,1012,438,None,Move,development
1569401542.9929998,1018,433,None,Move,development
1569401543.0010002,1024,428,None,Move,development
1569401543.0089998,1031,423,None,Move,development
1569401543.0170002,1040,417,None,Move,development
1569401543.025,1048,412,None,Move,development
1569401543.035,1058,405,None,Move,development
1569401543.043,1067,400,None,Move,development
1569401543.0470002,1075,394,None,Move,development
1569401543.055,1084,389,None,Move,development
1569401543.064,1091,385,None,Move,development
1569401543.071,1097,381,None,Move,development
1569401543.079,1102,378,None,Move,development
1569401543.087,1104,377,None,Move,development
1569401543.094,1106,376,None,Move,development
1569401543.1020002,1106,375,None,Move,development
