client_timestamp,x,y,button,state,window
1574937273.289,932,448,Left,Pressed,browsing
1574937273.42,932,448,Left,Released,browsing
1574937437.686,933,448,None,Move,browsing
1574937437.701,987,432,None,Move,browsing
1574937437.712,1047,412,None,Move,browsing
1574937437.7270002,1099,396,None,Move,browsing
1574937437.742,1143,368,None,Move,browsing
1574937437.758,1177,336,None,Move,browsing
1574937437.776,1199,300,None,Move,browsing
1574937437.79,1207,256,None,Move,browsing
1574937437.802,1207,202,None,Move,browsing
1574937437.815,1205,136,None,Move,browsing
1574937437.825,1195,70,None,Move,browsing
1574937437.837,1179,0,None,Move,browsing
1574937437.849,1165,0,None,Move,browsing
1574937437.86,1145,0,None,Move,browsing
1574937437.8720002,1127,0,None,Move,browsing
1574937437.883,1113,0,None,Move,browsing
1574937437.8920002,1101,0,None,Move,browsing
1574937437.8979998,1087,0,None,Move,browsing
1574937437.906,1077,0,None,Move,browsing
1574937437.915,1067,0,None,Move,browsing
1574937437.924,1051,0,None,Move,browsing
1574937437.931,1031,0,None,Move,browsing
1574937437.939,1009,0,None,Move,browsing
1574937437.947,987,0,None,Move,browsing
1574937437.956,969,0,None,Move,browsing
1574937437.9629998,951,0,None,Move,browsing
1574937437.972,935,0,None,Move,browsing
1574937437.979,921,0,None,Move,browsing
1574937437.99,909,3,None,Move,browsing
1574937437.9970002,899,6,None,Move,browsing
1574937438.006,894,10,None,Move,browsing
1574937438.0129998,888,13,None,Move,browsing
1574937438.024,884,17,None,Move,browsing
1574937438.033,878,22,None,Move,browsing
1574937438.042,872,29,None,Move,browsing
1574937438.051,866,37,None,Move,browsing
1574937438.059,862,44,None,Move,browsing
1574937438.0679998,857,50,None,Move,browsing
1574937438.076,853,54,None,Move,browsing
1574937438.085,847,58,None,Move,browsing
1574937438.093,841,61,None,Move,browsing
1574937438.1020002,833,65,None,Move,browsing
1574937438.109,827,67,None,Move,browsing
1574937438.12,824,70,None,Move,browsing
1574937438.127,821,73,None,Move,browsing
1574937438.137,818,75,None,Move,browsing
1574937438.144,815,78,None,Move,browsing
1574937438.155,812,80,None,Move,browsing
1574937438.163,808,83,None,Move,browsing
1574937438.1720002,806,85,None,Move,browsing
1574937438.179,804,86,None,Move,browsing
1574937438.189,801,87,None,Move,browsing
1574937438.197,799,87,None,Move,browsing
1574937438.206,798,87,None,Move,browsing
1574937438.216,796,87,None,Move,browsing
1574937438.224,794,87,None,Move,browsing
1574937438.232,792,87,None,Move,browsing
1574937438.242,789,85,None,Move,browsing
1574937438.25,786,84,None,Move,browsing
1574937438.2589998,783,83,None,Move,browsing
1574937438.268,780,82,None,Move,browsing
1574937438.276,777,80,None,Move,browsing
1574937438.284,775,78,None,Move,browsing
1574937438.293,771,76,None,Move,browsing
1574937438.303,766,74,None,Move,browsing
1574937438.31,759,71,None,Move,browsing
1574937438.32,752,69,None,Move,browsing
1574937438.3279998,745,66,None,Move,browsing
1574937438.337,736,64,None,Move,browsing
1574937438.346,724,61,None,Move,browsing
1574937438.355,710,60,None,Move,browsing
1574937438.363,693,59,None,Move,browsing
1574937438.3720002,678,57,None,Move,browsing
1574937438.38,659,54,None,Move,browsing
1574937438.389,639,54,None,Move,browsing
1574937438.396,624,54,None,Move,browsing
1574937438.404,612,54,None,Move,browsing
1574937438.411,601,56,None,Move,browsing
1574937438.419,598,57,None,Move,browsing
1574937438.427,596,57,None,Move,browsing
1574937438.446,595,59,None,Move,browsing
1574937438.454,595,63,None,Move,browsing
1574937438.462,594,68,None,Move,browsing
1574937438.472,594,73,None,Move,browsing
1574937438.48,594,79,None,Move,browsing
1574937438.49,594,85,None,Move,browsing
1574937438.5010002,594,91,None,Move,browsing
1574937438.508,594,95,None,Move,browsing
1574937438.518,593,98,None,Move,browsing
1574937438.526,593,100,None,Move,browsing
1574937438.535,591,103,None,Move,browsing
1574937438.542,591,105,None,Move,browsing
1574937438.55,591,107,None,Move,browsing
1574937438.5570002,590,108,None,Move,browsing
1574937438.565,589,110,None,Move,browsing
1574937438.573,589,111,None,Move,browsing
1574937438.581,587,112,None,Move,browsing
1574937438.589,586,113,None,Move,browsing
1574937438.596,585,113,None,Move,browsing
1574937438.605,583,114,None,Move,browsing
1574937438.6120002,581,115,None,Move,browsing
1574937438.621,577,115,None,Move,browsing
1574937438.627,571,114,None,Move,browsing
1574937438.637,564,112,None,Move,browsing
1574937438.643,557,110,None,Move,browsing
1574937438.651,548,106,None,Move,browsing
1574937438.658,538,104,None,Move,browsing
1574937438.669,526,101,None,Move,browsing
1574937438.676,513,99,None,Move,browsing
1574937438.687,498,96,None,Move,browsing
1574937438.695,483,93,None,Move,browsing
1574937438.705,472,90,None,Move,browsing
1574937438.7129998,461,87,None,Move,browsing
1574937438.722,452,84,None,Move,browsing
1574937438.731,447,83,None,Move,browsing
1574937438.7389998,444,81,None,Move,browsing
1574937438.8979998,444,81,Left,Pressed,browsing
1574937439.034,444,81,Left,Released,browsing
1574937439.394,444,83,None,Move,browsing
1574937439.405,446,94,None,Move,browsing
1574937439.414,450,110,None,Move,browsing
1574937439.423,454,127,None,Move,browsing
1574937439.4320002,457,145,None,Move,browsing
1574937439.441,461,160,None,Move,browsing
1574937439.4529998,471,177,None,Move,browsing
1574937439.461,476,192,None,Move,browsing
1574937439.472,482,207,None,Move,browsing
1574937439.482,487,220,None,Move,browsing
1574937439.49,493,235,None,Move,browsing
1574937439.5010002,500,247,None,Move,browsing
1574937439.5089998,507,265,None,Move,browsing
1574937439.52,515,286,None,Move,browsing
1574937439.526,526,308,None,Move,browsing
1574937439.5370002,540,331,None,Move,browsing
1574937439.545,556,359,None,Move,browsing
1574937439.553,568,383,None,Move,browsing
1574937439.559,580,405,None,Move,browsing
1574937439.566,592,427,None,Move,browsing
1574937439.573,604,447,None,Move,browsing
1574937439.583,616,469,None,Move,browsing
1574937439.59,628,491,None,Move,browsing
1574937439.5979998,640,513,None,Move,browsing
1574937439.607,654,537,None,Move,browsing
1574937439.6160002,670,563,None,Move,browsing
1574937439.623,688,587,None,Move,browsing
1574937439.629,706,611,None,Move,browsing
1574937439.637,722,635,None,Move,browsing
1574937439.6420002,740,653,None,Move,browsing
1574937439.651,756,671,None,Move,browsing
1574937439.657,772,687,None,Move,browsing
1574937439.6620002,788,701,None,Move,browsing
1574937439.668,802,713,None,Move,browsing
1574937439.674,814,725,None,Move,browsing
1574937439.68,826,733,None,Move,browsing
1574937439.685,836,741,None,Move,browsing
1574937439.69,846,751,None,Move,browsing
1574937439.696,858,763,None,Move,browsing
1574937439.701,870,775,None,Move,browsing
1574937439.706,882,787,None,Move,browsing
1574937439.714,894,801,None,Move,browsing
1574937439.734,905,817,None,Move,browsing
1574937439.754,916,832,None,Move,browsing
1574937439.776,927,847,None,Move,browsing
1574937439.794,938,858,None,Move,browsing
1574937439.804,946,868,None,Move,browsing
1574937439.811,952,877,None,Move,browsing
1574937439.816,956,882,None,Move,browsing
1574937439.822,959,885,None,Move,browsing
1574937439.826,962,888,None,Move,browsing
1574937439.832,965,892,None,Move,browsing
1574937439.837,969,895,None,Move,browsing
1574937439.842,972,898,None,Move,browsing
1574937439.847,974,901,None,Move,browsing
1574937439.853,977,903,None,Move,browsing
1574937439.857,980,906,None,Move,browsing
1574937439.8620002,982,908,None,Move,browsing
1574937439.8679998,985,911,None,Move,browsing
1574937439.873,986,913,None,Move,browsing
1574937439.8779998,987,914,None,Move,browsing
1574937439.915,988,914,None,Move,browsing
1574937440.5370002,989,913,None,Move,browsing
1574937440.562,989,913,None,Move,browsing
1574937440.576,990,911,None,Move,browsing
1574937440.5879998,991,910,None,Move,browsing
1574937448.941,991,910,None,Move,browsing
1574937448.965,994,904,None,Move,browsing
1574937448.988,998,895,None,Move,browsing
1574937449.006,1003,886,None,Move,browsing
1574937449.014,1007,877,None,Move,browsing
1574937449.025,1010,870,None,Move,browsing
1574937449.033,1014,863,None,Move,browsing
1574937449.042,1017,857,None,Move,browsing
1574937449.051,1020,852,None,Move,browsing
1574937449.063,1023,848,None,Move,browsing
1574937449.074,1024,845,None,Move,browsing
1574937449.083,1025,842,None,Move,browsing
1574937449.095,1026,840,None,Move,browsing
1574937449.103,1028,838,None,Move,browsing
1574937449.1139998,1028,836,None,Move,browsing
1574937449.1239998,1029,834,None,Move,browsing
1574937449.1320002,1030,832,None,Move,browsing
1574937449.143,1032,830,None,Move,browsing
1574937449.151,1033,828,None,Move,browsing
1574937449.163,1035,826,None,Move,browsing
1574937449.1720002,1036,824,None,Move,browsing
1574937449.1820002,1037,822,None,Move,browsing
1574937449.196,1038,820,None,Move,browsing
1574937449.2029998,1039,819,None,Move,browsing
1574937449.211,1040,818,None,Move,browsing
1574937449.217,1040,817,None,Move,browsing
1574937449.226,1040,817,Left,Pressed,browsing
1574937449.344,1040,817,Left,Released,browsing
1574937450.077,1042,813,None,Move,browsing
1574937450.1020002,1059,780,None,Move,browsing
1574937450.115,1087,732,None,Move,browsing
1574937450.129,1117,686,None,Move,browsing
1574937450.1420002,1145,642,None,Move,browsing
1574937450.156,1159,602,None,Move,browsing
1574937450.168,1175,564,None,Move,browsing
1574937450.18,1189,528,None,Move,browsing
1574937450.191,1197,492,None,Move,browsing
1574937450.201,1209,460,None,Move,browsing
1574937450.2129998,1225,428,None,Move,browsing
1574937450.226,1237,404,None,Move,browsing
1574937450.236,1249,388,None,Move,browsing
1574937450.246,1259,378,None,Move,browsing
1574937450.254,1265,372,None,Move,browsing
1574937450.26,1269,368,None,Move,browsing
1574937450.265,1272,368,None,Move,browsing
1574937450.271,1272,367,None,Move,browsing
1574937450.298,1273,370,None,Move,browsing
1574937450.306,1274,379,None,Move,browsing
1574937450.314,1274,392,None,Move,browsing
1574937450.322,1274,405,None,Move,browsing
1574937450.33,1274,419,None,Move,browsing
1574937450.3379998,1273,430,None,Move,browsing
1574937450.346,1271,443,None,Move,browsing
1574937450.354,1271,455,None,Move,browsing
1574937450.3620002,1270,464,None,Move,browsing
1574937450.37,1270,474,None,Move,browsing
1574937450.377,1268,485,None,Move,browsing
1574937450.3839998,1268,494,None,Move,browsing
1574937450.3920002,1268,505,None,Move,browsing
1574937450.4,1268,518,None,Move,browsing
1574937450.414,1268,532,None,Move,browsing
1574937450.425,1270,545,None,Move,browsing
1574937450.4320002,1270,558,None,Move,browsing
1574937450.441,1270,570,None,Move,browsing
1574937450.449,1270,583,None,Move,browsing
1574937450.461,1270,596,None,Move,browsing
1574937450.472,1270,607,None,Move,browsing
1574937450.48,1270,617,None,Move,browsing
1574937450.488,1270,626,None,Move,browsing
1574937450.4970002,1270,636,None,Move,browsing
1574937450.508,1270,645,None,Move,browsing
1574937450.516,1270,655,None,Move,browsing
1574937450.524,1271,664,None,Move,browsing
1574937450.532,1274,673,None,Move,browsing
1574937450.543,1276,682,None,Move,browsing
1574937450.552,1279,693,None,Move,browsing
1574937450.562,1282,702,None,Move,browsing
1574937450.57,1285,711,None,Move,browsing
1574937450.579,1288,720,None,Move,browsing
1574937450.589,1291,727,None,Move,browsing
1574937450.597,1293,734,None,Move,browsing
1574937450.605,1296,739,None,Move,browsing
1574937450.6139998,1299,741,None,Move,browsing
1574937450.6239998,1302,744,None,Move,browsing
1574937450.633,1304,746,None,Move,browsing
1574937450.644,1307,749,None,Move,browsing
1574937450.651,1309,753,None,Move,browsing
1574937450.661,1313,758,None,Move,browsing
1574937450.67,1317,761,None,Move,browsing
1574937450.679,1324,767,None,Move,browsing
1574937450.687,1331,775,None,Move,browsing
1574937450.696,1339,782,None,Move,browsing
1574937450.706,1346,789,None,Move,browsing
1574937450.714,1354,794,None,Move,browsing
1574937450.7229998,1359,798,None,Move,browsing
1574937450.73,1364,800,None,Move,browsing
1574937450.736,1369,803,None,Move,browsing
1574937450.744,1372,805,None,Move,browsing
1574937450.752,1375,808,None,Move,browsing
1574937450.7610002,1377,809,None,Move,browsing
1574937450.769,1378,812,None,Move,browsing
1574937450.779,1380,813,None,Move,browsing
1574937450.7870002,1381,813,None,Move,browsing
1574937450.859,1383,815,None,Move,browsing
1574937450.885,1384,815,None,Move,browsing
1574937450.91,1385,815,None,Move,browsing
1574937450.9329998,1385,816,None,Move,browsing
1574937451.075,1384,817,None,Move,browsing
1574937451.101,1383,817,None,Move,browsing
1574937451.13,1381,817,None,Move,browsing
1574937451.147,1378,817,None,Move,browsing
1574937451.16,1373,817,None,Move,browsing
1574937451.174,1369,817,None,Move,browsing
1574937451.184,1363,817,None,Move,browsing
1574937451.196,1358,815,None,Move,browsing
1574937451.209,1351,814,None,Move,browsing
1574937451.222,1344,812,None,Move,browsing
1574937451.232,1336,809,None,Move,browsing
1574937451.2429998,1327,807,None,Move,browsing
1574937451.256,1318,803,None,Move,browsing
1574937451.266,1308,800,None,Move,browsing
1574937451.279,1299,798,None,Move,browsing
1574937451.29,1289,795,None,Move,browsing
1574937451.303,1278,791,None,Move,browsing
1574937451.314,1270,788,None,Move,browsing
1574937451.325,1258,784,None,Move,browsing
1574937451.3379998,1249,781,None,Move,browsing
1574937451.3479998,1240,778,None,Move,browsing
1574937451.3579998,1230,775,None,Move,browsing
1574937451.3679998,1221,770,None,Move,browsing
1574937451.379,1212,765,None,Move,browsing
1574937451.3920002,1204,761,None,Move,browsing
1574937451.403,1195,754,None,Move,browsing
1574937451.414,1184,750,None,Move,browsing
1574937451.427,1172,745,None,Move,browsing
1574937451.437,1159,740,None,Move,browsing
1574937451.445,1148,737,None,Move,browsing
1574937451.4529998,1137,736,None,Move,browsing
1574937451.462,1127,737,None,Move,browsing
1574937451.472,1117,742,None,Move,browsing
1574937451.48,1108,745,None,Move,browsing
1574937451.488,1096,748,None,Move,browsing
1574937451.4970002,1085,751,None,Move,browsing
1574937451.508,1076,752,None,Move,browsing
1574937451.516,1067,754,None,Move,browsing
1574937451.525,1058,754,None,Move,browsing
1574937451.533,1049,754,None,Move,browsing
1574937451.542,1042,755,None,Move,browsing
1574937451.551,1036,755,None,Move,browsing
1574937451.561,1031,755,None,Move,browsing
1574937451.569,1027,755,None,Move,browsing
1574937451.577,1024,755,None,Move,browsing
1574937451.587,1022,758,None,Move,browsing
1574937451.596,1019,759,None,Move,browsing
1574937451.607,1017,760,None,Move,browsing
1574937451.6120002,1014,762,None,Move,browsing
1574937451.6179998,1010,764,None,Move,browsing
1574937451.625,1007,766,None,Move,browsing
1574937451.631,1002,767,None,Move,browsing
1574937451.64,996,768,None,Move,browsing
1574937451.646,990,768,None,Move,browsing
1574937451.651,986,769,None,Move,browsing
1574937451.658,983,769,None,Move,browsing
1574937451.664,980,769,None,Move,browsing
1574937451.674,978,769,None,Move,browsing
1574937451.679,977,769,None,Move,browsing
1574937451.685,976,770,None,Move,browsing
1574937451.69,975,770,None,Move,browsing
1574937451.696,973,771,None,Move,browsing
1574937451.7029998,971,772,None,Move,browsing
1574937451.71,969,773,None,Move,browsing
1574937451.717,967,774,None,Move,browsing
1574937451.726,965,775,None,Move,browsing
1574937451.731,963,777,None,Move,browsing
1574937451.738,961,779,None,Move,browsing
1574937451.745,959,782,None,Move,browsing
1574937451.754,957,785,None,Move,browsing
1574937451.7589998,955,788,None,Move,browsing
1574937451.764,952,791,None,Move,browsing
1574937451.77,949,795,None,Move,browsing
1574937451.776,947,798,None,Move,browsing
1574937451.782,945,800,None,Move,browsing
1574937451.789,943,802,None,Move,browsing
1574937451.794,941,804,None,Move,browsing
1574937451.801,940,805,None,Move,browsing
1574937451.901,940,804,None,Move,browsing
1574937451.925,939,798,None,Move,browsing
1574937451.954,938,790,None,Move,browsing
1574937451.971,936,781,None,Move,browsing
1574937451.9870002,935,772,None,Move,browsing
1574937452.0029998,932,763,None,Move,browsing
1574937452.018,930,755,None,Move,browsing
1574937452.032,930,746,None,Move,browsing
1574937452.0470002,930,736,None,Move,browsing
1574937452.061,933,726,None,Move,browsing
1574937452.071,935,717,None,Move,browsing
1574937452.083,938,707,None,Move,browsing
1574937452.095,939,699,None,Move,browsing
1574937452.106,942,690,None,Move,browsing
1574937452.117,943,683,None,Move,browsing
1574937452.129,945,676,None,Move,browsing
1574937452.14,948,671,None,Move,browsing
1574937452.151,950,667,None,Move,browsing
1574937452.163,953,663,None,Move,browsing
1574937452.175,956,661,None,Move,browsing
1574937452.186,959,658,None,Move,browsing
1574937452.195,962,656,None,Move,browsing
1574937452.207,964,653,None,Move,browsing
1574937452.221,966,651,None,Move,browsing
1574937452.231,969,649,None,Move,browsing
1574937452.244,972,649,None,Move,browsing
1574937452.2570002,977,649,None,Move,browsing
1574937452.2670002,983,649,None,Move,browsing
1574937452.2770002,991,649,None,Move,browsing
1574937452.2870002,999,651,None,Move,browsing
1574937452.299,1008,654,None,Move,browsing
1574937452.311,1019,657,None,Move,browsing
1574937452.322,1031,660,None,Move,browsing
1574937452.334,1046,663,None,Move,browsing
1574937452.346,1060,666,None,Move,browsing
1574937452.357,1074,669,None,Move,browsing
1574937452.367,1089,674,None,Move,browsing
1574937452.3779998,1105,679,None,Move,browsing
1574937452.39,1122,684,None,Move,browsing
1574937452.4,1141,687,None,Move,browsing
1574937452.4120002,1158,693,None,Move,browsing
1574937452.424,1176,696,None,Move,browsing
1574937452.435,1192,700,None,Move,browsing
1574937452.446,1207,703,None,Move,browsing
1574937452.458,1222,707,None,Move,browsing
1574937452.471,1233,711,None,Move,browsing
1574937452.481,1244,715,None,Move,browsing
1574937452.492,1255,718,None,Move,browsing
1574937452.505,1262,720,None,Move,browsing
1574937452.518,1269,722,None,Move,browsing
1574937452.528,1272,723,None,Move,browsing
1574937452.539,1276,725,None,Move,browsing
1574937452.55,1279,727,None,Move,browsing
1574937452.562,1282,727,None,Move,browsing
1574937452.573,1285,728,None,Move,browsing
1574937452.585,1287,729,None,Move,browsing
1574937452.596,1290,731,None,Move,browsing
1574937452.606,1293,732,None,Move,browsing
1574937452.6160002,1296,734,None,Move,browsing
1574937452.627,1301,736,None,Move,browsing
1574937452.64,1305,738,None,Move,browsing
1574937452.65,1310,740,None,Move,browsing
1574937452.661,1316,742,None,Move,browsing
1574937452.6720002,1322,743,None,Move,browsing
1574937452.6829998,1327,746,None,Move,browsing
1574937452.6929998,1333,747,None,Move,browsing
1574937452.704,1339,748,None,Move,browsing
1574937452.715,1346,750,None,Move,browsing
1574937452.7270002,1351,751,None,Move,browsing
1574937452.7370002,1355,754,None,Move,browsing
1574937452.7470002,1359,754,None,Move,browsing
1574937452.7589998,1361,755,None,Move,browsing
1574937452.769,1362,756,None,Move,browsing
1574937457.3660002,1362,756,Left,Pressed,browsing
1574937457.546,1362,756,Left,Released,browsing
1574937457.686,1362,753,None,Move,browsing
1574937457.6929998,1363,743,None,Move,browsing
1574937457.702,1363,723,None,Move,browsing
1574937457.711,1363,699,None,Move,browsing
1574937457.718,1367,669,None,Move,browsing
1574937457.7270002,1369,637,None,Move,browsing
1574937457.736,1373,603,None,Move,browsing
1574937457.745,1377,567,None,Move,browsing
1574937457.754,1379,531,None,Move,browsing
1574937457.765,1379,497,None,Move,browsing
1574937457.772,1379,463,None,Move,browsing
1574937457.778,1381,429,None,Move,browsing
1574937457.784,1383,395,None,Move,browsing
1574937457.791,1387,363,None,Move,browsing
1574937457.799,1391,329,None,Move,browsing
1574937457.806,1395,297,None,Move,browsing
1574937457.813,1399,271,None,Move,browsing
1574937457.821,1403,245,None,Move,browsing
1574937457.827,1409,223,None,Move,browsing
1574937457.836,1415,201,None,Move,browsing
1574937457.844,1425,185,None,Move,browsing
1574937457.854,1437,171,None,Move,browsing
1574937457.861,1445,157,None,Move,browsing
1574937457.869,1453,145,None,Move,browsing
1574937457.8760002,1457,133,None,Move,browsing
1574937457.889,1461,121,None,Move,browsing
1574937457.897,1465,111,None,Move,browsing
1574937457.904,1469,101,None,Move,browsing
1574937457.9120002,1473,96,None,Move,browsing
1574937457.9220002,1477,90,None,Move,browsing
1574937457.931,1478,85,None,Move,browsing
1574937457.939,1482,80,None,Move,browsing
1574937457.947,1485,76,None,Move,browsing
1574937457.956,1488,73,None,Move,browsing
1574937457.965,1490,70,None,Move,browsing
1574937457.9729998,1491,69,None,Move,browsing
1574937457.982,1493,68,None,Move,browsing
1574937457.99,1495,68,None,Move,browsing
1574937458.0,1496,68,None,Move,browsing
1574937458.006,1498,68,None,Move,browsing
1574937458.015,1500,67,None,Move,browsing
1574937458.022,1503,66,None,Move,browsing
1574937458.032,1508,64,None,Move,browsing
1574937458.038,1512,63,None,Move,browsing
1574937458.0470002,1515,62,None,Move,browsing
1574937458.055,1518,61,None,Move,browsing
1574937458.065,1521,60,None,Move,browsing
1574937458.072,1525,59,None,Move,browsing
1574937458.081,1531,58,None,Move,browsing
1574937458.089,1537,57,None,Move,browsing
1574937458.099,1543,56,None,Move,browsing
1574937458.106,1549,55,None,Move,browsing
1574937458.1139998,1555,54,None,Move,browsing
1574937458.123,1561,54,None,Move,browsing
1574937458.131,1567,54,None,Move,browsing
1574937458.14,1575,54,None,Move,browsing
1574937458.1479998,1582,54,None,Move,browsing
1574937458.156,1590,55,None,Move,browsing
1574937458.164,1599,56,None,Move,browsing
1574937458.1720002,1608,56,None,Move,browsing
1574937458.18,1617,56,None,Move,browsing
1574937458.188,1629,56,None,Move,browsing
1574937458.196,1642,56,None,Move,browsing
1574937458.204,1655,58,None,Move,browsing
1574937458.211,1667,59,None,Move,browsing
1574937458.219,1679,61,None,Move,browsing
1574937458.2270002,1691,62,None,Move,browsing
1574937458.235,1702,64,None,Move,browsing
1574937458.242,1711,64,None,Move,browsing
1574937458.2510002,1718,64,None,Move,browsing
1574937458.2589998,1722,64,None,Move,browsing
1574937458.2670002,1725,64,None,Move,browsing
1574937458.275,1727,64,None,Move,browsing
1574937458.403,1726,65,None,Move,browsing
1574937458.431,1723,67,None,Move,browsing
1574937458.451,1719,69,None,Move,browsing
1574937458.4629998,1715,70,None,Move,browsing
1574937458.476,1710,71,None,Move,browsing
1574937458.4889998,1707,72,None,Move,browsing
1574937458.502,1704,72,None,Move,browsing
1574937458.515,1701,72,None,Move,browsing
1574937458.529,1698,72,None,Move,browsing
1574937458.542,1694,73,None,Move,browsing
1574937458.556,1692,73,None,Move,browsing
1574937458.57,1689,73,None,Move,browsing
1574937458.583,1687,73,None,Move,browsing
1574937458.595,1684,73,None,Move,browsing
1574937458.607,1682,73,None,Move,browsing
1574937458.62,1680,73,None,Move,browsing
1574937458.633,1677,73,None,Move,browsing
1574937458.645,1675,73,None,Move,browsing
1574937458.658,1673,73,None,Move,browsing
1574937458.6720002,1670,73,None,Move,browsing
1574937458.685,1667,73,None,Move,browsing
1574937458.6929998,1664,73,None,Move,browsing
1574937458.702,1661,73,None,Move,browsing
1574937458.708,1657,73,None,Move,browsing
1574937458.717,1653,73,None,Move,browsing
1574937458.7229998,1647,73,None,Move,browsing
1574937458.732,1641,72,None,Move,browsing
1574937458.7389998,1635,72,None,Move,browsing
1574937458.748,1629,71,None,Move,browsing
1574937458.755,1622,71,None,Move,browsing
1574937458.7629998,1615,71,None,Move,browsing
1574937458.77,1610,70,None,Move,browsing
1574937458.7770002,1605,69,None,Move,browsing
1574937458.786,1600,69,None,Move,browsing
1574937458.792,1595,68,None,Move,browsing
1574937458.802,1593,68,None,Move,browsing
1574937458.8079998,1591,68,None,Move,browsing
1574937458.8179998,1589,68,None,Move,browsing
1574937458.824,1588,68,None,Move,browsing
1574937458.833,1587,68,None,Move,browsing
1574937458.9120002,1587,68,Left,Pressed,browsing
1574937459.054,1587,68,Left,Released,browsing
1574937459.099,1586,70,None,Move,browsing
1574937459.1239998,1583,71,None,Move,browsing
1574937459.151,1579,72,None,Move,browsing
1574937459.171,1573,74,None,Move,browsing
1574937459.186,1566,76,None,Move,browsing
1574937459.197,1556,78,None,Move,browsing
1574937459.205,1546,81,None,Move,browsing
1574937459.215,1539,82,None,Move,browsing
1574937459.224,1532,83,None,Move,browsing
1574937459.236,1526,85,None,Move,browsing
1574937459.244,1520,87,None,Move,browsing
1574937459.254,1515,89,None,Move,browsing
1574937459.2629998,1510,91,None,Move,browsing
1574937459.272,1504,93,None,Move,browsing
1574937459.283,1500,94,None,Move,browsing
1574937459.291,1497,95,None,Move,browsing
1574937459.302,1493,96,None,Move,browsing
1574937459.31,1490,98,None,Move,browsing
1574937459.32,1487,98,None,Move,browsing
1574937459.329,1483,99,None,Move,browsing
1574937459.337,1479,99,None,Move,browsing
1574937459.345,1474,99,None,Move,browsing
1574937459.353,1468,100,None,Move,browsing
1574937459.3620002,1463,100,None,Move,browsing
1574937459.371,1456,101,None,Move,browsing
1574937459.3779998,1449,104,None,Move,browsing
1574937459.3860002,1441,105,None,Move,browsing
1574937459.395,1432,106,None,Move,browsing
1574937459.403,1425,106,None,Move,browsing
1574937459.41,1418,106,None,Move,browsing
1574937459.418,1412,106,None,Move,browsing
1574937459.426,1407,106,None,Move,browsing
1574937459.435,1405,106,None,Move,browsing
1574937459.4420002,1402,105,None,Move,browsing
1574937459.452,1401,104,None,Move,browsing
1574937459.46,1400,102,None,Move,browsing
1574937459.469,1398,100,None,Move,browsing
1574937459.4770002,1397,98,None,Move,browsing
1574937459.485,1395,96,None,Move,browsing
1574937459.492,1393,94,None,Move,browsing
1574937459.5010002,1392,92,None,Move,browsing
1574937459.5089998,1391,91,None,Move,browsing
1574937459.518,1390,89,None,Move,browsing
1574937459.525,1389,88,None,Move,browsing
1574937459.534,1388,88,None,Move,browsing
1574937459.541,1387,87,None,Move,browsing
1574937459.551,1387,86,None,Move,browsing
1574937459.5579998,1386,85,None,Move,browsing
1574937459.566,1385,84,None,Move,browsing
1574937459.573,1384,83,None,Move,browsing
1574937459.583,1384,82,None,Move,browsing
1574937459.591,1383,82,None,Move,browsing
1574937459.684,1383,82,Left,Pressed,browsing
1574937459.835,1383,82,Left,Released,browsing
1574937459.9529998,1386,81,None,Move,browsing
1574937459.982,1391,80,None,Move,browsing
1574937460.005,1397,78,None,Move,browsing
1574937460.018,1404,77,None,Move,browsing
1574937460.0270002,1410,77,None,Move,browsing
1574937460.036,1417,75,None,Move,browsing
1574937460.045,1422,75,None,Move,browsing
1574937460.053,1427,74,None,Move,browsing
1574937460.063,1433,74,None,Move,browsing
1574937460.071,1439,73,None,Move,browsing
1574937460.08,1447,71,None,Move,browsing
1574937460.0879998,1454,70,None,Move,browsing
1574937460.0979998,1463,69,None,Move,browsing
1574937460.105,1471,66,None,Move,browsing
1574937460.115,1482,64,None,Move,browsing
1574937460.1220002,1493,62,None,Move,browsing
1574937460.133,1507,61,None,Move,browsing
1574937460.14,1522,61,None,Move,browsing
1574937460.15,1540,61,None,Move,browsing
1574937460.157,1559,64,None,Move,browsing
1574937460.167,1578,66,None,Move,browsing
1574937460.175,1598,67,None,Move,browsing
1574937460.186,1619,67,None,Move,browsing
1574937460.194,1638,67,None,Move,browsing
1574937460.2029998,1654,67,None,Move,browsing
1574937460.2129998,1669,65,None,Move,browsing
1574937460.221,1685,65,None,Move,browsing
1574937460.23,1700,65,None,Move,browsing
1574937460.238,1712,63,None,Move,browsing
1574937460.248,1723,62,None,Move,browsing
1574937460.255,1733,60,None,Move,browsing
1574937460.264,1738,58,None,Move,browsing
1574937460.271,1742,56,None,Move,browsing
1574937460.28,1744,56,None,Move,browsing
1574937460.288,1745,56,None,Move,browsing
1574937460.298,1747,56,None,Move,browsing
1574937460.305,1748,56,None,Move,browsing
1574937460.331,1749,56,None,Move,browsing
1574937460.355,1750,56,None,Move,browsing
1574937460.3779998,1751,56,None,Move,browsing
1574937460.395,1752,57,None,Move,browsing
1574937460.413,1752,58,None,Move,browsing
1574937460.4320002,1753,59,None,Move,browsing
1574937460.4429998,1754,60,None,Move,browsing
1574937460.456,1755,60,None,Move,browsing
1574937460.467,1755,61,None,Move,browsing
1574937460.474,1755,62,None,Move,browsing
1574937460.485,1755,63,None,Move,browsing
1574937460.492,1755,64,None,Move,browsing
1574937460.502,1755,65,None,Move,browsing
1574937460.5110002,1755,67,None,Move,browsing
1574937460.519,1755,68,None,Move,browsing
1574937460.528,1755,69,None,Move,browsing
1574937460.5370002,1755,71,None,Move,browsing
1574937460.546,1755,73,None,Move,browsing
1574937460.554,1755,75,None,Move,browsing
1574937460.561,1755,77,None,Move,browsing
1574937460.5679998,1755,78,None,Move,browsing
1574937460.575,1755,80,None,Move,browsing
1574937460.582,1755,81,None,Move,browsing
1574937460.5879998,1755,82,None,Move,browsing
1574937460.887,1755,82,Left,Pressed,browsing
1574937461.025,1755,82,Left,Released,browsing
1574937461.228,1754,83,None,Move,browsing
1574937461.256,1751,85,None,Move,browsing
1574937461.283,1744,89,None,Move,browsing
1574937461.302,1732,98,None,Move,browsing
1574937461.316,1718,106,None,Move,browsing
1574937461.332,1704,114,None,Move,browsing
1574937461.345,1688,122,None,Move,browsing
1574937461.361,1670,131,None,Move,browsing
1574937461.3739998,1655,139,None,Move,browsing
1574937461.389,1641,148,None,Move,browsing
1574937461.404,1633,156,None,Move,browsing
1574937461.417,1624,164,None,Move,browsing
1574937461.4320002,1616,172,None,Move,browsing
1574937461.446,1610,178,None,Move,browsing
1574937461.46,1601,183,None,Move,browsing
1574937461.4729998,1590,192,None,Move,browsing
1574937461.488,1579,197,None,Move,browsing
1574937461.5029998,1568,203,None,Move,browsing
1574937461.5170002,1559,206,None,Move,browsing
1574937461.529,1551,210,None,Move,browsing
1574937461.542,1546,213,None,Move,browsing
1574937461.553,1543,216,None,Move,browsing
1574937461.562,1536,219,None,Move,browsing
1574937461.571,1532,224,None,Move,browsing
1574937461.581,1523,227,None,Move,browsing
1574937461.591,1514,231,None,Move,browsing
1574937461.599,1504,235,None,Move,browsing
1574937461.609,1493,240,None,Move,browsing
1574937461.621,1482,242,None,Move,browsing
1574937461.631,1470,245,None,Move,browsing
1574937461.641,1459,248,None,Move,browsing
1574937461.65,1447,251,None,Move,browsing
1574937461.659,1436,254,None,Move,browsing
1574937461.668,1424,257,None,Move,browsing
1574937461.677,1412,260,None,Move,browsing
1574937461.686,1399,263,None,Move,browsing
1574937461.696,1384,266,None,Move,browsing
1574937461.705,1371,269,None,Move,browsing
1574937461.715,1356,273,None,Move,browsing
1574937461.725,1340,274,None,Move,browsing
1574937461.734,1323,276,None,Move,browsing
1574937461.744,1303,278,None,Move,browsing
1574937461.754,1285,282,None,Move,browsing
1574937461.7629998,1269,285,None,Move,browsing
1574937461.7729998,1253,289,None,Move,browsing
1574937461.782,1236,292,None,Move,browsing
1574937461.791,1221,296,None,Move,browsing
1574937461.802,1205,298,None,Move,browsing
1574937461.812,1188,302,None,Move,browsing
1574937461.822,1171,304,None,Move,browsing
1574937461.832,1156,305,None,Move,browsing
1574937461.841,1141,309,None,Move,browsing
1574937461.851,1123,311,None,Move,browsing
1574937461.86,1106,311,None,Move,browsing
1574937461.87,1087,311,None,Move,browsing
1574937461.88,1069,313,None,Move,browsing
1574937461.889,1050,317,None,Move,browsing
1574937461.899,1032,320,None,Move,browsing
1574937461.908,1013,320,None,Move,browsing
1574937461.919,998,322,None,Move,browsing
1574937461.931,984,322,None,Move,browsing
1574937461.94,969,318,None,Move,browsing
1574937461.95,954,317,None,Move,browsing
1574937461.96,943,317,None,Move,browsing
1574937461.97,932,317,None,Move,browsing
1574937461.98,927,317,None,Move,browsing
1574937461.988,924,317,None,Move,browsing
1574937461.998,921,318,None,Move,browsing
1574937462.0070002,918,321,None,Move,browsing
1574937462.016,916,322,None,Move,browsing
1574937462.025,914,323,None,Move,browsing
1574937462.035,912,325,None,Move,browsing
1574937462.044,910,327,None,Move,browsing
1574937462.053,906,329,None,Move,browsing
1574937462.063,903,331,None,Move,browsing
1574937462.073,899,333,None,Move,browsing
1574937462.082,895,335,None,Move,browsing
1574937462.092,891,337,None,Move,browsing
1574937462.101,888,339,None,Move,browsing
1574937462.109,885,341,None,Move,browsing
1574937462.1179998,882,343,None,Move,browsing
1574937462.1279998,880,345,None,Move,browsing
1574937462.137,878,347,None,Move,browsing
1574937462.149,876,349,None,Move,browsing
1574937462.158,874,351,None,Move,browsing
1574937462.168,872,353,None,Move,browsing
1574937462.18,870,356,None,Move,browsing
1574937462.189,868,358,None,Move,browsing
1574937462.199,866,360,None,Move,browsing
1574937462.208,864,362,None,Move,browsing
1574937462.218,862,364,None,Move,browsing
1574937462.2270002,860,366,None,Move,browsing
1574937462.2370002,858,368,None,Move,browsing
1574937462.248,857,370,None,Move,browsing
1574937462.258,856,371,None,Move,browsing
1574937462.2670002,855,373,None,Move,browsing
1574937462.2770002,854,374,None,Move,browsing
1574937462.286,853,375,None,Move,browsing
1574937462.295,853,376,None,Move,browsing
1574937462.305,852,377,None,Move,browsing
1574937462.314,852,378,None,Move,browsing
1574937462.324,852,379,None,Move,browsing
1574937462.332,852,380,None,Move,browsing
1574937462.341,852,381,None,Move,browsing
1574937462.35,851,382,None,Move,browsing
1574937462.359,851,383,None,Move,browsing
1574937462.3679998,851,384,None,Move,browsing
1574937462.377,851,385,None,Move,browsing
1574937462.385,851,386,None,Move,browsing
1574937462.394,850,387,None,Move,browsing
1574937462.403,850,388,None,Move,browsing
1574937462.4120002,850,389,None,Move,browsing
1574937462.4220002,850,390,None,Move,browsing
1574937462.4320002,850,391,None,Move,browsing
1574937462.441,849,392,None,Move,browsing
1574937462.451,849,393,None,Move,browsing
1574937462.459,849,394,None,Move,browsing
1574937462.468,849,395,None,Move,browsing
1574937462.476,849,396,None,Move,browsing
1574937462.485,849,397,None,Move,browsing
1574937462.494,848,397,None,Move,browsing
1574937462.505,848,398,None,Move,browsing
1574937462.514,848,399,None,Move,browsing
1574937463.107,847,399,None,Move,browsing
1574937463.1260002,846,400,None,Move,browsing
1574937463.145,844,401,None,Move,browsing
1574937463.163,836,403,None,Move,browsing
1574937463.1820002,823,405,None,Move,browsing
1574937463.202,810,407,None,Move,browsing
1574937463.222,793,408,None,Move,browsing
1574937463.2410002,775,408,None,Move,browsing
1574937463.2510002,757,405,None,Move,browsing
1574937463.262,740,400,None,Move,browsing
1574937463.271,724,395,None,Move,browsing
1574937463.281,708,391,None,Move,browsing
1574937463.289,695,388,None,Move,browsing
1574937463.2970002,681,384,None,Move,browsing
1574937463.305,667,381,None,Move,browsing
1574937463.314,653,377,None,Move,browsing
1574937463.323,641,376,None,Move,browsing
1574937463.333,630,372,None,Move,browsing
1574937463.343,617,368,None,Move,browsing
1574937463.351,606,365,None,Move,browsing
1574937463.359,594,361,None,Move,browsing
1574937463.367,583,359,None,Move,browsing
1574937463.375,575,356,None,Move,browsing
1574937463.383,568,354,None,Move,browsing
1574937463.3920002,564,351,None,Move,browsing
1574937463.399,558,348,None,Move,browsing
1574937463.407,553,347,None,Move,browsing
1574937463.415,550,344,None,Move,browsing
1574937463.423,548,341,None,Move,browsing
1574937463.43,545,339,None,Move,browsing
1574937463.438,543,336,None,Move,browsing
1574937463.447,540,334,None,Move,browsing
1574937463.454,538,331,None,Move,browsing
1574937463.462,536,329,None,Move,browsing
1574937463.469,533,327,None,Move,browsing
1574937463.4770002,531,325,None,Move,browsing
1574937463.484,529,323,None,Move,browsing
1574937463.4910002,525,321,None,Move,browsing
1574937463.498,520,319,None,Move,browsing
1574937463.506,515,316,None,Move,browsing
1574937463.514,509,312,None,Move,browsing
1574937463.521,503,310,None,Move,browsing
1574937463.529,499,308,None,Move,browsing
1574937463.536,495,306,None,Move,browsing
1574937463.544,492,304,None,Move,browsing
1574937463.551,490,301,None,Move,browsing
1574937463.5579998,487,299,None,Move,browsing
1574937463.566,485,297,None,Move,browsing
1574937463.573,481,295,None,Move,browsing
1574937463.58,479,293,None,Move,browsing
1574937463.5879998,477,290,None,Move,browsing
1574937463.596,475,288,None,Move,browsing
1574937463.603,472,286,None,Move,browsing
1574937463.611,469,284,None,Move,browsing
1574937463.6179998,465,281,None,Move,browsing
1574937463.6260002,461,279,None,Move,browsing
1574937463.633,457,277,None,Move,browsing
1574937463.641,452,275,None,Move,browsing
1574937463.6479998,448,274,None,Move,browsing
1574937463.655,443,272,None,Move,browsing
1574937463.6620002,438,270,None,Move,browsing
1574937463.669,435,268,None,Move,browsing
1574937463.676,432,267,None,Move,browsing
1574937463.6829998,430,264,None,Move,browsing
1574937463.69,428,264,None,Move,browsing
1574937463.697,427,263,None,Move,browsing
1574937464.4970002,425,262,None,Move,browsing
1574937464.5029998,416,260,None,Move,browsing
1574937464.51,408,258,None,Move,browsing
1574937464.518,399,255,None,Move,browsing
1574937464.53,389,253,None,Move,browsing
1574937464.535,384,252,None,Move,browsing
1574937464.542,377,250,None,Move,browsing
1574937464.55,371,248,None,Move,browsing
1574937464.5579998,366,246,None,Move,browsing
1574937464.579,363,244,None,Move,browsing
1574937464.597,362,244,None,Move,browsing
1574937464.785,364,244,None,Move,browsing
1574937464.803,366,244,None,Move,browsing
1574937464.823,368,244,None,Move,browsing
1574937464.842,370,244,None,Move,browsing
1574937464.861,372,243,None,Move,browsing
1574937464.88,374,243,None,Move,browsing
1574937464.899,376,242,None,Move,browsing
1574937464.92,378,242,None,Move,browsing
1574937464.941,380,241,None,Move,browsing
1574937464.959,382,241,None,Move,browsing
1574937464.976,383,241,None,Move,browsing
1574937464.994,384,241,None,Move,browsing
1574937465.0670002,384,241,Left,Pressed,browsing
1574937465.221,384,241,Left,Released,browsing
1574937467.1139998,386,240,None,Move,browsing
1574937467.133,393,238,None,Move,browsing
1574937467.1520002,406,238,None,Move,browsing
1574937467.171,423,236,None,Move,browsing
1574937467.191,442,236,None,Move,browsing
1574937467.209,464,236,None,Move,browsing
1574937467.229,487,236,None,Move,browsing
1574937467.248,511,236,None,Move,browsing
1574937467.2670002,534,236,None,Move,browsing
1574937467.2870002,558,236,None,Move,browsing
1574937467.306,584,234,None,Move,browsing
1574937467.325,610,232,None,Move,browsing
1574937467.344,640,228,None,Move,browsing
1574937467.3620002,670,224,None,Move,browsing
1574937467.381,698,222,None,Move,browsing
1574937467.399,730,220,None,Move,browsing
1574937467.416,762,214,None,Move,browsing
1574937467.434,792,206,None,Move,browsing
1574937467.455,820,192,None,Move,browsing
1574937467.4729998,850,180,None,Move,browsing
1574937467.4970002,878,170,None,Move,browsing
1574937467.518,904,160,None,Move,browsing
1574937467.538,928,154,None,Move,browsing
1574937467.554,952,150,None,Move,browsing
1574937467.564,974,146,None,Move,browsing
1574937467.575,996,142,None,Move,browsing
1574937467.585,1018,138,None,Move,browsing
1574937467.595,1040,134,None,Move,browsing
1574937467.603,1062,130,None,Move,browsing
1574937467.6120002,1084,126,None,Move,browsing
1574937467.621,1100,124,None,Move,browsing
1574937467.63,1116,124,None,Move,browsing
1574937467.6379998,1130,122,None,Move,browsing
1574937467.646,1144,120,None,Move,browsing
1574937467.655,1158,120,None,Move,browsing
1574937467.663,1172,120,None,Move,browsing
1574937467.671,1184,120,None,Move,browsing
1574937467.679,1195,120,None,Move,browsing
1574937467.688,1206,120,None,Move,browsing
1574937467.696,1216,120,None,Move,browsing
1574937467.705,1226,120,None,Move,browsing
1574937467.712,1231,120,None,Move,browsing
1574937467.721,1237,118,None,Move,browsing
1574937467.73,1242,118,None,Move,browsing
1574937467.7389998,1245,118,None,Move,browsing
1574937467.746,1247,118,None,Move,browsing
1574937467.756,1249,118,None,Move,browsing
1574937467.764,1250,118,None,Move,browsing
1574937467.772,1250,117,None,Move,browsing
1574937467.78,1251,117,None,Move,browsing
1574937467.79,1253,117,None,Move,browsing
1574937467.7970002,1254,117,None,Move,browsing
1574937467.805,1255,117,None,Move,browsing
1574937467.813,1256,117,None,Move,browsing
1574937467.821,1257,118,None,Move,browsing
1574937467.83,1258,118,None,Move,browsing
1574937467.837,1258,119,None,Move,browsing
1574937467.845,1258,120,None,Move,browsing
1574937467.853,1256,122,None,Move,browsing
1574937467.863,1254,124,None,Move,browsing
1574937467.871,1252,126,None,Move,browsing
1574937467.879,1249,128,None,Move,browsing
1574937467.8879998,1246,130,None,Move,browsing
1574937467.896,1241,132,None,Move,browsing
1574937467.904,1235,134,None,Move,browsing
1574937467.913,1228,136,None,Move,browsing
1574937467.9220002,1219,137,None,Move,browsing
1574937467.93,1204,137,None,Move,browsing
1574937467.938,1184,137,None,Move,browsing
1574937467.945,1158,134,None,Move,browsing
1574937467.954,1129,130,None,Move,browsing
1574937467.962,1094,126,None,Move,browsing
1574937467.97,1058,122,None,Move,browsing
1574937467.98,1020,118,None,Move,browsing
1574937467.9889998,982,114,None,Move,browsing
1574937467.996,944,112,None,Move,browsing
1574937468.004,908,112,None,Move,browsing
1574937468.0110002,870,108,None,Move,browsing
1574937468.018,836,104,None,Move,browsing
1574937468.026,802,100,None,Move,browsing
1574937468.034,772,100,None,Move,browsing
1574937468.041,748,100,None,Move,browsing
1574937468.049,722,102,None,Move,browsing
1574937468.0570002,698,104,None,Move,browsing
1574937468.064,676,106,None,Move,browsing
1574937468.071,658,106,None,Move,browsing
1574937468.0779998,642,106,None,Move,browsing
1574937468.085,628,108,None,Move,browsing
1574937468.093,616,108,None,Move,browsing
1574937468.1,604,108,None,Move,browsing
1574937468.107,594,108,None,Move,browsing
1574937468.1139998,584,108,None,Move,browsing
1574937468.121,574,108,None,Move,browsing
1574937468.129,564,108,None,Move,browsing
1574937468.1360002,553,108,None,Move,browsing
1574937468.143,545,108,None,Move,browsing
1574937468.15,535,108,None,Move,browsing
1574937468.157,526,108,None,Move,browsing
1574937468.165,517,108,None,Move,browsing
1574937468.1720002,510,108,None,Move,browsing
1574937468.179,503,108,None,Move,browsing
1574937468.186,499,107,None,Move,browsing
1574937468.1929998,495,107,None,Move,browsing
1574937468.2,491,107,None,Move,browsing
1574937468.206,489,107,None,Move,browsing
1574937468.214,485,107,None,Move,browsing
1574937468.221,483,107,None,Move,browsing
1574937468.228,478,107,None,Move,browsing
1574937468.235,475,107,None,Move,browsing
1574937468.242,470,106,None,Move,browsing
1574937468.25,465,106,None,Move,browsing
1574937468.2570002,458,106,None,Move,browsing
1574937468.264,451,105,None,Move,browsing
1574937468.271,445,105,None,Move,browsing
1574937468.278,438,104,None,Move,browsing
1574937468.285,432,103,None,Move,browsing
1574937468.292,426,101,None,Move,browsing
1574937468.3,421,101,None,Move,browsing
1574937468.3070002,417,100,None,Move,browsing
1574937468.315,414,100,None,Move,browsing
1574937468.322,411,100,None,Move,browsing
1574937468.329,409,99,None,Move,browsing
1574937468.336,407,99,None,Move,browsing
1574937468.344,405,99,None,Move,browsing
1574937468.351,404,99,None,Move,browsing
1574937468.359,403,99,None,Move,browsing
1574937468.367,403,100,None,Move,browsing
1574937468.3760002,403,100,None,Move,browsing
1574937468.383,402,101,None,Move,browsing
1574937468.3920002,402,101,None,Move,browsing
1574937468.399,402,102,None,Move,browsing
1574937468.409,402,104,None,Move,browsing
1574937468.417,402,105,None,Move,browsing
1574937468.425,403,107,None,Move,browsing
1574937468.4329998,405,109,None,Move,browsing
1574937468.4429998,407,111,None,Move,browsing
1574937468.451,409,115,None,Move,browsing
1574937468.46,411,119,None,Move,browsing
1574937468.468,413,125,None,Move,browsing
1574937468.478,415,132,None,Move,browsing
1574937468.486,418,139,None,Move,browsing
1574937468.494,420,146,None,Move,browsing
1574937468.5070002,422,152,None,Move,browsing
1574937468.514,426,159,None,Move,browsing
1574937468.5229998,429,165,None,Move,browsing
1574937468.531,431,171,None,Move,browsing
1574937468.541,433,175,None,Move,browsing
1574937468.549,436,177,None,Move,browsing
1574937468.5579998,438,181,None,Move,browsing
1574937468.566,440,183,None,Move,browsing
1574937468.576,441,186,None,Move,browsing
1574937468.584,442,188,None,Move,browsing
1574937468.593,443,189,None,Move,browsing
1574937468.6020002,443,190,None,Move,browsing
1574937468.611,444,192,None,Move,browsing
1574937468.6179998,444,193,None,Move,browsing
1574937468.6260002,444,195,None,Move,browsing
1574937468.6339998,445,196,None,Move,browsing
1574937468.641,446,198,None,Move,browsing
1574937468.649,446,200,None,Move,browsing
1574937468.657,447,202,None,Move,browsing
1574937468.665,448,204,None,Move,browsing
1574937468.673,448,206,None,Move,browsing
1574937468.68,449,208,None,Move,browsing
1574937468.688,449,210,None,Move,browsing
1574937468.695,450,212,None,Move,browsing
1574937468.7029998,450,214,None,Move,browsing
1574937468.71,450,215,None,Move,browsing
1574937468.717,450,216,None,Move,browsing
1574937468.724,450,217,None,Move,browsing
1574937468.731,450,218,None,Move,browsing
1574937468.738,450,220,None,Move,browsing
1574937468.745,450,221,None,Move,browsing
1574937468.752,450,222,None,Move,browsing
1574937468.803,450,222,Left,Pressed,browsing
1574937468.951,450,222,Left,Released,browsing
1574937469.061,451,222,None,Move,browsing
1574937469.083,452,222,None,Move,browsing
1574937469.1020002,452,223,None,Move,browsing
1574937469.121,453,224,None,Move,browsing
1574937469.139,454,225,None,Move,browsing
1574937469.157,455,227,None,Move,browsing
1574937469.176,456,227,None,Move,browsing
1574937469.196,457,228,None,Move,browsing
1574937469.207,458,229,None,Move,browsing
1574937469.214,458,229,Left,Pressed,browsing
1574937469.339,458,229,Left,Released,browsing
1574937473.732,457,229,None,Move,browsing
1574937473.7429998,454,233,None,Move,browsing
1574937473.748,451,237,None,Move,browsing
1574937473.756,445,242,None,Move,browsing
1574937473.764,440,245,None,Move,browsing
1574937473.772,434,249,None,Move,browsing
1574937473.792,427,252,None,Move,browsing
1574937473.81,422,257,None,Move,browsing
1574937473.829,417,261,None,Move,browsing
1574937473.8479998,410,265,None,Move,browsing
1574937473.867,405,267,None,Move,browsing
1574937473.885,403,270,None,Move,browsing
1574937473.903,399,272,None,Move,browsing
1574937473.923,396,275,None,Move,browsing
1574937473.9429998,394,276,None,Move,browsing
1574937473.962,392,278,None,Move,browsing
1574937473.979,391,279,None,Move,browsing
1574937473.998,389,281,None,Move,browsing
1574937474.015,388,282,None,Move,browsing
1574937474.074,387,281,None,Move,browsing
1574937474.094,386,277,None,Move,browsing
1574937474.113,383,273,None,Move,browsing
1574937474.1320002,381,267,None,Move,browsing
1574937474.1520002,378,260,None,Move,browsing
1574937474.175,376,252,None,Move,browsing
1574937474.1929998,373,244,None,Move,browsing
1574937474.204,370,236,None,Move,browsing
1574937474.21,368,228,None,Move,browsing
1574937474.217,363,220,None,Move,browsing
1574937474.2229998,355,211,None,Move,browsing
1574937474.229,348,203,None,Move,browsing
1574937474.235,341,194,None,Move,browsing
1574937474.242,337,187,None,Move,browsing
1574937474.248,334,182,None,Move,browsing
1574937474.254,331,176,None,Move,browsing
1574937474.2610002,328,172,None,Move,browsing
1574937474.2670002,325,168,None,Move,browsing
1574937474.2729998,323,165,None,Move,browsing
1574937474.28,320,162,None,Move,browsing
1574937474.286,319,159,None,Move,browsing
1574937474.292,316,157,None,Move,browsing
1574937474.298,315,156,None,Move,browsing
1574937474.305,314,153,None,Move,browsing
1574937474.311,311,151,None,Move,browsing
1574937474.3170002,310,150,None,Move,browsing
1574937474.323,309,149,None,Move,browsing
1574937474.329,307,148,None,Move,browsing
1574937474.335,306,146,None,Move,browsing
1574937474.341,305,145,None,Move,browsing
1574937474.3479998,303,143,None,Move,browsing
1574937474.354,302,141,None,Move,browsing
1574937474.36,300,139,None,Move,browsing
1574937474.3660002,299,137,None,Move,browsing
1574937474.373,298,136,None,Move,browsing
1574937474.379,297,134,None,Move,browsing
1574937474.385,296,132,None,Move,browsing
1574937474.391,296,130,None,Move,browsing
1574937474.397,295,128,None,Move,browsing
1574937474.404,295,126,None,Move,browsing
1574937474.41,295,124,None,Move,browsing
1574937474.416,297,121,None,Move,browsing
1574937474.4220002,298,119,None,Move,browsing
1574937474.428,300,117,None,Move,browsing
1574937474.434,302,115,None,Move,browsing
1574937474.441,304,113,None,Move,browsing
1574937474.447,305,111,None,Move,browsing
1574937474.455,307,109,None,Move,browsing
1574937474.462,309,107,None,Move,browsing
1574937474.47,311,105,None,Move,browsing
1574937474.476,313,103,None,Move,browsing
1574937474.4829998,315,101,None,Move,browsing
1574937474.488,317,99,None,Move,browsing
1574937474.495,319,97,None,Move,browsing
1574937474.504,321,95,None,Move,browsing
1574937474.5110002,323,93,None,Move,browsing
1574937474.518,325,91,None,Move,browsing
1574937474.524,327,89,None,Move,browsing
1574937474.532,329,88,None,Move,browsing
1574937474.539,331,86,None,Move,browsing
1574937474.545,333,84,None,Move,browsing
1574937474.554,335,83,None,Move,browsing
1574937474.561,337,81,None,Move,browsing
1574937474.571,341,80,None,Move,browsing
1574937474.577,346,78,None,Move,browsing
1574937474.587,352,76,None,Move,browsing
1574937474.595,360,74,None,Move,browsing
1574937474.605,369,72,None,Move,browsing
1574937474.613,378,69,None,Move,browsing
1574937474.6220002,389,68,None,Move,browsing
1574937474.63,403,68,None,Move,browsing
1574937474.64,416,67,None,Move,browsing
1574937474.649,429,67,None,Move,browsing
1574937474.657,443,68,None,Move,browsing
1574937474.666,454,70,None,Move,browsing
1574937474.673,464,71,None,Move,browsing
1574937474.6820002,472,73,None,Move,browsing
1574937474.69,477,75,None,Move,browsing
1574937474.699,480,75,None,Move,browsing
1574937474.706,482,76,None,Move,browsing
1574937474.714,483,76,None,Move,browsing
1574937474.917,483,76,Left,Pressed,browsing
1574937475.075,483,76,Left,Released,browsing
1574937475.145,483,77,None,Move,browsing
1574937475.18,483,78,None,Move,browsing
1574937475.1920002,485,86,None,Move,browsing
1574937475.206,488,97,None,Move,browsing
1574937475.217,493,118,None,Move,browsing
1574937475.225,501,144,None,Move,browsing
1574937475.232,510,169,None,Move,browsing
1574937475.238,524,200,None,Move,browsing
1574937475.246,546,236,None,Move,browsing
1574937475.254,570,278,None,Move,browsing
1574937475.26,594,322,None,Move,browsing
1574937475.271,624,364,None,Move,browsing
1574937475.28,650,404,None,Move,browsing
1574937475.288,674,446,None,Move,browsing
1574937475.295,696,480,None,Move,browsing
1574937475.304,716,512,None,Move,browsing
1574937475.311,732,544,None,Move,browsing
1574937475.32,744,576,None,Move,browsing
1574937475.326,758,610,None,Move,browsing
1574937475.333,772,642,None,Move,browsing
1574937475.339,782,672,None,Move,browsing
1574937475.347,794,698,None,Move,browsing
1574937475.355,806,722,None,Move,browsing
1574937475.3620002,816,742,None,Move,browsing
1574937475.371,824,762,None,Move,browsing
1574937475.3779998,830,778,None,Move,browsing
1574937475.387,834,792,None,Move,browsing
1574937475.393,838,804,None,Move,browsing
1574937475.404,840,810,None,Move,browsing
1574937475.411,842,814,None,Move,browsing
1574937475.42,842,816,None,Move,browsing
1574937477.4220002,841,816,None,Move,browsing
1574937477.4320002,821,822,None,Move,browsing
1574937477.446,787,836,None,Move,browsing
1574937477.459,755,852,None,Move,browsing
1574937477.467,737,864,None,Move,browsing
1574937477.4770002,729,884,None,Move,browsing
1574937477.485,727,908,None,Move,browsing
1574937477.4910002,731,932,None,Move,browsing
1574937477.502,737,956,None,Move,browsing
1574937477.5110002,741,980,None,Move,browsing
1574937477.52,747,1004,None,Move,browsing
1574937477.528,757,1028,None,Move,browsing
1574937477.536,769,1052,None,Move,browsing
1574937477.546,785,1076,None,Move,browsing
1574937477.555,803,1079,None,Move,browsing
1574937477.564,823,1079,None,Move,browsing
1574937477.572,843,1079,None,Move,browsing
1574937477.58,861,1079,None,Move,browsing
1574937477.5879998,877,1079,None,Move,browsing
1574937477.597,893,1079,None,Move,browsing
1574937477.604,909,1079,None,Move,browsing
1574937477.613,921,1079,None,Move,browsing
1574937477.621,933,1079,None,Move,browsing
1574937477.629,941,1079,None,Move,browsing
1574937477.637,946,1079,None,Move,browsing
1574937477.647,952,1079,None,Move,browsing
1574937477.654,963,1079,None,Move,browsing
1574937477.664,973,1079,None,Move,browsing
1574937477.6720002,987,1079,None,Move,browsing
1574937477.681,1001,1079,None,Move,browsing
1574937477.689,1014,1079,None,Move,browsing
1574937477.698,1027,1079,None,Move,browsing
1574937477.706,1039,1079,None,Move,browsing
1574937477.716,1053,1079,None,Move,browsing
1574937477.724,1065,1079,None,Move,browsing
1574937477.734,1076,1079,None,Move,browsing
1574937477.7410002,1085,1079,None,Move,browsing
1574937477.748,1093,1079,None,Move,browsing
1574937477.755,1097,1077,None,Move,browsing
1574937477.7629998,1100,1074,None,Move,browsing
1574937477.77,1102,1072,None,Move,browsing
1574937477.779,1104,1070,None,Move,browsing
1574937477.7870002,1106,1068,None,Move,browsing
1574937477.796,1108,1066,None,Move,browsing
1574937477.804,1110,1062,None,Move,browsing
1574937477.814,1112,1057,None,Move,browsing
1574937477.822,1114,1051,None,Move,browsing
1574937477.831,1115,1044,None,Move,browsing
1574937477.8379998,1117,1037,None,Move,browsing
1574937477.845,1120,1032,None,Move,browsing
1574937477.8520002,1121,1026,None,Move,browsing
1574937477.857,1122,1021,None,Move,browsing
1574937477.867,1122,1019,None,Move,browsing
1574937477.873,1122,1016,None,Move,browsing
1574937477.883,1122,1014,None,Move,browsing
1574937477.89,1122,1011,None,Move,browsing
1574937477.901,1122,1009,None,Move,browsing
1574937477.909,1122,1007,None,Move,browsing
1574937477.92,1121,1005,None,Move,browsing
1574937477.929,1121,1003,None,Move,browsing
1574937477.937,1120,1002,None,Move,browsing
1574937477.946,1120,1001,None,Move,browsing
1574937478.052,1119,1002,None,Move,browsing
1574937478.061,1118,1005,None,Move,browsing
1574937478.071,1117,1007,None,Move,browsing
1574937478.081,1116,1009,None,Move,browsing
1574937478.089,1116,1010,None,Move,browsing
1574937478.099,1116,1011,None,Move,browsing
1574937478.107,1116,1012,None,Move,browsing
1574937478.167,1115,1012,None,Move,browsing
1574937478.245,1115,1012,Left,Pressed,browsing
1574937478.413,1115,1012,Left,Released,browsing
1574937497.573,1116,1011,None,Move,browsing
1574937497.599,1123,1005,None,Move,browsing
1574937497.623,1127,998,None,Move,browsing
1574937497.635,1130,994,None,Move,browsing
1574937497.645,1131,992,None,Move,browsing
1574937497.654,1130,986,None,Move,browsing
1574937497.665,1124,971,None,Move,browsing
1574937497.673,1112,940,None,Move,browsing
1574937497.6820002,1096,904,None,Move,browsing
1574937497.691,1080,872,None,Move,browsing
1574937497.702,1066,846,None,Move,browsing
1574937497.711,1056,824,None,Move,browsing
1574937497.718,1050,806,None,Move,browsing
1574937497.726,1046,784,None,Move,browsing
1574937497.735,1048,762,None,Move,browsing
1574937497.746,1058,734,None,Move,browsing
1574937497.7529998,1070,706,None,Move,browsing
1574937497.762,1086,674,None,Move,browsing
1574937497.77,1104,640,None,Move,browsing
1574937497.779,1128,600,None,Move,browsing
1574937497.786,1150,554,None,Move,browsing
1574937497.7970002,1176,506,None,Move,browsing
1574937497.804,1208,456,None,Move,browsing
1574937497.81,1236,400,None,Move,browsing
1574937497.815,1260,346,None,Move,browsing
1574937497.821,1278,286,None,Move,browsing
1574937497.827,1304,228,None,Move,browsing
1574937497.833,1332,162,None,Move,browsing
1574937497.837,1358,94,None,Move,browsing
1574937497.846,1384,24,None,Move,browsing
1574937497.853,1406,0,None,Move,browsing
1574937497.861,1432,0,None,Move,browsing
1574937497.867,1460,0,None,Move,browsing
1574937497.873,1486,0,None,Move,browsing
1574937497.881,1512,0,None,Move,browsing
1574937497.8860002,1532,0,None,Move,browsing
1574937497.8920002,1552,0,None,Move,browsing
1574937497.8979998,1568,0,None,Move,browsing
1574937497.905,1580,0,None,Move,browsing
1574937497.914,1592,0,None,Move,browsing
1574937497.919,1598,0,None,Move,browsing
1574937497.927,1606,0,None,Move,browsing
1574937497.934,1618,0,None,Move,browsing
1574937497.9420002,1632,0,None,Move,browsing
1574937497.949,1646,0,None,Move,browsing
1574937497.955,1662,0,None,Move,browsing
1574937497.965,1678,0,None,Move,browsing
1574937497.97,1692,0,None,Move,browsing
1574937497.979,1702,0,None,Move,browsing
1574937497.985,1708,0,None,Move,browsing
1574937497.992,1711,0,None,Move,browsing
1574937498.0,1713,0,None,Move,browsing
1574937498.018,1715,1,None,Move,browsing
1574937498.03,1715,2,None,Move,browsing
1574937498.0370002,1717,10,None,Move,browsing
1574937498.0470002,1719,19,None,Move,browsing
1574937498.054,1719,28,None,Move,browsing
1574937498.064,1719,39,None,Move,browsing
1574937498.07,1719,47,None,Move,browsing
1574937498.08,1719,55,None,Move,browsing
1574937498.087,1717,62,None,Move,browsing
1574937498.097,1717,69,None,Move,browsing
1574937498.103,1716,73,None,Move,browsing
1574937498.1120002,1715,76,None,Move,browsing
1574937498.1179998,1715,78,None,Move,browsing
1574937498.1260002,1715,79,None,Move,browsing
1574937498.431,1715,79,Left,Pressed,browsing
1574937498.5579998,1715,79,Left,Released,browsing
1574937498.718,1711,82,None,Move,browsing
1574937498.742,1702,88,None,Move,browsing
1574937498.7670002,1682,100,None,Move,browsing
1574937498.789,1658,110,None,Move,browsing
1574937498.812,1630,122,None,Move,browsing
1574937498.832,1600,134,None,Move,browsing
1574937498.854,1568,146,None,Move,browsing
1574937498.8679998,1532,158,None,Move,browsing
1574937498.879,1498,172,None,Move,browsing
1574937498.885,1460,186,None,Move,browsing
1574937498.893,1424,198,None,Move,browsing
1574937498.9,1380,210,None,Move,browsing
1574937498.909,1338,224,None,Move,browsing
1574937498.916,1294,240,None,Move,browsing
1574937498.924,1248,258,None,Move,browsing
1574937498.931,1198,276,None,Move,browsing
1574937498.939,1148,292,None,Move,browsing
1574937498.949,1096,308,None,Move,browsing
1574937498.958,1042,320,None,Move,browsing
1574937498.967,990,332,None,Move,browsing
1574937498.975,942,340,None,Move,browsing
1574937498.982,896,340,None,Move,browsing
1574937498.9889998,852,340,None,Move,browsing
1574937498.998,812,342,None,Move,browsing
1574937499.004,774,346,None,Move,browsing
1574937499.0129998,736,350,None,Move,browsing
1574937499.02,700,354,None,Move,browsing
1574937499.026,666,358,None,Move,browsing
1574937499.033,632,362,None,Move,browsing
1574937499.039,602,364,None,Move,browsing
1574937499.046,578,364,None,Move,browsing
1574937499.053,556,362,None,Move,browsing
1574937499.06,540,358,None,Move,browsing
1574937499.066,528,354,None,Move,browsing
1574937499.073,522,350,None,Move,browsing
1574937499.079,521,346,None,Move,browsing
1574937499.085,519,345,None,Move,browsing
1574937499.091,519,344,None,Move,browsing
1574937499.097,519,343,None,Move,browsing
1574937499.103,519,341,None,Move,browsing
1574937499.11,519,339,None,Move,browsing
1574937499.1160002,519,338,None,Move,browsing
1574937499.248,520,341,None,Move,browsing
1574937499.2670002,522,344,None,Move,browsing
1574937499.2870002,524,348,None,Move,browsing
1574937499.309,527,351,None,Move,browsing
1574937499.331,529,354,None,Move,browsing
1574937499.345,531,360,None,Move,browsing
1574937499.353,535,366,None,Move,browsing
1574937499.363,538,373,None,Move,browsing
1574937499.373,541,378,None,Move,browsing
1574937499.383,544,384,None,Move,browsing
1574937499.39,547,389,None,Move,browsing
1574937499.3979998,549,393,None,Move,browsing
1574937499.406,552,397,None,Move,browsing
1574937499.413,554,399,None,Move,browsing
1574937499.421,557,401,None,Move,browsing
1574937499.43,559,404,None,Move,browsing
1574937499.439,561,406,None,Move,browsing
1574937499.449,563,408,None,Move,browsing
1574937499.456,566,411,None,Move,browsing
1574937499.464,568,412,None,Move,browsing
1574937499.471,570,413,None,Move,browsing
1574937499.479,573,415,None,Move,browsing
1574937499.486,576,416,None,Move,browsing
1574937499.494,579,418,None,Move,browsing
1574937499.5029998,582,418,None,Move,browsing
1574937499.5110002,585,419,None,Move,browsing
1574937499.519,588,420,None,Move,browsing
1574937499.525,591,420,None,Move,browsing
1574937499.53,595,421,None,Move,browsing
1574937499.536,601,421,None,Move,browsing
1574937499.542,604,422,None,Move,browsing
1574937499.5470002,608,422,None,Move,browsing
1574937499.552,611,422,None,Move,browsing
1574937499.5579998,613,423,None,Move,browsing
1574937499.564,615,423,None,Move,browsing
1574937499.57,617,423,None,Move,browsing
1574937499.576,619,424,None,Move,browsing
1574937499.581,622,425,None,Move,browsing
1574937499.586,625,426,None,Move,browsing
1574937499.592,629,427,None,Move,browsing
1574937499.597,634,429,None,Move,browsing
1574937499.603,640,430,None,Move,browsing
1574937499.6079998,647,432,None,Move,browsing
1574937499.6139998,653,434,None,Move,browsing
1574937499.619,661,437,None,Move,browsing
1574937499.625,668,438,None,Move,browsing
1574937499.63,676,440,None,Move,browsing
1574937499.635,683,441,None,Move,browsing
1574937499.641,690,444,None,Move,browsing
1574937499.647,698,446,None,Move,browsing
1574937499.6520002,707,449,None,Move,browsing
1574937499.658,715,452,None,Move,browsing
1574937499.663,724,453,None,Move,browsing
1574937499.668,729,456,None,Move,browsing
1574937499.674,735,457,None,Move,browsing
1574937499.68,738,459,None,Move,browsing
1574937499.686,742,460,None,Move,browsing
1574937499.694,745,461,None,Move,browsing
1574937499.7129998,746,461,None,Move,browsing
1574937499.731,748,463,None,Move,browsing
1574937499.75,751,463,None,Move,browsing
1574937499.769,752,463,None,Move,browsing
1574937499.788,753,464,None,Move,browsing
1574937499.8070002,755,464,None,Move,browsing
1574937499.825,757,464,None,Move,browsing
1574937499.845,759,465,None,Move,browsing
1574937499.863,761,466,None,Move,browsing
1574937499.8820002,764,467,None,Move,browsing
1574937499.901,768,468,None,Move,browsing
1574937499.92,773,470,None,Move,browsing
1574937499.944,778,472,None,Move,browsing
1574937499.9629998,784,474,None,Move,browsing
1574937499.981,790,476,None,Move,browsing
1574937500.0010002,795,478,None,Move,browsing
1574937500.019,802,480,None,Move,browsing
1574937500.038,810,482,None,Move,browsing
1574937500.0570002,820,484,None,Move,browsing
1574937500.077,830,487,None,Move,browsing
1574937500.096,840,488,None,Move,browsing
1574937500.1139998,854,490,None,Move,browsing
1574937500.1339998,871,492,None,Move,browsing
1574937500.1520002,889,495,None,Move,browsing
1574937500.171,914,499,None,Move,browsing
1574937500.19,940,504,None,Move,browsing
1574937500.21,967,511,None,Move,browsing
1574937500.228,992,517,None,Move,browsing
1574937500.246,1018,523,None,Move,browsing
1574937500.266,1044,527,None,Move,browsing
1574937500.284,1068,531,None,Move,browsing
1574937500.302,1092,535,None,Move,browsing
1574937500.32,1118,539,None,Move,browsing
1574937500.339,1144,539,None,Move,browsing
1574937500.3579998,1168,537,None,Move,browsing
1574937500.377,1194,535,None,Move,browsing
1574937500.395,1218,535,None,Move,browsing
1574937500.414,1240,535,None,Move,browsing
1574937500.434,1260,533,None,Move,browsing
1574937500.4529998,1278,531,None,Move,browsing
1574937500.472,1294,527,None,Move,browsing
1574937500.4910002,1310,523,None,Move,browsing
1574937500.51,1326,519,None,Move,browsing
1574937500.525,1342,515,None,Move,browsing
1574937500.533,1358,513,None,Move,browsing
1574937500.539,1374,513,None,Move,browsing
1574937500.545,1390,513,None,Move,browsing
1574937500.549,1406,515,None,Move,browsing
1574937500.554,1421,519,None,Move,browsing
1574937500.5579998,1435,522,None,Move,browsing
1574937500.562,1450,524,None,Move,browsing
1574937500.565,1462,528,None,Move,browsing
1574937500.569,1474,529,None,Move,browsing
1574937500.574,1486,529,None,Move,browsing
1574937500.577,1496,529,None,Move,browsing
1574937500.581,1504,531,None,Move,browsing
1574937500.585,1511,531,None,Move,browsing
1574937500.589,1514,531,None,Move,browsing
1574937500.593,1517,531,None,Move,browsing
1574937500.597,1519,531,None,Move,browsing
1574937500.601,1519,530,None,Move,browsing
1574937500.605,1521,529,None,Move,browsing
1574937500.61,1523,528,None,Move,browsing
1574937500.6139998,1525,527,None,Move,browsing
1574937500.6179998,1527,525,None,Move,browsing
1574937500.6220002,1529,523,None,Move,browsing
1574937500.6260002,1531,521,None,Move,browsing
1574937500.63,1533,519,None,Move,browsing
1574937500.6339998,1535,517,None,Move,browsing
1574937500.6379998,1537,516,None,Move,browsing
1574937500.6420002,1540,514,None,Move,browsing
1574937500.646,1542,512,None,Move,browsing
1574937500.65,1544,511,None,Move,browsing
1574937500.655,1546,510,None,Move,browsing
1574937500.659,1548,509,None,Move,browsing
1574937500.663,1550,509,None,Move,browsing
1574937500.667,1552,509,None,Move,browsing
1574937500.671,1553,509,None,Move,browsing
1574937500.676,1555,509,None,Move,browsing
1574937500.68,1556,509,None,Move,browsing
1574937500.684,1557,509,None,Move,browsing
1574937500.688,1558,509,None,Move,browsing
1574937500.6920002,1559,509,None,Move,browsing
1574937500.697,1560,509,None,Move,browsing
1574937500.7,1562,511,None,Move,browsing
1574937500.704,1564,513,None,Move,browsing
1574937500.708,1567,515,None,Move,browsing
1574937500.712,1570,517,None,Move,browsing
1574937500.716,1574,519,None,Move,browsing
1574937500.72,1580,521,None,Move,browsing
1574937500.725,1584,523,None,Move,browsing
1574937500.729,1590,525,None,Move,browsing
1574937500.732,1595,527,None,Move,browsing
1574937500.7370002,1601,529,None,Move,browsing
1574937500.7410002,1604,531,None,Move,browsing
1574937500.744,1607,533,None,Move,browsing
1574937500.748,1609,535,None,Move,browsing
1574937500.752,1611,537,None,Move,browsing
1574937500.7570002,1612,540,None,Move,browsing
1574937500.7610002,1614,542,None,Move,browsing
1574937500.764,1617,544,None,Move,browsing
1574937500.769,1619,546,None,Move,browsing
1574937500.7729998,1621,549,None,Move,browsing
1574937500.7770002,1623,551,None,Move,browsing
1574937500.781,1625,553,None,Move,browsing
1574937500.785,1627,555,None,Move,browsing
1574937500.789,1629,557,None,Move,browsing
1574937500.793,1630,559,None,Move,browsing
1574937500.7970002,1632,561,None,Move,browsing
1574937500.8,1633,562,None,Move,browsing
1574937500.804,1633,563,None,Move,browsing
1574937500.8079998,1635,564,None,Move,browsing
1574937500.812,1638,566,None,Move,browsing
1574937500.816,1641,568,None,Move,browsing
1574937500.82,1643,570,None,Move,browsing
1574937500.824,1645,572,None,Move,browsing
1574937500.8279998,1647,573,None,Move,browsing
1574937500.832,1648,574,None,Move,browsing
1574937500.836,1649,575,None,Move,browsing
1574937500.839,1650,576,None,Move,browsing
1574937500.843,1651,576,None,Move,browsing
1574937500.847,1652,577,None,Move,browsing
1574937500.851,1653,578,None,Move,browsing
1574937500.856,1655,579,None,Move,browsing
1574937500.86,1657,581,None,Move,browsing
1574937500.863,1659,582,None,Move,browsing
1574937500.8679998,1661,584,None,Move,browsing
1574937500.8720002,1663,585,None,Move,browsing
1574937500.8760002,1663,586,None,Move,browsing
1574937500.9420002,1663,586,None,Move,browsing
1574937500.9629998,1658,586,None,Move,browsing
1574937500.982,1650,587,None,Move,browsing
1574937501.002,1641,587,None,Move,browsing
1574937501.021,1628,586,None,Move,browsing
1574937501.039,1609,583,None,Move,browsing
1574937501.059,1585,579,None,Move,browsing
1574937501.08,1553,576,None,Move,browsing
1574937501.097,1518,572,None,Move,browsing
1574937501.107,1482,564,None,Move,browsing
1574937501.1160002,1438,552,None,Move,browsing
1574937501.125,1388,534,None,Move,browsing
1574937501.135,1334,514,None,Move,browsing
1574937501.145,1278,502,None,Move,browsing
1574937501.154,1222,490,None,Move,browsing
1574937501.163,1166,480,None,Move,browsing
1574937501.1720002,1114,470,None,Move,browsing
1574937501.1820002,1070,466,None,Move,browsing
1574937501.191,1034,464,None,Move,browsing
1574937501.2,1004,458,None,Move,browsing
1574937501.209,980,454,None,Move,browsing
1574937501.218,960,450,None,Move,browsing
1574937501.228,944,446,None,Move,browsing
1574937501.2370002,932,442,None,Move,browsing
1574937501.2470002,922,438,None,Move,browsing
1574937501.256,916,434,None,Move,browsing
1574937501.266,910,432,None,Move,browsing
1574937501.275,904,430,None,Move,browsing
1574937501.2870002,900,428,None,Move,browsing
1574937501.2970002,896,426,None,Move,browsing
1574937501.3070002,892,424,None,Move,browsing
1574937501.3170002,887,422,None,Move,browsing
1574937501.326,882,421,None,Move,browsing
1574937501.335,878,418,None,Move,browsing
1574937501.344,872,417,None,Move,browsing
1574937501.353,866,414,None,Move,browsing
1574937501.3620002,860,412,None,Move,browsing
1574937501.371,853,409,None,Move,browsing
1574937501.38,846,407,None,Move,browsing
1574937501.389,840,405,None,Move,browsing
1574937501.399,833,403,None,Move,browsing
1574937501.408,826,400,None,Move,browsing
1574937501.417,818,399,None,Move,browsing
1574937501.427,811,397,None,Move,browsing
1574937501.436,803,395,None,Move,browsing
1574937501.446,797,394,None,Move,browsing
1574937501.455,793,394,None,Move,browsing
1574937501.465,790,393,None,Move,browsing
1574937501.475,789,393,None,Move,browsing
1574937501.484,788,393,None,Move,browsing
1574937501.4929998,791,392,None,Move,browsing
1574937501.502,792,390,None,Move,browsing
1574937501.512,794,390,None,Move,browsing
1574937501.52,796,389,None,Move,browsing
1574937501.531,798,389,None,Move,browsing
1574937501.54,800,389,None,Move,browsing
1574937501.549,802,389,None,Move,browsing
1574937501.5570002,804,389,None,Move,browsing
1574937501.566,806,389,None,Move,browsing
1574937501.576,806,390,None,Move,browsing
1574937501.585,801,390,None,Move,browsing
1574937501.595,788,391,None,Move,browsing
1574937501.604,763,391,None,Move,browsing
1574937501.6139998,730,389,None,Move,browsing
1574937501.627,694,389,None,Move,browsing
1574937501.637,658,385,None,Move,browsing
1574937501.646,622,385,None,Move,browsing
1574937501.656,588,385,None,Move,browsing
1574937501.665,556,385,None,Move,browsing
1574937501.675,528,387,None,Move,browsing
1574937501.684,500,389,None,Move,browsing
1574937501.6929998,478,391,None,Move,browsing
1574937501.704,460,393,None,Move,browsing
1574937501.7129998,444,393,None,Move,browsing
1574937501.7229998,430,393,None,Move,browsing
1574937501.732,418,393,None,Move,browsing
1574937501.742,408,393,None,Move,browsing
1574937501.75,404,393,None,Move,browsing
1574937501.7589998,400,393,None,Move,browsing
1574937501.768,398,393,None,Move,browsing
1574937501.8739998,397,395,None,Move,browsing
1574937501.896,396,395,None,Move,browsing
1574937501.919,395,395,None,Move,browsing
1574937502.446,397,394,None,Move,browsing
1574937502.458,397,394,None,Move,browsing
1574937502.464,401,392,None,Move,browsing
1574937502.471,407,392,None,Move,browsing
1574937502.478,414,392,None,Move,browsing
1574937502.484,423,392,None,Move,browsing
1574937502.4910002,433,392,None,Move,browsing
1574937502.5,444,392,None,Move,browsing
1574937502.522,456,392,None,Move,browsing
1574937502.542,472,392,None,Move,browsing
1574937502.562,489,392,None,Move,browsing
1574937502.58,505,393,None,Move,browsing
1574937502.591,523,396,None,Move,browsing
1574937502.597,543,400,None,Move,browsing
1574937502.6020002,563,403,None,Move,browsing
1574937502.609,587,407,None,Move,browsing
1574937502.615,612,411,None,Move,browsing
1574937502.623,637,413,None,Move,browsing
1574937502.6279998,663,417,None,Move,browsing
1574937502.633,691,421,None,Move,browsing
1574937502.639,723,425,None,Move,browsing
1574937502.645,755,427,None,Move,browsing
1574937502.651,785,431,None,Move,browsing
1574937502.657,817,435,None,Move,browsing
1574937502.6620002,849,439,None,Move,browsing
1574937502.668,879,443,None,Move,browsing
1574937502.673,905,449,None,Move,browsing
1574937502.678,933,455,None,Move,browsing
1574937502.684,963,463,None,Move,browsing
1574937502.689,991,471,None,Move,browsing
1574937502.695,1017,477,None,Move,browsing
1574937502.7,1043,481,None,Move,browsing
1574937502.705,1067,485,None,Move,browsing
1574937502.71,1097,489,None,Move,browsing
1574937502.716,1121,491,None,Move,browsing
1574937502.722,1145,493,None,Move,browsing
1574937502.7270002,1169,497,None,Move,browsing
1574937502.736,1193,501,None,Move,browsing
1574937502.755,1215,505,None,Move,browsing
1574937502.775,1235,505,None,Move,browsing
1574937502.794,1253,505,None,Move,browsing
1574937502.814,1271,507,None,Move,browsing
1574937502.833,1287,509,None,Move,browsing
1574937502.856,1301,511,None,Move,browsing
1574937502.875,1315,511,None,Move,browsing
1574937502.894,1331,513,None,Move,browsing
1574937502.915,1345,515,None,Move,browsing
1574937502.937,1361,519,None,Move,browsing
1574937502.956,1374,522,None,Move,browsing
1574937502.975,1385,524,None,Move,browsing
1574937502.994,1394,526,None,Move,browsing
1574937503.014,1401,526,None,Move,browsing
1574937503.033,1409,528,None,Move,browsing
1574937503.052,1419,529,None,Move,browsing
1574937503.071,1428,531,None,Move,browsing
1574937503.089,1434,532,None,Move,browsing
1574937503.103,1440,532,None,Move,browsing
1574937503.1160002,1442,534,None,Move,browsing
1574937503.13,1445,534,None,Move,browsing
1574937503.1420002,1448,534,None,Move,browsing
1574937503.154,1450,534,None,Move,browsing
1574937503.167,1453,534,None,Move,browsing
1574937503.179,1454,534,None,Move,browsing
1574937503.1920002,1455,534,None,Move,browsing
1574937503.205,1455,533,None,Move,browsing
1574937503.217,1456,533,None,Move,browsing
1574937503.229,1457,532,None,Move,browsing
1574937503.2410002,1458,531,None,Move,browsing
1574937503.254,1460,530,None,Move,browsing
1574937503.266,1462,529,None,Move,browsing
1574937503.278,1464,528,None,Move,browsing
1574937503.29,1466,527,None,Move,browsing
1574937503.302,1469,527,None,Move,browsing
1574937503.315,1474,527,None,Move,browsing
1574937503.327,1478,526,None,Move,browsing
1574937503.34,1483,525,None,Move,browsing
1574937503.3520002,1488,524,None,Move,browsing
1574937503.3660002,1492,523,None,Move,browsing
1574937503.3779998,1495,523,None,Move,browsing
1574937503.39,1498,522,None,Move,browsing
1574937503.403,1501,521,None,Move,browsing
1574937503.416,1504,520,None,Move,browsing
1574937503.428,1507,519,None,Move,browsing
1574937503.441,1510,517,None,Move,browsing
1574937503.454,1512,515,None,Move,browsing
1574937503.467,1515,514,None,Move,browsing
1574937503.481,1519,513,None,Move,browsing
1574937503.4929998,1523,512,None,Move,browsing
1574937503.506,1526,511,None,Move,browsing
1574937503.518,1529,510,None,Move,browsing
1574937503.53,1531,508,None,Move,browsing
1574937503.543,1533,507,None,Move,browsing
1574937503.556,1536,506,None,Move,browsing
1574937503.569,1538,505,None,Move,browsing
1574937503.581,1540,505,None,Move,browsing
1574937503.593,1541,504,None,Move,browsing
1574937503.607,1542,504,None,Move,browsing
1574937503.621,1542,503,None,Move,browsing
1574937503.6320002,1543,503,None,Move,browsing
1574937503.644,1544,501,None,Move,browsing
1574937503.657,1546,499,None,Move,browsing
1574937503.668,1548,497,None,Move,browsing
1574937503.68,1549,495,None,Move,browsing
1574937503.6920002,1551,494,None,Move,browsing
1574937503.705,1553,492,None,Move,browsing
1574937503.717,1554,490,None,Move,browsing
1574937503.73,1556,488,None,Move,browsing
1574937503.7429998,1557,486,None,Move,browsing
1574937503.756,1558,484,None,Move,browsing
1574937503.768,1559,482,None,Move,browsing
1574937503.78,1559,480,None,Move,browsing
1574937503.793,1560,478,None,Move,browsing
1574937503.806,1561,476,None,Move,browsing
1574937503.819,1562,474,None,Move,browsing
1574937503.833,1563,472,None,Move,browsing
1574937503.845,1564,470,None,Move,browsing
1574937503.857,1565,467,None,Move,browsing
1574937503.87,1567,464,None,Move,browsing
1574937503.8820002,1568,461,None,Move,browsing
1574937503.894,1569,457,None,Move,browsing
1574937503.907,1571,454,None,Move,browsing
1574937503.919,1572,452,None,Move,browsing
1574937503.9329998,1573,450,None,Move,browsing
1574937503.948,1574,448,None,Move,browsing
1574937503.961,1574,447,None,Move,browsing
1574937503.974,1575,446,None,Move,browsing
1574937503.986,1575,444,None,Move,browsing
1574937503.9989998,1576,443,None,Move,browsing
1574937504.012,1576,442,None,Move,browsing
1574937504.025,1576,441,None,Move,browsing
1574937504.0370002,1576,439,None,Move,browsing
1574937504.05,1577,438,None,Move,browsing
1574937504.062,1577,436,None,Move,browsing
1574937504.074,1578,435,None,Move,browsing
1574937504.0879998,1578,433,None,Move,browsing
1574937504.1,1579,433,None,Move,browsing
1574937504.113,1579,432,None,Move,browsing
1574937504.1260002,1580,433,None,Move,browsing
1574937504.1379998,1583,437,None,Move,browsing
1574937504.15,1588,442,None,Move,browsing
1574937504.164,1592,447,None,Move,browsing
1574937504.177,1597,451,None,Move,browsing
1574937504.19,1602,456,None,Move,browsing
1574937504.202,1607,460,None,Move,browsing
1574937504.215,1612,464,None,Move,browsing
1574937504.229,1616,466,None,Move,browsing
1574937504.244,1619,469,None,Move,browsing
1574937504.256,1621,471,None,Move,browsing
1574937504.265,1623,473,None,Move,browsing
1574937504.275,1627,476,None,Move,browsing
1574937504.285,1629,478,None,Move,browsing
1574937504.296,1631,480,None,Move,browsing
1574937504.306,1636,484,None,Move,browsing
1574937504.313,1638,486,None,Move,browsing
1574937504.323,1642,488,None,Move,browsing
1574937504.33,1644,490,None,Move,browsing
1574937504.339,1646,493,None,Move,browsing
1574937504.347,1648,495,None,Move,browsing
1574937504.357,1650,497,None,Move,browsing
1574937504.365,1651,499,None,Move,browsing
1574937504.373,1653,500,None,Move,browsing
1574937504.381,1655,502,None,Move,browsing
1574937504.3879998,1657,503,None,Move,browsing
1574937504.396,1659,505,None,Move,browsing
1574937504.403,1661,507,None,Move,browsing
1574937504.411,1663,509,None,Move,browsing
1574937504.419,1665,511,None,Move,browsing
1574937504.426,1668,513,None,Move,browsing
1574937504.4329998,1671,515,None,Move,browsing
1574937504.441,1675,517,None,Move,browsing
1574937504.448,1679,519,None,Move,browsing
1574937504.456,1682,522,None,Move,browsing
1574937504.4629998,1686,524,None,Move,browsing
1574937504.47,1688,526,None,Move,browsing
1574937504.478,1691,528,None,Move,browsing
1574937504.485,1693,530,None,Move,browsing
1574937504.492,1695,532,None,Move,browsing
1574937504.5,1697,533,None,Move,browsing
1574937504.508,1698,535,None,Move,browsing
1574937504.515,1699,537,None,Move,browsing
1574937504.5229998,1699,538,None,Move,browsing
1574937504.53,1701,540,None,Move,browsing
1574937504.538,1702,543,None,Move,browsing
1574937504.545,1703,545,None,Move,browsing
1574937504.553,1704,548,None,Move,browsing
1574937504.56,1706,550,None,Move,browsing
1574937504.5679998,1707,553,None,Move,browsing
1574937504.576,1707,555,None,Move,browsing
1574937504.583,1708,557,None,Move,browsing
1574937504.59,1708,560,None,Move,browsing
1574937504.5979998,1708,562,None,Move,browsing
1574937504.605,1708,564,None,Move,browsing
1574937504.613,1707,566,None,Move,browsing
1574937504.62,1706,568,None,Move,browsing
1574937504.6279998,1705,570,None,Move,browsing
1574937504.635,1704,572,None,Move,browsing
1574937504.6420002,1702,574,None,Move,browsing
1574937504.65,1700,576,None,Move,browsing
1574937504.657,1698,578,None,Move,browsing
1574937504.665,1696,580,None,Move,browsing
1574937504.673,1691,583,None,Move,browsing
1574937504.6820002,1687,586,None,Move,browsing
1574937504.6920002,1681,589,None,Move,browsing
1574937504.699,1672,595,None,Move,browsing
1574937504.707,1663,602,None,Move,browsing
1574937504.714,1652,608,None,Move,browsing
1574937504.722,1640,615,None,Move,browsing
1574937504.731,1625,621,None,Move,browsing
1574937504.7410002,1608,627,None,Move,browsing
1574937504.7489998,1590,634,None,Move,browsing
1574937504.7570002,1569,644,None,Move,browsing
1574937504.764,1545,655,None,Move,browsing
1574937504.774,1515,666,None,Move,browsing
1574937504.781,1483,676,None,Move,browsing
1574937504.789,1447,680,None,Move,browsing
1574937504.796,1407,684,None,Move,browsing
1574937504.803,1365,688,None,Move,browsing
1574937504.81,1321,692,None,Move,browsing
1574937504.8170002,1277,696,None,Move,browsing
1574937504.824,1233,700,None,Move,browsing
1574937504.832,1193,704,None,Move,browsing
1574937504.839,1149,708,None,Move,browsing
1574937504.847,1107,712,None,Move,browsing
1574937504.854,1067,714,None,Move,browsing
1574937504.8620002,1027,720,None,Move,browsing
1574937504.869,983,724,None,Move,browsing
1574937504.8760002,939,730,None,Move,browsing
1574937504.883,895,730,None,Move,browsing
1574937504.891,853,730,None,Move,browsing
1574937504.8979998,811,730,None,Move,browsing
1574937504.906,771,734,None,Move,browsing
1574937504.913,737,738,None,Move,browsing
1574937504.921,703,740,None,Move,browsing
1574937504.929,669,742,None,Move,browsing
1574937504.939,639,742,None,Move,browsing
1574937504.946,607,744,None,Move,browsing
1574937504.955,577,748,None,Move,browsing
1574937504.962,551,752,None,Move,browsing
1574937504.969,527,758,None,Move,browsing
1574937504.9770002,505,762,None,Move,browsing
1574937504.984,485,766,None,Move,browsing
1574937504.9910002,463,768,None,Move,browsing
1574937504.998,445,770,None,Move,browsing
1574937505.005,427,772,None,Move,browsing
1574937505.012,411,772,None,Move,browsing
1574937505.019,397,772,None,Move,browsing
1574937505.026,383,774,None,Move,browsing
1574937505.033,369,774,None,Move,browsing
1574937505.04,355,772,None,Move,browsing
1574937505.046,343,770,None,Move,browsing
1574937505.054,332,768,None,Move,browsing
1574937505.061,321,768,None,Move,browsing
1574937505.0679998,314,768,None,Move,browsing
1574937505.075,309,768,None,Move,browsing
1574937505.082,304,768,None,Move,browsing
1574937505.091,301,768,None,Move,browsing
1574937505.1,299,768,None,Move,browsing
1574937505.11,296,768,None,Move,browsing
1574937505.117,291,768,None,Move,browsing
1574937505.125,286,766,None,Move,browsing
1574937505.1320002,282,765,None,Move,browsing
1574937505.139,278,764,None,Move,browsing
1574937505.146,274,763,None,Move,browsing
1574937505.153,270,762,None,Move,browsing
1574937505.161,264,760,None,Move,browsing
1574937505.168,260,759,None,Move,browsing
1574937505.175,255,758,None,Move,browsing
1574937505.1820002,251,755,None,Move,browsing
1574937505.19,246,753,None,Move,browsing
1574937505.198,244,751,None,Move,browsing
1574937505.21,242,749,None,Move,browsing
1574937505.221,240,747,None,Move,browsing
1574937505.229,239,745,None,Move,browsing
1574937505.236,237,742,None,Move,browsing
1574937505.2429998,236,740,None,Move,browsing
1574937505.25,236,739,None,Move,browsing
1574937505.2570002,235,737,None,Move,browsing
1574937505.265,235,736,None,Move,browsing
1574937505.272,235,735,None,Move,browsing
1574937505.278,235,734,None,Move,browsing
1574937505.285,235,732,None,Move,browsing
1574937505.293,235,730,None,Move,browsing
1574937505.301,235,728,None,Move,browsing
1574937505.3079998,236,726,None,Move,browsing
1574937505.315,236,725,None,Move,browsing
1574937505.322,236,723,None,Move,browsing
1574937505.329,236,722,None,Move,browsing
1574937505.335,237,722,None,Move,browsing
1574937505.342,237,721,None,Move,browsing
1574937505.351,237,720,None,Move,browsing
1574937505.36,237,719,None,Move,browsing
1574937505.3679998,237,718,None,Move,browsing
1574937505.375,238,717,None,Move,browsing
1574937505.383,238,716,None,Move,browsing
1574937505.394,239,715,None,Move,browsing
1574937505.4,240,715,None,Move,browsing
1574937505.409,241,715,None,Move,browsing
1574937505.414,243,715,None,Move,browsing
1574937505.4220002,243,715,None,Move,browsing
1574937505.428,245,715,None,Move,browsing
1574937505.4329998,246,714,None,Move,browsing
1574937505.438,247,714,None,Move,browsing
1574937505.4429998,249,713,None,Move,browsing
1574937505.448,250,713,None,Move,browsing
1574937505.454,250,712,None,Move,browsing
1574937505.459,251,712,None,Move,browsing
1574937505.465,252,712,None,Move,browsing
1574937505.47,253,711,None,Move,browsing
1574937505.475,253,711,Left,Pressed,browsing
1574937505.48,253,711,Left,Released,browsing
1574937505.57,254,711,None,Move,browsing
1574937505.59,254,711,None,Move,browsing
1574937505.609,254,711,None,Move,browsing
1574937505.627,254,712,None,Move,browsing
1574937505.645,255,712,None,Move,browsing
1574937505.664,256,713,None,Move,browsing
1574937505.6829998,257,713,None,Move,browsing
1574937505.702,257,714,None,Move,browsing
1574937505.721,258,715,None,Move,browsing
1574937505.7389998,258,716,None,Move,browsing
1574937505.7589998,259,717,None,Move,browsing
1574937505.779,259,718,None,Move,browsing
1574937505.7970002,260,718,None,Move,browsing
1574937505.815,261,720,None,Move,browsing
1574937505.833,262,721,None,Move,browsing
1574937505.851,263,721,None,Move,browsing
1574937505.869,263,722,None,Move,browsing
1574937505.934,264,722,None,Move,browsing
1574937505.954,265,723,None,Move,browsing
1574937505.975,266,724,None,Move,browsing
1574937505.9929998,267,725,None,Move,browsing
1574937506.002,268,726,None,Move,browsing
1574937506.0110002,269,727,None,Move,browsing
1574937506.02,269,727,None,Move,browsing
1574937506.086,270,727,None,Move,browsing
1574937506.11,271,728,None,Move,browsing
1574937506.165,271,728,Left,Pressed,browsing
1574937506.325,271,728,Left,Released,browsing
1574937507.076,271,729,None,Move,browsing
1574937507.095,271,729,None,Move,browsing
1574937507.1139998,271,730,None,Move,browsing
1574937507.1339998,271,731,None,Move,browsing
1574937507.154,271,732,None,Move,browsing
1574937507.1820002,270,733,None,Move,browsing
1574937507.202,269,734,None,Move,browsing
1574937507.221,268,735,None,Move,browsing
1574937507.2410002,267,737,None,Move,browsing
1574937507.26,266,738,None,Move,browsing
1574937507.278,265,740,None,Move,browsing
1574937507.296,263,742,None,Move,browsing
1574937507.313,262,743,None,Move,browsing
1574937507.332,262,744,None,Move,browsing
1574937507.351,261,745,None,Move,browsing
1574937507.369,260,745,None,Move,browsing
1574937507.505,260,745,Left,Pressed,browsing
1574937507.6360002,260,745,Left,Released,browsing
1574937507.89,260,745,None,Move,browsing
1574937507.91,261,746,None,Move,browsing
1574937507.93,261,748,None,Move,browsing
1574937507.951,262,750,None,Move,browsing
1574937507.966,263,751,None,Move,browsing
1574937507.976,263,752,None,Move,browsing
1574937507.9870002,264,754,None,Move,browsing
1574937507.9970002,265,756,None,Move,browsing
1574937508.0070002,265,757,None,Move,browsing
1574937508.016,266,757,None,Move,browsing
1574937508.1020002,266,758,None,Move,browsing
1574937508.123,267,760,None,Move,browsing
1574937508.1420002,268,762,None,Move,browsing
1574937508.1620002,268,764,None,Move,browsing
1574937508.1820002,269,766,None,Move,browsing
1574937508.199,269,767,None,Move,browsing
1574937508.217,269,768,None,Move,browsing
1574937508.235,270,768,None,Move,browsing
1574937508.2629998,270,768,Left,Pressed,browsing
1574937508.408,270,768,Left,Released,browsing
1574937509.426,270,767,None,Move,browsing
1574937509.437,270,765,None,Move,browsing
1574937509.4420002,270,763,None,Move,browsing
1574937509.447,270,761,None,Move,browsing
1574937509.456,269,759,None,Move,browsing
1574937509.475,269,757,None,Move,browsing
1574937509.494,268,755,None,Move,browsing
1574937509.505,268,753,None,Move,browsing
1574937509.5170002,268,751,None,Move,browsing
1574937509.5270002,268,750,None,Move,browsing
1574937509.5370002,268,748,None,Move,browsing
1574937509.546,268,747,None,Move,browsing
1574937509.556,268,746,None,Move,browsing
1574937509.565,268,745,None,Move,browsing
1574937509.575,268,744,None,Move,browsing
1574937509.798,267,745,None,Move,browsing
1574937509.8179998,266,747,None,Move,browsing
1574937509.841,264,749,None,Move,browsing
1574937509.861,263,751,None,Move,browsing
1574937509.879,262,752,None,Move,browsing
1574937509.897,261,753,None,Move,browsing
1574937509.918,260,755,None,Move,browsing
1574937509.937,260,756,None,Move,browsing
1574937509.959,259,757,None,Move,browsing
1574937510.061,259,757,Left,Pressed,browsing
1574937510.2,259,757,Left,Released,browsing
1574937510.563,259,758,None,Move,browsing
1574937510.571,259,758,None,Move,browsing
1574937510.58,259,759,None,Move,browsing
1574937510.6339998,259,759,None,Move,browsing
1574937510.711,259,759,Left,Pressed,browsing
1574937510.8620002,259,759,Left,Released,browsing
1574937511.038,260,760,None,Move,browsing
1574937511.059,261,761,None,Move,browsing
1574937511.0779998,262,762,None,Move,browsing
1574937511.099,263,762,None,Move,browsing
1574937511.117,264,763,None,Move,browsing
1574937511.135,266,763,None,Move,browsing
1574937511.1520002,267,764,None,Move,browsing
1574937511.17,267,764,None,Move,browsing
1574937511.312,268,765,None,Move,browsing
1574937511.333,268,765,None,Move,browsing
1574937511.351,269,766,None,Move,browsing
1574937511.37,269,766,None,Move,browsing
1574937511.3879998,269,768,None,Move,browsing
1574937511.406,270,769,None,Move,browsing
1574937511.425,270,770,None,Move,browsing
1574937511.4420002,270,771,None,Move,browsing
1574937511.476,270,773,None,Move,browsing
1574937511.495,270,774,None,Move,browsing
1574937511.516,270,775,None,Move,browsing
1574937511.532,270,776,None,Move,browsing
1574937511.539,271,777,None,Move,browsing
1574937511.724,271,778,None,Move,browsing
1574937511.7429998,271,779,None,Move,browsing
1574937511.8839998,271,780,None,Move,browsing
1574937511.905,271,780,None,Move,browsing
1574937511.926,271,782,None,Move,browsing
1574937512.158,271,782,None,Move,browsing
1574937512.177,271,783,None,Move,browsing
1574937512.199,271,783,None,Move,browsing
1574937512.218,271,784,None,Move,browsing
1574937512.238,271,784,None,Move,browsing
1574937512.2570002,271,785,None,Move,browsing
1574937512.3660002,271,786,None,Move,browsing
1574937512.4989998,271,786,Left,Pressed,browsing
1574937512.694,271,786,Left,Released,browsing
1574937514.224,272,785,None,Move,browsing
1574937514.244,275,782,None,Move,browsing
1574937514.264,280,778,None,Move,browsing
1574937514.283,283,773,None,Move,browsing
1574937514.301,288,765,None,Move,browsing
1574937514.319,294,757,None,Move,browsing
1574937514.339,301,749,None,Move,browsing
1574937514.354,308,739,None,Move,browsing
1574937514.3639998,315,728,None,Move,browsing
1574937514.3720002,324,716,None,Move,browsing
1574937514.3820002,331,704,None,Move,browsing
1574937514.389,337,691,None,Move,browsing
1574937514.397,342,678,None,Move,browsing
1574937514.405,350,665,None,Move,browsing
1574937514.4120002,358,652,None,Move,browsing
1574937514.42,365,637,None,Move,browsing
1574937514.427,372,623,None,Move,browsing
1574937514.435,377,608,None,Move,browsing
1574937514.4429998,384,592,None,Move,browsing
1574937514.45,391,576,None,Move,browsing
1574937514.458,398,559,None,Move,browsing
1574937514.466,402,544,None,Move,browsing
1574937514.4729998,406,526,None,Move,browsing
1574937514.482,408,509,None,Move,browsing
1574937514.4910002,410,492,None,Move,browsing
1574937514.502,413,477,None,Move,browsing
1574937514.5129998,417,462,None,Move,browsing
1574937514.522,421,448,None,Move,browsing
1574937514.532,424,433,None,Move,browsing
1574937514.54,430,419,None,Move,browsing
1574937514.548,433,404,None,Move,browsing
1574937514.556,437,390,None,Move,browsing
1574937514.564,441,377,None,Move,browsing
1574937514.571,444,366,None,Move,browsing
1574937514.579,448,356,None,Move,browsing
1574937514.587,451,344,None,Move,browsing
1574937514.594,454,334,None,Move,browsing
1574937514.6020002,458,325,None,Move,browsing
1574937514.61,459,319,None,Move,browsing
1574937514.617,462,313,None,Move,browsing
1574937514.625,464,310,None,Move,browsing
1574937514.6320002,467,305,None,Move,browsing
1574937514.639,468,300,None,Move,browsing
1574937514.646,468,295,None,Move,browsing
1574937514.654,470,293,None,Move,browsing
1574937514.6620002,471,290,None,Move,browsing
1574937514.669,471,288,None,Move,browsing
1574937514.677,471,285,None,Move,browsing
1574937514.685,471,283,None,Move,browsing
1574937514.6920002,471,281,None,Move,browsing
1574937514.699,471,279,None,Move,browsing
1574937514.706,471,278,None,Move,browsing
1574937514.714,471,277,None,Move,browsing
1574937514.722,470,276,None,Move,browsing
1574937514.729,469,274,None,Move,browsing
1574937514.736,468,272,None,Move,browsing
1574937514.7429998,467,270,None,Move,browsing
1574937514.7510002,466,268,None,Move,browsing
1574937514.76,464,266,None,Move,browsing
1574937514.7670002,462,264,None,Move,browsing
1574937514.775,460,263,None,Move,browsing
1574937514.782,456,261,None,Move,browsing
1574937514.789,452,259,None,Move,browsing
1574937514.7970002,448,257,None,Move,browsing
1574937514.805,442,255,None,Move,browsing
1574937514.813,436,252,None,Move,browsing
1574937514.823,430,249,None,Move,browsing
1574937514.83,424,246,None,Move,browsing
1574937514.837,417,243,None,Move,browsing
1574937514.844,411,240,None,Move,browsing
1574937514.8520002,407,238,None,Move,browsing
1574937514.859,405,235,None,Move,browsing
1574937514.8660002,403,234,None,Move,browsing
1574937514.8720002,402,233,None,Move,browsing
1574937514.879,402,232,None,Move,browsing
1574937515.144,400,231,None,Move,browsing
1574937515.163,398,229,None,Move,browsing
1574937515.1820002,396,227,None,Move,browsing
1574937515.202,394,225,None,Move,browsing
1574937515.221,392,224,None,Move,browsing
1574937515.2389998,391,224,None,Move,browsing
1574937515.2570002,390,223,None,Move,browsing
1574937515.34,390,221,None,Move,browsing
1574937515.3620002,389,220,None,Move,browsing
1574937515.381,387,218,None,Move,browsing
1574937515.4020002,385,217,None,Move,browsing
1574937515.4220002,382,215,None,Move,browsing
1574937515.4420002,379,213,None,Move,browsing
1574937515.464,375,212,None,Move,browsing
1574937515.4870002,370,210,None,Move,browsing
1574937515.5070002,365,208,None,Move,browsing
1574937515.519,360,206,None,Move,browsing
1574937515.5270002,355,204,None,Move,browsing
1574937515.534,349,202,None,Move,browsing
1574937515.542,343,200,None,Move,browsing
1574937515.549,337,199,None,Move,browsing
1574937515.556,331,197,None,Move,browsing
1574937515.564,325,196,None,Move,browsing
1574937515.571,317,193,None,Move,browsing
1574937515.579,310,192,None,Move,browsing
1574937515.586,302,190,None,Move,browsing
1574937515.593,292,188,None,Move,browsing
1574937515.601,284,185,None,Move,browsing
1574937515.609,275,182,None,Move,browsing
1574937515.6160002,267,179,None,Move,browsing
1574937515.6239998,258,176,None,Move,browsing
1574937515.6320002,250,174,None,Move,browsing
1574937515.639,241,172,None,Move,browsing
1574937515.647,232,172,None,Move,browsing
1574937515.654,224,171,None,Move,browsing
1574937515.6620002,217,171,None,Move,browsing
1574937515.67,210,171,None,Move,browsing
1574937515.677,205,171,None,Move,browsing
1574937515.684,203,171,None,Move,browsing
1574937515.6920002,200,172,None,Move,browsing
1574937515.699,197,172,None,Move,browsing
1574937515.706,195,172,None,Move,browsing
1574937515.7129998,194,172,None,Move,browsing
1574937515.72,193,173,None,Move,browsing
1574937515.728,192,173,None,Move,browsing
1574937515.735,191,174,None,Move,browsing
1574937515.742,190,174,None,Move,browsing
1574937515.75,189,175,None,Move,browsing
1574937515.7570002,188,176,None,Move,browsing
1574937515.764,186,178,None,Move,browsing
1574937515.771,184,180,None,Move,browsing
1574937515.779,182,182,None,Move,browsing
1574937515.786,180,184,None,Move,browsing
1574937515.794,178,186,None,Move,browsing
1574937515.801,175,189,None,Move,browsing
1574937515.809,172,192,None,Move,browsing
1574937515.816,169,194,None,Move,browsing
1574937515.823,166,196,None,Move,browsing
1574937515.831,161,199,None,Move,browsing
1574937515.839,155,202,None,Move,browsing
1574937515.846,148,205,None,Move,browsing
1574937515.853,143,210,None,Move,browsing
1574937515.86,136,213,None,Move,browsing
1574937515.867,130,216,None,Move,browsing
1574937515.875,126,220,None,Move,browsing
1574937515.8820002,122,222,None,Move,browsing
1574937515.889,120,225,None,Move,browsing
1574937515.897,117,227,None,Move,browsing
1574937515.904,115,229,None,Move,browsing
1574937515.9120002,114,230,None,Move,browsing
1574937515.919,112,230,None,Move,browsing
1574937515.928,111,231,None,Move,browsing
1574937515.935,110,232,None,Move,browsing
1574937515.9429998,109,232,None,Move,browsing
1574937515.951,108,233,None,Move,browsing
1574937515.958,107,235,None,Move,browsing
1574937515.966,105,236,None,Move,browsing
1574937515.9729998,103,238,None,Move,browsing
1574937515.98,101,239,None,Move,browsing
1574937515.988,99,241,None,Move,browsing
1574937515.996,97,243,None,Move,browsing
1574937516.0029998,95,245,None,Move,browsing
1574937516.0110002,94,246,None,Move,browsing
1574937516.019,93,247,None,Move,browsing
1574937516.0270002,93,248,None,Move,browsing
1574937516.093,93,248,Left,Pressed,browsing
1574937516.224,93,248,Left,Released,browsing
1574937516.268,93,247,None,Move,browsing
1574937516.2870002,93,245,None,Move,browsing
1574937516.31,93,243,None,Move,browsing
1574937516.327,92,241,None,Move,browsing
1574937516.345,92,240,None,Move,browsing
1574937516.3620002,92,239,None,Move,browsing
1574937516.383,92,239,Left,Pressed,browsing
1574937516.534,92,239,Left,Released,browsing
1574937520.092,92,236,None,Move,browsing
1574937520.101,102,187,None,Move,browsing
1574937520.107,110,115,None,Move,browsing
1574937520.1160002,128,43,None,Move,browsing
1574937520.1239998,140,0,None,Move,browsing
1574937520.131,140,0,None,Move,browsing
1574937520.139,130,0,None,Move,browsing
1574937520.147,120,0,None,Move,browsing
1574937520.155,117,0,None,Move,browsing
1574937520.161,116,0,None,Move,browsing
1574937520.21,117,6,None,Move,browsing
1574937520.231,118,23,None,Move,browsing
1574937520.256,118,51,None,Move,browsing
1574937520.275,116,79,None,Move,browsing
1574937520.283,112,103,None,Move,browsing
1574937520.292,108,127,None,Move,browsing
1574937520.298,106,151,None,Move,browsing
1574937520.305,106,175,None,Move,browsing
1574937520.312,104,197,None,Move,browsing
1574937520.319,104,215,None,Move,browsing
1574937520.329,102,231,None,Move,browsing
1574937520.337,100,245,None,Move,browsing
1574937520.346,98,257,None,Move,browsing
1574937520.354,94,265,None,Move,browsing
1574937520.3620002,92,271,None,Move,browsing
1574937520.369,92,275,None,Move,browsing
1574937520.3760002,91,277,None,Move,browsing
1574937520.3820002,91,278,None,Move,browsing
1574937520.436,89,280,None,Move,browsing
1574937520.462,87,282,None,Move,browsing
1574937520.481,86,283,None,Move,browsing
1574937520.498,84,285,None,Move,browsing
1574937520.5089998,83,288,None,Move,browsing
1574937520.5170002,82,290,None,Move,browsing
1574937520.526,81,292,None,Move,browsing
1574937520.533,80,294,None,Move,browsing
1574937520.539,79,296,None,Move,browsing
1574937520.546,79,297,None,Move,browsing
1574937521.311,79,297,Left,Pressed,browsing
1574937521.456,79,297,Left,Released,browsing
1574937521.55,79,297,Left,Pressed,browsing
1574937521.681,79,297,Left,Released,browsing
1574937523.3279998,80,299,None,Move,browsing
1574937523.339,83,305,None,Move,browsing
1574937523.343,90,314,None,Move,browsing
1574937523.349,100,324,None,Move,browsing
1574937523.3579998,110,334,None,Move,browsing
1574937523.377,120,344,None,Move,browsing
1574937523.395,132,353,None,Move,browsing
1574937523.414,146,360,None,Move,browsing
1574937523.4329998,160,365,None,Move,browsing
1574937523.452,175,372,None,Move,browsing
1574937523.474,189,379,None,Move,browsing
1574937523.49,199,382,None,Move,browsing
1574937523.498,209,385,None,Move,browsing
1574937523.512,218,389,None,Move,browsing
1574937523.518,224,390,None,Move,browsing
1574937523.524,229,392,None,Move,browsing
1574937523.529,234,393,None,Move,browsing
1574937523.534,237,395,None,Move,browsing
1574937523.541,240,395,None,Move,browsing
1574937523.546,242,395,None,Move,browsing
1574937523.551,245,395,None,Move,browsing
1574937523.556,247,395,None,Move,browsing
1574937523.561,250,395,None,Move,browsing
1574937523.566,252,395,None,Move,browsing
1574937523.572,254,395,None,Move,browsing
1574937523.577,256,394,None,Move,browsing
1574937523.582,258,394,None,Move,browsing
1574937523.587,260,394,None,Move,browsing
1574937523.592,262,393,None,Move,browsing
1574937523.596,264,392,None,Move,browsing
1574937523.6020002,266,391,None,Move,browsing
1574937523.607,268,391,None,Move,browsing
1574937523.611,270,389,None,Move,browsing
1574937523.6160002,272,389,None,Move,browsing
1574937523.6220002,275,388,None,Move,browsing
1574937523.6260002,277,386,None,Move,browsing
1574937523.6320002,280,386,None,Move,browsing
1574937523.637,282,385,None,Move,browsing
1574937523.641,284,384,None,Move,browsing
1574937523.646,286,383,None,Move,browsing
1574937523.651,288,383,None,Move,browsing
1574937523.655,290,383,None,Move,browsing
1574937523.661,291,383,None,Move,browsing
1574937523.754,292,382,None,Move,browsing
1574937523.77,293,381,None,Move,browsing
1574937523.786,294,381,None,Move,browsing
1574937523.8679998,295,380,None,Move,browsing
1574937523.885,296,379,None,Move,browsing
1574937523.9020002,298,379,None,Move,browsing
1574937523.918,299,378,None,Move,browsing
1574937524.929,299,378,Left,Pressed,browsing
1574937525.296,299,378,Left,Released,browsing
1574937526.728,301,378,None,Move,browsing
1574937526.7389998,304,375,None,Move,browsing
1574937526.7429998,315,370,None,Move,browsing
1574937526.752,328,363,None,Move,browsing
1574937526.7589998,341,355,None,Move,browsing
1574937526.7670002,358,348,None,Move,browsing
1574937526.776,378,343,None,Move,browsing
1574937526.798,394,338,None,Move,browsing
1574937526.8179998,412,334,None,Move,browsing
1574937526.8279998,426,330,None,Move,browsing
1574937526.8379998,441,327,None,Move,browsing
1574937526.845,453,323,None,Move,browsing
1574937526.853,466,320,None,Move,browsing
1574937526.86,476,316,None,Move,browsing
1574937526.87,483,314,None,Move,browsing
1574937526.8779998,492,311,None,Move,browsing
1574937526.887,499,309,None,Move,browsing
1574937526.895,505,308,None,Move,browsing
1574937526.9020002,510,306,None,Move,browsing
1574937526.91,513,305,None,Move,browsing
1574937526.919,517,303,None,Move,browsing
1574937526.927,522,302,None,Move,browsing
1574937526.937,527,299,None,Move,browsing
1574937526.945,531,298,None,Move,browsing
1574937526.952,535,297,None,Move,browsing
1574937526.959,539,295,None,Move,browsing
1574937526.967,542,293,None,Move,browsing
1574937526.976,545,292,None,Move,browsing
1574937526.985,547,291,None,Move,browsing
1574937526.992,551,290,None,Move,browsing
1574937527.0,555,289,None,Move,browsing
1574937527.0070002,558,288,None,Move,browsing
1574937527.015,561,287,None,Move,browsing
1574937527.022,564,286,None,Move,browsing
1574937527.029,568,284,None,Move,browsing
1574937527.0370002,572,283,None,Move,browsing
1574937527.044,577,281,None,Move,browsing
1574937527.051,581,279,None,Move,browsing
1574937527.0579998,585,278,None,Move,browsing
1574937527.066,588,276,None,Move,browsing
1574937527.073,592,275,None,Move,browsing
1574937527.08,596,275,None,Move,browsing
1574937527.089,599,274,None,Move,browsing
1574937527.0979998,604,273,None,Move,browsing
1574937527.107,608,273,None,Move,browsing
1574937527.115,613,272,None,Move,browsing
1574937527.1220002,617,272,None,Move,browsing
1574937527.129,622,270,None,Move,browsing
1574937527.137,629,270,None,Move,browsing
1574937527.144,635,269,None,Move,browsing
1574937527.151,642,267,None,Move,browsing
1574937527.158,647,267,None,Move,browsing
1574937527.166,653,266,None,Move,browsing
1574937527.173,658,265,None,Move,browsing
1574937527.181,663,265,None,Move,browsing
1574937527.188,667,264,None,Move,browsing
1574937527.196,672,264,None,Move,browsing
1574937527.2029998,676,263,None,Move,browsing
1574937527.211,681,263,None,Move,browsing
1574937527.219,686,262,None,Move,browsing
1574937527.226,691,260,None,Move,browsing
1574937527.234,694,260,None,Move,browsing
1574937527.242,699,260,None,Move,browsing
1574937527.2489998,702,259,None,Move,browsing
1574937527.2570002,705,259,None,Move,browsing
1574937527.264,707,259,None,Move,browsing
1574937527.271,709,259,None,Move,browsing
1574937527.278,710,259,None,Move,browsing
1574937527.3520002,711,259,None,Move,browsing
1574937527.426,712,259,None,Move,browsing
1574937527.446,713,259,None,Move,browsing
1574937527.466,715,259,None,Move,browsing
1574937527.484,718,259,None,Move,browsing
1574937527.504,722,260,None,Move,browsing
1574937527.525,726,261,None,Move,browsing
1574937527.543,730,262,None,Move,browsing
1574937527.563,736,264,None,Move,browsing
1574937527.5779998,741,265,None,Move,browsing
1574937527.59,747,266,None,Move,browsing
1574937527.603,753,267,None,Move,browsing
1574937527.6179998,757,269,None,Move,browsing
1574937527.63,762,270,None,Move,browsing
1574937527.643,768,271,None,Move,browsing
1574937527.657,772,272,None,Move,browsing
1574937527.669,777,272,None,Move,browsing
1574937527.6820002,783,273,None,Move,browsing
1574937527.694,790,275,None,Move,browsing
1574937527.707,797,275,None,Move,browsing
1574937527.719,804,276,None,Move,browsing
1574937527.731,811,276,None,Move,browsing
1574937527.744,819,276,None,Move,browsing
1574937527.7570002,827,276,None,Move,browsing
1574937527.769,835,276,None,Move,browsing
1574937527.781,843,276,None,Move,browsing
1574937527.793,851,277,None,Move,browsing
1574937527.805,859,277,None,Move,browsing
1574937527.8179998,867,277,None,Move,browsing
1574937527.83,874,276,None,Move,browsing
1574937527.842,881,274,None,Move,browsing
1574937527.854,886,273,None,Move,browsing
1574937527.8660002,891,272,None,Move,browsing
1574937527.8779998,894,270,None,Move,browsing
1574937527.89,898,269,None,Move,browsing
1574937527.903,900,268,None,Move,browsing
1574937527.929,901,267,None,Move,browsing
1574937527.939,903,267,None,Move,browsing
1574937527.9529998,902,266,None,Move,browsing
1574937527.96,899,265,None,Move,browsing
1574937527.966,895,265,None,Move,browsing
1574937527.971,890,265,None,Move,browsing
1574937527.975,883,265,None,Move,browsing
1574937527.98,874,265,None,Move,browsing
1574937527.985,862,266,None,Move,browsing
1574937527.9889998,850,266,None,Move,browsing
1574937527.994,837,266,None,Move,browsing
1574937527.998,825,266,None,Move,browsing
1574937528.0029998,814,266,None,Move,browsing
1574937528.008,802,266,None,Move,browsing
1574937528.0129998,790,266,None,Move,browsing
1574937528.0170002,777,265,None,Move,browsing
1574937528.022,765,263,None,Move,browsing
1574937528.0270002,752,263,None,Move,browsing
1574937528.033,740,262,None,Move,browsing
1574937528.038,727,260,None,Move,browsing
1574937528.043,711,258,None,Move,browsing
1574937528.052,700,258,None,Move,browsing
1574937528.0570002,686,260,None,Move,browsing
1574937528.063,672,260,None,Move,browsing
1574937528.072,659,262,None,Move,browsing
1574937528.077,645,265,None,Move,browsing
1574937528.082,632,267,None,Move,browsing
1574937528.087,618,268,None,Move,browsing
1574937528.092,605,270,None,Move,browsing
1574937528.097,591,270,None,Move,browsing
1574937528.1020002,579,272,None,Move,browsing
1574937528.107,566,272,None,Move,browsing
1574937528.111,552,273,None,Move,browsing
1574937528.1160002,539,273,None,Move,browsing
1574937528.121,526,273,None,Move,browsing
1574937528.1260002,511,273,None,Move,browsing
1574937528.131,492,277,None,Move,browsing
1574937528.1360002,471,277,None,Move,browsing
1574937528.141,450,279,None,Move,browsing
1574937528.146,428,282,None,Move,browsing
1574937528.151,405,286,None,Move,browsing
1574937528.156,383,286,None,Move,browsing
1574937528.1620002,360,286,None,Move,browsing
1574937528.167,338,286,None,Move,browsing
1574937528.1720002,319,286,None,Move,browsing
1574937528.176,301,282,None,Move,browsing
1574937528.181,285,280,None,Move,browsing
1574937528.186,269,278,None,Move,browsing
1574937528.191,253,278,None,Move,browsing
1574937528.197,237,278,None,Move,browsing
1574937528.2029998,223,278,None,Move,browsing
1574937528.208,211,278,None,Move,browsing
1574937528.216,198,280,None,Move,browsing
1574937528.221,186,280,None,Move,browsing
1574937528.226,179,280,None,Move,browsing
1574937528.231,174,280,None,Move,browsing
1574937528.2370002,171,280,None,Move,browsing
1574937528.242,169,280,None,Move,browsing
1574937528.31,168,281,None,Move,browsing
1574937528.329,166,282,None,Move,browsing
1574937528.3479998,163,283,None,Move,browsing
1574937528.3660002,159,284,None,Move,browsing
1574937528.3860002,155,285,None,Move,browsing
1574937528.407,151,287,None,Move,browsing
1574937528.426,148,288,None,Move,browsing
1574937528.449,145,289,None,Move,browsing
1574937528.468,143,290,None,Move,browsing
1574937528.486,141,291,None,Move,browsing
1574937528.505,139,293,None,Move,browsing
1574937528.524,137,294,None,Move,browsing
1574937528.543,134,296,None,Move,browsing
1574937528.561,132,297,None,Move,browsing
1574937528.582,129,298,None,Move,browsing
1574937528.601,126,299,None,Move,browsing
1574937528.62,124,299,None,Move,browsing
1574937528.64,122,299,None,Move,browsing
1574937528.6620002,120,299,None,Move,browsing
1574937528.681,118,299,None,Move,browsing
1574937528.699,116,299,None,Move,browsing
1574937528.718,114,299,None,Move,browsing
1574937528.735,113,299,None,Move,browsing
1574937528.7529998,112,299,None,Move,browsing
1574937528.77,111,298,None,Move,browsing
1574937528.79,109,296,None,Move,browsing
1574937528.806,107,294,None,Move,browsing
1574937528.816,105,292,None,Move,browsing
1574937528.822,103,290,None,Move,browsing
1574937528.829,102,289,None,Move,browsing
1574937528.837,101,287,None,Move,browsing
1574937528.842,100,286,None,Move,browsing
1574937528.847,99,285,None,Move,browsing
1574937528.853,98,284,None,Move,browsing
1574937528.8579998,98,283,None,Move,browsing
1574937528.863,97,283,None,Move,browsing
1574937528.869,97,283,Left,Pressed,browsing
1574937528.906,97,283,Left,Released,browsing
1574937528.9970002,97,283,Left,Pressed,browsing
1574937529.099,97,283,Left,Released,browsing
1574937555.684,98,283,None,Move,browsing
1574937555.704,101,282,None,Move,browsing
1574937555.7229998,108,279,None,Move,browsing
1574937555.742,112,276,None,Move,browsing
1574937555.7589998,115,275,None,Move,browsing
1574937555.7770002,114,276,None,Move,browsing
1574937555.796,106,285,None,Move,browsing
1574937555.815,95,300,None,Move,browsing
1574937555.834,84,313,None,Move,browsing
1574937555.854,76,327,None,Move,browsing
1574937555.8739998,70,338,None,Move,browsing
1574937555.893,63,347,None,Move,browsing
1574937555.9120002,60,353,None,Move,browsing
1574937555.934,55,357,None,Move,browsing
1574937555.949,50,360,None,Move,browsing
1574937555.962,47,363,None,Move,browsing
1574937555.975,47,365,None,Move,browsing
1574937555.9870002,49,367,None,Move,browsing
1574937556.0,54,369,None,Move,browsing
1574937556.014,62,369,None,Move,browsing
1574937556.026,73,368,None,Move,browsing
1574937556.038,84,364,None,Move,browsing
1574937556.052,94,361,None,Move,browsing
1574937556.064,103,357,None,Move,browsing
1574937556.0779998,107,354,None,Move,browsing
1574937556.093,113,350,None,Move,browsing
1574937556.106,119,345,None,Move,browsing
1574937556.1179998,123,343,None,Move,browsing
1574937556.129,129,340,None,Move,browsing
1574937556.139,133,337,None,Move,browsing
1574937556.1479998,137,335,None,Move,browsing
1574937556.157,144,332,None,Move,browsing
1574937556.167,150,330,None,Move,browsing
1574937556.178,155,327,None,Move,browsing
1574937556.19,162,325,None,Move,browsing
1574937556.199,165,322,None,Move,browsing
1574937556.21,170,320,None,Move,browsing
1574937556.219,175,317,None,Move,browsing
1574937556.229,181,315,None,Move,browsing
1574937556.2389998,190,312,None,Move,browsing
1574937556.248,198,310,None,Move,browsing
1574937556.2570002,206,307,None,Move,browsing
1574937556.266,214,305,None,Move,browsing
1574937556.275,221,302,None,Move,browsing
1574937556.285,229,299,None,Move,browsing
1574937556.295,236,297,None,Move,browsing
1574937556.305,244,295,None,Move,browsing
1574937556.315,252,293,None,Move,browsing
1574937556.325,260,290,None,Move,browsing
1574937556.336,264,287,None,Move,browsing
1574937556.345,267,286,None,Move,browsing
1574937556.355,270,285,None,Move,browsing
1574937556.3639998,272,283,None,Move,browsing
1574937556.373,275,282,None,Move,browsing
1574937556.383,278,280,None,Move,browsing
1574937556.3920002,282,277,None,Move,browsing
1574937556.401,287,275,None,Move,browsing
1574937556.41,293,272,None,Move,browsing
1574937556.419,298,270,None,Move,browsing
1574937556.428,304,268,None,Move,browsing
1574937556.437,308,265,None,Move,browsing
1574937556.447,314,263,None,Move,browsing
1574937556.456,317,261,None,Move,browsing
1574937556.464,322,259,None,Move,browsing
1574937556.475,325,256,None,Move,browsing
1574937556.486,328,254,None,Move,browsing
1574937556.496,331,253,None,Move,browsing
1574937556.5070002,332,251,None,Move,browsing
1574937556.516,333,251,None,Move,browsing
1574937556.525,334,250,None,Move,browsing
1574937556.535,335,249,None,Move,browsing
1574937556.544,335,248,None,Move,browsing
1574937556.553,336,247,None,Move,browsing
1574937556.562,337,246,None,Move,browsing
1574937556.57,338,245,None,Move,browsing
1574937556.579,340,243,None,Move,browsing
1574937556.5879998,342,241,None,Move,browsing
1574937556.597,344,239,None,Move,browsing
1574937556.607,346,237,None,Move,browsing
1574937556.6160002,347,236,None,Move,browsing
1574937556.625,348,234,None,Move,browsing
1574937556.6360002,348,234,Left,Pressed,browsing
1574937556.645,348,234,Left,Released,browsing
