client_timestamp,x,y,button,state,window
1572522607.343,112,245,Left,Pressed,development
1572522607.451,112,245,Left,Released,development
1572522655.225,112,246,None,Move,development
1572522655.245,122,269,None,Move,development
1572522655.262,134,307,None,Move,development
1572522655.278,144,347,None,Move,development
1572522655.294,156,385,None,Move,development
1572522655.312,162,427,None,Move,development
1572522655.331,168,473,None,Move,development
1572522655.349,172,523,None,Move,development
1572522655.369,176,581,None,Move,development
1572522655.389,176,645,None,Move,development
1572522655.4,176,713,None,Move,development
1572522655.409,176,789,None,Move,development
1572522655.419,172,867,None,Move,development
1572522655.428,172,947,None,Move,development
1572522655.438,172,1037,None,Move,development
1572522655.446,160,1079,None,Move,development
1572522655.452,142,1079,None,Move,development
1572522655.457,132,1079,None,Move,development
1572522655.462,116,1079,None,Move,development
1572522655.466,92,1079,None,Move,development
1572522655.471,68,1079,None,Move,development
1572522655.476,48,1079,None,Move,development
1572522655.481,32,1079,None,Move,development
1572522655.485,2,1079,None,Move,development
1572522655.4889998,0,1079,None,Move,development
1572522655.492,0,1079,None,Move,development
1572522655.4970002,0,1079,None,Move,development
1572522655.5010002,0,1079,None,Move,development
1572522655.505,0,1079,None,Move,development
1572522655.5089998,0,1079,None,Move,development
1572522655.5129998,0,1079,None,Move,development
1572522655.5170002,0,1079,None,Move,development
1572522655.521,0,1079,None,Move,development
1572522655.525,0,1079,None,Move,development
1572522655.53,0,1079,None,Move,development
1572522655.534,0,1079,None,Move,development
1572522655.538,0,1079,None,Move,development
1572522655.542,0,1079,None,Move,development
1572522655.5470002,0,1079,None,Move,development
1572522655.552,0,1079,None,Move,development
1572522655.556,0,1079,None,Move,development
1572522655.56,0,1079,None,Move,development
1572522655.564,0,1079,None,Move,development
1572522655.5679998,0,1079,None,Move,development
1572522655.572,0,1079,None,Move,development
1572522655.576,0,1079,None,Move,development
1572522655.583,0,1079,None,Move,development
1572522655.592,2,1079,None,Move,development
1572522655.611,0,1079,None,Move,development
1572522655.63,0,1079,None,Move,development
1572522655.646,0,1079,None,Move,development
1572522655.663,0,1079,None,Move,development
1572522655.677,0,1079,None,Move,development
1572522655.6920002,0,1079,None,Move,development
1572522655.706,0,1079,None,Move,development
1572522655.722,0,1079,None,Move,development
1572522655.736,0,1079,None,Move,development
1572522655.752,0,1079,None,Move,development
1572522655.765,0,1079,None,Move,development
1572522655.7729998,0,1079,None,Move,development
1572522655.781,0,1079,None,Move,development
1572522655.786,0,1077,None,Move,development
1572522655.791,0,1075,None,Move,development
1572522655.798,0,1070,None,Move,development
1572522655.803,0,1059,None,Move,development
1572522655.809,0,1044,None,Move,development
1572522655.816,0,1028,None,Move,development
1572522655.821,0,1010,None,Move,development
1572522655.8279998,0,988,None,Move,development
1572522655.834,0,960,None,Move,development
1572522655.839,2,920,None,Move,development
1572522655.847,6,866,None,Move,development
1572522655.8520002,4,798,None,Move,development
1572522655.8579998,0,728,None,Move,development
1572522655.8639998,0,652,None,Move,development
1572522655.869,14,574,None,Move,development
1572522655.875,24,494,None,Move,development
1572522655.881,38,416,None,Move,development
1572522655.885,56,332,None,Move,development
1572522655.89,78,248,None,Move,development
1572522655.896,110,162,None,Move,development
1572522655.9020002,160,70,None,Move,development
1572522655.907,206,0,None,Move,development
1572522655.9120002,242,0,None,Move,development
1572522655.919,286,0,None,Move,development
1572522655.924,326,0,None,Move,development
1572522655.929,362,0,None,Move,development
1572522655.9329998,402,0,None,Move,development
1572522655.938,418,0,None,Move,development
1572522655.9420002,440,0,None,Move,development
1572522655.947,466,0,None,Move,development
1572522655.952,484,0,None,Move,development
1572522655.956,506,0,None,Move,development
1572522655.961,528,0,None,Move,development
1572522655.966,552,0,None,Move,development
1572522655.97,560,0,None,Move,development
1572522655.974,570,0,None,Move,development
1572522655.981,586,0,None,Move,development
1572522655.9889998,594,0,None,Move,development
1572522655.9970002,610,0,None,Move,development
1572522656.005,626,0,None,Move,development
1572522656.0129998,638,0,None,Move,development
1572522656.022,650,0,None,Move,development
1572522656.038,656,0,None,Move,development
1572522656.0570002,666,0,None,Move,development
1572522656.073,676,0,None,Move,development
1572522656.083,684,0,None,Move,development
1572522656.091,696,0,None,Move,development
1572522656.0979998,698,0,None,Move,development
1572522656.104,696,0,None,Move,development
1572522656.11,688,0,None,Move,development
1572522656.1160002,678,0,None,Move,development
1572522656.121,672,0,None,Move,development
1572522656.1279998,666,0,None,Move,development
1572522656.1339998,665,0,None,Move,development
1572522656.14,662,1,None,Move,development
1572522656.146,659,3,None,Move,development
1572522656.1520002,656,5,None,Move,development
1572522656.159,651,11,None,Move,development
1572522656.166,646,18,None,Move,development
1572522656.1720002,640,26,None,Move,development
1572522656.179,638,30,None,Move,development
1572522656.186,635,33,None,Move,development
1572522656.1929998,634,36,None,Move,development
1572522656.201,632,42,None,Move,development
1572522656.209,630,52,None,Move,development
1572522656.216,626,71,None,Move,development
1572522656.2229998,618,102,None,Move,development
1572522656.232,613,135,None,Move,development
1572522656.248,607,167,None,Move,development
1572522656.264,601,196,None,Move,development
1572522656.283,598,221,None,Move,development
1572522656.301,596,242,None,Move,development
1572522656.3179998,596,258,None,Move,development
1572522656.334,600,272,None,Move,development
1572522656.35,606,284,None,Move,development
1572522656.3660002,615,293,None,Move,development
1572522656.3820002,624,299,None,Move,development
1572522656.3979998,631,301,None,Move,development
1572522656.416,635,301,None,Move,development
1572522656.4329998,639,301,None,Move,development
1572522656.451,641,300,None,Move,development
1572522656.464,643,298,None,Move,development
1572522656.472,645,297,None,Move,development
1572522656.478,647,295,None,Move,development
1572522656.484,649,294,None,Move,development
1572522656.4889998,651,292,None,Move,development
1572522656.4929998,653,290,None,Move,development
1572522656.4970002,655,288,None,Move,development
1572522656.5010002,657,287,None,Move,development
1572522656.505,658,286,None,Move,development
1572522656.5089998,658,285,None,Move,development
1572522656.5129998,658,283,None,Move,development
1572522656.5170002,658,277,None,Move,development
1572522656.521,658,274,None,Move,development
1572522656.524,659,272,None,Move,development
1572522656.529,659,271,None,Move,development
1572522656.533,660,270,None,Move,development
1572522656.5370002,661,269,None,Move,development
1572522656.698,662,269,None,Move,development
1572522656.719,663,269,None,Move,development
1572522656.7370002,664,269,None,Move,development
1572522656.758,665,269,None,Move,development
1572522656.776,667,269,None,Move,development
1572522656.794,668,269,None,Move,development
1572522656.816,670,269,None,Move,development
1572522656.834,672,269,None,Move,development
1572522656.85,673,269,None,Move,development
1572522656.8660002,674,269,None,Move,development
1572522656.8820002,675,269,None,Move,development
1572522656.899,675,268,None,Move,development
1572522656.916,676,267,None,Move,development
1572522656.934,677,265,None,Move,development
1572522656.952,677,263,None,Move,development
1572522656.97,677,261,None,Move,development
1572522656.986,677,259,None,Move,development
1572522657.002,677,257,None,Move,development
1572522657.018,678,256,None,Move,development
1572522657.033,679,255,None,Move,development
1572522657.049,681,254,None,Move,development
1572522657.065,681,253,None,Move,development
1572522657.081,682,252,None,Move,development
1572522657.097,683,251,None,Move,development
1572522657.113,683,250,None,Move,development
1572522657.13,684,249,None,Move,development
1572522657.147,685,248,None,Move,development
1572522657.164,686,248,None,Move,development
1572522657.18,688,247,None,Move,development
1572522657.196,690,246,None,Move,development
1572522657.2129998,692,246,None,Move,development
1572522657.23,694,245,None,Move,development
1572522657.246,698,243,None,Move,development
1572522657.262,700,243,None,Move,development
1572522657.278,701,243,None,Move,development
1572522657.2970002,702,243,None,Move,development
1572522657.313,703,243,None,Move,development
1572522657.322,705,242,None,Move,development
1572522657.329,706,242,None,Move,development
1572522657.335,707,242,None,Move,development
1572522657.342,709,242,None,Move,development
1572522657.347,711,242,None,Move,development
1572522657.353,712,242,None,Move,development
1572522657.3579998,714,242,None,Move,development
1572522657.3639998,716,242,None,Move,development
1572522657.369,717,242,None,Move,development
1572522657.905,718,242,None,Move,development
1572522657.918,719,242,None,Move,development
1572522657.928,720,241,None,Move,development
1572522657.9429998,721,241,None,Move,development
1572522657.957,722,241,None,Move,development
1572522657.971,723,241,None,Move,development
1572522657.985,723,241,None,Move,development
1572522658.0010002,724,241,None,Move,development
1572522658.479,724,241,Left,Pressed,development
1572522658.48,724,241,None,Drag,development
1572522658.494,712,242,None,Drag,development
1572522658.505,690,246,None,Drag,development
1572522658.516,666,248,None,Drag,development
1572522658.525,644,252,None,Drag,development
1572522658.533,622,254,None,Drag,development
1572522658.545,600,256,None,Drag,development
1572522658.5570002,580,256,None,Drag,development
1572522658.5670002,564,258,None,Drag,development
1572522658.579,552,260,None,Drag,development
1572522658.589,540,260,None,Drag,development
1572522658.5979998,532,260,None,Drag,development
1572522658.604,527,260,None,Drag,development
1572522658.609,523,260,None,Drag,development
1572522658.609,523,260,Left,Released,development
1572522659.034,521,261,None,Move,development
1572522659.06,516,263,None,Move,development
1572522659.077,511,266,None,Move,development
1572522659.086,505,269,None,Move,development
1572522659.093,499,272,None,Move,development
1572522659.0979998,494,274,None,Move,development
1572522659.103,488,277,None,Move,development
1572522659.1079998,482,280,None,Move,development
1572522659.1139998,473,286,None,Move,development
1572522659.12,461,295,None,Move,development
1572522659.1260002,448,304,None,Move,development
1572522659.13,436,314,None,Move,development
1572522659.135,423,324,None,Move,development
1572522659.139,409,334,None,Move,development
1572522659.143,396,344,None,Move,development
1572522659.1520002,382,354,None,Move,development
1572522659.1720002,369,364,None,Move,development
1572522659.188,356,375,None,Move,development
1572522659.206,346,384,None,Move,development
1572522659.2229998,337,391,None,Move,development
1572522659.2329998,330,396,None,Move,development
1572522659.2410002,324,400,None,Move,development
1572522659.2470002,321,401,None,Move,development
1572522659.252,319,405,None,Move,development
1572522659.315,318,406,None,Move,development
1572522659.3279998,317,408,None,Move,development
1572522659.35,314,415,None,Move,development
1572522659.367,313,418,None,Move,development
1572522659.3760002,311,421,None,Move,development
1572522659.3820002,309,423,None,Move,development
1572522659.3879998,307,425,None,Move,development
1572522659.393,305,427,None,Move,development
1572522659.3979998,303,429,None,Move,development
1572522659.4020002,301,431,None,Move,development
1572522659.407,299,433,None,Move,development
1572522659.4120002,297,435,None,Move,development
1572522659.417,296,436,None,Move,development
1572522659.4220002,295,436,None,Move,development
1572522659.429,295,437,None,Move,development
1572522659.717,295,438,None,Move,development
1572522659.7370002,295,439,None,Move,development
1572522659.756,296,440,None,Move,development
1572522659.7770002,296,441,None,Move,development
1572522659.7970002,296,442,None,Move,development
1572522659.8170002,296,443,None,Move,development
1572522659.834,296,445,None,Move,development
1572522659.85,297,445,None,Move,development
1572522659.8660002,297,446,None,Move,development
1572522659.994,297,446,Left,Pressed,development
1572522660.147,297,446,Left,Released,development
1572522660.201,297,446,Left,Pressed,development
1572522660.425,297,446,Left,Released,development
1572522662.375,297,446,None,Move,development
1572522662.385,309,413,None,Move,development
1572522662.4,315,355,None,Move,development
1572522662.421,313,281,None,Move,development
1572522662.441,309,197,None,Move,development
1572522662.462,297,113,None,Move,development
1572522662.474,275,29,None,Move,development
1572522662.481,261,0,None,Move,development
1572522662.4870002,237,0,None,Move,development
1572522662.492,217,0,None,Move,development
1572522662.4970002,201,0,None,Move,development
1572522662.502,191,0,None,Move,development
1572522662.506,185,0,None,Move,development
1572522662.5110002,181,0,None,Move,development
1572522662.516,181,0,None,Move,development
1572522662.521,183,0,None,Move,development
1572522662.526,184,0,None,Move,development
1572522662.53,189,0,None,Move,development
1572522662.535,196,1,None,Move,development
1572522662.54,210,4,None,Move,development
1572522662.545,238,12,None,Move,development
1572522662.55,284,24,None,Move,development
1572522662.559,344,38,None,Move,development
1572522662.577,408,54,None,Move,development
1572522662.589,480,82,None,Move,development
1572522662.596,556,122,None,Move,development
1572522662.6020002,632,168,None,Move,development
1572522662.61,704,222,None,Move,development
1572522662.617,770,286,None,Move,development
1572522662.6239998,840,366,None,Move,development
1572522662.63,912,458,None,Move,development
1572522662.6379998,968,542,None,Move,development
1572522662.645,1024,632,None,Move,development
1572522662.651,1078,728,None,Move,development
1572522662.658,1128,826,None,Move,development
1572522662.666,1182,930,None,Move,development
1572522662.671,1228,1032,None,Move,development
1572522662.676,1268,1079,None,Move,development
1572522662.681,1316,1079,None,Move,development
1572522662.69,1364,1079,None,Move,development
1572522662.697,1420,1079,None,Move,development
1572522662.705,1460,1079,None,Move,development
1572522662.7129998,1498,1079,None,Move,development
1572522662.721,1528,1079,None,Move,development
1572522662.729,1542,1079,None,Move,development
1572522662.7370002,1532,1079,None,Move,development
1572522662.745,1514,1079,None,Move,development
1572522662.7529998,1488,1079,None,Move,development
1572522662.7589998,1452,1079,None,Move,development
1572522662.7670002,1424,1079,None,Move,development
1572522662.775,1390,1079,None,Move,development
1572522662.784,1354,1079,None,Move,development
1572522662.806,1302,1079,None,Move,development
1572522662.82,1252,1079,None,Move,development
1572522662.832,1206,1079,None,Move,development
1572522662.842,1150,1079,None,Move,development
1572522662.8520002,1106,1079,None,Move,development
1572522662.863,1086,1079,None,Move,development
1572522662.873,1050,1079,None,Move,development
1572522662.883,1012,1079,None,Move,development
1572522662.8920002,972,1079,None,Move,development
1572522662.901,942,1079,None,Move,development
1572522662.911,894,1079,None,Move,development
1572522662.919,860,1079,None,Move,development
1572522662.929,842,1079,None,Move,development
1572522662.938,820,1079,None,Move,development
1572522662.947,806,1079,None,Move,development
1572522662.957,794,1079,None,Move,development
1572522662.966,790,1079,None,Move,development
1572522662.975,788,1079,None,Move,development
1572522662.9829998,788,1070,None,Move,development
1572522662.988,788,1025,None,Move,development
1572522662.994,792,961,None,Move,development
1572522663.0,802,887,None,Move,development
1572522663.006,818,807,None,Move,development
1572522663.012,824,725,None,Move,development
1572522663.018,836,645,None,Move,development
1572522663.024,854,559,None,Move,development
1572522663.029,878,469,None,Move,development
1572522663.034,896,367,None,Move,development
1572522663.04,916,265,None,Move,development
1572522663.044,934,161,None,Move,development
1572522663.05,952,53,None,Move,development
1572522663.055,976,0,None,Move,development
1572522663.061,998,0,None,Move,development
1572522663.069,1024,0,None,Move,development
1572522663.076,1038,0,None,Move,development
1572522663.083,1052,0,None,Move,development
1572522663.089,1066,0,None,Move,development
1572522663.095,1078,0,None,Move,development
1572522663.101,1072,0,None,Move,development
1572522663.109,1070,0,None,Move,development
1572522663.115,1066,0,None,Move,development
1572522663.123,1064,0,None,Move,development
1572522663.131,1068,0,None,Move,development
1572522663.139,1062,0,None,Move,development
1572522663.147,1050,0,None,Move,development
1572522663.155,1040,0,None,Move,development
1572522663.163,1030,0,None,Move,development
1572522663.171,1020,0,None,Move,development
1572522663.179,1008,0,None,Move,development
1572522663.187,998,0,None,Move,development
1572522663.195,992,0,None,Move,development
1572522663.201,988,0,None,Move,development
1572522663.209,984,0,None,Move,development
1572522663.217,982,0,None,Move,development
1572522663.225,982,0,None,Move,development
1572522663.2329998,982,0,None,Move,development
1572522663.2410002,984,0,None,Move,development
1572522663.2489998,986,0,None,Move,development
1572522663.2570002,988,0,None,Move,development
1572522663.265,990,0,None,Move,development
1572522663.2729998,992,0,None,Move,development
1572522663.281,992,0,None,Move,development
1572522663.289,988,0,None,Move,development
1572522663.295,984,0,None,Move,development
1572522663.303,980,0,None,Move,development
1572522663.312,976,0,None,Move,development
1572522663.331,972,0,None,Move,development
1572522663.351,968,0,None,Move,development
1572522663.3679998,964,0,None,Move,development
1572522663.379,958,0,None,Move,development
1572522663.39,954,0,None,Move,development
1572522663.3979998,948,0,None,Move,development
1572522663.406,942,0,None,Move,development
1572522663.414,934,0,None,Move,development
1572522663.4220002,924,0,None,Move,development
1572522663.428,918,0,None,Move,development
1572522663.434,914,0,None,Move,development
1572522663.441,908,0,None,Move,development
1572522663.448,900,0,None,Move,development
1572522663.454,894,0,None,Move,development
1572522663.46,888,0,None,Move,development
1572522663.467,880,0,None,Move,development
1572522663.4729998,874,0,None,Move,development
1572522663.479,868,0,None,Move,development
1572522663.485,864,0,None,Move,development
1572522663.492,862,0,None,Move,development
1572522663.498,860,0,None,Move,development
1572522663.504,858,3,None,Move,development
1572522663.5110002,854,10,None,Move,development
1572522663.5170002,849,21,None,Move,development
1572522663.5229998,845,33,None,Move,development
1572522663.53,840,46,None,Move,development
1572522663.536,836,59,None,Move,development
1572522663.543,833,76,None,Move,development
1572522663.549,830,95,None,Move,development
1572522663.556,826,117,None,Move,development
1572522663.562,822,140,None,Move,development
1572522663.5679998,820,168,None,Move,development
1572522663.575,820,200,None,Move,development
1572522663.582,824,232,None,Move,development
1572522663.5879998,834,264,None,Move,development
1572522663.594,846,298,None,Move,development
1572522663.601,864,334,None,Move,development
1572522663.609,882,370,None,Move,development
1572522663.617,898,402,None,Move,development
1572522663.625,914,428,None,Move,development
1572522663.633,930,452,None,Move,development
1572522663.641,942,474,None,Move,development
1572522663.647,954,494,None,Move,development
1572522663.655,962,512,None,Move,development
1572522663.663,970,528,None,Move,development
1572522663.6720002,978,540,None,Move,development
1572522663.6920002,984,552,None,Move,development
1572522663.712,988,564,None,Move,development
1572522663.732,992,574,None,Move,development
1572522663.7510002,996,584,None,Move,development
1572522663.772,1000,592,None,Move,development
1572522663.782,1002,600,None,Move,development
1572522663.789,1004,606,None,Move,development
1572522663.795,1004,611,None,Move,development
1572522663.8,1004,614,None,Move,development
1572522663.804,1004,617,None,Move,development
1572522663.8079998,1004,618,None,Move,development
1572522663.812,1004,620,None,Move,development
1572522663.836,1005,620,None,Move,development
1572522663.962,1005,619,None,Move,development
1572522663.988,1005,613,None,Move,development
1572522664.008,1005,605,None,Move,development
1572522664.0170002,1005,597,None,Move,development
1572522664.0229998,1004,588,None,Move,development
1572522664.028,1004,581,None,Move,development
1572522664.034,1002,573,None,Move,development
1572522664.038,1002,563,None,Move,development
1572522664.045,1004,552,None,Move,development
1572522664.051,1007,540,None,Move,development
1572522664.055,1008,530,None,Move,development
1572522664.06,1010,521,None,Move,development
1572522664.064,1010,512,None,Move,development
1572522664.069,1010,502,None,Move,development
1572522664.073,1010,491,None,Move,development
1572522664.079,1010,482,None,Move,development
1572522664.0879998,1010,474,None,Move,development
1572522664.109,1010,465,None,Move,development
1572522664.1279998,1010,461,None,Move,development
1572522664.1479998,1010,458,None,Move,development
1572522664.159,1008,455,None,Move,development
1572522664.168,1008,452,None,Move,development
1572522664.178,1008,449,None,Move,development
1572522664.185,1007,448,None,Move,development
1572522664.19,1007,446,None,Move,development
1572522664.196,1007,445,None,Move,development
1572522664.201,1007,444,None,Move,development
1572522664.409,1008,445,None,Move,development
1572522664.435,1010,447,None,Move,development
1572522664.457,1011,449,None,Move,development
1572522664.469,1013,451,None,Move,development
1572522664.4770002,1015,453,None,Move,development
1572522664.4829998,1017,456,None,Move,development
1572522664.488,1019,459,None,Move,development
1572522664.492,1022,462,None,Move,development
1572522664.4970002,1026,465,None,Move,development
1572522664.5010002,1031,468,None,Move,development
1572522664.506,1036,470,None,Move,development
1572522664.51,1039,472,None,Move,development
1572522664.5129998,1043,474,None,Move,development
1572522664.5170002,1046,475,None,Move,development
1572522664.521,1050,477,None,Move,development
1572522664.525,1052,478,None,Move,development
1572522664.534,1054,479,None,Move,development
1572522664.5570002,1055,479,None,Move,development
1572522664.577,1056,480,None,Move,development
1572522665.07,1055,482,None,Move,development
1572522665.085,1053,484,None,Move,development
1572522665.1,1051,486,None,Move,development
1572522665.1160002,1048,488,None,Move,development
1572522665.131,1045,490,None,Move,development
1572522665.146,1043,492,None,Move,development
1572522665.1620002,1041,494,None,Move,development
1572522665.176,1039,496,None,Move,development
1572522665.1920002,1037,498,None,Move,development
1572522665.206,1035,499,None,Move,development
1572522665.214,1034,499,None,Move,development
1572522665.22,1032,500,None,Move,development
1572522665.226,1031,500,None,Move,development
1572522665.2329998,1030,500,None,Move,development
1572522665.24,1028,500,None,Move,development
1572522665.246,1026,500,None,Move,development
1572522665.252,1024,501,None,Move,development
1572522665.2589998,1021,501,None,Move,development
1572522665.266,1019,501,None,Move,development
1572522665.2729998,1017,500,None,Move,development
1572522665.28,1015,499,None,Move,development
1572522665.286,1013,497,None,Move,development
1572522665.293,1011,496,None,Move,development
1572522665.3,1009,496,None,Move,development
1572522665.3070002,1008,495,None,Move,development
1572522665.314,1007,495,None,Move,development
1572522665.322,1006,495,None,Move,development
1572522665.329,1005,497,None,Move,development
1572522665.337,1005,500,None,Move,development
1572522665.345,1005,502,None,Move,development
1572522665.3520002,1007,506,None,Move,development
1572522665.3579998,1009,510,None,Move,development
1572522665.365,1015,517,None,Move,development
1572522665.373,1025,528,None,Move,development
1572522665.381,1047,544,None,Move,development
1572522665.389,1076,568,None,Move,development
1572522665.397,1102,588,None,Move,development
1572522665.405,1126,608,None,Move,development
1572522665.8079998,1125,608,None,Move,development
1572522665.82,1124,608,None,Move,development
1572522665.831,1123,607,None,Move,development
1572522665.906,1122,606,None,Move,development
1572522665.929,1117,605,None,Move,development
1572522665.95,1111,603,None,Move,development
1572522665.97,1105,601,None,Move,development
1572522665.9910002,1099,599,None,Move,development
1572522666.0110002,1094,597,None,Move,development
1572522666.031,1089,596,None,Move,development
1572522666.049,1085,594,None,Move,development
1572522666.06,1081,592,None,Move,development
1572522666.069,1075,590,None,Move,development
1572522666.081,1070,588,None,Move,development
1572522666.09,1064,586,None,Move,development
1572522666.097,1057,584,None,Move,development
1572522666.103,1050,581,None,Move,development
1572522666.1079998,1041,576,None,Move,development
1572522666.1139998,1031,571,None,Move,development
1572522666.12,1021,567,None,Move,development
1572522666.125,1009,564,None,Move,development
1572522666.131,999,561,None,Move,development
1572522666.1360002,989,557,None,Move,development
1572522666.141,980,552,None,Move,development
1572522666.146,971,549,None,Move,development
1572522666.151,963,546,None,Move,development
1572522666.156,955,543,None,Move,development
1572522666.161,949,538,None,Move,development
1572522666.167,943,534,None,Move,development
1572522666.1720002,938,531,None,Move,development
1572522666.178,932,528,None,Move,development
1572522666.1829998,926,525,None,Move,development
1572522666.189,922,522,None,Move,development
1572522666.194,918,519,None,Move,development
1572522666.2,915,517,None,Move,development
1572522666.206,913,514,None,Move,development
1572522666.212,913,512,None,Move,development
1572522666.218,915,510,None,Move,development
1572522666.224,917,508,None,Move,development
1572522666.23,919,506,None,Move,development
1572522666.235,921,504,None,Move,development
1572522666.24,921,502,None,Move,development
1572522666.246,922,500,None,Move,development
1572522666.25,923,498,None,Move,development
1572522666.255,923,494,None,Move,development
1572522666.2589998,924,491,None,Move,development
1572522666.2629998,924,486,None,Move,development
1572522666.2670002,924,482,None,Move,development
1572522666.272,924,475,None,Move,development
1572522666.2770002,922,469,None,Move,development
1572522666.282,921,462,None,Move,development
1572522666.288,918,455,None,Move,development
1572522666.294,916,448,None,Move,development
1572522666.299,913,442,None,Move,development
1572522666.305,911,438,None,Move,development
1572522666.313,910,436,None,Move,development
1572522666.321,909,433,None,Move,development
1572522666.329,908,431,None,Move,development
1572522666.337,908,429,None,Move,development
1572522666.345,908,424,None,Move,development
1572522666.351,908,421,None,Move,development
1572522666.359,908,415,None,Move,development
1572522666.367,908,410,None,Move,development
1572522666.375,908,403,None,Move,development
1572522666.383,909,398,None,Move,development
1572522666.391,909,392,None,Move,development
1572522666.399,909,385,None,Move,development
1572522666.407,909,378,None,Move,development
1572522666.415,907,372,None,Move,development
1572522666.423,903,364,None,Move,development
1572522666.431,898,356,None,Move,development
1572522666.437,892,349,None,Move,development
1572522666.445,883,340,None,Move,development
1572522666.4529998,873,330,None,Move,development
1572522666.461,863,320,None,Move,development
1572522666.469,853,310,None,Move,development
1572522666.4770002,843,299,None,Move,development
1572522666.485,832,289,None,Move,development
1572522666.4929998,822,279,None,Move,development
1572522666.5010002,814,269,None,Move,development
1572522666.5089998,808,259,None,Move,development
1572522666.5170002,802,249,None,Move,development
1572522666.5229998,797,242,None,Move,development
1572522666.531,793,237,None,Move,development
1572522666.539,790,234,None,Move,development
1572522666.5470002,789,231,None,Move,development
1572522666.555,787,228,None,Move,development
1572522666.563,786,226,None,Move,development
1572522666.571,784,223,None,Move,development
1572522666.579,784,222,None,Move,development
1572522666.587,782,221,None,Move,development
1572522666.595,782,220,None,Move,development
1572522666.603,781,219,None,Move,development
1572522666.613,781,218,None,Move,development
1572522666.621,780,218,None,Move,development
1572522666.633,779,217,None,Move,development
1572522666.641,777,216,None,Move,development
1572522666.649,775,215,None,Move,development
1572522666.657,773,214,None,Move,development
1572522666.665,771,212,None,Move,development
1572522666.673,768,211,None,Move,development
1572522666.681,764,209,None,Move,development
1572522666.689,760,208,None,Move,development
1572522666.697,754,206,None,Move,development
1572522666.7029998,749,204,None,Move,development
1572522666.711,743,202,None,Move,development
1572522666.719,737,200,None,Move,development
1572522666.7270002,732,198,None,Move,development
1572522666.735,729,197,None,Move,development
1572522666.7429998,726,197,None,Move,development
1572522666.7510002,725,197,None,Move,development
1572522666.849,724,197,None,Move,development
1572522666.861,722,197,None,Move,development
1572522666.869,720,196,None,Move,development
1572522666.875,718,196,None,Move,development
1572522666.883,716,196,None,Move,development
1572522666.891,714,196,None,Move,development
1572522666.899,710,196,None,Move,development
1572522666.907,707,196,None,Move,development
1572522666.915,703,197,None,Move,development
1572522666.923,699,197,None,Move,development
1572522666.931,696,197,None,Move,development
1572522666.939,693,197,None,Move,development
1572522666.947,691,197,None,Move,development
1572522666.955,689,197,None,Move,development
1572522666.961,687,197,None,Move,development
1572522666.969,685,197,None,Move,development
1572522666.9770002,683,197,None,Move,development
1572522666.985,681,197,None,Move,development
1572522666.9929998,680,197,None,Move,development
1572522667.0010002,678,197,None,Move,development
1572522667.1820002,678,197,Left,Pressed,development
1572522667.316,678,197,Left,Released,development
1572522667.603,677,197,None,Move,development
1572522667.639,676,196,None,Move,development
1572522667.659,675,196,None,Move,development
1572522667.671,674,195,None,Move,development
1572522667.725,674,194,None,Move,development
1572522667.803,674,194,Left,Pressed,development
1572522667.9629998,674,194,Left,Released,development
1572522668.049,673,194,None,Move,development
1572522668.061,672,195,None,Move,development
1572522668.069,671,195,None,Move,development
1572522668.077,669,196,None,Move,development
1572522668.097,668,196,None,Move,development
1572522668.117,666,196,None,Move,development
1572522668.133,664,196,None,Move,development
1572522668.139,663,196,None,Move,development
1572522668.146,662,196,None,Move,development
1572522668.151,661,196,None,Move,development
1572522668.156,660,196,None,Move,development
1572522668.161,659,196,None,Move,development
1572522668.25,659,196,Left,Pressed,development
1572522668.3760002,659,196,Left,Released,development
1572522668.465,660,198,None,Move,development
1572522668.4729998,662,205,None,Move,development
1572522668.481,665,218,None,Move,development
1572522668.4889998,668,231,None,Move,development
1572522668.4970002,671,246,None,Move,development
1572522668.5029998,675,260,None,Move,development
1572522668.512,678,274,None,Move,development
1572522668.525,684,288,None,Move,development
1572522668.5370002,687,302,None,Move,development
1572522668.549,691,312,None,Move,development
1572522668.563,694,322,None,Move,development
1572522668.586,697,331,None,Move,development
1572522668.596,700,339,None,Move,development
1572522668.604,704,347,None,Move,development
1572522668.61,707,355,None,Move,development
1572522668.615,713,364,None,Move,development
1572522668.619,719,373,None,Move,development
1572522668.625,726,384,None,Move,development
1572522668.629,732,394,None,Move,development
1572522668.6339998,735,398,None,Move,development
1572522668.6379998,736,398,None,Move,development
1572522668.962,737,397,None,Move,development
1572522668.974,738,396,None,Move,development
1572522668.985,739,396,None,Move,development
1572522668.994,740,394,None,Move,development
1572522669.0010002,741,393,None,Move,development
1572522669.0070002,742,392,None,Move,development
1572522669.012,743,391,None,Move,development
1572522669.0170002,743,389,None,Move,development
1572522669.025,744,387,None,Move,development
1572522669.036,744,384,None,Move,development
1572522669.055,744,379,None,Move,development
1572522669.076,743,373,None,Move,development
1572522669.094,741,366,None,Move,development
1572522669.111,739,358,None,Move,development
1572522669.129,734,348,None,Move,development
1572522669.146,726,336,None,Move,development
1572522669.1620002,718,325,None,Move,development
1572522669.178,709,314,None,Move,development
1572522669.195,700,303,None,Move,development
1572522669.212,691,292,None,Move,development
1572522669.222,682,283,None,Move,development
1572522669.229,675,276,None,Move,development
1572522669.235,668,269,None,Move,development
1572522669.242,663,265,None,Move,development
1572522669.248,658,261,None,Move,development
1572522669.254,653,257,None,Move,development
1572522669.26,649,254,None,Move,development
1572522669.266,644,251,None,Move,development
1572522669.272,640,248,None,Move,development
1572522669.279,635,246,None,Move,development
1572522669.285,630,241,None,Move,development
1572522669.291,624,239,None,Move,development
1572522669.2970002,619,235,None,Move,development
1572522669.303,614,232,None,Move,development
1572522669.309,611,230,None,Move,development
1572522669.315,607,228,None,Move,development
1572522669.321,605,225,None,Move,development
1572522669.327,602,223,None,Move,development
1572522669.333,598,221,None,Move,development
1572522669.34,596,219,None,Move,development
1572522669.346,594,217,None,Move,development
1572522669.353,592,214,None,Move,development
1572522669.3579998,588,210,None,Move,development
1572522669.3639998,585,205,None,Move,development
1572522669.369,581,199,None,Move,development
1572522669.373,578,196,None,Move,development
1572522669.377,576,193,None,Move,development
1572522669.3820002,574,191,None,Move,development
1572522669.3860002,573,189,None,Move,development
1572522669.389,572,189,None,Move,development
1572522669.437,573,189,None,Move,development
1572522669.449,575,189,None,Move,development
1572522669.457,576,189,None,Move,development
1572522669.465,578,189,None,Move,development
1572522669.4729998,580,189,None,Move,development
1572522669.481,582,189,None,Move,development
1572522669.4889998,583,189,None,Move,development
1572522669.495,585,189,None,Move,development
1572522669.5029998,587,189,None,Move,development
1572522669.5110002,588,189,None,Move,development
1572522669.519,589,189,None,Move,development
1572522669.531,590,189,None,Move,development
1572522669.539,591,189,None,Move,development
1572522669.551,592,189,None,Move,development
1572522669.559,593,189,None,Move,development
1572522669.5670002,594,189,None,Move,development
1572522669.575,595,189,None,Move,development
1572522669.581,596,189,None,Move,development
1572522669.589,597,189,None,Move,development
1572522669.597,598,189,None,Move,development
1572522669.605,599,189,None,Move,development
1572522669.617,600,188,None,Move,development
1572522669.8379998,599,188,None,Move,development
1572522669.85,598,188,None,Move,development
1572522669.859,597,188,None,Move,development
1572522669.8739998,596,187,None,Move,development
1572522669.896,594,187,None,Move,development
1572522669.91,593,187,None,Move,development
1572522669.92,592,187,None,Move,development
1572522669.926,590,187,None,Move,development
1572522669.931,589,187,None,Move,development
1572522670.08,589,187,Left,Pressed,development
1572522670.232,589,187,Left,Released,development
1572522670.334,589,188,None,Move,development
1572522670.356,590,193,None,Move,development
1572522670.3760002,591,199,None,Move,development
1572522670.395,594,207,None,Move,development
1572522670.42,596,215,None,Move,development
1572522670.434,599,221,None,Move,development
1572522670.441,602,228,None,Move,development
1572522670.448,604,235,None,Move,development
1572522670.454,607,239,None,Move,development
1572522670.459,609,241,None,Move,development
1572522670.465,612,244,None,Move,development
1572522670.471,614,246,None,Move,development
1572522670.476,617,248,None,Move,development
1572522670.481,619,251,None,Move,development
1572522670.486,621,253,None,Move,development
1572522670.4910002,625,256,None,Move,development
1572522670.495,627,261,None,Move,development
1572522670.5,631,266,None,Move,development
1572522670.504,635,271,None,Move,development
1572522670.5070002,641,277,None,Move,development
1572522670.5110002,647,282,None,Move,development
1572522670.515,654,286,None,Move,development
1572522670.519,661,289,None,Move,development
1572522670.522,667,291,None,Move,development
1572522670.526,674,294,None,Move,development
1572522670.53,680,296,None,Move,development
1572522670.538,688,298,None,Move,development
1572522670.556,695,301,None,Move,development
1572522670.574,703,305,None,Move,development
1572522670.593,712,309,None,Move,development
1572522670.609,723,315,None,Move,development
1572522670.617,734,321,None,Move,development
1572522670.6239998,746,328,None,Move,development
1572522670.63,759,337,None,Move,development
1572522670.637,771,348,None,Move,development
1572522670.6420002,784,360,None,Move,development
1572522670.6479998,798,371,None,Move,development
1572522670.654,811,381,None,Move,development
1572522670.661,825,388,None,Move,development
1572522670.668,837,393,None,Move,development
1572522670.674,847,397,None,Move,development
1572522670.68,858,400,None,Move,development
1572522670.685,866,404,None,Move,development
1572522670.694,877,407,None,Move,development
1572522670.7,884,411,None,Move,development
1572522670.707,892,414,None,Move,development
1572522670.7129998,896,417,None,Move,development
1572522670.72,900,421,None,Move,development
1572522670.7270002,903,422,None,Move,development
1572522670.734,905,424,None,Move,development
1572522670.7389998,905,425,None,Move,development
1572522671.461,908,423,None,Move,development
1572522671.471,927,411,None,Move,development
1572522671.479,951,395,None,Move,development
1572522671.4870002,975,383,None,Move,development
1572522671.492,997,371,None,Move,development
1572522671.4989998,1021,359,None,Move,development
1572522671.508,1053,349,None,Move,development
1572522671.5270002,1085,343,None,Move,development
1572522671.5470002,1117,335,None,Move,development
1572522671.569,1151,329,None,Move,development
1572522671.589,1183,325,None,Move,development
1572522671.6,1215,321,None,Move,development
1572522671.607,1245,321,None,Move,development
1572522671.613,1277,323,None,Move,development
1572522671.62,1309,323,None,Move,development
1572522671.625,1339,325,None,Move,development
1572522671.629,1369,327,None,Move,development
1572522671.6339998,1401,329,None,Move,development
1572522671.6379998,1427,329,None,Move,development
1572522671.643,1451,329,None,Move,development
1572522671.647,1471,333,None,Move,development
1572522671.6520002,1489,337,None,Move,development
1572522671.656,1505,341,None,Move,development
1572522671.661,1521,345,None,Move,development
1572522671.665,1535,349,None,Move,development
1572522671.669,1547,355,None,Move,development
1572522671.673,1559,361,None,Move,development
1572522671.677,1571,367,None,Move,development
1572522671.681,1581,373,None,Move,development
1572522671.688,1591,377,None,Move,development
1572522671.701,1598,383,None,Move,development
1572522671.71,1603,386,None,Move,development
1572522671.719,1608,391,None,Move,development
1572522671.729,1611,394,None,Move,development
1572522671.738,1614,398,None,Move,development
1572522671.75,1616,402,None,Move,development
1572522671.7589998,1616,409,None,Move,development
1572522671.768,1618,413,None,Move,development
1572522671.7970002,1618,421,None,Move,development
1572522671.805,1616,428,None,Move,development
1572522671.81,1614,437,None,Move,development
1572522671.815,1611,445,None,Move,development
1572522671.822,1609,453,None,Move,development
1572522671.827,1606,461,None,Move,development
1572522671.833,1603,467,None,Move,development
1572522671.8379998,1601,475,None,Move,development
1572522671.843,1597,481,None,Move,development
1572522671.849,1590,486,None,Move,development
1572522671.854,1583,489,None,Move,development
1572522671.859,1576,493,None,Move,development
1572522671.8639998,1568,497,None,Move,development
1572522671.87,1559,500,None,Move,development
1572522671.875,1551,503,None,Move,development
1572522671.881,1542,504,None,Move,development
1572522671.887,1531,504,None,Move,development
1572522671.8920002,1519,505,None,Move,development
1572522671.899,1506,505,None,Move,development
1572522671.907,1489,502,None,Move,development
1572522671.915,1467,499,None,Move,development
1572522671.921,1440,490,None,Move,development
1572522671.929,1409,484,None,Move,development
1572522671.937,1377,473,None,Move,development
1572522671.945,1343,465,None,Move,development
1572522671.9529998,1309,459,None,Move,development
1572522671.961,1277,455,None,Move,development
1572522671.969,1249,451,None,Move,development
1572522671.9770002,1223,451,None,Move,development
1572522671.985,1197,447,None,Move,development
1572522671.994,1173,443,None,Move,development
1572522672.015,1151,439,None,Move,development
1572522672.036,1133,435,None,Move,development
1572522672.059,1119,431,None,Move,development
1572522672.079,1105,429,None,Move,development
1572522672.0879998,1095,425,None,Move,development
1572522672.096,1089,421,None,Move,development
1572522672.1020002,1085,419,None,Move,development
1572522672.107,1084,415,None,Move,development
1572522672.1120002,1082,415,None,Move,development
1572522672.158,1083,413,None,Move,development
1572522672.177,1086,412,None,Move,development
1572522672.198,1090,409,None,Move,development
1572522672.218,1096,409,None,Move,development
1572522672.238,1103,408,None,Move,development
1572522672.258,1111,408,None,Move,development
1572522672.274,1119,409,None,Move,development
1572522672.283,1130,409,None,Move,development
1572522672.29,1142,411,None,Move,development
1572522672.298,1153,414,None,Move,development
1572522672.306,1165,415,None,Move,development
1572522672.313,1175,417,None,Move,development
1572522672.32,1186,420,None,Move,development
1572522672.3279998,1195,423,None,Move,development
1572522672.334,1205,423,None,Move,development
1572522672.342,1214,424,None,Move,development
1572522672.35,1223,424,None,Move,development
1572522672.357,1229,424,None,Move,development
1572522672.3639998,1232,424,None,Move,development
1572522673.323,1230,425,None,Move,development
1572522673.332,1223,426,None,Move,development
1572522673.339,1212,428,None,Move,development
1572522673.3479998,1200,428,None,Move,development
1572522673.359,1185,428,None,Move,development
1572522673.37,1164,426,None,Move,development
1572522673.38,1142,424,None,Move,development
1572522673.389,1119,422,None,Move,development
1572522673.399,1100,418,None,Move,development
1572522673.408,1079,416,None,Move,development
1572522673.418,1059,413,None,Move,development
1572522673.427,1040,409,None,Move,development
1572522673.438,1018,405,None,Move,development
1572522673.448,997,403,None,Move,development
1572522673.459,979,403,None,Move,development
1572522673.47,959,401,None,Move,development
1572522673.479,944,401,None,Move,development
1572522673.486,930,399,None,Move,development
1572522673.492,918,397,None,Move,development
1572522673.498,910,395,None,Move,development
1572522673.504,906,393,None,Move,development
1572522673.51,905,391,None,Move,development
1572522673.516,903,390,None,Move,development
1572522673.521,901,390,None,Move,development
1572522673.526,900,387,None,Move,development
1572522673.532,899,386,None,Move,development
1572522673.5370002,899,385,None,Move,development
1572522673.543,899,384,None,Move,development
1572522673.629,899,383,None,Move,development
1572522673.639,900,382,None,Move,development
1572522673.647,901,382,None,Move,development
1572522673.655,903,380,None,Move,development
1572522673.663,905,379,None,Move,development
1572522673.671,907,378,None,Move,development
1572522673.679,909,378,None,Move,development
1572522673.687,914,377,None,Move,development
1572522673.695,920,377,None,Move,development
1572522673.7029998,928,377,None,Move,development
1572522673.711,936,377,None,Move,development
1572522673.719,945,377,None,Move,development
1572522673.725,956,377,None,Move,development
1572522673.7329998,965,377,None,Move,development
1572522673.7410002,975,377,None,Move,development
1572522673.7489998,983,378,None,Move,development
1572522673.7570002,991,380,None,Move,development
1572522673.765,998,381,None,Move,development
1572522673.7729998,1002,382,None,Move,development
1572522673.781,1008,384,None,Move,development
1572522673.789,1010,386,None,Move,development
1572522673.7970002,1012,387,None,Move,development
1572522673.805,1014,388,None,Move,development
1572522673.811,1016,389,None,Move,development
1572522673.819,1017,391,None,Move,development
1572522673.827,1018,393,None,Move,development
1572522673.835,1019,395,None,Move,development
1572522673.843,1019,396,None,Move,development
1572522673.851,1020,397,None,Move,development
1572522673.859,1020,398,None,Move,development
1572522673.867,1020,400,None,Move,development
1572522673.875,1020,402,None,Move,development
1572522673.883,1020,404,None,Move,development
1572522673.891,1020,406,None,Move,development
1572522673.899,1020,407,None,Move,development
1572522673.905,1020,409,None,Move,development
1572522673.913,1020,411,None,Move,development
1572522673.921,1020,413,None,Move,development
1572522673.929,1020,415,None,Move,development
1572522673.938,1020,416,None,Move,development
1572522674.51,1021,416,None,Move,development
1572522674.534,1022,416,None,Move,development
1572522674.555,1025,417,None,Move,development
1572522674.577,1033,419,None,Move,development
1572522674.592,1045,421,None,Move,development
1572522674.6,1061,423,None,Move,development
1572522674.606,1079,423,None,Move,development
1572522674.611,1099,423,None,Move,development
1572522674.6160002,1119,419,None,Move,development
1572522674.6220002,1140,414,None,Move,development
1572522674.627,1162,407,None,Move,development
1572522674.633,1184,398,None,Move,development
1572522674.6379998,1204,387,None,Move,development
1572522674.643,1225,371,None,Move,development
1572522674.6479998,1248,348,None,Move,development
1572522674.654,1276,322,None,Move,development
1572522674.66,1310,290,None,Move,development
1572522674.666,1342,262,None,Move,development
1572522674.671,1378,230,None,Move,development
1572522674.677,1418,188,None,Move,development
1572522674.6829998,1460,144,None,Move,development
1572522674.691,1498,100,None,Move,development
1572522674.7,1538,56,None,Move,development
1572522674.705,1574,12,None,Move,development
1572522674.71,1608,0,None,Move,development
1572522674.716,1634,0,None,Move,development
1572522674.721,1658,0,None,Move,development
1572522674.7270002,1682,0,None,Move,development
1572522674.736,1704,0,None,Move,development
1572522674.755,1720,0,None,Move,development
1572522674.774,1726,0,None,Move,development
1572522674.794,1720,0,None,Move,development
1572522674.815,1708,0,None,Move,development
1572522674.835,1696,0,None,Move,development
1572522674.855,1684,0,None,Move,development
1572522674.875,1676,0,None,Move,development
1572522674.895,1660,0,None,Move,development
1572522674.913,1648,0,None,Move,development
1572522674.9320002,1628,0,None,Move,development
1572522674.95,1612,0,None,Move,development
1572522674.958,1594,0,None,Move,development
1572522674.966,1572,0,None,Move,development
1572522674.9729998,1558,0,None,Move,development
1572522674.981,1544,0,None,Move,development
1572522674.988,1530,0,None,Move,development
1572522674.995,1518,0,None,Move,development
1572522675.002,1500,0,None,Move,development
1572522675.0089998,1482,0,None,Move,development
1572522675.0170002,1466,0,None,Move,development
1572522675.024,1450,0,None,Move,development
1572522675.031,1436,0,None,Move,development
1572522675.038,1424,0,None,Move,development
1572522675.045,1412,0,None,Move,development
1572522675.052,1404,0,None,Move,development
1572522675.06,1401,0,None,Move,development
1572522675.0670002,1399,2,None,Move,development
1572522675.074,1397,9,None,Move,development
1572522675.082,1399,28,None,Move,development
1572522675.089,1411,68,None,Move,development
1572522675.097,1421,118,None,Move,development
1572522675.104,1427,178,None,Move,development
1572522675.111,1435,242,None,Move,development
1572522675.1179998,1453,308,None,Move,development
1572522675.1260002,1469,372,None,Move,development
1572522675.133,1481,434,None,Move,development
1572522675.141,1495,498,None,Move,development
1572522675.147,1507,560,None,Move,development
1572522675.154,1519,618,None,Move,development
1572522675.161,1531,674,None,Move,development
1572522675.168,1547,726,None,Move,development
1572522675.175,1567,772,None,Move,development
1572522675.1820002,1593,812,None,Move,development
1572522675.189,1625,846,None,Move,development
1572522675.196,1659,872,None,Move,development
1572522675.2029998,1674,880,None,Move,development
1572522675.21,1679,885,None,Move,development
1572522675.218,1685,888,None,Move,development
1572522675.3,1685,892,None,Move,development
1572522675.32,1684,897,None,Move,development
1572522675.3620002,1680,897,None,Move,development
1572522675.3839998,1664,896,None,Move,development
1572522675.404,1642,894,None,Move,development
1572522675.421,1624,890,None,Move,development
1572522675.43,1606,884,None,Move,development
1572522675.436,1591,878,None,Move,development
1572522675.4420002,1575,870,None,Move,development
1572522675.448,1562,859,None,Move,development
1572522675.4529998,1552,846,None,Move,development
1572522675.458,1544,834,None,Move,development
1572522675.4629998,1541,820,None,Move,development
1572522675.468,1537,806,None,Move,development
1572522675.472,1537,792,None,Move,development
1572522675.476,1537,778,None,Move,development
1572522675.48,1543,766,None,Move,development
1572522675.484,1551,752,None,Move,development
1572522675.488,1562,740,None,Move,development
1572522675.495,1573,727,None,Move,development
1572522675.5029998,1584,716,None,Move,development
1572522675.5110002,1593,706,None,Move,development
1572522675.519,1596,697,None,Move,development
1572522675.5270002,1599,692,None,Move,development
1572522675.533,1601,689,None,Move,development
1572522675.541,1601,686,None,Move,development
1572522675.549,1601,684,None,Move,development
1572522675.5570002,1600,682,None,Move,development
1572522675.565,1599,680,None,Move,development
1572522675.573,1598,678,None,Move,development
1572522675.581,1596,676,None,Move,development
1572522675.589,1593,673,None,Move,development
1572522675.597,1590,668,None,Move,development
1572522675.605,1587,662,None,Move,development
1572522675.6139998,1580,653,None,Move,development
1572522675.6320002,1571,641,None,Move,development
1572522675.65,1559,623,None,Move,development
1572522675.666,1545,600,None,Move,development
1572522675.6820002,1532,577,None,Move,development
1572522675.697,1512,549,None,Move,development
1572522675.707,1486,513,None,Move,development
1572522675.714,1452,477,None,Move,development
1572522675.721,1418,443,None,Move,development
1572522675.728,1380,409,None,Move,development
1572522675.735,1342,377,None,Move,development
1572522675.742,1306,349,None,Move,development
1572522675.75,1270,321,None,Move,development
1572522675.756,1236,293,None,Move,development
1572522675.7629998,1204,265,None,Move,development
1572522675.77,1170,233,None,Move,development
1572522675.7770002,1134,199,None,Move,development
1572522675.784,1098,169,None,Move,development
1572522675.791,1062,145,None,Move,development
1572522675.799,1028,121,None,Move,development
1572522675.806,994,99,None,Move,development
1572522675.813,964,81,None,Move,development
1572522675.821,930,65,None,Move,development
1572522675.827,896,51,None,Move,development
1572522675.835,860,33,None,Move,development
1572522675.842,824,17,None,Move,development
1572522675.849,792,0,None,Move,development
1572522675.856,766,0,None,Move,development
1572522675.863,740,0,None,Move,development
1572522675.87,714,0,None,Move,development
1572522675.8779998,690,0,None,Move,development
1572522675.8860002,670,0,None,Move,development
1572522675.894,648,0,None,Move,development
1572522675.901,632,0,None,Move,development
1572522675.908,616,0,None,Move,development
1572522675.916,604,0,None,Move,development
1572522675.924,592,0,None,Move,development
1572522675.93,576,0,None,Move,development
1572522675.938,558,0,None,Move,development
1572522675.945,536,0,None,Move,development
1572522675.952,504,0,None,Move,development
1572522675.959,476,0,None,Move,development
1572522675.966,448,0,None,Move,development
1572522675.9729998,424,0,None,Move,development
1572522675.98,396,0,None,Move,development
1572522675.988,370,0,None,Move,development
1572522675.995,348,0,None,Move,development
1572522676.002,332,0,None,Move,development
1572522676.01,316,0,None,Move,development
1572522676.0170002,302,0,None,Move,development
1572522676.025,288,0,None,Move,development
1572522676.032,276,0,None,Move,development
1572522676.039,264,0,None,Move,development
1572522676.049,252,0,None,Move,development
1572522676.056,244,0,None,Move,development
1572522676.063,236,0,None,Move,development
1572522676.07,230,0,None,Move,development
1572522676.077,226,0,None,Move,development
1572522676.084,226,0,None,Move,development
1572522676.1139998,226,1,None,Move,development
1572522676.133,227,3,None,Move,development
1572522676.15,230,11,None,Move,development
1572522676.168,237,22,None,Move,development
1572522676.1820002,248,34,None,Move,development
1572522676.191,259,48,None,Move,development
1572522676.2,269,64,None,Move,development
1572522676.209,280,78,None,Move,development
1572522676.218,287,92,None,Move,development
1572522676.2270002,292,103,None,Move,development
1572522676.236,299,113,None,Move,development
1572522676.245,309,123,None,Move,development
1572522676.254,318,132,None,Move,development
1572522676.2629998,328,140,None,Move,development
1572522676.272,338,146,None,Move,development
1572522676.281,350,149,None,Move,development
1572522676.29,363,152,None,Move,development
1572522676.299,377,156,None,Move,development
1572522676.3070002,391,159,None,Move,development
1572522676.316,405,163,None,Move,development
1572522676.324,418,163,None,Move,development
1572522676.333,431,166,None,Move,development
1572522676.341,445,168,None,Move,development
1572522676.351,458,168,None,Move,development
1572522676.3620002,472,169,None,Move,development
1572522676.371,485,173,None,Move,development
1572522676.38,497,176,None,Move,development
1572522676.3879998,508,179,None,Move,development
1572522676.396,518,182,None,Move,development
1572522676.405,528,186,None,Move,development
1572522676.414,538,189,None,Move,development
1572522676.423,546,192,None,Move,development
1572522676.4329998,552,194,None,Move,development
1572522676.441,557,197,None,Move,development
1572522676.4529998,562,199,None,Move,development
1572522676.464,564,201,None,Move,development
1572522676.471,567,203,None,Move,development
1572522676.476,570,204,None,Move,development
1572522676.481,572,205,None,Move,development
1572522676.485,574,206,None,Move,development
1572522676.49,577,209,None,Move,development
1572522676.494,579,210,None,Move,development
1572522676.4989998,581,211,None,Move,development
1572522676.5029998,583,212,None,Move,development
1572522676.5070002,585,213,None,Move,development
1572522676.5110002,587,214,None,Move,development
1572522676.515,589,215,None,Move,development
1572522676.52,591,216,None,Move,development
1572522676.525,593,216,None,Move,development
1572522676.529,595,217,None,Move,development
1572522676.533,597,218,None,Move,development
1572522676.5370002,599,218,None,Move,development
1572522676.541,601,219,None,Move,development
1572522676.545,603,220,None,Move,development
1572522676.55,604,221,None,Move,development
1572522676.553,605,221,None,Move,development
1572522676.5579998,606,222,None,Move,development
1572522676.563,606,223,None,Move,development
1572522676.571,608,224,None,Move,development
1572522676.589,609,226,None,Move,development
1572522676.606,610,228,None,Move,development
1572522676.6220002,611,229,None,Move,development
1572522676.637,611,230,None,Move,development
1572522676.655,612,230,None,Move,development
1572522676.673,614,231,None,Move,development
1572522676.69,616,231,None,Move,development
1572522676.708,618,231,None,Move,development
1572522676.726,620,231,None,Move,development
1572522676.742,621,231,None,Move,development
1572522676.758,622,231,None,Move,development
1572522676.774,623,231,None,Move,development
1572522676.79,624,232,None,Move,development
1572522676.805,624,233,None,Move,development
1572522676.821,625,234,None,Move,development
1572522676.837,625,235,None,Move,development
1572522676.853,625,236,None,Move,development
1572522676.87,625,236,None,Move,development
1572522676.887,624,236,None,Move,development
1572522676.904,621,235,None,Move,development
1572522676.9220002,617,234,None,Move,development
1572522676.938,615,234,None,Move,development
1572522676.958,613,233,None,Move,development
1572522676.972,611,233,None,Move,development
1572522676.98,610,233,None,Move,development
1572522676.986,609,233,None,Move,development
1572522676.992,608,233,None,Move,development
1572522676.9970002,607,233,None,Move,development
1572522677.002,606,233,None,Move,development
1572522677.006,605,233,None,Move,development
1572522677.0110002,603,232,None,Move,development
1572522677.015,601,231,None,Move,development
1572522677.02,599,230,None,Move,development
1572522677.025,597,229,None,Move,development
1572522677.029,595,229,None,Move,development
1572522677.033,593,229,None,Move,development
1572522677.038,591,229,None,Move,development
1572522677.043,590,228,None,Move,development
1572522677.048,589,228,None,Move,development
1572522677.053,588,227,None,Move,development
1572522677.059,586,227,None,Move,development
1572522677.065,584,226,None,Move,development
1572522677.073,582,225,None,Move,development
1572522677.081,580,225,None,Move,development
1572522677.087,577,224,None,Move,development
1572522677.095,572,224,None,Move,development
1572522677.103,569,222,None,Move,development
1572522677.111,566,222,None,Move,development
1572522677.119,564,221,None,Move,development
1572522677.127,562,221,None,Move,development
1572522677.135,560,221,None,Move,development
1572522677.143,559,221,None,Move,development
1572522677.1520002,557,221,None,Move,development
1572522677.164,555,220,None,Move,development
1572522677.173,554,220,None,Move,development
1572522677.1829998,553,220,None,Move,development
1572522677.191,551,220,None,Move,development
1572522677.201,550,220,None,Move,development
1572522677.21,549,220,None,Move,development
1572522677.219,548,220,None,Move,development
1572522677.2270002,547,220,None,Move,development
1572522677.316,546,220,None,Move,development
1572522677.336,544,221,None,Move,development
1572522677.355,541,222,None,Move,development
1572522677.377,539,223,None,Move,development
1572522677.394,537,223,None,Move,development
1572522677.409,535,224,None,Move,development
1572522677.417,533,225,None,Move,development
1572522677.424,531,226,None,Move,development
1572522677.429,530,226,None,Move,development
1572522677.435,530,227,None,Move,development
1572522677.451,529,227,None,Move,development
1572522677.459,529,230,None,Move,development
1572522677.467,529,234,None,Move,development
1572522677.486,530,238,None,Move,development
1572522677.5029998,532,242,None,Move,development
1572522677.521,534,246,None,Move,development
1572522677.54,536,249,None,Move,development
1572522677.5579998,538,253,None,Move,development
1572522677.577,540,256,None,Move,development
1572522677.594,545,258,None,Move,development
1572522677.6120002,550,260,None,Move,development
1572522677.629,557,264,None,Move,development
1572522677.646,564,267,None,Move,development
1572522677.6620002,571,272,None,Move,development
1572522677.679,580,276,None,Move,development
1572522677.697,589,280,None,Move,development
1572522677.7129998,599,283,None,Move,development
1572522677.73,610,289,None,Move,development
1572522677.7470002,621,293,None,Move,development
1572522677.766,631,296,None,Move,development
1572522677.783,639,299,None,Move,development
1572522677.792,649,301,None,Move,development
1572522677.799,658,304,None,Move,development
1572522677.804,669,307,None,Move,development
1572522677.809,680,311,None,Move,development
1572522677.815,691,314,None,Move,development
1572522677.821,701,317,None,Move,development
1572522677.826,709,319,None,Move,development
1572522677.832,715,322,None,Move,development
1572522677.837,718,323,None,Move,development
1572522677.843,721,325,None,Move,development
1572522677.849,724,326,None,Move,development
1572522677.854,727,329,None,Move,development
1572522677.859,729,330,None,Move,development
1572522677.8639998,732,331,None,Move,development
1572522677.869,734,333,None,Move,development
1572522677.875,736,335,None,Move,development
1572522677.88,739,336,None,Move,development
1572522677.885,741,338,None,Move,development
1572522677.8920002,743,340,None,Move,development
1572522677.896,745,342,None,Move,development
1572522677.9,747,344,None,Move,development
1572522677.904,749,346,None,Move,development
1572522677.908,752,348,None,Move,development
1572522677.9120002,754,350,None,Move,development
1572522677.916,757,352,None,Move,development
1572522677.92,760,354,None,Move,development
1572522677.924,762,355,None,Move,development
1572522677.928,764,356,None,Move,development
1572522677.9320002,766,358,None,Move,development
1572522677.936,768,359,None,Move,development
1572522677.94,770,360,None,Move,development
1572522677.945,772,362,None,Move,development
1572522677.949,774,362,None,Move,development
1572522677.9529998,775,362,None,Move,development
1572522677.958,776,362,None,Move,development
1572522678.0270002,774,361,None,Move,development
1572522678.035,771,361,None,Move,development
1572522678.043,767,358,None,Move,development
1572522678.051,762,356,None,Move,development
1572522678.059,758,355,None,Move,development
1572522678.0670002,754,354,None,Move,development
1572522678.075,750,354,None,Move,development
1572522678.081,746,353,None,Move,development
1572522678.089,742,353,None,Move,development
1572522678.097,737,352,None,Move,development
1572522678.105,733,351,None,Move,development
1572522678.113,729,351,None,Move,development
1572522678.121,726,350,None,Move,development
1572522678.129,724,350,None,Move,development
1572522678.137,722,350,None,Move,development
1572522678.155,720,348,None,Move,development
1572522678.173,718,348,None,Move,development
1572522678.19,716,347,None,Move,development
1572522678.207,714,347,None,Move,development
1572522678.225,712,347,None,Move,development
1572522678.2370002,710,347,None,Move,development
1572522678.248,708,346,None,Move,development
1572522678.258,706,346,None,Move,development
1572522678.265,703,345,None,Move,development
1572522678.27,700,345,None,Move,development
1572522678.275,698,345,None,Move,development
1572522678.28,695,344,None,Move,development
1572522678.284,693,344,None,Move,development
1572522678.289,691,344,None,Move,development
1572522678.293,688,343,None,Move,development
1572522678.2970002,685,342,None,Move,development
1572522678.301,683,342,None,Move,development
1572522678.306,679,342,None,Move,development
1572522678.31,675,341,None,Move,development
1572522678.314,671,340,None,Move,development
1572522678.319,667,339,None,Move,development
1572522678.323,662,338,None,Move,development
1572522678.327,657,338,None,Move,development
1572522678.331,650,337,None,Move,development
1572522678.336,644,336,None,Move,development
1572522678.341,637,335,None,Move,development
1572522678.35,631,334,None,Move,development
1572522678.3660002,622,333,None,Move,development
1572522678.385,614,331,None,Move,development
1572522678.4020002,605,329,None,Move,development
1572522678.421,594,328,None,Move,development
1572522678.441,584,328,None,Move,development
1572522678.458,571,328,None,Move,development
1572522678.476,559,329,None,Move,development
1572522678.4929998,548,332,None,Move,development
1572522678.51,535,335,None,Move,development
1572522678.526,523,338,None,Move,development
1572522678.542,509,343,None,Move,development
1572522678.559,496,346,None,Move,development
1572522678.577,483,350,None,Move,development
1572522678.594,471,353,None,Move,development
1572522678.61,460,356,None,Move,development
1572522678.6260002,450,360,None,Move,development
1572522678.64,440,361,None,Move,development
1572522678.656,433,363,None,Move,development
1572522678.67,428,363,None,Move,development
1572522678.684,425,363,None,Move,development
1572522678.701,422,363,None,Move,development
1572522678.717,419,363,None,Move,development
1572522678.7329998,418,363,None,Move,development
1572522678.7489998,419,363,None,Move,development
1572522678.765,422,365,None,Move,development
1572522678.781,425,367,None,Move,development
1572522678.798,430,368,None,Move,development
1572522678.812,436,369,None,Move,development
1572522678.8279998,443,370,None,Move,development
1572522678.845,450,371,None,Move,development
1572522678.856,458,374,None,Move,development
1572522678.863,467,377,None,Move,development
1572522678.869,478,379,None,Move,development
1572522678.8739998,490,382,None,Move,development
1572522678.879,505,385,None,Move,development
1572522678.8839998,523,388,None,Move,development
1572522678.889,544,393,None,Move,development
1572522678.894,571,394,None,Move,development
1572522678.8979998,598,394,None,Move,development
1572522678.9020002,627,396,None,Move,development
1572522678.907,656,396,None,Move,development
1572522678.911,688,392,None,Move,development
1572522678.915,720,390,None,Move,development
1572522678.919,750,386,None,Move,development
1572522678.923,778,382,None,Move,development
1572522678.927,804,380,None,Move,development
1572522678.931,828,380,None,Move,development
1572522678.934,852,380,None,Move,development
1572522678.939,876,384,None,Move,development
1572522678.9420002,894,386,None,Move,development
1572522678.948,910,388,None,Move,development
1572522678.952,924,388,None,Move,development
1572522678.956,936,390,None,Move,development
1572522678.96,942,394,None,Move,development
1572522678.965,946,396,None,Move,development
1572522678.969,948,399,None,Move,development
1572522678.974,949,401,None,Move,development
1572522678.979,950,403,None,Move,development
1572522678.984,950,405,None,Move,development
1572522678.9889998,951,407,None,Move,development
1572522678.995,952,410,None,Move,development
1572522678.9989998,952,412,None,Move,development
1572522679.0029998,953,414,None,Move,development
1572522679.008,953,416,None,Move,development
1572522679.012,954,417,None,Move,development
1572522679.144,954,416,None,Move,development
1572522679.166,954,410,None,Move,development
1572522679.1929998,954,402,None,Move,development
1572522679.218,954,394,None,Move,development
1572522679.225,952,385,None,Move,development
1572522679.23,951,377,None,Move,development
1572522679.235,951,368,None,Move,development
1572522679.2389998,948,359,None,Move,development
1572522679.244,947,351,None,Move,development
1572522679.25,944,342,None,Move,development
1572522679.255,941,334,None,Move,development
1572522679.258,938,328,None,Move,development
1572522679.2629998,935,320,None,Move,development
1572522679.268,933,313,None,Move,development
1572522679.272,930,306,None,Move,development
1572522679.276,927,301,None,Move,development
1572522679.28,924,298,None,Move,development
1572522679.284,922,295,None,Move,development
1572522679.288,919,293,None,Move,development
1572522679.292,917,292,None,Move,development
1572522679.3660002,917,293,None,Move,development
1572522679.3820002,917,294,None,Move,development
1572522679.399,917,296,None,Move,development
1572522679.417,917,298,None,Move,development
1572522679.434,917,300,None,Move,development
1572522679.452,917,302,None,Move,development
1572522679.47,917,304,None,Move,development
1572522679.484,917,307,None,Move,development
1572522679.504,917,310,None,Move,development
1572522679.5110002,916,312,None,Move,development
1572522679.5170002,916,317,None,Move,development
1572522679.5229998,915,320,None,Move,development
1572522679.528,914,324,None,Move,development
1572522679.533,914,327,None,Move,development
1572522679.538,913,330,None,Move,development
1572522679.542,912,334,None,Move,development
1572522679.546,911,337,None,Move,development
1572522679.551,911,339,None,Move,development
1572522679.556,910,341,None,Move,development
1572522679.561,909,343,None,Move,development
1572522679.565,909,345,None,Move,development
1572522679.569,908,346,None,Move,development
1572522679.5779998,908,347,None,Move,development
1572522679.906,907,348,None,Move,development
1572522679.928,905,353,None,Move,development
1572522679.948,903,358,None,Move,development
1572522679.964,901,363,None,Move,development
1572522679.9729998,899,369,None,Move,development
1572522679.98,896,375,None,Move,development
1572522679.986,894,381,None,Move,development
1572522679.992,892,387,None,Move,development
1572522679.9970002,890,393,None,Move,development
1572522680.0029998,888,399,None,Move,development
1572522680.008,888,405,None,Move,development
1572522680.012,887,411,None,Move,development
1572522680.0170002,887,417,None,Move,development
1572522680.022,887,422,None,Move,development
1572522680.026,887,427,None,Move,development
1572522680.031,889,434,None,Move,development
1572522680.035,892,442,None,Move,development
1572522680.04,896,450,None,Move,development
1572522680.0470002,900,459,None,Move,development
1572522680.055,904,466,None,Move,development
1572522680.063,910,471,None,Move,development
1572522680.069,917,477,None,Move,development
1572522680.077,924,481,None,Move,development
1572522680.085,932,484,None,Move,development
1572522680.093,941,487,None,Move,development
1572522680.1120002,951,487,None,Move,development
1572522680.123,961,487,None,Move,development
1572522680.13,972,485,None,Move,development
1572522680.1360002,984,484,None,Move,development
1572522680.145,994,481,None,Move,development
1572522680.15,1006,478,None,Move,development
1572522680.155,1019,475,None,Move,development
1572522680.16,1028,470,None,Move,development
1572522680.166,1037,464,None,Move,development
1572522680.1720002,1044,458,None,Move,development
1572522680.179,1052,449,None,Move,development
1572522680.187,1060,439,None,Move,development
1572522680.207,1068,428,None,Move,development
1572522680.219,1076,415,None,Move,development
1572522680.225,1086,404,None,Move,development
1572522680.232,1092,391,None,Move,development
1572522680.238,1095,380,None,Move,development
1572522680.245,1099,369,None,Move,development
1572522680.254,1102,359,None,Move,development
1572522680.26,1103,350,None,Move,development
1572522680.266,1107,340,None,Move,development
1572522680.275,1108,331,None,Move,development
1572522680.293,1108,323,None,Move,development
1572522680.3079998,1108,320,None,Move,development
1572522680.312,1108,318,None,Move,development
1572522680.3170002,1108,315,None,Move,development
1572522680.322,1108,313,None,Move,development
1572522680.329,1107,311,None,Move,development
1572522680.334,1107,309,None,Move,development
1572522680.339,1107,308,None,Move,development
1572522680.347,1107,307,None,Move,development
1572522680.356,1107,306,None,Move,development
1572522680.363,1108,305,None,Move,development
1572522680.371,1110,304,None,Move,development
1572522680.379,1111,303,None,Move,development
1572522680.387,1113,301,None,Move,development
1572522680.396,1115,300,None,Move,development
1572522680.403,1118,299,None,Move,development
1572522680.411,1121,297,None,Move,development
1572522680.419,1124,296,None,Move,development
1572522680.427,1127,296,None,Move,development
1572522680.4329998,1131,296,None,Move,development
1572522680.441,1136,296,None,Move,development
1572522680.449,1142,296,None,Move,development
1572522680.457,1146,297,None,Move,development
1572522680.465,1149,297,None,Move,development
1572522680.4729998,1151,298,None,Move,development
1572522680.4910002,1152,298,None,Move,development
1572522680.6829998,1152,298,Left,Pressed,development
1572522680.798,1152,298,Left,Released,development
1572522680.877,1153,302,None,Move,development
1572522680.885,1154,306,None,Move,development
1572522680.891,1155,315,None,Move,development
1572522680.899,1155,334,None,Move,browsing
1572522680.907,1151,350,None,Move,browsing
1572522680.915,1148,369,None,Move,browsing
1572522680.924,1144,388,None,Move,browsing
1572522680.9320002,1138,405,None,Move,browsing
1572522680.939,1135,419,None,Move,browsing
1572522680.947,1131,434,None,Move,browsing
1572522680.959,1127,449,None,Move,browsing
1572522680.968,1125,463,None,Move,browsing
1572522680.976,1124,477,None,Move,browsing
1572522680.984,1120,492,None,Move,browsing
1572522680.9910002,1117,506,None,Move,browsing
1572522680.9970002,1109,519,None,Move,browsing
1572522681.004,1099,529,None,Move,browsing
1572522681.015,1088,540,None,Move,browsing
1572522681.029,1080,550,None,Move,browsing
1572522681.041,1071,559,None,Move,browsing
1572522681.0470002,1069,569,None,Move,browsing
1572522681.0570002,1066,582,None,Move,browsing
1572522681.063,1064,597,None,Move,browsing
1572522681.071,1063,616,None,Move,browsing
1572522681.076,1059,636,None,Move,browsing
1572522681.082,1056,657,None,Move,browsing
1572522681.092,1052,678,None,Move,browsing
1572522681.0979998,1049,702,None,Move,browsing
1572522681.106,1045,726,None,Move,browsing
1572522681.1160002,1039,751,None,Move,browsing
1572522681.1220002,1031,774,None,Move,browsing
1572522681.127,1021,800,None,Move,browsing
1572522681.1339998,1011,824,None,Move,browsing
1572522681.144,1003,846,None,Move,browsing
1572522681.149,997,862,None,Move,browsing
1572522681.154,989,876,None,Move,browsing
1572522681.161,983,892,None,Move,browsing
1572522681.167,979,904,None,Move,browsing
1572522681.175,973,916,None,Move,browsing
1572522681.184,969,922,None,Move,browsing
1572522681.195,965,926,None,Move,browsing
1572522681.201,962,928,None,Move,browsing
1572522681.21,962,930,None,Move,browsing
1572522681.2510002,960,930,None,Move,browsing
1572522681.28,959,927,None,Move,browsing
1572522681.3079998,957,922,None,Move,browsing
1572522681.332,955,917,None,Move,browsing
1572522681.3579998,953,913,None,Move,browsing
1572522681.3720002,951,908,None,Move,browsing
1572522681.3820002,949,903,None,Move,browsing
1572522681.391,946,900,None,Move,browsing
1572522681.397,944,895,None,Move,browsing
1572522681.408,942,892,None,Move,browsing
1572522681.416,940,888,None,Move,browsing
1572522681.424,938,883,None,Move,browsing
1572522681.4329998,936,879,None,Move,browsing
1572522681.44,935,873,None,Move,browsing
1572522681.451,935,863,None,Move,browsing
1572522681.465,935,852,None,Move,browsing
1572522681.481,935,838,None,Move,browsing
1572522681.494,935,827,None,Move,browsing
1572522681.5129998,935,815,None,Move,browsing
1572522681.529,934,805,None,Move,browsing
1572522681.5470002,931,795,None,Move,browsing
1572522681.56,929,786,None,Move,browsing
1572522681.574,927,779,None,Move,browsing
1572522681.589,925,773,None,Move,browsing
1572522681.601,924,765,None,Move,browsing
1572522681.613,924,757,None,Move,browsing
1572522681.6260002,922,749,None,Move,browsing
1572522681.633,922,742,None,Move,browsing
1572522681.643,921,735,None,Move,browsing
1572522681.651,921,727,None,Move,browsing
1572522681.6620002,921,723,None,Move,browsing
1572522681.6720002,919,719,None,Move,browsing
1572522681.681,918,713,None,Move,browsing
1572522681.691,918,711,None,Move,browsing
1572522681.701,917,708,None,Move,browsing
1572522681.712,917,706,None,Move,browsing
1572522681.718,916,704,None,Move,browsing
1572522681.726,915,702,None,Move,browsing
1572522681.7329998,913,700,None,Move,browsing
1572522681.744,911,697,None,Move,browsing
1572522681.7529998,909,695,None,Move,browsing
1572522681.764,907,693,None,Move,browsing
1572522681.776,904,690,None,Move,browsing
1572522681.785,900,687,None,Move,browsing
1572522681.796,894,681,None,Move,browsing
1572522681.804,887,676,None,Move,browsing
1572522681.811,880,668,None,Move,browsing
1572522681.821,873,660,None,Move,browsing
1572522681.83,865,652,None,Move,browsing
1572522681.845,857,644,None,Move,browsing
1572522681.857,850,634,None,Move,browsing
1572522681.8679998,843,623,None,Move,browsing
1572522681.883,839,610,None,Move,browsing
1572522681.894,836,597,None,Move,browsing
1572522681.901,833,580,None,Move,browsing
1572522681.908,830,563,None,Move,browsing
1572522681.914,826,545,None,Move,browsing
1572522681.921,823,527,None,Move,browsing
1572522681.927,821,507,None,Move,browsing
1572522681.934,821,486,None,Move,browsing
1572522681.9429998,825,466,None,Move,browsing
1572522681.949,833,446,None,Move,browsing
1572522681.955,843,429,None,Move,browsing
1572522681.961,854,411,None,Move,browsing
1572522681.967,866,396,None,Move,browsing
1572522681.974,877,382,None,Move,browsing
1572522681.98,885,370,None,Move,browsing
1572522681.9889998,891,359,None,Move,browsing
1572522681.9970002,895,350,None,Move,browsing
1572522682.0070002,898,346,None,Move,browsing
1572522682.015,900,343,None,Move,browsing
1572522682.024,901,343,None,Move,browsing
1572522682.031,901,341,None,Move,browsing
1572522682.0370002,903,345,None,Move,browsing
1572522682.043,903,351,None,Move,browsing
1572522682.05,904,358,None,Move,browsing
1572522682.056,904,365,None,Move,browsing
1572522682.062,904,371,None,Move,browsing
1572522682.07,904,377,None,Move,browsing
1572522682.077,901,385,None,Move,browsing
1572522682.085,900,393,None,Move,browsing
1572522682.094,897,399,None,Move,browsing
1572522682.1020002,895,406,None,Move,browsing
1572522682.11,892,410,None,Move,browsing
1572522682.1179998,891,415,None,Move,browsing
1572522682.127,888,419,None,Move,browsing
1572522682.133,887,421,None,Move,browsing
1572522682.139,885,423,None,Move,browsing
1572522682.145,884,427,None,Move,browsing
1572522682.155,881,429,None,Move,browsing
1572522682.1620002,880,431,None,Move,browsing
1572522682.179,878,433,None,Move,browsing
1572522682.2029998,877,436,None,Move,browsing
1572522682.225,876,438,None,Move,browsing
1572522682.238,874,439,None,Move,browsing
1572522682.246,873,440,None,Move,browsing
1572522682.258,872,441,None,Move,browsing
1572522682.2670002,871,442,None,Move,browsing
1572522682.276,869,443,None,Move,browsing
1572522682.285,867,445,None,Move,browsing
1572522682.294,865,447,None,Move,browsing
1572522682.3,863,449,None,Move,browsing
1572522682.305,861,451,None,Move,browsing
1572522682.312,859,452,None,Move,browsing
1572522682.324,857,454,None,Move,browsing
1572522682.33,855,456,None,Move,browsing
1572522682.341,853,458,None,Move,browsing
1572522682.346,851,460,None,Move,browsing
1572522682.356,849,461,None,Move,browsing
1572522682.3620002,847,462,None,Move,browsing
1572522682.367,845,463,None,Move,browsing
1572522682.3739998,844,464,None,Move,browsing
1572522682.403,842,464,None,Move,browsing
1572522682.409,840,465,None,Move,browsing
1572522682.414,838,465,None,Move,browsing
1572522682.426,836,465,None,Move,browsing
1572522682.4329998,834,466,None,Move,browsing
1572522682.4420002,832,466,None,Move,browsing
1572522682.447,831,466,None,Move,browsing
1572522682.454,829,466,None,Move,browsing
1572522682.46,828,466,None,Move,browsing
1572522682.468,826,466,None,Move,browsing
1572522682.476,825,466,None,Move,browsing
1572522682.4829998,824,466,None,Move,browsing
1572522682.492,823,465,None,Move,browsing
1572522682.498,822,463,None,Move,browsing
1572522682.505,821,462,None,Move,browsing
1572522682.51,819,461,None,Move,browsing
1572522682.516,819,460,None,Move,browsing
1572522682.543,820,459,None,Move,browsing
1572522682.555,820,459,None,Move,browsing
1572522682.563,821,459,None,Move,browsing
1572522682.573,822,459,None,Move,browsing
1572522682.579,823,459,None,Move,browsing
1572522682.587,823,459,None,Move,browsing
1572522682.595,824,459,None,Move,browsing
1572522682.605,826,460,None,Move,browsing
1572522682.6120002,828,462,None,Move,browsing
1572522682.62,830,464,None,Move,browsing
1572522682.6260002,832,466,None,Move,browsing
1572522682.633,834,468,None,Move,browsing
1572522682.641,837,471,None,Move,browsing
1572522682.649,840,474,None,Move,browsing
1572522682.657,844,478,None,Move,browsing
1572522682.665,848,481,None,Move,browsing
1572522682.673,853,486,None,Move,browsing
1572522682.681,858,490,None,Move,browsing
1572522682.69,863,495,None,Move,browsing
1572522682.698,870,498,None,Move,browsing
1572522682.716,876,503,None,Move,browsing
1572522682.7389998,882,507,None,Move,browsing
1572522682.7489998,887,512,None,Move,browsing
1572522682.7570002,893,519,None,Move,browsing
1572522682.7629998,900,524,None,Move,browsing
1572522682.7729998,907,531,None,Move,browsing
1572522682.779,912,538,None,Move,browsing
1572522682.788,916,542,None,Move,browsing
1572522682.795,921,548,None,Move,browsing
1572522682.802,923,552,None,Move,browsing
1572522682.8079998,926,555,None,Move,browsing
1572522682.814,929,560,None,Move,browsing
1572522682.825,932,563,None,Move,browsing
1572522682.83,934,565,None,Move,browsing
1572522682.842,937,568,None,Move,browsing
1572522682.851,939,570,None,Move,browsing
1572522682.861,940,573,None,Move,browsing
1572522682.87,943,575,None,Move,browsing
1572522682.8779998,945,577,None,Move,browsing
1572522682.885,946,580,None,Move,browsing
1572522682.891,947,582,None,Move,browsing
1572522682.896,948,583,None,Move,browsing
1572522682.907,948,584,None,Move,browsing
1572522682.9120002,949,584,None,Move,browsing
1572522682.9220002,949,585,None,Move,browsing
1572522689.265,949,587,None,Move,browsing
1572522689.293,948,593,None,Move,browsing
1572522689.315,947,601,None,Move,browsing
1572522689.323,947,610,None,Move,browsing
1572522689.333,947,617,None,Move,browsing
1572522689.34,945,621,None,Move,browsing
1572522689.35,945,623,None,Move,browsing
1572522689.357,945,626,None,Move,browsing
1572522689.363,945,628,None,Move,browsing
1572522689.37,945,629,None,Move,browsing
1572522689.377,945,631,None,Move,browsing
1572522689.3839998,945,633,None,Move,browsing
1572522689.39,945,635,None,Move,browsing
1572522689.4,945,637,None,Move,browsing
1572522689.406,945,639,None,Move,browsing
1572522689.413,945,641,None,Move,browsing
1572522689.42,945,642,None,Move,browsing
1572522689.429,945,644,None,Move,browsing
1572522689.438,945,645,None,Move,browsing
1572522689.445,944,647,None,Move,browsing
1572522689.452,944,648,None,Move,browsing
1572522689.46,944,650,None,Move,browsing
1572522689.47,944,652,None,Move,browsing
1572522689.479,943,654,None,Move,browsing
1572522689.4870002,943,656,None,Move,browsing
1572522689.494,942,658,None,Move,browsing
1572522689.5010002,941,660,None,Move,browsing
1572522689.508,941,663,None,Move,browsing
1572522689.518,940,666,None,Move,browsing
1572522689.525,939,669,None,Move,browsing
1572522689.532,939,675,None,Move,browsing
1572522689.538,939,681,None,Move,browsing
1572522689.545,938,686,None,Move,browsing
1572522689.553,936,691,None,Move,browsing
1572522689.561,935,693,None,Move,browsing
1572522689.57,933,695,None,Move,browsing
1572522689.577,932,697,None,Move,browsing
1572522689.584,931,699,None,Move,browsing
1572522689.59,931,701,None,Move,browsing
1572522689.601,930,703,None,Move,browsing
1572522689.607,929,705,None,Move,browsing
1572522689.6139998,929,706,None,Move,browsing
1572522689.621,928,707,None,Move,browsing
1572522689.629,927,709,None,Move,browsing
1572522689.6360002,926,711,None,Move,browsing
1572522689.646,925,713,None,Move,browsing
1572522689.654,924,715,None,Move,browsing
1572522689.661,923,718,None,Move,browsing
1572522689.668,922,720,None,Move,browsing
1572522689.675,921,722,None,Move,browsing
1572522689.685,919,724,None,Move,browsing
1572522689.6920002,919,726,None,Move,browsing
1572522689.699,917,728,None,Move,browsing
1572522689.705,916,730,None,Move,browsing
1572522689.7129998,915,732,None,Move,browsing
1572522689.721,915,734,None,Move,browsing
1572522689.729,914,735,None,Move,browsing
1572522689.736,914,736,None,Move,browsing
1572522689.742,913,738,None,Move,browsing
1572522689.75,913,739,None,Move,browsing
1572522689.756,912,740,None,Move,browsing
1572522689.7670002,911,742,None,Move,browsing
1572522689.7729998,911,744,None,Move,browsing
1572522689.781,909,746,None,Move,browsing
1572522689.7870002,909,748,None,Move,browsing
1572522689.795,907,750,None,Move,browsing
1572522689.802,906,753,None,Move,browsing
1572522689.811,905,755,None,Move,browsing
1572522689.819,905,757,None,Move,browsing
1572522689.826,904,759,None,Move,browsing
1572522689.834,903,761,None,Move,browsing
1572522689.841,903,763,None,Move,browsing
1572522689.851,903,764,None,Move,browsing
1572522689.856,903,766,None,Move,browsing
1572522689.8620002,903,767,None,Move,browsing
1572522689.867,903,768,None,Move,browsing
1572522689.873,903,770,None,Move,browsing
1572522689.8779998,903,772,None,Move,browsing
1572522689.883,905,773,None,Move,browsing
1572522689.8879998,907,775,None,Move,browsing
1572522689.896,909,776,None,Move,browsing
1572522689.904,911,776,None,Move,browsing
1572522689.909,913,776,None,Move,browsing
1572522689.914,915,776,None,Move,browsing
1572522689.921,917,776,None,Move,browsing
1572522689.93,920,776,None,Move,browsing
1572522689.937,923,776,None,Move,browsing
1572522689.947,927,777,None,Move,browsing
1572522689.954,930,777,None,Move,browsing
1572522689.959,933,777,None,Move,browsing
1572522689.967,937,778,None,Move,browsing
1572522689.975,941,779,None,Move,browsing
1572522689.984,944,780,None,Move,browsing
1572522689.9910002,946,781,None,Move,browsing
1572522689.9989998,948,783,None,Move,browsing
1572522690.008,950,785,None,Move,browsing
1572522690.031,952,787,None,Move,browsing
1572522690.049,953,789,None,Move,browsing
1572522690.062,953,791,None,Move,browsing
1572522690.073,953,793,None,Move,browsing
1572522690.083,953,795,None,Move,browsing
1572522690.094,953,797,None,Move,browsing
1572522690.105,953,798,None,Move,browsing
1572522690.1139998,952,800,None,Move,browsing
1572522690.123,952,802,None,Move,browsing
1572522690.454,953,804,None,Move,browsing
1572522690.482,960,811,None,Move,browsing
1572522690.5089998,971,824,None,Move,browsing
1572522690.5370002,983,838,None,Move,browsing
1572522690.555,996,849,None,Move,browsing
1572522690.569,1009,860,None,Move,browsing
1572522690.58,1024,872,None,Move,browsing
1572522690.59,1039,879,None,Move,browsing
1572522690.601,1054,885,None,Move,browsing
1572522690.613,1069,890,None,Move,browsing
1572522690.623,1083,894,None,Move,browsing
1572522690.635,1098,897,None,Move,browsing
1572522690.6479998,1112,903,None,Move,browsing
1572522690.661,1126,906,None,Move,browsing
1572522690.6720002,1142,910,None,Move,browsing
1572522690.6829998,1158,913,None,Move,browsing
1572522690.698,1173,917,None,Move,browsing
1572522690.71,1185,921,None,Move,browsing
1572522690.7229998,1197,924,None,Move,browsing
1572522690.736,1208,928,None,Move,browsing
1572522690.7470002,1218,931,None,Move,browsing
1572522690.758,1228,934,None,Move,browsing
1572522690.769,1236,936,None,Move,browsing
1572522690.781,1243,939,None,Move,browsing
1572522690.791,1249,942,None,Move,browsing
1572522690.803,1255,944,None,Move,browsing
1572522690.816,1260,947,None,Move,browsing
1572522690.825,1263,948,None,Move,browsing
1572522690.836,1266,950,None,Move,browsing
1572522690.847,1268,953,None,Move,browsing
1572522690.8579998,1271,954,None,Move,browsing
1572522690.87,1273,955,None,Move,browsing
1572522690.881,1275,956,None,Move,browsing
1572522690.895,1277,956,None,Move,browsing
1572522690.907,1279,957,None,Move,browsing
1572522690.917,1281,958,None,Move,browsing
1572522690.928,1283,959,None,Move,browsing
1572522690.941,1285,960,None,Move,browsing
1572522690.9529998,1288,962,None,Move,browsing
1572522690.962,1292,962,None,Move,browsing
1572522690.969,1297,963,None,Move,browsing
1572522690.9770002,1302,963,None,Move,browsing
1572522690.986,1307,964,None,Move,browsing
1572522690.995,1313,964,None,Move,browsing
1572522691.0029998,1319,964,None,Move,browsing
1572522691.01,1325,965,None,Move,browsing
1572522691.018,1332,965,None,Move,browsing
1572522691.0270002,1338,964,None,Move,browsing
1572522691.035,1345,963,None,Move,browsing
1572522691.042,1353,961,None,Move,browsing
1572522691.05,1360,958,None,Move,browsing
1572522691.0570002,1368,953,None,Move,browsing
1572522691.0670002,1378,945,None,Move,browsing
1572522691.074,1387,935,None,Move,browsing
1572522691.08,1396,926,None,Move,browsing
1572522691.087,1407,915,None,Move,browsing
1572522691.094,1417,906,None,Move,browsing
1572522691.1020002,1425,896,None,Move,browsing
1572522691.11,1433,886,None,Move,browsing
1572522691.1179998,1439,876,None,Move,browsing
1572522691.125,1444,867,None,Move,browsing
1572522691.133,1449,857,None,Move,browsing
1572522691.141,1452,849,None,Move,browsing
1572522691.147,1455,843,None,Move,browsing
1572522691.1520002,1458,837,None,Move,browsing
1572522691.159,1461,830,None,Move,browsing
1572522691.167,1465,824,None,Move,browsing
1572522691.171,1468,817,None,Move,browsing
1572522691.181,1470,811,None,Move,browsing
1572522691.187,1473,807,None,Move,browsing
1572522691.194,1477,800,None,Move,browsing
1572522691.202,1483,793,None,Move,browsing
1572522691.209,1488,785,None,Move,browsing
1572522691.218,1492,778,None,Move,browsing
1572522691.228,1495,771,None,Move,browsing
1572522691.2370002,1498,766,None,Move,browsing
1572522691.2470002,1500,761,None,Move,browsing
1572522691.254,1502,757,None,Move,browsing
1572522691.264,1504,752,None,Move,browsing
1572522691.27,1505,746,None,Move,browsing
1572522691.278,1507,740,None,Move,browsing
1572522691.286,1507,734,None,Move,browsing
1572522691.294,1507,726,None,Move,browsing
1572522691.304,1507,720,None,Move,browsing
1572522691.313,1505,713,None,Move,browsing
1572522691.32,1504,706,None,Move,browsing
1572522691.33,1503,698,None,Move,browsing
1572522691.337,1501,690,None,Move,browsing
1572522691.345,1500,683,None,Move,browsing
1572522691.3520002,1499,675,None,Move,browsing
1572522691.357,1498,669,None,Move,browsing
1572522691.3620002,1495,662,None,Move,browsing
1572522691.369,1494,656,None,Move,browsing
1572522691.375,1491,651,None,Move,browsing
1572522691.38,1489,645,None,Move,browsing
1572522691.385,1486,640,None,Move,browsing
1572522691.389,1482,635,None,Move,browsing
1572522691.394,1477,631,None,Move,browsing
1572522691.3979998,1469,628,None,Move,browsing
1572522691.403,1461,623,None,Move,browsing
1572522691.407,1454,621,None,Move,browsing
1572522691.411,1446,618,None,Move,browsing
1572522691.416,1438,617,None,Move,browsing
1572522691.42,1432,614,None,Move,browsing
1572522691.425,1426,612,None,Move,browsing
1572522691.429,1418,609,None,Move,browsing
1572522691.4329998,1410,607,None,Move,browsing
1572522691.436,1402,605,None,Move,browsing
1572522691.44,1394,604,None,Move,browsing
1572522691.445,1386,604,None,Move,browsing
1572522691.45,1378,604,None,Move,browsing
1572522691.454,1369,604,None,Move,browsing
1572522691.459,1361,604,None,Move,browsing
1572522691.4629998,1352,606,None,Move,browsing
1572522691.467,1344,608,None,Move,browsing
1572522691.472,1336,611,None,Move,browsing
1572522691.476,1327,614,None,Move,browsing
1572522691.481,1320,617,None,Move,browsing
1572522691.485,1312,619,None,Move,browsing
1572522691.49,1305,622,None,Move,browsing
1572522691.4970002,1300,625,None,Move,browsing
1572522691.502,1297,628,None,Move,browsing
1572522691.506,1293,630,None,Move,browsing
1572522691.54,1289,633,None,Move,browsing
1572522691.548,1285,635,None,Move,browsing
1572522691.553,1282,638,None,Move,browsing
1572522691.559,1279,640,None,Move,browsing
1572522691.5670002,1277,643,None,Move,browsing
1572522691.574,1275,644,None,Move,browsing
1572522691.579,1272,646,None,Move,browsing
1572522691.584,1270,648,None,Move,browsing
1572522691.589,1267,651,None,Move,browsing
1572522691.593,1265,653,None,Move,browsing
1572522691.597,1261,655,None,Move,browsing
1572522691.601,1257,657,None,Move,browsing
1572522691.606,1254,659,None,Move,browsing
1572522691.6120002,1252,661,None,Move,browsing
1572522691.6160002,1250,663,None,Move,browsing
1572522691.621,1248,665,None,Move,browsing
1572522691.6260002,1246,667,None,Move,browsing
1572522691.6320002,1244,669,None,Move,browsing
1572522691.637,1242,671,None,Move,browsing
1572522691.644,1240,673,None,Move,browsing
1572522691.65,1238,675,None,Move,browsing
1572522691.656,1236,677,None,Move,browsing
1572522691.665,1234,680,None,Move,browsing
1572522691.6720002,1232,683,None,Move,browsing
1572522691.6820002,1230,687,None,Move,browsing
1572522691.69,1228,692,None,Move,browsing
1572522691.699,1225,697,None,Move,browsing
1572522691.707,1221,702,None,Move,browsing
1572522691.718,1218,708,None,Move,browsing
1572522691.7270002,1213,715,None,Move,browsing
1572522691.7370002,1207,724,None,Move,browsing
1572522691.7489998,1201,733,None,Move,browsing
1572522691.758,1199,739,None,Move,browsing
1572522691.768,1196,743,None,Move,browsing
1572522691.7770002,1193,748,None,Move,browsing
1572522691.786,1191,750,None,Move,browsing
1572522691.795,1188,753,None,Move,browsing
1572522691.802,1186,756,None,Move,browsing
1572522691.809,1184,758,None,Move,browsing
1572522692.832,1183,759,None,Move,browsing
1572522692.853,1180,762,None,Move,browsing
1572522692.8760002,1172,766,None,Move,browsing
1572522692.8979998,1164,770,None,Move,browsing
1572522692.919,1154,776,None,Move,browsing
1572522692.9329998,1143,780,None,Move,browsing
1572522692.949,1131,786,None,Move,browsing
1572522692.9629998,1119,791,None,Move,browsing
1572522692.976,1104,794,None,Move,browsing
1572522692.9929998,1090,797,None,Move,browsing
1572522693.0070002,1078,801,None,Move,browsing
1572522693.021,1067,802,None,Move,browsing
1572522693.036,1057,804,None,Move,browsing
1572522693.049,1049,804,None,Move,browsing
1572522693.065,1040,802,None,Move,browsing
1572522693.079,1031,799,None,Move,browsing
1572522693.086,1021,795,None,Move,browsing
1572522693.093,1012,791,None,Move,browsing
1572522693.099,1003,787,None,Move,browsing
1572522693.104,994,784,None,Move,browsing
1572522693.113,985,781,None,Move,browsing
1572522693.119,974,778,None,Move,browsing
1572522693.125,965,775,None,Move,browsing
1572522693.13,956,772,None,Move,browsing
1572522693.135,949,769,None,Move,browsing
1572522693.14,940,766,None,Move,browsing
1572522693.147,933,762,None,Move,browsing
1572522693.1520002,926,758,None,Move,browsing
1572522693.159,922,755,None,Move,browsing
1572522693.166,918,752,None,Move,browsing
1572522693.1720002,915,749,None,Move,browsing
1572522693.178,914,747,None,Move,browsing
1572522693.1829998,912,744,None,Move,browsing
1572522693.189,912,742,None,Move,browsing
1572522693.198,912,739,None,Move,browsing
1572522693.2029998,912,736,None,Move,browsing
1572522693.208,913,733,None,Move,browsing
1572522693.2129998,915,729,None,Move,browsing
1572522693.219,917,724,None,Move,browsing
1572522693.224,920,720,None,Move,browsing
1572522693.23,922,714,None,Move,browsing
1572522693.235,924,708,None,Move,browsing
1572522693.244,926,702,None,Move,browsing
1572522693.25,928,697,None,Move,browsing
1572522693.255,931,691,None,Move,browsing
1572522693.2610002,933,686,None,Move,browsing
1572522693.2670002,935,681,None,Move,browsing
1572522693.275,938,676,None,Move,browsing
1572522693.283,940,671,None,Move,browsing
1572522693.288,941,665,None,Move,browsing
1572522693.294,944,660,None,Move,browsing
1572522693.299,945,655,None,Move,browsing
1572522693.305,947,650,None,Move,browsing
1572522693.311,949,645,None,Move,browsing
1572522693.316,950,639,None,Move,browsing
1572522693.322,952,632,None,Move,browsing
1572522693.33,955,627,None,Move,browsing
1572522693.336,956,623,None,Move,browsing
1572522693.342,959,618,None,Move,browsing
1572522693.3479998,961,614,None,Move,browsing
1572522693.354,963,609,None,Move,browsing
1572522693.3639998,966,604,None,Move,browsing
1572522693.369,969,599,None,Move,browsing
1572522693.375,975,593,None,Move,browsing
1572522693.38,980,588,None,Move,browsing
1572522693.3860002,985,584,None,Move,browsing
1572522693.3920002,990,578,None,Move,browsing
1572522693.3979998,994,574,None,Move,browsing
1572522693.403,996,572,None,Move,browsing
1572522693.4120002,999,569,None,Move,browsing
1572522693.417,1001,568,None,Move,browsing
1572522693.458,1000,569,None,Move,browsing
1572522693.48,998,570,None,Move,browsing
1572522693.5029998,996,571,None,Move,browsing
1572522693.5270002,995,573,None,Move,browsing
1572522693.549,993,574,None,Move,browsing
1572522693.56,992,574,None,Move,browsing
1572522693.5670002,990,576,None,Move,browsing
1572522693.574,988,577,None,Move,browsing
1572522693.583,986,579,None,Move,browsing
1572522693.591,985,580,None,Move,browsing
1572522693.6,983,581,None,Move,browsing
1572522693.607,982,582,None,Move,browsing
1572522693.6160002,981,583,None,Move,browsing
1572522693.6220002,981,584,None,Move,browsing
1572522693.63,980,584,None,Move,browsing
1572522693.665,980,585,None,Move,browsing
1572522694.8639998,979,586,None,Move,browsing
1572522694.8860002,972,593,None,Move,browsing
1572522694.896,962,603,None,Move,browsing
1572522694.904,951,614,None,Move,browsing
1572522694.91,941,624,None,Move,browsing
1572522694.916,930,635,None,Move,browsing
1572522694.923,917,646,None,Move,browsing
1572522694.929,905,657,None,Move,browsing
1572522694.935,894,667,None,Move,browsing
1572522694.9429998,883,678,None,Move,browsing
1572522694.948,874,687,None,Move,browsing
1572522694.954,868,694,None,Move,browsing
1572522694.96,864,699,None,Move,browsing
1572522694.965,861,704,None,Move,browsing
1572522694.9729998,858,707,None,Move,browsing
1572522694.979,856,710,None,Move,browsing
1572522694.9870002,853,713,None,Move,browsing
1572522694.995,853,715,None,Move,browsing
1572522695.0029998,852,717,None,Move,browsing
1572522695.0110002,850,719,None,Move,browsing
1572522695.019,850,720,None,Move,browsing
1572522695.0270002,849,721,None,Move,browsing
1572522695.035,848,722,None,Move,browsing
1572522695.043,846,724,None,Move,browsing
1572522695.051,844,726,None,Move,browsing
1572522695.059,842,728,None,Move,browsing
1572522695.0679998,838,730,None,Move,browsing
1572522695.075,833,732,None,Move,browsing
1572522695.081,827,733,None,Move,browsing
1572522695.089,821,735,None,Move,browsing
1572522695.097,815,736,None,Move,browsing
1572522695.119,808,736,None,Move,browsing
1572522695.1339998,799,736,None,Move,browsing
1572522695.146,793,736,None,Move,browsing
1572522695.1520002,786,735,None,Move,browsing
1572522695.161,780,734,None,Move,browsing
1572522695.166,774,731,None,Move,browsing
1572522695.177,768,730,None,Move,browsing
1572522695.1829998,763,727,None,Move,browsing
1572522695.1920002,757,724,None,Move,browsing
1572522695.201,749,722,None,Move,browsing
1572522695.207,742,719,None,Move,browsing
1572522695.217,734,717,None,Move,browsing
1572522695.224,725,714,None,Move,browsing
1572522695.2329998,716,711,None,Move,browsing
1572522695.2410002,707,709,None,Move,browsing
1572522695.25,697,706,None,Move,browsing
1572522695.2570002,688,703,None,Move,browsing
1572522695.264,678,700,None,Move,browsing
1572522695.275,669,698,None,Move,browsing
1572522695.281,664,695,None,Move,browsing
1572522695.286,661,693,None,Move,browsing
1572522695.295,658,692,None,Move,browsing
1572522695.3,657,691,None,Move,browsing
1572522695.3070002,657,688,None,Move,browsing
1572522695.315,657,686,None,Move,browsing
1572522695.322,658,684,None,Move,browsing
1572522695.331,660,682,None,Move,browsing
1572522695.336,662,680,None,Move,browsing
1572522695.346,664,678,None,Move,browsing
1572522695.3520002,666,676,None,Move,browsing
1572522695.363,669,674,None,Move,browsing
1572522695.371,673,672,None,Move,browsing
1572522695.379,678,670,None,Move,browsing
1572522695.385,683,669,None,Move,browsing
1572522695.393,690,669,None,Move,browsing
1572522695.399,698,670,None,Move,browsing
1572522695.41,707,673,None,Move,browsing
1572522695.416,716,676,None,Move,browsing
1572522695.423,727,678,None,Move,browsing
1572522695.429,739,683,None,Move,browsing
1572522695.435,749,687,None,Move,browsing
1572522695.445,759,690,None,Move,browsing
1572522695.452,769,694,None,Move,browsing
1572522695.458,778,697,None,Move,browsing
1572522695.464,787,700,None,Move,browsing
1572522695.471,794,703,None,Move,browsing
1572522695.479,800,706,None,Move,browsing
1572522695.485,804,709,None,Move,browsing
1572522695.4929998,807,712,None,Move,browsing
1572522695.4989998,810,715,None,Move,browsing
1572522695.506,813,716,None,Move,browsing
1572522695.576,813,716,Left,Pressed,browsing
1572522695.686,813,716,Left,Released,browsing
1572522695.951,814,715,None,Move,development
1572522695.962,816,713,None,Move,development
1572522695.97,823,709,None,Move,development
1572522695.979,830,703,None,Move,development
1572522695.9910002,839,697,None,Move,development
1572522696.005,853,687,None,Move,development
1572522696.031,869,676,None,Move,development
1572522696.041,884,667,None,Move,development
1572522696.049,895,663,None,Move,development
1572522696.06,903,661,None,Move,development
1572522696.0679998,911,658,None,Move,development
1572522696.081,919,654,None,Move,development
1572522696.09,927,650,None,Move,development
1572522696.099,935,645,None,Move,development
1572522696.109,945,638,None,Move,development
1572522696.1139998,960,629,None,Move,development
1572522696.12,974,622,None,Move,development
1572522696.1260002,989,614,None,Move,development
1572522696.131,1004,607,None,Move,development
1572522696.1360002,1018,598,None,Move,development
1572522696.141,1033,587,None,Move,development
1572522696.146,1048,576,None,Move,development
1572522696.151,1063,561,None,Move,development
1572522696.1620002,1077,546,None,Move,development
1572522696.17,1092,531,None,Move,development
1572522696.18,1104,516,None,Move,development
1572522696.187,1112,504,None,Move,development
1572522696.196,1115,493,None,Move,development
1572522696.202,1119,487,None,Move,development
1572522696.207,1119,483,None,Move,development
1572522696.214,1120,480,None,Move,development
1572522696.219,1120,478,None,Move,development
1572522696.226,1120,477,None,Move,development
1572522696.232,1119,475,None,Move,development
1572522696.2410002,1119,473,None,Move,development
1572522696.2470002,1118,471,None,Move,development
1572522696.2529998,1116,469,None,Move,development
1572522696.26,1115,466,None,Move,development
1572522696.265,1114,464,None,Move,development
1572522696.2729998,1113,462,None,Move,development
1572522696.28,1113,460,None,Move,development
1572522696.2870002,1112,458,None,Move,development
1572522696.293,1112,456,None,Move,development
1572522696.3,1111,455,None,Move,development
1572522696.3079998,1111,454,None,Move,development
1572522696.436,1110,454,None,Move,development
1572522696.462,1102,455,None,Move,development
1572522696.474,1090,458,None,Move,development
1572522696.482,1079,460,None,Move,development
1572522696.4910002,1070,463,None,Move,development
1572522696.4970002,1060,463,None,Move,development
1572522696.504,1053,460,None,Move,development
1572522696.51,1047,457,None,Move,development
1572522696.515,1043,454,None,Move,development
1572522696.522,1039,452,None,Move,development
1572522696.53,1034,449,None,Move,development
1572522696.536,1030,446,None,Move,development
1572522696.542,1026,444,None,Move,development
1572522696.5470002,1021,441,None,Move,development
1572522696.552,1018,438,None,Move,development
1572522696.559,1014,436,None,Move,development
1572522696.564,1011,433,None,Move,development
1572522696.572,1009,431,None,Move,development
1572522696.582,1006,427,None,Move,development
1572522696.592,1005,421,None,Move,development
1572522696.6,1004,414,None,Move,development
1572522696.61,1004,403,None,Move,development
1572522696.6160002,1006,388,None,Move,development
1572522696.621,1007,368,None,Move,development
1572522696.627,1006,346,None,Move,development
1572522696.633,1002,323,None,Move,development
1572522696.639,998,300,None,Move,development
1572522696.647,994,281,None,Move,development
1572522696.655,990,265,None,Move,development
1572522696.663,986,248,None,Move,development
1572522696.671,983,235,None,Move,development
1572522696.679,979,223,None,Move,development
1572522696.687,977,216,None,Move,development
1572522696.695,977,211,None,Move,development
1572522696.704,977,209,None,Move,development
1572522696.745,976,209,None,Move,development
1572522696.7529998,975,213,None,Move,development
1572522696.7610002,974,220,None,Move,development
1572522696.769,974,227,None,Move,development
1572522696.78,973,233,None,Move,development
1572522696.788,973,240,None,Move,development
1572522696.7970002,973,243,None,Move,development
1572522696.802,971,247,None,Move,development
1572522696.809,969,249,None,Move,development
1572522696.815,968,251,None,Move,development
1572522696.823,966,253,None,Move,development
1572522696.831,964,254,None,Move,development
1572522696.839,962,255,None,Move,development
1572522696.847,960,257,None,Move,development
1572522696.855,958,259,None,Move,development
1572522696.8639998,956,261,None,Move,development
1572522696.871,954,263,None,Move,development
1572522696.879,952,265,None,Move,development
1572522696.885,950,268,None,Move,development
1572522696.895,948,271,None,Move,development
1572522696.901,946,273,None,Move,development
1572522696.91,944,276,None,Move,development
1572522696.917,942,278,None,Move,development
1572522696.925,940,280,None,Move,development
1572522696.934,938,282,None,Move,development
1572522696.957,936,283,None,Move,development
1572522696.978,935,284,None,Move,development
1572522697.002,934,284,None,Move,development
1572522697.024,933,284,None,Move,development
1572522697.043,932,285,None,Move,development
1572522697.065,931,286,None,Move,development
1572522697.083,931,288,None,Move,development
1572522697.094,930,289,None,Move,development
1572522697.1020002,930,290,None,Move,development
1572522697.111,929,290,None,Move,development
1572522697.119,929,291,None,Move,development
1572522697.1420002,929,292,None,Move,development
1572522697.165,929,293,None,Move,development
1572522697.189,929,293,None,Move,development
1572522697.202,929,294,None,Move,development
1572522697.21,929,295,None,Move,development
1572522697.216,929,296,None,Move,development
1572522697.222,929,296,None,Move,development
1572522697.228,929,297,None,Move,development
1572522697.2329998,928,298,None,Move,development
1572522697.244,928,300,None,Move,development
1572522697.25,927,301,None,Move,development
1572522697.256,927,302,None,Move,development
1572522697.2610002,927,303,None,Move,development
1572522697.343,926,305,None,Move,development
1572522697.351,926,306,None,Move,development
1572522697.359,925,307,None,Move,development
1572522697.367,925,308,None,Move,development
1572522697.375,925,310,None,Move,development
1572522697.383,925,311,None,Move,development
1572522697.393,925,312,None,Move,development
1572522697.399,925,313,None,Move,development
1572522697.408,925,314,None,Move,development
1572522697.415,925,315,None,Move,development
1572522697.962,926,315,None,Move,development
1572522697.988,926,315,None,Move,development
1572522698.0129998,926,315,None,Move,development
1572522698.1079998,927,315,None,Move,development
1572522698.133,927,315,None,Move,development
1572522698.155,927,315,None,Move,development
1572522698.276,928,315,None,Move,development
1572522698.3,928,315,None,Move,development
1572522698.3620002,929,315,Left,Pressed,development
1572522698.3620002,929,315,None,Drag,development
1572522698.3820002,929,314,None,Drag,development
1572522698.405,930,314,None,Drag,development
1572522698.431,930,314,None,Drag,development
1572522698.4429998,931,314,None,Drag,development
1572522698.451,931,314,None,Drag,development
1572522698.459,932,314,None,Drag,development
1572522698.467,932,314,None,Drag,development
1572522698.479,933,314,None,Drag,development
1572522698.495,934,314,None,Drag,development
1572522698.506,934,314,None,Drag,development
1572522698.518,935,313,None,Drag,development
1572522698.53,936,313,None,Drag,development
1572522698.539,938,313,None,Drag,development
1572522698.546,941,313,None,Drag,development
1572522698.554,944,313,None,Drag,development
1572522698.563,948,312,None,Drag,development
1572522698.573,952,312,None,Drag,development
1572522698.58,957,312,None,Drag,development
1572522698.589,963,312,None,Drag,development
1572522698.5979998,969,312,None,Drag,development
1572522698.6079998,974,312,None,Drag,development
1572522698.6160002,979,312,None,Drag,development
1572522698.625,984,312,None,Drag,development
1572522698.633,987,312,None,Drag,development
1572522698.643,992,314,None,Drag,development
1572522698.651,996,314,None,Drag,development
1572522698.663,1003,312,None,Drag,development
1572522698.675,1010,311,None,Drag,development
1572522698.6829998,1017,310,None,Drag,development
1572522698.695,1025,309,None,Drag,development
1572522698.707,1030,308,None,Drag,development
1572522698.719,1036,306,None,Drag,development
1572522698.734,1041,305,None,Drag,development
1572522698.745,1048,304,None,Drag,development
1572522698.754,1054,302,None,Drag,development
1572522698.765,1058,301,None,Drag,development
1572522698.7770002,1061,301,None,Drag,development
1572522698.7870002,1065,300,None,Drag,development
1572522698.796,1068,300,None,Drag,development
1572522698.809,1073,299,None,Drag,development
1572522698.8179998,1078,299,None,Drag,development
1572522698.83,1082,298,None,Drag,development
1572522698.843,1086,298,None,Drag,development
1572522698.855,1090,296,None,Drag,development
1572522698.8660002,1093,295,None,Drag,development
1572522698.877,1096,295,None,Drag,development
1572522698.887,1099,294,None,Drag,development
1572522698.8979998,1103,294,None,Drag,development
1572522698.911,1106,294,None,Drag,development
1572522698.93,1109,293,None,Drag,development
1572522698.944,1112,293,None,Drag,development
1572522698.955,1114,293,None,Drag,development
1572522698.964,1117,292,None,Drag,development
1572522698.976,1121,292,None,Drag,development
1572522698.9870002,1124,292,None,Drag,development
1572522698.996,1127,292,None,Drag,development
1572522699.006,1130,292,None,Drag,development
1572522699.014,1133,292,None,Drag,development
1572522699.0270002,1136,291,None,Drag,development
1572522699.036,1138,291,None,Drag,development
1572522699.044,1140,290,None,Drag,development
1572522699.049,1143,290,None,Drag,development
1572522699.0579998,1145,290,None,Drag,development
1572522699.065,1147,290,None,Drag,development
1572522699.074,1149,290,None,Drag,development
1572522699.081,1151,290,None,Drag,development
1572522699.09,1153,290,None,Drag,development
1572522699.097,1154,290,None,Drag,development
1572522699.1079998,1156,290,None,Drag,development
1572522699.117,1157,290,None,Drag,development
1572522699.129,1159,290,None,Drag,development
1572522699.14,1160,290,None,Drag,development
1572522699.1479998,1161,290,None,Drag,development
1572522699.16,1163,290,None,Drag,development
1572522699.168,1165,291,None,Drag,development
1572522699.178,1167,292,None,Drag,development
1572522699.189,1169,292,None,Drag,development
1572522699.198,1171,293,None,Drag,development
1572522699.208,1173,294,None,Drag,development
1572522699.219,1175,295,None,Drag,development
1572522699.229,1177,295,None,Drag,development
1572522699.245,1179,295,None,Drag,development
1572522699.258,1181,296,None,Drag,development
1572522699.269,1183,297,None,Drag,development
1572522699.278,1185,297,None,Drag,development
1572522699.286,1187,297,None,Drag,development
1572522699.295,1189,298,None,Drag,development
1572522699.303,1191,298,None,Drag,development
1572522699.311,1193,298,None,Drag,development
1572522699.32,1195,298,None,Drag,development
1572522699.326,1197,298,None,Drag,development
1572522699.332,1199,298,None,Drag,development
1572522699.3379998,1201,298,None,Drag,development
1572522699.344,1203,298,None,Drag,development
1572522699.349,1204,298,None,Drag,development
1572522699.357,1205,298,None,Drag,development
1572522699.3620002,1207,298,None,Drag,development
1572522699.367,1208,297,None,Drag,development
1572522699.373,1209,297,None,Drag,development
1572522699.3779998,1210,297,None,Drag,development
1572522699.458,1211,298,None,Drag,development
1572522699.4929998,1212,300,None,Drag,development
1572522699.5270002,1213,301,None,Drag,development
1572522699.548,1214,302,None,Drag,development
1572522699.562,1215,303,None,Drag,development
1572522699.572,1216,303,None,Drag,development
1572522699.58,1216,304,None,Drag,development
1572522699.5879998,1217,304,None,Drag,development
1572522699.605,1218,304,None,Drag,development
1572522699.679,1219,304,None,Drag,development
1572522699.691,1219,304,None,Drag,development
1572522699.707,1220,304,None,Drag,development
1572522699.845,1220,304,None,Drag,development
1572522700.043,1221,304,None,Drag,development
1572522700.055,1222,304,None,Drag,development
1572522700.063,1222,304,None,Drag,development
1572522700.1420002,1223,304,None,Drag,development
1572522700.173,1223,304,None,Drag,development
1572522700.3579998,1224,304,None,Drag,development
1572522700.387,1225,304,None,Drag,development
1572522700.399,1225,304,None,Drag,development
1572522700.399,1225,304,Left,Released,development
1572522700.844,1226,305,None,Move,development
1572522700.867,1234,313,None,Move,development
1572522700.8920002,1248,327,None,Move,development
1572522700.917,1264,339,None,Move,development
1572522700.931,1280,351,None,Move,development
1572522700.941,1298,361,None,Move,development
1572522700.949,1318,369,None,Move,development
1572522700.957,1336,379,None,Move,development
1572522700.964,1358,391,None,Move,development
1572522700.974,1378,399,None,Move,development
1572522700.98,1390,402,None,Move,development
1572522700.99,1398,404,None,Move,development
1572522700.9970002,1405,408,None,Move,development
1572522701.004,1411,411,None,Move,development
1572522701.01,1415,414,None,Move,development
1572522701.016,1419,417,None,Move,development
1572522701.024,1422,420,None,Move,development
1572522701.028,1426,424,None,Move,development
1572522701.034,1429,427,None,Move,development
1572522701.041,1432,430,None,Move,development
1572522701.045,1434,433,None,Move,development
1572522701.601,1432,431,None,Move,development
1572522701.609,1428,427,None,Move,development
1572522701.617,1421,422,None,Move,development
1572522701.627,1418,419,None,Move,development
1572522701.633,1416,419,None,Move,development
1572522701.708,1415,418,None,Move,development
1572522701.726,1413,416,None,Move,development
1572522701.7389998,1411,414,None,Move,development
1572522701.746,1409,413,None,Move,development
1572522701.756,1407,412,None,Move,development
1572522701.762,1405,412,None,Move,development
1572522701.769,1402,412,None,Move,development
1572522701.774,1398,412,None,Move,development
1572522701.779,1392,413,None,Move,development
1572522701.789,1387,414,None,Move,development
1572522701.795,1380,416,None,Move,development
1572522701.802,1373,416,None,Move,development
1572522701.8079998,1366,416,None,Move,development
1572522701.814,1359,414,None,Move,development
1572522701.821,1351,412,None,Move,development
1572522701.829,1342,409,None,Move,development
1572522701.837,1333,407,None,Move,development
1572522701.845,1323,404,None,Move,development
1572522701.853,1312,400,None,Move,development
1572522701.859,1301,396,None,Move,development
1572522701.867,1288,392,None,Move,development
1572522701.875,1271,389,None,Move,development
1572522701.883,1251,384,None,Move,development
1572522701.891,1231,379,None,Move,development
1572522701.899,1212,376,None,Move,development
1572522701.907,1194,372,None,Move,development
1572522701.915,1181,370,None,Move,development
1572522701.923,1170,367,None,Move,development
1572522701.931,1160,363,None,Move,development
1572522701.94,1149,361,None,Move,development
1572522701.945,1138,359,None,Move,development
1572522701.9529998,1127,359,None,Move,development
1572522701.961,1116,358,None,Move,development
1572522701.969,1106,358,None,Move,development
1572522701.9770002,1095,359,None,Move,development
1572522701.985,1085,363,None,Move,development
1572522701.9929998,1075,366,None,Move,development
1572522702.0010002,1066,369,None,Move,development
1572522702.0089998,1057,372,None,Move,development
1572522702.03,1048,375,None,Move,development
1572522702.041,1039,378,None,Move,development
1572522702.051,1031,381,None,Move,development
1572522702.0570002,1022,384,None,Move,development
1572522702.062,1014,386,None,Move,development
1572522702.072,1005,389,None,Move,development
1572522702.08,997,391,None,Move,development
1572522702.085,988,392,None,Move,development
1572522702.091,980,392,None,Move,development
1572522702.097,971,394,None,Move,development
1572522702.107,963,394,None,Move,development
1572522702.115,954,394,None,Move,development
1572522702.123,946,392,None,Move,development
1572522702.129,941,392,None,Move,development
1572522702.139,936,391,None,Move,development
1572522702.147,932,391,None,Move,development
1572522702.155,929,391,None,Move,development
1572522702.1620002,925,391,None,Move,development
1572522702.168,923,391,None,Move,development
1572522702.176,920,392,None,Move,development
1572522702.186,918,392,None,Move,development
1572522702.1920002,916,394,None,Move,development
1572522702.2,915,394,None,Move,development
1572522702.208,915,395,None,Move,development
1572522702.214,915,396,None,Move,development
1572522702.2229998,915,398,None,Move,development
1572522702.229,918,400,None,Move,development
1572522702.24,922,400,None,Move,development
1572522702.2470002,929,401,None,Move,development
1572522702.256,937,401,None,Move,development
1572522702.262,946,400,None,Move,development
1572522702.268,957,397,None,Move,development
1572522702.2770002,973,396,None,Move,development
1572522702.2870002,991,393,None,Move,development
1572522702.295,1010,388,None,Move,development
1572522702.304,1035,379,None,Move,development
1572522702.311,1062,369,None,Move,development
1572522702.3179998,1088,359,None,Move,development
1572522702.325,1114,353,None,Move,development
1572522702.331,1138,349,None,Move,development
1572522702.3379998,1164,347,None,Move,development
1572522702.344,1190,347,None,Move,development
1572522702.353,1214,351,None,Move,development
1572522702.36,1236,355,None,Move,development
1572522702.367,1252,357,None,Move,development
1572522702.3739998,1264,357,None,Move,development
1572522702.379,1268,357,None,Move,development
1572522702.397,1268,357,Left,Pressed,development
1572522702.514,1268,357,Left,Released,development
1572522702.575,1269,359,None,Move,development
1572522702.587,1272,360,None,Move,development
1572522702.595,1280,366,None,Move,development
1572522702.603,1287,369,None,Move,development
1572522702.611,1293,370,None,Move,development
1572522702.619,1300,372,None,Move,development
1572522702.627,1308,372,None,Move,development
1572522702.635,1316,372,None,Move,browsing
1572522702.643,1328,372,None,Move,browsing
1572522702.651,1345,372,None,Move,browsing
1572522702.661,1361,372,None,Move,browsing
1572522702.67,1378,372,None,Move,browsing
1572522702.675,1396,370,None,Move,browsing
1572522702.688,1408,368,None,Move,browsing
1572522702.694,1423,365,None,Move,browsing
1572522702.702,1440,362,None,Move,browsing
1572522702.7129998,1461,355,None,Move,browsing
1572522702.722,1484,345,None,Move,browsing
1572522702.734,1505,336,None,Move,browsing
1572522702.745,1528,324,None,Move,browsing
1572522702.752,1550,312,None,Move,browsing
1572522702.76,1568,296,None,Move,browsing
1572522702.7670002,1584,280,None,Move,browsing
1572522702.772,1598,264,None,Move,browsing
1572522702.778,1610,246,None,Move,browsing
1572522702.788,1622,226,None,Move,browsing
1572522702.794,1634,206,None,Move,browsing
1572522702.802,1646,192,None,Move,browsing
1572522702.8070002,1658,176,None,Move,browsing
1572522702.814,1672,162,None,Move,browsing
1572522702.821,1688,140,None,Move,browsing
1572522702.827,1706,116,None,Move,browsing
1572522702.8379998,1722,92,None,Move,browsing
1572522702.843,1734,70,None,Move,browsing
1572522702.849,1744,50,None,Move,browsing
1572522702.855,1756,32,None,Move,browsing
1572522702.861,1768,16,None,Move,browsing
1572522702.8739998,1776,4,None,Move,browsing
1572522702.8860002,1780,0,None,Move,browsing
1572522702.904,1784,0,None,Move,browsing
1572522702.918,1784,0,None,Move,browsing
1572522702.93,1783,0,None,Move,browsing
1572522702.94,1778,0,None,Move,browsing
1572522702.955,1775,0,None,Move,browsing
1572522702.9729998,1769,0,None,Move,browsing
1572522702.986,1759,2,None,Move,browsing
1572522703.004,1747,5,None,Move,browsing
1572522703.0129998,1728,7,None,Move,browsing
1572522703.0270002,1708,12,None,Move,browsing
1572522703.044,1687,21,None,Move,browsing
1572522703.054,1662,28,None,Move,browsing
1572522703.06,1637,38,None,Move,browsing
1572522703.072,1609,46,None,Move,browsing
1572522703.081,1583,50,None,Move,browsing
1572522703.091,1559,54,None,Move,browsing
1572522703.101,1535,56,None,Move,browsing
1572522703.1079998,1511,58,None,Move,browsing
1572522703.1160002,1491,60,None,Move,browsing
1572522703.127,1475,60,None,Move,browsing
1572522703.14,1459,64,None,Move,browsing
1572522703.147,1443,66,None,Move,browsing
1572522703.156,1429,68,None,Move,browsing
1572522703.165,1417,68,None,Move,browsing
1572522703.175,1405,70,None,Move,browsing
1572522703.184,1401,72,None,Move,browsing
1572522703.191,1400,74,None,Move,browsing
1572522703.2,1399,75,None,Move,browsing
1572522703.208,1398,76,None,Move,browsing
1572522703.218,1397,77,None,Move,browsing
1572522703.225,1396,78,None,Move,browsing
1572522703.234,1395,78,None,Move,browsing
1572522703.2410002,1395,79,None,Move,browsing
1572522703.27,1394,79,None,Move,browsing
1572522703.294,1393,78,None,Move,browsing
1572522703.32,1392,77,None,Move,browsing
1572522703.345,1391,77,None,Move,browsing
1572522703.371,1390,77,None,Move,browsing
1572522703.393,1389,76,None,Move,browsing
1572522703.415,1388,76,None,Move,browsing
1572522703.435,1387,76,None,Move,browsing
1572522703.46,1385,75,None,Move,browsing
1572522703.495,1384,75,None,Move,browsing
1572522703.52,1384,75,Left,Pressed,browsing
1572522703.559,1384,75,Left,Released,browsing
1572522703.571,1385,74,None,Move,browsing
1572522703.583,1387,73,None,Move,browsing
1572522703.596,1389,71,None,Move,browsing
1572522703.6079998,1391,70,None,Move,browsing
1572522703.62,1393,70,None,Move,browsing
1572522703.631,1395,70,None,Move,browsing
1572522703.643,1397,70,None,Move,browsing
1572522703.656,1400,71,None,Move,browsing
1572522703.668,1403,73,None,Move,browsing
1572522703.679,1406,75,None,Move,browsing
1572522703.6920002,1410,76,None,Move,browsing
1572522703.705,1413,77,None,Move,browsing
1572522703.717,1416,78,None,Move,browsing
1572522703.7270002,1419,78,None,Move,browsing
1572522703.7389998,1421,79,None,Move,browsing
1572522703.748,1423,79,None,Move,browsing
1572522703.758,1425,80,None,Move,browsing
1572522703.768,1426,80,None,Move,browsing
1572522703.779,1427,80,None,Move,browsing
1572522703.79,1426,81,None,Move,browsing
1572522703.802,1424,83,None,Move,browsing
1572522703.812,1422,86,None,Move,browsing
1572522703.824,1420,89,None,Move,browsing
1572522703.833,1418,92,None,Move,browsing
1572522703.843,1416,94,None,Move,browsing
1572522703.855,1413,98,None,Move,browsing
1572522703.865,1408,102,None,Move,browsing
1572522703.8760002,1402,108,None,Move,browsing
1572522703.887,1396,115,None,Move,browsing
1572522703.897,1389,123,None,Move,browsing
1572522703.908,1381,132,None,Move,browsing
1572522703.921,1373,141,None,Move,browsing
1572522703.9329998,1363,152,None,Move,browsing
1572522703.945,1351,164,None,Move,browsing
1572522703.956,1338,176,None,Move,browsing
1572522703.964,1324,188,None,Move,browsing
1572522703.979,1309,207,None,Move,browsing
1572522703.9929998,1291,228,None,Move,browsing
1572522704.005,1274,250,None,Move,browsing
1572522704.015,1250,274,None,Move,browsing
1572522704.025,1226,296,None,Move,browsing
1572522704.036,1196,312,None,Move,browsing
1572522704.043,1164,322,None,Move,browsing
1572522704.054,1130,330,None,Move,browsing
1572522704.063,1094,338,None,Move,browsing
1572522704.074,1056,344,None,Move,browsing
1572522704.084,1008,352,None,Move,browsing
1572522704.093,956,358,None,Move,browsing
1572522704.105,900,360,None,Move,browsing
1572522704.115,844,358,None,Move,browsing
1572522704.125,780,362,None,Move,browsing
1572522704.1360002,718,366,None,Move,browsing
1572522704.144,664,370,None,Move,browsing
1572522704.155,614,372,None,Move,browsing
1572522704.163,572,376,None,Move,browsing
1572522704.1720002,530,376,None,Move,browsing
1572522704.179,492,374,None,Move,browsing
1572522704.185,456,370,None,Move,browsing
1572522704.1920002,420,366,None,Move,browsing
1572522704.199,384,360,None,Move,browsing
1572522704.206,348,350,None,Move,browsing
1572522704.2129998,316,338,None,Move,browsing
1572522704.22,284,324,None,Move,browsing
1572522704.2270002,252,308,None,Move,browsing
1572522704.234,224,296,None,Move,browsing
1572522704.2410002,194,284,None,Move,browsing
1572522704.248,162,272,None,Move,browsing
1572522704.254,132,260,None,Move,browsing
1572522704.2610002,102,248,None,Move,browsing
1572522704.268,76,236,None,Move,browsing
1572522704.275,56,230,None,Move,browsing
1572522704.282,40,226,None,Move,browsing
1572522704.289,26,222,None,Move,browsing
1572522704.296,14,218,None,Move,browsing
1572522704.303,6,216,None,Move,browsing
1572522704.309,0,212,None,Move,browsing
1572522704.316,0,208,None,Move,browsing
1572522704.323,0,206,None,Move,browsing
1572522704.33,0,202,None,Move,browsing
1572522704.337,0,201,None,Move,browsing
1572522704.344,0,198,None,Move,browsing
1572522704.35,0,198,None,Move,browsing
1572522704.357,0,198,None,Move,browsing
1572522704.363,0,198,None,Move,browsing
1572522704.37,0,199,None,Move,browsing
1572522704.3760002,0,199,None,Move,browsing
1572522704.383,0,199,None,Move,browsing
1572522704.389,0,199,None,Move,browsing
1572522704.396,0,200,None,Move,browsing
1572522704.4020002,0,200,None,Move,browsing
1572522704.409,0,201,None,Move,browsing
1572522704.415,1,201,None,Move,browsing
1572522704.4220002,3,201,None,Move,browsing
1572522704.429,5,201,None,Move,browsing
1572522704.436,6,202,None,Move,browsing
1572522704.4429998,7,203,None,Move,browsing
1572522704.45,9,204,None,Move,browsing
1572522704.457,11,206,None,Move,browsing
1572522704.465,13,207,None,Move,browsing
1572522704.472,15,209,None,Move,browsing
1572522704.478,17,211,None,Move,browsing
1572522704.4829998,19,213,None,Move,browsing
1572522704.4889998,21,215,None,Move,browsing
1572522704.4970002,25,217,None,Move,browsing
1572522704.505,29,219,None,Move,browsing
1572522704.514,34,221,None,Move,browsing
1572522704.53,39,223,None,Move,browsing
1572522704.546,44,225,None,Move,browsing
1572522704.564,51,227,None,Move,browsing
1572522704.582,57,229,None,Move,browsing
1572522704.5979998,63,232,None,Move,browsing
1572522704.6139998,69,234,None,Move,browsing
1572522704.63,73,235,None,Move,browsing
1572522704.645,77,236,None,Move,browsing
1572522704.661,79,237,None,Move,browsing
1572522704.676,82,237,None,Move,browsing
1572522704.6929998,83,237,None,Move,browsing
1572522704.8979998,83,237,Left,Pressed,browsing
1572522705.026,83,237,Left,Released,browsing
1572522707.5579998,82,237,None,Move,browsing
1572522707.581,83,237,None,Move,browsing
1572522707.6,88,239,None,Move,browsing
1572522707.619,95,239,None,Move,browsing
1572522707.6379998,100,239,None,Move,browsing
1572522707.659,105,239,None,Move,browsing
1572522707.679,107,241,None,Move,browsing
1572522707.701,109,243,None,Move,browsing
1572522707.724,109,244,None,Move,browsing
1572522707.745,109,245,None,Move,browsing
1572522707.766,110,246,None,Move,browsing
1572522707.7870002,112,250,None,Move,browsing
1572522707.806,114,254,None,Move,browsing
1572522707.825,116,257,None,Move,browsing
1572522707.845,117,260,None,Move,browsing
1572522707.87,118,262,None,Move,browsing
1572522707.887,119,264,None,Move,browsing
1572522707.9,119,265,None,Move,browsing
1572522707.9120002,119,266,None,Move,browsing
1572522707.925,118,267,None,Move,browsing
1572522707.937,116,269,None,Move,browsing
1572522707.948,115,269,None,Move,browsing
1572522707.961,114,269,None,Move,browsing
1572522707.98,114,269,Left,Pressed,browsing
1572522708.092,114,269,Left,Released,browsing
1572522708.181,114,269,Left,Pressed,browsing
1572522708.2970002,114,269,Left,Released,browsing
1572522708.7370002,114,269,None,Move,browsing
1572522708.766,114,267,None,Move,browsing
1572522708.794,114,266,None,Move,browsing
1572522708.8070002,114,264,None,Move,browsing
1572522708.8179998,114,262,None,Move,browsing
1572522708.831,114,261,None,Move,browsing
1572522708.843,114,260,None,Move,browsing
1572522708.8520002,114,259,None,Move,browsing
1572522708.9729998,114,259,Left,Pressed,browsing
1572522709.092,114,259,Left,Released,browsing
1572522709.157,114,259,Left,Pressed,browsing
1572522709.2670002,114,259,Left,Released,browsing
1572522709.881,114,259,Left,Pressed,browsing
1572522710.021,114,259,Left,Released,browsing
1572522710.0570002,114,259,Left,Pressed,browsing
1572522710.189,114,259,Left,Released,browsing
1572522710.459,115,258,None,Move,browsing
1572522710.486,117,256,None,Move,browsing
1572522710.506,119,254,None,Move,browsing
1572522710.5270002,121,251,None,Move,browsing
1572522710.5470002,123,249,None,Move,browsing
1572522710.566,125,247,None,Move,browsing
1572522710.586,127,245,None,Move,browsing
1572522710.607,129,243,None,Move,browsing
1572522710.627,131,241,None,Move,browsing
1572522710.647,133,240,None,Move,browsing
1572522710.665,134,239,None,Move,browsing
1572522710.6829998,135,238,None,Move,browsing
1572522710.702,137,236,None,Move,browsing
1572522710.721,139,236,None,Move,browsing
1572522710.7410002,141,235,None,Move,browsing
1572522710.7589998,143,234,None,Move,browsing
1572522710.776,145,233,None,Move,browsing
1572522710.793,147,232,None,Move,browsing
1572522710.811,148,231,None,Move,browsing
1572522710.83,150,230,None,Move,browsing
1572522710.849,152,230,None,Move,browsing
1572522710.8660002,153,230,None,Move,browsing
1572522710.8820002,154,230,None,Move,browsing
1572522710.8979998,155,229,None,Move,browsing
1572522710.914,156,229,None,Move,browsing
1572522710.934,157,228,None,Move,browsing
1572522710.954,158,228,None,Move,browsing
1572522710.97,159,229,None,Move,browsing
1572522710.9910002,160,230,None,Move,browsing
1572522711.0089998,162,232,None,Move,browsing
1572522711.026,163,233,None,Move,browsing
1572522711.042,163,234,None,Move,browsing
1572522711.0579998,164,234,None,Move,browsing
1572522711.075,164,234,Left,Pressed,browsing
1572522711.085,164,234,Left,Released,browsing
1572522711.214,163,235,None,Move,browsing
1572522711.234,163,235,None,Move,browsing
1572522711.254,162,236,None,Move,browsing
1572522711.425,161,236,None,Move,browsing
1572522711.438,160,236,None,Move,browsing
1572522711.458,157,238,None,Move,browsing
1572522711.4770002,152,239,None,Move,browsing
1572522711.49,146,240,None,Move,browsing
1572522711.495,140,241,None,Move,browsing
1572522711.5010002,134,241,None,Move,browsing
1572522711.506,130,241,None,Move,browsing
1572522711.51,127,241,None,Move,browsing
1572522711.515,125,240,None,Move,browsing
1572522711.519,124,240,None,Move,browsing
1572522713.8479998,124,240,None,Move,browsing
1572522713.8720002,123,242,None,Move,browsing
1572522713.894,122,244,None,Move,browsing
1572522713.915,121,246,None,Move,browsing
1572522713.936,120,248,None,Move,browsing
1572522713.956,120,250,None,Move,browsing
1572522713.9770002,119,252,None,Move,browsing
1572522713.9989998,119,254,None,Move,browsing
1572522714.019,118,255,None,Move,browsing
1572522714.039,118,256,None,Move,browsing
1572522714.0570002,118,257,None,Move,browsing
1572522714.075,117,258,None,Move,browsing
1572522714.094,117,260,None,Move,browsing
1572522714.1120002,116,261,None,Move,browsing
1572522714.13,116,262,None,Move,browsing
1572522714.15,116,263,None,Move,browsing
1572522714.169,116,264,None,Move,browsing
1572522714.187,115,264,None,Move,browsing
1572522714.37,115,264,None,Move,browsing
1572522714.395,113,265,None,Move,browsing
1572522714.417,110,265,None,Move,browsing
1572522714.438,107,265,None,Move,browsing
1572522714.461,103,264,None,Move,browsing
1572522714.47,97,262,None,Move,browsing
1572522714.4770002,89,261,None,Move,browsing
1572522714.482,81,259,None,Move,browsing
1572522714.4870002,74,257,None,Move,browsing
1572522714.4910002,68,255,None,Move,browsing
1572522714.496,62,253,None,Move,browsing
1572522714.5,56,251,None,Move,browsing
1572522714.505,51,249,None,Move,browsing
1572522714.51,48,248,None,Move,browsing
1572522714.515,45,247,None,Move,browsing
1572522714.522,42,245,None,Move,browsing
1572522714.528,40,244,None,Move,browsing
1572522714.62,39,244,None,Move,browsing
1572522714.645,37,244,None,Move,browsing
1572522714.666,36,245,None,Move,browsing
1572522714.687,35,246,None,Move,browsing
1572522714.714,33,246,None,Move,browsing
1572522714.734,31,246,None,Move,browsing
1572522714.754,29,247,None,Move,browsing
1572522714.776,28,247,None,Move,browsing
1572522714.796,27,248,None,Move,browsing
1572522714.816,26,248,None,Move,browsing
1572522714.837,25,249,None,Move,browsing
1572522714.856,24,250,None,Move,browsing
1572522714.879,22,251,None,Move,browsing
1572522714.8979998,20,252,None,Move,browsing
1572522714.918,18,253,None,Move,browsing
1572522714.936,16,254,None,Move,browsing
1572522714.954,14,254,None,Move,browsing
1572522714.975,12,254,None,Move,browsing
1572522714.995,10,255,None,Move,browsing
1572522715.0070002,9,255,None,Move,browsing
1572522715.02,7,255,None,Move,browsing
1572522715.033,6,255,None,Move,browsing
1572522715.0470002,5,255,None,Move,browsing
1572522715.06,4,256,None,Move,browsing
1572522715.072,3,256,None,Move,browsing
1572522715.085,2,256,None,Move,browsing
1572522715.097,1,257,None,Move,browsing
1572522715.109,0,257,None,Move,browsing
1572522715.121,0,257,None,Move,browsing
1572522715.1320002,0,257,None,Move,browsing
1572522715.144,0,257,None,Move,browsing
1572522715.155,0,257,None,Move,browsing
1572522715.167,0,257,None,Move,browsing
1572522715.3170002,0,257,None,Move,browsing
1572522715.342,1,256,None,Move,browsing
1572522715.367,3,256,None,Move,browsing
1572522715.3920002,4,255,None,Move,browsing
1572522715.411,6,255,None,Move,browsing
1572522715.43,7,254,None,Move,browsing
1572522716.002,6,254,None,Move,browsing
1572522718.429,7,253,None,Move,browsing
1572522718.44,10,248,None,Move,browsing
1572522718.457,16,238,None,Move,browsing
1572522718.476,20,234,None,Move,browsing
1572522718.492,23,231,None,Move,browsing
1572522718.508,25,230,None,Move,browsing
1572522718.526,27,230,None,Move,browsing
1572522718.543,28,230,None,Move,browsing
1572522718.559,29,230,None,Move,browsing
1572522718.573,32,233,None,Move,browsing
1572522718.587,38,238,None,Move,browsing
1572522718.599,45,248,None,Move,browsing
1572522718.613,56,261,None,Move,browsing
1572522718.6260002,69,279,None,Move,browsing
1572522718.6360002,82,298,None,Move,browsing
1572522718.646,99,313,None,Move,browsing
1572522718.656,113,326,None,Move,browsing
1572522718.663,130,341,None,Move,browsing
1572522718.67,146,354,None,Move,browsing
1572522718.677,163,368,None,Move,browsing
1572522718.684,179,379,None,Move,browsing
1572522718.691,190,391,None,Move,browsing
1572522718.698,202,401,None,Move,browsing
1572522718.704,213,410,None,Move,browsing
1572522718.711,221,420,None,Move,browsing
1572522718.719,227,426,None,Move,browsing
1572522718.726,231,434,None,Move,browsing
1572522718.735,235,438,None,Move,browsing
1572522718.744,237,443,None,Move,browsing
1572522718.754,237,446,None,Move,browsing
1572522718.762,236,449,None,Move,browsing
1572522718.771,234,452,None,Move,browsing
1572522718.778,232,454,None,Move,browsing
1572522718.785,228,460,None,Move,browsing
1572522718.792,224,466,None,Move,browsing
1572522718.798,216,474,None,Move,browsing
1572522718.805,208,482,None,Move,browsing
1572522718.812,199,490,None,Move,browsing
1572522718.82,189,499,None,Move,browsing
1572522718.829,180,508,None,Move,browsing
1572522718.8379998,171,516,None,Move,browsing
1572522718.845,162,522,None,Move,browsing
1572522718.8520002,157,528,None,Move,browsing
1572522718.8579998,152,531,None,Move,browsing
1572522718.865,150,534,None,Move,browsing
1572522718.8720002,150,536,None,Move,browsing
1572522718.8779998,149,538,None,Move,browsing
1572522718.885,148,540,None,Move,browsing
1572522718.891,147,541,None,Move,browsing
1572522718.8979998,146,543,None,Move,browsing
1572522718.904,145,544,None,Move,browsing
1572522718.91,145,545,None,Move,browsing
1572522718.916,145,546,None,Move,browsing
1572522718.923,144,546,None,Move,browsing
1572522719.082,143,546,None,Move,browsing
1572522719.109,141,547,None,Move,browsing
1572522719.1320002,137,547,None,Move,browsing
1572522719.16,133,545,None,Move,browsing
1572522719.174,128,543,None,Move,browsing
1572522719.185,122,538,None,Move,browsing
1572522719.195,113,529,None,Move,browsing
1572522719.207,103,519,None,Move,browsing
1572522719.217,93,507,None,Move,browsing
1572522719.228,84,497,None,Move,browsing
1572522719.2389998,76,487,None,Move,browsing
1572522719.248,69,477,None,Move,browsing
1572522719.258,64,467,None,Move,browsing
1572522719.266,61,455,None,Move,browsing
1572522719.274,58,446,None,Move,browsing
1572522719.282,55,434,None,Move,browsing
1572522719.291,51,421,None,Move,browsing
1572522719.299,50,408,None,Move,browsing
1572522719.306,48,399,None,Move,browsing
1572522719.314,48,391,None,Move,browsing
1572522719.322,48,383,None,Move,browsing
1572522719.329,48,381,None,Move,browsing
1572522719.337,48,378,None,Move,browsing
1572522719.344,48,376,None,Move,browsing
1572522719.3779998,49,376,None,Move,browsing
1572522719.406,50,376,None,Move,browsing
1572522719.606,50,376,None,Move,browsing
1572522719.631,52,379,None,Move,browsing
1572522719.657,54,382,None,Move,browsing
1572522719.6820002,56,385,None,Move,browsing
1572522719.694,58,389,None,Move,browsing
1572522719.704,60,392,None,Move,browsing
1572522719.714,62,395,None,Move,browsing
1572522719.724,65,398,None,Move,browsing
1572522719.735,67,400,None,Move,browsing
1572522719.7470002,69,402,None,Move,browsing
1572522719.758,71,405,None,Move,browsing
1572522719.768,72,407,None,Move,browsing
1572522719.779,73,409,None,Move,browsing
1572522719.789,75,411,None,Move,browsing
1572522719.8,76,413,None,Move,browsing
1572522719.811,76,415,None,Move,browsing
1572522719.821,78,417,None,Move,browsing
1572522719.83,79,418,None,Move,browsing
1572522719.842,79,420,None,Move,browsing
1572522719.854,80,422,None,Move,browsing
1572522719.8639998,81,424,None,Move,browsing
1572522719.875,82,426,None,Move,browsing
1572522719.8860002,82,427,None,Move,browsing
1572522719.8979998,83,428,None,Move,browsing
1572522719.908,84,430,None,Move,browsing
1572522719.918,85,431,None,Move,browsing
1572522719.928,86,433,None,Move,browsing
1572522719.937,87,434,None,Move,browsing
1572522719.947,87,435,None,Move,browsing
1572522719.956,87,436,None,Move,browsing
1572522719.965,88,437,None,Move,browsing
1572522719.976,88,438,None,Move,browsing
1572522719.988,89,439,None,Move,browsing
1572522720.451,90,438,None,Move,browsing
1572522720.481,92,434,None,Move,browsing
1572522720.51,94,431,None,Move,browsing
1572522720.533,96,428,None,Move,browsing
1572522720.5570002,97,426,None,Move,browsing
1572522720.575,99,424,None,Move,browsing
1572522720.594,101,422,None,Move,browsing
1572522720.6139998,102,420,None,Move,browsing
1572522720.633,103,419,None,Move,browsing
1572522720.654,103,417,None,Move,browsing
1572522720.675,104,416,None,Move,browsing
1572522720.694,105,415,None,Move,browsing
1572522720.7129998,106,414,None,Move,browsing
1572522720.732,106,413,None,Move,browsing
1572522720.7510002,107,412,None,Move,browsing
1572522720.8739998,107,411,None,Move,browsing
1572522720.9020002,107,411,None,Move,browsing
1572522720.926,107,409,None,Move,browsing
1572522720.95,107,408,None,Move,browsing
1572522720.969,108,407,None,Move,browsing
1572522720.988,108,405,None,Move,browsing
1572522721.002,109,404,None,Move,browsing
1572522721.015,109,403,None,Move,browsing
1572522721.028,109,402,None,Move,browsing
1572522721.046,109,401,None,Move,browsing
1572522721.07,110,400,None,Move,browsing
1572522721.096,110,399,None,Move,browsing
1572522721.1220002,111,397,None,Move,browsing
1572522721.145,113,394,None,Move,browsing
1572522721.17,116,390,None,Move,browsing
1572522721.189,118,387,None,Move,browsing
1572522721.2,119,384,None,Move,browsing
1572522721.206,120,382,None,Move,browsing
1572522721.211,120,380,None,Move,browsing
1572522721.217,120,379,None,Move,browsing
1572522721.2229998,120,377,None,Move,browsing
1572522721.229,120,375,None,Move,browsing
1572522721.236,120,374,None,Move,browsing
1572522721.242,120,373,None,Move,browsing
1572522721.2489998,120,371,None,Move,browsing
1572522721.256,120,369,None,Move,browsing
1572522721.262,120,366,None,Move,browsing
1572522721.268,120,362,None,Move,browsing
1572522721.2729998,121,358,None,Move,browsing
1572522721.28,121,354,None,Move,browsing
1572522721.286,121,352,None,Move,browsing
1572522721.291,121,350,None,Move,browsing
1572522721.2970002,121,348,None,Move,browsing
1572522721.303,121,346,None,Move,browsing
1572522721.309,121,344,None,Move,browsing
1572522721.315,120,342,None,Move,browsing
1572522721.321,120,340,None,Move,browsing
1572522721.327,119,338,None,Move,browsing
1572522721.335,118,337,None,Move,browsing
1572522721.341,118,335,None,Move,browsing
1572522721.346,117,333,None,Move,browsing
1572522721.3520002,117,331,None,Move,browsing
1572522721.357,116,329,None,Move,browsing
1572522721.363,115,327,None,Move,browsing
1572522721.3679998,114,325,None,Move,browsing
1572522721.3739998,113,323,None,Move,browsing
1572522721.379,112,321,None,Move,browsing
1572522721.385,112,320,None,Move,browsing
1572522721.39,112,318,None,Move,browsing
1572522721.396,111,317,None,Move,browsing
1572522721.564,111,317,Left,Pressed,browsing
1572522721.653,111,317,Left,Released,browsing
1572522721.7270002,111,317,Left,Pressed,browsing
1572522721.825,111,317,Left,Released,browsing
1572522722.5370002,113,317,None,Move,browsing
1572522722.548,116,316,None,Move,browsing
1572522722.565,122,316,None,Move,browsing
1572522722.589,128,315,None,Move,browsing
1572522722.611,134,315,None,Move,browsing
1572522722.6339998,142,313,None,Move,browsing
1572522722.653,152,313,None,Move,browsing
1572522722.676,163,313,None,Move,browsing
1572522722.695,174,313,None,Move,browsing
1572522722.715,185,313,None,Move,browsing
1572522722.734,197,312,None,Move,browsing
1572522722.7529998,207,312,None,Move,browsing
1572522722.772,219,310,None,Move,browsing
1572522722.793,230,309,None,Move,browsing
1572522722.813,240,307,None,Move,browsing
1572522722.835,252,304,None,Move,browsing
1572522722.8479998,263,301,None,Move,browsing
1572522722.86,274,298,None,Move,browsing
1572522722.8720002,285,294,None,Move,browsing
1572522722.885,295,290,None,Move,browsing
1572522722.897,304,287,None,Move,browsing
1572522722.909,311,284,None,Move,browsing
1572522722.921,320,281,None,Move,browsing
1572522722.9329998,326,278,None,Move,browsing
1572522722.946,334,275,None,Move,browsing
1572522722.959,341,272,None,Move,browsing
1572522722.972,350,269,None,Move,browsing
1572522722.985,359,266,None,Move,browsing
1572522722.9989998,367,263,None,Move,browsing
1572522723.0129998,376,257,None,Move,browsing
1572522723.025,383,253,None,Move,browsing
1572522723.039,389,249,None,Move,browsing
1572522723.052,393,246,None,Move,browsing
1572522723.064,398,243,None,Move,browsing
1572522723.079,402,241,None,Move,browsing
1572522723.092,405,238,None,Move,browsing
1572522723.104,408,235,None,Move,browsing
1572522723.1160002,410,233,None,Move,browsing
1572522723.1279998,413,230,None,Move,browsing
1572522723.14,415,228,None,Move,browsing
1572522723.153,417,226,None,Move,browsing
1572522723.165,418,225,None,Move,browsing
1572522723.177,420,222,None,Move,browsing
1572522723.189,421,220,None,Move,browsing
1572522723.201,423,218,None,Move,browsing
1572522723.214,423,216,None,Move,browsing
1572522723.2270002,424,215,None,Move,browsing
1572522723.2389998,424,213,None,Move,browsing
1572522723.2510002,425,213,None,Move,browsing
1572522723.264,425,212,None,Move,browsing
1572522723.2770002,424,213,None,Move,browsing
1572522723.288,423,213,None,Move,browsing
1572522723.301,421,215,None,Move,browsing
1572522723.313,420,216,None,Move,browsing
1572522723.327,418,217,None,Move,browsing
1572522723.34,417,219,None,Move,browsing
1572522723.353,415,220,None,Move,browsing
1572522723.3660002,414,221,None,Move,browsing
1572522723.38,413,222,None,Move,browsing
1572522723.3920002,412,222,None,Move,browsing
1572522723.404,411,223,None,Move,browsing
1572522723.417,410,224,None,Move,browsing
1572522723.429,408,225,None,Move,browsing
1572522723.4420002,407,227,None,Move,browsing
1572522723.454,406,229,None,Move,browsing
1572522723.466,405,231,None,Move,browsing
1572522723.478,404,234,None,Move,browsing
1572522723.49,403,237,None,Move,browsing
1572522723.5029998,401,240,None,Move,browsing
1572522723.516,400,244,None,Move,browsing
1572522723.529,398,246,None,Move,browsing
1572522723.54,397,248,None,Move,browsing
1572522723.552,397,250,None,Move,browsing
1572522723.563,396,252,None,Move,browsing
1572522723.575,396,254,None,Move,browsing
1572522723.587,396,256,None,Move,browsing
1572522723.6,395,258,None,Move,browsing
1572522723.613,395,260,None,Move,browsing
1572522723.6260002,395,262,None,Move,browsing
1572522723.64,394,264,None,Move,browsing
1572522723.653,393,266,None,Move,browsing
1572522723.665,392,268,None,Move,browsing
1572522723.677,390,271,None,Move,browsing
1572522723.689,389,273,None,Move,browsing
1572522723.701,387,275,None,Move,browsing
1572522723.7129998,385,277,None,Move,browsing
1572522723.725,383,279,None,Move,browsing
1572522723.7389998,382,280,None,Move,browsing
1572522723.7529998,380,281,None,Move,browsing
1572522723.765,378,282,None,Move,browsing
1572522723.7770002,377,282,None,Move,browsing
1572522723.789,375,283,None,Move,browsing
1572522723.801,373,284,None,Move,browsing
1572522723.813,370,285,None,Move,browsing
1572522723.825,367,286,None,Move,browsing
1572522723.837,364,286,None,Move,browsing
1572522723.849,361,287,None,Move,browsing
1572522723.863,357,288,None,Move,browsing
1572522723.875,351,288,None,Move,browsing
1572522723.889,345,288,None,Move,browsing
1572522723.901,339,288,None,Move,browsing
1572522723.913,332,286,None,Move,browsing
1572522723.927,323,284,None,Move,browsing
1572522723.939,315,281,None,Move,browsing
1572522723.951,307,279,None,Move,browsing
1572522723.964,298,277,None,Move,browsing
1572522723.9770002,290,274,None,Move,browsing
1572522723.9910002,282,271,None,Move,browsing
1572522724.006,276,269,None,Move,browsing
1572522724.019,272,266,None,Move,browsing
1572522724.031,269,265,None,Move,browsing
1572522724.044,268,263,None,Move,browsing
1572522724.0570002,266,263,None,Move,browsing
1572522724.07,267,262,None,Move,browsing
1572522724.084,269,261,None,Move,browsing
1572522724.097,272,261,None,Move,browsing
1572522724.109,276,261,None,Move,browsing
1572522724.121,282,261,None,Move,browsing
1572522724.133,287,261,None,Move,browsing
1572522724.146,294,261,None,Move,browsing
1572522724.158,299,263,None,Move,browsing
1572522724.171,306,265,None,Move,browsing
1572522724.1829998,313,267,None,Move,browsing
1572522724.197,320,269,None,Move,browsing
1572522724.208,326,272,None,Move,browsing
1572522724.221,333,274,None,Move,browsing
1572522724.234,341,277,None,Move,browsing
1572522724.2470002,347,278,None,Move,browsing
1572522724.2589998,352,279,None,Move,browsing
1572522724.272,357,279,None,Move,browsing
1572522724.285,362,281,None,Move,browsing
1572522724.2970002,365,282,None,Move,browsing
1572522724.309,367,282,None,Move,browsing
1572522724.321,370,282,None,Move,browsing
1572522724.335,372,282,None,Move,browsing
1572522724.347,374,282,None,Move,browsing
1572522724.36,377,283,None,Move,browsing
1572522724.3720002,379,283,None,Move,browsing
1572522724.385,381,283,None,Move,browsing
1572522724.397,384,283,None,Move,browsing
1572522724.409,389,283,None,Move,browsing
1572522724.4220002,392,283,None,Move,browsing
1572522724.436,397,283,None,Move,browsing
1572522724.449,402,283,None,Move,browsing
1572522724.461,406,283,None,Move,browsing
1572522724.4729998,409,284,None,Move,browsing
1572522724.4870002,413,284,None,Move,browsing
1572522724.5,417,284,None,Move,browsing
1572522724.5129998,420,285,None,Move,browsing
1572522724.5270002,423,286,None,Move,browsing
1572522724.54,426,286,None,Move,browsing
1572522724.553,430,287,None,Move,browsing
1572522724.565,434,288,None,Move,browsing
1572522724.579,437,288,None,Move,browsing
1572522724.592,440,289,None,Move,browsing
1572522724.605,442,290,None,Move,browsing
1572522724.617,444,291,None,Move,browsing
1572522724.63,446,291,None,Move,browsing
1572522724.643,448,292,None,Move,browsing
1572522724.657,449,292,None,Move,browsing
1572522724.669,451,294,None,Move,browsing
1572522724.6820002,454,296,None,Move,browsing
1572522724.694,457,298,None,Move,browsing
1572522724.706,461,300,None,Move,browsing
1572522724.718,464,302,None,Move,browsing
1572522724.731,470,304,None,Move,browsing
1572522724.7429998,475,306,None,Move,browsing
1572522724.755,481,308,None,Move,browsing
1572522724.7670002,486,310,None,Move,browsing
1572522724.779,491,312,None,Move,browsing
1572522724.791,496,313,None,Move,browsing
1572522724.804,500,315,None,Move,browsing
1572522724.8170002,504,316,None,Move,browsing
1572522724.829,509,318,None,Move,browsing
1572522724.841,513,319,None,Move,browsing
1572522724.853,519,321,None,Move,browsing
1572522724.867,526,323,None,Move,browsing
1572522724.883,533,325,None,Move,browsing
1572522724.893,539,328,None,Move,browsing
1572522724.9020002,544,329,None,Move,browsing
1572522724.91,550,330,None,Move,browsing
1572522724.917,556,330,None,Move,browsing
1572522724.924,559,331,None,Move,browsing
1572522724.9320002,562,333,None,Move,browsing
1572522724.94,564,334,None,Move,browsing
1572522724.948,566,334,None,Move,browsing
1572522724.956,568,335,None,Move,browsing
1572522724.964,569,336,None,Move,browsing
1572522724.972,570,336,None,Move,browsing
1572522724.98,571,337,None,Move,browsing
1572522724.988,572,337,None,Move,browsing
1572522724.9970002,572,338,None,Move,browsing
1572522725.005,573,338,None,Move,browsing
1572522725.012,573,339,None,Move,browsing
1572522725.02,574,339,None,Move,browsing
1572522725.028,575,340,None,Move,browsing
1572522725.036,577,340,None,Move,browsing
1572522725.043,579,340,None,Move,browsing
1572522725.05,581,340,None,Move,browsing
1572522725.0579998,583,341,None,Move,browsing
1572522725.065,587,341,None,Move,browsing
1572522725.074,591,341,None,Move,browsing
1572522725.081,595,341,None,Move,browsing
1572522725.0879998,600,341,None,Move,browsing
1572522725.096,605,341,None,Move,browsing
1572522725.103,611,341,None,Move,browsing
1572522725.11,617,342,None,Move,browsing
1572522725.117,624,342,None,Move,browsing
1572522725.125,630,342,None,Move,browsing
1572522725.1379998,639,342,None,Move,browsing
1572522725.146,647,342,None,Move,browsing
1572522725.155,656,342,None,Move,browsing
1572522725.166,666,341,None,Move,browsing
1572522725.171,678,338,None,Move,browsing
1572522725.177,692,335,None,Move,browsing
1572522725.184,709,332,None,Move,browsing
1572522725.189,727,329,None,Move,browsing
1572522725.195,745,326,None,Move,browsing
1572522725.2,768,324,None,Move,browsing
1572522725.206,792,321,None,Move,browsing
1572522725.211,822,321,None,Move,browsing
1572522725.216,853,317,None,Move,browsing
1572522725.221,891,311,None,Move,browsing
1572522725.2270002,929,303,None,Move,browsing
1572522725.232,969,293,None,Move,browsing
1572522725.2370002,1009,283,None,Move,browsing
1572522725.242,1049,279,None,Move,browsing
1572522725.2470002,1091,281,None,Move,browsing
1572522725.252,1131,285,None,Move,browsing
1572522725.2570002,1175,289,None,Move,browsing
1572522725.2629998,1219,287,None,Move,browsing
1572522725.269,1267,285,None,Move,browsing
1572522725.274,1311,285,None,Move,browsing
1572522725.279,1355,287,None,Move,browsing
1572522725.284,1395,291,None,Move,browsing
1572522725.289,1433,295,None,Move,browsing
1572522725.295,1469,293,None,Move,browsing
1572522725.3,1505,283,None,Move,browsing
1572522725.305,1541,277,None,Move,browsing
1572522725.312,1573,273,None,Move,browsing
1572522725.3179998,1605,273,None,Move,browsing
1572522725.324,1631,273,None,Move,browsing
1572522725.332,1655,277,None,Move,browsing
1572522725.3379998,1677,281,None,Move,browsing
1572522725.343,1697,285,None,Move,browsing
1572522725.3479998,1713,289,None,Move,browsing
1572522725.353,1731,293,None,Move,browsing
1572522725.359,1745,297,None,Move,browsing
1572522725.3639998,1757,301,None,Move,browsing
1572522725.37,1769,305,None,Move,browsing
1572522725.375,1781,309,None,Move,browsing
1572522725.38,1789,313,None,Move,browsing
1572522725.3860002,1793,316,None,Move,browsing
1572522725.391,1798,321,None,Move,browsing
1572522725.397,1801,324,None,Move,browsing
1572522725.4020002,1805,330,None,Move,browsing
1572522725.407,1808,336,None,Move,browsing
1572522725.4120002,1811,340,None,Move,browsing
1572522725.418,1813,347,None,Move,browsing
1572522725.423,1816,352,None,Move,browsing
1572522725.428,1819,355,None,Move,browsing
1572522725.434,1819,359,None,Move,browsing
1572522725.439,1820,362,None,Move,browsing
1572522725.447,1819,367,None,Move,browsing
1572522725.4529998,1817,372,None,Move,browsing
1572522725.46,1815,378,None,Move,browsing
1572522725.468,1814,383,None,Move,browsing
1572522725.474,1812,388,None,Move,browsing
1572522725.479,1811,391,None,Move,browsing
1572522725.484,1808,395,None,Move,browsing
1572522725.488,1806,397,None,Move,browsing
1572522725.4929998,1804,399,None,Move,browsing
1572522725.4970002,1802,400,None,Move,browsing
1572522725.5010002,1800,401,None,Move,browsing
1572522725.505,1798,401,None,Move,browsing
1572522725.5089998,1794,401,None,Move,browsing
1572522725.5129998,1788,401,None,Move,browsing
1572522725.5170002,1782,400,None,Move,browsing
1572522725.521,1778,399,None,Move,browsing
1572522725.525,1773,399,None,Move,browsing
1572522725.529,1771,399,None,Move,browsing
1572522725.533,1769,400,None,Move,browsing
1572522725.5370002,1767,400,None,Move,browsing
1572522725.542,1765,400,None,Move,browsing
1572522725.5470002,1763,400,None,Move,browsing
1572522725.551,1761,400,None,Move,browsing
1572522725.555,1760,399,None,Move,browsing
1572522725.56,1759,398,None,Move,browsing
1572522725.564,1758,398,None,Move,browsing
1572522725.5679998,1758,396,None,Move,browsing
1572522725.572,1757,396,None,Move,browsing
1572522725.576,1757,395,None,Move,browsing
1572522725.58,1757,394,None,Move,browsing
1572522725.584,1757,393,None,Move,browsing
1572522725.5879998,1756,392,None,Move,browsing
1572522725.592,1756,391,None,Move,browsing
1572522725.596,1756,389,None,Move,browsing
1572522725.6,1756,387,None,Move,browsing
1572522725.604,1756,385,None,Move,browsing
1572522725.6079998,1756,383,None,Move,browsing
1572522725.6120002,1756,381,None,Move,browsing
1572522725.6160002,1756,379,None,Move,browsing
1572522725.62,1757,378,None,Move,browsing
1572522725.6239998,1757,376,None,Move,browsing
1572522725.6279998,1757,375,None,Move,browsing
1572522725.6320002,1758,375,None,Move,browsing
1572522725.6360002,1758,375,Left,Pressed,browsing
1572522725.64,1758,375,Left,Released,browsing
1572522726.073,1758,375,Left,Pressed,browsing
1572522726.159,1758,375,Left,Released,browsing
1572522726.234,1758,375,Left,Pressed,browsing
1572522726.343,1758,375,Left,Released,browsing
1572522726.8639998,1757,376,None,Move,browsing
1572522726.891,1753,378,None,Move,browsing
1572522726.914,1745,383,None,Move,browsing
1572522726.936,1732,391,None,Move,browsing
1572522726.9529998,1713,400,None,Move,browsing
1572522726.961,1693,410,None,Move,browsing
1572522726.969,1667,421,None,Move,browsing
1572522726.9770002,1636,435,None,Move,browsing
1572522726.986,1604,447,None,Move,browsing
1572522726.995,1572,455,None,Move,browsing
1572522727.002,1540,465,None,Move,browsing
1572522727.0070002,1508,471,None,Move,browsing
1572522727.012,1476,479,None,Move,browsing
1572522727.0170002,1440,491,None,Move,browsing
1572522727.0229998,1404,501,None,Move,browsing
1572522727.028,1368,513,None,Move,browsing
1572522727.033,1336,519,None,Move,browsing
1572522727.038,1304,525,None,Move,browsing
1572522727.044,1268,529,None,Move,browsing
1572522727.05,1232,531,None,Move,browsing
1572522727.055,1194,531,None,Move,browsing
1572522727.06,1158,533,None,Move,browsing
1572522727.065,1124,533,None,Move,browsing
1572522727.07,1100,537,None,Move,browsing
1572522727.076,1084,537,None,Move,browsing
1572522727.081,1072,537,None,Move,browsing
1572522727.086,1060,537,None,Move,browsing
1572522727.091,1048,537,None,Move,browsing
1572522727.097,1036,537,None,Move,browsing
1572522727.1020002,1024,539,None,Move,browsing
1572522727.107,1008,539,None,Move,browsing
1572522727.113,992,541,None,Move,browsing
1572522727.121,976,541,None,Move,browsing
1572522727.143,954,541,None,Move,browsing
1572522727.163,930,537,None,Move,browsing
1572522727.184,903,535,None,Move,browsing
1572522727.204,874,531,None,Move,browsing
1572522727.224,842,527,None,Move,browsing
1572522727.2429998,809,524,None,Move,browsing
1572522727.262,776,522,None,Move,browsing
1572522727.282,744,522,None,Move,browsing
1572522727.3,712,518,None,Move,browsing
1572522727.3170002,680,516,None,Move,browsing
1572522727.336,652,516,None,Move,browsing
1572522727.353,628,516,None,Move,browsing
1572522727.371,608,514,None,Move,browsing
1572522727.391,594,512,None,Move,browsing
1572522727.409,580,508,None,Move,browsing
1572522727.427,574,506,None,Move,browsing
1572522727.446,572,506,None,Move,browsing
1572522727.464,572,504,None,Move,browsing
1572522729.494,573,504,None,Move,browsing
1572522729.518,575,498,None,Move,browsing
1572522729.538,577,491,None,Move,browsing
1572522729.559,580,484,None,Move,browsing
1572522729.579,583,477,None,Move,browsing
1572522729.593,585,472,None,Move,browsing
1572522729.6,588,467,None,Move,browsing
1572522729.609,591,462,None,Move,browsing
1572522729.6160002,592,458,None,Move,browsing
1572522729.6220002,593,455,None,Move,browsing
1572522729.6279998,594,453,None,Move,browsing
1572522729.6339998,594,452,None,Move,browsing
1572522729.64,595,451,None,Move,browsing
1572522729.646,595,450,None,Move,browsing
1572522729.661,596,450,None,Move,browsing
1572522729.669,597,448,None,Move,browsing
1572522729.677,597,446,None,Move,browsing
1572522729.685,598,444,None,Move,browsing
1572522729.705,599,442,None,Move,browsing
1572522729.725,599,441,None,Move,browsing
1572522729.746,599,440,None,Move,browsing
1572522729.7670002,599,439,None,Move,browsing
1572522729.891,600,438,None,Move,browsing
1572522729.914,602,437,None,Move,browsing
1572522729.935,603,436,None,Move,browsing
1572522729.955,605,434,None,Move,browsing
1572522729.975,607,432,None,Move,browsing
1572522729.998,609,430,None,Move,browsing
1572522730.019,611,428,None,Move,browsing
1572522730.042,613,426,None,Move,browsing
1572522730.062,615,424,None,Move,browsing
1572522730.083,617,422,None,Move,browsing
1572522730.1020002,618,421,None,Move,browsing
1572522730.121,619,420,None,Move,browsing
1572522730.141,620,419,None,Move,browsing
1572522730.159,620,418,None,Move,browsing
1572522730.179,621,417,None,Move,browsing
1572522730.198,622,416,None,Move,browsing
1572522730.218,622,415,None,Move,browsing
1572522730.238,623,414,None,Move,browsing
1572522730.258,624,413,None,Move,browsing
1572522730.2770002,625,412,None,Move,browsing
1572522730.296,626,411,None,Move,browsing
1572522730.313,627,409,None,Move,browsing
1572522730.33,629,408,None,Move,browsing
1572522730.346,630,407,None,Move,browsing
1572522730.3620002,630,406,None,Move,browsing
1572522730.377,631,406,None,Move,browsing
1572522730.393,632,405,None,Move,browsing
1572522730.41,632,404,None,Move,browsing
1572522730.426,633,403,None,Move,browsing
1572522730.441,634,401,None,Move,browsing
1572522730.457,635,400,None,Move,browsing
1572522730.4729998,636,398,None,Move,browsing
1572522730.4889998,637,397,None,Move,browsing
1572522730.506,639,396,None,Move,browsing
1572522730.521,640,395,None,Move,browsing
1572522730.5370002,640,394,None,Move,browsing
1572522730.554,641,394,None,Move,browsing
1572522730.57,641,393,None,Move,browsing
1572522730.586,642,393,None,Move,browsing
1572522730.606,642,394,None,Move,browsing
1572522730.623,642,400,None,Move,browsing
1572522730.639,643,408,None,Move,browsing
1572522730.647,645,416,None,Move,browsing
1572522730.655,645,425,None,Move,browsing
1572522730.664,646,433,None,Move,browsing
1572522730.67,647,443,None,Move,browsing
1572522730.676,649,451,None,Move,browsing
1572522730.6820002,650,460,None,Move,browsing
1572522730.689,652,468,None,Move,browsing
1572522730.695,655,478,None,Move,browsing
1572522730.701,656,485,None,Move,browsing
1572522730.707,657,494,None,Move,browsing
1572522730.7129998,657,501,None,Move,browsing
1572522730.719,659,508,None,Move,browsing
1572522730.7270002,660,514,None,Move,browsing
1572522730.7329998,660,516,None,Move,browsing
1572522730.74,662,520,None,Move,browsing
1572522730.746,662,523,None,Move,browsing
1572522730.7510002,662,526,None,Move,browsing
1572522730.758,663,528,None,Move,browsing
1572522730.764,663,530,None,Move,browsing
1572522730.769,663,533,None,Move,browsing
1572522730.775,663,535,None,Move,browsing
1572522730.782,663,537,None,Move,browsing
1572522730.7870002,663,539,None,Move,browsing
1572522730.793,663,541,None,Move,browsing
1572522730.799,663,543,None,Move,browsing
1572522730.805,663,545,None,Move,browsing
1572522730.811,663,547,None,Move,browsing
1572522730.8170002,663,549,None,Move,browsing
1572522730.823,663,551,None,Move,browsing
1572522730.829,662,552,None,Move,browsing
1572522730.835,662,554,None,Move,browsing
1572522730.842,662,555,None,Move,browsing
1572522730.8479998,662,556,None,Move,browsing
1572522734.8820002,665,552,None,Move,browsing
1572522734.9020002,683,531,None,Move,browsing
1572522734.923,707,499,None,Move,browsing
1572522734.94,735,465,None,Move,browsing
1572522734.957,763,433,None,Move,browsing
1572522734.975,791,395,None,Move,browsing
1572522734.9910002,827,351,None,Move,browsing
1572522735.004,855,301,None,Move,browsing
1572522735.0110002,881,253,None,Move,browsing
1572522735.02,911,199,None,Move,browsing
1572522735.028,935,139,None,Move,browsing
1572522735.036,955,77,None,Move,browsing
1572522735.045,973,9,None,Move,browsing
1572522735.053,993,0,None,Move,browsing
1572522735.061,1001,0,None,Move,browsing
1572522735.069,997,0,None,Move,browsing
1572522735.077,997,0,None,Move,browsing
1572522735.085,999,0,None,Move,browsing
1572522735.094,993,0,None,Move,browsing
1572522735.101,993,0,None,Move,browsing
1572522735.109,993,0,None,Move,browsing
1572522735.119,995,0,None,Move,browsing
1572522735.1279998,989,0,None,Move,browsing
1572522735.1360002,973,0,None,Move,browsing
1572522735.145,963,0,None,Move,browsing
1572522735.153,953,0,None,Move,browsing
1572522735.1620002,939,0,None,Move,browsing
1572522735.17,925,0,None,Move,browsing
1572522735.178,909,0,None,Move,browsing
1572522735.187,887,0,None,Move,browsing
1572522735.194,863,0,None,Move,browsing
1572522735.208,837,0,None,Move,browsing
1572522735.221,813,0,None,Move,browsing
1572522735.2329998,789,0,None,Move,browsing
1572522735.245,767,0,None,Move,browsing
1572522735.255,749,2,None,Move,browsing
1572522735.2629998,733,6,None,Move,browsing
1572522735.274,719,9,None,Move,browsing
1572522735.281,708,15,None,Move,browsing
1572522735.291,697,25,None,Move,browsing
1572522735.299,686,40,None,Move,browsing
1572522735.31,674,61,None,Move,browsing
1572522735.319,658,84,None,Move,browsing
1572522735.3279998,642,108,None,Move,browsing
1572522735.3379998,626,132,None,Move,browsing
1572522735.346,614,154,None,Move,browsing
1572522735.356,602,172,None,Move,browsing
1572522735.363,592,188,None,Move,browsing
1572522735.375,582,200,None,Move,browsing
1572522735.3820002,574,212,None,Move,browsing
1572522735.3920002,568,218,None,Move,browsing
1572522735.4,565,227,None,Move,browsing
1572522735.41,557,235,None,Move,browsing
1572522735.419,549,243,None,Move,browsing
1572522735.428,543,254,None,Move,browsing
1572522735.437,534,266,None,Move,browsing
1572522735.444,525,277,None,Move,browsing
1572522735.454,517,288,None,Move,browsing
1572522735.461,512,298,None,Move,browsing
1572522735.471,509,303,None,Move,browsing
1572522735.478,508,306,None,Move,browsing
1572522735.5470002,508,307,None,Move,browsing
1572522735.574,507,314,None,Move,browsing
1572522735.5979998,499,349,None,Move,browsing
1572522735.62,491,385,None,Move,browsing
1572522735.639,479,425,None,Move,browsing
1572522735.658,467,461,None,Move,browsing
1572522735.678,459,497,None,Move,browsing
1572522735.698,447,529,None,Move,browsing
1572522735.714,441,555,None,Move,browsing
1572522735.73,438,576,None,Move,browsing
1572522735.746,438,591,None,Move,browsing
1572522735.7610002,436,605,None,Move,browsing
1572522735.7770002,436,615,None,Move,browsing
1572522735.793,439,618,None,Move,browsing
1572522735.809,439,620,None,Move,browsing
1572522736.686,439,619,None,Move,browsing
1572522736.697,439,617,None,Move,browsing
1572522736.714,439,606,None,Move,browsing
1572522736.734,436,592,None,Move,browsing
1572522736.755,433,577,None,Move,browsing
1572522736.774,430,557,None,Move,browsing
1572522736.793,422,530,None,Move,browsing
1572522736.81,414,498,None,Move,browsing
1572522736.827,404,466,None,Move,browsing
1572522736.847,394,434,None,Move,browsing
1572522736.8660002,382,402,None,Move,browsing
1572522736.877,372,370,None,Move,browsing
1572522736.8860002,358,338,None,Move,browsing
1572522736.895,340,306,None,Move,browsing
1572522736.905,322,280,None,Move,browsing
1572522736.914,302,256,None,Move,browsing
1572522736.9220002,286,234,None,Move,browsing
1572522736.93,270,220,None,Move,browsing
1572522736.939,254,208,None,Move,browsing
1572522736.947,240,202,None,Move,browsing
1572522736.956,226,198,None,Move,browsing
1572522736.965,214,196,None,Move,browsing
1572522736.9729998,203,196,None,Move,browsing
1572522736.982,194,196,None,Move,browsing
1572522736.992,187,199,None,Move,browsing
1572522737.002,185,201,None,Move,browsing
1572522737.0110002,184,201,None,Move,browsing
1572522737.0229998,184,204,None,Move,browsing
1572522737.035,186,209,None,Move,browsing
1572522737.044,190,216,None,Move,browsing
1572522737.053,192,221,None,Move,browsing
1572522737.063,196,225,None,Move,browsing
1572522737.077,198,229,None,Move,browsing
1572522737.089,201,231,None,Move,browsing
1572522737.099,204,235,None,Move,browsing
1572522737.111,206,241,None,Move,browsing
1572522737.12,209,248,None,Move,browsing
1572522737.129,211,256,None,Move,browsing
1572522737.1379998,214,263,None,Move,browsing
1572522737.15,216,271,None,Move,browsing
1572522737.159,219,279,None,Move,browsing
1572522737.167,221,284,None,Move,browsing
1572522737.176,223,289,None,Move,browsing
1572522737.185,225,293,None,Move,browsing
1572522737.194,226,298,None,Move,browsing
1572522737.202,228,301,None,Move,browsing
1572522737.211,229,307,None,Move,browsing
1572522737.219,231,314,None,Move,browsing
1572522737.229,233,321,None,Move,browsing
1572522737.2410002,234,329,None,Move,browsing
1572522737.252,234,336,None,Move,browsing
1572522737.266,235,342,None,Move,browsing
1572522737.278,235,348,None,Move,browsing
1572522737.2870002,235,352,None,Move,browsing
1572522737.295,234,355,None,Move,browsing
1572522737.304,233,357,None,Move,browsing
1572522737.313,231,359,None,Move,browsing
1572522737.321,229,362,None,Move,browsing
1572522737.33,227,364,None,Move,browsing
1572522737.339,225,367,None,Move,browsing
1572522737.3479998,223,373,None,Move,browsing
1572522737.357,222,381,None,Move,browsing
1572522737.3660002,221,390,None,Move,browsing
1572522737.375,218,399,None,Move,browsing
1572522737.385,216,406,None,Move,browsing
1572522737.394,213,412,None,Move,browsing
1572522737.403,211,416,None,Move,browsing
1572522737.413,209,418,None,Move,browsing
1572522737.4220002,208,421,None,Move,browsing
1572522737.431,207,422,None,Move,browsing
1572522737.441,207,423,None,Move,browsing
1572522737.452,207,424,None,Move,browsing
1572522737.461,208,426,None,Move,browsing
1572522737.47,209,428,None,Move,browsing
1572522737.479,210,430,None,Move,browsing
1572522737.4870002,212,432,None,Move,browsing
1572522737.495,214,435,None,Move,browsing
1572522737.5029998,216,438,None,Move,browsing
1572522737.5129998,218,440,None,Move,browsing
1572522737.522,220,442,None,Move,browsing
1572522737.531,222,444,None,Move,browsing
1572522737.54,223,445,None,Move,browsing
1572522737.55,223,446,None,Move,browsing
1572522737.56,225,447,None,Move,browsing
1572522737.569,227,448,None,Move,browsing
1572522737.577,229,450,None,Move,browsing
1572522737.587,231,452,None,Move,browsing
1572522737.595,233,453,None,Move,browsing
1572522737.605,235,454,None,Move,browsing
1572522737.6160002,237,455,None,Move,browsing
1572522737.627,239,456,None,Move,browsing
1572522737.6360002,240,456,None,Move,browsing
1572522737.645,241,456,None,Move,browsing
1572522737.654,242,456,None,Move,browsing
1572522737.663,243,457,None,Move,browsing
1572522737.673,244,458,None,Move,browsing
1572522737.6829998,246,459,None,Move,browsing
1572522737.691,247,459,None,Move,browsing
1572522737.7,249,460,None,Move,browsing
1572522737.709,251,460,None,Move,browsing
1572522737.718,253,460,None,Move,browsing
1572522737.7270002,255,461,None,Move,browsing
1572522737.7370002,256,461,None,Move,browsing
1572522737.7470002,257,461,None,Move,browsing
1572522737.758,258,462,None,Move,browsing
1572522737.7670002,259,462,None,Move,browsing
1572522737.775,260,462,None,Move,browsing
1572522737.784,261,463,None,Move,browsing
1572522737.794,262,463,None,Move,browsing
1572522737.803,263,463,None,Move,browsing
1572522738.082,263,464,None,Move,browsing
1572522738.104,264,465,None,Move,browsing
1572522738.123,264,466,None,Move,browsing
1572522738.1420002,265,466,None,Move,browsing
1572522738.158,265,466,None,Move,browsing
1572522738.258,265,467,None,Move,browsing
1572522738.278,264,469,None,Move,browsing
1572522738.298,264,471,None,Move,browsing
1572522738.316,263,472,None,Move,browsing
1572522738.333,263,473,None,Move,browsing
