client_timestamp,x,y,button,state,window
1568896350.201,-1163,603,None,Move,development
1568896350.217,-1165,603,None,Move,development
1568896350.232,-1171,604,None,Move,development
1568896350.2389998,-1172,604,None,Move,development
1568896361.391,-1184,598,None,Move,development
1568896361.407,-1201,584,None,Move,development
1568896361.413,-1226,562,None,Move,development
1568896361.429,-1246,547,None,Move,development
1568896361.444,-1268,533,None,Move,development
1568896361.46,-1278,531,None,Move,development
1568896361.476,-1280,531,None,Move,development
1568896361.529,-1281,531,None,Move,development
1568896361.544,-1284,531,None,Move,development
1568896361.56,-1294,531,None,Move,development
1568896361.576,-1304,527,None,Move,development
1568896361.591,-1316,519,None,Move,development
1568896361.607,-1330,508,None,Move,development
1568896361.613,-1339,500,None,Move,development
1568896361.629,-1357,485,None,Move,development
1568896361.645,-1368,477,None,Move,development
1568896361.66,-1384,462,None,Move,development
1568896361.676,-1399,447,None,Move,development
1568896361.6920002,-1420,425,None,Move,development
1568896361.707,-1441,401,None,Move,development
1568896361.714,-1448,391,None,Move,development
1568896361.729,-1466,373,None,Move,development
1568896361.745,-1481,360,None,Move,development
1568896361.7610002,-1495,351,None,Move,development
1568896361.776,-1504,342,None,Move,development
1568896361.792,-1509,337,None,Move,development
1568896361.814,-1534,309,None,Move,development
1568896361.83,-1546,297,None,Move,development
1568896361.845,-1555,289,None,Move,development
1568896361.861,-1566,281,None,Move,development
1568896361.877,-1583,270,None,Move,development
1568896361.8920002,-1602,257,None,Move,development
1568896361.908,-1616,248,None,Move,development
1568896361.916,-1622,243,None,Move,development
1568896361.927,-1629,238,None,Move,development
1568896361.935,-1633,235,None,Move,development
1568896361.937,-1638,232,None,Move,development
1568896361.947,-1640,231,None,Move,development
1568896361.957,-1642,229,None,Move,development
1568896361.967,-1644,228,None,Move,development
1568896361.9770002,-1650,224,None,Move,development
1568896361.9870002,-1652,223,None,Move,development
1568896361.9970002,-1653,223,None,Move,development
1568896362.006,-1655,222,None,Move,development
1568896362.016,-1656,221,None,Move,development
1568896362.179,-1656,221,Left,Pressed,development
1568896362.232,-1656,221,Left,Released,development
1568896362.3170002,-1656,221,Left,Pressed,development
1568896362.3639998,-1656,221,Left,Released,development
1568896362.479,-1656,221,None,Move,development
1568896362.495,-1634,235,None,Move,development
1568896362.51,-1583,257,None,Move,development
1568896362.526,-1532,280,None,Move,development
1568896362.541,-1466,310,None,Move,development
1568896362.548,-1433,324,None,Move,development
1568896362.563,-1365,354,None,Move,development
1568896362.579,-1306,381,None,Move,development
1568896362.595,-1264,404,None,Move,development
1568896362.61,-1243,419,None,Move,development
1568896362.6260002,-1231,430,None,Move,development
1568896362.6479998,-1222,440,None,Move,development
1568896362.664,-1216,448,None,Move,development
1568896362.68,-1211,458,None,Move,development
1568896362.695,-1203,470,None,Move,development
1568896362.711,-1194,480,None,Move,development
1568896362.726,-1182,491,None,Move,development
1568896362.742,-1170,499,None,Move,development
1568896362.748,-1165,501,None,Move,development
1568896362.764,-1153,510,None,Move,development
1568896362.78,-1142,514,None,Move,development
1568896362.795,-1139,515,None,Move,development
1568896362.8639998,-1138,515,None,Move,development
1568896362.88,-1138,515,None,Move,development
1568896362.896,-1136,511,None,Move,development
1568896362.911,-1136,508,None,Move,development
1568896362.927,-1135,506,None,Move,development
1568896362.9429998,-1135,502,None,Move,development
1568896362.949,-1135,500,None,Move,development
1568896362.964,-1135,496,None,Move,development
1568896362.98,-1135,494,None,Move,development
1568896362.996,-1135,492,None,Move,development
1568896363.096,-1134,492,None,Move,development
1568896363.111,-1125,491,None,Move,development
1568896363.127,-1112,491,None,Move,development
1568896363.143,-1099,491,None,Move,development
1568896363.149,-1093,491,None,Move,development
1568896363.164,-1082,491,None,Move,development
1568896363.18,-1075,493,None,Move,development
1568896363.196,-1067,495,None,Move,development
1568896363.211,-1062,496,None,Move,development
1568896363.2270002,-1058,496,None,Move,development
1568896363.2489998,-1056,497,None,Move,development
1568896363.265,-1055,497,None,Move,development
1568896363.75,-1054,502,None,Move,development
1568896363.766,-1054,506,None,Move,development
1568896363.782,-1054,508,None,Move,development
1568896363.7970002,-1054,510,None,Move,development
1568896363.813,-1054,511,None,Move,development
1568896363.8279998,-1054,512,None,Move,development
1568896363.844,-1053,512,None,Move,development
1568896365.416,-1055,511,None,Move,development
1568896365.4320002,-1057,510,None,Move,development
1568896365.447,-1065,506,None,Move,development
1568896365.454,-1070,503,None,Move,development
1568896365.47,-1081,499,None,Move,development
1568896365.485,-1091,495,None,Move,development
1568896365.5010002,-1098,493,None,Move,development
1568896365.516,-1106,491,None,Move,development
1568896365.532,-1114,489,None,Move,development
1568896365.548,-1121,486,None,Move,development
1568896365.554,-1124,486,None,Move,development
1568896365.57,-1126,485,None,Move,development
1568896365.633,-1127,485,None,Move,development
1568896365.6479998,-1128,485,None,Move,development
1568896365.654,-1130,484,None,Move,development
1568896365.67,-1132,483,None,Move,development
1568896365.686,-1134,482,None,Move,development
1568896365.701,-1138,481,None,Move,development
1568896365.717,-1140,480,None,Move,development
1568896365.732,-1141,480,None,Move,development
1568896365.77,-1142,479,None,Move,development
1568896365.849,-1142,479,None,Move,development
1568896365.855,-1144,477,None,Move,development
1568896365.871,-1145,476,None,Move,development
1568896365.8860002,-1145,476,None,Move,development
1568896366.1179998,-1148,473,None,Move,development
1568896366.133,-1150,472,None,Move,development
1568896366.2029998,-1150,472,Left,Pressed,development
1568896366.256,-1150,472,Left,Released,development
1568896366.456,-1150,471,None,Move,development
1568896366.472,-1150,469,None,Move,development
1568896366.556,-1151,467,None,Move,development
1568896366.572,-1152,464,None,Move,development
1568896366.587,-1152,463,None,Move,development
1568896366.603,-1152,462,None,Move,development
1568896366.6179998,-1152,460,None,Move,development
1568896366.65,-1152,459,None,Move,development
1568896366.656,-1152,459,None,Move,development
1568896366.6720002,-1152,458,None,Move,development
1568896366.688,-1152,457,None,Move,development
1568896366.7029998,-1152,456,None,Move,development
1568896366.719,-1152,455,None,Move,development
1568896366.75,-1152,454,None,Move,development
1568896366.935,-1152,454,Left,Pressed,development
1568896366.988,-1152,454,Left,Released,development
1568896367.5579998,-1152,451,None,Move,development
1568896367.59,-1169,435,None,Move,development
1568896367.605,-1198,412,None,Move,development
1568896367.621,-1234,392,None,Move,development
1568896367.637,-1254,382,None,Move,development
1568896367.6520002,-1277,372,None,Move,development
1568896367.659,-1288,368,None,Move,development
1568896367.674,-1316,356,None,Move,development
1568896367.69,-1326,351,None,Move,development
1568896367.706,-1359,340,None,Move,development
1568896367.721,-1395,328,None,Move,development
1568896367.7370002,-1406,325,None,Move,development
1568896367.7529998,-1426,321,None,Move,development
1568896367.7589998,-1436,320,None,Move,development
1568896367.774,-1451,317,None,Move,development
1568896367.79,-1463,315,None,Move,development
1568896367.806,-1474,314,None,Move,development
1568896367.821,-1482,313,None,Move,development
1568896367.837,-1491,312,None,Move,development
1568896367.8520002,-1500,310,None,Move,development
1568896367.875,-1504,309,None,Move,development
1568896367.89,-1524,304,None,Move,development
1568896367.906,-1531,302,None,Move,development
1568896367.921,-1548,298,None,Move,development
1568896367.937,-1562,295,None,Move,development
1568896367.9529998,-1570,294,None,Move,development
1568896367.959,-1572,293,None,Move,development
1568896367.975,-1576,293,None,Move,development
1568896367.99,-1581,292,None,Move,development
1568896368.006,-1588,291,None,Move,development
1568896368.022,-1591,290,None,Move,development
1568896368.0370002,-1596,290,None,Move,development
1568896368.053,-1601,288,None,Move,development
1568896368.059,-1603,288,None,Move,development
1568896368.075,-1607,287,None,Move,development
1568896368.09,-1610,287,None,Move,development
1568896368.137,-1611,287,None,Move,development
1568896368.159,-1612,286,None,Move,development
1568896368.175,-1614,285,None,Move,development
1568896368.238,-1614,285,Left,Pressed,development
1568896368.291,-1614,285,Left,Released,development
1568896368.407,-1614,285,Left,Pressed,development
1568896368.476,-1614,285,Left,Released,development
1568896368.592,-1614,285,None,Move,development
1568896368.607,-1599,298,None,Move,development
1568896368.623,-1569,318,None,Move,development
1568896368.639,-1514,349,None,Move,development
1568896368.661,-1438,380,None,Move,development
1568896368.676,-1367,407,None,Move,development
1568896368.6920002,-1292,434,None,Move,development
1568896368.708,-1231,456,None,Move,development
1568896368.7229998,-1208,465,None,Move,development
1568896368.7389998,-1193,472,None,Move,development
1568896368.755,-1187,476,None,Move,development
1568896368.839,-1187,476,None,Move,development
1568896368.855,-1184,479,None,Move,development
1568896368.861,-1182,480,None,Move,development
1568896368.877,-1180,482,None,Move,development
1568896368.893,-1176,487,None,Move,development
1568896368.908,-1172,495,None,Move,development
1568896368.924,-1168,504,None,Move,development
1568896368.94,-1166,512,None,Move,development
1568896368.955,-1165,515,None,Move,development
1568896368.962,-1164,516,None,Move,development
1568896369.024,-1164,516,Left,Pressed,development
1568896369.094,-1164,516,Left,Released,development
1568896369.31,-1160,515,None,Move,development
1568896369.326,-1156,513,None,Move,development
1568896369.341,-1149,510,None,Move,development
1568896369.357,-1141,506,None,Move,development
1568896369.363,-1137,503,None,Move,development
1568896369.379,-1130,500,None,Move,development
1568896369.395,-1127,499,None,Move,development
1568896369.41,-1126,498,None,Move,development
1568896369.4420002,-1124,496,None,Move,development
1568896369.457,-1120,489,None,Move,development
1568896369.464,-1119,488,None,Move,development
1568896369.48,-1116,484,None,Move,development
1568896369.495,-1113,480,None,Move,development
1568896369.5110002,-1111,476,None,Move,development
1568896369.542,-1110,475,None,Move,development
1568896369.5579998,-1109,475,None,Move,development
1568896369.58,-1109,474,None,Move,development
1568896369.595,-1109,473,None,Move,development
1568896369.611,-1109,473,None,Move,development
1568896369.6260002,-1109,471,None,Move,development
1568896369.6420002,-1109,469,None,Move,development
1568896369.658,-1109,468,None,Move,development
1568896369.7270002,-1109,468,Left,Pressed,development
1568896369.796,-1109,468,Left,Released,development
1568896372.6079998,-1108,468,None,Move,development
1568896372.6239998,-1089,475,None,Move,development
1568896372.639,-1075,482,None,Move,development
1568896372.655,-1064,488,None,Move,development
1568896372.671,-1060,490,None,Move,development
1568896372.686,-1058,491,None,Move,development
1568896372.6929998,-1057,491,None,Move,development
1568896372.708,-1055,492,None,Move,development
1568896372.724,-1054,492,None,Move,development
1568896372.74,-1053,492,None,Move,development
1568896372.755,-1051,493,None,Move,development
1568896372.771,-1051,493,None,Move,development
1568896372.909,-1050,493,Left,Pressed,development
1568896372.909,-1050,493,None,Drag,development
1568896372.909,-1050,493,Left,Released,development
1568896373.373,-1050,495,None,Move,development
1568896373.3879998,-1051,499,None,Move,development
1568896373.394,-1052,500,None,Move,development
1568896373.41,-1054,501,None,Move,development
1568896373.426,-1054,495,None,Move,development
1568896373.441,-1047,484,None,Move,development
1568896373.457,-1044,477,None,Move,development
1568896373.658,-1046,480,None,Move,development
1568896373.673,-1058,485,None,Move,development
1568896373.689,-1077,488,None,Move,development
1568896373.695,-1082,488,None,Move,development
1568896373.711,-1091,488,None,Move,development
1568896373.742,-1113,488,None,Move,development
1568896373.758,-1152,488,None,Move,development
1568896373.774,-1177,489,None,Move,development
1568896373.789,-1202,489,None,Move,development
1568896373.796,-1214,489,None,Move,development
1568896373.812,-1233,489,None,Move,development
1568896373.827,-1251,489,None,Move,development
1568896373.843,-1266,489,None,Move,development
1568896373.8579998,-1274,489,None,Move,development
1568896373.8739998,-1281,489,None,Move,development
1568896373.889,-1288,487,None,Move,development
1568896373.896,-1291,486,None,Move,development
1568896373.9120002,-1300,485,None,Move,development
1568896373.927,-1307,483,None,Move,development
1568896373.9429998,-1310,482,None,Move,development
1568896373.958,-1318,481,None,Move,development
1568896373.974,-1323,481,None,Move,development
1568896373.99,-1325,481,None,Move,development
1568896373.996,-1328,481,None,Move,development
1568896374.012,-1335,481,None,Move,development
1568896374.0270002,-1344,482,None,Move,development
1568896374.043,-1352,483,None,Move,development
1568896374.059,-1363,486,None,Move,development
1568896374.074,-1373,488,None,Move,development
1568896374.09,-1380,489,None,Move,development
1568896374.097,-1384,489,None,Move,development
1568896374.1120002,-1390,491,None,Move,development
1568896374.1279998,-1393,493,None,Move,development
1568896374.143,-1395,494,None,Move,development
1568896374.28,-1395,494,None,Move,development
1568896374.29,-1395,495,None,Move,development
1568896374.298,-1395,497,None,Move,development
1568896374.3079998,-1394,498,None,Move,development
1568896374.324,-1394,499,None,Move,development
1568896374.34,-1393,500,None,Move,development
1568896374.355,-1392,500,None,Move,development
1568896374.371,-1391,501,None,Move,development
1568896374.387,-1391,502,None,Move,development
1568896374.4020002,-1389,503,None,Move,development
1568896374.409,-1388,504,None,Move,development
1568896374.425,-1387,504,None,Move,development
1568896374.44,-1386,504,None,Move,development
1568896374.456,-1384,504,None,Move,development
1568896374.5089998,-1384,504,None,Move,development
1568896374.525,-1383,504,None,Move,development
1568896374.54,-1382,504,None,Move,development
1568896374.556,-1380,504,None,Move,development
1568896374.572,-1380,504,None,Move,development
1568896374.688,-1380,504,None,Move,development
1568896374.71,-1382,505,None,Move,development
1568896374.725,-1384,506,None,Move,development
1568896374.7410002,-1386,506,None,Move,development
1568896374.7570002,-1389,507,None,Move,development
1568896374.772,-1391,508,None,Move,development
1568896375.39,-1393,508,Left,Pressed,development
1568896375.39,-1393,508,None,Drag,development
1568896375.406,-1398,508,None,Drag,development
1568896375.4120002,-1400,508,None,Drag,development
1568896375.428,-1406,509,None,Drag,development
1568896375.444,-1411,509,None,Drag,development
1568896375.459,-1416,509,None,Drag,development
1568896375.475,-1420,510,None,Drag,development
1568896375.4910002,-1429,510,None,Drag,development
1568896375.506,-1443,511,None,Drag,development
1568896375.5129998,-1448,511,None,Drag,development
1568896375.528,-1459,512,None,Drag,development
1568896375.544,-1466,512,None,Drag,development
1568896375.56,-1472,513,None,Drag,development
1568896375.575,-1476,513,None,Drag,development
1568896375.591,-1479,513,None,Drag,development
1568896375.607,-1481,513,None,Drag,development
1568896375.613,-1484,513,None,Drag,development
1568896375.644,-1486,513,None,Drag,development
1568896375.66,-1492,514,None,Drag,development
1568896375.675,-1493,514,None,Drag,development
1568896375.691,-1495,514,None,Drag,development
1568896375.707,-1498,514,None,Drag,development
1568896375.7129998,-1500,514,None,Drag,development
1568896375.729,-1501,514,None,Drag,development
1568896375.729,-1501,514,Left,Released,development
1568896376.146,-1500,514,None,Move,development
1568896376.161,-1497,514,None,Move,development
1568896376.1920002,-1489,513,None,Move,development
1568896376.208,-1472,508,None,Move,development
1568896376.215,-1465,505,None,Move,development
1568896376.23,-1456,502,None,Move,development
1568896376.246,-1439,496,None,Move,development
1568896376.262,-1434,495,None,Move,development
1568896376.2770002,-1412,490,None,Move,development
1568896376.293,-1398,487,None,Move,development
1568896376.3079998,-1386,484,None,Move,development
1568896376.315,-1381,483,None,Move,development
1568896376.331,-1370,481,None,Move,development
1568896376.346,-1356,479,None,Move,development
1568896376.3620002,-1345,479,None,Move,development
1568896376.393,-1339,478,None,Move,development
1568896376.409,-1329,478,None,Move,development
1568896376.415,-1327,478,None,Move,development
1568896376.431,-1325,478,None,Move,development
1568896376.447,-1320,478,None,Move,development
1568896376.462,-1318,478,None,Move,development
1568896376.478,-1316,478,None,Move,development
1568896376.594,-1317,478,None,Move,development
1568896376.609,-1321,478,None,Move,development
1568896376.6160002,-1321,478,None,Move,development
1568896376.6320002,-1325,479,None,Move,development
1568896376.647,-1329,479,None,Move,development
1568896376.663,-1330,480,None,Move,development
1568896376.678,-1334,481,None,Move,development
1568896376.694,-1334,482,None,Move,development
1568896376.71,-1335,482,None,Move,development
1568896376.732,-1336,482,None,Move,development
1568896376.748,-1338,483,None,Move,development
1568896376.7629998,-1339,484,None,Move,development
1568896376.779,-1340,484,None,Move,development
1568896376.832,-1341,484,None,Move,development
1568896376.863,-1341,485,None,Move,development
1568896377.0170002,-1342,485,None,Move,development
1568896377.195,-1343,485,Left,Pressed,development
1568896377.195,-1343,485,None,Drag,development
1568896377.217,-1345,485,None,Drag,development
1568896377.2329998,-1345,485,None,Drag,development
1568896377.248,-1347,486,None,Drag,development
1568896377.264,-1349,486,None,Drag,development
1568896377.279,-1350,486,None,Drag,development
1568896377.295,-1351,487,None,Drag,development
1568896377.3170002,-1353,487,None,Drag,development
1568896377.333,-1353,487,None,Drag,development
1568896377.3479998,-1357,487,None,Drag,development
1568896377.3639998,-1361,487,None,Drag,development
1568896377.38,-1364,488,None,Drag,development
1568896377.395,-1367,488,None,Drag,development
1568896377.411,-1370,489,None,Drag,development
1568896377.417,-1372,489,None,Drag,development
1568896377.4329998,-1384,490,None,Drag,development
1568896377.449,-1399,492,None,Drag,development
1568896377.464,-1414,493,None,Drag,development
1568896377.48,-1427,493,None,Drag,development
1568896377.496,-1444,494,None,Drag,development
1568896377.5110002,-1450,494,None,Drag,development
1568896377.518,-1454,494,None,Drag,development
1568896377.534,-1464,494,None,Drag,development
1568896377.549,-1467,494,None,Drag,development
1568896377.565,-1472,494,None,Drag,development
1568896377.58,-1476,494,None,Drag,development
1568896377.596,-1478,494,None,Drag,development
1568896377.611,-1481,494,None,Drag,development
1568896377.6179998,-1482,494,None,Drag,development
1568896377.6339998,-1484,494,None,Drag,development
1568896377.649,-1485,494,None,Drag,development
1568896377.665,-1487,494,None,Drag,development
1568896377.681,-1490,494,None,Drag,development
1568896377.696,-1493,494,None,Drag,development
1568896377.718,-1494,494,None,Drag,development
1568896377.734,-1496,494,None,Drag,development
1568896377.7489998,-1499,494,None,Drag,development
1568896377.765,-1502,494,None,Drag,development
1568896377.781,-1504,494,None,Drag,development
1568896377.781,-1504,494,Left,Released,development
1568896378.351,-1504,494,None,Move,development
1568896378.3660002,-1502,494,None,Move,development
1568896378.3820002,-1500,494,None,Move,development
1568896378.397,-1496,494,None,Move,development
1568896378.413,-1492,493,None,Move,development
1568896378.42,-1491,493,None,Move,development
1568896378.435,-1488,493,None,Move,development
1568896378.451,-1472,493,None,Move,development
1568896378.467,-1449,495,None,Move,development
1568896378.498,-1398,505,None,Move,development
1568896378.536,-1184,576,None,Move,development
1568896378.551,-998,626,None,Move,development
1568896378.5670002,-944,641,None,Move,development
1568896378.583,-925,646,None,Move,development
1568896378.5979998,-906,650,None,Move,development
1568896378.9829998,-916,644,None,Move,development
1568896378.9989998,-966,617,None,Move,development
1568896379.014,-1026,589,None,Move,development
1568896379.021,-1063,571,None,Move,development
1568896379.036,-1121,549,None,Move,development
1568896379.052,-1163,533,None,Move,development
1568896379.0679998,-1176,529,None,Move,development
1568896379.083,-1206,514,None,Move,development
1568896379.099,-1216,511,None,Move,development
1568896379.115,-1229,506,None,Move,development
1568896379.121,-1235,504,None,Move,development
1568896379.137,-1250,500,None,Move,development
1568896379.1520002,-1256,499,None,Move,development
1568896379.168,-1259,498,None,Move,development
1568896379.184,-1262,497,None,Move,development
1568896379.199,-1268,495,None,Move,development
1568896379.215,-1278,490,None,Move,development
1568896379.221,-1283,487,None,Move,development
1568896379.2370002,-1302,476,None,Move,development
1568896379.2529998,-1325,463,None,Move,development
1568896379.268,-1351,445,None,Move,development
1568896379.284,-1393,416,None,Move,development
1568896379.3,-1439,384,None,Move,development
1568896379.315,-1461,370,None,Move,development
1568896379.322,-1478,357,None,Move,development
1568896379.337,-1510,334,None,Move,development
1568896379.353,-1526,317,None,Move,development
1568896379.369,-1537,306,None,Move,development
1568896379.3839998,-1544,300,None,Move,development
1568896379.4,-1549,295,None,Move,development
1568896379.416,-1555,288,None,Move,development
1568896379.4220002,-1557,287,None,Move,development
1568896379.438,-1559,284,None,Move,development
1568896379.4529998,-1562,279,None,Move,development
1568896379.469,-1566,274,None,Move,development
1568896379.485,-1570,268,None,Move,development
1568896379.5,-1573,265,None,Move,development
1568896379.522,-1575,263,None,Move,development
1568896379.538,-1576,262,None,Move,development
1568896379.554,-1578,260,None,Move,development
1568896379.569,-1580,260,None,Move,development
1568896379.585,-1583,260,None,Move,development
1568896379.601,-1589,259,None,Move,development
1568896379.6160002,-1595,258,None,Move,development
1568896379.623,-1598,257,None,Move,development
1568896379.6379998,-1602,256,None,Move,development
1568896379.654,-1610,251,None,Move,development
1568896379.67,-1615,248,None,Move,development
1568896379.685,-1626,239,None,Move,development
1568896379.701,-1633,234,None,Move,development
1568896379.717,-1639,230,None,Move,development
1568896379.722,-1640,229,None,Move,development
1568896379.738,-1643,226,None,Move,development
1568896379.754,-1644,226,None,Move,development
1568896379.816,-1645,224,None,Move,development
1568896379.823,-1646,224,None,Move,development
1568896379.839,-1647,223,None,Move,development
1568896379.8860002,-1647,223,None,Move,development
1568896379.917,-1647,223,Left,Pressed,development
1568896379.986,-1647,223,Left,Released,development
1568896380.07,-1647,223,Left,Pressed,development
1568896380.123,-1647,223,Left,Released,development
1568896380.2389998,-1645,224,None,Move,development
1568896380.255,-1637,230,None,Move,development
1568896380.271,-1613,242,None,Move,development
1568896380.286,-1573,260,None,Move,development
1568896380.302,-1512,282,None,Move,development
1568896380.3170002,-1447,310,None,Move,development
1568896380.324,-1416,322,None,Move,development
1568896380.34,-1362,346,None,Move,development
1568896380.355,-1325,366,None,Move,development
1568896380.371,-1305,382,None,Move,development
1568896380.387,-1289,397,None,Move,development
1568896380.4020002,-1279,407,None,Move,development
1568896380.418,-1275,410,None,Move,development
1568896380.424,-1274,410,None,Move,development
1568896380.44,-1272,411,None,Move,development
1568896380.456,-1269,414,None,Move,development
1568896380.471,-1267,414,None,Move,development
1568896380.4870002,-1264,416,None,Move,development
1568896380.502,-1263,417,None,Move,development
1568896380.518,-1260,418,None,Move,development
1568896380.525,-1259,419,None,Move,development
1568896380.54,-1256,421,None,Move,development
1568896380.556,-1253,423,None,Move,development
1568896380.572,-1253,423,None,Move,development
1568896380.603,-1251,424,None,Move,development
1568896380.6179998,-1250,426,None,Move,development
1568896380.625,-1248,426,None,Move,development
1568896380.641,-1245,426,None,Move,development
1568896380.664,-1243,426,None,Move,development
1568896380.68,-1242,426,None,Move,development
1568896380.681,-1241,427,None,Move,development
1568896380.697,-1237,428,None,Move,development
1568896380.7129998,-1231,430,None,Move,development
1568896380.725,-1226,432,None,Move,development
1568896380.7410002,-1215,436,None,Move,development
1568896380.756,-1204,439,None,Move,development
1568896380.7870002,-1195,443,None,Move,development
1568896380.803,-1185,447,None,Move,development
1568896380.819,-1175,449,None,Move,development
1568896380.825,-1172,450,None,Move,development
1568896380.841,-1168,450,None,Move,development
1568896380.857,-1166,450,None,Move,development
1568896381.0879998,-1166,448,None,Move,development
1568896381.104,-1166,446,None,Move,development
1568896381.12,-1166,445,None,Move,development
1568896381.1260002,-1166,444,None,Move,development
1568896381.1420002,-1166,442,None,Move,development
1568896381.157,-1165,441,None,Move,development
1568896381.173,-1165,440,None,Move,development
1568896381.289,-1164,439,None,Move,development
1568896381.305,-1163,438,None,Move,development
1568896381.321,-1162,437,None,Move,development
1568896381.343,-1161,436,None,Move,development
1568896381.3579998,-1161,436,None,Move,development
1568896381.373,-1160,435,None,Move,development
1568896381.389,-1159,434,None,Move,development
1568896381.405,-1159,433,None,Move,development
1568896381.605,-1159,433,Left,Pressed,development
1568896381.659,-1159,433,Left,Released,development
1568896381.7589998,-1157,433,None,Move,development
1568896381.774,-1153,429,None,Move,development
1568896381.79,-1146,426,None,Move,development
1568896381.806,-1138,422,None,Move,development
1568896381.821,-1129,417,None,Move,development
1568896381.8279998,-1123,414,None,Move,development
1568896381.843,-1120,411,None,Move,development
1568896381.859,-1112,408,None,Move,development
1568896381.875,-1109,406,None,Move,development
1568896382.793,-1109,406,Left,Pressed,development
1568896382.847,-1109,406,Left,Released,development
1568896382.9629998,-1105,406,None,Move,development
1568896382.978,-1084,409,None,Move,development
1568896382.994,-1068,413,None,Move,development
1568896383.01,-998,424,None,Move,development
1568896383.025,-937,434,None,Move,development
1568896383.032,-903,441,None,Move,development
1568896383.0470002,-847,452,None,Move,development
1568896383.063,-820,459,None,Move,development
1568896383.079,-801,464,None,Move,development
1568896383.094,-795,466,None,Move,development
1568896384.2970002,-806,463,None,Move,development
1568896384.313,-855,447,None,Move,development
1568896384.329,-902,431,None,Move,development
1568896384.335,-932,424,None,Move,development
1568896384.35,-990,411,None,Move,development
1568896384.3660002,-1019,406,None,Move,development
1568896384.381,-1097,391,None,Move,development
1568896384.413,-1114,389,None,Move,development
1568896384.5979998,-1119,388,None,Move,development
1568896384.613,-1114,391,None,Move,development
1568896384.629,-1109,393,None,Move,development
1568896384.635,-1108,394,None,Move,development
1568896384.867,-1107,394,None,Move,development
1568896384.883,-1112,393,None,Move,development
1568896384.8979998,-1117,392,None,Move,development
1568896384.914,-1118,391,None,Move,development
1568896384.936,-1125,389,None,Move,development
1568896384.952,-1127,388,None,Move,development
1568896384.968,-1129,388,None,Move,development
1568896385.03,-1129,388,Left,Pressed,development
1568896385.13,-1129,388,Left,Released,development
1568896385.415,-1129,385,None,Move,development
1568896385.43,-1127,383,None,Move,development
1568896385.437,-1125,381,None,Move,development
1568896385.452,-1124,378,None,Move,development
1568896385.468,-1122,375,None,Move,development
1568896385.484,-1120,372,None,Move,development
1568896385.4989998,-1118,370,None,Move,development
1568896385.515,-1118,370,None,Move,development
1568896385.531,-1118,369,None,Move,development
1568896385.569,-1118,369,Left,Pressed,development
1568896385.653,-1118,369,Left,Released,development
1568896385.916,-1125,366,None,Move,development
1568896385.938,-1140,358,None,Move,development
1568896385.9529998,-1190,341,None,Move,development
1568896385.969,-1263,320,None,Move,development
1568896385.985,-1335,304,None,Move,development
1568896386.0,-1366,299,None,Move,development
1568896386.016,-1463,278,None,Move,development
1568896386.032,-1504,272,None,Move,development
1568896386.053,-1522,270,None,Move,development
1568896386.069,-1563,264,None,Move,development
1568896386.085,-1570,264,None,Move,development
1568896386.1,-1573,264,None,Move,development
1568896386.1160002,-1577,264,None,Move,development
1568896386.1379998,-1580,263,None,Move,development
1568896386.154,-1580,263,None,Move,development
1568896386.185,-1581,263,None,Move,development
1568896386.2,-1584,262,None,Move,development
1568896386.216,-1595,260,None,Move,development
1568896386.232,-1603,260,None,Move,development
1568896386.238,-1606,260,None,Move,development
1568896386.254,-1611,260,None,Move,development
1568896386.27,-1614,261,None,Move,development
1568896386.285,-1616,262,None,Move,development
1568896386.301,-1617,263,None,Move,development
1568896386.316,-1617,264,None,Move,development
1568896386.332,-1617,264,None,Move,development
1568896386.339,-1617,265,None,Move,development
1568896386.355,-1618,267,None,Move,development
1568896386.37,-1619,267,None,Move,development
1568896386.486,-1619,267,Left,Pressed,development
1568896386.555,-1619,267,Left,Released,development
1568896386.633,-1619,267,Left,Pressed,development
1568896386.671,-1619,267,Left,Released,development
1568896386.934,-1619,268,None,Move,development
1568896386.94,-1619,268,None,Move,development
1568896386.956,-1620,269,None,Move,development
1568896386.971,-1620,270,None,Move,development
1568896386.9870002,-1622,270,None,Move,development
1568896387.0029998,-1622,271,None,Move,development
1568896387.018,-1625,272,None,Move,development
1568896387.087,-1625,272,Left,Pressed,development
1568896387.141,-1625,272,Left,Released,development
1568896387.219,-1625,272,Left,Pressed,development
1568896387.288,-1625,272,Left,Released,development
1568896387.404,-1625,273,None,Move,development
1568896387.42,-1608,286,None,Move,development
1568896387.435,-1579,308,None,Move,development
1568896387.4420002,-1559,323,None,Move,development
1568896387.457,-1510,355,None,Move,development
1568896387.4729998,-1447,391,None,Move,development
1568896387.488,-1374,424,None,Move,development
1568896387.504,-1339,438,None,Move,development
1568896387.52,-1314,450,None,Move,development
1568896387.535,-1299,459,None,Move,development
1568896387.542,-1297,460,None,Move,development
1568896387.5570002,-1291,465,None,Move,development
1568896387.573,-1286,470,None,Move,development
1568896387.589,-1282,471,None,Move,development
1568896387.604,-1279,471,None,Move,development
1568896387.62,-1279,472,None,Move,development
1568896387.673,-1278,472,None,Move,development
1568896387.689,-1274,473,None,Move,development
1568896387.705,-1270,473,None,Move,development
1568896387.72,-1265,473,None,Move,development
1568896387.736,-1260,474,None,Move,development
1568896387.742,-1258,474,None,Move,development
1568896387.758,-1253,475,None,Move,development
1568896387.774,-1248,475,None,Move,development
1568896387.789,-1243,475,None,Move,development
1568896387.805,-1238,475,None,Move,development
1568896387.821,-1233,475,None,Move,development
1568896387.843,-1229,475,None,Move,development
1568896387.859,-1226,473,None,Move,development
1568896387.8739998,-1224,473,None,Move,development
1568896387.89,-1219,471,None,Move,development
1568896387.905,-1213,469,None,Move,development
1568896387.921,-1207,467,None,Move,development
1568896387.937,-1202,466,None,Move,development
1568896387.959,-1202,466,Left,Pressed,development
1568896388.043,-1202,466,Left,Released,development
1568896388.143,-1202,466,None,Move,development
1568896388.159,-1197,466,None,Move,development
1568896388.174,-1188,469,None,Move,development
1568896388.19,-1177,472,None,Move,development
1568896388.206,-1165,475,None,Move,development
1568896388.221,-1156,477,None,Move,development
1568896388.2429998,-1152,477,None,Move,development
1568896388.2589998,-1150,477,None,Move,development
1568896388.275,-1150,478,None,Move,development
1568896389.1079998,-1155,478,None,Move,development
1568896389.1239998,-1167,478,None,Move,development
1568896389.14,-1180,478,None,Move,development
1568896389.146,-1205,479,None,Move,development
1568896389.1620002,-1248,479,None,Move,development
1568896389.178,-1282,479,None,Move,development
1568896389.1929998,-1303,479,None,Move,development
1568896389.209,-1314,480,None,Move,development
1568896389.225,-1318,481,None,Move,development
1568896389.2470002,-1319,481,None,Move,development
1568896389.262,-1320,482,None,Move,development
1568896389.278,-1321,483,None,Move,development
1568896389.294,-1322,483,None,Move,development
1568896389.409,-1323,484,None,Move,development
1568896389.425,-1323,484,None,Move,development
1568896389.441,-1325,486,None,Move,development
1568896389.447,-1326,486,None,Move,development
1568896389.4629998,-1327,486,None,Move,development
1568896389.478,-1327,487,None,Move,development
1568896389.964,-1329,487,None,Move,development
1568896389.979,-1336,489,None,Move,development
1568896389.995,-1341,490,None,Move,development
1568896390.0110002,-1346,491,None,Move,development
1568896390.026,-1351,492,None,Move,development
1568896390.042,-1356,492,None,Move,development
1568896390.048,-1358,492,None,Move,development
1568896390.064,-1361,492,None,Move,development
1568896390.311,-1361,492,Left,Pressed,development
1568896390.427,-1361,492,Left,Released,development
1568896390.597,-1360,492,None,Move,development
1568896390.6120002,-1356,492,None,Move,development
1568896390.6279998,-1353,492,None,Move,development
1568896390.644,-1343,492,None,Move,development
1568896390.65,-1337,491,None,Move,development
1568896390.666,-1329,489,None,Move,development
1568896390.681,-1319,489,None,Move,development
1568896390.697,-1307,488,None,Move,development
1568896390.7129998,-1295,487,None,Move,development
1568896390.728,-1281,487,None,Move,development
1568896390.744,-1266,486,None,Move,development
1568896390.75,-1260,486,None,Move,development
1568896390.766,-1248,484,None,Move,development
1568896390.782,-1242,484,None,Move,development
1568896390.7970002,-1237,483,None,Move,development
1568896390.813,-1234,483,None,Move,development
1568896390.829,-1232,483,None,Move,development
1568896390.851,-1229,482,None,Move,development
1568896391.045,-1229,482,Left,Pressed,development
1568896391.083,-1229,482,Left,Released,development
1568896391.615,-1227,482,None,Move,development
1568896391.63,-1225,482,None,Move,development
1568896391.646,-1222,481,None,Move,development
1568896391.6520002,-1218,481,None,Move,development
1568896391.668,-1210,480,None,Move,development
1568896391.684,-1202,480,None,Move,development
1568896391.699,-1197,479,None,Move,development
1568896391.715,-1196,479,None,Move,development
1568896391.947,-1195,478,None,Move,development
1568896391.9529998,-1195,474,None,Move,development
1568896391.969,-1195,470,None,Move,development
1568896391.985,-1195,468,None,Move,development
1568896392.0,-1195,467,None,Move,development
1568896392.016,-1195,466,None,Move,development
1568896392.032,-1195,465,None,Move,development
1568896392.2370002,-1193,462,None,Move,development
1568896392.238,-1190,459,None,Move,development
1568896392.254,-1187,455,None,Move,development
1568896392.27,-1186,453,None,Move,development
1568896392.285,-1185,452,None,Move,development
1568896392.301,-1185,451,None,Move,development
1568896394.391,-1185,449,None,Move,development
1568896394.406,-1185,443,None,Move,development
1568896394.4220002,-1191,427,None,Move,development
1568896394.437,-1192,424,None,Move,development
1568896394.4529998,-1194,419,None,Move,development
1568896394.459,-1195,416,None,Move,development
1568896394.475,-1199,407,None,Move,development
1568896394.49,-1201,400,None,Move,development
1568896394.506,-1202,398,None,Move,development
1568896394.521,-1202,396,None,Move,development
1568896394.5370002,-1203,395,None,Move,development
1568896394.553,-1204,394,None,Move,development
1568896394.559,-1204,394,None,Move,development
1568896394.575,-1204,392,None,Move,development
1568896394.59,-1207,387,None,Move,development
1568896394.606,-1212,379,None,Move,development
1568896394.621,-1216,369,None,Move,development
1568896394.637,-1219,366,None,Move,development
1568896394.653,-1224,356,None,Move,development
1568896394.659,-1226,352,None,Move,development
1568896394.675,-1233,340,None,Move,development
1568896394.691,-1241,327,None,Move,development
1568896394.706,-1249,316,None,Move,development
1568896394.722,-1258,305,None,Move,development
1568896394.7370002,-1263,299,None,Move,development
1568896394.7529998,-1267,295,None,Move,development
1568896394.76,-1268,294,None,Move,development
1568896394.822,-1268,293,None,Move,development
1568896394.8379998,-1270,291,None,Move,development
1568896394.86,-1271,290,None,Move,development
1568896394.96,-1271,290,None,Move,development
1568896394.976,-1272,289,None,Move,development
1568896394.992,-1272,287,None,Move,development
1568896395.0070002,-1273,286,None,Move,development
1568896395.039,-1273,285,None,Move,development
1568896395.061,-1273,284,None,Move,development
1568896395.077,-1273,283,None,Move,development
1568896395.092,-1273,283,None,Move,development
1568896395.1079998,-1274,282,None,Move,development
1568896395.123,-1275,280,None,Move,development
1568896395.139,-1275,280,None,Move,development
1568896395.155,-1275,279,None,Move,development
1568896395.161,-1275,279,None,Move,development
1568896395.177,-1275,278,None,Move,development
1568896395.1920002,-1275,276,None,Move,development
1568896395.208,-1275,275,None,Move,development
1568896395.255,-1275,275,None,Move,development
1568896395.2610002,-1275,274,None,Move,development
1568896395.2770002,-1275,273,None,Move,development
1568896395.293,-1275,272,None,Move,development
1568896395.3079998,-1275,271,None,Move,development
1568896395.324,-1274,270,None,Move,development
1568896395.34,-1273,269,None,Move,development
1568896395.355,-1272,266,None,Move,development
1568896395.3620002,-1271,265,None,Move,development
1568896395.377,-1270,263,None,Move,development
1568896395.393,-1268,262,None,Move,development
1568896395.409,-1267,260,None,Move,development
1568896395.424,-1266,257,None,Move,development
1568896395.44,-1266,255,None,Move,development
1568896395.462,-1266,251,None,Move,development
1568896395.478,-1266,248,None,Move,development
1568896395.4929998,-1266,246,None,Move,development
1568896395.5089998,-1266,244,None,Move,development
1568896395.525,-1267,241,None,Move,development
1568896395.54,-1269,240,None,Move,development
1568896395.556,-1269,239,None,Move,development
1568896395.562,-1270,239,None,Move,development
1568896395.5779998,-1271,237,None,Move,development
1568896395.593,-1272,237,None,Move,development
1568896395.609,-1275,235,None,Move,development
1568896395.625,-1278,234,None,Move,development
1568896395.64,-1284,232,None,Move,development
1568896395.6620002,-1290,230,None,Move,development
1568896395.678,-1295,229,None,Move,development
1568896395.694,-1299,229,None,Move,development
1568896395.71,-1302,229,None,Move,development
1568896395.725,-1303,228,None,Move,development
1568896395.7410002,-1307,228,None,Move,development
1568896395.7629998,-1310,226,None,Move,development
1568896395.778,-1312,226,None,Move,development
1568896395.995,-1312,228,None,Move,development
1568896396.01,-1298,242,None,Move,development
1568896396.026,-1284,253,None,Move,development
1568896396.042,-1271,263,None,Move,development
1568896396.0570002,-1265,268,None,Move,development
1568896396.064,-1264,268,None,Move,development
1568896396.1260002,-1264,270,None,Move,development
1568896396.1420002,-1262,272,None,Move,development
1568896396.164,-1259,281,None,Move,development
1568896396.18,-1257,285,None,Move,development
1568896396.196,-1256,287,None,Move,development
1568896396.211,-1255,290,None,Move,development
1568896396.2270002,-1254,292,None,Move,development
1568896396.242,-1252,299,None,Move,development
1568896396.265,-1252,299,None,Move,development
1568896396.28,-1250,302,None,Move,development
1568896396.296,-1250,305,None,Move,development
1568896396.312,-1250,307,None,Move,development
1568896396.327,-1248,308,None,Move,development
1568896396.343,-1248,308,None,Move,development
1568896396.359,-1248,310,None,Move,development
1568896396.365,-1248,311,None,Move,development
1568896396.381,-1248,314,None,Move,development
1568896396.396,-1248,316,None,Move,development
1568896396.4120002,-1248,317,None,Move,development
1568896396.428,-1248,317,None,Move,development
1568896396.544,-1248,318,None,Move,development
1568896396.559,-1248,319,None,Move,development
1568896396.566,-1248,320,None,Move,development
1568896396.798,-1246,322,None,Move,development
1568896396.813,-1245,324,None,Move,development
1568896396.829,-1245,324,None,Move,development
1568896396.844,-1244,325,None,Move,development
1568896397.8679998,-1241,326,None,Move,development
1568896397.8839998,-1239,327,None,Move,development
1568896397.899,-1237,328,None,Move,development
1568896397.915,-1234,329,None,Move,development
1568896397.931,-1232,330,None,Move,development
1568896397.984,-1232,331,None,Move,development
1568896398.0,-1232,333,None,Move,development
1568896398.015,-1234,334,None,Move,development
1568896398.031,-1236,335,None,Move,development
1568896398.0470002,-1239,337,None,Move,development
1568896398.062,-1242,337,None,Move,development
1568896398.069,-1244,338,None,Move,development
1568896398.084,-1248,339,None,Move,development
1568896398.1,-1252,340,None,Move,development
1568896398.115,-1256,341,None,Move,development
1568896398.131,-1258,342,None,Move,development
1568896398.147,-1259,342,None,Move,development
1568896398.169,-1260,342,None,Move,development
1568896398.185,-1261,343,None,Move,development
1568896398.2,-1263,344,None,Move,development
1568896398.216,-1265,344,None,Move,development
1568896398.232,-1267,345,None,Move,development
1568896398.2470002,-1268,345,None,Move,development
1568896398.2629998,-1270,345,None,Move,development
1568896398.269,-1271,345,None,Move,development
1568896398.285,-1271,346,None,Move,development
1568896398.3,-1273,346,None,Move,development
1568896398.316,-1277,347,None,Move,development
1568896398.332,-1278,348,None,Move,development
1568896398.347,-1280,348,None,Move,development
1568896398.5170002,-1280,349,None,Move,development
1568896398.532,-1283,350,None,Move,development
1568896398.5470002,-1285,350,None,Move,development
1568896398.563,-1289,351,None,Move,development
1568896398.57,-1289,351,None,Move,development
1568896398.585,-1291,351,None,Move,development
1568896398.601,-1294,352,None,Move,development
1568896398.617,-1298,354,None,Move,development
1568896398.6320002,-1303,356,None,Move,development
1568896398.6479998,-1308,357,None,Move,development
1568896398.664,-1313,359,None,Move,development
1568896398.67,-1316,360,None,Move,development
1568896398.685,-1321,362,None,Move,development
1568896398.701,-1332,367,None,Move,development
1568896398.717,-1336,369,None,Move,development
1568896398.732,-1341,372,None,Move,development
1568896398.748,-1346,375,None,Move,development
1568896398.77,-1351,379,None,Move,development
1568896398.785,-1359,384,None,Move,development
1568896398.801,-1361,386,None,Move,development
1568896398.8170002,-1368,390,None,Move,development
1568896398.832,-1372,393,None,Move,development
1568896398.8479998,-1375,395,None,Move,development
1568896398.863,-1377,396,None,Move,development
1568896398.87,-1378,397,None,Move,development
1568896398.8860002,-1379,397,None,Move,development
1568896398.901,-1380,399,None,Move,development
1568896398.917,-1380,399,None,Move,development
1568896398.9320002,-1382,400,None,Move,development
1568896398.948,-1383,401,None,Move,development
1568896398.97,-1383,401,None,Move,development
1568896399.171,-1383,401,None,Move,development
1568896399.186,-1373,400,None,Move,development
1568896399.202,-1366,398,None,Move,development
1568896399.218,-1366,398,None,Move,development
1568896399.2329998,-1365,398,None,Move,development
1568896399.2489998,-1363,397,None,Move,development
1568896399.265,-1361,396,None,Move,development
1568896399.271,-1358,395,None,Move,development
1568896399.286,-1349,393,None,Move,development
1568896399.302,-1332,387,None,Move,development
1568896399.3179998,-1313,381,None,Move,development
1568896399.333,-1288,372,None,Move,development
1568896399.349,-1278,368,None,Move,development
1568896399.3639998,-1258,348,None,Move,development
1568896399.371,-1254,342,None,Move,development
1568896399.387,-1252,335,None,Move,development
1568896399.4020002,-1249,323,None,Move,development
1568896399.418,-1249,311,None,Move,development
1568896399.434,-1249,303,None,Move,development
1568896399.449,-1248,294,None,Move,development
1568896399.465,-1247,288,None,Move,development
1568896399.471,-1247,285,None,Move,development
1568896399.4870002,-1247,281,None,Move,development
1568896399.502,-1247,278,None,Move,development
1568896399.518,-1247,277,None,Move,development
1568896399.534,-1247,275,None,Move,development
1568896399.549,-1249,274,None,Move,development
1568896399.571,-1251,271,None,Move,development
1568896399.587,-1252,271,None,Move,development
1568896399.603,-1255,270,None,Move,development
1568896399.6179998,-1258,270,None,Move,development
1568896399.6339998,-1264,270,None,Move,development
1568896399.65,-1268,270,None,Move,development
1568896399.665,-1270,270,None,Move,development
1568896399.671,-1272,270,None,Move,development
1568896399.687,-1276,270,None,Move,development
1568896399.7029998,-1279,270,None,Move,development
1568896399.718,-1283,270,None,Move,development
1568896399.734,-1287,270,None,Move,development
1568896402.58,-1291,271,None,Move,development
1568896402.595,-1297,272,None,Move,development
1568896402.611,-1300,272,None,Move,development
1568896402.6260002,-1302,272,None,Move,development
1568896402.6420002,-1303,272,None,Move,development
1568896403.012,-1303,272,Left,Pressed,development
1568896403.074,-1303,272,Left,Released,development
1568896403.197,-1303,272,None,Move,development
1568896403.212,-1301,272,None,Move,development
1568896403.228,-1295,272,None,Move,development
1568896403.2429998,-1289,272,None,Move,development
1568896403.2589998,-1284,272,None,Move,development
1568896403.275,-1280,272,None,Move,development
1568896403.281,-1276,272,None,Move,development
1568896403.2970002,-1268,272,None,Move,development
1568896403.312,-1259,272,None,Move,development
1568896403.3279998,-1249,272,None,Move,development
1568896403.344,-1235,272,None,Move,development
1568896403.359,-1225,272,None,Move,development
1568896403.3820002,-1214,272,None,Move,development
1568896403.397,-1204,272,None,Move,development
1568896403.413,-1197,272,None,Move,development
1568896403.428,-1193,272,None,Move,development
1568896403.444,-1189,272,None,Move,development
1568896403.46,-1186,272,None,Move,development
1568896403.475,-1184,271,None,Move,development
1568896403.482,-1183,271,None,Move,development
1568896403.498,-1179,270,None,Move,development
1568896403.5129998,-1177,269,None,Move,development
1568896403.529,-1173,269,None,Move,development
1568896403.545,-1171,269,None,Move,development
1568896403.56,-1171,269,None,Move,development
1568896403.582,-1170,268,None,Move,development
1568896403.5979998,-1169,268,None,Move,development
1568896403.613,-1167,268,None,Move,development
1568896404.1139998,-1167,267,None,Move,file system
1568896404.4829998,-1168,268,None,Move,browsing
1568896404.4989998,-1175,271,None,Move,browsing
1568896404.514,-1206,279,None,Move,browsing
1568896404.53,-1227,282,None,Move,browsing
1568896404.546,-1271,289,None,Move,browsing
1568896404.561,-1341,296,None,Move,browsing
1568896404.577,-1421,299,None,Move,browsing
1568896404.583,-1459,301,None,Move,browsing
1568896404.615,-1534,304,None,Move,browsing
1568896404.63,-1604,308,None,Move,browsing
1568896404.646,-1626,311,None,Move,browsing
1568896404.6620002,-1647,311,None,Move,browsing
1568896404.677,-1660,312,None,Move,browsing
1568896404.684,-1668,312,None,Move,browsing
1568896404.715,-1681,314,None,Move,browsing
1568896404.731,-1701,317,None,Move,browsing
1568896404.762,-1713,317,None,Move,browsing
1568896404.7770002,-1730,317,None,Move,browsing
1568896404.784,-1734,317,None,Move,browsing
1568896404.8,-1744,317,None,Move,browsing
1568896404.815,-1760,317,None,Move,browsing
1568896404.831,-1776,316,None,Move,browsing
1568896404.847,-1795,314,None,Move,browsing
1568896404.8620002,-1814,310,None,Move,browsing
1568896404.8779998,-1829,310,None,Move,browsing
1568896404.8839998,-1836,309,None,Move,browsing
1568896404.9,-1843,309,None,Move,browsing
1568896404.916,-1847,309,None,Move,browsing
1568896404.985,-1848,309,None,Move,browsing
1568896405.0,-1849,308,None,Move,browsing
1568896405.016,-1852,301,None,Move,browsing
1568896405.032,-1853,297,None,Move,browsing
1568896405.0470002,-1855,294,None,Move,browsing
1568896405.063,-1856,293,None,Move,browsing
1568896405.0779998,-1858,292,None,Move,browsing
1568896405.085,-1860,291,None,Move,browsing
1568896405.101,-1861,290,None,Move,browsing
1568896405.1160002,-1864,288,None,Move,browsing
1568896405.1320002,-1872,284,None,Move,browsing
1568896405.147,-1884,277,None,Move,browsing
1568896405.163,-1888,276,None,Move,browsing
1568896405.185,-1889,275,None,Move,browsing
1568896405.201,-1891,274,None,Move,browsing
1568896405.248,-1892,273,None,Move,browsing
1568896405.301,-1893,273,None,Move,browsing
1568896405.3170002,-1897,273,None,Move,browsing
1568896405.3860002,-1898,273,None,Move,browsing
1568896405.401,-1898,273,None,Move,browsing
1568896405.417,-1900,273,None,Move,browsing
1568896405.548,-1900,273,Left,Pressed,browsing
1568896405.68,-1900,273,Left,Released,browsing
1568896405.765,-1900,273,None,Move,browsing
1568896405.786,-1889,274,None,Move,browsing
1568896405.802,-1843,288,None,Move,browsing
1568896405.8179998,-1817,292,None,Move,browsing
1568896405.833,-1754,302,None,Move,file system
1568896405.849,-1686,310,None,Move,file system
1568896405.865,-1619,317,None,Move,file system
1568896405.88,-1551,326,None,Move,file system
1568896405.9020002,-1518,329,None,Move,file system
1568896405.918,-1402,340,None,Move,file system
1568896405.931,-1381,340,None,Move,file system
1568896405.938,-1359,340,None,Move,file system
1568896405.954,-1331,340,None,Move,development
1568896405.97,-1312,339,None,Move,development
1568896405.985,-1302,338,None,Move,development
1568896405.9870002,-1300,337,None,Move,development
1568896406.002,-1297,336,None,Move,development
1568896406.018,-1289,333,None,Move,development
1568896406.034,-1280,329,None,Move,development
1568896406.049,-1271,326,None,Move,development
1568896406.065,-1264,323,None,Move,development
1568896406.081,-1259,321,None,Move,development
1568896406.087,-1257,320,None,Move,development
1568896406.103,-1253,319,None,Move,development
1568896406.1179998,-1250,318,None,Move,development
1568896406.1339998,-1247,317,None,Move,development
1568896406.15,-1242,316,None,Move,development
1568896406.165,-1236,313,None,Move,development
1568896406.181,-1230,312,None,Move,development
1568896406.187,-1227,311,None,Move,development
1568896406.2029998,-1225,309,None,Move,development
1568896406.219,-1221,308,None,Move,development
1568896406.234,-1219,307,None,Move,development
1568896406.25,-1215,305,None,Move,development
1568896406.266,-1211,304,None,Move,development
1568896406.281,-1207,301,None,Move,development
1568896406.2870002,-1204,299,None,Move,development
1568896406.303,-1202,297,None,Move,development
1568896406.319,-1199,295,None,Move,development
1568896406.334,-1196,294,None,Move,development
1568896406.35,-1194,292,None,Move,development
1568896406.3660002,-1192,292,None,Move,development
1568896406.381,-1189,290,None,Move,development
1568896406.3879998,-1188,290,None,Move,development
1568896406.403,-1186,289,None,Move,development
1568896406.419,-1184,288,None,Move,development
1568896406.435,-1182,286,None,Move,development
1568896406.45,-1180,284,None,Move,development
1568896406.466,-1178,284,None,Move,development
1568896406.481,-1176,282,None,Move,development
1568896406.488,-1175,281,None,Move,development
1568896406.504,-1174,280,None,Move,development
1568896406.519,-1174,279,None,Move,development
1568896406.535,-1172,277,None,Move,development
1568896406.551,-1171,276,None,Move,development
1568896406.566,-1170,275,None,Move,development
1568896406.582,-1169,274,None,Move,development
1568896406.604,-1169,274,Left,Pressed,development
1568896406.6820002,-1169,274,Left,Released,development
1568896406.92,-1168,275,None,Move,development
1568896406.936,-1154,295,None,Move,development
1568896406.951,-1149,304,None,Move,development
1568896406.967,-1135,328,None,Move,development
1568896406.9829998,-1128,346,None,Move,development
1568896406.9889998,-1124,356,None,Move,development
1568896407.021,-1119,372,None,Move,development
1568896407.036,-1114,398,None,Move,development
1568896407.052,-1114,408,None,Move,development
1568896407.0670002,-1114,411,None,Move,development
1568896407.089,-1114,415,None,Move,development
1568896407.205,-1114,415,None,Move,development
1568896407.221,-1114,418,None,Move,development
1568896407.2370002,-1113,434,None,Move,development
1568896407.252,-1111,448,None,Move,development
1568896407.268,-1111,454,None,Move,development
1568896407.284,-1112,461,None,Move,development
1568896407.29,-1114,464,None,Move,development
1568896407.306,-1115,467,None,Move,development
1568896407.623,-1116,467,None,Move,development
1568896407.6379998,-1130,467,None,Move,development
1568896407.654,-1147,466,None,Move,development
1568896407.67,-1167,466,None,Move,development
1568896407.685,-1178,466,None,Move,development
1568896407.6920002,-1179,466,None,Move,development
1568896407.708,-1181,466,None,Move,development
1568896407.7229998,-1182,466,None,Move,development
1568896407.77,-1182,466,None,Move,development
1568896407.786,-1185,468,None,Move,development
1568896407.792,-1186,469,None,Move,development
1568896407.8079998,-1188,471,None,Move,development
1568896407.823,-1189,472,None,Move,development
1568896407.839,-1192,477,None,Move,development
1568896407.855,-1195,482,None,Move,development
1568896407.87,-1202,490,None,Move,development
1568896407.8860002,-1205,492,None,Move,development
1568896407.893,-1209,494,None,Move,development
1568896407.908,-1214,496,None,Move,development
1568896407.924,-1219,499,None,Move,development
1568896407.939,-1227,501,None,Move,development
1568896407.955,-1233,503,None,Move,development
1568896407.971,-1238,505,None,Move,development
1568896407.9870002,-1239,505,None,Move,development
1568896407.9929998,-1240,505,None,Move,development
1568896408.008,-1243,506,None,Move,development
1568896408.024,-1246,507,None,Move,development
1568896408.04,-1250,507,None,Move,development
1568896408.055,-1253,508,None,Move,development
1568896408.071,-1254,509,None,Move,development
1568896408.086,-1256,509,None,Move,development
1568896408.093,-1257,510,None,Move,development
1568896408.156,-1257,510,Left,Pressed,development
1568896408.209,-1257,510,Left,Released,development
1568896408.294,-1257,510,Left,Pressed,development
1568896408.341,-1257,510,Left,Released,development
1568896408.41,-1257,508,None,Move,development
1568896408.425,-1261,499,None,Move,development
1568896408.441,-1263,497,None,Move,development
1568896408.457,-1266,491,None,Move,development
1568896408.472,-1266,489,None,Move,development
1568896408.488,-1268,486,None,Move,development
1568896408.494,-1268,486,None,Move,development
1568896408.51,-1269,484,None,Move,development
1568896408.573,-1269,483,None,Move,development
1568896408.5879998,-1271,480,None,Move,development
1568896408.595,-1273,479,None,Move,development
1568896408.61,-1273,479,None,Move,development
1568896408.6260002,-1274,477,None,Move,development
1568896408.6420002,-1275,476,None,Move,development
1568896408.657,-1277,475,None,Move,development
1568896408.673,-1278,473,None,Move,development
1568896408.795,-1278,473,Left,Pressed,development
1568896408.857,-1278,473,Left,Released,development
1568896408.927,-1278,473,Left,Pressed,development
1568896408.974,-1278,473,Left,Released,development
1568896409.09,-1277,473,None,Move,development
1568896409.096,-1275,474,None,Move,development
1568896409.127,-1266,479,None,Move,development
1568896409.143,-1246,487,None,Move,development
1568896409.158,-1233,490,None,Move,development
1568896409.174,-1228,493,None,Move,development
1568896409.19,-1224,494,None,Move,development
1568896409.196,-1223,495,None,Move,development
1568896409.39,-1222,495,None,Move,development
1568896409.397,-1222,493,None,Move,development
1568896409.4120002,-1222,483,None,Move,development
1568896409.428,-1225,469,None,Move,development
1568896409.444,-1233,452,None,Move,development
1568896409.459,-1240,441,None,Move,development
1568896409.475,-1248,432,None,Move,development
1568896409.4910002,-1255,423,None,Move,development
1568896409.4970002,-1257,421,None,Move,development
1568896409.5129998,-1261,418,None,Move,development
1568896409.528,-1264,415,None,Move,development
1568896409.544,-1266,415,None,Move,development
1568896409.56,-1266,414,None,Move,development
1568896409.678,-1267,414,None,Move,development
1568896409.68,-1268,414,None,Move,development
1568896409.691,-1268,414,None,Move,development
1568896409.701,-1269,414,None,Move,development
1568896409.711,-1269,414,None,Move,development
1568896410.074,-1269,414,None,Move,development
1568896410.09,-1266,413,None,Move,development
1568896410.106,-1264,413,None,Move,development
1568896410.121,-1261,412,None,Move,development
1568896410.137,-1260,412,None,Move,development
1568896410.1520002,-1258,411,None,Move,development
1568896410.168,-1256,411,None,Move,development
1568896410.184,-1254,411,None,Move,development
1568896410.199,-1251,410,None,Move,development
1568896410.215,-1250,410,None,Move,development
1568896410.231,-1247,410,None,Move,development
1568896416.361,-1247,408,None,Move,development
1568896416.367,-1247,403,None,Move,development
1568896416.383,-1247,400,None,Move,development
1568896416.399,-1248,399,None,Move,development
1568896416.414,-1250,397,None,Move,development
1568896416.43,-1252,395,None,Move,development
1568896416.446,-1256,394,None,Move,development
1568896416.461,-1259,392,None,Move,development
1568896416.468,-1261,392,None,Move,development
1568896416.4829998,-1265,390,None,Move,development
1568896416.4989998,-1270,387,None,Move,development
1568896416.515,-1272,386,None,Move,development
1568896416.53,-1273,385,None,Move,development
1568896416.546,-1276,382,None,Move,development
1568896416.561,-1279,379,None,Move,development
1568896416.5679998,-1281,377,None,Move,development
1568896416.584,-1285,374,None,Move,development
1568896416.599,-1288,371,None,Move,development
1568896416.615,-1289,370,None,Move,development
1568896416.6620002,-1290,369,None,Move,development
1568896416.668,-1290,368,None,Move,development
1568896416.684,-1290,366,None,Move,development
1568896416.699,-1290,365,None,Move,development
1568896416.715,-1290,363,None,Move,development
1568896416.731,-1289,361,None,Move,development
1568896416.746,-1288,360,None,Move,development
1568896416.762,-1288,358,None,Move,development
1568896416.769,-1287,358,None,Move,development
1568896416.784,-1286,357,None,Move,development
1568896416.8,-1286,356,None,Move,development
1568896416.815,-1286,356,None,Move,development
1568896416.831,-1285,355,None,Move,development
1568896416.847,-1285,355,None,Move,development
1568896416.8620002,-1284,354,None,Move,development
1568896416.9320002,-1284,354,Left,Pressed,development
1568896417.016,-1284,354,Left,Released,development
1568896417.069,-1284,354,None,Move,development
1568896417.085,-1282,352,None,Move,development
1568896417.1,-1264,340,None,Move,development
1568896417.1160002,-1239,326,None,Move,development
1568896417.1320002,-1215,311,None,Move,development
1568896417.147,-1089,241,None,Move,development
1568896417.163,-1023,205,None,Move,development
1568896417.169,-1004,194,None,Move,development
1568896417.185,-996,186,None,Move,development
1568896420.008,-970,189,None,Move,development
1568896420.024,-935,193,None,Move,development
1568896420.039,-920,194,None,Move,development
1568896420.1239998,-921,194,None,Move,development
1568896420.139,-939,198,None,Move,development
1568896420.155,-968,210,None,Move,development
1568896420.17,-992,231,None,Move,development
1568896420.177,-1001,241,None,Move,development
1568896420.1929998,-1017,255,None,Move,development
1568896420.208,-1036,266,None,Move,development
1568896420.224,-1048,271,None,Move,development
1568896420.24,-1071,284,None,Move,development
1568896420.255,-1099,300,None,Move,development
1568896420.271,-1128,322,None,Move,development
1568896420.2770002,-1140,331,None,Move,development
1568896420.293,-1173,355,None,Move,development
1568896420.309,-1197,373,None,Move,development
1568896420.324,-1209,378,None,Move,development
1568896420.34,-1224,385,None,Move,development
1568896420.356,-1244,392,None,Move,development
1568896420.371,-1264,402,None,Move,development
1568896420.3779998,-1271,405,None,Move,development
1568896420.393,-1277,407,None,Move,development
1568896420.456,-1278,407,None,Move,development
1568896420.472,-1278,407,None,Move,development
1568896420.478,-1279,407,None,Move,development
1568896420.494,-1281,407,None,Move,development
1568896420.5089998,-1283,407,None,Move,development
1568896420.525,-1290,408,None,Move,development
1568896420.541,-1298,410,None,Move,development
1568896420.556,-1307,412,None,Move,development
1568896420.572,-1316,414,None,Move,development
1568896420.579,-1324,416,None,Move,development
1568896420.594,-1335,417,None,Move,development
1568896420.61,-1344,421,None,Move,development
1568896420.625,-1351,424,None,Move,development
1568896420.641,-1354,425,None,Move,development
1568896420.657,-1355,426,None,Move,development
1568896420.879,-1357,426,Left,Pressed,development
1568896420.979,-1357,426,Left,Released,development
1568896423.084,-1357,426,None,Move,development
1568896423.1,-1379,417,None,Move,development
1568896423.1160002,-1398,409,None,Move,development
1568896423.131,-1416,403,None,Move,development
1568896423.147,-1425,401,None,Move,development
1568896423.1620002,-1454,391,None,Move,development
1568896423.178,-1469,388,None,Move,development
1568896423.185,-1482,386,None,Move,development
1568896423.2,-1513,381,None,Move,development
1568896423.216,-1552,380,None,Move,development
1568896423.232,-1577,380,None,Move,development
1568896423.2470002,-1598,380,None,Move,development
1568896423.2629998,-1609,378,None,Move,development
1568896423.279,-1614,376,None,Move,development
1568896423.285,-1614,376,None,Move,development
1568896423.417,-1615,374,None,Move,development
1568896423.4320002,-1616,371,None,Move,development
1568896423.448,-1619,367,None,Move,development
1568896423.4629998,-1624,363,None,Move,development
1568896423.479,-1628,360,None,Move,development
1568896423.485,-1634,356,None,Move,development
1568896423.5010002,-1648,347,None,Move,development
1568896423.5170002,-1660,343,None,Move,development
1568896423.532,-1680,334,None,Move,development
1568896423.548,-1698,327,None,Move,development
1568896423.563,-1717,320,None,Move,development
1568896423.579,-1730,311,None,Move,development
1568896423.586,-1752,294,None,Move,development
1568896423.601,-1763,286,None,Move,development
1568896423.617,-1768,284,None,Move,development
1568896423.6320002,-1775,283,None,Move,development
1568896423.6479998,-1783,284,None,Move,development
1568896423.664,-1786,286,None,Move,development
1568896423.686,-1789,295,None,Move,development
1568896423.702,-1796,313,None,Move,development
1568896423.717,-1807,335,None,Move,development
1568896423.7329998,-1820,363,None,Move,development
1568896423.748,-1827,384,None,Move,development
1568896423.764,-1834,404,None,Move,development
1568896423.78,-1837,426,None,Move,development
1568896423.786,-1839,438,None,Move,development
1568896423.802,-1843,462,None,Move,development
1568896423.8170002,-1844,478,None,Move,development
1568896423.833,-1844,491,None,Move,development
1568896423.849,-1842,494,None,Move,development
1568896423.98,-1841,496,None,Move,development
1568896423.9870002,-1841,496,None,Move,development
1568896424.002,-1840,494,None,Move,development
1568896424.034,-1840,492,None,Move,development
1568896424.049,-1838,492,None,Move,development
1568896424.065,-1837,491,None,Move,development
1568896424.081,-1826,489,None,Move,development
1568896424.087,-1820,488,None,Move,development
1568896424.103,-1812,487,None,Move,development
1568896424.1179998,-1809,486,None,Move,development
1568896424.1339998,-1808,486,None,Move,development
1568896424.288,-1807,486,None,Move,development
1568896424.303,-1804,484,None,Move,development
1568896424.319,-1802,484,None,Move,development
1568896424.335,-1801,482,None,Move,development
1568896424.35,-1799,479,None,Move,development
1568896424.3660002,-1796,475,None,Move,development
1568896424.387,-1794,471,None,Move,development
1568896424.403,-1792,467,None,Move,development
1568896424.419,-1789,460,None,Move,development
1568896424.434,-1787,454,None,Move,development
1568896424.45,-1785,448,None,Move,development
1568896424.466,-1784,447,None,Move,development
1568896424.504,-1784,445,None,Move,development
1568896424.519,-1784,443,None,Move,development
1568896424.535,-1784,441,None,Move,development
1568896424.551,-1783,439,None,Move,development
1568896424.566,-1783,437,None,Move,development
1568896424.582,-1782,436,None,Move,development
1568896424.5879998,-1782,434,None,Move,development
1568896424.604,-1781,433,None,Move,development
1568896424.62,-1780,433,None,Move,development
1568896424.705,-1780,433,None,Move,development
1568896424.72,-1779,434,None,Move,development
1568896424.736,-1776,441,None,Move,development
1568896424.7510002,-1771,449,None,Move,development
1568896424.7670002,-1765,459,None,Move,development
1568896424.783,-1758,470,None,Move,development
1568896424.789,-1755,474,None,Move,development
1568896424.805,-1751,479,None,Move,development
1568896424.952,-1749,480,None,Move,development
1568896424.968,-1749,480,None,Move,development
1568896424.9829998,-1747,480,None,Move,development
1568896424.9889998,-1745,480,None,Move,development
1568896425.005,-1741,480,None,Move,development
1568896425.021,-1738,480,None,Move,development
1568896425.036,-1733,481,None,Move,development
1568896425.052,-1730,481,None,Move,development
1568896425.0670002,-1728,481,None,Move,development
1568896425.083,-1727,481,None,Move,development
1568896425.089,-1725,481,None,Move,development
1568896425.105,-1720,481,None,Move,development
1568896425.121,-1715,480,None,Move,development
1568896425.1360002,-1712,479,None,Move,development
1568896425.19,-1711,478,None,Move,development
1568896425.205,-1711,475,None,Move,development
1568896425.221,-1713,471,None,Move,development
1568896425.2370002,-1716,468,None,Move,development
1568896425.252,-1722,462,None,Move,development
1568896425.268,-1728,456,None,Move,development
1568896425.29,-1739,445,None,Move,development
1568896425.306,-1749,435,None,Move,development
1568896425.321,-1762,422,None,Move,development
1568896425.337,-1776,409,None,Move,development
1568896425.353,-1786,398,None,Move,development
1568896425.3679998,-1791,393,None,Move,development
1568896425.3839998,-1795,389,None,Move,development
1568896425.39,-1796,388,None,Move,development
1568896425.406,-1798,383,None,Move,development
1568896425.4220002,-1800,378,None,Move,development
1568896425.437,-1802,373,None,Move,development
1568896425.4529998,-1804,367,None,Move,development
1568896425.468,-1805,362,None,Move,development
1568896425.4910002,-1805,359,None,Move,development
1568896425.5070002,-1806,357,None,Move,development
1568896425.522,-1807,352,None,Move,development
1568896425.6379998,-1807,352,None,Move,development
1568896425.654,-1804,354,None,Move,development
1568896425.669,-1797,359,None,Move,development
1568896425.691,-1793,363,None,Move,development
1568896425.707,-1789,368,None,Move,development
1568896425.722,-1786,373,None,Move,development
1568896425.738,-1784,381,None,Move,development
1568896425.7529998,-1782,386,None,Move,development
1568896425.769,-1781,389,None,Move,development
1568896425.791,-1781,390,None,Move,development
1568896425.8070002,-1780,391,None,Move,development
1568896425.823,-1780,392,None,Move,development
1568896425.8379998,-1780,394,None,Move,development
1568896425.854,-1779,395,None,Move,development
1568896425.869,-1779,396,None,Move,development
1568896425.908,-1779,397,None,Move,development
1568896425.923,-1779,400,None,Move,development
1568896425.939,-1779,405,None,Move,development
1568896425.954,-1779,409,None,Move,development
1568896425.97,-1779,412,None,Move,development
1568896425.986,-1779,413,None,Move,development
1568896425.992,-1779,413,None,Move,development
1568896426.0229998,-1779,414,None,Move,development
1568896426.039,-1779,415,None,Move,development
1568896426.055,-1779,416,None,Move,development
1568896426.1920002,-1779,416,None,Move,development
1568896426.208,-1778,414,None,Move,development
1568896426.224,-1778,413,None,Move,development
1568896426.2389998,-1778,412,None,Move,development
1568896426.255,-1778,410,None,Move,development
1568896426.271,-1777,409,None,Move,development
1568896426.293,-1777,408,None,Move,development
1568896426.309,-1777,407,None,Move,development
1568896426.324,-1776,406,None,Move,development
1568896426.494,-1775,406,None,Move,development
1568896426.5089998,-1772,408,None,Move,development
1568896426.525,-1769,410,None,Move,development
1568896426.54,-1765,413,None,Move,development
1568896426.556,-1763,415,None,Move,development
1568896426.572,-1763,416,None,Move,development
1568896426.587,-1762,416,None,Move,development
1568896426.594,-1762,418,None,Move,development
1568896426.61,-1759,422,None,Move,development
1568896426.688,-1759,423,None,Move,development
1568896426.694,-1759,421,None,Move,development
1568896426.71,-1759,416,None,Move,development
1568896426.725,-1762,408,None,Move,development
1568896426.7410002,-1766,398,None,Move,development
1568896426.756,-1770,385,None,Move,development
1568896426.772,-1773,375,None,Move,development
1568896426.794,-1774,367,None,Move,development
1568896426.81,-1775,362,None,Move,development
1568896426.826,-1776,359,None,Move,development
1568896426.841,-1776,355,None,Move,development
1568896426.857,-1777,352,None,Move,development
1568896426.8720002,-1778,348,None,Move,development
1568896426.8879998,-1779,344,None,Move,development
1568896426.895,-1779,342,None,Move,development
1568896426.91,-1780,339,None,Move,development
1568896426.926,-1780,335,None,Move,development
1568896426.9420002,-1782,330,None,Move,development
1568896426.957,-1782,326,None,Move,development
1568896426.9729998,-1783,322,None,Move,development
1568896426.995,-1784,319,None,Move,development
1568896427.0110002,-1784,318,None,Move,development
1568896427.026,-1785,316,None,Move,development
1568896427.074,-1785,315,None,Move,development
1568896427.089,-1785,314,None,Move,development
1568896427.096,-1786,312,None,Move,development
1568896427.111,-1787,311,None,Move,development
1568896427.127,-1788,309,None,Move,development
1568896427.143,-1789,306,None,Move,development
1568896427.158,-1791,303,None,Move,development
1568896427.174,-1794,300,None,Move,development
1568896427.19,-1795,299,None,Move,development
1568896427.196,-1795,298,None,Move,development
1568896427.211,-1797,297,None,Move,development
1568896427.2270002,-1798,296,None,Move,development
1568896427.2429998,-1799,294,None,Move,development
1568896427.258,-1800,293,None,Move,development
1568896427.274,-1801,292,None,Move,development
1568896427.29,-1802,290,None,Move,development
1568896427.296,-1802,290,None,Move,development
1568896427.312,-1804,288,None,Move,development
1568896427.327,-1805,287,None,Move,development
1568896427.343,-1805,285,None,Move,development
1568896427.3739998,-1806,285,None,Move,development
1568896427.459,-1806,284,None,Move,development
1568896427.475,-1807,284,None,Move,development
1568896427.4970002,-1808,283,None,Move,development
1568896427.512,-1808,282,None,Move,development
1568896427.528,-1809,281,None,Move,development
1568896427.544,-1811,280,None,Move,development
1568896427.559,-1811,279,None,Move,development
1568896427.575,-1812,278,None,Move,development
1568896427.597,-1813,277,None,Move,development
1568896427.613,-1814,277,None,Move,development
1568896427.7129998,-1814,277,Left,Pressed,development
1568896427.776,-1814,277,Left,Released,development
1568896428.299,-1803,279,None,Move,development
1568896428.315,-1753,298,None,Move,development
1568896428.33,-1702,319,None,Move,development
1568896428.346,-1653,341,None,Move,development
1568896428.3620002,-1605,368,None,Move,development
1568896428.377,-1562,396,None,Move,development
1568896428.393,-1527,418,None,Move,development
1568896428.399,-1508,428,None,Move,development
1568896428.415,-1461,455,None,Move,development
1568896428.431,-1431,472,None,Move,development
1568896428.446,-1409,484,None,Move,development
1568896428.462,-1400,489,None,Move,development
1568896428.4770002,-1384,497,None,Move,development
1568896428.5,-1381,498,None,Move,development
1568896428.6,-1379,499,None,Move,development
1568896428.6160002,-1378,499,None,Move,development
1568896428.631,-1376,499,None,Move,development
1568896428.647,-1375,499,None,Move,development
1568896428.7470002,-1375,499,None,Move,development
1568896428.7629998,-1375,498,None,Move,development
1568896428.778,-1375,495,None,Move,development
1568896428.794,-1376,493,None,Move,development
1568896428.801,-1376,491,None,Move,development
1568896428.816,-1377,490,None,Move,development
1568896428.901,-1377,490,None,Move,development
1568896428.917,-1378,488,None,Move,development
1568896428.9320002,-1378,487,None,Move,development
1568896428.948,-1378,486,None,Move,development
1568896428.9629998,-1378,484,None,Move,development
1568896428.979,-1378,484,None,Move,development
1568896429.117,-1378,483,None,Move,development
1568896429.133,-1378,481,None,Move,development
1568896429.149,-1378,480,None,Move,development
1568896429.164,-1378,480,None,Move,development
1568896429.18,-1378,478,None,Move,development
1568896429.196,-1378,477,None,Move,development
1568896429.202,-1378,475,None,Move,development
1568896429.217,-1378,473,None,Move,development
1568896429.2329998,-1378,472,None,Move,development
1568896429.248,-1378,468,None,Move,development
1568896429.264,-1378,464,None,Move,development
1568896429.28,-1378,461,None,Move,development
1568896429.295,-1378,458,None,Move,development
1568896429.302,-1378,456,None,Move,development
1568896429.3170002,-1378,454,None,Move,development
1568896429.333,-1378,451,None,Move,development
1568896429.95,-1378,453,None,Move,development
1568896429.966,-1378,461,None,Move,development
1568896429.982,-1374,477,None,Move,development
1568896429.9970002,-1369,508,None,Move,development
1568896430.004,-1365,519,None,Move,development
1568896430.019,-1363,527,None,Move,development
1568896430.035,-1361,531,None,Move,development
1568896430.051,-1359,534,None,Move,development
1568896430.066,-1352,541,None,Move,development
1568896430.082,-1342,550,None,Move,development
1568896430.097,-1329,559,None,Move,development
1568896430.104,-1321,563,None,Move,development
1568896430.12,-1302,573,None,Move,development
1568896430.135,-1284,580,None,Move,development
1568896430.151,-1260,587,None,Move,development
1568896430.166,-1233,588,None,Move,development
1568896430.1820002,-1220,588,None,Move,development
1568896430.198,-1191,588,None,Move,development
1568896430.204,-1174,588,None,Move,development
1568896430.22,-1141,583,None,Move,development
1568896430.235,-1115,576,None,Move,development
1568896430.2510002,-1098,567,None,Move,development
1568896430.2670002,-1089,559,None,Move,development
1568896430.282,-1088,557,None,Move,development
1568896430.336,-1088,557,Left,Pressed,development
1568896430.367,-1088,557,Left,Released,development
1568896430.421,-1088,557,None,Move,development
1568896430.436,-1090,556,None,Move,development
1568896430.452,-1098,550,None,Move,development
1568896430.467,-1118,542,None,Move,development
1568896430.4829998,-1150,532,None,Move,development
1568896430.498,-1193,521,None,Move,development
1568896430.505,-1209,517,None,Move,development
1568896430.52,-1247,506,None,Move,development
1568896430.536,-1273,502,None,Move,development
1568896430.551,-1289,499,None,Move,development
1568896430.5670002,-1301,497,None,Move,development
1568896430.583,-1308,495,None,Move,development
1568896430.5979998,-1311,495,None,Move,development
1568896430.605,-1314,494,None,Move,development
1568896430.621,-1320,494,None,Move,development
1568896430.6360002,-1330,492,None,Move,development
1568896430.6520002,-1337,490,None,Move,development
1568896430.667,-1347,489,None,Move,development
1568896430.6829998,-1358,487,None,Move,development
1568896430.699,-1373,486,None,Move,development
1568896430.705,-1380,486,None,Move,development
1568896430.721,-1387,486,None,Move,development
1568896430.736,-1390,486,None,Move,development
1568896430.984,-1390,486,None,Move,development
1568896431.006,-1391,486,None,Move,development
1568896431.021,-1397,486,None,Move,development
1568896431.0370002,-1405,487,None,Move,development
1568896431.053,-1415,487,None,Move,development
1568896431.0679998,-1423,488,None,Move,development
1568896431.084,-1429,488,None,Move,development
1568896431.106,-1430,488,None,Move,development
1568896431.185,-1430,489,None,Move,development
1568896431.206,-1428,491,None,Move,development
1568896431.222,-1422,496,None,Move,development
1568896431.2370002,-1414,501,None,Move,development
1568896431.2529998,-1403,507,None,Move,development
1568896431.269,-1392,511,None,Move,development
1568896431.284,-1387,511,None,Move,development
1568896431.3,-1384,511,None,Move,development
1568896431.354,-1383,511,None,Move,development
1568896431.369,-1382,511,None,Move,development
1568896431.385,-1380,511,None,Move,development
1568896431.4,-1380,511,None,Move,development
1568896431.407,-1380,510,None,Move,development
1568896431.586,-1380,510,None,Move,development
1568896431.601,-1381,510,None,Move,development
1568896431.607,-1382,510,None,Move,development
1568896431.623,-1382,510,None,Move,development
1568896431.6379998,-1383,510,None,Move,development
1568896431.654,-1384,510,None,Move,development
1568896431.67,-1385,510,None,Move,development
1568896431.685,-1388,510,None,Move,development
1568896431.701,-1391,510,None,Move,development
1568896431.707,-1392,510,None,Move,development
1568896432.1239998,-1395,512,None,Move,development
1568896432.14,-1400,513,None,Move,development
1568896432.156,-1405,513,None,Move,development
1568896432.171,-1413,513,None,Move,development
1568896432.187,-1419,513,None,Move,development
1568896432.202,-1422,513,None,Move,development
1568896432.256,-1422,513,Left,Pressed,development
1568896432.309,-1422,513,Left,Released,development
1568896432.403,-1422,513,Left,Pressed,development
1568896432.457,-1422,513,Left,Released,development
1568896432.526,-1422,513,None,Move,development
1568896432.541,-1422,510,None,Move,development
1568896432.5570002,-1422,506,None,Move,development
1568896432.572,-1422,503,None,Move,development
1568896432.5879998,-1422,500,None,Move,development
1568896432.604,-1422,497,None,Move,development
1568896432.61,-1422,496,None,Move,development
1568896432.6260002,-1422,495,None,Move,development
1568896432.688,-1422,494,None,Move,development
1568896432.704,-1422,492,None,Move,development
1568896432.71,-1422,491,None,Move,development
1568896432.726,-1422,490,None,Move,development
1568896432.742,-1423,488,None,Move,development
1568896432.758,-1423,487,None,Move,development
1568896432.827,-1424,486,Left,Pressed,development
1568896432.889,-1424,486,Left,Released,development
1568896432.958,-1424,486,Left,Pressed,development
1568896433.012,-1424,486,Left,Released,development
1568896433.4910002,-1424,486,None,Move,development
1568896433.506,-1424,486,None,Move,development
1568896433.5129998,-1423,487,None,Move,development
1568896433.529,-1422,488,None,Move,development
1568896433.544,-1422,489,None,Move,development
1568896433.714,-1421,489,None,Move,development
1568896433.729,-1420,484,None,Move,development
1568896433.745,-1420,482,None,Move,development
1568896433.76,-1420,481,None,Move,development
1568896433.776,-1420,480,None,Move,development
1568896433.792,-1420,479,None,Move,development
1568896433.845,-1420,479,None,Move,development
1568896433.982,-1420,476,None,Move,development
1568896433.998,-1419,474,None,Move,development
1568896434.0129998,-1418,473,None,Move,development
1568896434.014,-1418,472,None,Move,development
1568896434.03,-1418,471,None,Move,development
1568896434.046,-1417,470,None,Move,development
1568896434.061,-1417,469,None,Move,development
1568896434.077,-1417,468,None,Move,development
1568896434.092,-1417,466,None,Move,development
1568896434.1079998,-1417,465,None,Move,development
1568896434.1139998,-1417,464,None,Move,development
1568896434.13,-1417,462,None,Move,development
1568896434.146,-1417,460,None,Move,development
1568896434.161,-1417,460,None,Move,development
1568896434.478,-1417,458,None,Move,development
1568896434.4929998,-1417,456,None,Move,development
1568896434.508,-1417,454,None,Move,development
1568896434.515,-1417,454,None,Move,development
1568896434.531,-1417,452,None,Move,development
1568896435.416,-1417,452,Left,Pressed,development
1568896435.51,-1417,452,Left,Released,development
1568896435.8170002,-1417,452,None,Move,development
1568896435.833,-1410,452,None,Move,development
1568896435.849,-1406,454,None,Move,development
1568896435.8639998,-1402,456,None,Move,development
1568896435.88,-1400,457,None,Move,development
1568896435.896,-1396,459,None,Move,development
1568896435.918,-1393,460,None,Move,development
1568896435.934,-1390,462,None,Move,development
1568896435.949,-1386,463,None,Move,development
1568896435.965,-1384,464,None,Move,development
1568896435.98,-1382,465,None,Move,development
1568896435.996,-1379,466,None,Move,development
1568896436.012,-1375,468,None,Move,development
1568896436.018,-1373,469,None,Move,development
1568896436.034,-1370,471,None,Move,development
1568896436.049,-1368,471,None,Move,development
1568896436.065,-1366,472,None,Move,development
1568896436.081,-1366,472,None,Move,development
1568896436.9220002,-1365,472,None,Move,development
1568896436.937,-1365,469,None,Move,development
1568896436.9529998,-1365,468,None,Move,development
1568896436.968,-1365,466,None,Move,development
1568896436.984,-1365,464,None,Move,development
1568896437.0,-1368,461,None,Move,development
1568896437.015,-1370,460,None,Move,development
1568896437.022,-1371,458,None,Move,development
1568896437.038,-1375,456,None,Move,development
1568896437.053,-1377,455,None,Move,development
1568896437.069,-1381,453,None,Move,development
1568896437.085,-1384,453,None,Move,development
1568896437.1,-1385,452,None,Move,development
1568896437.1160002,-1386,451,None,Move,development
1568896437.3,-1387,451,None,Move,development
1568896437.316,-1388,451,None,Move,development
1568896437.8860002,-1389,451,None,Move,development
1568896437.9020002,-1392,451,None,Move,development
1568896437.918,-1400,451,None,Move,development
1568896437.924,-1408,451,None,Move,development
1568896437.94,-1426,451,None,Move,development
1568896437.955,-1449,451,None,Move,development
1568896437.971,-1470,451,None,Move,development
1568896437.9870002,-1498,454,None,Move,development
1568896438.002,-1511,456,None,Move,development
1568896438.018,-1543,466,None,Move,development
1568896438.024,-1556,470,None,Move,development
1568896438.04,-1578,480,None,Move,development
1568896438.056,-1592,489,None,Move,development
1568896438.071,-1603,495,None,Move,development
1568896438.087,-1611,502,None,Move,development
1568896438.103,-1613,503,None,Move,development
1568896438.1179998,-1616,509,None,Move,development
1568896438.1239998,-1618,512,None,Move,development
1568896438.14,-1620,516,None,Move,development
1568896438.156,-1622,519,None,Move,development
1568896438.171,-1623,522,None,Move,development
1568896438.187,-1624,524,None,Move,development
1568896438.2029998,-1624,525,None,Move,development
1568896438.218,-1625,526,None,Move,development
1568896438.224,-1625,526,None,Move,development
1568896438.303,-1625,526,None,Move,development
1568896438.3179998,-1626,526,None,Move,development
1568896438.324,-1628,523,None,Move,development
1568896438.34,-1631,520,None,Move,development
1568896438.356,-1634,517,None,Move,development
1568896438.371,-1635,516,None,Move,development
1568896438.387,-1636,515,None,Move,development
1568896438.519,-1636,515,None,Move,development
1568896438.525,-1636,517,None,Move,development
1568896438.541,-1636,522,None,Move,development
1568896438.556,-1636,528,None,Move,development
1568896438.572,-1636,532,None,Move,development
1568896438.587,-1636,538,None,Move,development
1568896438.603,-1636,543,None,Move,development
1568896438.6260002,-1636,545,None,Move,development
1568896438.641,-1636,546,None,Move,development
1568896438.657,-1636,548,None,Move,development
1568896438.6720002,-1637,549,None,Move,development
1568896438.688,-1637,550,None,Move,development
1568896438.72,-1638,551,None,Move,development
1568896438.726,-1638,552,None,Move,development
1568896438.7410002,-1638,552,None,Move,development
1568896438.804,-1639,553,None,Move,development
1568896438.819,-1639,555,None,Move,development
1568896438.826,-1640,557,None,Move,development
1568896438.842,-1641,560,None,Move,development
1568896438.857,-1643,562,None,Move,development
1568896438.873,-1644,565,None,Move,development
1568896438.889,-1645,566,None,Move,development
1568896438.904,-1645,567,None,Move,development
1568896438.926,-1646,568,None,Move,development
1568896439.089,-1649,566,None,Move,development
1568896439.105,-1653,557,None,Move,development
1568896439.127,-1657,549,None,Move,development
1568896439.143,-1661,541,None,Move,development
1568896439.158,-1663,534,None,Move,development
1568896439.174,-1664,532,None,Move,development
1568896439.19,-1664,531,None,Move,development
1568896439.343,-1664,529,None,Move,development
1568896439.359,-1664,527,None,Move,development
1568896439.3739998,-1664,526,None,Move,development
1568896439.39,-1665,524,None,Move,development
1568896439.406,-1665,521,None,Move,development
1568896439.421,-1665,519,None,Move,development
1568896439.428,-1665,519,None,Move,development
1568896439.444,-1665,518,None,Move,development
1568896439.49,-1665,518,Left,Pressed,development
1568896439.544,-1665,518,Left,Released,development
1568896439.629,-1665,518,Left,Pressed,development
1568896439.691,-1665,518,Left,Released,development
1568896439.775,-1664,516,None,Move,development
1568896439.791,-1660,515,None,Move,development
1568896439.8070002,-1653,514,None,Move,development
1568896439.822,-1629,510,None,Move,development
1568896439.829,-1614,509,None,Move,development
1568896439.845,-1576,508,None,Move,development
1568896439.86,-1537,507,None,Move,development
1568896439.8760002,-1501,505,None,Move,development
1568896439.891,-1478,504,None,Move,development
1568896439.907,-1458,502,None,Move,development
1568896439.9220002,-1440,501,None,Move,development
1568896439.929,-1434,501,None,Move,development
1568896439.945,-1424,499,None,Move,development
1568896439.96,-1412,499,None,Move,development
1568896439.976,-1406,498,None,Move,development
1568896439.992,-1399,497,None,Move,development
1568896440.0070002,-1396,497,None,Move,development
1568896440.029,-1391,495,None,Move,development
1568896440.045,-1389,494,None,Move,development
1568896440.061,-1388,493,None,Move,development
1568896440.076,-1384,490,None,Move,development
1568896440.092,-1379,488,None,Move,development
1568896440.107,-1376,487,None,Move,development
1568896440.123,-1373,485,None,Move,development
1568896440.2770002,-1373,484,None,Move,development
1568896440.293,-1376,480,None,Move,development
1568896440.3079998,-1379,478,None,Move,development
1568896440.324,-1382,475,None,Move,development
1568896440.33,-1382,475,None,Move,development
1568896440.346,-1387,471,None,Move,development
1568896440.3620002,-1390,469,None,Move,development
1568896440.377,-1393,468,None,Move,development
1568896440.393,-1394,467,None,Move,development
1568896440.409,-1395,467,None,Move,development
1568896440.431,-1398,465,None,Move,development
1568896440.447,-1403,463,None,Move,development
1568896440.462,-1404,463,None,Move,development
1568896440.478,-1404,462,None,Move,development
1568896440.494,-1405,462,None,Move,development
1568896440.5089998,-1406,461,None,Move,development
1568896440.531,-1407,460,None,Move,development
1568896440.5470002,-1407,458,None,Move,development
1568896440.562,-1409,457,None,Move,development
1568896440.5779998,-1410,454,None,Move,development
1568896440.594,-1411,451,None,Move,development
1568896440.609,-1412,450,None,Move,development
1568896440.625,-1413,447,None,Move,development
1568896440.631,-1413,446,None,Move,development
1568896440.647,-1414,444,None,Move,development
1568896440.663,-1414,442,None,Move,development
1568896440.694,-1414,440,None,Move,development
1568896440.732,-1414,438,None,Move,development
1568896440.7470002,-1414,438,None,Move,development
1568896440.7629998,-1414,437,None,Move,development
1568896440.779,-1414,436,None,Move,development
1568896440.794,-1414,435,None,Move,development
1568896440.81,-1413,433,None,Move,development
1568896440.825,-1413,433,None,Move,development
1568896440.832,-1412,431,None,Move,development
1568896440.8479998,-1411,429,None,Move,development
1568896440.863,-1411,428,None,Move,development
1568896440.879,-1410,427,None,Move,development
1568896440.895,-1410,426,None,Move,development
1568896440.91,-1409,425,None,Move,development
1568896440.926,-1409,424,None,Move,development
1568896440.9320002,-1408,424,None,Move,development
1568896440.948,-1407,423,None,Move,development
1568896440.9629998,-1406,421,None,Move,development
1568896440.979,-1405,421,None,Move,development
1568896440.995,-1403,420,None,Move,development
1568896441.01,-1400,419,None,Move,development
1568896441.032,-1398,418,None,Move,development
1568896441.048,-1387,415,None,Move,development
1568896441.063,-1381,413,None,Move,development
1568896441.079,-1376,412,None,Move,development
1568896441.095,-1372,412,None,Move,development
1568896441.11,-1369,410,None,Move,development
1568896441.1320002,-1365,410,None,Move,development
1568896441.1479998,-1362,409,None,Move,development
1568896441.164,-1359,408,None,Move,development
1568896441.179,-1357,408,None,Move,development
1568896441.195,-1356,408,None,Move,development
1568896441.211,-1355,408,None,Move,development
1568896441.226,-1351,408,None,Move,development
1568896441.2329998,-1350,407,None,Move,development
1568896441.248,-1348,406,None,Move,development
1568896441.264,-1347,406,None,Move,development
1568896441.295,-1345,406,None,Move,development
1568896441.311,-1344,406,None,Move,development
1568896441.326,-1342,406,None,Move,development
1568896441.333,-1341,406,None,Move,development
1568896441.349,-1339,406,None,Move,development
1568896441.496,-1339,406,Left,Pressed,development
1568896441.596,-1339,406,Left,Released,development
1568896441.6339998,-1338,404,None,Move,development
1568896441.65,-1326,393,None,Move,development
1568896441.666,-1304,376,None,Move,development
1568896441.681,-1283,359,None,Move,development
1568896441.697,-1257,342,None,Move,development
1568896441.712,-1239,329,None,Move,development
1568896441.728,-1232,318,None,Move,development
1568896441.735,-1232,316,None,Move,development
1568896441.75,-1232,314,None,Move,development
1568896441.782,-1233,312,None,Move,development
1568896443.217,-1243,313,None,Move,development
1568896443.232,-1272,321,None,Move,development
1568896443.2389998,-1312,330,None,Move,development
1568896443.254,-1417,351,None,Move,development
1568896443.27,-1462,363,None,Move,development
1568896443.301,-1556,393,None,Move,development
1568896443.3170002,-1614,419,None,Move,development
1568896443.333,-1629,428,None,Move,development
1568896443.339,-1631,431,None,Move,development
1568896443.354,-1634,438,None,Move,development
1568896443.37,-1635,443,None,Move,development
1568896443.3860002,-1635,454,None,Move,development
1568896443.401,-1634,465,None,Move,development
1568896443.417,-1634,481,None,Move,development
1568896443.4320002,-1635,492,None,Move,development
1568896443.439,-1636,502,None,Move,development
1568896443.455,-1635,511,None,Move,development
1568896443.47,-1632,513,None,Move,development
1568896443.486,-1628,515,None,Move,development
1568896443.5010002,-1625,516,None,Move,development
1568896443.5170002,-1621,518,None,Move,development
1568896443.533,-1619,522,None,Move,development
1568896443.539,-1617,525,None,Move,development
1568896443.555,-1616,532,None,Move,development
1568896443.571,-1616,537,None,Move,development
1568896443.586,-1616,539,None,Move,development
1568896443.6020002,-1616,541,None,Move,development
1568896443.617,-1616,543,None,Move,development
1568896443.633,-1614,545,None,Move,development
1568896443.639,-1614,546,None,Move,development
1568896443.655,-1613,548,None,Move,development
1568896443.671,-1613,549,None,Move,development
1568896443.686,-1612,550,None,Move,development
1568896443.702,-1612,551,None,Move,development
1568896443.756,-1611,553,None,Move,development
1568896443.771,-1611,554,None,Move,development
1568896443.7870002,-1611,556,None,Move,development
1568896443.802,-1611,559,None,Move,development
1568896443.8179998,-1611,562,None,Move,development
1568896443.833,-1612,564,None,Move,development
1568896443.84,-1613,565,None,Move,development
1568896443.972,-1613,565,Left,Pressed,development
1568896444.0029998,-1613,565,Left,Released,development
1568896444.119,-1613,565,Left,Pressed,development
1568896444.1720002,-1613,565,Left,Released,development
1568896444.357,-1613,566,None,Move,development
1568896444.373,-1613,568,None,Move,development
1568896444.3879998,-1614,570,None,Move,development
1568896444.404,-1615,572,None,Move,development
1568896444.472,-1615,572,Left,Pressed,development
1568896444.5229998,-1615,572,Left,Released,development
1568896444.589,-1615,572,Left,Pressed,development
1568896444.6420002,-1615,572,Left,Released,development
1568896444.742,-1614,572,None,Move,development
1568896444.758,-1609,567,None,Move,development
1568896444.774,-1594,557,None,Move,development
1568896444.789,-1578,547,None,Move,development
1568896444.805,-1556,537,None,Move,development
1568896444.821,-1530,527,None,Move,development
1568896444.836,-1512,518,None,Move,development
1568896444.842,-1504,515,None,Move,development
1568896444.8579998,-1492,509,None,Move,development
1568896444.873,-1481,503,None,Move,development
1568896444.889,-1474,498,None,Move,development
1568896444.905,-1472,496,None,Move,development
1568896444.92,-1471,496,None,Move,development
1568896444.936,-1471,495,None,Move,development
1568896444.9429998,-1470,494,None,Move,development
1568896444.959,-1468,491,None,Move,development
1568896444.974,-1466,489,None,Move,development
1568896444.99,-1464,485,None,Move,development
1568896445.005,-1462,482,None,Move,development
1568896445.021,-1460,478,None,Move,development
1568896445.036,-1457,474,None,Move,development
1568896445.043,-1456,471,None,Move,development
1568896445.059,-1454,468,None,Move,development
1568896445.074,-1452,461,None,Move,development
1568896445.09,-1450,457,None,Move,development
1568896445.106,-1447,453,None,Move,development
1568896445.121,-1444,451,None,Move,development
1568896445.143,-1441,449,None,Move,development
1568896445.159,-1438,448,None,Move,development
1568896445.174,-1435,446,None,Move,development
1568896445.19,-1430,445,None,Move,development
1568896445.206,-1426,445,None,Move,development
1568896445.221,-1421,444,None,Move,development
1568896445.2370002,-1416,444,None,Move,development
1568896445.2429998,-1414,444,None,Move,development
1568896445.2589998,-1410,444,None,Move,development
1568896445.275,-1406,444,None,Move,development
1568896445.29,-1404,444,None,Move,development
1568896445.306,-1403,444,None,Move,development
1568896445.321,-1401,445,None,Move,development
1568896445.337,-1399,446,None,Move,development
1568896445.344,-1397,446,None,Move,development
1568896445.359,-1394,448,None,Move,development
1568896445.375,-1393,448,None,Move,development
1568896445.391,-1392,448,None,Move,development
1568896445.4220002,-1391,448,None,Move,development
1568896445.437,-1391,448,None,Move,development
1568896445.46,-1390,448,None,Move,development
1568896445.745,-1390,448,Left,Pressed,development
1568896445.823,-1390,448,Left,Released,development
1568896445.8760002,-1390,448,None,Move,development
1568896445.8920002,-1388,448,None,Move,development
1568896445.907,-1382,446,None,Move,development
1568896445.923,-1376,444,None,Move,development
1568896445.939,-1370,440,None,Move,development
1568896445.945,-1367,434,None,Move,development
1568896445.961,-1362,423,None,Move,development
1568896445.976,-1362,418,None,Move,development
1568896449.8879998,-1351,432,None,Move,development
1568896449.904,-1328,465,None,Move,development
1568896449.92,-1310,485,None,Move,development
1568896449.935,-1291,509,None,Move,development
1568896449.941,-1281,523,None,Move,development
1568896449.957,-1260,553,None,Move,development
1568896449.9729998,-1250,570,None,Move,development
1568896449.988,-1244,580,None,Move,development
1568896450.0570002,-1244,582,None,Move,development
1568896450.073,-1244,586,None,Move,development
1568896450.089,-1238,614,None,Move,development
1568896450.104,-1234,623,None,Move,development
1568896450.12,-1227,629,None,Move,development
1568896450.135,-1225,630,None,Move,development
1568896450.173,-1225,630,Left,Pressed,development
1568896450.224,-1225,630,Left,Released,development
1568896450.389,-1224,630,None,Move,development
1568896450.405,-1224,628,None,Move,development
1568896450.42,-1220,615,None,Move,development
1568896450.436,-1217,606,None,Move,development
1568896450.4429998,-1216,602,None,Move,development
1568896450.458,-1214,596,None,Move,development
1568896450.474,-1212,594,None,Move,development
1568896450.806,-1217,592,None,Move,development
1568896450.822,-1277,573,None,Move,development
1568896450.837,-1378,541,None,Move,development
1568896450.844,-1429,525,None,Move,development
1568896450.859,-1546,486,None,Move,development
1568896450.875,-1582,474,None,Move,development
1568896450.891,-1655,448,None,Move,development
1568896450.906,-1671,441,None,Move,development
1568896450.9220002,-1675,438,None,Move,development
1568896450.938,-1678,435,None,Move,development
1568896450.944,-1681,433,None,Move,development
1568896450.96,-1685,429,None,Move,development
1568896450.975,-1695,421,None,Move,development
1568896450.9910002,-1704,414,None,Move,development
1568896451.0070002,-1715,405,None,Move,development
1568896451.022,-1720,400,None,Move,development
1568896451.038,-1738,383,None,Move,development
1568896451.044,-1746,376,None,Move,development
1568896451.06,-1758,365,None,Move,development
1568896451.075,-1765,358,None,Move,development
1568896451.091,-1768,353,None,Move,development
1568896451.107,-1771,348,None,Move,development
1568896451.1220002,-1772,347,None,Move,development
1568896451.1379998,-1772,346,None,Move,development
1568896451.144,-1772,346,None,Move,development
1568896451.16,-1774,344,None,Move,development
1568896451.175,-1774,343,None,Move,development
1568896451.191,-1774,343,None,Move,development
1568896451.207,-1774,341,None,Move,development
1568896451.222,-1775,338,None,Move,development
1568896451.238,-1777,337,None,Move,development
1568896451.244,-1778,335,None,Move,development
1568896451.26,-1781,329,None,Move,development
1568896451.276,-1783,326,None,Move,development
1568896451.291,-1787,321,None,Move,development
1568896451.3070002,-1793,314,None,Move,development
1568896451.323,-1799,307,None,Move,development
1568896451.3379998,-1801,304,None,Move,development
1568896451.345,-1802,303,None,Move,development
1568896451.36,-1804,299,None,Move,development
1568896451.3760002,-1806,296,None,Move,development
1568896451.3920002,-1807,295,None,Move,development
1568896451.407,-1809,293,None,Move,development
1568896451.423,-1809,293,None,Move,development
1568896451.445,-1811,292,None,Move,development
1568896451.677,-1811,291,None,Move,development
1568896451.6929998,-1813,288,None,Move,development
1568896451.708,-1813,288,None,Move,development
1568896451.724,-1814,286,None,Move,development
1568896451.7389998,-1815,283,None,Move,development
1568896451.746,-1817,281,None,Move,development
1568896451.762,-1817,279,None,Move,development
1568896451.7770002,-1818,277,None,Move,development
1568896451.909,-1818,277,Right,Pressed,development
1568896451.978,-1818,277,Right,Released,development
1568896452.0779998,-1818,276,None,Move,development
1568896452.094,-1816,276,None,Move,development
1568896452.11,-1803,276,None,Move,development
1568896452.125,-1778,278,None,Move,development
1568896452.141,-1749,286,None,Move,development
1568896452.147,-1726,294,None,Move,development
1568896452.1620002,-1672,319,None,Move,development
1568896452.178,-1626,349,None,Move,development
1568896452.194,-1595,380,None,Move,development
1568896452.209,-1571,425,None,Move,development
1568896452.225,-1569,448,None,Move,development
1568896452.2410002,-1571,476,None,Move,development
1568896452.2470002,-1575,495,None,Move,development
1568896452.2629998,-1585,532,None,Move,development
1568896452.278,-1592,564,None,Move,development
1568896452.294,-1599,584,None,Move,development
1568896452.31,-1605,608,None,Move,development
1568896452.325,-1607,625,None,Move,development
1568896452.341,-1609,638,None,Move,development
1568896452.347,-1609,647,None,Move,development
1568896452.363,-1607,662,None,Move,development
1568896452.3779998,-1604,677,None,Move,development
1568896452.397,-1599,695,None,Move,development
1568896452.413,-1595,709,None,Move,development
1568896452.428,-1591,716,None,Move,development
1568896452.444,-1588,720,None,Move,development
1568896452.447,-1588,722,None,Move,development
1568896452.4629998,-1585,727,None,Move,development
1568896452.478,-1578,741,None,Move,development
1568896452.494,-1577,744,None,Move,development
1568896452.51,-1575,748,None,Move,development
1568896452.525,-1575,749,None,Move,development
1568896452.563,-1574,749,None,Move,development
1568896452.579,-1574,749,None,Move,development
1568896452.594,-1573,741,None,Move,development
1568896452.61,-1571,736,None,Move,development
1568896452.6260002,-1570,728,None,Move,development
1568896452.641,-1570,712,None,Move,development
1568896452.6479998,-1570,706,None,Move,development
1568896452.663,-1570,691,None,Move,development
1568896452.679,-1570,678,None,Move,development
1568896452.695,-1570,671,None,Move,development
1568896452.71,-1570,660,None,Move,development
1568896452.726,-1571,657,None,Move,development
1568896452.742,-1572,652,None,Move,development
1568896452.748,-1572,649,None,Move,development
1568896452.7629998,-1574,645,None,Move,development
1568896452.779,-1575,643,None,Move,development
1568896453.211,-1575,646,None,Move,development
1568896453.2270002,-1575,675,None,Move,development
1568896453.242,-1572,721,None,Move,development
1568896453.2489998,-1569,749,None,Move,development
1568896453.264,-1568,778,None,Move,development
1568896453.28,-1568,802,None,Move,development
1568896453.296,-1568,820,None,Move,development
1568896453.311,-1568,827,None,Move,development
1568896453.327,-1568,834,None,Move,development
1568896453.343,-1568,836,None,Move,development
1568896453.349,-1569,839,None,Move,development
1568896453.365,-1569,842,None,Move,development
1568896453.38,-1569,844,None,Move,development
1568896453.5270002,-1569,844,None,Move,development
1568896453.549,-1569,842,None,Move,development
1568896453.565,-1569,841,None,Move,development
1568896453.58,-1569,840,None,Move,development
1568896453.596,-1569,837,None,Move,development
1568896453.611,-1569,834,None,Move,development
1568896453.627,-1567,829,None,Move,development
1568896453.643,-1565,826,None,Move,development
1568896453.649,-1565,824,None,Move,development
1568896453.696,-1564,824,None,Move,development
1568896453.712,-1563,822,None,Move,development
1568896454.467,-1553,822,None,Move,development
1568896454.482,-1523,822,None,Move,development
1568896454.498,-1496,822,None,Move,development
1568896454.514,-1471,822,None,Move,development
1568896454.529,-1453,822,None,Move,development
1568896454.545,-1442,822,None,Move,development
1568896454.551,-1440,821,None,Move,development
1568896454.5670002,-1437,821,None,Move,development
1568896454.583,-1434,820,None,Move,development
1568896454.5979998,-1432,818,None,Move,development
1568896454.6139998,-1429,818,None,Move,development
1568896454.63,-1428,816,None,Move,development
1568896454.645,-1426,816,None,Move,development
1568896454.651,-1425,815,None,Move,development
1568896454.667,-1423,814,None,Move,development
1568896454.6829998,-1420,811,None,Move,development
1568896454.698,-1417,808,None,Move,development
1568896454.714,-1415,803,None,Move,development
1568896454.73,-1412,798,None,Move,development
1568896454.745,-1410,792,None,Move,development
1568896454.752,-1409,788,None,Move,development
1568896454.7670002,-1408,782,None,Move,development
1568896454.783,-1406,779,None,Move,development
1568896454.799,-1405,774,None,Move,development
1568896454.814,-1404,772,None,Move,development
1568896454.83,-1403,769,None,Move,development
1568896454.845,-1403,767,None,Move,development
1568896455.585,-1401,766,None,Move,development
1568896455.601,-1400,765,None,Move,development
1568896455.6160002,-1399,765,None,Move,development
1568896455.6320002,-1397,764,None,Move,development
1568896455.654,-1395,762,None,Move,development
1568896455.67,-1394,761,None,Move,development
1568896455.685,-1393,761,None,Move,development
1568896456.271,-1394,761,None,Move,development
1568896456.286,-1398,767,None,Move,development
1568896456.302,-1405,776,None,Move,development
1568896456.3170002,-1420,791,None,Move,development
1568896456.333,-1437,807,None,Move,development
1568896456.349,-1457,825,None,Move,development
1568896456.355,-1466,833,None,Move,development
1568896456.371,-1487,849,None,Move,development
1568896456.3860002,-1515,869,None,Move,development
1568896456.4020002,-1530,883,None,Move,development
1568896456.418,-1554,901,None,Move,development
1568896456.4329998,-1579,924,None,Move,development
1568896456.449,-1595,942,None,Move,development
1568896456.455,-1602,949,None,Move,development
1568896456.471,-1609,960,None,Move,development
1568896456.486,-1612,964,None,Move,development
1568896456.502,-1612,967,None,Move,development
1568896456.518,-1613,968,None,Move,development
1568896456.533,-1613,969,None,Move,development
1568896456.549,-1613,974,None,Move,development
1568896456.556,-1614,975,None,Move,development
1568896456.571,-1614,981,None,Move,development
1568896456.587,-1616,987,None,Move,development
1568896456.6020002,-1616,993,None,Move,development
1568896456.6179998,-1616,998,None,Move,development
1568896456.6339998,-1616,1000,None,Move,development
1568896456.656,-1616,1001,None,Move,development
1568896456.6720002,-1616,1002,None,Move,development
1568896457.056,-1616,1001,None,Move,development
1568896457.072,-1615,997,None,Move,development
1568896457.0879998,-1612,987,None,Move,development
1568896457.103,-1608,976,None,Move,development
1568896457.119,-1603,964,None,Move,development
1568896457.135,-1601,957,None,Move,development
1568896457.15,-1599,950,None,Move,development
1568896457.156,-1598,946,None,Move,development
1568896457.1720002,-1595,936,None,Move,development
1568896457.188,-1594,923,None,Move,development
1568896457.2029998,-1591,916,None,Move,development
1568896457.219,-1589,910,None,Move,development
1568896457.235,-1588,905,None,Move,development
1568896457.256,-1587,900,None,Move,development
1568896457.272,-1586,894,None,Move,development
1568896457.288,-1585,889,None,Move,development
1568896457.303,-1584,886,None,Move,development
1568896457.319,-1584,885,None,Move,development
1568896457.335,-1584,884,None,Move,development
1568896457.435,-1584,883,None,Move,development
1568896457.457,-1584,878,None,Move,development
1568896457.472,-1584,875,None,Move,development
1568896457.488,-1584,870,None,Move,development
1568896457.504,-1583,865,None,Move,development
1568896457.519,-1582,857,None,Move,development
1568896457.535,-1581,850,None,Move,development
1568896457.55,-1581,849,None,Move,development
1568896457.5570002,-1581,848,None,Move,development
1568896457.789,-1581,850,None,Move,development
1568896457.805,-1581,852,None,Move,development
1568896457.82,-1581,855,None,Move,development
1568896457.836,-1580,857,None,Move,development
1568896457.851,-1580,858,None,Move,development
1568896457.8579998,-1579,860,None,Move,development
1568896457.8739998,-1579,861,None,Move,development
1568896457.89,-1579,862,None,Move,development
1568896458.306,-1577,868,None,Move,development
1568896458.321,-1575,875,None,Move,development
1568896458.337,-1575,877,None,Move,development
1568896458.353,-1574,884,None,Move,development
1568896458.359,-1573,886,None,Move,development
1568896458.375,-1572,887,None,Move,development
1568896459.409,-1564,887,None,Move,development
1568896459.425,-1556,888,None,Move,development
1568896459.441,-1526,890,None,Move,development
1568896459.4629998,-1468,900,None,Move,development
1568896459.478,-1420,910,None,Move,development
1568896459.494,-1392,918,None,Move,development
1568896459.51,-1378,921,None,Move,development
1568896459.525,-1374,922,None,Move,development
1568896459.579,-1371,923,None,Move,development
1568896459.594,-1363,930,None,Move,development
1568896459.61,-1355,935,None,Move,development
1568896459.6260002,-1349,938,None,Move,development
1568896459.641,-1345,941,None,Move,development
1568896459.663,-1341,944,None,Move,development
1568896459.679,-1336,947,None,Move,development
1568896459.694,-1333,949,None,Move,development
1568896459.71,-1331,950,None,Move,development
1568896459.725,-1330,951,None,Move,development
1568896459.779,-1329,951,None,Move,development
1568896459.794,-1329,951,None,Move,development
1568896459.995,-1329,951,Left,Pressed,development
1568896460.042,-1329,951,Left,Released,development
1568896461.7,-1330,944,None,Move,development
1568896461.715,-1333,917,None,Move,development
1568896461.731,-1333,878,None,Move,development
1568896461.7470002,-1331,815,None,Move,development
1568896461.762,-1325,742,None,Move,development
1568896461.769,-1321,716,None,Move,development
1568896461.784,-1316,652,None,Move,development
1568896461.8,-1314,622,None,Move,development
1568896461.816,-1313,567,None,Move,development
1568896461.831,-1313,539,None,Move,development
1568896461.847,-1312,515,None,Move,development
1568896461.869,-1312,499,None,Move,development
1568896461.885,-1315,485,None,Move,development
1568896461.9,-1317,475,None,Move,development
1568896461.916,-1319,469,None,Move,development
1568896461.9320002,-1322,460,None,Move,development
1568896461.947,-1326,446,None,Move,development
1568896461.9629998,-1332,429,None,Move,development
1568896461.969,-1334,421,None,Move,development
1568896461.985,-1340,406,None,Move,development
1568896462.0010002,-1345,395,None,Move,development
1568896462.016,-1352,383,None,Move,development
1568896462.032,-1360,373,None,Move,development
1568896462.0470002,-1364,369,None,Move,development
1568896462.07,-1369,364,None,Move,development
1568896462.085,-1371,362,None,Move,development
1568896462.101,-1373,360,None,Move,development
1568896463.752,-1374,360,None,Move,development
1568896463.768,-1378,365,None,Move,development
1568896463.774,-1380,366,None,Move,development
1568896463.79,-1382,368,None,Move,development
1568896463.806,-1387,373,None,Move,development
1568896463.821,-1392,377,None,Move,development
1568896463.837,-1400,381,None,Move,development
1568896463.853,-1404,384,None,Move,development
1568896463.8679998,-1408,386,None,Move,development
1568896463.875,-1410,388,None,Move,development
1568896463.89,-1413,391,None,Move,development
1568896463.906,-1415,392,None,Move,development
1568896463.9220002,-1416,392,None,Move,development
1568896463.937,-1417,393,None,Move,development
1568896463.9529998,-1417,395,None,Move,development
1568896463.968,-1419,396,None,Move,development
1568896463.975,-1420,399,None,Move,development
1568896463.9910002,-1421,402,None,Move,development
1568896464.006,-1424,407,None,Move,development
1568896464.022,-1424,412,None,Move,development
1568896464.0370002,-1426,416,None,Move,development
1568896464.053,-1426,419,None,Move,development
1568896464.069,-1427,424,None,Move,development
1568896464.075,-1427,426,None,Move,development
1568896464.091,-1427,429,None,Move,development
1568896464.107,-1427,436,None,Move,development
1568896464.1220002,-1427,438,None,Move,development
1568896464.1379998,-1427,439,None,Move,development
1568896464.153,-1427,441,None,Move,development
1568896464.169,-1427,442,None,Move,development
1568896464.176,-1427,444,None,Move,development
1568896464.191,-1427,446,None,Move,development
1568896464.207,-1427,451,None,Move,development
1568896464.222,-1428,455,None,Move,development
1568896464.238,-1432,458,None,Move,development
1568896464.254,-1440,461,None,Move,development
1568896464.269,-1452,463,None,Move,development
1568896464.276,-1459,464,None,Move,development
1568896464.292,-1480,466,None,Move,development
1568896464.3070002,-1505,466,None,Move,development
1568896464.323,-1519,466,None,Move,development
1568896464.3379998,-1563,467,None,Move,development
1568896464.354,-1576,467,None,Move,development
1568896464.37,-1603,465,None,Move,development
1568896464.3760002,-1613,465,None,Move,development
1568896464.3920002,-1627,465,None,Move,development
1568896464.407,-1636,465,None,Move,development
1568896464.423,-1640,465,None,Move,development
1568896464.439,-1643,466,None,Move,development
1568896464.454,-1646,467,None,Move,development
1568896464.47,-1647,467,None,Move,development
1568896464.476,-1648,469,None,Move,development
1568896464.492,-1649,470,None,Move,development
1568896464.508,-1649,471,None,Move,development
1568896464.5229998,-1650,472,None,Move,development
1568896464.539,-1651,474,None,Move,development
1568896464.555,-1652,476,None,Move,development
1568896464.57,-1654,480,None,Move,development
1568896464.577,-1657,482,None,Move,development
1568896464.592,-1659,484,None,Move,development
1568896464.6079998,-1663,489,None,Move,development
1568896464.6239998,-1666,493,None,Move,development
1568896464.639,-1667,497,None,Move,development
1568896464.655,-1668,500,None,Move,development
1568896464.671,-1670,503,None,Move,development
1568896464.6929998,-1670,504,None,Move,development
1568896464.708,-1671,507,None,Move,development
1568896464.724,-1672,509,None,Move,development
1568896464.74,-1673,512,None,Move,development
1568896464.755,-1674,514,None,Move,development
1568896464.771,-1676,515,None,Move,development
1568896464.793,-1676,516,None,Move,development
1568896464.824,-1676,517,None,Move,development
1568896464.84,-1676,518,None,Move,development
1568896464.855,-1676,521,None,Move,development
1568896464.8779998,-1677,524,None,Move,development
1568896464.893,-1677,525,None,Move,development
1568896464.94,-1677,526,None,Move,development
1568896464.956,-1677,527,None,Move,development
1568896465.2570002,-1677,529,None,Move,development
1568896465.279,-1677,530,None,Move,development
1568896465.295,-1678,532,None,Move,development
1568896465.31,-1679,533,None,Move,development
1568896465.326,-1679,533,None,Move,development
1568896465.341,-1679,534,None,Move,development
1568896465.395,-1679,534,Left,Pressed,development
1568896465.4420002,-1679,534,Left,Released,development
1568896465.5270002,-1679,534,Left,Pressed,development
1568896465.58,-1679,534,Left,Released,development
1568896466.41,-1679,534,None,Move,development
1568896466.426,-1670,530,None,Move,development
1568896466.441,-1661,525,None,Move,development
1568896466.457,-1654,522,None,Move,development
1568896466.4729998,-1651,521,None,Move,development
1568896466.8579998,-1648,517,None,Move,development
1568896466.8739998,-1645,515,None,Move,development
1568896466.896,-1630,510,None,Move,development
1568896466.9120002,-1602,500,None,Move,development
1568896466.927,-1558,486,None,Move,development
1568896466.9429998,-1481,456,None,Move,development
1568896466.958,-1411,427,None,Move,development
1568896466.974,-1350,407,None,Move,development
1568896466.99,-1297,395,None,Move,development
1568896466.996,-1273,390,None,Move,development
1568896467.012,-1254,387,None,Move,development
1568896467.0270002,-1244,384,None,Move,development
1568896467.074,-1242,384,None,Move,development
1568896467.097,-1242,384,Left,Pressed,development
1568896467.143,-1242,384,Left,Released,development
1568896467.228,-1242,384,None,Move,development
1568896467.244,-1247,382,None,Move,development
1568896467.2589998,-1260,378,None,Move,development
1568896467.275,-1280,371,None,Move,development
1568896467.291,-1303,361,None,Move,development
1568896467.2970002,-1321,354,None,Move,development
1568896467.313,-1355,341,None,Move,development
1568896467.3279998,-1384,330,None,Move,development
1568896467.344,-1393,327,None,Move,development
1568896467.36,-1407,321,None,Move,development
1568896467.375,-1419,316,None,Move,development
1568896467.391,-1432,311,None,Move,development
1568896467.397,-1435,310,None,Move,development
1568896467.413,-1446,308,None,Move,development
1568896467.429,-1451,308,None,Move,development
1568896467.444,-1455,308,None,Move,development
1568896467.46,-1463,308,None,Move,development
1568896467.476,-1476,310,None,Move,development
1568896467.4910002,-1493,313,None,Move,development
1568896467.498,-1503,315,None,Move,development
1568896467.529,-1519,320,None,Move,development
1568896467.545,-1532,335,None,Move,development
1568896467.56,-1542,346,None,Move,development
1568896467.576,-1546,350,None,Move,development
1568896467.591,-1553,357,None,Move,development
1568896467.6,-1556,361,None,Move,development
1568896467.61,-1562,369,None,Move,development
1568896467.62,-1563,372,None,Move,development
1568896467.63,-1564,379,None,Move,development
1568896467.6379998,-1566,389,None,Move,development
1568896467.64,-1567,395,None,Move,development
1568896467.651,-1569,404,None,Move,development
1568896467.661,-1572,411,None,Move,development
1568896467.669,-1575,419,None,Move,development
1568896467.679,-1580,428,None,Move,development
1568896467.694,-1589,440,None,Move,development
1568896467.71,-1596,446,None,Move,development
1568896467.726,-1604,451,None,Move,development
1568896467.7410002,-1613,459,None,Move,development
1568896467.7570002,-1624,471,None,Move,development
1568896467.772,-1636,486,None,Move,development
1568896467.779,-1644,496,None,Move,development
1568896467.795,-1668,519,None,Move,development
1568896467.81,-1688,533,None,Move,development
1568896467.826,-1710,553,None,Move,development
1568896467.841,-1724,580,None,Move,development
1568896467.857,-1737,615,None,Move,development
1568896467.879,-1751,654,None,Move,development
1568896467.895,-1759,675,None,Move,development
1568896467.911,-1763,690,None,Move,development
1568896467.926,-1764,703,None,Move,development
1568896467.9420002,-1764,711,None,Move,development
1568896467.957,-1763,716,None,Move,development
1568896467.9729998,-1763,719,None,Move,development
1568896467.98,-1763,720,None,Move,development
1568896467.995,-1764,722,None,Move,development
1568896468.0110002,-1769,725,None,Move,development
1568896468.026,-1776,729,None,Move,development
1568896468.042,-1780,732,None,Move,development
1568896468.0579998,-1786,733,None,Move,development
1568896468.08,-1793,736,None,Move,development
1568896468.095,-1799,737,None,Move,development
1568896468.111,-1811,741,None,Move,development
1568896468.127,-1832,750,None,Move,development
1568896468.1420002,-1845,753,None,Move,development
1568896468.158,-1857,756,None,Move,development
1568896468.174,-1860,757,None,Move,development
1568896468.18,-1861,757,None,Move,development
1568896468.196,-1862,757,None,Move,development
1568896468.211,-1864,757,None,Move,development
1568896468.2270002,-1866,757,None,Move,development
1568896468.2429998,-1872,757,None,Move,development
1568896468.258,-1879,757,None,Move,development
1568896468.274,-1885,757,None,Move,development
1568896468.28,-1888,757,None,Move,development
1568896468.296,-1889,757,None,Move,development
1568896468.312,-1891,757,None,Move,development
1568896468.359,-1892,757,None,Move,development
1568896468.3739998,-1894,758,None,Move,development
1568896468.4429998,-1894,758,None,Move,development
1568896468.459,-1894,753,None,Move,development
1568896468.481,-1893,750,None,Move,development
1568896468.4970002,-1892,746,None,Move,development
1568896468.528,-1890,743,None,Move,development
1568896468.544,-1890,742,None,Move,development
1568896468.559,-1889,741,None,Move,development
1568896468.6820002,-1888,741,Left,Pressed,development
1568896468.728,-1888,741,Left,Released,development
1568896468.813,-1888,739,None,Move,development
1568896468.829,-1884,738,None,Move,development
1568896468.845,-1870,731,None,Move,development
1568896468.86,-1851,722,None,Move,development
1568896468.8760002,-1807,696,None,Move,development
1568896468.8820002,-1772,674,None,Move,development
1568896468.8979998,-1697,610,None,Move,development
1568896468.914,-1612,525,None,Move,development
1568896468.929,-1536,453,None,Move,development
1568896468.945,-1504,424,None,Move,development
1568896468.96,-1461,385,None,Move,development
1568896468.976,-1446,369,None,Move,development
1568896468.982,-1443,364,None,Move,development
1568896468.998,-1441,358,None,Move,development
1568896469.014,-1440,352,None,Move,development
1568896469.029,-1439,350,None,Move,development
1568896469.045,-1439,349,None,Move,development
1568896469.061,-1439,347,None,Move,development
1568896469.076,-1439,346,None,Move,development
1568896469.082,-1439,345,None,Move,development
1568896469.0979998,-1439,343,None,Move,development
1568896469.1139998,-1439,337,None,Move,development
1568896469.129,-1439,331,None,Move,development
1568896469.145,-1439,327,None,Move,development
1568896469.161,-1439,324,None,Move,development
1568896469.176,-1437,319,None,Move,development
1568896469.1829998,-1436,317,None,Move,development
1568896469.198,-1433,311,None,Move,development
1568896469.214,-1432,307,None,Move,development
1568896469.23,-1432,307,None,Move,development
1568896469.377,-1432,304,None,Move,development
1568896469.383,-1433,304,None,Move,development
1568896469.399,-1433,302,None,Move,development
1568896469.414,-1434,302,None,Move,development
1568896469.43,-1438,297,None,Move,development
1568896469.445,-1439,296,None,Move,development
1568896469.461,-1440,295,None,Move,development
1568896469.4770002,-1441,293,None,Move,development
1568896469.4989998,-1442,292,None,Move,development
1568896469.514,-1442,291,None,Move,development
1568896469.53,-1443,290,None,Move,development
1568896469.546,-1444,289,None,Move,development
1568896469.615,-1444,289,Left,Pressed,development
1568896469.684,-1444,289,Left,Released,development
1568896469.762,-1444,289,Left,Pressed,development
1568896469.8,-1444,289,Left,Released,development
1568896470.0470002,-1443,289,None,Move,development
1568896470.063,-1439,289,None,Move,development
1568896470.0779998,-1433,290,None,Move,development
1568896470.085,-1430,290,None,Move,development
1568896470.101,-1426,290,None,Move,development
1568896470.1160002,-1421,291,None,Move,development
1568896470.147,-1419,292,None,Move,development
1568896470.201,-1415,293,None,Move,development
1568896470.3170002,-1414,293,None,Move,development
1568896470.333,-1410,293,None,Move,development
1568896470.3479998,-1404,293,None,Move,development
1568896470.3639998,-1399,292,None,Move,development
1568896470.3860002,-1395,292,None,Move,development
1568896470.4020002,-1393,292,None,Move,development
1568896470.417,-1391,292,None,Move,development
1568896470.4329998,-1390,292,None,Move,development
1568896470.448,-1389,292,None,Move,development
1568896470.464,-1386,293,None,Move,development
1568896470.486,-1385,293,None,Move,development
1568896471.822,-1383,292,None,Move,development
1568896471.8379998,-1377,281,None,Move,development
1568896479.559,-1380,282,None,Move,development
1568896479.575,-1387,287,None,Move,development
1568896479.59,-1395,297,None,Move,development
1568896479.606,-1400,303,None,Move,development
1568896479.6220002,-1406,311,None,Move,development
1568896479.6279998,-1409,314,None,Move,development
1568896479.644,-1414,318,None,Move,development
1568896479.659,-1420,322,None,Move,development
1568896479.675,-1424,327,None,Move,development
1568896479.728,-1423,328,None,Move,development
1568896479.744,-1421,328,None,Move,development
1568896479.76,-1420,327,None,Move,development
1568896479.86,-1421,327,None,Move,development
1568896479.875,-1429,328,None,Move,development
1568896479.891,-1434,330,None,Move,development
1568896479.907,-1435,331,None,Move,development
1568896479.9220002,-1436,331,None,Move,development
1568896479.976,-1436,331,None,Move,development
1568896479.9910002,-1438,331,None,Move,development
1568896480.0070002,-1439,331,None,Move,development
1568896480.091,-1439,331,Left,Pressed,development
1568896480.16,-1439,331,Left,Released,development
1568896480.222,-1439,331,Left,Pressed,development
1568896480.26,-1439,331,Left,Released,development
1568896480.3760002,-1439,333,None,Move,development
1568896480.391,-1439,338,None,Move,development
1568896480.407,-1439,341,None,Move,development
1568896480.423,-1439,341,None,Move,development
1568896480.429,-1439,342,None,Move,development
1568896480.445,-1439,342,None,Move,development
1568896480.46,-1439,343,None,Move,development
1568896480.476,-1439,344,None,Move,development
1568896480.7770002,-1439,344,Left,Pressed,development
1568896480.831,-1439,344,Left,Released,development
1568896480.931,-1439,344,Left,Pressed,development
1568896480.962,-1439,344,Left,Released,development
1568896481.194,-1439,360,None,Move,development
1568896481.209,-1436,376,None,Move,development
1568896481.225,-1433,396,None,Move,development
1568896481.232,-1428,413,None,Move,development
1568896481.2470002,-1414,459,None,Move,development
1568896481.2629998,-1402,494,None,Move,development
1568896481.279,-1394,515,None,Move,development
1568896481.294,-1384,533,None,Move,development
1568896481.31,-1376,548,None,Move,development
1568896481.325,-1369,557,None,Move,development
1568896481.332,-1366,561,None,Move,development
1568896481.347,-1365,562,None,Move,development
1568896481.494,-1365,562,None,Move,development
1568896481.51,-1365,550,None,Move,development
1568896481.526,-1368,534,None,Move,development
1568896481.532,-1371,525,None,Move,development
1568896481.563,-1381,505,None,Move,development
1568896481.579,-1403,473,None,Move,development
1568896481.595,-1415,457,None,Move,development
1568896481.61,-1423,447,None,Move,development
1568896481.6260002,-1425,445,None,Move,development
1568896481.6320002,-1425,444,None,Move,development
1568896481.6479998,-1426,443,None,Move,development
1568896481.664,-1426,443,None,Move,development
1568896481.679,-1426,441,None,Move,development
1568896481.695,-1426,440,None,Move,development
1568896481.711,-1427,439,None,Move,development
1568896481.726,-1427,437,None,Move,development
1568896481.7329998,-1427,436,None,Move,development
1568896481.748,-1428,430,None,Move,development
1568896481.764,-1430,426,None,Move,development
1568896481.78,-1431,421,None,Move,development
1568896481.795,-1432,420,None,Move,development
1568896481.811,-1432,419,None,Move,development
1568896481.827,-1432,418,None,Move,development
1568896481.833,-1433,418,None,Move,development
1568896481.849,-1433,415,None,Move,development
1568896481.8639998,-1433,413,None,Move,development
1568896481.88,-1433,411,None,Move,development
1568896481.896,-1434,409,None,Move,development
1568896481.911,-1434,408,None,Move,development
1568896482.05,-1434,408,None,Move,development
1568896482.065,-1426,417,None,Move,development
1568896482.081,-1422,421,None,Move,development
1568896482.096,-1420,424,None,Move,development
1568896482.1120002,-1415,428,None,Move,development
1568896482.1279998,-1412,431,None,Move,development
1568896482.1339998,-1411,431,None,Move,development
1568896482.15,-1408,434,None,Move,development
1568896482.165,-1405,437,None,Move,development
1568896482.181,-1402,440,None,Move,development
1568896482.197,-1400,442,None,Move,development
1568896482.212,-1397,444,None,Move,development
1568896482.228,-1394,447,None,Move,development
1568896482.234,-1392,449,None,Move,development
1568896482.25,-1391,450,None,Move,development
1568896482.266,-1390,450,None,Move,development
1568896482.281,-1389,451,None,Move,development
1568896482.2970002,-1388,452,None,Move,development
1568896482.313,-1388,453,None,Move,development
1568896482.3279998,-1387,454,None,Move,development
1568896482.335,-1387,454,None,Move,development
1568896482.351,-1386,455,None,Move,development
1568896482.435,-1385,457,None,Move,development
1568896482.451,-1384,458,None,Move,development
1568896482.466,-1382,462,None,Move,development
1568896482.482,-1380,465,None,Move,development
1568896482.498,-1378,469,None,Move,development
1568896482.5129998,-1376,473,None,Move,development
1568896482.535,-1375,476,None,Move,development
1568896482.551,-1373,478,None,Move,development
1568896482.5670002,-1372,481,None,Move,development
1568896482.583,-1370,485,None,Move,development
1568896482.5979998,-1369,487,None,Move,development
1568896482.6139998,-1368,488,None,Move,development
1568896482.629,-1368,490,None,Move,development
1568896482.6360002,-1367,490,None,Move,development
1568896482.651,-1366,493,None,Move,development
1568896482.667,-1365,496,None,Move,development
1568896482.6829998,-1362,502,None,Move,development
1568896482.698,-1361,507,None,Move,development
1568896482.714,-1359,512,None,Move,development
1568896482.736,-1357,519,None,Move,development
1568896482.752,-1356,523,None,Move,development
1568896482.768,-1356,527,None,Move,development
1568896482.783,-1355,531,None,Move,development
1568896482.799,-1354,534,None,Move,development
1568896482.814,-1354,536,None,Move,development
1568896482.83,-1354,537,None,Move,development
1568896482.836,-1355,538,None,Move,development
1568896482.8520002,-1356,538,None,Move,development
1568896482.867,-1362,539,None,Move,development
1568896482.883,-1377,539,None,Move,development
1568896482.899,-1402,537,None,Move,development
1568896482.914,-1438,530,None,Move,development
1568896482.93,-1480,523,None,Move,development
1568896482.937,-1500,521,None,Move,development
1568896482.968,-1543,519,None,Move,development
1568896482.984,-1564,519,None,Move,development
1568896482.9989998,-1593,525,None,Move,development
1568896483.015,-1610,529,None,Move,development
1568896483.031,-1623,533,None,Move,development
1568896483.0370002,-1626,534,None,Move,development
1568896483.052,-1636,537,None,Move,development
1568896483.0679998,-1645,538,None,Move,development
1568896483.083,-1649,540,None,Move,development
1568896483.099,-1652,540,None,Move,development
1568896483.115,-1657,541,None,Move,development
1568896483.13,-1663,538,None,Move,development
1568896483.137,-1665,538,None,Move,development
1568896483.1520002,-1667,536,None,Move,development
1568896483.168,-1668,536,None,Move,development
1568896483.284,-1668,537,None,Move,development
1568896483.3,-1668,538,None,Move,development
1568896483.316,-1668,538,None,Move,development
1568896483.331,-1668,539,None,Move,development
1568896483.3379998,-1668,540,None,Move,development
1568896483.353,-1668,543,None,Move,development
1568896483.369,-1668,545,None,Move,development
1568896483.385,-1668,548,None,Move,development
1568896483.4,-1668,549,None,Move,development
1568896483.416,-1668,550,None,Move,development
1568896483.454,-1668,551,None,Move,development
1568896483.554,-1668,551,Left,Pressed,development
1568896483.617,-1668,551,Left,Released,development
1568896483.8860002,-1668,551,Left,Pressed,development
1568896483.9870002,-1668,551,Left,Released,development
1568896484.103,-1668,551,None,Move,development
1568896484.1179998,-1665,549,None,Move,development
1568896484.1339998,-1650,544,None,Move,development
1568896484.14,-1639,540,None,Move,development
1568896484.156,-1613,531,None,Move,development
1568896484.171,-1576,518,None,Move,development
1568896484.187,-1541,503,None,Move,development
1568896484.202,-1517,488,None,Move,development
1568896484.218,-1491,467,None,Move,development
1568896484.234,-1469,444,None,Move,development
1568896484.24,-1460,428,None,Move,development
1568896484.256,-1452,418,None,Move,development
1568896484.272,-1440,394,None,Move,development
1568896484.2870002,-1432,374,None,Move,development
1568896484.303,-1430,361,None,Move,development
1568896484.3179998,-1428,349,None,Move,development
1568896484.334,-1428,348,None,Move,development
1568896484.403,-1428,345,None,Move,development
1568896484.419,-1428,344,None,Move,development
1568896484.434,-1429,341,None,Move,development
1568896484.441,-1429,340,None,Move,development
1568896484.456,-1429,338,None,Move,development
1568896484.472,-1430,335,None,Move,development
1568896484.488,-1432,332,None,Move,development
1568896484.5029998,-1434,328,None,Move,development
1568896484.519,-1437,325,None,Move,development
1568896484.541,-1439,324,None,Move,development
1568896484.556,-1440,322,None,Move,development
1568896484.572,-1441,322,None,Move,development
1568896484.5879998,-1441,321,None,Move,development
1568896484.603,-1442,320,None,Move,development
1568896484.673,-1442,318,None,Move,development
1568896484.689,-1442,317,None,Move,development
1568896484.704,-1443,312,None,Move,development
1568896484.72,-1443,309,None,Move,development
1568896484.742,-1443,305,None,Move,development
1568896484.7570002,-1443,300,None,Move,development
1568896484.7729998,-1443,299,None,Move,development
1568896484.842,-1443,297,None,Move,development
1568896484.8579998,-1443,295,None,Move,development
1568896484.905,-1443,294,Left,Pressed,development
1568896484.958,-1443,294,Left,Released,development
1568896485.043,-1443,294,Left,Pressed,development
1568896485.09,-1443,294,Left,Released,development
1568896485.221,-1443,295,None,Move,development
1568896485.2370002,-1443,303,None,Move,development
1568896485.2429998,-1443,306,None,Move,development
1568896485.2589998,-1443,311,None,Move,development
1568896485.275,-1443,314,None,Move,development
1568896485.29,-1443,317,None,Move,development
1568896485.56,-1443,317,None,Move,development
1568896485.591,-1443,313,None,Move,development
1568896485.6379998,-1443,312,None,Move,development
1568896485.676,-1443,312,Left,Pressed,development
1568896485.7610002,-1443,312,Left,Released,development
1568896485.8079998,-1443,312,Left,Pressed,development
1568896485.877,-1443,312,Left,Released,development
1568896485.992,-1443,312,None,Move,development
1568896486.008,-1443,315,None,Move,development
1568896486.024,-1443,319,None,Move,development
1568896486.039,-1443,321,None,Move,development
1568896486.045,-1443,322,None,Move,development
1568896486.061,-1443,325,None,Move,development
1568896486.077,-1443,328,None,Move,development
1568896486.092,-1443,331,None,Move,development
1568896486.4020002,-1443,331,Left,Pressed,development
1568896486.481,-1443,331,Left,Released,development
1568896486.544,-1443,331,Left,Pressed,development
1568896486.603,-1443,331,Left,Released,development
1568896486.935,-1443,332,None,Move,development
1568896486.951,-1443,336,None,Move,development
1568896486.966,-1443,338,None,Move,development
1568896486.982,-1444,343,None,Move,development
1568896486.9970002,-1445,347,None,Move,development
1568896487.004,-1445,349,None,Move,development
1568896487.02,-1446,350,None,Move,development
1568896487.198,-1446,350,Left,Pressed,development
1568896487.2670002,-1446,350,Left,Released,development
1568896487.367,-1446,350,Left,Pressed,development
1568896487.399,-1446,350,Left,Released,development
1568896487.552,-1446,351,None,Move,development
1568896487.5679998,-1444,357,None,Move,development
1568896487.583,-1440,361,None,Move,development
1568896487.599,-1419,381,None,Move,development
1568896487.606,-1410,387,None,Move,development
1568896487.621,-1388,397,None,Move,development
1568896487.637,-1362,409,None,Move,development
1568896487.6520002,-1325,422,None,Move,development
1568896487.668,-1299,432,None,Move,development
1568896487.684,-1289,435,None,Move,development
1568896487.706,-1270,440,None,Move,development
1568896487.722,-1268,441,None,Move,development
1568896487.806,-1269,441,None,Move,development
1568896487.822,-1272,439,None,Move,development
1568896487.837,-1285,436,None,Move,development
1568896487.853,-1308,429,None,Move,development
1568896487.869,-1331,423,None,Move,development
1568896487.8839998,-1358,415,None,Move,development
1568896487.9,-1378,411,None,Move,development
1568896487.907,-1386,409,None,Move,development
1568896487.9220002,-1400,405,None,Move,development
1568896487.938,-1422,396,None,Move,development
1568896487.954,-1443,390,None,Move,development
1568896487.969,-1450,387,None,Move,development
1568896487.985,-1473,378,None,Move,development
1568896488.0,-1500,367,None,Move,development
1568896488.0070002,-1512,362,None,Move,development
1568896488.022,-1534,353,None,Move,development
1568896488.038,-1559,344,None,Move,development
1568896488.054,-1579,339,None,Move,development
1568896488.069,-1601,335,None,Move,development
1568896488.085,-1617,333,None,Move,development
1568896488.101,-1631,332,None,Move,development
1568896488.107,-1636,331,None,Move,development
1568896488.123,-1645,331,None,Move,development
1568896488.1379998,-1651,329,None,Move,development
1568896488.154,-1657,327,None,Move,development
1568896488.17,-1664,326,None,Move,development
1568896488.185,-1672,325,None,Move,development
1568896488.201,-1675,325,None,Move,development
1568896488.207,-1681,325,None,Move,development
1568896488.2229998,-1689,324,None,Move,development
1568896488.2389998,-1698,324,None,Move,development
1568896488.254,-1708,322,None,Move,development
1568896488.27,-1718,320,None,Move,development
1568896488.286,-1725,320,None,Move,development
1568896488.301,-1730,318,None,Move,development
1568896488.3079998,-1731,318,None,Move,development
1568896488.323,-1735,317,None,Move,development
1568896488.339,-1738,316,None,Move,development
1568896488.355,-1740,316,None,Move,development
1568896488.37,-1743,314,None,Move,development
1568896488.3860002,-1745,313,None,Move,development
1568896488.408,-1748,310,None,Move,development
1568896488.424,-1751,307,None,Move,development
1568896488.439,-1753,304,None,Move,development
1568896488.455,-1755,302,None,Move,development
1568896488.471,-1759,298,None,Move,development
1568896488.486,-1765,293,None,Move,development
1568896488.502,-1781,286,None,Move,development
1568896488.508,-1789,281,None,Move,development
1568896488.524,-1799,277,None,Move,development
1568896488.54,-1806,273,None,Move,development
1568896488.555,-1810,272,None,Move,development
1568896488.571,-1811,272,None,Move,development
1568896488.587,-1811,271,None,Move,development
1568896488.6020002,-1815,271,None,Move,development
1568896488.609,-1817,271,None,Move,development
1568896488.6239998,-1819,270,None,Move,development
1568896488.64,-1825,269,None,Move,development
1568896488.656,-1831,267,None,Move,development
1568896488.841,-1833,267,None,Move,development
1568896488.8720002,-1834,267,None,Move,development
1568896489.311,-1834,267,Left,Pressed,development
1568896489.373,-1834,267,Left,Released,development
1568896489.712,-1834,268,None,Move,development
1568896489.7270002,-1824,276,None,Move,development
1568896489.7429998,-1804,288,None,Move,development
1568896489.7589998,-1789,297,None,Move,development
1568896489.774,-1722,343,None,Move,development
1568896489.79,-1682,373,None,Move,development
1568896489.812,-1655,401,None,Move,development
1568896489.8279998,-1619,476,None,Move,development
1568896489.843,-1611,524,None,Move,development
1568896489.859,-1607,555,None,Move,development
1568896489.875,-1607,581,None,Move,development
1568896489.89,-1607,591,None,Move,development
1568896489.9120002,-1607,596,None,Move,development
1568896489.928,-1607,597,None,Move,development
1568896489.944,-1607,598,None,Move,development
1568896489.959,-1608,599,None,Move,development
1568896489.975,-1612,599,None,Move,development
1568896489.9910002,-1621,598,None,Move,development
1568896490.006,-1634,589,None,Move,development
1568896490.0129998,-1640,580,None,Move,development
1568896490.028,-1659,556,None,Move,development
1568896490.044,-1683,516,None,Move,development
1568896490.06,-1721,450,None,Move,development
1568896490.075,-1768,360,None,Move,development
1568896490.091,-1795,303,None,Move,development
1568896490.113,-1804,277,None,Move,development
1568896490.1279998,-1804,273,None,Move,development
1568896490.144,-1805,270,None,Move,development
1568896490.159,-1806,265,None,Move,development
1568896490.175,-1807,261,None,Move,development
1568896490.191,-1807,259,None,Move,development
1568896490.206,-1808,257,None,Move,development
1568896490.2129998,-1808,256,None,Move,development
1568896490.228,-1809,253,None,Move,development
1568896490.244,-1811,249,None,Move,development
1568896490.26,-1815,243,None,Move,development
1568896490.275,-1818,237,None,Move,development
1568896490.291,-1820,229,None,Move,development
1568896490.3070002,-1820,223,None,Move,development
1568896490.313,-1820,220,None,Move,development
1568896490.326,-1820,219,None,Move,development
1568896490.332,-1820,218,None,Move,development
1568896490.3479998,-1820,215,None,Move,development
1568896490.363,-1820,213,None,Move,development
1568896490.379,-1820,208,None,Move,development
1568896490.395,-1820,203,None,Move,development
1568896490.429,-1820,201,Left,Pressed,development
1568896490.492,-1820,201,Left,Released,development
1568896490.545,-1820,201,None,Move,development
1568896490.561,-1822,204,None,Move,development
1568896490.576,-1824,214,None,Move,development
1568896490.592,-1828,225,None,Move,development
1568896490.607,-1832,234,None,Move,development
1568896490.6139998,-1833,239,None,Move,development
1568896490.629,-1835,247,None,Move,development
1568896490.645,-1835,254,None,Move,development
1568896490.661,-1835,261,None,Move,development
1568896490.676,-1835,263,None,Move,development
1568896490.6920002,-1835,274,None,Move,development
1568896490.707,-1835,277,None,Move,development
1568896490.714,-1835,279,None,Move,development
1568896490.73,-1834,281,None,Move,development
1568896490.814,-1834,281,Left,Pressed,development
1568896490.8920002,-1834,281,Left,Released,development
1568896490.946,-1834,281,Right,Pressed,development
1568896491.014,-1834,281,Right,Released,development
1568896491.077,-1833,282,None,Move,development
1568896491.093,-1821,287,None,Move,development
1568896491.1079998,-1801,301,None,Move,development
1568896491.115,-1791,310,None,Move,development
1568896491.13,-1774,328,None,Move,development
1568896491.146,-1753,359,None,Move,development
1568896491.1620002,-1739,390,None,Move,development
1568896491.177,-1710,483,None,Move,development
1568896491.1929998,-1704,515,None,Move,development
1568896491.208,-1697,577,None,Move,development
1568896491.215,-1695,615,None,Move,development
1568896491.231,-1691,674,None,Move,development
1568896491.246,-1688,724,None,Move,development
1568896491.262,-1688,762,None,Move,development
1568896491.2770002,-1688,780,None,Move,development
1568896491.293,-1688,783,None,Move,development
1568896491.309,-1688,791,None,Move,development
1568896491.315,-1688,793,None,Move,development
1568896491.331,-1688,794,None,Move,development
1568896491.347,-1688,796,None,Move,development
1568896491.462,-1688,798,None,Move,development
1568896491.478,-1686,799,None,Move,development
1568896491.4929998,-1684,807,None,Move,development
1568896491.5089998,-1680,818,None,Move,development
1568896491.516,-1677,825,None,Move,development
1568896491.531,-1675,832,None,Move,development
1568896491.5470002,-1670,840,None,Move,development
1568896491.562,-1667,843,None,Move,development
1568896491.5779998,-1665,845,None,Move,development
1568896491.594,-1663,846,None,Move,development
1568896491.609,-1661,849,None,Move,development
1568896491.6160002,-1659,852,None,Move,development
1568896491.6320002,-1655,860,None,Move,development
1568896491.647,-1652,865,None,Move,development
1568896491.663,-1648,868,None,Move,development
1568896491.694,-1648,868,None,Move,development
1568896491.732,-1647,869,None,Move,development
1568896491.7470002,-1647,871,None,Move,development
1568896491.7629998,-1646,873,None,Move,development
1568896491.779,-1644,877,None,Move,development
1568896491.794,-1643,879,None,Move,development
1568896491.81,-1642,881,None,Move,development
1568896491.816,-1642,882,None,Move,development
1568896491.832,-1641,884,None,Move,development
1568896491.8479998,-1639,887,None,Move,development
1568896491.863,-1637,895,None,Move,development
1568896491.879,-1635,907,None,Move,development
1568896491.895,-1635,917,None,Move,development
1568896491.91,-1634,922,None,Move,development
1568896491.917,-1634,923,None,Move,development
1568896491.9320002,-1634,924,None,Move,development
1568896491.948,-1634,924,None,Move,development
1568896491.964,-1633,926,None,Move,development
1568896491.979,-1633,931,None,Move,development
1568896491.995,-1633,932,None,Move,development
1568896492.0110002,-1631,934,None,Move,development
1568896492.0170002,-1631,935,None,Move,development
1568896492.033,-1631,935,None,Move,development
1568896492.048,-1631,937,None,Move,development
1568896492.064,-1630,937,None,Move,development
1568896492.08,-1630,939,None,Move,development
1568896492.095,-1629,940,None,Move,development
1568896492.3179998,-1628,943,None,Move,development
1568896492.333,-1627,945,None,Move,development
1568896492.349,-1626,949,None,Move,development
1568896492.365,-1625,954,None,Move,development
1568896492.38,-1623,958,None,Move,development
1568896492.396,-1623,963,None,Move,development
1568896492.4120002,-1623,967,None,Move,development
1568896492.418,-1623,970,None,Move,development
1568896492.434,-1623,976,None,Move,development
1568896492.449,-1623,978,None,Move,development
1568896492.496,-1623,978,None,Move,development
1568896492.512,-1623,973,None,Move,development
1568896492.518,-1623,968,None,Move,development
1568896492.534,-1623,954,None,Move,development
1568896492.55,-1625,937,None,Move,development
1568896492.565,-1627,918,None,Move,development
1568896492.581,-1628,900,None,Move,development
1568896492.597,-1628,895,None,Move,development
1568896492.619,-1627,882,None,Move,development
1568896492.6339998,-1627,876,None,Move,development
1568896492.65,-1627,873,None,Move,development
1568896492.666,-1627,869,None,Move,development
1568896492.681,-1626,866,None,Move,development
1568896492.697,-1626,863,None,Move,development
1568896493.0979998,-1625,861,None,Move,development
1568896493.113,-1623,858,None,Move,development
1568896493.12,-1623,855,None,Move,development
1568896493.1360002,-1622,850,None,Move,development
1568896493.151,-1618,839,None,Move,development
1568896493.167,-1616,821,None,Move,development
1568896493.1829998,-1616,795,None,Move,development
1568896493.198,-1616,781,None,Move,development
1568896493.214,-1616,769,None,Move,development
1568896493.22,-1616,767,None,Move,development
1568896493.236,-1616,764,None,Move,development
1568896493.336,-1616,765,None,Move,development
1568896493.351,-1616,768,None,Move,development
1568896493.367,-1618,773,None,Move,development
1568896493.383,-1622,786,None,Move,development
1568896493.3979998,-1627,799,None,Move,development
1568896493.414,-1631,818,None,Move,development
1568896493.42,-1633,825,None,Move,development
1568896493.436,-1634,840,None,Move,development
1568896493.452,-1636,858,None,Move,development
1568896493.467,-1637,869,None,Move,development
1568896493.4829998,-1637,873,None,Move,development
1568896493.4989998,-1637,879,None,Move,development
1568896493.514,-1635,883,None,Move,development
1568896493.521,-1635,885,None,Move,development
1568896493.536,-1635,887,None,Move,development
1568896493.552,-1634,888,None,Move,development
1568896493.621,-1634,890,None,Move,development
1568896493.637,-1634,891,None,Move,development
1568896493.6520002,-1634,892,None,Move,development
1568896493.837,-1634,892,Left,Pressed,development
1568896493.9,-1634,892,Left,Released,development
1568896493.9220002,-1633,892,None,Move,development
1568896493.938,-1632,892,None,Move,development
1568896493.9529998,-1625,889,None,Move,development
1568896493.969,-1619,889,None,Move,development
1568896493.984,-1607,889,None,Move,development
1568896494.0,-1597,889,None,Move,development
1568896494.016,-1568,895,None,Move,development
1568896494.022,-1558,897,None,Move,development
1568896494.038,-1535,903,None,Move,development
1568896494.054,-1501,910,None,Move,development
1568896494.069,-1477,918,None,Move,development
1568896494.085,-1462,927,None,Move,development
1568896494.101,-1453,937,None,Move,development
1568896494.1160002,-1450,940,None,Move,development
1568896494.1220002,-1446,947,None,Move,development
1568896494.1379998,-1443,952,None,Move,development
1568896494.154,-1440,955,None,Move,development
1568896494.169,-1439,956,None,Move,development
1568896494.185,-1436,959,None,Move,development
1568896494.2,-1434,962,None,Move,development
1568896494.216,-1432,964,None,Move,development
1568896494.222,-1429,967,None,Move,development
1568896494.238,-1427,969,None,Move,development
1568896494.254,-1424,971,None,Move,development
1568896494.27,-1420,971,None,Move,development
1568896494.285,-1417,973,None,Move,development
1568896494.301,-1414,973,None,Move,development
1568896494.316,-1412,973,None,Move,development
1568896494.323,-1410,973,None,Move,development
1568896494.339,-1408,972,None,Move,development
1568896494.354,-1405,970,None,Move,development
1568896494.37,-1404,968,None,Move,development
1568896494.385,-1404,967,None,Move,development
1568896494.401,-1403,965,None,Move,development
1568896494.423,-1402,964,None,Move,development
1568896494.439,-1400,964,None,Move,development
1568896494.455,-1400,963,None,Move,development
1568896494.47,-1399,963,None,Move,development
1568896494.655,-1398,961,None,Move,development
1568896494.686,-1397,960,None,Move,development
1568896494.702,-1396,959,None,Move,development
1568896494.724,-1395,958,None,Move,development
1568896494.74,-1395,958,None,Move,development
1568896494.755,-1395,957,None,Move,development
1568896494.771,-1394,956,None,Move,development
1568896494.871,-1394,956,Left,Pressed,development
1568896494.94,-1394,956,Left,Released,development
1568896495.04,-1393,956,None,Move,development
1568896495.056,-1371,956,None,Move,development
1568896495.072,-1351,956,None,Move,development
1568896495.087,-1305,954,None,Move,development
1568896495.103,-1274,949,None,Move,development
1568896495.125,-1148,918,None,Move,development
1568896495.141,-1049,880,None,Move,development
1568896495.156,-981,836,None,Move,development
1568896495.1720002,-936,783,None,Move,development
1568896495.187,-921,739,None,Move,development
1568896495.2029998,-914,710,None,Move,development
1568896495.219,-910,693,None,Move,development
1568896495.225,-909,692,None,Move,development
1568896495.3720002,-909,692,None,Move,development
1568896495.3879998,-907,691,None,Move,development
1568896495.404,-896,689,None,Move,development
1568896495.419,-881,686,None,Move,development
1568896495.426,-873,684,None,Move,development
1568896495.4420002,-866,678,None,Move,development
1568896495.457,-860,665,None,Move,development
1568896495.4729998,-854,644,None,Move,development
1568896495.488,-852,616,None,Move,development
1568896495.504,-852,585,None,Move,development
1568896495.52,-856,559,None,Move,development
1568896495.526,-860,543,None,Move,development
1568896495.542,-863,532,None,Move,development
1568896495.5570002,-866,517,None,Move,development
1568896495.573,-868,509,None,Move,development
1568896495.589,-869,503,None,Move,development
1568896495.604,-869,501,None,Move,development
1568896495.6260002,-869,501,Left,Pressed,development
1568896495.673,-869,501,Left,Released,development
1568896499.6160002,-879,501,None,Move,development
1568896499.6379998,-944,517,None,Move,development
1568896499.654,-1039,548,None,Move,development
1568896499.669,-1157,596,None,Move,development
1568896499.685,-1258,630,None,Move,development
1568896499.701,-1359,649,None,Move,development
1568896499.716,-1448,658,None,Move,development
1568896499.732,-1517,662,None,Move,development
1568896499.738,-1547,664,None,Move,development
1568896499.754,-1594,664,None,Move,development
1568896499.77,-1630,658,None,Move,development
1568896499.785,-1655,652,None,Move,development
1568896499.801,-1678,647,None,Move,development
1568896499.816,-1694,644,None,Move,development
1568896499.839,-1704,644,None,Move,development
1568896499.841,-1706,644,None,Move,development
1568896499.851,-1706,644,None,Move,development
1568896499.891,-1706,641,None,Move,development
1568896499.901,-1705,632,None,Move,development
1568896499.909,-1703,624,None,Move,development
1568896499.911,-1699,616,None,Move,development
1568896499.92,-1697,609,None,Move,development
1568896499.9320002,-1696,602,None,Move,development
1568896499.94,-1694,593,None,Move,development
1568896499.95,-1692,586,None,Move,development
1568896499.952,-1690,577,None,Move,development
1568896499.962,-1689,570,None,Move,development
1568896499.972,-1687,563,None,Move,development
1568896499.982,-1685,555,None,Move,development
1568896499.992,-1683,548,None,Move,development
1568896500.0,-1682,547,None,Move,development
1568896500.01,-1681,546,None,Move,development
1568896500.026,-1681,544,None,Move,development
1568896500.042,-1680,541,None,Move,development
1568896500.0570002,-1677,538,None,Move,development
1568896500.173,-1677,534,None,Move,development
1568896500.189,-1677,531,None,Move,development
1568896500.204,-1676,528,None,Move,development
1568896500.211,-1676,526,None,Move,development
1568896500.2270002,-1676,524,None,Move,development
1568896500.242,-1676,521,None,Move,development
1568896500.258,-1676,518,None,Move,development
1568896500.411,-1676,517,Left,Pressed,development
1568896500.474,-1676,517,Left,Released,development
1568896500.574,-1676,517,Left,Pressed,development
1568896500.627,-1676,517,Left,Released,development
1568896500.728,-1674,516,None,Move,development
1568896500.7429998,-1670,517,None,Move,development
1568896500.7589998,-1660,520,None,Move,development
1568896500.774,-1609,535,None,Move,development
1568896500.79,-1534,555,None,Move,development
1568896500.812,-1477,569,None,Move,development
1568896500.8279998,-1348,605,None,Move,development
1568896500.843,-1286,620,None,Move,development
1568896500.859,-1241,629,None,Move,development
1568896500.875,-1223,631,None,Move,development
1568896500.89,-1219,631,None,Move,development
1568896500.913,-1218,631,None,Move,development
1568896500.944,-1217,631,None,Move,development
1568896500.975,-1215,631,None,Move,development
1568896500.9910002,-1210,627,None,Move,development
1568896501.0129998,-1199,621,None,Move,development
1568896501.029,-1188,616,None,Move,development
1568896501.044,-1180,612,None,Move,development
1568896501.06,-1158,598,None,Move,development
1568896501.075,-1141,585,None,Move,development
1568896501.091,-1125,573,None,Move,development
1568896501.107,-1103,556,None,Move,development
1568896501.113,-1095,551,None,Move,development
1568896501.129,-1076,539,None,Move,development
1568896501.144,-1065,536,None,Move,development
1568896501.16,-1060,534,None,Move,development
1568896501.176,-1058,533,None,Move,development
1568896501.191,-1057,532,None,Move,development
1568896501.207,-1056,532,None,Move,development
1568896501.2129998,-1056,532,None,Move,development
1568896501.229,-1053,532,None,Move,development
1568896501.245,-1049,529,None,Move,development
1568896501.26,-1043,529,None,Move,development
1568896501.276,-1035,529,None,Move,development
1568896501.292,-1027,529,None,Move,development
1568896501.3070002,-1016,531,None,Move,development
1568896501.314,-1009,531,None,Move,development
1568896501.329,-1001,531,None,Move,development
1568896501.345,-995,531,None,Move,development
1568896501.361,-989,531,None,Move,development
1568896501.3760002,-984,531,None,Move,development
1568896501.3920002,-979,531,None,Move,development
1568896501.414,-973,529,None,Move,development
1568896501.43,-969,529,None,Move,development
1568896501.561,-969,528,Left,Pressed,development
1568896501.561,-969,528,None,Drag,development
1568896501.577,-969,526,None,Drag,development
1568896501.593,-969,516,None,Drag,development
1568896501.615,-971,509,None,Drag,development
1568896501.63,-972,499,None,Drag,development
1568896501.646,-973,496,None,Drag,development
1568896501.6620002,-974,493,None,Drag,development
1568896501.677,-974,491,None,Drag,development
1568896501.708,-974,490,None,Drag,development
1568896501.715,-974,489,None,Drag,development
1568896501.731,-974,488,None,Drag,development
1568896501.746,-975,486,None,Drag,development
1568896501.762,-975,485,None,Drag,development
1568896501.7770002,-976,480,None,Drag,development
1568896501.793,-978,476,None,Drag,development
1568896501.809,-978,472,None,Drag,development
1568896501.815,-979,471,None,Drag,development
1568896501.831,-979,469,None,Drag,development
1568896501.847,-980,466,None,Drag,development
1568896501.847,-980,466,Left,Released,development
1568896502.279,-980,468,None,Move,development
1568896502.31,-980,481,None,Move,development
1568896502.3170002,-976,505,None,Move,development
1568896502.332,-969,528,None,Move,development
1568896502.3479998,-966,534,None,Move,development
1568896502.3639998,-961,542,None,Move,development
1568896502.379,-959,544,None,Move,development
1568896502.417,-959,544,Left,Pressed,development
1568896502.48,-959,544,Left,Released,development
