client_timestamp,x,y,button,state,window
1570084066.783,674,48,Left,Pressed,browsing
1570084066.909,674,48,Left,Released,browsing
1570084134.426,674,53,None,Move,browsing
1570084134.437,675,61,None,Move,browsing
1570084134.445,675,65,None,Move,browsing
1570084134.447,677,69,None,Move,browsing
1570084134.457,680,73,None,Move,browsing
1570084134.4629998,682,75,None,Move,browsing
1570084134.472,684,77,None,Move,browsing
1570084134.482,689,78,None,Move,browsing
1570084134.4910002,693,79,None,Move,browsing
1570084134.4970002,695,79,None,Move,browsing
1570084134.5070002,699,79,None,Move,browsing
1570084134.5129998,700,79,None,Move,browsing
1570084134.521,702,76,None,Move,browsing
1570084134.528,705,71,None,Move,browsing
1570084134.536,707,64,None,Move,browsing
1570084134.545,708,58,None,Move,browsing
1570084134.553,708,51,None,Move,browsing
1570084134.561,708,46,None,Move,browsing
1570084134.569,708,39,None,Move,browsing
1570084134.574,707,36,None,Move,browsing
1570084134.584,706,34,None,Move,browsing
1570084134.59,706,33,None,Move,browsing
1570084134.6,704,31,None,Move,browsing
1570084134.606,704,30,None,Move,browsing
1570084134.6139998,703,27,None,Move,browsing
1570084134.623,702,26,None,Move,browsing
1570084134.631,702,26,None,Move,browsing
1570084134.639,702,25,None,Move,browsing
1570084134.644,702,24,None,Move,browsing
1570084134.7870002,698,28,None,Move,browsing
1570084134.794,695,33,None,Move,browsing
1570084134.802,694,35,None,Move,browsing
1570084134.81,693,40,None,Move,browsing
1570084134.819,692,46,None,Move,browsing
1570084134.827,692,55,None,Move,browsing
1570084134.83,692,66,None,Move,browsing
1570084134.841,692,80,None,Move,browsing
1570084134.849,692,99,None,Move,browsing
1570084134.856,695,122,None,Move,browsing
1570084134.865,698,142,None,Move,browsing
1570084134.873,702,168,None,Move,browsing
1570084134.88,708,193,None,Move,browsing
1570084134.889,715,222,None,Move,browsing
1570084134.897,719,241,None,Move,browsing
1570084134.903,723,262,None,Move,browsing
1570084134.911,727,275,None,Move,browsing
1570084134.919,730,289,None,Move,browsing
1570084134.925,732,301,None,Move,browsing
1570084134.935,734,312,None,Move,browsing
1570084134.941,736,321,None,Move,browsing
1570084134.949,737,329,None,Move,browsing
1570084134.958,737,336,None,Move,browsing
1570084134.965,737,342,None,Move,browsing
1570084134.975,737,347,None,Move,browsing
1570084134.981,737,351,None,Move,browsing
1570084134.9889998,737,355,None,Move,browsing
1570084134.995,737,362,None,Move,browsing
1570084135.005,736,368,None,Move,browsing
1570084135.0110002,735,372,None,Move,browsing
1570084135.021,733,377,None,Move,browsing
1570084135.03,732,380,None,Move,browsing
1570084135.0370002,732,382,None,Move,browsing
1570084135.045,732,383,None,Move,browsing
1570084135.053,732,384,None,Move,browsing
1570084135.059,732,384,None,Move,browsing
1570084135.0670002,736,387,None,Move,browsing
1570084135.071,737,388,None,Move,browsing
1570084135.082,739,389,None,Move,browsing
1570084135.0879998,742,391,None,Move,browsing
1570084135.095,744,392,None,Move,browsing
1570084135.103,745,393,None,Move,browsing
1570084135.1139998,747,393,None,Move,browsing
1570084135.123,748,393,None,Move,browsing
1570084135.246,749,394,None,Move,browsing
1570084135.285,748,394,None,Move,browsing
1570084135.293,748,393,None,Move,browsing
1570084135.301,746,392,None,Move,browsing
1570084135.309,746,392,None,Move,browsing
1570084135.313,745,391,None,Move,browsing
1570084135.329,744,389,None,Move,browsing
1570084135.341,744,389,None,Move,browsing
1570084135.357,744,387,None,Move,browsing
1570084135.3639998,744,386,None,Move,browsing
1570084135.371,744,385,None,Move,browsing
1570084135.377,744,385,None,Move,browsing
1570084135.3839998,744,384,None,Move,browsing
1570084135.395,744,384,None,Move,browsing
1570084135.403,744,383,None,Move,browsing
1570084135.419,744,383,None,Move,browsing
1570084135.4420002,743,381,None,Move,browsing
1570084135.457,743,380,None,Move,browsing
1570084135.472,743,379,None,Move,browsing
1570084135.4889998,744,377,None,Move,browsing
1570084135.496,745,376,None,Move,browsing
1570084135.505,746,375,None,Move,browsing
1570084135.519,746,375,None,Move,browsing
1570084135.559,746,374,None,Move,browsing
1570084135.583,747,374,None,Move,browsing
1570084135.793,747,373,None,Move,browsing
1570084135.8170002,747,372,None,Move,browsing
1570084135.83,747,372,None,Move,browsing
1570084135.8520002,747,371,None,Move,browsing
1570084135.8760002,748,370,None,Move,browsing
1570084135.895,748,370,None,Move,browsing
1570084135.917,748,368,None,Move,browsing
1570084135.9320002,749,368,None,Move,browsing
1570084135.957,749,367,None,Move,browsing
1570084136.051,749,367,None,Move,browsing
1570084136.446,749,367,None,Move,browsing
1570084136.461,749,367,None,Move,browsing
1570084136.469,748,367,None,Move,browsing
1570084136.532,750,368,None,Move,browsing
1570084136.539,759,373,None,Move,browsing
1570084136.549,768,376,None,Move,browsing
1570084136.554,782,380,None,Move,browsing
1570084136.564,795,382,None,Move,browsing
1570084136.573,814,384,None,Move,browsing
1570084136.577,834,386,None,Move,browsing
1570084136.589,859,386,None,Move,browsing
1570084136.595,881,385,None,Move,browsing
1570084136.6020002,907,382,None,Move,browsing
1570084136.609,931,378,None,Move,browsing
1570084136.619,954,373,None,Move,browsing
1570084136.625,973,369,None,Move,browsing
1570084136.6339998,997,363,None,Move,browsing
1570084136.641,1019,356,None,Move,browsing
1570084136.647,1038,351,None,Move,browsing
1570084136.659,1061,341,None,Move,browsing
1570084136.666,1076,335,None,Move,browsing
1570084136.673,1091,329,None,Move,browsing
1570084136.681,1103,324,None,Move,browsing
1570084136.686,1114,319,None,Move,browsing
1570084136.695,1121,316,None,Move,browsing
1570084136.704,1130,313,None,Move,browsing
1570084136.7129998,1135,311,None,Move,browsing
1570084136.72,1138,310,None,Move,browsing
1570084136.7270002,1139,309,None,Move,browsing
1570084136.736,1140,308,None,Move,browsing
1570084136.748,1140,308,None,Move,browsing
1570084136.758,1141,306,None,Move,browsing
1570084136.766,1141,304,None,Move,browsing
1570084136.774,1142,302,None,Move,browsing
1570084136.782,1142,300,None,Move,browsing
1570084136.79,1142,296,None,Move,browsing
1570084136.798,1143,290,None,Move,browsing
1570084136.8070002,1146,281,None,Move,browsing
1570084136.812,1149,275,None,Move,browsing
1570084136.8179998,1155,265,None,Move,browsing
1570084136.827,1160,256,None,Move,browsing
1570084136.836,1167,249,None,Move,browsing
1570084136.843,1174,240,None,Move,browsing
1570084136.853,1181,234,None,Move,browsing
1570084136.859,1188,229,None,Move,browsing
1570084136.869,1194,225,None,Move,browsing
1570084136.8760002,1197,223,None,Move,browsing
1570084136.8839998,1202,222,None,Move,browsing
1570084136.8920002,1202,222,None,Move,browsing
1570084136.899,1203,222,None,Move,browsing
1570084136.914,1204,222,None,Move,browsing
1570084136.931,1204,222,None,Move,browsing
1570084136.947,1205,222,None,Move,browsing
1570084136.97,1206,222,None,Move,browsing
1570084136.984,1206,223,None,Move,browsing
1570084137.008,1206,225,None,Move,browsing
1570084137.0170002,1206,227,None,Move,browsing
1570084137.025,1207,228,None,Move,browsing
1570084137.033,1208,231,None,Move,browsing
1570084137.039,1208,232,None,Move,browsing
1570084137.048,1208,234,None,Move,browsing
1570084137.055,1209,235,None,Move,browsing
1570084137.063,1210,238,None,Move,browsing
1570084137.071,1210,240,None,Move,browsing
1570084137.076,1210,241,None,Move,browsing
1570084137.087,1210,242,None,Move,browsing
1570084137.095,1210,243,None,Move,browsing
1570084137.1020002,1210,243,None,Move,browsing
1570084137.1079998,1210,244,None,Move,browsing
1570084137.133,1210,245,None,Move,browsing
1570084137.149,1210,246,None,Move,browsing
1570084137.165,1210,247,None,Move,browsing
1570084137.181,1210,248,None,Move,browsing
1570084137.258,1210,248,Left,Pressed,browsing
1570084137.258,1210,248,None,Drag,browsing
1570084137.278,1210,250,None,Drag,browsing
1570084137.2970002,1210,251,None,Drag,browsing
1570084137.313,1210,251,None,Drag,browsing
1570084137.3279998,1210,252,None,Drag,browsing
1570084137.329,1210,252,Left,Released,browsing
1570084137.3520002,1210,252,None,Move,browsing
1570084137.367,1209,252,None,Move,browsing
1570084137.391,1208,253,None,Move,browsing
1570084137.46,1207,253,None,Move,browsing
1570084137.4929998,1207,253,None,Move,browsing
1570084138.149,1198,249,None,Move,browsing
1570084138.167,1181,246,None,Move,browsing
1570084138.173,1161,239,None,Move,browsing
1570084138.1820002,1156,234,None,Move,browsing
1570084138.195,1153,227,None,Move,browsing
1570084138.202,1153,225,None,Move,browsing
1570084138.209,1153,222,None,Move,browsing
1570084138.212,1154,222,None,Move,browsing
1570084138.219,1157,221,None,Move,browsing
1570084138.229,1160,220,None,Move,browsing
1570084138.235,1162,219,None,Move,browsing
1570084138.245,1165,219,None,Move,browsing
1570084138.2510002,1171,220,None,Move,browsing
1570084138.26,1176,223,None,Move,browsing
1570084138.268,1183,226,None,Move,browsing
1570084138.279,1189,230,None,Move,browsing
1570084138.285,1194,234,None,Move,browsing
1570084138.29,1195,236,None,Move,browsing
1570084138.2970002,1198,240,None,Move,browsing
1570084138.305,1201,248,None,Move,browsing
1570084138.319,1203,252,None,Move,browsing
1570084138.325,1205,259,None,Move,browsing
1570084138.335,1207,265,None,Move,browsing
1570084138.343,1209,273,None,Move,browsing
1570084138.351,1210,280,None,Move,browsing
1570084138.356,1212,286,None,Move,browsing
1570084138.365,1214,293,None,Move,browsing
1570084138.3720002,1217,299,None,Move,browsing
1570084138.379,1218,302,None,Move,browsing
1570084138.389,1220,307,None,Move,browsing
1570084138.393,1221,307,None,Move,browsing
1570084138.405,1221,309,None,Move,browsing
1570084138.413,1222,310,None,Move,browsing
1570084138.421,1222,310,None,Move,browsing
1570084138.4329998,1222,311,None,Move,browsing
1570084138.529,1222,310,None,Move,browsing
1570084138.545,1222,309,None,Move,browsing
1570084138.5470002,1222,307,None,Move,browsing
1570084138.56,1222,307,None,Move,browsing
1570084138.569,1222,306,None,Move,browsing
1570084138.575,1222,305,None,Move,browsing
1570084138.591,1222,304,None,Move,browsing
1570084138.599,1222,303,None,Move,browsing
1570084138.684,1222,302,None,Move,browsing
1570084138.69,1222,300,None,Move,browsing
1570084138.706,1222,299,None,Move,browsing
1570084138.7129998,1222,296,None,Move,browsing
1570084138.7229998,1222,296,None,Move,browsing
1570084138.728,1222,295,None,Move,browsing
1570084138.738,1222,294,None,Move,browsing
1570084138.7429998,1222,293,None,Move,browsing
1570084138.7610002,1222,293,None,Move,browsing
1570084138.799,1222,293,Left,Pressed,browsing
1570084138.9120002,1222,293,Left,Released,browsing
1570084138.9729998,1222,293,None,Move,browsing
1570084138.9889998,1223,293,None,Move,browsing
1570084138.9970002,1224,294,None,Move,browsing
1570084139.004,1225,294,None,Move,browsing
1570084139.0129998,1225,295,None,Move,browsing
1570084139.028,1227,296,None,Move,browsing
1570084139.0370002,1227,296,None,Move,browsing
1570084139.048,1228,297,None,Move,browsing
1570084139.075,1228,297,None,Move,browsing
1570084139.091,1228,298,None,Move,browsing
1570084139.113,1229,298,None,Move,browsing
1570084139.1279998,1230,299,None,Move,browsing
1570084139.1520002,1231,299,None,Move,browsing
1570084139.177,1231,299,None,Move,browsing
1570084139.19,1231,299,Left,Pressed,browsing
1570084139.292,1231,299,Left,Released,browsing
1570084139.3070002,1231,299,None,Move,browsing
1570084149.946,1206,305,None,Move,browsing
1570084149.955,1174,310,None,Move,browsing
1570084149.9629998,1145,317,None,Move,browsing
1570084149.97,1114,322,None,Move,browsing
1570084149.9770002,1083,325,None,Move,browsing
1570084149.9870002,1054,328,None,Move,browsing
1570084149.992,1029,330,None,Move,browsing
1570084150.0029998,999,331,None,Move,browsing
1570084150.01,971,331,None,Move,browsing
1570084150.019,946,333,None,Move,browsing
1570084150.0229998,922,333,None,Move,browsing
1570084150.033,902,333,None,Move,browsing
1570084150.041,881,333,None,Move,browsing
1570084150.048,861,333,None,Move,browsing
1570084150.0570002,847,332,None,Move,browsing
1570084150.065,830,331,None,Move,browsing
1570084150.069,818,329,None,Move,browsing
1570084150.081,806,327,None,Move,browsing
1570084150.085,799,325,None,Move,browsing
1570084150.097,790,321,None,Move,browsing
1570084150.104,785,318,None,Move,browsing
1570084150.109,780,314,None,Move,browsing
1570084150.119,777,312,None,Move,browsing
1570084150.127,773,308,None,Move,browsing
1570084150.1339998,768,305,None,Move,browsing
1570084150.143,763,303,None,Move,browsing
1570084150.1520002,754,301,None,Move,browsing
1570084150.159,746,301,None,Move,browsing
1570084150.167,738,301,None,Move,browsing
1570084150.175,731,301,None,Move,browsing
1570084150.181,723,302,None,Move,browsing
1570084150.188,717,304,None,Move,browsing
1570084150.196,711,306,None,Move,browsing
1570084150.205,709,307,None,Move,browsing
1570084150.209,707,308,None,Move,browsing
1570084150.22,705,310,None,Move,browsing
1570084150.225,704,311,None,Move,browsing
1570084150.2370002,703,312,None,Move,browsing
1570084150.245,702,313,None,Move,browsing
1570084150.2489998,701,314,None,Move,browsing
1570084150.255,701,315,None,Move,browsing
1570084150.266,701,316,None,Move,browsing
1570084150.279,701,317,None,Move,browsing
1570084150.291,701,317,None,Move,browsing
1570084150.298,701,318,None,Move,browsing
1570084150.315,701,318,None,Move,browsing
1570084150.3279998,701,318,None,Move,browsing
1570084150.35,701,319,None,Move,browsing
1570084150.377,701,319,None,Move,browsing
1570084150.393,703,320,None,Move,browsing
1570084150.404,705,321,None,Move,browsing
1570084150.413,705,321,None,Move,browsing
1570084150.431,706,321,None,Move,browsing
1570084150.563,705,323,None,Move,browsing
1570084150.571,702,325,None,Move,browsing
1570084150.5779998,695,325,None,Move,browsing
1570084150.587,690,323,None,Move,browsing
1570084150.593,680,318,None,Move,browsing
1570084150.603,665,308,None,Move,browsing
1570084150.6079998,644,296,None,Move,browsing
1570084150.619,615,280,None,Move,browsing
1570084150.627,584,268,None,Move,browsing
1570084150.633,557,258,None,Move,browsing
1570084150.639,532,252,None,Move,browsing
1570084150.649,510,245,None,Move,browsing
1570084150.654,494,241,None,Move,browsing
1570084150.665,474,233,None,Move,browsing
1570084150.671,459,226,None,Move,browsing
1570084150.681,441,218,None,Move,browsing
1570084150.688,430,214,None,Move,browsing
1570084150.696,419,207,None,Move,browsing
1570084150.7029998,408,203,None,Move,browsing
1570084150.7129998,400,200,None,Move,browsing
1570084150.718,390,196,None,Move,browsing
1570084150.724,379,195,None,Move,browsing
1570084150.735,371,194,None,Move,browsing
1570084150.7429998,363,193,None,Move,browsing
1570084150.7510002,355,192,None,Move,browsing
1570084150.755,349,192,None,Move,browsing
1570084150.7670002,345,191,None,Move,browsing
1570084150.775,342,191,None,Move,browsing
1570084150.781,338,191,None,Move,browsing
1570084150.788,336,191,None,Move,browsing
1570084150.794,331,191,None,Move,browsing
1570084150.802,326,191,None,Move,browsing
1570084150.81,318,193,None,Move,browsing
1570084150.821,309,194,None,Move,browsing
1570084150.829,300,196,None,Move,browsing
1570084150.836,290,197,None,Move,browsing
1570084150.841,280,198,None,Move,browsing
1570084150.853,269,199,None,Move,browsing
1570084150.859,257,201,None,Move,browsing
1570084150.869,244,202,None,Move,browsing
1570084150.875,229,203,None,Move,browsing
1570084150.883,214,206,None,Move,browsing
1570084150.887,197,207,None,Move,browsing
1570084150.8979998,178,207,None,Move,browsing
1570084150.906,161,207,None,Move,browsing
1570084150.915,145,207,None,Move,browsing
1570084150.923,130,206,None,Move,browsing
1570084150.93,115,206,None,Move,browsing
1570084150.939,100,204,None,Move,browsing
1570084150.945,86,204,None,Move,browsing
1570084150.951,74,203,None,Move,browsing
1570084150.958,65,203,None,Move,browsing
1570084150.968,55,202,None,Move,browsing
1570084150.9770002,49,200,None,Move,browsing
1570084150.984,45,199,None,Move,browsing
1570084150.9889998,44,198,None,Move,browsing
1570084151.0010002,43,196,None,Move,browsing
1570084151.006,43,195,None,Move,browsing
1570084151.0170002,43,194,None,Move,browsing
1570084151.021,43,194,None,Move,browsing
1570084151.03,43,192,None,Move,browsing
1570084151.036,44,192,None,Move,browsing
1570084151.0470002,45,191,None,Move,browsing
1570084151.071,45,191,None,Move,browsing
1570084151.163,46,191,None,Move,browsing
1570084151.187,48,191,None,Move,browsing
1570084151.1929998,49,191,None,Move,browsing
1570084151.2029998,50,191,None,Move,browsing
1570084151.208,51,191,None,Move,browsing
1570084151.2270002,55,189,None,Move,browsing
1570084151.235,56,189,None,Move,browsing
1570084151.2429998,59,186,None,Move,browsing
1570084151.2489998,61,185,None,Move,browsing
1570084151.256,63,183,None,Move,browsing
1570084151.265,65,181,None,Move,browsing
1570084151.2729998,67,179,None,Move,browsing
1570084151.281,70,175,None,Move,browsing
1570084151.289,74,169,None,Move,browsing
1570084151.293,76,165,None,Move,browsing
1570084151.305,81,156,None,Move,browsing
1570084151.313,83,149,None,Move,browsing
1570084151.321,85,142,None,Move,browsing
1570084151.327,85,137,None,Move,browsing
1570084151.335,86,131,None,Move,browsing
1570084151.343,86,129,None,Move,browsing
1570084151.351,87,126,None,Move,browsing
1570084151.355,87,125,None,Move,browsing
1570084151.367,87,125,None,Move,browsing
1570084151.381,87,124,None,Move,browsing
1570084151.4770002,88,125,None,Move,browsing
1570084151.4829998,89,126,None,Move,browsing
1570084151.4889998,90,128,None,Move,browsing
1570084151.4989998,90,129,None,Move,browsing
1570084151.506,90,130,None,Move,browsing
1570084151.514,91,131,None,Move,browsing
1570084151.521,92,134,None,Move,browsing
1570084151.529,92,135,None,Move,browsing
1570084151.5370002,92,137,None,Move,browsing
1570084151.5470002,93,139,None,Move,browsing
1570084151.553,94,142,None,Move,browsing
1570084151.56,95,144,None,Move,browsing
1570084151.5679998,96,147,None,Move,browsing
1570084151.577,96,148,None,Move,browsing
1570084151.581,98,150,None,Move,browsing
1570084151.59,98,151,None,Move,browsing
1570084151.601,99,152,None,Move,browsing
1570084151.609,102,155,None,Move,browsing
1570084151.6160002,104,156,None,Move,browsing
1570084151.625,106,159,None,Move,browsing
1570084151.6279998,111,162,None,Move,browsing
1570084151.639,116,167,None,Move,browsing
1570084151.647,122,171,None,Move,browsing
1570084151.653,126,176,None,Move,browsing
1570084151.663,136,186,None,Move,browsing
1570084151.669,144,195,None,Move,browsing
1570084151.679,157,207,None,Move,browsing
1570084151.687,169,218,None,Move,browsing
1570084151.6920002,178,227,None,Move,browsing
1570084151.7029998,188,239,None,Move,browsing
1570084151.709,198,249,None,Move,browsing
1570084151.717,206,259,None,Move,browsing
1570084151.722,215,269,None,Move,browsing
1570084151.7329998,227,284,None,Move,browsing
1570084151.7410002,236,294,None,Move,browsing
1570084151.7489998,246,305,None,Move,browsing
1570084151.756,256,316,None,Move,browsing
1570084151.765,266,325,None,Move,browsing
1570084151.7729998,275,334,None,Move,browsing
1570084151.779,285,344,None,Move,browsing
1570084151.784,294,353,None,Move,browsing
1570084151.795,306,362,None,Move,browsing
1570084151.803,318,373,None,Move,browsing
1570084151.8079998,332,384,None,Move,browsing
1570084151.8179998,352,399,None,Move,browsing
1570084151.827,369,411,None,Move,browsing
1570084151.835,391,427,None,Move,browsing
1570084151.843,408,440,None,Move,browsing
1570084151.851,430,456,None,Move,browsing
1570084151.859,446,467,None,Move,browsing
1570084151.8620002,465,478,None,Move,browsing
1570084151.873,486,490,None,Move,browsing
1570084151.881,505,502,None,Move,browsing
1570084151.889,529,516,None,Move,browsing
1570084151.894,547,526,None,Move,browsing
1570084151.905,571,539,None,Move,browsing
1570084151.913,592,549,None,Move,browsing
1570084151.918,612,559,None,Move,browsing
1570084151.929,630,566,None,Move,browsing
1570084151.934,650,576,None,Move,browsing
1570084151.94,663,582,None,Move,browsing
1570084151.947,675,588,None,Move,browsing
1570084151.958,684,592,None,Move,browsing
1570084151.967,689,595,None,Move,browsing
1570084151.972,695,598,None,Move,browsing
1570084151.979,700,600,None,Move,browsing
1570084151.9889998,703,601,None,Move,browsing
1570084151.998,705,602,None,Move,browsing
1570084152.006,708,603,None,Move,browsing
1570084152.012,708,603,None,Move,browsing
1570084152.021,709,603,None,Move,browsing
1570084152.1279998,709,603,Left,Pressed,browsing
1570084152.1279998,709,603,None,Drag,browsing
1570084152.1279998,709,603,Left,Released,browsing
1570084152.3879998,709,603,None,Move,browsing
1570084152.407,709,602,None,Move,browsing
1570084152.426,709,600,None,Move,browsing
1570084152.435,709,599,None,Move,browsing
1570084152.44,708,596,None,Move,browsing
1570084152.451,707,593,None,Move,browsing
1570084152.456,707,589,None,Move,browsing
1570084152.467,707,586,None,Move,browsing
1570084152.472,707,583,None,Move,browsing
1570084152.481,708,582,None,Move,browsing
1570084152.4889998,713,580,None,Move,browsing
1570084152.4970002,715,579,None,Move,browsing
1570084152.5010002,717,579,None,Move,browsing
1570084152.5129998,721,579,None,Move,browsing
1570084152.52,725,579,None,Move,browsing
1570084152.529,730,579,None,Move,browsing
1570084152.535,737,579,None,Move,browsing
1570084152.542,746,581,None,Move,browsing
1570084152.55,754,584,None,Move,browsing
1570084152.559,756,585,None,Move,browsing
1570084152.801,756,586,None,Move,browsing
1570084152.809,756,587,None,Move,browsing
1570084152.8170002,755,587,None,Move,browsing
1570084152.833,755,588,None,Move,browsing
1570084152.84,755,589,None,Move,browsing
1570084152.863,755,590,None,Move,browsing
1570084152.877,755,591,None,Move,browsing
1570084152.954,754,591,None,Move,browsing
1570084152.981,754,591,None,Move,browsing
1570084153.019,754,592,None,Move,browsing
1570084153.042,752,593,None,Move,browsing
1570084153.0579998,751,593,None,Move,browsing
1570084153.075,751,593,None,Move,browsing
1570084153.096,751,592,None,Move,browsing
1570084153.111,751,591,None,Move,browsing
1570084153.1279998,751,590,None,Move,browsing
1570084153.145,751,589,None,Move,browsing
1570084153.158,751,589,None,Move,browsing
1570084153.175,753,587,None,Move,browsing
1570084153.188,754,587,None,Move,browsing
1570084153.208,755,587,None,Move,browsing
1570084153.2129998,756,587,None,Move,browsing
1570084153.219,757,586,None,Move,browsing
1570084153.2270002,758,586,None,Move,browsing
1570084153.234,760,585,None,Move,browsing
1570084153.244,761,585,None,Move,browsing
1570084153.252,764,584,None,Move,browsing
1570084153.2610002,766,582,None,Move,browsing
1570084153.269,772,581,None,Move,browsing
1570084153.274,776,579,None,Move,browsing
1570084153.285,783,577,None,Move,browsing
1570084153.29,792,574,None,Move,browsing
1570084153.301,803,569,None,Move,browsing
1570084153.305,817,565,None,Move,browsing
1570084153.3170002,839,557,None,Move,browsing
1570084153.32,866,549,None,Move,browsing
1570084153.331,893,541,None,Move,browsing
1570084153.339,934,528,None,Move,browsing
1570084153.347,975,517,None,Move,browsing
1570084153.354,1023,506,None,Move,browsing
1570084153.363,1076,496,None,Move,browsing
1570084153.369,1131,490,None,Move,browsing
1570084153.377,1190,482,None,Move,browsing
1570084153.387,1247,478,None,Move,browsing
1570084153.393,1302,474,None,Move,browsing
1570084153.401,1348,472,None,Move,browsing
1570084153.407,1390,470,None,Move,browsing
1570084153.414,1428,470,None,Move,browsing
1570084153.423,1466,470,None,Move,browsing
1570084153.4329998,1493,470,None,Move,browsing
1570084153.438,1512,470,None,Move,browsing
1570084153.447,1528,470,None,Move,browsing
1570084153.455,1538,470,None,Move,browsing
1570084153.462,1547,471,None,Move,browsing
1570084153.4729998,1551,471,None,Move,browsing
1570084153.478,1553,472,None,Move,browsing
1570084153.4870002,1553,472,None,Move,browsing
1570084153.4970002,1555,473,None,Move,browsing
1570084153.51,1554,474,None,Move,browsing
1570084153.518,1553,475,None,Move,browsing
1570084153.525,1550,475,None,Move,browsing
1570084153.535,1545,476,None,Move,browsing
1570084153.543,1539,477,None,Move,browsing
1570084153.548,1529,478,None,Move,browsing
1570084153.5570002,1518,481,None,Move,browsing
1570084153.565,1505,483,None,Move,browsing
1570084153.57,1490,485,None,Move,browsing
1570084153.581,1469,488,None,Move,browsing
1570084153.587,1444,491,None,Move,browsing
1570084153.597,1413,492,None,Move,browsing
1570084153.605,1382,496,None,Move,browsing
1570084153.613,1352,497,None,Move,browsing
1570084153.621,1316,497,None,Move,browsing
1570084153.627,1283,499,None,Move,browsing
1570084153.635,1245,499,None,Move,browsing
1570084153.64,1205,499,None,Move,browsing
1570084153.65,1164,499,None,Move,browsing
1570084153.659,1120,498,None,Move,browsing
1570084153.667,1084,496,None,Move,browsing
1570084153.673,1043,493,None,Move,browsing
1570084153.6829998,1004,489,None,Move,browsing
1570084153.691,967,484,None,Move,browsing
1570084153.699,931,481,None,Move,browsing
1570084153.705,892,475,None,Move,browsing
1570084153.714,853,472,None,Move,browsing
1570084153.72,813,466,None,Move,browsing
1570084153.726,777,461,None,Move,browsing
1570084153.7370002,742,454,None,Move,browsing
1570084153.742,707,445,None,Move,browsing
1570084153.752,680,439,None,Move,browsing
1570084153.758,656,433,None,Move,browsing
1570084153.769,634,427,None,Move,browsing
1570084153.775,618,424,None,Move,browsing
1570084153.783,597,418,None,Move,browsing
1570084153.791,580,413,None,Move,browsing
1570084153.799,559,408,None,Move,browsing
1570084153.805,542,403,None,Move,browsing
1570084153.815,523,396,None,Move,browsing
1570084153.82,508,390,None,Move,browsing
1570084153.827,492,383,None,Move,browsing
1570084153.8379998,480,375,None,Move,browsing
1570084153.847,470,370,None,Move,browsing
1570084153.85,459,364,None,Move,browsing
1570084153.861,447,358,None,Move,browsing
1570084153.8660002,436,352,None,Move,browsing
1570084153.877,425,345,None,Move,browsing
1570084153.885,415,340,None,Move,browsing
1570084153.89,404,336,None,Move,browsing
1570084153.901,396,331,None,Move,browsing
1570084153.909,386,327,None,Move,browsing
1570084153.917,378,325,None,Move,browsing
1570084153.925,371,323,None,Move,browsing
1570084153.928,362,321,None,Move,browsing
1570084153.936,351,318,None,Move,browsing
1570084153.948,343,316,None,Move,browsing
1570084153.9529998,335,312,None,Move,browsing
1570084153.96,324,308,None,Move,browsing
1570084153.971,315,305,None,Move,browsing
1570084153.9770002,304,300,None,Move,browsing
1570084153.9870002,293,296,None,Move,browsing
1570084153.992,279,290,None,Move,browsing
1570084154.0010002,261,282,None,Move,browsing
1570084154.006,248,273,None,Move,browsing
1570084154.018,237,265,None,Move,browsing
1570084154.0229998,229,258,None,Move,browsing
1570084154.033,222,250,None,Move,browsing
1570084154.038,217,243,None,Move,browsing
1570084154.046,213,236,None,Move,browsing
1570084154.054,211,230,None,Move,browsing
1570084154.063,208,224,None,Move,browsing
1570084154.071,206,219,None,Move,browsing
1570084154.0779998,203,215,None,Move,browsing
1570084154.087,199,211,None,Move,browsing
1570084154.095,197,209,None,Move,browsing
1570084154.103,194,205,None,Move,browsing
1570084154.109,192,203,None,Move,browsing
1570084154.119,191,203,None,Move,browsing
1570084154.127,189,200,None,Move,browsing
1570084154.1320002,188,197,None,Move,browsing
1570084154.1420002,187,195,None,Move,browsing
1570084154.151,186,194,None,Move,browsing
1570084154.155,185,192,None,Move,browsing
1570084154.164,185,190,None,Move,browsing
1570084154.1720002,183,187,None,Move,browsing
1570084154.181,183,187,None,Move,browsing
1570084154.189,181,185,None,Move,browsing
1570084154.195,180,181,None,Move,browsing
1570084154.205,177,179,None,Move,browsing
1570084154.21,174,174,None,Move,browsing
1570084154.221,171,171,None,Move,browsing
1570084154.229,169,168,None,Move,browsing
1570084154.234,164,165,None,Move,browsing
1570084154.2429998,162,163,None,Move,browsing
1570084154.2510002,156,160,None,Move,browsing
1570084154.2589998,152,160,None,Move,browsing
1570084154.2670002,145,158,None,Move,browsing
1570084154.275,141,157,None,Move,browsing
1570084154.281,134,156,None,Move,browsing
1570084154.291,130,156,None,Move,browsing
1570084154.298,124,156,None,Move,browsing
1570084154.3070002,117,156,None,Move,browsing
1570084154.312,112,156,None,Move,browsing
1570084154.3170002,106,156,None,Move,browsing
1570084154.3279998,102,156,None,Move,browsing
1570084154.334,98,157,None,Move,browsing
1570084154.342,95,157,None,Move,browsing
1570084154.353,94,157,None,Move,browsing
1570084154.36,91,158,None,Move,browsing
1570084154.367,91,159,None,Move,browsing
1570084154.3739998,89,160,None,Move,browsing
1570084154.385,87,161,None,Move,browsing
1570084154.389,86,161,None,Move,browsing
1570084154.399,85,162,None,Move,browsing
1570084154.405,83,164,None,Move,browsing
1570084154.4120002,80,168,None,Move,browsing
1570084154.4220002,79,168,None,Move,browsing
1570084154.43,76,171,None,Move,browsing
1570084154.439,74,174,None,Move,browsing
1570084154.445,73,174,None,Move,browsing
1570084154.452,72,176,None,Move,browsing
1570084154.46,71,178,None,Move,browsing
1570084154.469,71,178,None,Move,browsing
1570084154.4770002,70,180,None,Move,browsing
1570084154.485,70,180,None,Move,browsing
1570084154.522,69,181,None,Move,browsing
1570084154.5470002,69,182,None,Move,browsing
1570084154.563,69,184,None,Move,browsing
1570084154.571,69,185,None,Move,browsing
1570084154.584,68,186,None,Move,browsing
1570084154.595,68,187,None,Move,browsing
1570084154.603,68,188,None,Move,browsing
1570084154.609,68,189,None,Move,browsing
1570084154.617,68,190,None,Move,browsing
1570084154.633,68,191,None,Move,browsing
1570084154.649,68,191,None,Move,browsing
1570084154.698,68,192,None,Move,browsing
1570084154.7510002,68,193,None,Move,browsing
1570084154.851,68,194,None,Move,browsing
1570084154.867,68,194,None,Move,browsing
1570084154.89,68,195,None,Move,browsing
1570084154.907,68,196,None,Move,browsing
1570084154.921,68,197,None,Move,browsing
1570084154.935,68,198,None,Move,browsing
1570084155.021,68,198,None,Move,browsing
1570084155.117,68,196,None,Move,browsing
1570084155.125,68,194,None,Move,browsing
1570084155.1320002,68,192,None,Move,browsing
1570084155.141,69,190,None,Move,browsing
1570084155.149,70,188,None,Move,browsing
1570084155.155,70,186,None,Move,browsing
1570084155.1620002,72,183,None,Move,browsing
1570084155.171,72,182,None,Move,browsing
1570084155.179,73,180,None,Move,browsing
1570084155.187,73,179,None,Move,browsing
1570084155.195,74,178,None,Move,browsing
1570084155.2,74,177,None,Move,browsing
1570084155.211,74,177,None,Move,browsing
1570084155.219,75,175,None,Move,browsing
1570084155.2270002,75,175,None,Move,browsing
1570084155.248,75,174,None,Move,browsing
1570084155.4970002,76,174,None,Move,browsing
1570084155.535,76,174,None,Move,browsing
1570084155.553,76,177,None,Move,browsing
1570084155.56,76,184,None,Move,browsing
1570084155.569,76,190,None,Move,browsing
1570084155.574,75,199,None,Move,browsing
1570084155.585,74,209,None,Move,browsing
1570084155.593,74,220,None,Move,browsing
1570084155.601,74,233,None,Move,browsing
1570084155.606,74,251,None,Move,browsing
1570084155.6139998,80,286,None,Move,browsing
1570084155.621,92,322,None,Move,browsing
1570084155.63,106,370,None,Move,browsing
1570084155.637,126,425,None,Move,browsing
1570084155.645,149,483,None,Move,browsing
1570084155.6520002,174,540,None,Move,browsing
1570084155.6620002,199,603,None,Move,browsing
1570084155.669,224,669,None,Move,browsing
1570084155.677,247,732,None,Move,browsing
1570084155.684,271,774,None,Move,browsing
1570084155.6920002,286,823,None,Move,browsing
1570084155.699,302,872,None,Move,browsing
1570084155.707,317,919,None,Move,browsing
1570084155.717,331,965,None,Move,browsing
1570084155.7229998,345,996,None,Move,browsing
1570084155.7329998,357,1026,None,Move,browsing
1570084155.7389998,366,1049,None,Move,browsing
1570084155.7489998,371,1066,None,Move,browsing
1570084155.7570002,374,1075,None,Move,browsing
1570084155.764,377,1083,None,Move,browsing
1570084155.769,379,1083,None,Move,browsing
1570084155.779,380,1081,None,Move,browsing
1570084155.785,380,1080,None,Move,browsing
1570084155.796,380,1079,None,Move,browsing
1570084155.833,380,1079,None,Move,browsing
1570084155.847,379,1079,None,Move,browsing
1570084155.857,377,1078,None,Move,browsing
1570084155.865,376,1075,None,Move,browsing
1570084155.869,375,1074,None,Move,browsing
1570084155.881,375,1074,None,Move,browsing
1570084155.889,375,1073,None,Move,browsing
1570084155.905,373,1072,None,Move,browsing
1570084155.91,371,1072,None,Move,browsing
1570084155.918,370,1072,None,Move,browsing
1570084155.927,368,1070,None,Move,browsing
1570084155.935,364,1067,None,Move,browsing
1570084155.94,360,1062,None,Move,browsing
1570084155.951,357,1057,None,Move,browsing
1570084155.959,352,1052,None,Move,browsing
1570084155.964,345,1045,None,Move,browsing
1570084155.975,340,1040,None,Move,browsing
1570084155.9829998,336,1036,None,Move,browsing
1570084155.9889998,332,1032,None,Move,browsing
1570084155.9989998,327,1029,None,Move,browsing
1570084156.004,323,1026,None,Move,browsing
1570084156.01,319,1025,None,Move,browsing
1570084156.02,316,1023,None,Move,browsing
1570084156.026,314,1023,None,Move,browsing
1570084156.033,313,1023,None,Move,browsing
1570084156.051,312,1023,None,Move,browsing
1570084156.082,312,1023,None,Move,browsing
1570084156.099,312,1024,None,Move,browsing
1570084156.107,312,1026,None,Move,browsing
1570084156.115,312,1027,None,Move,browsing
1570084156.121,312,1027,None,Move,browsing
1570084156.139,311,1029,None,Move,browsing
1570084156.1520002,311,1029,None,Move,browsing
1570084156.161,310,1030,None,Move,browsing
1570084156.176,309,1032,None,Move,browsing
1570084156.1820002,308,1035,None,Move,browsing
1570084156.191,308,1037,None,Move,browsing
1570084156.201,308,1040,None,Move,browsing
1570084156.206,308,1042,None,Move,browsing
1570084156.217,308,1044,None,Move,browsing
1570084156.222,308,1048,None,Move,browsing
1570084156.231,308,1051,None,Move,browsing
1570084156.2389998,308,1052,None,Move,browsing
1570084156.246,308,1054,None,Move,browsing
1570084156.256,308,1056,None,Move,browsing
1570084156.262,308,1057,None,Move,browsing
1570084156.271,308,1058,None,Move,browsing
1570084156.278,308,1060,None,Move,browsing
1570084156.283,308,1060,None,Move,browsing
1570084156.37,308,1061,None,Move,browsing
1570084156.399,308,1062,None,Move,browsing
1570084156.444,308,1062,Left,Pressed,browsing
1570084156.514,308,1062,Left,Released,browsing
1570084156.5670002,308,1062,None,Move,office
1570084156.591,308,1061,None,Move,office
1570084156.599,309,1059,None,Move,office
1570084156.607,310,1058,None,Move,office
1570084156.621,311,1057,None,Move,office
1570084156.6279998,312,1056,None,Move,office
1570084156.6360002,312,1055,None,Move,office
1570084156.645,313,1053,None,Move,office
1570084156.6520002,314,1052,None,Move,office
1570084156.661,317,1047,None,Move,office
1570084156.669,320,1039,None,Move,office
1570084156.677,324,1026,None,Move,office
1570084156.685,328,1007,None,Move,office
1570084156.69,334,983,None,Move,office
1570084156.699,343,950,None,Move,office
1570084156.7029998,353,918,None,Move,office
1570084156.715,363,887,None,Move,office
1570084156.72,379,853,None,Move,office
1570084156.7270002,394,817,None,Move,office
1570084156.7389998,410,778,None,Move,office
1570084156.7429998,425,742,None,Move,office
1570084156.754,436,699,None,Move,office
1570084156.7629998,441,673,None,Move,office
1570084156.769,446,633,None,Move,office
1570084156.7770002,450,594,None,Move,office
1570084156.785,450,556,None,Move,office
1570084156.793,450,521,None,Move,office
1570084156.8,450,494,None,Move,office
1570084156.805,450,475,None,Move,office
1570084156.815,450,458,None,Move,office
1570084156.821,450,444,None,Move,office
1570084156.833,451,432,None,Move,office
1570084156.84,453,421,None,Move,office
1570084156.847,456,411,None,Move,office
1570084156.8520002,459,401,None,Move,office
1570084156.8579998,464,390,None,Move,office
1570084156.8679998,468,381,None,Move,office
1570084156.875,472,372,None,Move,office
1570084156.883,477,364,None,Move,office
1570084156.891,479,355,None,Move,office
1570084156.9020002,481,350,None,Move,office
1570084156.907,481,345,None,Move,office
1570084156.917,481,343,None,Move,office
1570084156.9220002,481,342,None,Move,office
1570084156.931,481,341,None,Move,office
1570084156.938,481,341,None,Move,office
1570084156.95,481,340,None,Move,office
1570084156.979,480,340,None,Move,office
1570084156.985,472,342,None,Move,office
1570084157.0029998,465,342,None,Move,office
1570084157.0110002,459,342,None,Move,office
1570084157.0170002,453,342,None,Move,office
1570084157.024,447,339,None,Move,office
1570084157.035,440,334,None,Move,office
1570084157.043,433,327,None,Move,office
1570084157.049,428,323,None,Move,office
1570084157.0570002,421,315,None,Move,office
1570084157.065,417,313,None,Move,office
1570084157.073,414,310,None,Move,office
1570084157.08,411,307,None,Move,office
1570084157.086,408,306,None,Move,office
1570084157.093,405,303,None,Move,office
1570084157.103,403,302,None,Move,office
1570084157.11,400,300,None,Move,office
1570084157.1179998,400,299,None,Move,office
1570084157.1260002,399,298,None,Move,office
1570084157.137,399,298,None,Move,office
1570084157.15,398,298,None,Move,office
1570084157.155,396,298,None,Move,office
1570084157.179,395,299,None,Move,office
1570084157.191,394,300,None,Move,office
1570084157.196,393,302,None,Move,office
1570084157.204,392,303,None,Move,office
1570084157.211,391,304,None,Move,office
1570084157.219,389,307,None,Move,office
1570084157.2270002,388,308,None,Move,office
1570084157.232,386,310,None,Move,office
1570084157.242,385,312,None,Move,office
1570084157.2489998,382,314,None,Move,office
1570084157.256,382,315,None,Move,office
1570084157.268,381,316,None,Move,office
1570084157.272,380,317,None,Move,office
1570084157.28,379,317,None,Move,office
1570084157.2970002,379,318,None,Move,office
1570084157.383,378,318,None,Move,office
1570084157.389,378,318,Left,Pressed,office
1570084157.48,378,318,Left,Released,office
1570084157.619,380,318,None,Move,office
1570084157.627,381,318,None,Move,office
1570084157.6339998,384,319,None,Move,office
1570084157.643,386,319,None,Move,office
1570084157.651,391,319,None,Move,office
1570084157.658,396,320,None,Move,office
1570084157.667,405,321,None,Move,office
1570084157.674,413,321,None,Move,office
1570084157.681,424,322,None,Move,office
1570084157.688,439,326,None,Move,office
1570084157.697,461,332,None,Move,office
1570084157.705,496,340,None,Move,office
1570084157.712,531,349,None,Move,office
1570084157.721,577,363,None,Move,office
1570084157.729,626,376,None,Move,office
1570084157.7370002,675,394,None,Move,office
1570084157.744,726,408,None,Move,office
1570084157.752,783,422,None,Move,office
1570084157.7610002,836,436,None,Move,office
1570084157.766,887,448,None,Move,office
1570084157.775,936,459,None,Move,office
1570084157.782,982,475,None,Move,office
1570084157.79,1023,486,None,Move,office
1570084157.799,1053,498,None,Move,office
1570084157.8070002,1081,506,None,Move,office
1570084157.814,1098,512,None,Move,office
1570084157.823,1110,515,None,Move,office
1570084157.831,1119,517,None,Move,office
1570084157.836,1125,517,None,Move,office
1570084157.845,1128,517,None,Move,office
1570084157.8520002,1130,517,None,Move,office
1570084157.861,1131,517,None,Move,office
1570084157.869,1131,517,None,Move,office
1570084157.885,1131,516,None,Move,office
1570084157.909,1126,514,None,Move,office
1570084157.915,1119,514,None,Move,office
1570084157.923,1111,513,None,Move,office
1570084157.931,1103,512,None,Move,office
1570084157.939,1092,509,None,Move,office
1570084157.9420002,1078,504,None,Move,office
1570084157.954,1066,499,None,Move,office
1570084157.958,1052,493,None,Move,office
1570084157.97,1039,487,None,Move,office
1570084157.975,1025,481,None,Move,office
1570084157.986,1014,477,None,Move,office
1570084157.9910002,1004,472,None,Move,office
1570084158.0,996,470,None,Move,office
1570084158.005,988,468,None,Move,office
1570084158.0170002,982,467,None,Move,office
1570084158.021,978,467,None,Move,office
1570084158.033,975,467,None,Move,office
1570084158.036,973,467,None,Move,office
1570084158.048,972,467,None,Move,office
1570084158.052,971,467,None,Move,office
1570084158.1020002,971,467,None,Move,office
1570084158.127,971,470,None,Move,office
1570084158.135,971,475,None,Move,office
1570084158.141,974,479,None,Move,office
1570084158.149,979,484,None,Move,office
1570084158.157,983,488,None,Move,office
1570084158.164,988,491,None,Move,office
1570084158.1720002,998,496,None,Move,office
1570084158.181,1006,502,None,Move,office
1570084158.186,1016,506,None,Move,office
1570084158.1929998,1025,513,None,Move,office
1570084158.205,1031,517,None,Move,office
1570084158.209,1040,523,None,Move,office
1570084158.219,1046,528,None,Move,office
1570084158.2229998,1050,531,None,Move,office
1570084158.2329998,1055,534,None,Move,office
1570084158.2389998,1058,535,None,Move,office
1570084158.2510002,1063,537,None,Move,office
1570084158.255,1065,537,None,Move,office
1570084158.2670002,1067,537,None,Move,office
1570084158.271,1069,537,None,Move,office
1570084158.28,1070,537,None,Move,office
1570084158.289,1070,536,None,Move,office
1570084158.2970002,1071,535,None,Move,office
1570084158.302,1072,534,None,Move,office
1570084158.3179998,1072,533,None,Move,office
1570084158.325,1072,532,None,Move,office
1570084158.334,1072,531,None,Move,office
1570084158.342,1072,529,None,Move,office
1570084158.35,1072,529,None,Move,office
1570084158.357,1072,528,None,Move,office
1570084158.3660002,1072,526,None,Move,office
1570084158.371,1072,526,None,Move,office
1570084158.381,1072,525,None,Move,office
1570084158.3879998,1072,524,None,Move,office
1570084158.397,1071,522,None,Move,office
1570084158.405,1069,520,None,Move,office
1570084158.415,1066,516,None,Move,office
1570084158.421,1061,513,None,Move,office
1570084158.428,1054,510,None,Move,office
1570084158.436,1047,508,None,Move,office
1570084158.445,1041,508,None,Move,office
1570084158.448,1032,508,None,Move,office
1570084158.46,1024,508,None,Move,office
1570084158.468,1015,508,None,Move,office
1570084158.472,1007,508,None,Move,office
1570084158.4829998,1001,508,None,Move,office
1570084158.488,993,509,None,Move,office
1570084158.4970002,987,509,None,Move,office
1570084158.505,983,509,None,Move,office
1570084158.5170002,980,509,None,Move,office
1570084158.52,978,509,None,Move,office
1570084158.53,975,509,None,Move,office
1570084158.538,974,509,None,Move,office
1570084158.546,974,509,None,Move,office
1570084158.549,973,508,None,Move,office
1570084158.559,973,507,None,Move,office
1570084158.566,973,507,None,Move,office
1570084158.6520002,973,506,None,Move,office
1570084158.671,973,505,None,Move,office
1570084158.699,972,504,None,Move,office
1570084158.709,972,504,None,Move,office
1570084158.742,970,503,None,Move,office
1570084158.748,967,503,None,Move,office
1570084158.7529998,965,502,None,Move,office
1570084158.7629998,964,502,None,Move,office
1570084158.77,963,500,None,Move,office
1570084158.789,962,500,None,Move,office
1570084158.805,961,498,None,Move,office
1570084158.811,961,498,None,Move,office
1570084158.826,960,497,None,Move,office
1570084158.849,960,496,None,Move,office
1570084158.899,960,496,Left,Pressed,office
1570084159.0070002,960,496,Left,Released,office
1570084159.074,960,495,None,Move,office
1570084159.099,965,492,None,Move,office
1570084159.107,970,490,None,Move,office
1570084159.1120002,974,489,None,Move,office
1570084159.125,982,486,None,Move,office
1570084159.131,989,483,None,Move,office
1570084159.1379998,997,481,None,Move,office
1570084159.146,1009,478,None,Move,office
1570084159.154,1020,475,None,Move,office
1570084159.163,1036,470,None,Move,office
1570084159.171,1051,464,None,Move,office
1570084159.179,1071,455,None,Move,office
1570084159.186,1089,447,None,Move,office
1570084159.195,1112,436,None,Move,office
1570084159.202,1138,423,None,Move,office
1570084159.209,1161,410,None,Move,office
1570084159.214,1190,395,None,Move,office
1570084159.222,1214,381,None,Move,office
1570084159.2329998,1236,369,None,Move,office
1570084159.2410002,1260,352,None,Move,office
1570084159.2489998,1287,335,None,Move,office
1570084159.2570002,1307,320,None,Move,office
1570084159.2610002,1332,302,None,Move,office
1570084159.272,1351,287,None,Move,office
1570084159.281,1373,271,None,Move,office
1570084159.2870002,1390,259,None,Move,office
1570084159.291,1409,245,None,Move,office
1570084159.303,1423,237,None,Move,office
1570084159.31,1436,230,None,Move,office
1570084159.3179998,1446,223,None,Move,office
1570084159.327,1456,217,None,Move,office
1570084159.335,1464,213,None,Move,office
1570084159.343,1468,211,None,Move,office
1570084159.351,1470,209,None,Move,office
1570084159.359,1470,209,None,Move,office
1570084159.373,1471,209,None,Move,office
1570084159.707,1471,209,None,Move,browsing
1570084159.7329998,1470,209,None,Move,browsing
1570084159.7410002,1466,210,None,Move,browsing
1570084159.744,1463,211,None,Move,browsing
1570084159.755,1459,212,None,Move,browsing
1570084159.76,1453,214,None,Move,browsing
1570084159.768,1449,215,None,Move,browsing
1570084159.779,1443,217,None,Move,browsing
1570084159.7870002,1436,218,None,Move,browsing
1570084159.792,1432,219,None,Move,browsing
1570084159.802,1426,221,None,Move,browsing
1570084159.811,1419,222,None,Move,browsing
1570084159.819,1411,224,None,Move,browsing
1570084159.825,1401,226,None,Move,browsing
1570084159.833,1390,228,None,Move,browsing
1570084159.841,1375,230,None,Move,browsing
1570084159.849,1350,233,None,Move,browsing
1570084159.854,1327,235,None,Move,browsing
1570084159.865,1294,236,None,Move,browsing
1570084159.8720002,1259,236,None,Move,browsing
1570084159.88,1220,236,None,Move,browsing
1570084159.889,1176,234,None,Move,browsing
1570084159.897,1134,226,None,Move,browsing
1570084159.903,1089,217,None,Move,browsing
1570084159.907,1046,206,None,Move,browsing
1570084159.917,1002,190,None,Move,browsing
1570084159.923,958,175,None,Move,browsing
1570084159.935,920,162,None,Move,browsing
1570084159.9420002,887,152,None,Move,browsing
1570084159.951,854,144,None,Move,browsing
1570084159.956,825,135,None,Move,browsing
1570084159.966,797,127,None,Move,browsing
1570084159.974,773,120,None,Move,browsing
1570084159.981,754,114,None,Move,browsing
1570084159.9889998,734,109,None,Move,browsing
1570084159.996,721,105,None,Move,browsing
1570084160.005,710,103,None,Move,browsing
1570084160.0110002,703,102,None,Move,browsing
1570084160.021,698,101,None,Move,browsing
1570084160.029,692,99,None,Move,browsing
1570084160.033,690,98,None,Move,browsing
1570084160.044,687,98,None,Move,browsing
1570084160.05,685,98,None,Move,browsing
1570084160.0579998,685,98,None,Move,browsing
1570084160.0670002,684,98,None,Move,browsing
1570084160.082,684,97,None,Move,browsing
1570084160.415,684,97,None,Move,browsing
1570084160.439,682,97,None,Move,browsing
1570084160.7389998,682,99,None,Move,browsing
1570084160.758,681,100,None,Move,browsing
1570084160.769,681,101,None,Move,browsing
1570084160.785,681,102,None,Move,browsing
1570084160.801,681,102,None,Move,browsing
1570084160.8779998,680,102,None,Move,browsing
1570084160.895,679,102,None,Move,browsing
1570084160.906,677,101,None,Move,browsing
1570084160.925,676,101,None,Move,browsing
1570084160.9320002,675,101,None,Move,browsing
1570084160.94,674,100,None,Move,browsing
1570084160.965,674,100,None,Move,browsing
1570084161.002,673,100,None,Move,browsing
1570084161.3,673,100,None,Move,browsing
1570084161.314,673,99,None,Move,browsing
1570084161.33,672,98,None,Move,browsing
1570084161.347,672,97,None,Move,browsing
1570084161.391,672,97,None,Move,browsing
1570084161.687,672,96,None,Move,browsing
1570084161.7029998,672,96,None,Move,browsing
1570084161.729,672,95,None,Move,browsing
1570084161.7429998,672,94,None,Move,browsing
1570084161.7670002,673,94,None,Move,browsing
1570084161.881,673,94,None,Move,browsing
1570084161.907,674,94,None,Move,browsing
1570084162.12,674,93,None,Move,browsing
1570084162.139,674,93,None,Move,browsing
1570084162.579,674,93,None,Move,browsing
1570084162.583,672,94,None,Move,browsing
1570084162.593,670,95,None,Move,browsing
1570084162.601,669,96,None,Move,browsing
1570084162.609,667,97,None,Move,browsing
1570084162.617,665,97,None,Move,browsing
1570084162.625,660,99,None,Move,browsing
1570084162.63,655,101,None,Move,browsing
1570084162.639,653,101,None,Move,browsing
1570084162.647,651,101,None,Move,browsing
1570084162.657,649,101,None,Move,browsing
1570084162.663,648,101,None,Move,browsing
1570084162.679,648,101,None,Move,browsing
1570084162.694,648,101,None,Move,browsing
1570084163.303,649,107,None,Move,browsing
1570084163.311,651,111,None,Move,browsing
1570084163.3179998,655,115,None,Move,browsing
1570084163.327,656,118,None,Move,browsing
1570084163.334,661,123,None,Move,browsing
1570084163.342,664,126,None,Move,browsing
1570084163.349,670,133,None,Move,browsing
1570084163.355,675,138,None,Move,browsing
1570084163.365,686,147,None,Move,browsing
1570084163.37,698,154,None,Move,browsing
1570084163.381,709,161,None,Move,browsing
1570084163.389,727,168,None,Move,browsing
1570084163.397,739,174,None,Move,browsing
1570084163.4020002,752,178,None,Move,browsing
1570084163.41,767,183,None,Move,browsing
1570084163.417,779,184,None,Move,browsing
1570084163.429,791,186,None,Move,browsing
1570084163.434,803,187,None,Move,browsing
1570084163.4429998,814,187,None,Move,browsing
1570084163.449,821,187,None,Move,browsing
1570084163.459,827,186,None,Move,browsing
1570084163.4629998,834,184,None,Move,browsing
1570084163.471,837,182,None,Move,browsing
1570084163.482,841,180,None,Move,browsing
1570084163.488,844,179,None,Move,browsing
1570084163.4970002,846,177,None,Move,browsing
1570084163.505,850,176,None,Move,browsing
1570084163.51,853,174,None,Move,browsing
1570084163.52,856,173,None,Move,browsing
1570084163.526,860,171,None,Move,browsing
1570084163.535,862,171,None,Move,browsing
1570084163.542,864,170,None,Move,browsing
1570084163.553,867,168,None,Move,browsing
1570084163.5579998,870,168,None,Move,browsing
1570084163.569,872,168,None,Move,browsing
1570084163.574,873,168,None,Move,browsing
1570084163.583,875,168,None,Move,browsing
1570084163.589,879,169,None,Move,browsing
1570084163.5979998,882,170,None,Move,browsing
1570084163.607,886,172,None,Move,browsing
1570084163.615,890,175,None,Move,browsing
1570084163.623,894,177,None,Move,browsing
1570084163.631,899,179,None,Move,browsing
1570084163.6360002,902,180,None,Move,browsing
1570084163.647,904,182,None,Move,browsing
1570084163.651,906,183,None,Move,browsing
1570084163.661,907,183,None,Move,browsing
1570084163.677,907,183,None,Move,browsing
1570084163.794,907,183,Left,Pressed,browsing
1570084163.794,907,183,None,Drag,browsing
1570084163.809,907,184,None,Drag,browsing
1570084163.809,907,184,Left,Released,browsing
1570084163.83,906,187,None,Move,browsing
1570084163.839,903,187,None,Move,browsing
1570084163.8479998,899,188,None,Move,browsing
1570084163.857,894,189,None,Move,browsing
1570084163.865,890,189,None,Move,browsing
1570084163.873,883,190,None,Move,browsing
1570084163.881,877,191,None,Move,browsing
1570084163.885,872,191,None,Move,browsing
1570084163.895,867,191,None,Move,browsing
1570084163.901,864,191,None,Move,browsing
1570084163.911,862,191,None,Move,browsing
1570084163.918,860,191,None,Move,browsing
1570084163.927,859,191,None,Move,browsing
1570084163.94,859,191,None,Move,browsing
1570084165.105,859,192,None,Move,browsing
1570084165.1239998,859,193,None,Move,browsing
1570084165.1420002,860,194,None,Move,browsing
1570084165.159,865,198,None,Move,browsing
1570084165.166,866,199,None,Move,browsing
1570084165.175,869,201,None,Move,browsing
1570084165.1820002,872,202,None,Move,browsing
1570084165.189,877,205,None,Move,browsing
1570084165.195,880,207,None,Move,browsing
1570084165.205,885,210,None,Move,browsing
1570084165.211,887,210,None,Move,browsing
1570084165.221,889,211,None,Move,browsing
1570084165.225,890,212,None,Move,browsing
1570084165.2370002,893,212,None,Move,browsing
1570084165.245,893,212,None,Move,browsing
1570084165.2529998,894,212,None,Move,browsing
1570084165.258,895,212,None,Move,browsing
1570084165.2670002,895,212,None,Move,browsing
1570084165.2729998,896,212,None,Move,browsing
1570084165.299,897,212,None,Move,browsing
1570084165.571,897,212,None,Move,browsing
1570084165.595,898,213,None,Move,browsing
1570084165.611,900,213,None,Move,browsing
1570084165.619,901,214,None,Move,browsing
1570084165.627,902,215,None,Move,browsing
1570084165.643,903,215,None,Move,browsing
1570084165.657,904,216,None,Move,browsing
1570084165.679,904,216,None,Move,browsing
1570084165.697,905,217,None,Move,browsing
1570084165.721,905,218,None,Move,browsing
1570084165.735,905,218,None,Move,browsing
1570084165.7589998,905,219,None,Move,browsing
1570084165.775,905,219,None,Move,browsing
1570084165.813,905,220,None,Move,browsing
1570084165.837,905,220,None,Move,browsing
1570084165.909,903,214,None,Move,browsing
1570084165.923,903,209,None,Move,browsing
1570084165.931,902,203,None,Move,browsing
1570084165.936,900,196,None,Move,browsing
1570084165.947,898,193,None,Move,browsing
1570084165.952,896,190,None,Move,browsing
1570084165.961,894,188,None,Move,browsing
1570084165.969,889,184,None,Move,browsing
1570084165.974,885,182,None,Move,browsing
1570084165.985,880,182,None,Move,browsing
1570084165.99,871,180,None,Move,browsing
1570084165.9970002,860,179,None,Move,browsing
1570084166.0089998,847,179,None,Move,browsing
1570084166.0170002,835,179,None,Move,browsing
1570084166.0229998,825,179,None,Move,browsing
1570084166.031,812,179,None,Move,browsing
1570084166.039,803,181,None,Move,browsing
1570084166.0470002,795,182,None,Move,browsing
1570084166.054,788,183,None,Move,browsing
1570084166.063,782,184,None,Move,browsing
1570084166.071,781,184,None,Move,browsing
1570084166.0779998,779,185,None,Move,browsing
1570084166.084,779,186,None,Move,browsing
1570084166.117,779,186,Left,Pressed,browsing
1570084166.245,779,186,Left,Released,browsing
1570084166.3879998,776,181,None,Move,browsing
1570084166.407,769,176,None,Move,browsing
1570084166.413,756,166,None,Move,browsing
1570084166.421,738,157,None,Move,browsing
1570084166.426,707,143,None,Move,browsing
1570084166.437,673,130,None,Move,browsing
1570084166.445,641,120,None,Move,browsing
1570084166.4529998,608,112,None,Move,browsing
1570084166.459,583,109,None,Move,browsing
1570084166.465,552,107,None,Move,browsing
1570084166.474,518,104,None,Move,browsing
1570084166.485,483,104,None,Move,browsing
1570084166.4910002,442,104,None,Move,browsing
1570084166.4970002,399,104,None,Move,browsing
1570084166.5070002,358,104,None,Move,browsing
1570084166.515,325,104,None,Move,browsing
1570084166.521,295,106,None,Move,browsing
1570084166.5270002,270,106,None,Move,browsing
1570084166.539,254,106,None,Move,browsing
1570084166.5470002,241,106,None,Move,browsing
1570084166.554,231,107,None,Move,browsing
1570084166.559,220,108,None,Move,browsing
1570084166.569,210,109,None,Move,browsing
1570084166.573,200,111,None,Move,browsing
1570084166.585,192,112,None,Move,browsing
1570084166.593,184,113,None,Move,browsing
1570084166.601,175,115,None,Move,browsing
1570084166.606,169,116,None,Move,browsing
1570084166.617,163,118,None,Move,browsing
1570084166.623,160,120,None,Move,browsing
1570084166.633,154,121,None,Move,browsing
1570084166.6379998,149,123,None,Move,browsing
1570084166.645,142,126,None,Move,browsing
1570084166.655,136,129,None,Move,browsing
1570084166.661,128,133,None,Move,browsing
1570084166.6720002,123,136,None,Move,browsing
1570084166.679,117,139,None,Move,browsing
1570084166.687,113,142,None,Move,browsing
1570084166.695,109,143,None,Move,browsing
1570084166.7029998,108,144,None,Move,browsing
1570084166.706,107,144,None,Move,browsing
1570084166.724,107,144,None,Move,browsing
1570084166.7389998,106,144,None,Move,browsing
1570084166.765,106,147,None,Move,browsing
1570084166.7729998,105,148,None,Move,browsing
1570084166.781,104,150,None,Move,browsing
1570084166.786,104,153,None,Move,browsing
1570084166.792,103,155,None,Move,browsing
1570084166.802,102,158,None,Move,browsing
1570084166.809,100,161,None,Move,browsing
1570084166.819,97,164,None,Move,browsing
1570084166.827,92,169,None,Move,browsing
1570084166.835,87,173,None,Move,browsing
1570084166.843,82,177,None,Move,browsing
1570084166.851,80,178,None,Move,browsing
1570084166.8579998,76,181,None,Move,browsing
1570084166.865,74,181,None,Move,browsing
1570084166.873,73,181,None,Move,browsing
1570084166.881,73,181,None,Move,browsing
1570084166.889,72,181,None,Move,browsing
1570084166.9120002,71,181,None,Move,browsing
1570084166.937,71,181,None,Move,browsing
1570084166.948,70,181,None,Move,browsing
1570084166.972,69,179,None,Move,browsing
1570084166.9910002,69,177,None,Move,browsing
1570084166.9970002,68,176,None,Move,browsing
1570084167.0070002,68,174,None,Move,browsing
1570084167.0129998,68,173,None,Move,browsing
1570084167.021,68,173,None,Move,browsing
1570084167.025,68,170,None,Move,browsing
1570084167.035,68,169,None,Move,browsing
1570084167.044,68,168,None,Move,browsing
1570084167.051,68,165,None,Move,browsing
1570084167.061,68,162,None,Move,browsing
1570084167.0670002,68,160,None,Move,browsing
1570084167.076,68,158,None,Move,browsing
1570084167.083,69,156,None,Move,browsing
1570084167.091,69,154,None,Move,browsing
1570084167.096,70,151,None,Move,browsing
1570084167.107,70,148,None,Move,browsing
1570084167.115,70,148,None,Move,browsing
1570084167.123,70,146,None,Move,browsing
1570084167.1360002,71,145,None,Move,browsing
1570084167.147,71,144,None,Move,browsing
1570084167.151,71,143,None,Move,browsing
1570084167.185,71,143,Left,Pressed,browsing
1570084167.293,71,143,Left,Released,browsing
1570084167.451,71,144,None,Move,browsing
1570084167.459,71,145,None,Move,browsing
1570084167.466,72,147,None,Move,browsing
1570084167.475,72,150,None,Move,browsing
1570084167.481,72,153,None,Move,browsing
1570084167.486,72,157,None,Move,browsing
1570084167.498,72,161,None,Move,browsing
1570084167.505,72,168,None,Move,browsing
1570084167.512,72,172,None,Move,browsing
1570084167.521,72,178,None,Move,browsing
1570084167.529,72,182,None,Move,browsing
1570084167.5370002,72,185,None,Move,browsing
1570084167.545,73,188,None,Move,browsing
1570084167.551,73,190,None,Move,browsing
1570084167.5579998,73,191,None,Move,browsing
1570084167.5670002,74,193,None,Move,browsing
1570084167.574,74,195,None,Move,browsing
1570084167.59,75,195,None,Move,browsing
1570084167.607,75,196,None,Move,browsing
1570084167.619,75,197,None,Move,browsing
1570084167.6360002,75,199,None,Move,browsing
1570084167.653,75,199,None,Move,browsing
1570084167.755,75,199,None,Move,browsing
1570084167.7629998,75,196,None,Move,browsing
1570084167.771,75,193,None,Move,browsing
1570084167.779,75,191,None,Move,browsing
1570084167.785,75,187,None,Move,browsing
1570084167.79,75,183,None,Move,browsing
1570084167.798,75,181,None,Move,browsing
1570084167.8079998,75,179,None,Move,browsing
1570084167.816,75,178,None,Move,browsing
1570084167.825,75,177,None,Move,browsing
1570084167.833,75,176,None,Move,browsing
1570084167.841,75,176,None,Move,browsing
1570084167.849,75,175,None,Move,browsing
1570084167.855,75,173,None,Move,browsing
1570084167.871,75,173,None,Move,browsing
1570084167.88,75,172,None,Move,browsing
1570084167.887,75,171,None,Move,browsing
1570084167.893,75,170,None,Move,browsing
1570084167.909,76,168,None,Move,browsing
1570084167.919,76,167,None,Move,browsing
1570084167.924,76,167,None,Move,browsing
1570084167.9329998,76,165,None,Move,browsing
1570084167.939,76,164,None,Move,browsing
1570084167.948,76,163,None,Move,browsing
1570084167.954,77,161,None,Move,browsing
1570084167.965,77,159,None,Move,browsing
1570084167.971,77,159,None,Move,browsing
1570084167.978,77,157,None,Move,browsing
1570084167.9870002,78,156,None,Move,browsing
1570084167.995,78,156,None,Move,browsing
1570084168.006,78,154,None,Move,browsing
1570084168.0110002,78,154,None,Move,browsing
1570084168.0170002,78,153,None,Move,browsing
1570084168.025,78,153,None,Move,browsing
1570084168.043,78,151,None,Move,browsing
1570084168.066,78,151,None,Move,browsing
1570084168.083,78,150,None,Move,browsing
1570084168.209,78,150,None,Move,browsing
1570084168.242,78,155,None,Move,browsing
1570084168.25,78,159,None,Move,browsing
1570084168.26,78,162,None,Move,browsing
1570084168.269,78,164,None,Move,browsing
1570084168.2729998,78,168,None,Move,browsing
1570084168.284,78,171,None,Move,browsing
1570084168.293,78,173,None,Move,browsing
1570084168.299,78,175,None,Move,browsing
1570084168.309,78,175,None,Move,browsing
1570084168.311,78,177,None,Move,browsing
1570084168.336,78,177,None,Move,browsing
1570084168.363,78,178,None,Move,browsing
1570084168.379,78,178,None,Move,browsing
1570084168.399,78,179,None,Move,browsing
1570084168.417,78,182,None,Move,browsing
1570084168.425,78,184,None,Move,browsing
1570084168.4329998,78,186,None,Move,browsing
1570084168.44,78,189,None,Move,browsing
1570084168.449,78,191,None,Move,browsing
1570084168.457,78,192,None,Move,browsing
1570084168.465,78,194,None,Move,browsing
1570084168.469,77,196,None,Move,browsing
1570084168.479,77,197,None,Move,browsing
1570084168.484,76,199,None,Move,browsing
1570084168.495,76,200,None,Move,browsing
1570084168.5029998,76,201,None,Move,browsing
1570084168.51,75,204,None,Move,browsing
1570084168.518,75,205,None,Move,browsing
1570084168.5270002,73,208,None,Move,browsing
1570084168.535,72,210,None,Move,browsing
1570084168.538,71,215,None,Move,browsing
1570084168.549,69,220,None,Move,browsing
1570084168.554,68,229,None,Move,browsing
1570084168.565,66,237,None,Move,browsing
1570084168.573,64,243,None,Move,browsing
1570084168.58,62,247,None,Move,browsing
1570084168.5879998,61,249,None,Move,browsing
1570084168.596,60,252,None,Move,browsing
1570084168.605,58,254,None,Move,browsing
1570084168.613,58,254,None,Move,browsing
1570084168.6160002,58,255,None,Move,browsing
1570084168.6479998,57,255,None,Move,browsing
1570084168.7029998,57,255,None,Move,browsing
1570084168.726,56,255,None,Move,browsing
1570084168.745,55,254,None,Move,browsing
1570084168.76,54,253,None,Move,browsing
1570084168.775,54,251,None,Move,browsing
1570084168.781,54,251,None,Move,browsing
1570084168.799,54,249,None,Move,browsing
1570084168.815,54,247,None,Move,browsing
1570084168.823,54,244,None,Move,browsing
1570084168.83,54,243,None,Move,browsing
1570084168.839,54,241,None,Move,browsing
1570084168.846,54,239,None,Move,browsing
1570084168.853,54,237,None,Move,browsing
1570084168.859,55,237,None,Move,browsing
1570084168.8679998,55,234,None,Move,browsing
1570084168.875,55,233,None,Move,browsing
1570084168.8920002,55,233,None,Move,browsing
1570084168.9629998,55,232,None,Move,browsing
1570084168.984,55,231,None,Move,browsing
1570084169.0010002,55,230,None,Move,browsing
1570084169.0170002,55,228,None,Move,browsing
1570084169.03,55,227,None,Move,browsing
1570084169.04,55,226,None,Move,browsing
1570084169.0470002,56,224,None,Move,browsing
1570084169.055,56,223,None,Move,browsing
1570084169.065,57,220,None,Move,browsing
1570084169.072,57,218,None,Move,browsing
1570084169.079,58,216,None,Move,browsing
1570084169.087,58,213,None,Move,browsing
1570084169.093,59,210,None,Move,browsing
1570084169.103,59,210,None,Move,browsing
1570084169.1120002,59,208,None,Move,browsing
1570084169.119,59,207,None,Move,browsing
1570084169.125,59,206,None,Move,browsing
1570084169.143,59,206,None,Move,browsing
1570084169.165,59,205,None,Move,browsing
1570084169.197,59,205,Left,Pressed,browsing
1570084169.329,59,205,Left,Released,browsing
1570084169.3979998,59,204,None,Move,browsing
1570084169.403,59,202,None,Move,browsing
1570084169.415,61,199,None,Move,browsing
1570084169.4220002,61,198,None,Move,browsing
1570084169.431,62,194,None,Move,browsing
1570084169.439,63,191,None,Move,browsing
1570084169.447,63,187,None,Move,browsing
1570084169.455,63,183,None,Move,browsing
1570084169.458,63,179,None,Move,browsing
1570084169.469,63,173,None,Move,browsing
1570084169.476,63,169,None,Move,browsing
1570084169.485,62,165,None,Move,browsing
1570084169.4929998,62,160,None,Move,browsing
1570084169.5010002,62,156,None,Move,browsing
1570084169.5089998,62,153,None,Move,browsing
1570084169.516,62,151,None,Move,browsing
1570084169.524,62,149,None,Move,browsing
1570084169.531,62,148,None,Move,browsing
1570084169.539,62,147,None,Move,browsing
1570084169.546,62,147,None,Move,browsing
1570084169.555,62,145,None,Move,browsing
1570084169.563,62,145,None,Move,browsing
1570084169.579,62,144,None,Move,browsing
1570084169.593,62,144,None,Move,browsing
1570084170.031,62,144,Left,Pressed,browsing
1570084170.155,62,144,Left,Released,browsing
1570084170.725,63,154,None,Move,browsing
1570084170.7329998,63,157,None,Move,browsing
1570084170.7389998,63,162,None,Move,browsing
1570084170.7489998,64,168,None,Move,browsing
1570084170.7570002,64,174,None,Move,browsing
1570084170.7629998,64,177,None,Move,browsing
1570084170.769,64,181,None,Move,browsing
1570084170.779,64,184,None,Move,browsing
1570084170.7870002,64,186,None,Move,browsing
1570084170.795,65,188,None,Move,browsing
1570084170.803,65,191,None,Move,browsing
1570084170.81,65,193,None,Move,browsing
1570084170.8179998,65,194,None,Move,browsing
1570084170.827,65,194,None,Move,browsing
1570084170.833,65,195,None,Move,browsing
1570084170.8479998,65,195,None,Move,browsing
1570084170.8620002,65,196,None,Move,browsing
1570084170.9020002,65,197,None,Move,browsing
1570084171.005,65,197,None,Move,browsing
1570084171.029,65,198,None,Move,browsing
1570084171.042,65,198,None,Move,browsing
1570084171.065,65,199,None,Move,browsing
1570084171.079,65,201,None,Move,browsing
1570084171.099,65,202,None,Move,browsing
1570084171.107,65,203,None,Move,browsing
1570084171.161,65,203,Left,Pressed,browsing
1570084171.264,65,203,Left,Released,browsing
1570084172.438,67,202,None,Move,browsing
1570084172.447,69,202,None,Move,browsing
1570084172.4529998,70,201,None,Move,browsing
1570084172.46,71,201,None,Move,browsing
1570084172.4770002,72,200,None,Move,browsing
1570084172.484,72,200,None,Move,browsing
1570084172.5010002,73,200,None,Move,browsing
1570084172.719,74,199,None,Move,browsing
1570084172.729,78,198,None,Move,browsing
1570084172.7370002,84,197,None,Move,browsing
1570084172.7429998,95,195,None,Move,browsing
1570084172.752,108,192,None,Move,browsing
1570084172.7570002,120,190,None,Move,browsing
1570084172.7670002,138,186,None,Move,browsing
1570084172.775,154,182,None,Move,browsing
1570084172.781,170,178,None,Move,browsing
1570084172.791,188,174,None,Move,browsing
1570084172.799,204,172,None,Move,browsing
1570084172.804,217,171,None,Move,browsing
1570084172.815,226,170,None,Move,browsing
1570084172.822,236,169,None,Move,browsing
1570084172.8279998,243,169,None,Move,browsing
1570084172.836,248,168,None,Move,browsing
1570084172.842,252,168,None,Move,browsing
1570084172.85,254,168,None,Move,browsing
1570084172.86,257,168,None,Move,browsing
1570084172.8660002,260,167,None,Move,browsing
1570084172.873,263,167,None,Move,browsing
1570084172.881,267,166,None,Move,browsing
1570084172.89,271,165,None,Move,browsing
1570084172.8979998,277,164,None,Move,browsing
1570084172.907,281,163,None,Move,browsing
1570084172.913,287,162,None,Move,browsing
1570084172.923,294,161,None,Move,browsing
1570084172.928,302,159,None,Move,browsing
1570084172.936,309,158,None,Move,browsing
1570084172.945,316,157,None,Move,browsing
1570084172.955,324,156,None,Move,browsing
1570084172.96,329,156,None,Move,browsing
1570084172.971,335,156,None,Move,browsing
1570084172.979,339,156,None,Move,browsing
1570084172.985,341,156,None,Move,browsing
1570084172.9929998,343,156,None,Move,browsing
1570084173.0010002,345,156,None,Move,browsing
1570084173.006,346,156,None,Move,browsing
1570084173.025,346,156,None,Move,browsing
1570084173.03,347,157,None,Move,browsing
1570084173.0570002,348,157,None,Move,browsing
1570084173.07,350,159,None,Move,browsing
1570084173.086,351,160,None,Move,browsing
1570084173.095,352,161,None,Move,browsing
1570084173.1079998,354,162,None,Move,browsing
1570084173.1179998,355,163,None,Move,browsing
1570084173.125,356,163,None,Move,browsing
1570084173.135,359,165,None,Move,browsing
1570084173.141,360,166,None,Move,browsing
1570084173.149,361,166,None,Move,browsing
1570084173.155,362,167,None,Move,browsing
1570084173.165,365,167,None,Move,browsing
1570084173.173,367,169,None,Move,browsing
1570084173.179,368,169,None,Move,browsing
1570084173.189,371,170,None,Move,browsing
1570084173.197,371,170,None,Move,browsing
1570084173.205,374,171,None,Move,browsing
1570084173.211,374,172,None,Move,browsing
1570084173.217,377,172,None,Move,browsing
1570084173.226,379,173,None,Move,browsing
1570084173.235,382,174,None,Move,browsing
1570084173.2429998,384,174,None,Move,browsing
1570084173.2510002,388,174,None,Move,browsing
1570084173.2570002,390,174,None,Move,browsing
1570084173.2670002,394,175,None,Move,browsing
1570084173.271,396,175,None,Move,browsing
1570084173.283,398,175,None,Move,browsing
1570084173.289,399,175,None,Move,browsing
1570084173.2970002,402,176,None,Move,browsing
1570084173.303,402,176,None,Move,browsing
1570084173.309,403,177,None,Move,browsing
1570084173.319,404,177,None,Move,browsing
1570084173.327,405,177,None,Move,browsing
1570084173.343,405,177,None,Move,browsing
1570084173.359,406,178,None,Move,browsing
1570084173.4220002,406,178,None,Move,browsing
1570084173.445,408,178,None,Move,browsing
1570084173.4529998,409,178,None,Move,browsing
1570084173.458,411,178,None,Move,browsing
1570084173.465,412,178,None,Move,browsing
1570084173.4770002,413,178,None,Move,browsing
1570084173.485,414,178,None,Move,browsing
1570084173.4910002,414,178,None,Move,browsing
1570084173.4989998,416,178,None,Move,browsing
1570084173.515,416,178,None,Move,browsing
1570084173.52,417,178,None,Move,browsing
1570084173.531,417,178,None,Move,browsing
1570084173.555,418,178,None,Move,browsing
1570084173.5679998,418,178,None,Move,browsing
1570084173.595,420,178,None,Move,browsing
1570084173.609,421,178,None,Move,browsing
1570084173.625,422,178,None,Move,browsing
1570084173.6320002,424,178,None,Move,browsing
1570084173.649,424,178,None,Move,browsing
1570084173.663,425,179,None,Move,browsing
1570084173.671,427,179,None,Move,browsing
1570084173.676,428,180,None,Move,browsing
1570084173.687,429,180,None,Move,browsing
1570084173.7029998,430,181,None,Move,browsing
1570084173.709,431,182,None,Move,browsing
1570084173.715,433,182,None,Move,browsing
1570084173.725,433,184,None,Move,browsing
1570084173.7329998,435,185,None,Move,browsing
1570084173.7429998,436,187,None,Move,browsing
1570084173.748,441,192,None,Move,browsing
1570084173.7570002,443,197,None,Move,browsing
1570084173.765,446,201,None,Move,browsing
1570084173.7729998,449,206,None,Move,browsing
1570084173.782,451,208,None,Move,browsing
1570084173.788,452,212,None,Move,browsing
1570084173.7970002,453,215,None,Move,browsing
1570084173.803,456,219,None,Move,browsing
1570084173.809,456,223,None,Move,browsing
1570084173.819,458,226,None,Move,browsing
1570084173.824,460,230,None,Move,browsing
1570084173.832,460,232,None,Move,browsing
1570084173.842,461,234,None,Move,browsing
1570084173.851,462,236,None,Move,browsing
1570084173.855,463,239,None,Move,browsing
1570084173.865,463,241,None,Move,browsing
1570084173.875,463,242,None,Move,browsing
1570084173.8820002,464,243,None,Move,browsing
1570084173.887,464,244,None,Move,browsing
1570084173.894,464,245,None,Move,browsing
1570084173.9020002,464,246,None,Move,browsing
1570084173.918,465,246,None,Move,browsing
1570084173.952,465,247,None,Move,browsing
1570084173.9889998,465,248,None,Move,browsing
1570084174.305,465,248,Left,Pressed,browsing
1570084174.421,465,248,Left,Released,browsing
1570084175.9870002,465,248,None,Move,browsing
1570084176.0029998,466,247,None,Move,browsing
1570084176.026,466,247,None,Move,browsing
1570084176.041,466,247,None,Move,browsing
1570084176.08,467,247,None,Move,browsing
1570084176.105,467,247,None,Move,browsing
1570084176.1420002,468,247,None,Move,browsing
1570084176.158,469,247,None,Move,browsing
1570084176.1720002,470,248,None,Move,browsing
1570084176.191,471,251,None,Move,browsing
1570084176.197,471,254,None,Move,browsing
1570084176.205,471,254,None,Move,browsing
1570084176.2129998,471,255,None,Move,browsing
1570084176.229,471,256,None,Move,browsing
1570084176.236,471,257,None,Move,browsing
1570084176.245,471,260,None,Move,browsing
1570084176.2529998,471,263,None,Move,browsing
1570084176.2610002,471,265,None,Move,browsing
1570084176.269,471,268,None,Move,browsing
1570084176.274,471,271,None,Move,browsing
1570084176.281,471,273,None,Move,browsing
1570084176.29,471,275,None,Move,browsing
1570084176.299,471,278,None,Move,browsing
1570084176.306,471,279,None,Move,browsing
1570084176.314,470,281,None,Move,browsing
1570084176.322,470,281,None,Move,browsing
1570084176.33,470,282,None,Move,browsing
1570084176.3379998,469,283,None,Move,browsing
1570084176.347,469,283,None,Move,browsing
1570084176.361,467,285,None,Move,browsing
1570084176.377,466,286,None,Move,browsing
1570084176.385,464,287,None,Move,browsing
1570084176.393,461,288,None,Move,browsing
1570084176.401,455,288,None,Move,browsing
1570084176.407,447,288,None,Move,browsing
1570084176.417,437,284,None,Move,browsing
1570084176.423,426,279,None,Move,browsing
1570084176.431,415,272,None,Move,browsing
1570084176.439,399,259,None,Move,browsing
1570084176.447,385,247,None,Move,browsing
1570084176.455,367,233,None,Move,browsing
1570084176.4629998,347,216,None,Move,browsing
1570084176.471,333,204,None,Move,browsing
1570084176.479,318,192,None,Move,browsing
1570084176.4870002,306,182,None,Move,browsing
1570084176.495,299,176,None,Move,browsing
1570084176.502,293,172,None,Move,browsing
1570084176.508,288,169,None,Move,browsing
1570084176.5170002,286,168,None,Move,browsing
1570084176.522,284,165,None,Move,browsing
1570084176.533,281,163,None,Move,browsing
1570084176.541,281,163,None,Move,browsing
1570084176.546,280,162,None,Move,browsing
1570084176.5570002,277,160,None,Move,browsing
1570084176.564,277,160,None,Move,browsing
1570084176.573,276,160,None,Move,browsing
1570084176.579,274,160,None,Move,browsing
1570084176.587,271,160,None,Move,browsing
1570084176.593,268,160,None,Move,browsing
1570084176.603,264,161,None,Move,browsing
1570084176.6079998,257,164,None,Move,browsing
1570084176.619,248,167,None,Move,browsing
1570084176.6239998,239,170,None,Move,browsing
1570084176.635,228,173,None,Move,browsing
1570084176.643,217,178,None,Move,browsing
1570084176.651,206,181,None,Move,browsing
1570084176.657,196,185,None,Move,browsing
1570084176.665,186,188,None,Move,browsing
1570084176.671,175,194,None,Move,browsing
1570084176.681,164,200,None,Move,browsing
1570084176.689,151,209,None,Move,browsing
1570084176.697,140,217,None,Move,browsing
1570084176.7029998,126,230,None,Move,browsing
1570084176.7129998,116,240,None,Move,browsing
1570084176.72,106,251,None,Move,browsing
1570084176.729,99,267,None,Move,browsing
1570084176.734,94,281,None,Move,browsing
1570084176.7429998,93,296,None,Move,browsing
1570084176.75,92,312,None,Move,browsing
1570084176.7570002,92,325,None,Move,browsing
1570084176.7670002,92,337,None,Move,browsing
1570084176.775,92,353,None,Move,browsing
1570084176.783,92,368,None,Move,browsing
1570084176.791,92,386,None,Move,browsing
1570084176.796,93,401,None,Move,browsing
1570084176.804,94,420,None,Move,browsing
1570084176.813,94,444,None,Move,browsing
1570084176.821,98,475,None,Move,browsing
1570084176.829,101,509,None,Move,browsing
1570084176.837,110,549,None,Move,browsing
1570084176.845,121,589,None,Move,browsing
1570084176.851,134,625,None,Move,browsing
1570084176.86,147,666,None,Move,browsing
1570084176.869,159,704,None,Move,browsing
1570084176.8760002,175,748,None,Move,browsing
1570084176.883,190,795,None,Move,browsing
1570084176.89,202,840,None,Move,browsing
1570084176.897,212,878,None,Move,browsing
1570084176.907,219,913,None,Move,browsing
1570084176.914,224,939,None,Move,browsing
1570084176.9220002,230,961,None,Move,browsing
1570084176.931,235,980,None,Move,browsing
1570084176.936,242,1000,None,Move,browsing
1570084176.947,248,1014,None,Move,browsing
1570084176.954,257,1032,None,Move,browsing
1570084176.961,261,1044,None,Move,browsing
1570084176.969,265,1054,None,Move,browsing
1570084176.9770002,270,1064,None,Move,browsing
1570084176.9829998,273,1070,None,Move,browsing
1570084176.9929998,275,1076,None,Move,browsing
1570084177.0010002,276,1080,None,Move,browsing
1570084177.0089998,276,1081,None,Move,browsing
1570084177.025,276,1080,None,Move,browsing
1570084177.029,274,1081,None,Move,browsing
1570084177.039,273,1080,None,Move,browsing
1570084177.0470002,272,1079,None,Move,browsing
1570084177.051,271,1079,None,Move,browsing
1570084177.063,271,1079,None,Move,browsing
1570084177.0670002,270,1079,None,Move,browsing
1570084177.101,270,1078,None,Move,browsing
1570084177.1139998,270,1077,None,Move,browsing
1570084177.1220002,270,1076,None,Move,browsing
1570084177.147,271,1076,None,Move,browsing
1570084177.164,271,1076,None,Move,browsing
1570084177.181,272,1074,None,Move,browsing
1570084177.197,272,1073,None,Move,browsing
1570084177.207,274,1072,None,Move,browsing
1570084177.217,274,1070,None,Move,browsing
1570084177.2229998,276,1069,None,Move,browsing
1570084177.232,276,1067,None,Move,browsing
1570084177.2389998,278,1067,None,Move,browsing
1570084177.248,280,1064,None,Move,browsing
1570084177.2570002,282,1064,None,Move,browsing
1570084177.264,287,1061,None,Move,browsing
1570084177.269,291,1059,None,Move,browsing
1570084177.281,296,1058,None,Move,browsing
1570084177.289,297,1058,None,Move,browsing
1570084177.2970002,299,1058,None,Move,browsing
1570084177.301,300,1058,None,Move,browsing
1570084177.314,300,1058,None,Move,browsing
1570084177.331,301,1058,None,Move,browsing
1570084177.347,302,1058,None,Move,browsing
1570084177.375,303,1058,None,Move,browsing
1570084177.391,303,1058,None,Move,browsing
1570084177.4989998,303,1058,None,Move,browsing
1570084177.5270002,304,1059,None,Move,browsing
1570084177.535,305,1059,None,Move,browsing
1570084177.55,306,1061,None,Move,browsing
1570084177.57,307,1062,None,Move,browsing
1570084177.573,307,1062,None,Move,browsing
1570084177.596,307,1063,None,Move,browsing
1570084177.633,307,1063,Left,Pressed,browsing
1570084177.711,307,1063,Left,Released,browsing
1570084177.78,307,1063,None,Move,office
1570084177.795,307,1061,None,Move,office
1570084177.7970002,309,1060,None,Move,office
1570084177.805,309,1058,None,Move,office
1570084177.816,310,1057,None,Move,office
1570084177.827,313,1055,None,Move,office
1570084177.835,317,1051,None,Move,office
1570084177.841,327,1044,None,Move,office
1570084177.851,335,1037,None,Move,office
1570084177.8579998,344,1028,None,Move,office
1570084177.867,356,1016,None,Move,office
1570084177.875,377,991,None,Move,office
1570084177.881,397,963,None,Move,office
1570084177.889,421,928,None,Move,office
1570084177.897,446,887,None,Move,office
1570084177.905,474,844,None,Move,office
1570084177.913,502,799,None,Move,office
1570084177.921,532,750,None,Move,office
1570084177.928,560,705,None,Move,office
1570084177.937,586,654,None,Move,office
1570084177.945,611,609,None,Move,office
1570084177.951,632,569,None,Move,office
1570084177.958,653,527,None,Move,office
1570084177.967,673,492,None,Move,office
1570084177.975,687,464,None,Move,office
1570084177.9829998,705,432,None,Move,office
1570084177.9910002,715,411,None,Move,office
1570084177.9989998,730,385,None,Move,office
1570084178.0070002,744,363,None,Move,office
1570084178.015,756,348,None,Move,office
1570084178.0229998,766,338,None,Move,office
1570084178.029,775,331,None,Move,office
1570084178.0370002,783,325,None,Move,office
1570084178.045,789,321,None,Move,office
1570084178.053,792,320,None,Move,office
1570084178.061,794,320,None,Move,office
1570084178.077,795,320,None,Move,office
1570084178.085,795,321,None,Move,office
1570084178.093,796,325,None,Move,office
1570084178.101,800,330,None,Move,office
1570084178.106,804,337,None,Move,office
1570084178.115,810,343,None,Move,office
1570084178.123,816,351,None,Move,office
1570084178.13,824,359,None,Move,office
1570084178.139,831,367,None,Move,office
1570084178.147,837,373,None,Move,office
1570084178.155,845,379,None,Move,office
1570084178.163,851,385,None,Move,office
1570084178.171,856,388,None,Move,office
1570084178.176,857,389,None,Move,office
1570084178.185,859,390,None,Move,office
1570084178.1929998,860,390,None,Move,office
1570084178.201,860,390,None,Move,office
1570084178.216,861,390,None,Move,office
1570084178.232,862,390,None,Move,office
1570084178.2570002,858,390,None,Move,office
1570084178.2629998,842,390,None,Move,office
1570084178.271,823,390,None,Move,office
1570084178.279,796,390,None,Move,office
1570084178.2870002,765,390,None,Move,office
1570084178.294,731,385,None,Move,office
1570084178.302,691,377,None,Move,office
1570084178.311,648,368,None,Move,office
1570084178.319,613,359,None,Move,office
1570084178.327,576,350,None,Move,office
1570084178.332,549,344,None,Move,office
1570084178.341,531,342,None,Move,office
1570084178.349,518,340,None,Move,office
1570084178.356,506,339,None,Move,office
1570084178.3639998,498,339,None,Move,office
1570084178.3720002,492,339,None,Move,office
1570084178.38,489,339,None,Move,office
1570084178.389,489,339,None,Move,office
1570084178.396,488,339,None,Move,office
1570084178.41,488,340,None,Move,office
1570084178.419,488,341,None,Move,office
1570084178.427,489,343,None,Move,office
1570084178.435,490,344,None,Move,office
1570084178.4429998,491,345,None,Move,office
1570084178.451,493,347,None,Move,office
1570084178.459,494,347,None,Move,office
1570084178.467,495,349,None,Move,office
1570084178.474,496,350,None,Move,office
1570084178.4829998,497,352,None,Move,office
1570084178.4889998,500,355,None,Move,office
1570084178.496,501,358,None,Move,office
1570084178.504,505,363,None,Move,office
1570084178.5129998,510,370,None,Move,office
1570084178.521,517,376,None,Move,office
1570084178.529,528,390,None,Move,office
1570084178.5370002,539,402,None,Move,office
1570084178.544,552,415,None,Move,office
1570084178.552,567,431,None,Move,office
1570084178.559,590,450,None,Move,office
1570084178.5670002,612,468,None,Move,office
1570084178.574,645,490,None,Move,office
1570084178.583,680,510,None,Move,office
1570084178.591,717,534,None,Move,office
1570084178.599,755,557,None,Move,office
1570084178.607,795,580,None,Move,office
1570084178.615,832,598,None,Move,office
1570084178.623,868,612,None,Move,office
1570084178.631,901,625,None,Move,office
1570084178.637,930,631,None,Move,office
1570084178.643,956,633,None,Move,office
1570084178.6520002,978,634,None,Move,office
1570084178.661,993,634,None,Move,office
1570084178.669,1007,634,None,Move,office
1570084178.677,1019,634,None,Move,office
1570084178.685,1026,632,None,Move,office
1570084178.6920002,1032,629,None,Move,office
1570084178.701,1039,626,None,Move,office
1570084178.708,1042,624,None,Move,office
1570084178.715,1045,621,None,Move,office
1570084178.722,1047,619,None,Move,office
1570084178.729,1048,618,None,Move,office
1570084178.738,1049,615,None,Move,office
1570084178.746,1050,615,None,Move,office
1570084178.755,1050,614,None,Move,office
1570084178.762,1052,614,None,Move,office
1570084178.778,1053,612,None,Move,office
1570084178.7870002,1054,611,None,Move,office
1570084178.8,1054,610,None,Move,office
1570084178.8170002,1055,609,None,Move,office
1570084178.833,1056,608,None,Move,office
1570084178.839,1056,606,None,Move,office
1570084178.849,1056,602,None,Move,office
1570084178.855,1053,598,None,Move,office
1570084178.861,1048,593,None,Move,office
1570084178.87,1042,585,None,Move,office
1570084178.879,1034,579,None,Move,office
1570084178.887,1022,568,None,Move,office
1570084178.895,1005,556,None,Move,office
1570084178.903,992,547,None,Move,office
1570084178.91,979,540,None,Move,office
1570084178.919,965,531,None,Move,office
1570084178.926,954,526,None,Move,office
1570084178.9329998,940,520,None,Move,office
1570084178.941,927,513,None,Move,office
1570084178.948,916,508,None,Move,office
1570084178.957,899,499,None,Move,office
1570084178.965,887,494,None,Move,office
1570084178.9729998,877,487,None,Move,office
1570084178.98,866,482,None,Move,office
1570084178.988,860,478,None,Move,office
1570084178.996,857,475,None,Move,office
1570084179.0029998,855,474,None,Move,office
1570084179.0129998,854,472,None,Move,office
1570084179.035,854,472,None,Move,office
1570084179.043,854,472,None,Move,office
1570084179.048,856,472,None,Move,office
1570084179.0579998,857,472,None,Move,office
1570084179.066,862,472,None,Move,office
1570084179.074,867,472,None,Move,office
1570084179.083,874,475,None,Move,office
1570084179.087,878,477,None,Move,office
1570084179.096,885,479,None,Move,office
1570084179.103,894,482,None,Move,office
1570084179.1120002,901,484,None,Move,office
1570084179.121,908,485,None,Move,office
1570084179.129,916,486,None,Move,office
1570084179.135,919,486,None,Move,office
1570084179.145,923,486,None,Move,office
1570084179.153,927,486,None,Move,office
1570084179.159,931,486,None,Move,office
1570084179.169,933,487,None,Move,office
1570084179.175,935,488,None,Move,office
1570084179.1829998,940,489,None,Move,office
1570084179.191,942,490,None,Move,office
1570084179.199,942,491,None,Move,office
1570084179.207,944,492,None,Move,office
1570084179.214,946,493,None,Move,office
1570084179.2229998,946,494,None,Move,office
1570084179.23,948,495,None,Move,office
1570084179.2370002,948,496,None,Move,office
1570084179.244,949,497,None,Move,office
1570084179.252,950,498,None,Move,office
1570084179.2610002,950,499,None,Move,office
1570084179.2770002,950,499,None,Move,office
1570084179.447,951,499,Left,Pressed,office
1570084179.447,951,499,None,Drag,office
1570084179.447,951,499,Left,Released,office
1570084180.189,952,496,None,Move,browsing
1570084180.197,953,495,None,Move,browsing
1570084180.205,953,494,None,Move,browsing
1570084180.2129998,954,492,None,Move,browsing
1570084180.22,954,492,None,Move,browsing
1570084180.228,954,491,None,Move,browsing
1570084180.2370002,954,490,None,Move,browsing
1570084180.242,954,489,None,Move,browsing
1570084180.258,954,488,None,Move,browsing
1570084180.264,954,487,None,Move,browsing
1570084180.281,954,486,None,Move,browsing
1570084180.2970002,954,485,None,Move,browsing
1570084180.312,954,485,None,Move,browsing
1570084180.3520002,954,484,None,Move,browsing
1570084180.4929998,955,483,None,Move,browsing
1570084180.508,955,482,None,Move,browsing
1570084180.525,955,481,None,Move,browsing
1570084180.546,955,480,None,Move,browsing
1570084180.562,956,479,None,Move,browsing
1570084180.587,957,479,None,Move,browsing
1570084180.6020002,957,477,None,Move,browsing
1570084180.6239998,958,477,None,Move,browsing
1570084180.649,958,476,None,Move,browsing
1570084182.0679998,958,476,None,Move,browsing
1570084182.09,958,475,None,Move,browsing
1570084182.129,958,474,None,Move,browsing
1570084182.147,958,474,None,Move,browsing
1570084182.169,955,467,None,Move,browsing
1570084182.174,954,463,None,Move,browsing
1570084182.181,948,451,None,Move,browsing
1570084182.19,938,434,None,Move,browsing
1570084182.201,921,416,None,Move,browsing
1570084182.205,901,397,None,Move,browsing
1570084182.217,878,375,None,Move,browsing
1570084182.2229998,860,361,None,Move,browsing
1570084182.229,842,349,None,Move,browsing
1570084182.2389998,825,338,None,Move,browsing
1570084182.2470002,809,329,None,Move,browsing
1570084182.254,789,320,None,Move,browsing
1570084182.262,776,313,None,Move,browsing
1570084182.27,761,307,None,Move,browsing
1570084182.278,745,302,None,Move,browsing
1570084182.2870002,732,298,None,Move,browsing
1570084182.295,717,294,None,Move,browsing
1570084182.302,705,292,None,Move,browsing
1570084182.3070002,693,290,None,Move,browsing
1570084182.3170002,680,286,None,Move,browsing
1570084182.322,668,282,None,Move,browsing
1570084182.332,657,277,None,Move,browsing
1570084182.341,651,275,None,Move,browsing
1570084182.349,645,272,None,Move,browsing
1570084182.355,641,270,None,Move,browsing
1570084182.3620002,638,268,None,Move,browsing
1570084182.371,633,267,None,Move,browsing
1570084182.381,631,267,None,Move,browsing
1570084182.387,629,267,None,Move,browsing
1570084182.395,627,266,None,Move,browsing
1570084182.403,625,266,None,Move,browsing
1570084182.411,625,266,None,Move,browsing
1570084182.419,624,266,None,Move,browsing
1570084182.426,624,266,None,Move,browsing
1570084182.4429998,623,266,None,Move,browsing
1570084182.946,616,262,None,Move,browsing
1570084182.955,607,258,None,Move,browsing
1570084182.965,599,253,None,Move,browsing
1570084182.972,590,249,None,Move,browsing
1570084182.979,579,244,None,Move,browsing
1570084182.9889998,568,240,None,Move,browsing
1570084182.9970002,557,235,None,Move,browsing
1570084183.0029998,547,232,None,Move,browsing
1570084183.0110002,539,229,None,Move,browsing
1570084183.019,532,227,None,Move,browsing
1570084183.026,525,224,None,Move,browsing
1570084183.032,522,223,None,Move,browsing
1570084183.04,517,221,None,Move,browsing
1570084183.049,515,221,None,Move,browsing
1570084183.0579998,514,221,None,Move,browsing
1570084183.0670002,514,221,None,Move,browsing
1570084183.071,513,220,None,Move,browsing
1570084183.265,513,220,None,Move,browsing
1570084183.293,513,220,None,Move,browsing
1570084183.5029998,513,220,None,Move,browsing
1570084183.5270002,513,218,None,Move,browsing
1570084183.5370002,513,218,None,Move,browsing
1570084183.5470002,514,216,None,Move,browsing
1570084183.563,514,214,None,Move,browsing
1570084183.566,514,213,None,Move,browsing
1570084183.571,515,212,None,Move,browsing
1570084183.5779998,515,212,None,Move,browsing
1570084183.589,515,211,None,Move,browsing
1570084183.603,516,210,None,Move,browsing
1570084183.643,516,209,None,Move,browsing
1570084183.9770002,516,209,None,Move,browsing
1570084183.9929998,516,210,None,Move,browsing
1570084184.221,516,210,Left,Pressed,browsing
1570084184.313,516,210,Left,Released,browsing
1570084185.5229998,516,210,None,Move,browsing
1570084185.5370002,517,211,None,Move,browsing
1570084185.561,517,211,None,Move,browsing
1570084185.576,517,211,None,Move,browsing
1570084185.6,517,212,None,Move,browsing
1570084185.827,518,213,None,Move,browsing
1570084185.855,520,213,None,Move,browsing
1570084185.8620002,525,213,None,Move,browsing
1570084185.873,535,214,None,Move,browsing
1570084185.881,552,216,None,Move,browsing
1570084185.889,569,217,None,Move,browsing
1570084185.897,597,218,None,Move,browsing
1570084185.9020002,630,220,None,Move,browsing
1570084185.91,675,226,None,Move,browsing
1570084185.916,730,230,None,Move,browsing
1570084185.924,790,236,None,Move,browsing
1570084185.935,865,251,None,Move,browsing
1570084185.9429998,954,255,None,Move,browsing
1570084185.949,1041,259,None,Move,browsing
1570084185.959,1133,264,None,Move,browsing
1570084185.966,1225,266,None,Move,browsing
1570084185.975,1315,266,None,Move,browsing
1570084185.979,1401,266,None,Move,browsing
1570084185.9889998,1487,268,None,Move,browsing
1570084185.994,1571,267,None,Move,browsing
1570084186.005,1650,267,None,Move,browsing
1570084186.0129998,1723,270,None,Move,browsing
1570084186.021,1789,274,None,Move,browsing
1570084186.028,1851,274,None,Move,browsing
1570084186.036,1900,274,None,Move,browsing
1570084186.044,1943,274,None,Move,browsing
1570084186.052,1949,274,None,Move,browsing
1570084186.061,1939,272,None,Move,browsing
1570084186.0679998,1930,272,None,Move,browsing
1570084186.072,1925,271,None,Move,browsing
1570084186.083,1922,270,None,Move,browsing
1570084186.12,1919,270,None,Move,browsing
1570084186.131,1919,269,None,Move,browsing
1570084186.1379998,1916,268,None,Move,browsing
1570084186.147,1914,267,None,Move,browsing
1570084186.1520002,1910,266,None,Move,browsing
1570084186.159,1908,266,None,Move,browsing
1570084186.167,1904,266,None,Move,browsing
1570084186.177,1899,265,None,Move,browsing
1570084186.1829998,1895,265,None,Move,browsing
1570084186.191,1891,265,None,Move,browsing
1570084186.199,1887,265,None,Move,browsing
1570084186.207,1880,265,None,Move,browsing
1570084186.217,1876,265,None,Move,browsing
1570084186.2229998,1869,267,None,Move,browsing
1570084186.231,1865,267,None,Move,browsing
1570084186.2370002,1859,269,None,Move,browsing
1570084186.2470002,1855,270,None,Move,browsing
1570084186.255,1848,272,None,Move,browsing
1570084186.2610002,1845,272,None,Move,browsing
1570084186.2670002,1840,274,None,Move,browsing
1570084186.278,1836,275,None,Move,browsing
1570084186.286,1829,278,None,Move,browsing
1570084186.294,1824,279,None,Move,browsing
1570084186.301,1820,281,None,Move,browsing
1570084186.309,1814,283,None,Move,browsing
1570084186.316,1810,284,None,Move,browsing
1570084186.325,1808,284,None,Move,browsing
1570084186.331,1803,285,None,Move,browsing
1570084186.339,1801,286,None,Move,browsing
1570084186.349,1799,287,None,Move,browsing
1570084186.355,1797,287,None,Move,browsing
1570084186.365,1795,288,None,Move,browsing
1570084186.371,1795,288,None,Move,browsing
1570084186.379,1794,289,None,Move,browsing
1570084186.385,1793,289,None,Move,browsing
1570084186.393,1793,289,None,Move,browsing
1570084186.416,1792,289,None,Move,browsing
1570084186.455,1792,289,None,Move,browsing
1570084186.466,1791,290,None,Move,browsing
1570084186.4970002,1791,290,None,Move,browsing
1570084186.5129998,1791,291,None,Move,browsing
1570084186.535,1790,292,None,Move,browsing
1570084186.549,1790,293,None,Move,browsing
1570084186.573,1789,293,None,Move,browsing
1570084186.6260002,1789,293,None,Move,browsing
1570084186.8720002,1788,293,None,Move,browsing
1570084186.923,1787,293,None,Move,browsing
1570084187.0270002,1787,293,None,Move,browsing
1570084187.043,1786,293,None,Move,browsing
1570084187.063,1786,293,None,Move,browsing
1570084187.073,1784,293,None,Move,browsing
1570084187.0779998,1782,292,None,Move,browsing
1570084187.086,1779,292,None,Move,browsing
1570084187.097,1774,291,None,Move,browsing
1570084187.105,1772,291,None,Move,browsing
1570084187.11,1770,290,None,Move,browsing
1570084187.121,1768,290,None,Move,browsing
1570084187.129,1765,289,None,Move,browsing
1570084187.1339998,1764,289,None,Move,browsing
1570084187.145,1762,289,None,Move,browsing
1570084187.151,1761,289,None,Move,browsing
1570084187.156,1761,289,None,Move,browsing
1570084187.168,1760,289,None,Move,browsing
1570084187.175,1759,289,None,Move,browsing
1570084187.1820002,1758,289,None,Move,browsing
1570084187.199,1757,289,None,Move,browsing
1570084187.215,1756,289,None,Move,browsing
1570084187.229,1754,289,None,Move,browsing
1570084187.245,1753,289,None,Move,browsing
1570084187.2510002,1750,289,None,Move,browsing
1570084187.258,1750,289,None,Move,browsing
1570084187.266,1747,289,None,Move,browsing
1570084187.274,1745,289,None,Move,browsing
1570084187.282,1744,289,None,Move,browsing
1570084187.293,1741,289,None,Move,browsing
1570084187.299,1741,289,None,Move,browsing
1570084187.303,1740,289,None,Move,browsing
1570084187.3679998,1740,288,None,Move,browsing
1570084187.383,1745,287,None,Move,browsing
1570084187.393,1749,286,None,Move,browsing
1570084187.4,1753,285,None,Move,browsing
1570084187.406,1758,285,None,Move,browsing
1570084187.417,1762,285,None,Move,browsing
1570084187.4220002,1766,285,None,Move,browsing
1570084187.431,1770,285,None,Move,browsing
1570084187.44,1774,285,None,Move,browsing
1570084187.447,1778,285,None,Move,browsing
1570084187.4529998,1781,285,None,Move,browsing
1570084187.459,1783,285,None,Move,browsing
1570084187.468,1784,285,None,Move,browsing
1570084187.479,1786,285,None,Move,browsing
1570084187.4929998,1787,285,None,Move,browsing
1570084187.5010002,1787,286,None,Move,browsing
1570084187.681,1788,286,None,Move,browsing
1570084187.705,1790,286,None,Move,browsing
1570084187.7129998,1791,285,None,Move,browsing
1570084187.721,1793,284,None,Move,browsing
1570084187.728,1795,284,None,Move,browsing
1570084187.7370002,1797,284,None,Move,browsing
1570084187.745,1800,283,None,Move,browsing
1570084187.75,1802,283,None,Move,browsing
1570084187.758,1802,283,None,Move,browsing
1570084187.765,1805,283,None,Move,browsing
1570084187.772,1807,283,None,Move,browsing
1570084187.783,1811,283,None,Move,browsing
1570084187.791,1814,283,None,Move,browsing
1570084187.799,1816,283,None,Move,browsing
1570084187.806,1818,283,None,Move,browsing
1570084187.815,1821,283,None,Move,browsing
1570084187.819,1821,283,None,Move,browsing
1570084187.831,1822,283,None,Move,browsing
1570084187.834,1823,283,None,Move,browsing
1570084187.9929998,1819,283,None,Move,browsing
1570084188.0089998,1817,283,None,Move,browsing
1570084188.014,1813,284,None,Move,browsing
1570084188.025,1811,284,None,Move,browsing
1570084188.03,1807,284,None,Move,browsing
1570084188.041,1804,284,None,Move,browsing
1570084188.048,1800,284,None,Move,browsing
1570084188.0570002,1796,284,None,Move,browsing
1570084188.062,1792,284,None,Move,browsing
1570084188.07,1787,284,None,Move,browsing
1570084188.076,1784,284,None,Move,browsing
1570084188.086,1781,283,None,Move,browsing
1570084188.095,1779,283,None,Move,browsing
1570084188.1020002,1777,283,None,Move,browsing
1570084188.111,1775,283,None,Move,browsing
1570084188.119,1774,283,None,Move,browsing
1570084188.1260002,1774,282,None,Move,browsing
1570084188.141,1773,282,None,Move,browsing
1570084188.577,1773,280,None,Move,browsing
1570084188.5979998,1773,278,None,Move,browsing
1570084188.606,1773,275,None,Move,browsing
1570084188.617,1773,274,None,Move,browsing
1570084188.625,1773,273,None,Move,browsing
1570084188.629,1773,271,None,Move,browsing
1570084188.64,1773,271,None,Move,browsing
1570084188.6479998,1773,269,None,Move,browsing
1570084188.656,1773,269,None,Move,browsing
1570084188.67,1773,268,None,Move,browsing
1570084188.679,1773,267,None,Move,browsing
1570084188.695,1774,266,None,Move,browsing
1570084188.718,1774,265,None,Move,browsing
1570084188.7329998,1774,265,None,Move,browsing
1570084188.756,1775,263,None,Move,browsing
1570084188.772,1775,262,None,Move,browsing
1570084188.785,1775,261,None,Move,browsing
1570084188.81,1775,260,None,Move,browsing
1570084188.827,1775,259,None,Move,browsing
1570084188.84,1776,258,None,Move,browsing
1570084188.856,1776,256,None,Move,browsing
1570084188.873,1776,256,None,Move,browsing
1570084188.8879998,1776,255,None,Move,browsing
1570084188.905,1776,255,None,Move,browsing
1570084188.918,1776,254,None,Move,browsing
1570084189.38,1776,254,None,Move,browsing
1570084189.389,1776,252,None,Move,browsing
1570084189.405,1776,249,None,Move,browsing
1570084189.4120002,1776,248,None,Move,browsing
1570084189.421,1776,247,None,Move,browsing
1570084189.429,1777,244,None,Move,browsing
1570084189.434,1777,242,None,Move,browsing
1570084189.4429998,1778,240,None,Move,browsing
1570084189.449,1779,238,None,Move,browsing
1570084189.459,1779,237,None,Move,browsing
1570084189.467,1779,236,None,Move,browsing
1570084189.472,1779,236,None,Move,browsing
1570084189.4829998,1780,234,None,Move,browsing
1570084189.4889998,1780,234,None,Move,browsing
1570084189.505,1780,233,None,Move,browsing
1570084189.521,1780,232,None,Move,browsing
1570084189.545,1781,231,None,Move,browsing
1570084189.561,1781,229,None,Move,browsing
1570084189.5679998,1783,226,None,Move,browsing
1570084189.573,1783,225,None,Move,browsing
1570084189.583,1783,224,None,Move,browsing
1570084189.591,1785,221,None,Move,browsing
1570084189.6,1785,221,None,Move,browsing
1570084189.607,1785,220,None,Move,browsing
1570084189.623,1786,219,None,Move,browsing
1570084189.631,1786,218,None,Move,browsing
1570084189.645,1787,217,None,Move,browsing
1570084189.663,1787,216,None,Move,browsing
1570084189.669,1788,215,None,Move,browsing
1570084189.685,1788,215,None,Move,browsing
1570084189.702,1789,214,None,Move,browsing
1570084189.717,1789,213,None,Move,browsing
1570084189.903,1789,213,Left,Pressed,browsing
1570084190.039,1789,213,Left,Released,browsing
1570084191.081,1789,213,None,Move,browsing
1570084191.105,1787,216,None,Move,browsing
1570084191.111,1785,217,None,Move,browsing
1570084191.121,1784,219,None,Move,browsing
1570084191.127,1781,222,None,Move,browsing
1570084191.135,1778,224,None,Move,browsing
1570084191.143,1777,226,None,Move,browsing
1570084191.151,1772,230,None,Move,browsing
1570084191.159,1768,234,None,Move,browsing
1570084191.167,1761,239,None,Move,browsing
1570084191.175,1755,246,None,Move,browsing
1570084191.1820002,1745,252,None,Move,browsing
1570084191.191,1734,260,None,Move,browsing
1570084191.196,1719,269,None,Move,browsing
1570084191.205,1705,279,None,Move,browsing
1570084191.212,1680,299,None,Move,browsing
1570084191.218,1647,321,None,Move,browsing
1570084191.229,1605,346,None,Move,browsing
1570084191.2370002,1567,369,None,Move,browsing
1570084191.244,1532,389,None,Move,browsing
1570084191.2529998,1498,407,None,Move,browsing
1570084191.2610002,1464,423,None,Move,browsing
1570084191.269,1433,435,None,Move,browsing
1570084191.2770002,1406,443,None,Move,browsing
1570084191.283,1376,451,None,Move,browsing
1570084191.2870002,1353,454,None,Move,browsing
1570084191.299,1333,457,None,Move,browsing
1570084191.3070002,1316,458,None,Move,browsing
1570084191.315,1301,459,None,Move,browsing
1570084191.321,1282,461,None,Move,browsing
1570084191.3279998,1260,463,None,Move,browsing
1570084191.339,1236,466,None,Move,browsing
1570084191.345,1220,466,None,Move,browsing
1570084191.3520002,1203,466,None,Move,browsing
1570084191.361,1187,466,None,Move,browsing
1570084191.369,1175,466,None,Move,browsing
1570084191.3760002,1166,466,None,Move,browsing
1570084191.385,1155,466,None,Move,browsing
1570084191.393,1146,467,None,Move,browsing
1570084191.401,1136,467,None,Move,browsing
1570084191.406,1128,467,None,Move,browsing
1570084191.417,1120,467,None,Move,browsing
1570084191.4220002,1109,467,None,Move,browsing
1570084191.429,1101,466,None,Move,browsing
1570084191.439,1093,464,None,Move,browsing
1570084191.445,1087,463,None,Move,browsing
1570084191.455,1080,460,None,Move,browsing
1570084191.462,1074,458,None,Move,browsing
1570084191.471,1070,456,None,Move,browsing
1570084191.479,1063,453,None,Move,browsing
1570084191.4870002,1060,451,None,Move,browsing
1570084191.494,1055,448,None,Move,browsing
1570084191.4989998,1050,446,None,Move,browsing
1570084191.51,1046,443,None,Move,browsing
1570084191.516,1041,441,None,Move,browsing
1570084191.5229998,1039,440,None,Move,browsing
1570084191.532,1035,438,None,Move,browsing
1570084191.539,1027,435,None,Move,browsing
1570084191.5470002,1023,434,None,Move,browsing
1570084191.554,1019,432,None,Move,browsing
1570084191.565,1012,430,None,Move,browsing
1570084191.573,1006,428,None,Move,browsing
1570084191.5779998,1001,426,None,Move,browsing
1570084191.587,994,423,None,Move,browsing
1570084191.593,991,422,None,Move,browsing
1570084191.601,986,421,None,Move,browsing
1570084191.611,982,419,None,Move,browsing
1570084191.617,980,418,None,Move,browsing
1570084191.627,978,418,None,Move,browsing
1570084191.633,975,417,None,Move,browsing
1570084191.641,975,416,None,Move,browsing
1570084191.649,974,416,None,Move,browsing
1570084191.657,974,414,None,Move,browsing
1570084191.664,974,414,None,Move,browsing
1570084191.673,975,413,None,Move,browsing
1570084191.681,976,412,None,Move,browsing
1570084191.689,978,411,None,Move,browsing
1570084191.694,981,409,None,Move,browsing
1570084192.044,981,407,None,Move,browsing
1570084192.063,981,407,None,Move,browsing
1570084192.07,981,408,None,Move,browsing
1570084192.075,980,410,None,Move,browsing
1570084192.084,978,411,None,Move,browsing
1570084192.095,978,412,None,Move,browsing
1570084192.103,976,412,None,Move,browsing
1570084192.111,976,413,None,Move,browsing
1570084192.1139998,975,413,None,Move,browsing
1570084192.131,974,413,None,Move,browsing
1570084192.139,974,413,None,Move,browsing
1570084192.154,972,413,None,Move,browsing
1570084192.173,971,413,None,Move,browsing
1570084192.188,970,413,None,Move,browsing
1570084192.2029998,969,413,None,Move,browsing
1570084192.211,968,413,None,Move,browsing
1570084192.2270002,967,413,None,Move,browsing
1570084192.234,965,413,None,Move,browsing
1570084192.2510002,965,413,None,Move,browsing
1570084192.2589998,964,413,None,Move,browsing
1570084192.27,963,413,None,Move,browsing
1570084192.289,962,413,None,Move,browsing
1570084192.349,962,412,None,Move,browsing
1570084192.3660002,962,411,None,Move,browsing
1570084192.406,962,410,None,Move,browsing
1570084192.429,961,409,None,Move,browsing
1570084192.445,958,403,None,Move,browsing
1570084192.4529998,956,401,None,Move,browsing
1570084192.457,955,398,None,Move,browsing
1570084192.469,954,396,None,Move,browsing
1570084192.475,951,389,None,Move,browsing
1570084192.485,948,380,None,Move,browsing
1570084192.49,945,373,None,Move,browsing
1570084192.4989998,941,364,None,Move,browsing
1570084192.505,937,356,None,Move,browsing
1570084192.515,933,350,None,Move,browsing
1570084192.521,927,340,None,Move,browsing
1570084192.531,918,332,None,Move,browsing
1570084192.536,909,323,None,Move,browsing
1570084192.5470002,901,313,None,Move,browsing
1570084192.555,887,302,None,Move,browsing
1570084192.563,870,288,None,Move,browsing
1570084192.569,856,277,None,Move,browsing
1570084192.577,839,266,None,Move,browsing
1570084192.584,816,254,None,Move,browsing
1570084192.591,797,244,None,Move,browsing
1570084192.599,774,233,None,Move,browsing
1570084192.609,751,224,None,Move,browsing
1570084192.617,727,218,None,Move,browsing
1570084192.623,706,214,None,Move,browsing
1570084192.633,689,213,None,Move,browsing
1570084192.639,672,211,None,Move,browsing
1570084192.647,655,211,None,Move,browsing
1570084192.6520002,640,211,None,Move,browsing
1570084192.663,629,211,None,Move,browsing
1570084192.671,619,211,None,Move,browsing
1570084192.676,610,214,None,Move,browsing
1570084192.685,599,215,None,Move,browsing
1570084192.695,591,217,None,Move,browsing
1570084192.701,585,218,None,Move,browsing
1570084192.711,577,220,None,Move,browsing
1570084192.717,571,222,None,Move,browsing
1570084192.725,565,224,None,Move,browsing
1570084192.7329998,561,224,None,Move,browsing
1570084192.7389998,559,225,None,Move,browsing
1570084192.7470002,554,226,None,Move,browsing
1570084192.754,554,226,None,Move,browsing
1570084192.762,552,227,None,Move,browsing
1570084192.772,551,227,None,Move,browsing
1570084192.781,551,227,None,Move,browsing
1570084192.795,550,227,None,Move,browsing
1570084195.274,550,227,None,Move,browsing
1570084195.291,551,225,None,Move,browsing
1570084195.298,552,224,None,Move,browsing
1570084195.3070002,553,223,None,Move,browsing
1570084195.315,554,221,None,Move,browsing
1570084195.323,554,216,None,Move,browsing
1570084195.329,554,211,None,Move,browsing
1570084195.333,552,205,None,Move,browsing
1570084195.342,548,198,None,Move,browsing
1570084195.351,543,188,None,Move,browsing
1570084195.361,535,179,None,Move,browsing
1570084195.367,527,170,None,Move,browsing
1570084195.377,518,163,None,Move,browsing
1570084195.3820002,503,154,None,Move,browsing
1570084195.39,488,148,None,Move,browsing
1570084195.4,466,139,None,Move,browsing
1570084195.407,444,134,None,Move,browsing
1570084195.414,421,130,None,Move,browsing
1570084195.421,403,129,None,Move,browsing
1570084195.428,381,127,None,Move,browsing
1570084195.436,361,126,None,Move,browsing
1570084195.448,346,125,None,Move,browsing
1570084195.455,333,124,None,Move,browsing
1570084195.4629998,321,124,None,Move,browsing
1570084195.471,312,124,None,Move,browsing
1570084195.4770002,301,124,None,Move,browsing
1570084195.484,296,123,None,Move,browsing
1570084195.4929998,288,122,None,Move,browsing
1570084195.498,282,121,None,Move,browsing
1570084195.5089998,275,118,None,Move,browsing
1570084195.5170002,269,116,None,Move,browsing
1570084195.526,264,113,None,Move,browsing
1570084195.53,262,112,None,Move,browsing
1570084195.538,258,111,None,Move,browsing
1570084195.546,257,110,None,Move,browsing
1570084195.555,255,110,None,Move,browsing
1570084195.563,255,109,None,Move,browsing
1570084195.569,254,109,None,Move,browsing
1570084195.645,254,115,None,Move,browsing
1570084195.657,254,121,None,Move,browsing
1570084195.665,254,128,None,Move,browsing
1570084195.67,254,135,None,Move,browsing
1570084195.681,256,145,None,Move,browsing
1570084195.687,260,154,None,Move,browsing
1570084195.694,263,163,None,Move,browsing
1570084195.701,267,171,None,Move,browsing
1570084195.708,270,178,None,Move,browsing
1570084195.717,274,186,None,Move,browsing
1570084195.7270002,277,193,None,Move,browsing
1570084195.735,280,196,None,Move,browsing
1570084195.74,285,204,None,Move,browsing
1570084195.748,289,208,None,Move,browsing
1570084195.756,292,212,None,Move,browsing
1570084195.765,294,214,None,Move,browsing
1570084195.772,295,216,None,Move,browsing
1570084195.781,298,219,None,Move,browsing
1570084195.786,298,220,None,Move,browsing
1570084195.7970002,299,221,None,Move,browsing
1570084195.805,300,222,None,Move,browsing
1570084195.812,300,222,None,Move,browsing
1570084195.821,301,223,None,Move,browsing
1570084195.835,302,224,None,Move,browsing
1570084195.845,303,225,None,Move,browsing
1570084195.851,304,226,None,Move,browsing
1570084195.8660002,305,226,None,Move,browsing
1570084195.875,306,226,None,Move,browsing
1570084195.89,307,226,None,Move,browsing
1570084195.906,308,226,None,Move,browsing
1570084195.923,309,226,None,Move,browsing
1570084195.945,309,226,None,Move,browsing
1570084195.958,311,226,None,Move,browsing
1570084195.9829998,311,227,None,Move,browsing
1570084196.0010002,312,227,None,Move,browsing
1570084196.0229998,314,227,None,Move,browsing
1570084196.038,314,228,None,Move,browsing
1570084196.054,315,228,None,Move,browsing
1570084196.077,315,229,None,Move,browsing
1570084196.093,316,229,None,Move,browsing
1570084196.113,316,229,None,Move,browsing
1570084196.13,317,229,None,Move,browsing
1570084196.156,317,230,None,Move,browsing
1570084196.171,318,230,None,Move,browsing
1570084196.195,318,230,None,Move,browsing
1570084196.2729998,319,230,None,Move,browsing
1570084196.467,317,230,None,Move,browsing
1570084196.472,316,229,None,Move,browsing
1570084196.4829998,315,229,None,Move,browsing
1570084196.488,312,226,None,Move,browsing
1570084196.498,309,225,None,Move,browsing
1570084196.505,304,222,None,Move,browsing
1570084196.5129998,299,220,None,Move,browsing
1570084196.52,295,217,None,Move,browsing
1570084196.531,290,214,None,Move,browsing
1570084196.536,286,213,None,Move,browsing
1570084196.545,281,210,None,Move,browsing
1570084196.55,271,205,None,Move,browsing
1570084196.561,260,201,None,Move,browsing
1570084196.566,250,198,None,Move,browsing
1570084196.574,239,195,None,Move,browsing
1570084196.585,230,193,None,Move,browsing
1570084196.593,222,192,None,Move,browsing
1570084196.5979998,214,192,None,Move,browsing
1570084196.607,206,192,None,Move,browsing
1570084196.615,200,192,None,Move,browsing
1570084196.62,197,192,None,Move,browsing
1570084196.631,195,192,None,Move,browsing
1570084196.6360002,194,192,None,Move,browsing
1570084196.6520002,193,192,None,Move,browsing
1570084196.731,193,194,None,Move,browsing
1570084196.74,193,196,None,Move,browsing
1570084196.7489998,194,196,None,Move,browsing
1570084196.754,195,198,None,Move,browsing
1570084196.762,196,199,None,Move,browsing
1570084196.77,197,201,None,Move,browsing
1570084196.776,199,203,None,Move,browsing
1570084196.7870002,201,204,None,Move,browsing
1570084196.795,203,207,None,Move,browsing
1570084196.802,204,207,None,Move,browsing
1570084196.811,207,209,None,Move,browsing
1570084196.819,208,210,None,Move,browsing
1570084196.824,210,211,None,Move,browsing
1570084196.833,213,212,None,Move,browsing
1570084196.84,218,213,None,Move,browsing
1570084196.849,220,214,None,Move,browsing
1570084196.857,222,214,None,Move,browsing
1570084196.865,224,214,None,Move,browsing
1570084196.873,229,214,None,Move,browsing
1570084196.881,233,214,None,Move,browsing
1570084196.887,235,214,None,Move,browsing
1570084196.894,240,213,None,Move,browsing
1570084196.905,244,212,None,Move,browsing
1570084196.911,251,210,None,Move,browsing
1570084196.919,255,209,None,Move,browsing
1570084196.924,260,208,None,Move,browsing
1570084196.9320002,264,206,None,Move,browsing
1570084196.9429998,267,205,None,Move,browsing
1570084196.948,272,203,None,Move,browsing
1570084196.956,274,202,None,Move,browsing
1570084196.964,278,202,None,Move,browsing
1570084196.975,281,201,None,Move,browsing
1570084196.982,283,200,None,Move,browsing
1570084196.9889998,284,200,None,Move,browsing
1570084196.9989998,286,199,None,Move,browsing
1570084197.0029998,287,199,None,Move,browsing
1570084197.0110002,288,199,None,Move,browsing
1570084197.02,290,198,None,Move,browsing
1570084197.029,291,198,None,Move,browsing
1570084197.034,292,198,None,Move,browsing
1570084197.045,293,198,None,Move,browsing
1570084197.05,294,198,None,Move,browsing
1570084197.0579998,295,198,None,Move,browsing
1570084197.0670002,296,197,None,Move,browsing
1570084197.082,297,197,None,Move,browsing
1570084197.0879998,298,196,None,Move,browsing
1570084197.107,299,196,None,Move,browsing
1570084197.115,300,196,None,Move,browsing
1570084197.131,301,196,None,Move,browsing
1570084197.139,302,196,None,Move,browsing
1570084197.146,306,196,None,Move,browsing
1570084197.15,306,196,None,Move,browsing
1570084197.161,307,196,None,Move,browsing
1570084197.169,310,196,None,Move,browsing
1570084197.176,312,196,None,Move,browsing
1570084197.185,315,196,None,Move,browsing
1570084197.1929998,318,196,None,Move,browsing
1570084197.198,321,196,None,Move,browsing
1570084197.208,324,195,None,Move,browsing
1570084197.215,327,195,None,Move,browsing
1570084197.222,328,195,None,Move,browsing
1570084197.231,329,195,None,Move,browsing
1570084197.2389998,331,195,None,Move,browsing
1570084197.2470002,333,195,None,Move,browsing
1570084197.2529998,333,195,None,Move,browsing
1570084197.2629998,336,195,None,Move,browsing
1570084197.271,336,195,None,Move,browsing
1570084197.279,339,195,None,Move,browsing
1570084197.285,340,195,None,Move,browsing
1570084197.295,343,195,None,Move,browsing
1570084197.301,346,196,None,Move,browsing
1570084197.3079998,348,196,None,Move,browsing
1570084197.315,352,197,None,Move,browsing
1570084197.325,354,197,None,Move,browsing
1570084197.331,358,197,None,Move,browsing
1570084197.3379998,361,197,None,Move,browsing
1570084197.349,365,197,None,Move,browsing
1570084197.355,369,197,None,Move,browsing
1570084197.365,373,197,None,Move,browsing
1570084197.373,377,197,None,Move,browsing
1570084197.3779998,380,197,None,Move,browsing
1570084197.3839998,382,197,None,Move,browsing
1570084197.395,383,197,None,Move,browsing
1570084197.401,384,197,None,Move,browsing
1570084197.409,385,197,None,Move,browsing
1570084197.419,385,197,None,Move,browsing
1570084197.434,386,197,None,Move,browsing
1570084197.51,387,198,None,Move,browsing
1570084197.529,389,199,None,Move,browsing
1570084197.54,391,200,None,Move,browsing
1570084197.55,395,200,None,Move,browsing
1570084197.556,398,201,None,Move,browsing
1570084197.5670002,403,203,None,Move,browsing
1570084197.572,412,204,None,Move,browsing
1570084197.58,423,205,None,Move,browsing
1570084197.5879998,442,208,None,Move,browsing
1570084197.599,469,209,None,Move,browsing
1570084197.605,508,213,None,Move,browsing
1570084197.613,557,215,None,Move,browsing
1570084197.6179998,620,217,None,Move,browsing
1570084197.629,688,219,None,Move,browsing
1570084197.6339998,769,219,None,Move,browsing
1570084197.641,855,219,None,Move,browsing
1570084197.651,950,213,None,Move,browsing
1570084197.658,1040,209,None,Move,browsing
1570084197.666,1135,200,None,Move,browsing
1570084197.674,1225,193,None,Move,browsing
1570084197.6820002,1315,184,None,Move,browsing
1570084197.688,1394,176,None,Move,browsing
1570084197.696,1468,169,None,Move,browsing
1570084197.705,1531,165,None,Move,browsing
1570084197.715,1583,164,None,Move,browsing
1570084197.72,1627,162,None,Move,browsing
1570084197.731,1657,162,None,Move,browsing
1570084197.7389998,1673,162,None,Move,browsing
1570084197.746,1686,162,None,Move,browsing
1570084197.752,1693,161,None,Move,browsing
1570084197.7610002,1696,161,None,Move,browsing
1570084197.769,1697,161,None,Move,browsing
1570084197.79,1697,161,None,Move,browsing
1570084197.8070002,1697,162,None,Move,browsing
1570084197.815,1695,162,None,Move,browsing
1570084197.822,1694,163,None,Move,browsing
1570084197.83,1693,163,None,Move,browsing
1570084197.845,1693,163,None,Move,browsing
1570084197.871,1693,164,None,Move,browsing
1570084197.887,1693,165,None,Move,browsing
1570084197.911,1693,166,None,Move,browsing
1570084197.9220002,1693,167,None,Move,browsing
1570084197.9929998,1693,168,None,Move,browsing
1570084198.0170002,1692,168,None,Move,browsing
1570084198.041,1691,169,None,Move,browsing
1570084198.0570002,1689,170,None,Move,browsing
1570084198.066,1687,170,None,Move,browsing
1570084198.073,1684,171,None,Move,browsing
1570084198.079,1684,171,None,Move,browsing
1570084198.089,1681,172,None,Move,browsing
1570084198.097,1680,172,None,Move,browsing
1570084198.105,1678,172,None,Move,browsing
1570084198.113,1677,172,None,Move,browsing
1570084198.121,1677,172,None,Move,browsing
1570084198.129,1675,172,None,Move,browsing
1570084198.137,1675,172,None,Move,browsing
1570084198.14,1674,172,None,Move,browsing
1570084198.159,1673,172,None,Move,browsing
1570084198.174,1672,173,None,Move,browsing
1570084198.191,1671,176,None,Move,browsing
1570084198.206,1670,179,None,Move,browsing
1570084198.214,1670,180,None,Move,browsing
1570084198.219,1670,184,None,Move,browsing
1570084198.226,1670,187,None,Move,browsing
1570084198.236,1671,189,None,Move,browsing
1570084198.2429998,1671,192,None,Move,browsing
1570084198.2510002,1672,195,None,Move,browsing
1570084198.2570002,1672,197,None,Move,browsing
1570084198.2670002,1672,201,None,Move,browsing
1570084198.274,1673,203,None,Move,browsing
1570084198.285,1673,206,None,Move,browsing
1570084198.289,1674,208,None,Move,browsing
1570084198.2970002,1674,213,None,Move,browsing
1570084198.304,1674,220,None,Move,browsing
1570084198.312,1675,226,None,Move,browsing
1570084198.321,1676,235,None,Move,browsing
1570084198.331,1677,246,None,Move,browsing
1570084198.3379998,1678,257,None,Move,browsing
1570084198.345,1679,269,None,Move,browsing
1570084198.3520002,1680,282,None,Move,browsing
1570084198.363,1680,294,None,Move,browsing
1570084198.3679998,1680,308,None,Move,browsing
1570084198.377,1680,322,None,Move,browsing
1570084198.3839998,1680,334,None,Move,browsing
1570084198.393,1680,344,None,Move,browsing
1570084198.4,1680,354,None,Move,browsing
1570084198.409,1678,359,None,Move,browsing
1570084198.417,1677,362,None,Move,browsing
1570084198.4220002,1675,363,None,Move,browsing
1570084198.4320002,1673,365,None,Move,browsing
1570084198.441,1672,365,None,Move,browsing
1570084198.444,1671,365,None,Move,browsing
1570084198.455,1670,366,None,Move,browsing
1570084198.461,1668,367,None,Move,browsing
1570084198.479,1667,367,None,Move,browsing
1570084198.4829998,1667,367,None,Move,browsing
1570084198.525,1666,367,None,Move,browsing
1570084198.546,1663,363,None,Move,browsing
1570084198.554,1662,362,None,Move,browsing
1570084198.565,1660,360,None,Move,browsing
1570084198.569,1659,359,None,Move,browsing
1570084198.581,1656,357,None,Move,browsing
1570084198.586,1655,355,None,Move,browsing
1570084198.595,1653,353,None,Move,browsing
1570084198.6,1652,352,None,Move,browsing
1570084198.6079998,1651,351,None,Move,browsing
1570084198.6179998,1650,350,None,Move,browsing
1570084198.627,1649,349,None,Move,browsing
1570084198.635,1648,348,None,Move,browsing
1570084198.641,1647,347,None,Move,browsing
1570084198.651,1645,345,None,Move,browsing
1570084198.656,1645,344,None,Move,browsing
1570084198.667,1644,342,None,Move,browsing
1570084198.673,1643,341,None,Move,browsing
1570084198.681,1642,338,None,Move,browsing
1570084198.689,1641,337,None,Move,browsing
1570084198.697,1641,336,None,Move,browsing
1570084198.705,1640,334,None,Move,browsing
1570084198.718,1639,334,None,Move,browsing
1570084198.735,1639,333,None,Move,browsing
1570084198.772,1639,333,None,Move,browsing
1570084198.791,1639,331,None,Move,browsing
1570084198.804,1638,330,None,Move,browsing
1570084198.821,1638,329,None,Move,browsing
1570084198.835,1638,328,None,Move,browsing
1570084198.8739998,1638,327,None,Move,browsing
1570084198.899,1638,326,None,Move,browsing
1570084198.9020002,1638,326,Left,Pressed,browsing
1570084198.976,1638,326,Left,Released,browsing
1570084199.367,1638,326,None,Move,browsing
1570084199.39,1637,326,None,Move,browsing
1570084199.413,1636,326,None,Move,browsing
1570084199.609,1636,325,None,Move,browsing
1570084199.625,1636,323,None,Move,browsing
1570084199.641,1636,323,None,Move,browsing
1570084199.657,1636,321,None,Move,browsing
1570084199.679,1636,321,None,Move,browsing
1570084199.695,1636,320,None,Move,browsing
1570084199.718,1636,320,None,Move,browsing
1570084199.7970002,1636,320,None,Move,browsing
1570084199.859,1637,318,None,Move,browsing
1570084199.875,1637,317,None,Move,browsing
1570084199.891,1637,317,None,Move,browsing
1570084199.909,1638,315,None,Move,browsing
1570084199.929,1638,315,None,Move,browsing
1570084199.952,1638,314,None,Move,browsing
1570084199.9910002,1638,314,None,Move,browsing
1570084200.012,1638,312,None,Move,browsing
1570084200.028,1638,311,None,Move,browsing
1570084200.0470002,1638,310,None,Move,browsing
1570084200.059,1638,309,None,Move,browsing
1570084200.077,1638,308,None,Move,browsing
1570084200.085,1638,307,None,Move,browsing
1570084200.1,1638,306,None,Move,browsing
1570084200.117,1638,305,None,Move,browsing
1570084200.131,1638,304,None,Move,browsing
1570084200.147,1638,303,None,Move,browsing
1570084200.179,1638,303,None,Move,browsing
1570084200.201,1638,302,None,Move,browsing
1570084200.9889998,1638,301,None,Move,browsing
1570084201.012,1638,301,None,Move,browsing
1570084201.039,1638,300,None,Move,browsing
1570084201.065,1638,300,None,Move,browsing
1570084201.093,1635,300,None,Move,browsing
1570084201.115,1632,301,None,Move,browsing
1570084201.12,1629,303,None,Move,browsing
1570084201.127,1627,304,None,Move,browsing
1570084201.137,1625,307,None,Move,browsing
1570084201.145,1621,309,None,Move,browsing
1570084201.153,1619,311,None,Move,browsing
1570084201.161,1615,313,None,Move,browsing
1570084201.168,1610,316,None,Move,browsing
1570084201.177,1605,319,None,Move,browsing
1570084201.1820002,1601,322,None,Move,browsing
1570084201.191,1596,324,None,Move,browsing
1570084201.199,1591,327,None,Move,browsing
1570084201.204,1589,329,None,Move,browsing
1570084201.2129998,1587,329,None,Move,browsing
1570084201.2229998,1583,331,None,Move,browsing
1570084201.229,1577,332,None,Move,browsing
1570084201.236,1572,332,None,Move,browsing
1570084201.2470002,1567,332,None,Move,browsing
1570084201.2529998,1563,332,None,Move,browsing
1570084201.262,1560,332,None,Move,browsing
1570084201.269,1557,332,None,Move,browsing
1570084201.275,1554,331,None,Move,browsing
1570084201.283,1552,330,None,Move,browsing
1570084201.291,1550,329,None,Move,browsing
1570084201.298,1549,328,None,Move,browsing
1570084201.316,1548,328,None,Move,browsing
1570084201.33,1548,327,None,Move,browsing
1570084201.3520002,1548,327,None,Move,browsing
1570084201.411,1548,326,None,Move,browsing
1570084201.446,1547,326,None,Move,browsing
1570084201.471,1547,325,None,Move,browsing
1570084201.4889998,1547,324,None,Move,browsing
1570084201.508,1547,324,None,Move,browsing
1570084201.543,1547,323,None,Move,browsing
1570084201.566,1547,323,None,Move,browsing
1570084201.7410002,1546,323,None,Move,browsing
1570084201.7610002,1541,326,None,Move,browsing
1570084201.768,1537,328,None,Move,browsing
1570084201.7770002,1529,331,None,Move,browsing
1570084201.785,1516,332,None,Move,browsing
1570084201.793,1500,332,None,Move,browsing
1570084201.801,1472,333,None,Move,browsing
1570084201.805,1442,333,None,Move,browsing
1570084201.815,1409,333,None,Move,browsing
1570084201.823,1371,333,None,Move,browsing
1570084201.8279998,1330,333,None,Move,browsing
1570084201.839,1295,333,None,Move,browsing
1570084201.847,1259,333,None,Move,browsing
1570084201.851,1224,331,None,Move,browsing
1570084201.863,1199,331,None,Move,browsing
1570084201.869,1171,329,None,Move,browsing
1570084201.879,1157,329,None,Move,browsing
1570084201.8839998,1142,329,None,Move,browsing
1570084201.89,1133,329,None,Move,browsing
1570084201.8979998,1125,329,None,Move,browsing
1570084201.906,1119,329,None,Move,browsing
1570084201.915,1116,329,None,Move,browsing
1570084201.9220002,1112,329,None,Move,browsing
1570084201.931,1110,330,None,Move,browsing
1570084201.938,1109,330,None,Move,browsing
1570084201.947,1109,331,None,Move,browsing
1570084201.962,1108,331,None,Move,browsing
1570084201.978,1108,333,None,Move,browsing
1570084201.995,1108,338,None,Move,browsing
1570084202.0029998,1107,343,None,Move,browsing
1570084202.0110002,1107,347,None,Move,browsing
1570084202.016,1105,351,None,Move,browsing
1570084202.024,1103,356,None,Move,browsing
1570084202.033,1101,359,None,Move,browsing
1570084202.038,1101,361,None,Move,browsing
1570084202.049,1100,363,None,Move,browsing
1570084202.054,1098,365,None,Move,browsing
1570084202.065,1098,366,None,Move,browsing
1570084202.073,1096,367,None,Move,browsing
1570084202.081,1093,371,None,Move,browsing
1570084202.086,1091,373,None,Move,browsing
1570084202.097,1086,376,None,Move,browsing
1570084202.1020002,1081,378,None,Move,browsing
1570084202.111,1077,379,None,Move,browsing
1570084202.1160002,1074,379,None,Move,browsing
1570084202.1239998,1071,380,None,Move,browsing
1570084202.1320002,1067,380,None,Move,browsing
1570084202.14,1065,380,None,Move,browsing
1570084202.1479998,1062,380,None,Move,browsing
1570084202.157,1059,380,None,Move,browsing
1570084202.167,1057,380,None,Move,browsing
1570084202.1720002,1055,380,None,Move,browsing
1570084202.181,1054,380,None,Move,browsing
1570084202.186,1052,380,None,Move,browsing
1570084202.197,1050,380,None,Move,browsing
1570084202.202,1048,380,None,Move,browsing
1570084202.2129998,1046,380,None,Move,browsing
1570084202.22,1043,380,None,Move,browsing
1570084202.228,1041,380,None,Move,browsing
1570084202.2370002,1039,381,None,Move,browsing
1570084202.245,1038,381,None,Move,browsing
1570084202.2529998,1035,381,None,Move,browsing
1570084202.2570002,1035,381,None,Move,browsing
1570084202.2670002,1034,381,None,Move,browsing
1570084202.272,1034,381,None,Move,browsing
1570084202.315,1034,381,None,Move,browsing
1570084202.326,1034,379,None,Move,browsing
1570084202.343,1034,379,None,Move,browsing
1570084202.593,1034,378,None,Move,browsing
1570084202.6260002,1034,378,Left,Pressed,browsing
1570084202.6260002,1034,378,None,Drag,browsing
1570084202.627,1034,378,Left,Released,browsing
1570084202.8979998,1032,376,None,Move,browsing
1570084202.915,1031,374,None,Move,browsing
1570084202.9220002,1030,374,None,Move,browsing
1570084202.944,1030,374,None,Move,browsing
1570084203.359,1030,374,Left,Pressed,browsing
1570084203.4989998,1030,374,Left,Released,browsing
1570084204.208,1030,374,None,Move,browsing
1570084204.232,1030,374,None,Move,browsing
1570084204.31,1031,374,None,Move,browsing
1570084204.319,1031,374,Left,Pressed,browsing
1570084204.4429998,1031,374,Left,Released,browsing
1570084204.58,1032,374,None,Move,browsing
1570084204.599,1033,374,None,Move,browsing
1570084204.6139998,1034,374,None,Move,browsing
1570084204.631,1035,374,None,Move,browsing
1570084204.645,1036,374,None,Move,browsing
1570084204.661,1038,375,None,Move,browsing
1570084204.676,1039,375,None,Move,browsing
1570084204.6820002,1040,375,None,Move,browsing
1570084204.6929998,1041,375,None,Move,browsing
1570084204.7,1042,375,None,Move,browsing
1570084204.715,1043,375,None,Move,browsing
1570084204.731,1044,375,None,Move,browsing
1570084204.7470002,1044,375,None,Move,browsing
1570084204.769,1046,375,None,Move,browsing
1570084204.785,1046,375,None,Move,browsing
1570084205.004,1046,375,None,Move,browsing
1570084205.019,1046,374,None,Move,browsing
1570084205.031,1046,373,None,Move,browsing
1570084205.051,1045,372,None,Move,browsing
1570084205.0670002,1044,372,None,Move,browsing
1570084205.091,1043,371,None,Move,browsing
1570084205.105,1042,371,None,Move,browsing
1570084205.1279998,1042,371,None,Move,browsing
1570084205.145,1040,371,None,Move,browsing
1570084205.167,1039,370,None,Move,browsing
1570084205.1820002,1037,370,None,Move,browsing
1570084205.191,1036,370,None,Move,browsing
1570084205.199,1035,370,None,Move,browsing
1570084205.206,1034,370,None,Move,browsing
1570084205.215,1033,370,None,Move,browsing
1570084205.222,1033,370,None,Move,browsing
1570084205.245,1032,370,None,Move,browsing
1570084205.32,1032,369,Left,Pressed,browsing
1570084205.32,1032,369,None,Drag,browsing
1570084205.32,1032,369,Left,Released,browsing
1570084205.6020002,1032,369,None,Move,browsing
1570084205.621,1034,369,None,Move,browsing
1570084205.635,1035,369,None,Move,browsing
1570084205.649,1036,369,None,Move,browsing
1570084205.659,1037,370,None,Move,browsing
1570084205.671,1038,370,None,Move,browsing
1570084205.6829998,1039,370,None,Move,browsing
1570084205.697,1039,370,None,Move,browsing
1570084205.7129998,1040,370,None,Move,browsing
1570084205.796,1040,370,None,Move,browsing
1570084205.931,1040,371,None,Move,browsing
1570084205.9929998,1041,371,None,Move,browsing
1570084206.805,1044,371,None,Move,browsing
1570084206.813,1047,371,None,Move,browsing
1570084206.821,1049,371,None,Move,browsing
1570084206.8279998,1056,371,None,Move,browsing
1570084206.835,1069,371,None,Move,browsing
1570084206.845,1084,371,None,Move,browsing
1570084206.851,1102,371,None,Move,browsing
1570084206.859,1127,371,None,Move,browsing
1570084206.8660002,1152,369,None,Move,browsing
1570084206.875,1190,369,None,Move,browsing
1570084206.8820002,1231,369,None,Move,browsing
1570084206.89,1274,370,None,Move,browsing
1570084206.899,1321,372,None,Move,browsing
1570084206.906,1365,374,None,Move,browsing
1570084206.915,1414,377,None,Move,browsing
1570084206.92,1468,377,None,Move,browsing
1570084206.929,1512,379,None,Move,browsing
1570084206.937,1553,379,None,Move,browsing
1570084206.944,1591,381,None,Move,browsing
1570084206.952,1624,381,None,Move,browsing
1570084206.959,1646,381,None,Move,browsing
1570084206.968,1665,381,None,Move,browsing
1570084206.975,1681,381,None,Move,browsing
1570084206.9870002,1691,381,None,Move,browsing
1570084206.9910002,1696,381,None,Move,browsing
1570084207.0010002,1699,381,None,Move,browsing
1570084207.0070002,1701,381,None,Move,browsing
1570084207.015,1701,381,None,Move,browsing
1570084207.141,1701,380,None,Move,browsing
1570084207.2410002,1701,380,None,Move,browsing
1570084207.2529998,1700,380,None,Move,browsing
1570084207.265,1697,380,None,Move,browsing
1570084207.2729998,1693,379,None,Move,browsing
1570084207.281,1690,379,None,Move,browsing
1570084207.289,1690,379,None,Move,browsing
1570084207.2970002,1689,379,None,Move,browsing
1570084207.3079998,1689,379,None,Move,browsing
1570084207.319,1687,383,None,Move,browsing
1570084207.326,1687,383,None,Move,browsing
1570084207.351,1687,383,None,Move,browsing
1570084207.365,1683,384,None,Move,browsing
1570084207.371,1680,385,None,Move,browsing
1570084207.3779998,1676,385,None,Move,browsing
1570084207.389,1672,385,None,Move,browsing
1570084207.397,1669,386,None,Move,browsing
1570084207.405,1667,386,None,Move,browsing
1570084207.413,1667,386,None,Move,browsing
1570084207.42,1665,386,None,Move,browsing
1570084207.428,1660,386,None,Move,browsing
1570084207.437,1658,386,None,Move,browsing
1570084207.4420002,1654,386,None,Move,browsing
1570084207.452,1652,385,None,Move,browsing
1570084207.461,1648,383,None,Move,browsing
1570084207.466,1646,383,None,Move,browsing
1570084207.475,1641,380,None,Move,browsing
1570084207.482,1638,378,None,Move,browsing
1570084207.4910002,1633,377,None,Move,browsing
1570084207.498,1630,375,None,Move,browsing
1570084207.5070002,1627,373,None,Move,browsing
1570084207.514,1624,372,None,Move,browsing
1570084207.522,1621,371,None,Move,browsing
1570084207.528,1619,369,None,Move,browsing
1570084207.535,1618,369,None,Move,browsing
1570084207.545,1617,368,None,Move,browsing
1570084207.55,1616,367,None,Move,browsing
1570084207.561,1615,367,None,Move,browsing
1570084207.569,1614,366,None,Move,browsing
1570084207.574,1613,365,None,Move,browsing
1570084207.583,1612,364,None,Move,browsing
1570084207.59,1612,363,None,Move,browsing
1570084207.5979998,1610,362,None,Move,browsing
1570084207.606,1609,360,None,Move,browsing
1570084207.6139998,1608,359,None,Move,browsing
1570084207.621,1606,357,None,Move,browsing
1570084207.6279998,1606,355,None,Move,browsing
1570084207.6360002,1605,355,None,Move,browsing
1570084207.647,1605,354,None,Move,browsing
1570084207.6620002,1604,354,None,Move,browsing
1570084207.679,1604,353,None,Move,browsing
1570084207.6920002,1604,352,None,Move,browsing
1570084208.041,1603,352,None,Move,browsing
1570084208.069,1599,352,None,Move,browsing
1570084208.075,1598,352,None,Move,browsing
1570084208.083,1594,352,None,Move,browsing
1570084208.091,1589,352,None,Move,browsing
1570084208.099,1585,352,None,Move,browsing
1570084208.107,1578,352,None,Move,browsing
1570084208.111,1574,352,None,Move,browsing
1570084208.1220002,1571,352,None,Move,browsing
1570084208.1279998,1567,352,None,Move,browsing
1570084208.1379998,1564,351,None,Move,browsing
1570084208.145,1564,351,None,Move,browsing
1570084208.153,1563,350,None,Move,browsing
1570084208.206,1563,350,None,Move,browsing
1570084208.221,1566,350,None,Move,browsing
1570084208.231,1567,350,None,Move,browsing
1570084208.236,1571,352,None,Move,browsing
1570084208.2470002,1576,354,None,Move,browsing
1570084208.254,1583,355,None,Move,browsing
1570084208.262,1590,356,None,Move,browsing
1570084208.271,1598,357,None,Move,browsing
1570084208.279,1601,357,None,Move,browsing
1570084208.2870002,1602,357,None,Move,browsing
1570084208.294,1603,357,None,Move,browsing
1570084208.299,1604,357,None,Move,browsing
1570084208.333,1604,357,None,Move,browsing
1570084208.357,1606,361,None,Move,browsing
1570084208.365,1607,364,None,Move,browsing
1570084208.371,1610,369,None,Move,browsing
1570084208.379,1610,371,None,Move,browsing
1570084208.385,1612,373,None,Move,browsing
1570084208.3920002,1613,376,None,Move,browsing
1570084208.403,1613,379,None,Move,browsing
1570084208.411,1613,381,None,Move,browsing
1570084208.416,1613,382,None,Move,browsing
1570084208.427,1613,384,None,Move,browsing
1570084208.434,1613,389,None,Move,browsing
1570084208.441,1612,391,None,Move,browsing
1570084208.449,1611,394,None,Move,browsing
1570084208.454,1610,394,None,Move,browsing
1570084208.464,1608,397,None,Move,browsing
1570084208.47,1604,399,None,Move,browsing
1570084208.479,1603,399,None,Move,browsing
1570084208.4870002,1601,401,None,Move,browsing
1570084208.496,1599,401,None,Move,browsing
1570084208.5010002,1595,401,None,Move,browsing
1570084208.5129998,1592,401,None,Move,browsing
1570084208.518,1590,401,None,Move,browsing
1570084208.529,1589,401,None,Move,browsing
1570084208.534,1586,401,None,Move,browsing
1570084208.542,1584,399,None,Move,browsing
1570084208.549,1582,398,None,Move,browsing
1570084208.5570002,1580,396,None,Move,browsing
1570084208.5670002,1578,396,None,Move,browsing
1570084208.573,1578,395,None,Move,browsing
1570084208.581,1576,394,None,Move,browsing
1570084208.59,1576,394,None,Move,browsing
1570084208.597,1575,393,None,Move,browsing
1570084208.613,1575,393,None,Move,browsing
1570084208.6260002,1574,393,None,Move,browsing
1570084208.653,1572,392,None,Move,browsing
1570084208.661,1569,391,None,Move,browsing
1570084208.665,1568,391,None,Move,browsing
1570084208.675,1566,390,None,Move,browsing
1570084208.6829998,1564,390,None,Move,browsing
1570084208.689,1563,390,None,Move,browsing
1570084208.699,1562,390,None,Move,browsing
1570084208.7229998,1560,389,None,Move,browsing
1570084209.438,1559,389,None,Move,browsing
1570084209.461,1558,389,None,Move,browsing
1570084209.485,1558,389,None,Move,browsing
1570084209.502,1557,389,None,Move,browsing
1570084209.5229998,1556,390,None,Move,browsing
1570084209.541,1555,390,None,Move,browsing
1570084209.562,1554,391,None,Move,browsing
1570084209.581,1554,391,None,Move,browsing
1570084209.603,1549,391,None,Move,browsing
1570084209.611,1546,391,None,Move,browsing
1570084209.617,1542,390,None,Move,browsing
1570084209.625,1539,389,None,Move,browsing
1570084209.635,1534,388,None,Move,browsing
1570084209.6420002,1527,386,None,Move,browsing
1570084209.65,1523,385,None,Move,browsing
1570084209.657,1517,383,None,Move,browsing
1570084209.665,1510,380,None,Move,browsing
1570084209.673,1503,377,None,Move,browsing
1570084209.681,1493,372,None,Move,browsing
1570084209.689,1484,367,None,Move,browsing
1570084209.696,1475,364,None,Move,browsing
1570084209.705,1466,360,None,Move,browsing
1570084209.712,1461,360,None,Move,browsing
1570084209.721,1455,359,None,Move,browsing
1570084209.7270002,1450,359,None,Move,browsing
1570084209.7370002,1446,359,None,Move,browsing
1570084209.744,1443,359,None,Move,browsing
1570084209.7510002,1441,359,None,Move,browsing
1570084209.758,1439,359,None,Move,browsing
1570084209.764,1437,359,None,Move,browsing
1570084209.772,1434,359,None,Move,browsing
1570084209.783,1432,360,None,Move,browsing
1570084209.788,1431,360,None,Move,browsing
1570084209.796,1431,360,None,Move,browsing
1570084209.8070002,1430,360,None,Move,browsing
1570084210.202,1430,362,None,Move,browsing
1570084210.211,1430,363,None,Move,browsing
1570084210.218,1430,363,None,Move,browsing
1570084210.2270002,1430,365,None,Move,browsing
1570084210.235,1430,366,None,Move,browsing
1570084210.2389998,1430,367,None,Move,browsing
1570084210.2510002,1431,368,None,Move,browsing
1570084210.2589998,1432,369,None,Move,browsing
1570084210.2629998,1432,370,None,Move,browsing
1570084210.275,1433,371,None,Move,browsing
1570084210.279,1433,372,None,Move,browsing
1570084210.294,1435,373,None,Move,browsing
1570084210.305,1435,374,None,Move,browsing
1570084210.313,1437,374,None,Move,browsing
1570084210.321,1437,375,None,Move,browsing
1570084210.336,1438,375,None,Move,browsing
1570084210.353,1438,375,None,Move,browsing
1570084211.819,1432,379,None,Move,browsing
1570084211.841,1426,379,None,Move,browsing
1570084211.8479998,1414,381,None,Move,browsing
1570084211.853,1399,383,None,Move,browsing
1570084211.863,1373,388,None,Move,browsing
1570084211.871,1344,393,None,Move,browsing
1570084211.8779998,1300,397,None,Move,browsing
1570084211.889,1253,398,None,Move,browsing
1570084211.896,1199,400,None,Move,browsing
1570084211.903,1148,400,None,Move,browsing
1570084211.911,1091,400,None,Move,browsing
1570084211.917,1036,395,None,Move,browsing
1570084211.927,983,388,None,Move,browsing
1570084211.9320002,930,384,None,Move,browsing
1570084211.9429998,890,384,None,Move,browsing
1570084211.948,854,384,None,Move,browsing
1570084211.959,830,384,None,Move,browsing
1570084211.965,817,384,None,Move,browsing
1570084211.9729998,807,384,None,Move,browsing
1570084211.98,799,384,None,Move,browsing
1570084211.985,796,385,None,Move,browsing
1570084211.9970002,795,385,None,Move,browsing
1570084212.036,799,385,None,Move,browsing
1570084212.045,805,384,None,Move,browsing
1570084212.051,808,384,None,Move,browsing
1570084212.059,812,384,None,Move,browsing
1570084212.066,814,384,None,Move,browsing
1570084212.071,818,384,None,Move,browsing
1570084212.08,820,384,None,Move,browsing
1570084212.091,822,384,None,Move,browsing
1570084212.099,825,384,None,Move,browsing
1570084212.104,826,384,None,Move,browsing
1570084212.115,829,384,None,Move,browsing
1570084212.12,833,384,None,Move,browsing
1570084212.1279998,836,385,None,Move,browsing
1570084212.1339998,840,386,None,Move,browsing
1570084212.145,844,387,None,Move,browsing
1570084212.15,849,389,None,Move,browsing
1570084212.158,853,390,None,Move,browsing
1570084212.169,860,392,None,Move,browsing
1570084212.177,865,393,None,Move,browsing
1570084212.1820002,871,396,None,Move,browsing
1570084212.1929998,875,398,None,Move,browsing
1570084212.199,882,400,None,Move,browsing
1570084212.204,887,402,None,Move,browsing
1570084212.2129998,896,404,None,Move,browsing
1570084212.2229998,905,406,None,Move,browsing
1570084212.228,914,408,None,Move,browsing
1570084212.236,922,409,None,Move,browsing
1570084212.245,933,410,None,Move,browsing
1570084212.252,943,412,None,Move,browsing
1570084212.2629998,953,414,None,Move,browsing
1570084212.271,964,416,None,Move,browsing
1570084212.276,974,417,None,Move,browsing
1570084212.285,982,419,None,Move,browsing
1570084212.291,988,420,None,Move,browsing
1570084212.301,996,422,None,Move,browsing
1570084212.309,1002,424,None,Move,browsing
1570084212.3170002,1006,426,None,Move,browsing
1570084212.325,1010,426,None,Move,browsing
1570084212.333,1014,428,None,Move,browsing
1570084212.341,1016,430,None,Move,browsing
1570084212.346,1018,430,None,Move,browsing
1570084212.3520002,1021,431,None,Move,browsing
1570084212.363,1022,432,None,Move,browsing
1570084212.371,1025,433,None,Move,browsing
1570084212.3779998,1027,434,None,Move,browsing
1570084212.387,1028,434,None,Move,browsing
1570084212.395,1030,435,None,Move,browsing
1570084212.404,1033,436,None,Move,browsing
1570084212.411,1036,437,None,Move,browsing
1570084212.419,1038,438,None,Move,browsing
1570084212.425,1040,440,None,Move,browsing
1570084212.4329998,1042,440,None,Move,browsing
1570084212.438,1044,442,None,Move,browsing
1570084212.449,1046,443,None,Move,browsing
1570084212.456,1047,444,None,Move,browsing
1570084212.464,1050,446,None,Move,browsing
1570084212.4729998,1051,446,None,Move,browsing
1570084212.48,1052,447,None,Move,browsing
1570084212.4889998,1053,447,None,Move,browsing
1570084212.496,1054,449,None,Move,browsing
1570084212.505,1055,449,None,Move,browsing
1570084212.5110002,1056,451,None,Move,browsing
1570084212.524,1056,451,None,Move,browsing
1570084212.535,1057,453,None,Move,browsing
1570084212.542,1058,455,None,Move,browsing
1570084212.551,1059,458,None,Move,browsing
1570084212.559,1060,460,None,Move,browsing
1570084212.5670002,1061,463,None,Move,browsing
1570084212.575,1064,468,None,Move,browsing
1570084212.581,1067,473,None,Move,browsing
1570084212.586,1070,477,None,Move,browsing
1570084212.597,1072,482,None,Move,browsing
1570084212.601,1075,485,None,Move,browsing
1570084212.613,1078,490,None,Move,browsing
1570084212.62,1079,492,None,Move,browsing
1570084212.629,1082,497,None,Move,browsing
1570084212.637,1083,499,None,Move,browsing
1570084212.645,1085,501,None,Move,browsing
1570084212.651,1086,503,None,Move,browsing
1570084212.658,1086,503,None,Move,browsing
1570084212.667,1086,503,None,Move,browsing
1570084212.7610002,1086,503,None,Move,browsing
1570084212.768,1084,503,None,Move,browsing
1570084212.7770002,1079,502,None,Move,browsing
1570084212.785,1069,501,None,Move,browsing
1570084212.792,1054,498,None,Move,browsing
1570084212.801,1033,494,None,Move,browsing
1570084212.809,1006,489,None,Move,browsing
1570084212.814,967,484,None,Move,browsing
1570084212.82,928,478,None,Move,browsing
1570084212.83,882,469,None,Move,browsing
1570084212.839,834,457,None,Move,browsing
1570084212.847,791,448,None,Move,browsing
1570084212.855,749,442,None,Move,browsing
1570084212.8620002,713,437,None,Move,browsing
1570084212.871,684,432,None,Move,browsing
1570084212.879,658,431,None,Move,browsing
1570084212.883,641,430,None,Move,browsing
1570084212.889,627,430,None,Move,browsing
1570084212.901,614,430,None,Move,browsing
1570084212.908,602,430,None,Move,browsing
1570084212.915,595,430,None,Move,browsing
1570084212.923,587,430,None,Move,browsing
1570084212.931,581,430,None,Move,browsing
1570084212.941,575,430,None,Move,browsing
1570084212.948,570,430,None,Move,browsing
1570084212.955,562,430,None,Move,browsing
1570084212.9629998,555,430,None,Move,browsing
1570084212.971,547,430,None,Move,browsing
1570084212.978,538,430,None,Move,browsing
1570084212.986,525,428,None,Move,browsing
1570084212.9929998,512,426,None,Move,browsing
1570084213.002,497,424,None,Move,browsing
1570084213.0089998,479,420,None,Move,browsing
1570084213.019,464,417,None,Move,browsing
1570084213.0270002,450,415,None,Move,browsing
1570084213.033,437,414,None,Move,browsing
1570084213.039,425,413,None,Move,browsing
1570084213.046,414,413,None,Move,browsing
1570084213.054,402,413,None,Move,browsing
1570084213.063,393,413,None,Move,browsing
1570084213.071,385,413,None,Move,browsing
1570084213.079,377,413,None,Move,browsing
1570084213.086,370,413,None,Move,browsing
1570084213.096,362,413,None,Move,browsing
1570084213.103,357,413,None,Move,browsing
1570084213.111,353,414,None,Move,browsing
1570084213.119,351,414,None,Move,browsing
1570084213.127,349,415,None,Move,browsing
1570084213.133,346,415,None,Move,browsing
1570084213.143,342,417,None,Move,browsing
1570084213.149,340,417,None,Move,browsing
1570084213.159,337,418,None,Move,browsing
1570084213.165,332,419,None,Move,browsing
1570084213.173,328,420,None,Move,browsing
1570084213.1820002,324,420,None,Move,browsing
1570084213.189,320,420,None,Move,browsing
1570084213.196,317,420,None,Move,browsing
1570084213.205,315,420,None,Move,browsing
1570084213.212,312,420,None,Move,browsing
1570084213.219,310,420,None,Move,browsing
1570084213.229,309,420,None,Move,browsing
1570084213.236,308,419,None,Move,browsing
1570084213.2429998,307,418,None,Move,browsing
1570084213.2489998,306,418,None,Move,browsing
1570084213.2610002,305,418,None,Move,browsing
1570084213.2670002,304,418,None,Move,browsing
1570084213.272,301,418,None,Move,browsing
1570084213.282,299,418,None,Move,browsing
1570084213.288,296,418,None,Move,browsing
1570084213.299,292,418,None,Move,browsing
1570084213.304,288,418,None,Move,browsing
1570084213.314,281,418,None,Move,browsing
1570084213.321,277,418,None,Move,browsing
1570084213.331,270,418,None,Move,browsing
1570084213.337,263,418,None,Move,browsing
1570084213.345,259,418,None,Move,browsing
1570084213.353,254,418,None,Move,browsing
1570084213.359,250,418,None,Move,browsing
1570084213.369,245,418,None,Move,browsing
1570084213.3760002,242,417,None,Move,browsing
1570084213.383,240,416,None,Move,browsing
1570084213.393,237,415,None,Move,browsing
1570084213.399,235,415,None,Move,browsing
1570084213.407,232,414,None,Move,browsing
1570084213.417,230,414,None,Move,browsing
1570084213.423,230,414,None,Move,browsing
1570084213.431,228,414,None,Move,browsing
1570084213.437,228,414,None,Move,browsing
1570084213.445,227,414,None,Move,browsing
1570084213.455,226,414,None,Move,browsing
1570084213.462,225,414,None,Move,browsing
1570084213.471,224,414,None,Move,browsing
1570084213.486,224,414,None,Move,browsing
1570084213.5010002,223,414,None,Move,browsing
1570084213.577,223,414,None,Move,browsing
1570084213.599,221,414,None,Move,browsing
1570084213.611,218,415,None,Move,browsing
1570084213.6160002,217,415,None,Move,browsing
1570084213.627,215,416,None,Move,browsing
1570084213.6339998,214,416,None,Move,browsing
1570084213.643,213,416,None,Move,browsing
1570084213.6479998,212,416,None,Move,browsing
1570084213.654,212,416,None,Move,browsing
1570084213.837,212,416,Left,Pressed,browsing
1570084213.907,212,416,Left,Released,browsing
1570084213.9770002,211,415,None,Move,browsing
1570084213.984,211,413,None,Move,browsing
1570084213.9929998,211,413,None,Move,browsing
1570084214.0010002,211,412,None,Move,browsing
1570084214.0089998,211,411,None,Move,browsing
1570084214.0170002,211,410,None,Move,browsing
1570084214.03,211,409,None,Move,browsing
1570084214.036,211,408,None,Move,browsing
1570084214.0470002,211,407,None,Move,browsing
1570084214.063,211,406,None,Move,browsing
1570084214.0670002,211,405,None,Move,browsing
1570084214.079,211,404,None,Move,browsing
1570084214.1,211,403,None,Move,browsing
1570084214.117,212,402,None,Move,browsing
1570084214.133,212,400,None,Move,browsing
1570084214.1420002,212,400,None,Move,browsing
1570084214.156,212,399,None,Move,browsing
1570084214.171,212,399,None,Move,browsing
1570084214.195,212,398,None,Move,browsing
1570084214.216,212,396,None,Move,browsing
1570084214.226,212,395,None,Move,browsing
1570084214.2429998,212,394,None,Move,browsing
1570084214.254,212,394,None,Move,browsing
1570084214.2729998,212,393,None,Move,browsing
1570084214.2970002,212,393,None,Move,browsing
1570084214.313,212,392,None,Move,browsing
1570084214.335,212,391,None,Move,browsing
1570084214.359,212,390,Left,Pressed,browsing
1570084214.359,212,390,None,Drag,browsing
1570084214.359,212,390,Left,Released,browsing
1570084214.4770002,212,389,None,Move,browsing
1570084214.4910002,212,388,None,Move,browsing
1570084214.4989998,212,387,None,Move,browsing
1570084214.514,212,386,None,Move,browsing
1570084214.5229998,212,385,None,Move,browsing
1570084214.539,212,384,None,Move,browsing
1570084214.553,212,384,None,Move,browsing
1570084214.569,212,382,None,Move,browsing
1570084214.593,212,381,None,Move,browsing
1570084214.601,212,379,None,Move,browsing
1570084214.609,212,378,None,Move,browsing
1570084214.615,212,377,None,Move,browsing
1570084214.625,213,376,None,Move,browsing
1570084214.633,213,375,None,Move,browsing
1570084214.639,213,374,None,Move,browsing
1570084214.647,213,373,None,Move,browsing
1570084214.654,214,372,None,Move,browsing
1570084214.669,214,371,None,Move,browsing
1570084214.679,214,371,None,Move,browsing
1570084214.694,214,369,None,Move,browsing
1570084214.709,214,369,None,Move,browsing
1570084214.725,214,368,None,Move,browsing
1570084214.7410002,214,368,None,Move,browsing
1570084214.803,214,367,None,Move,browsing
1570084214.8179998,214,366,None,Move,browsing
1570084214.843,214,365,None,Move,browsing
1570084214.857,213,363,None,Move,browsing
1570084214.865,213,361,None,Move,browsing
1570084214.873,213,360,None,Move,browsing
1570084214.881,213,356,None,Move,browsing
1570084214.8879998,213,353,None,Move,browsing
1570084214.896,212,351,None,Move,browsing
1570084214.9020002,212,349,None,Move,browsing
1570084214.9120002,212,347,None,Move,browsing
1570084214.921,212,346,None,Move,browsing
1570084214.928,212,345,None,Move,browsing
1570084214.937,212,344,None,Move,browsing
1570084214.9429998,212,343,None,Move,browsing
1570084214.959,212,343,None,Move,browsing
1570084215.061,211,345,None,Move,browsing
1570084215.066,211,347,None,Move,browsing
1570084215.077,210,347,None,Move,browsing
1570084215.083,210,350,None,Move,browsing
1570084215.09,210,351,None,Move,browsing
1570084215.099,210,353,None,Move,browsing
1570084215.107,210,356,None,Move,browsing
1570084215.115,210,359,None,Move,browsing
1570084215.123,210,361,None,Move,browsing
1570084215.131,210,361,None,Move,browsing
1570084215.139,210,362,None,Move,browsing
1570084215.146,210,363,None,Move,browsing
1570084215.176,210,364,None,Move,browsing
1570084215.2329998,210,364,None,Move,browsing
1570084215.246,208,364,None,Move,browsing
1570084215.2629998,206,364,None,Move,browsing
1570084215.271,205,364,None,Move,browsing
1570084215.279,205,364,None,Move,browsing
1570084215.285,203,363,None,Move,browsing
1570084215.295,203,363,None,Move,browsing
1570084215.3079998,202,363,None,Move,browsing
1570084215.349,202,362,None,Move,browsing
1570084215.4429998,202,362,Left,Pressed,browsing
1570084215.4429998,202,362,None,Drag,browsing
1570084215.465,202,361,None,Drag,browsing
1570084215.465,202,361,Left,Released,browsing
1570084215.521,202,361,None,Move,browsing
1570084215.543,202,360,None,Move,browsing
1570084215.559,204,359,None,Move,browsing
1570084215.575,204,357,None,Move,browsing
1570084215.591,206,356,None,Move,browsing
1570084215.5979998,206,354,None,Move,browsing
1570084215.607,207,354,None,Move,browsing
1570084215.6139998,208,352,None,Move,browsing
1570084215.619,208,351,None,Move,browsing
1570084215.629,208,350,None,Move,browsing
1570084215.6360002,209,347,None,Move,browsing
1570084215.645,210,346,None,Move,browsing
1570084215.6520002,210,345,None,Move,browsing
1570084215.658,210,343,None,Move,browsing
1570084215.669,210,342,None,Move,browsing
1570084215.677,210,341,None,Move,browsing
1570084215.6820002,210,338,None,Move,browsing
1570084215.6920002,210,335,None,Move,browsing
1570084215.699,210,331,None,Move,browsing
1570084215.707,210,329,None,Move,browsing
1570084215.715,209,326,None,Move,browsing
1570084215.7229998,209,324,None,Move,browsing
1570084215.731,208,322,None,Move,browsing
1570084215.738,208,322,None,Move,browsing
1570084215.7470002,208,321,None,Move,browsing
1570084215.755,208,320,None,Move,browsing
1570084215.77,208,320,None,Move,browsing
1570084215.791,208,319,None,Move,browsing
1570084215.809,208,319,None,Move,browsing
1570084215.833,207,317,None,Move,browsing
1570084215.847,206,316,None,Move,browsing
1570084215.863,206,315,None,Move,browsing
1570084215.87,206,313,None,Move,browsing
1570084215.8779998,206,312,None,Move,browsing
1570084215.887,206,312,None,Move,browsing
1570084215.895,206,311,None,Move,browsing
1570084215.916,206,310,None,Move,browsing
1570084215.957,206,310,None,Move,browsing
1570084215.981,206,309,None,Move,browsing
1570084215.996,206,308,None,Move,browsing
1570084216.089,206,308,Left,Pressed,browsing
1570084216.199,206,308,Left,Released,browsing
1570084216.331,206,308,None,Move,browsing
1570084216.347,206,310,None,Move,browsing
1570084216.363,206,311,None,Move,browsing
1570084216.37,206,315,None,Move,browsing
1570084216.379,206,319,None,Move,browsing
1570084216.387,207,324,None,Move,browsing
1570084216.393,209,331,None,Move,browsing
1570084216.401,213,340,None,Move,browsing
1570084216.409,217,350,None,Move,browsing
1570084216.416,222,361,None,Move,browsing
1570084216.425,233,380,None,Move,browsing
1570084216.4329998,254,408,None,Move,browsing
1570084216.44,279,438,None,Move,browsing
1570084216.449,307,472,None,Move,browsing
1570084216.4529998,334,500,None,Move,browsing
1570084216.462,359,529,None,Move,browsing
1570084216.471,376,549,None,Move,browsing
1570084216.479,393,571,None,Move,browsing
1570084216.4829998,406,588,None,Move,browsing
1570084216.495,417,605,None,Move,browsing
1570084216.502,428,623,None,Move,browsing
1570084216.5110002,437,637,None,Move,browsing
1570084216.518,446,650,None,Move,browsing
1570084216.5270002,452,660,None,Move,browsing
1570084216.535,457,669,None,Move,browsing
1570084216.541,461,677,None,Move,browsing
1570084216.549,464,682,None,Move,browsing
1570084216.5570002,467,688,None,Move,browsing
1570084216.564,469,693,None,Move,browsing
1570084216.572,472,696,None,Move,browsing
1570084216.579,475,701,None,Move,browsing
1570084216.589,477,703,None,Move,browsing
1570084216.597,481,708,None,Move,browsing
1570084216.6020002,482,710,None,Move,browsing
1570084216.611,484,711,None,Move,browsing
1570084216.619,484,711,None,Move,browsing
1570084216.627,486,711,None,Move,browsing
1570084216.6320002,486,711,None,Move,browsing
1570084216.643,487,711,None,Move,browsing
1570084216.651,491,711,None,Move,browsing
1570084216.657,494,710,None,Move,browsing
1570084216.667,501,706,None,Move,browsing
1570084216.674,511,702,None,Move,browsing
1570084216.6820002,525,694,None,Move,browsing
1570084216.687,550,685,None,Move,browsing
1570084216.697,581,673,None,Move,browsing
1570084216.702,619,660,None,Move,browsing
1570084216.7129998,660,649,None,Move,browsing
1570084216.719,694,642,None,Move,browsing
1570084216.728,722,641,None,Move,browsing
1570084216.7370002,744,641,None,Move,browsing
1570084216.745,763,641,None,Move,browsing
1570084216.7529998,785,641,None,Move,browsing
1570084216.7610002,812,641,None,Move,browsing
1570084216.7670002,842,641,None,Move,browsing
1570084216.775,883,641,None,Move,browsing
1570084216.783,929,641,None,Move,browsing
1570084216.791,981,637,None,Move,browsing
1570084216.799,1039,633,None,Move,browsing
1570084216.8070002,1094,625,None,Move,browsing
1570084216.815,1150,619,None,Move,browsing
1570084216.823,1197,613,None,Move,browsing
1570084216.831,1231,608,None,Move,browsing
1570084216.836,1252,604,None,Move,browsing
1570084216.844,1262,601,None,Move,browsing
1570084216.853,1269,598,None,Move,browsing
1570084216.857,1271,596,None,Move,browsing
1570084216.869,1272,596,None,Move,browsing
1570084216.873,1272,594,None,Move,browsing
1570084216.8839998,1272,593,None,Move,browsing
1570084216.893,1269,590,None,Move,browsing
1570084216.901,1263,587,None,Move,browsing
1570084216.909,1257,584,None,Move,browsing
1570084216.915,1250,581,None,Move,browsing
1570084216.923,1242,578,None,Move,browsing
1570084216.931,1234,574,None,Move,browsing
1570084216.938,1226,571,None,Move,browsing
1570084216.946,1223,571,None,Move,browsing
1570084216.954,1217,568,None,Move,browsing
1570084216.962,1215,567,None,Move,browsing
1570084216.971,1213,566,None,Move,browsing
1570084216.979,1212,566,None,Move,browsing
1570084216.9870002,1211,565,None,Move,browsing
1570084217.0089998,1210,565,None,Move,browsing
1570084217.032,1208,565,None,Move,browsing
1570084217.04,1205,567,None,Move,browsing
1570084217.049,1204,568,None,Move,browsing
1570084217.0570002,1199,570,None,Move,browsing
1570084217.064,1194,572,None,Move,browsing
1570084217.0679998,1189,572,None,Move,browsing
1570084217.079,1184,573,None,Move,browsing
1570084217.086,1178,573,None,Move,browsing
1570084217.094,1175,573,None,Move,browsing
1570084217.1,1173,573,None,Move,browsing
1570084217.111,1168,573,None,Move,browsing
1570084217.1160002,1166,572,None,Move,browsing
1570084217.1260002,1165,572,None,Move,browsing
1570084217.135,1163,572,None,Move,browsing
1570084217.141,1161,572,None,Move,browsing
1570084217.149,1158,572,None,Move,browsing
1570084217.157,1157,572,None,Move,browsing
1570084217.165,1155,572,None,Move,browsing
1570084217.173,1155,571,None,Move,browsing
1570084217.18,1155,571,None,Move,browsing
1570084217.2270002,1155,570,None,Move,browsing
1570084217.248,1155,570,None,Move,browsing
1570084217.2670002,1155,569,None,Move,browsing
1570084217.641,1155,567,None,Move,browsing
1570084217.665,1155,567,None,Move,browsing
1570084217.835,1155,566,None,Move,browsing
1570084217.8579998,1155,563,None,Move,browsing
1570084217.8660002,1155,563,None,Move,browsing
1570084217.8739998,1155,560,None,Move,browsing
1570084217.881,1155,559,None,Move,browsing
1570084217.891,1155,557,None,Move,browsing
1570084217.897,1155,555,None,Move,browsing
1570084217.906,1155,553,None,Move,browsing
1570084217.913,1155,552,None,Move,browsing
1570084217.921,1155,550,None,Move,browsing
1570084217.929,1155,547,None,Move,browsing
1570084217.937,1155,546,None,Move,browsing
1570084217.945,1155,544,None,Move,browsing
1570084217.9529998,1155,541,None,Move,browsing
1570084217.961,1155,541,None,Move,browsing
1570084217.969,1155,539,None,Move,browsing
1570084217.976,1155,537,None,Move,browsing
1570084217.98,1155,536,None,Move,browsing
1570084217.9910002,1155,534,None,Move,browsing
1570084217.9970002,1155,533,None,Move,browsing
1570084218.0070002,1155,532,None,Move,browsing
1570084218.015,1155,531,None,Move,browsing
1570084218.022,1155,530,None,Move,browsing
1570084218.031,1155,530,None,Move,browsing
1570084218.038,1155,528,None,Move,browsing
1570084218.046,1155,527,None,Move,browsing
1570084218.0579998,1156,527,None,Move,browsing
1570084218.069,1156,525,None,Move,browsing
1570084218.077,1156,525,None,Move,browsing
1570084218.091,1157,524,None,Move,browsing
1570084218.117,1157,524,None,Move,browsing
1570084218.2729998,1157,523,None,Move,browsing
1570084218.286,1157,523,None,Move,browsing
1570084218.559,1157,523,None,Move,browsing
1570084218.591,1156,523,None,Move,browsing
1570084218.607,1155,523,None,Move,browsing
1570084218.6279998,1155,523,None,Move,browsing
1570084218.644,1154,524,None,Move,browsing
1570084218.6820002,1154,524,None,Move,browsing
1570084218.775,1153,525,None,Move,browsing
1570084220.407,1153,525,None,Move,browsing
1570084220.413,1153,525,None,Move,browsing
1570084220.447,1153,525,None,Move,browsing
1570084220.456,1154,524,None,Move,browsing
1570084220.484,1154,524,None,Move,browsing
1570084220.4970002,1154,523,None,Move,browsing
1570084220.525,1154,523,None,Move,browsing
1570084220.549,1155,522,None,Move,browsing
1570084220.562,1156,521,None,Move,browsing
1570084220.585,1156,521,None,Move,browsing
1570084220.6020002,1156,520,None,Move,browsing
1570084220.643,1156,520,None,Move,browsing
1570084220.665,1157,520,None,Move,browsing
1570084221.504,1157,519,None,Move,browsing
1570084221.529,1157,519,None,Move,browsing
1570084221.554,1157,519,None,Move,browsing
1570084221.559,1158,518,None,Move,browsing
1570084221.593,1158,517,None,Move,browsing
1570084221.609,1158,517,None,Move,browsing
1570084221.6420002,1159,516,None,Move,browsing
1570084221.669,1160,516,None,Move,browsing
1570084221.6920002,1160,515,None,Move,browsing
1570084221.71,1160,515,None,Move,browsing
1570084221.956,1162,513,None,Move,browsing
1570084221.9829998,1164,512,None,Move,browsing
1570084221.99,1165,511,None,Move,browsing
1570084221.996,1166,511,None,Move,browsing
1570084222.0070002,1168,510,None,Move,browsing
1570084222.012,1171,509,None,Move,browsing
1570084222.02,1173,509,None,Move,browsing
1570084222.0270002,1175,508,None,Move,browsing
1570084222.034,1178,508,None,Move,browsing
1570084222.045,1180,508,None,Move,browsing
1570084222.05,1181,508,None,Move,browsing
1570084222.06,1183,507,None,Move,browsing
1570084222.077,1183,507,None,Move,browsing
1570084222.085,1184,507,None,Move,browsing
1570084222.1220002,1186,507,None,Move,browsing
1570084222.137,1192,507,None,Move,browsing
1570084222.144,1196,507,None,Move,browsing
1570084222.1520002,1198,508,None,Move,browsing
1570084222.161,1200,508,None,Move,browsing
1570084222.168,1203,508,None,Move,browsing
1570084222.177,1203,508,None,Move,browsing
1570084222.187,1205,509,None,Move,browsing
1570084222.1929998,1208,509,None,Move,browsing
1570084222.201,1210,510,None,Move,browsing
1570084222.206,1215,511,None,Move,browsing
1570084222.2129998,1217,511,None,Move,browsing
1570084222.225,1221,511,None,Move,browsing
1570084222.2329998,1227,513,None,Move,browsing
1570084222.238,1235,513,None,Move,browsing
1570084222.2470002,1242,514,None,Move,browsing
1570084222.255,1247,514,None,Move,browsing
1570084222.2629998,1254,515,None,Move,browsing
1570084222.268,1260,516,None,Move,browsing
1570084222.278,1267,517,None,Move,browsing
1570084222.2870002,1270,518,None,Move,browsing
1570084222.295,1274,519,None,Move,browsing
1570084222.3,1276,519,None,Move,browsing
1570084222.311,1280,520,None,Move,browsing
1570084222.3170002,1284,520,None,Move,browsing
1570084222.327,1287,520,None,Move,browsing
1570084222.335,1291,520,None,Move,browsing
1570084222.34,1296,520,None,Move,browsing
1570084222.347,1300,520,None,Move,browsing
1570084222.354,1304,520,None,Move,browsing
1570084222.365,1306,520,None,Move,browsing
1570084222.371,1309,520,None,Move,browsing
1570084222.38,1311,520,None,Move,browsing
1570084222.3879998,1313,519,None,Move,browsing
1570084222.397,1313,519,None,Move,browsing
1570084222.405,1314,519,None,Move,browsing
1570084222.418,1314,518,None,Move,browsing
1570084222.425,1315,518,None,Move,browsing
1570084222.45,1316,518,None,Move,browsing
1570084222.466,1316,517,None,Move,browsing
1570084222.488,1317,517,None,Move,browsing
1570084222.5129998,1317,517,None,Move,browsing
1570084222.803,1317,517,None,Move,browsing
1570084222.813,1318,516,None,Move,browsing
1570084222.847,1318,516,None,Move,browsing
1570084222.863,1318,516,None,Move,browsing
1570084223.052,1318,515,None,Move,browsing
1570084223.081,1319,514,None,Move,browsing
1570084223.096,1319,513,None,Move,browsing
1570084223.6360002,1320,513,None,Move,browsing
1570084223.651,1320,513,None,Move,browsing
1570084227.157,1321,511,None,Move,browsing
1570084227.1820002,1322,510,None,Move,browsing
1570084227.191,1323,509,None,Move,browsing
1570084227.205,1324,509,None,Move,browsing
1570084227.229,1325,508,None,Move,browsing
1570084227.242,1325,508,None,Move,browsing
1570084230.049,1326,508,None,Move,browsing
1570084230.075,1332,508,None,Move,browsing
1570084230.082,1340,508,None,Move,browsing
1570084230.091,1346,509,None,Move,browsing
1570084230.096,1356,509,None,Move,browsing
1570084230.103,1364,509,None,Move,browsing
1570084230.1139998,1373,510,None,Move,browsing
1570084230.123,1381,510,None,Move,browsing
1570084230.131,1386,510,None,Move,browsing
1570084230.1360002,1390,510,None,Move,browsing
1570084230.147,1392,510,None,Move,browsing
1570084230.15,1394,510,None,Move,browsing
1570084230.161,1396,510,None,Move,browsing
1570084230.168,1397,510,None,Move,browsing
1570084230.177,1398,510,None,Move,browsing
1570084230.184,1398,510,None,Move,browsing
1570084230.198,1399,510,None,Move,browsing
1570084230.215,1400,509,None,Move,browsing
1570084230.231,1402,507,None,Move,browsing
1570084230.236,1403,505,None,Move,browsing
1570084230.2429998,1405,502,None,Move,browsing
1570084230.255,1405,501,None,Move,browsing
1570084230.262,1406,498,None,Move,browsing
1570084230.268,1408,496,None,Move,browsing
1570084230.279,1408,493,None,Move,browsing
1570084230.2870002,1409,491,None,Move,browsing
1570084230.295,1410,488,None,Move,browsing
1570084230.303,1410,482,None,Move,browsing
1570084230.305,1410,472,None,Move,browsing
1570084230.3170002,1408,458,None,Move,browsing
1570084230.325,1404,445,None,Move,browsing
1570084230.333,1399,425,None,Move,browsing
1570084230.341,1395,407,None,Move,browsing
1570084230.3479998,1387,377,None,Move,browsing
1570084230.357,1378,347,None,Move,browsing
1570084230.3639998,1368,314,None,Move,browsing
1570084230.373,1356,281,None,Move,browsing
1570084230.3760002,1345,248,None,Move,browsing
1570084230.387,1336,220,None,Move,browsing
1570084230.3920002,1324,195,None,Move,browsing
1570084230.403,1318,178,None,Move,browsing
1570084230.411,1307,157,None,Move,browsing
1570084230.416,1302,145,None,Move,browsing
1570084230.427,1296,133,None,Move,browsing
1570084230.431,1290,123,None,Move,browsing
1570084230.4420002,1283,115,None,Move,browsing
1570084230.451,1274,106,None,Move,browsing
1570084230.454,1267,101,None,Move,browsing
1570084230.464,1258,94,None,Move,browsing
1570084230.4729998,1250,90,None,Move,browsing
1570084230.478,1240,86,None,Move,browsing
1570084230.4889998,1232,83,None,Move,browsing
1570084230.4929998,1223,80,None,Move,browsing
1570084230.505,1213,79,None,Move,browsing
1570084230.51,1205,79,None,Move,browsing
1570084230.521,1194,79,None,Move,browsing
1570084230.526,1186,79,None,Move,browsing
1570084230.533,1175,82,None,Move,browsing
1570084230.543,1161,88,None,Move,browsing
1570084230.548,1138,97,None,Move,browsing
1570084230.559,1107,112,None,Move,browsing
1570084230.5670002,1076,126,None,Move,browsing
1570084230.575,1039,143,None,Move,browsing
1570084230.582,1013,158,None,Move,browsing
1570084230.591,990,173,None,Move,browsing
1570084230.596,980,182,None,Move,browsing
1570084230.607,974,190,None,Move,browsing
1570084230.61,972,194,None,Move,browsing
1570084230.621,972,198,None,Move,browsing
1570084230.6279998,972,201,None,Move,browsing
1570084230.6360002,975,205,None,Move,browsing
1570084230.6420002,979,209,None,Move,browsing
1570084230.653,984,214,None,Move,browsing
1570084230.661,992,220,None,Move,browsing
1570084230.669,1000,225,None,Move,browsing
1570084230.675,1006,230,None,Move,browsing
1570084230.685,1016,238,None,Move,browsing
1570084230.687,1025,242,None,Move,browsing
1570084230.699,1030,246,None,Move,browsing
1570084231.03,1027,246,None,Move,browsing
1570084231.043,1024,250,None,Move,browsing
1570084231.051,1022,250,None,Move,browsing
1570084231.059,1018,250,None,Move,browsing
1570084231.066,1016,250,None,Move,browsing
1570084231.072,1012,250,None,Move,browsing
1570084231.08,1010,250,None,Move,browsing
1570084231.089,1006,250,None,Move,browsing
1570084231.097,1004,250,None,Move,browsing
1570084231.105,1001,250,None,Move,browsing
1570084231.1120002,1000,250,None,Move,browsing
1570084231.119,1000,250,None,Move,browsing
1570084231.129,997,250,None,Move,browsing
1570084231.137,996,250,None,Move,browsing
1570084231.143,991,249,None,Move,browsing
1570084231.15,988,249,None,Move,browsing
1570084231.159,985,248,None,Move,browsing
1570084231.167,982,247,None,Move,browsing
1570084231.171,980,246,None,Move,browsing
1570084231.181,978,246,None,Move,browsing
1570084231.191,977,245,None,Move,browsing
1570084231.197,974,244,None,Move,browsing
1570084231.207,972,244,None,Move,browsing
1570084231.215,972,244,None,Move,browsing
1570084231.217,971,244,None,Move,browsing
1570084231.236,970,243,None,Move,browsing
1570084231.25,970,243,None,Move,browsing
1570084231.291,969,243,None,Move,browsing
1570084231.304,969,243,None,Move,browsing
1570084231.331,968,243,None,Move,browsing
1570084231.347,967,243,None,Move,browsing
1570084231.369,965,242,None,Move,browsing
1570084231.377,964,242,None,Move,browsing
1570084231.385,963,241,None,Move,browsing
1570084231.393,962,241,None,Move,browsing
1570084231.4,959,241,None,Move,browsing
1570084231.409,956,240,None,Move,browsing
1570084231.417,953,240,None,Move,browsing
1570084231.425,951,239,None,Move,browsing
1570084231.431,945,237,None,Move,browsing
1570084231.441,938,235,None,Move,browsing
1570084231.449,931,231,None,Move,browsing
1570084231.455,922,226,None,Move,browsing
1570084231.462,911,218,None,Move,browsing
1570084231.471,896,208,None,Move,browsing
1570084231.478,879,197,None,Move,browsing
1570084231.4870002,852,178,None,Move,browsing
1570084231.4929998,816,152,None,Move,browsing
1570084231.5029998,778,123,None,Move,browsing
1570084231.508,743,101,None,Move,browsing
1570084231.519,700,76,None,Move,browsing
1570084231.525,660,53,None,Move,browsing
1570084231.532,625,31,None,Move,browsing
1570084231.541,591,11,None,Move,browsing
1570084231.5470002,559,-7,None,Move,browsing
1570084231.5570002,533,-13,None,Move,browsing
1570084231.564,509,-13,None,Move,browsing
1570084231.572,488,-12,None,Move,browsing
1570084231.581,469,-10,None,Move,browsing
1570084231.589,449,-10,None,Move,browsing
1570084231.597,432,-7,None,Move,browsing
1570084231.601,416,-7,None,Move,browsing
1570084231.61,404,-5,None,Move,browsing
1570084231.619,393,-4,None,Move,browsing
1570084231.623,384,-3,None,Move,browsing
1570084231.633,379,-2,None,Move,browsing
1570084231.641,373,-1,None,Move,browsing
1570084231.65,369,-1,None,Move,browsing
1570084231.659,367,-1,None,Move,browsing
1570084231.665,364,-1,None,Move,browsing
1570084231.67,361,0,None,Move,browsing
1570084231.681,359,-1,None,Move,browsing
1570084231.687,357,-1,None,Move,browsing
1570084231.694,353,-1,None,Move,browsing
1570084231.7029998,350,0,None,Move,browsing
1570084231.7129998,348,0,None,Move,browsing
1570084231.718,345,0,None,Move,browsing
1570084231.728,344,0,None,Move,browsing
1570084231.7370002,344,0,None,Move,browsing
1570084231.7529998,343,0,None,Move,browsing
1570084231.815,343,-1,Left,Pressed,browsing
1570084231.815,343,-1,None,Drag,browsing
1570084231.815,343,-1,Left,Released,browsing
1570084232.803,346,4,None,Move,browsing
1570084232.811,347,4,None,Move,browsing
1570084232.821,347,5,None,Move,browsing
1570084232.825,347,6,None,Move,browsing
1570084232.834,348,7,None,Move,browsing
1570084232.851,348,8,None,Move,browsing
1570084232.859,349,9,None,Move,browsing
1570084232.867,349,9,None,Move,browsing
1570084232.895,349,10,None,Move,browsing
1570084232.919,349,10,None,Move,browsing
1570084249.353,347,-43,None,Move,browsing
1570084249.363,345,-63,None,Move,browsing
1570084249.3679998,343,-54,None,Move,browsing
1570084249.377,338,-42,None,Move,browsing
1570084249.385,335,-29,None,Move,browsing
1570084249.393,332,-18,None,Move,browsing
1570084249.401,330,-11,None,Move,browsing
1570084249.409,329,-6,None,Move,browsing
1570084249.414,328,-3,None,Move,browsing
1570084249.424,328,-1,None,Move,browsing
1570084249.548,328,0,None,Move,browsing
1570084249.565,328,-2,None,Move,browsing
1570084249.566,356,-22,None,Move,browsing
1570084249.58,412,-36,None,Move,browsing
1570084249.5879998,474,-36,None,Move,browsing
1570084249.594,528,-35,None,Move,browsing
1570084249.603,586,-34,None,Move,browsing
1570084249.611,640,-28,None,Move,browsing
1570084249.619,695,-25,None,Move,browsing
1570084249.625,748,-24,None,Move,browsing
1570084249.635,802,-20,None,Move,browsing
1570084249.643,854,-18,None,Move,browsing
1570084249.651,901,-18,None,Move,browsing
1570084249.659,947,-15,None,Move,browsing
1570084249.666,990,-10,None,Move,browsing
1570084249.673,1029,-5,None,Move,browsing
1570084249.681,1059,0,None,Move,browsing
1570084249.688,1075,3,None,Move,browsing
1570084249.697,1094,13,None,Move,browsing
1570084249.704,1108,24,None,Move,browsing
1570084249.7129998,1123,42,None,Move,browsing
1570084249.721,1136,61,None,Move,browsing
1570084249.728,1150,85,None,Move,browsing
1570084249.7370002,1168,114,None,Move,browsing
1570084249.7429998,1190,149,None,Move,browsing
1570084249.748,1213,189,None,Move,browsing
1570084249.756,1238,230,None,Move,browsing
1570084249.7670002,1263,273,None,Move,browsing
1570084249.772,1288,315,None,Move,browsing
1570084249.779,1314,361,None,Move,browsing
1570084249.79,1342,409,None,Move,browsing
1570084249.7970002,1365,451,None,Move,browsing
1570084249.804,1393,494,None,Move,browsing
1570084249.815,1417,532,None,Move,browsing
1570084249.823,1436,562,None,Move,browsing
1570084249.829,1451,586,None,Move,browsing
1570084249.837,1462,605,None,Move,browsing
1570084249.845,1469,613,None,Move,browsing
1570084249.853,1471,617,None,Move,browsing
1570084249.8579998,1474,618,None,Move,browsing
1570084249.869,1475,619,None,Move,browsing
1570084249.883,1475,619,None,Move,browsing
1570084249.89,1475,616,None,Move,browsing
1570084249.8979998,1474,607,None,Move,browsing
1570084249.906,1469,596,None,Move,browsing
1570084249.914,1465,584,None,Move,browsing
1570084249.923,1460,573,None,Move,browsing
1570084249.93,1454,565,None,Move,browsing
1570084249.939,1447,554,None,Move,browsing
1570084249.9429998,1440,542,None,Move,browsing
1570084249.955,1429,531,None,Move,browsing
1570084249.9629998,1419,520,None,Move,browsing
1570084249.971,1409,510,None,Move,browsing
1570084249.974,1397,500,None,Move,browsing
1570084249.985,1385,490,None,Move,browsing
1570084249.9910002,1375,482,None,Move,browsing
1570084250.0,1364,475,None,Move,browsing
1570084250.0089998,1355,470,None,Move,browsing
1570084250.016,1342,467,None,Move,browsing
1570084250.025,1330,467,None,Move,browsing
1570084250.033,1315,467,None,Move,browsing
1570084250.041,1302,468,None,Move,browsing
1570084250.048,1287,472,None,Move,browsing
1570084250.053,1273,475,None,Move,browsing
1570084250.062,1256,479,None,Move,browsing
1570084250.071,1239,484,None,Move,browsing
1570084250.0779998,1227,490,None,Move,browsing
1570084250.087,1215,494,None,Move,browsing
1570084250.094,1205,498,None,Move,browsing
1570084250.103,1195,503,None,Move,browsing
1570084250.111,1186,508,None,Move,browsing
1570084250.1179998,1178,512,None,Move,browsing
1570084250.1239998,1171,516,None,Move,browsing
1570084250.13,1167,518,None,Move,browsing
1570084250.141,1163,521,None,Move,browsing
1570084250.1479998,1161,522,None,Move,browsing
1570084250.157,1159,523,None,Move,browsing
1570084250.164,1159,524,None,Move,browsing
1570084250.178,1157,524,None,Move,browsing
1570084250.188,1157,524,None,Move,browsing
1570084250.197,1155,525,None,Move,browsing
1570084250.211,1155,525,None,Move,browsing
1570084250.234,1154,525,None,Move,browsing
1570084250.399,1154,525,None,Move,browsing
1570084250.428,1155,524,None,Move,browsing
1570084250.437,1156,519,None,Move,browsing
1570084250.445,1156,512,None,Move,browsing
1570084250.4529998,1156,504,None,Move,browsing
1570084250.461,1155,497,None,Move,browsing
1570084250.469,1151,486,None,Move,browsing
1570084250.476,1147,478,None,Move,browsing
1570084250.485,1142,467,None,Move,browsing
1570084250.49,1137,458,None,Move,browsing
1570084250.5010002,1130,449,None,Move,browsing
1570084250.5089998,1123,441,None,Move,browsing
1570084250.5170002,1116,434,None,Move,browsing
1570084250.519,1108,425,None,Move,browsing
1570084250.529,1100,419,None,Move,browsing
1570084250.538,1094,413,None,Move,browsing
1570084250.5470002,1088,408,None,Move,browsing
1570084250.554,1082,403,None,Move,browsing
1570084250.563,1077,399,None,Move,browsing
1570084250.571,1072,395,None,Move,browsing
1570084250.579,1070,393,None,Move,browsing
1570084250.586,1067,390,None,Move,browsing
1570084250.593,1065,388,None,Move,browsing
1570084250.6,1064,386,None,Move,browsing
1570084250.605,1064,384,None,Move,browsing
1570084250.617,1062,382,None,Move,browsing
1570084250.623,1062,382,None,Move,browsing
1570084250.6320002,1061,379,None,Move,browsing
1570084250.6379998,1061,378,None,Move,browsing
1570084250.649,1061,378,None,Move,browsing
1570084250.6620002,1061,377,None,Move,browsing
1570084250.679,1061,376,None,Move,browsing
1570084250.695,1061,375,None,Move,browsing
1570084250.717,1061,374,None,Move,browsing
1570084250.7329998,1061,373,None,Move,browsing
1570084250.7489998,1061,372,None,Move,browsing
1570084250.764,1061,370,None,Move,browsing
1570084250.7729998,1061,369,None,Move,browsing
1570084250.7770002,1061,368,None,Move,browsing
1570084250.789,1061,367,None,Move,browsing
1570084250.796,1061,366,None,Move,browsing
1570084250.805,1060,365,None,Move,browsing
1570084250.815,1060,364,None,Move,browsing
1570084250.826,1060,363,None,Move,browsing
1570084250.835,1060,361,None,Move,browsing
1570084250.843,1059,361,None,Move,browsing
1570084250.851,1059,360,None,Move,browsing
1570084250.857,1059,358,None,Move,browsing
1570084250.867,1059,358,None,Move,browsing
1570084250.875,1059,357,None,Move,browsing
1570084250.883,1058,356,None,Move,browsing
1570084250.891,1058,356,None,Move,browsing
1570084250.91,1058,355,None,Move,browsing
1570084250.928,1058,354,None,Move,browsing
1570084250.9529998,1058,353,None,Move,browsing
1570084250.966,1058,352,None,Move,browsing
1570084250.975,1059,350,None,Move,browsing
1570084250.99,1060,349,None,Move,browsing
1570084250.996,1061,349,None,Move,browsing
1570084251.006,1061,348,None,Move,browsing
1570084251.0129998,1063,348,None,Move,browsing
1570084251.029,1064,347,None,Move,browsing
1570084251.039,1064,347,None,Move,browsing
1570084251.0579998,1064,347,None,Move,browsing
1570084251.074,1065,346,None,Move,browsing
1570084251.099,1066,345,None,Move,browsing
1570084251.117,1068,345,None,Move,browsing
1570084251.13,1069,345,None,Move,browsing
1570084251.139,1070,345,None,Move,browsing
1570084251.147,1072,345,None,Move,browsing
1570084251.155,1072,345,None,Move,browsing
1570084251.163,1073,345,None,Move,browsing
1570084252.719,1072,346,None,Move,browsing
1570084252.77,1072,349,None,Move,browsing
1570084252.782,1072,353,None,Move,browsing
1570084252.79,1076,363,None,Move,browsing
1570084252.801,1081,372,None,Move,browsing
1570084252.809,1087,383,None,Move,browsing
1570084252.812,1093,391,None,Move,browsing
1570084252.823,1097,397,None,Move,browsing
1570084252.8279998,1101,403,None,Move,browsing
1570084252.839,1103,408,None,Move,browsing
1570084252.846,1104,409,None,Move,browsing
1570084252.9020002,1100,406,None,Move,browsing
1570084252.914,1097,402,None,Move,browsing
1570084252.9220002,1092,400,None,Move,browsing
1570084252.9320002,1090,399,None,Move,browsing
1570084252.941,1088,399,None,Move,browsing
1570084252.947,1086,399,None,Move,browsing
1570084252.957,1084,399,None,Move,browsing
1570084252.97,1083,399,None,Move,browsing
1570084252.979,1083,399,None,Move,browsing
1570084253.0029998,1082,399,None,Move,browsing
1570084253.016,1079,401,None,Move,browsing
1570084253.0270002,1076,402,None,Move,browsing
1570084253.034,1073,402,None,Move,browsing
1570084253.043,1072,402,None,Move,browsing
1570084253.046,1070,402,None,Move,browsing
1570084253.053,1067,400,None,Move,browsing
1570084253.063,1065,399,None,Move,browsing
1570084253.07,1063,397,None,Move,browsing
1570084253.08,1062,397,None,Move,browsing
1570084253.097,1062,397,None,Move,browsing
1570084253.113,1061,396,None,Move,browsing
1570084253.127,1061,396,None,Move,browsing
1570084253.164,1059,396,None,Move,browsing
1570084253.189,1057,396,None,Move,browsing
1570084253.205,1056,396,None,Move,browsing
1570084253.209,1054,397,None,Move,browsing
1570084253.221,1051,399,None,Move,browsing
1570084253.228,1048,401,None,Move,browsing
1570084253.2370002,1046,403,None,Move,browsing
1570084253.244,1041,408,None,Move,browsing
1570084253.2529998,1039,410,None,Move,browsing
1570084253.26,1034,414,None,Move,browsing
1570084253.269,1030,417,None,Move,browsing
1570084253.275,1026,419,None,Move,browsing
1570084253.283,1021,420,None,Move,browsing
1570084253.29,1017,422,None,Move,browsing
1570084253.298,1015,423,None,Move,browsing
1570084253.306,1011,423,None,Move,browsing
1570084253.314,1010,423,None,Move,browsing
1570084253.32,1008,423,None,Move,browsing
1570084253.327,1008,423,None,Move,browsing
1570084253.339,1006,422,None,Move,browsing
1570084253.357,1006,421,None,Move,browsing
1570084253.3839998,1005,418,None,Move,browsing
1570084253.39,1001,412,None,Move,browsing
1570084253.401,998,409,None,Move,browsing
1570084253.409,990,406,None,Move,browsing
1570084253.416,982,404,None,Move,browsing
1570084253.419,971,402,None,Move,browsing
1570084253.431,960,400,None,Move,browsing
1570084253.435,948,398,None,Move,browsing
1570084253.446,938,397,None,Move,browsing
1570084253.455,924,394,None,Move,browsing
1570084253.46,912,393,None,Move,browsing
1570084253.471,898,393,None,Move,browsing
1570084253.478,879,392,None,Move,browsing
1570084253.4870002,857,391,None,Move,browsing
1570084253.495,829,389,None,Move,browsing
1570084253.4989998,802,383,None,Move,browsing
1570084253.505,767,372,None,Move,browsing
1570084253.5170002,723,357,None,Move,browsing
1570084253.5229998,674,341,None,Move,browsing
1570084253.532,630,324,None,Move,browsing
1570084253.541,572,303,None,Move,browsing
1570084253.549,521,288,None,Move,browsing
1570084253.556,464,269,None,Move,browsing
1570084253.565,407,255,None,Move,browsing
1570084253.573,364,244,None,Move,browsing
1570084253.58,320,238,None,Move,browsing
1570084253.583,276,238,None,Move,browsing
1570084253.595,236,238,None,Move,browsing
1570084253.603,195,238,None,Move,browsing
1570084253.611,159,239,None,Move,browsing
1570084253.619,123,241,None,Move,browsing
1570084253.627,91,241,None,Move,browsing
1570084253.6339998,63,241,None,Move,browsing
1570084253.64,47,241,None,Move,browsing
1570084253.651,34,241,None,Move,browsing
1570084253.657,23,241,None,Move,browsing
1570084253.664,17,241,None,Move,browsing
1570084253.673,14,239,None,Move,browsing
1570084253.679,12,237,None,Move,browsing
1570084253.689,11,236,None,Move,browsing
1570084253.696,11,234,None,Move,browsing
1570084253.705,11,231,None,Move,browsing
1570084253.712,11,228,None,Move,browsing
1570084253.721,11,226,None,Move,browsing
1570084253.729,11,224,None,Move,browsing
1570084253.735,14,219,None,Move,browsing
1570084253.7429998,14,217,None,Move,browsing
1570084253.7510002,16,214,None,Move,browsing
1570084253.756,17,212,None,Move,browsing
1570084253.7670002,19,210,None,Move,browsing
1570084253.771,19,209,None,Move,browsing
1570084253.783,20,208,None,Move,browsing
1570084253.788,22,206,None,Move,browsing
1570084253.799,23,204,None,Move,browsing
1570084253.801,24,203,None,Move,browsing
1570084253.812,30,198,None,Move,browsing
1570084253.819,35,195,None,Move,browsing
1570084253.825,40,190,None,Move,browsing
1570084253.837,44,186,None,Move,browsing
1570084253.843,47,182,None,Move,browsing
1570084253.849,52,178,None,Move,browsing
1570084253.861,53,176,None,Move,browsing
1570084253.869,55,175,None,Move,browsing
1570084253.873,56,173,None,Move,browsing
1570084253.879,57,173,None,Move,browsing
1570084253.897,57,172,None,Move,browsing
1570084253.914,57,172,None,Move,browsing
1570084253.928,57,171,None,Move,browsing
1570084253.955,57,171,None,Move,browsing
1570084253.966,58,169,None,Move,browsing
1570084253.9929998,59,168,None,Move,browsing
1570084254.0089998,59,167,None,Move,browsing
1570084254.0170002,60,166,None,Move,browsing
1570084254.031,60,165,None,Move,browsing
1570084254.055,60,165,None,Move,browsing
1570084254.13,60,164,None,Move,browsing
1570084254.147,60,163,None,Move,browsing
1570084254.164,61,162,None,Move,browsing
1570084254.18,61,160,None,Move,browsing
1570084254.187,61,158,None,Move,browsing
1570084254.194,61,157,None,Move,browsing
1570084254.2029998,61,152,None,Move,browsing
1570084254.211,61,150,None,Move,browsing
1570084254.219,61,143,None,Move,browsing
1570084254.2270002,58,136,None,Move,browsing
1570084254.235,55,132,None,Move,browsing
1570084254.2429998,49,128,None,Move,browsing
1570084254.2510002,40,123,None,Move,browsing
1570084254.2589998,28,120,None,Move,browsing
1570084254.2629998,15,114,None,Move,browsing
1570084254.2729998,3,107,None,Move,browsing
1570084254.281,-11,99,None,Move,browsing
1570084254.289,-8,93,None,Move,browsing
1570084254.296,-4,91,None,Move,browsing
1570084254.304,-1,89,None,Move,browsing
1570084254.313,-3,87,None,Move,browsing
1570084254.321,0,86,None,Move,browsing
1570084254.329,-2,85,None,Move,browsing
1570084254.337,0,84,None,Move,browsing
1570084254.3479998,0,84,None,Move,browsing
1570084254.363,0,83,None,Move,browsing
1570084254.387,4,79,None,Move,browsing
1570084254.396,6,78,None,Move,browsing
1570084254.407,8,76,None,Move,browsing
1570084254.415,11,75,None,Move,browsing
1570084254.421,14,73,None,Move,browsing
1570084254.429,14,73,None,Move,browsing
1570084254.437,15,72,None,Move,browsing
1570084254.441,16,71,None,Move,browsing
1570084254.4529998,16,71,None,Move,browsing
1570084254.457,17,70,None,Move,browsing
1570084254.5129998,18,70,None,Move,browsing
1570084254.539,19,67,None,Move,browsing
1570084254.546,20,66,None,Move,browsing
1570084254.554,20,64,None,Move,browsing
1570084254.563,22,64,None,Move,browsing
1570084254.566,24,60,None,Move,browsing
1570084254.577,25,60,None,Move,browsing
1570084254.583,25,59,None,Move,browsing
1570084254.592,26,59,None,Move,browsing
1570084254.6079998,26,58,None,Move,browsing
1570084254.702,26,58,Left,Pressed,browsing
1570084254.8079998,26,58,Left,Released,browsing
1570084255.044,27,58,None,Move,browsing
1570084255.061,29,59,None,Move,browsing
1570084255.0679998,30,60,None,Move,browsing
1570084255.077,33,62,None,Move,browsing
1570084255.085,33,62,None,Move,browsing
1570084255.093,35,64,None,Move,browsing
1570084255.1,37,67,None,Move,browsing
1570084255.107,39,70,None,Move,browsing
1570084255.115,42,75,None,Move,browsing
1570084255.1220002,43,78,None,Move,browsing
1570084255.13,48,84,None,Move,browsing
1570084255.139,55,92,None,Move,browsing
1570084255.146,61,99,None,Move,browsing
1570084255.155,67,106,None,Move,browsing
1570084255.16,81,117,None,Move,browsing
1570084255.171,101,136,None,Move,browsing
1570084255.179,122,154,None,Move,browsing
1570084255.185,150,179,None,Move,browsing
1570084255.1929998,181,202,None,Move,browsing
1570084255.2,211,226,None,Move,browsing
1570084255.208,246,248,None,Move,browsing
1570084255.214,278,268,None,Move,browsing
1570084255.225,312,286,None,Move,browsing
1570084255.23,346,302,None,Move,browsing
1570084255.24,383,316,None,Move,browsing
1570084255.2489998,413,328,None,Move,browsing
1570084255.2529998,455,343,None,Move,browsing
1570084255.2610002,497,352,None,Move,browsing
1570084255.271,537,361,None,Move,browsing
1570084255.279,580,369,None,Move,browsing
1570084255.2870002,622,376,None,Move,browsing
1570084255.293,662,383,None,Move,browsing
1570084255.303,696,390,None,Move,browsing
1570084255.3079998,728,395,None,Move,browsing
1570084255.319,750,401,None,Move,browsing
1570084255.327,766,406,None,Move,browsing
1570084255.335,780,410,None,Move,browsing
1570084255.34,791,413,None,Move,browsing
1570084255.345,798,416,None,Move,browsing
1570084255.356,804,418,None,Move,browsing
1570084255.3639998,806,419,None,Move,browsing
1570084255.373,808,420,None,Move,browsing
1570084255.381,809,420,None,Move,browsing
1570084255.397,809,421,None,Move,browsing
1570084255.458,810,421,None,Move,browsing
1570084255.474,811,424,None,Move,browsing
1570084255.48,812,425,None,Move,browsing
1570084255.486,813,428,None,Move,browsing
1570084255.4970002,814,429,None,Move,browsing
1570084255.505,815,432,None,Move,browsing
1570084255.5110002,818,437,None,Move,browsing
1570084255.521,820,441,None,Move,browsing
1570084255.528,826,449,None,Move,browsing
1570084255.536,829,454,None,Move,browsing
1570084255.544,835,460,None,Move,browsing
1570084255.553,841,467,None,Move,browsing
1570084255.559,846,473,None,Move,browsing
1570084255.5670002,849,478,None,Move,browsing
1570084255.575,850,480,None,Move,browsing
1570084255.583,854,484,None,Move,browsing
1570084255.59,854,485,None,Move,browsing
1570084255.599,855,486,None,Move,browsing
1570084255.607,856,488,None,Move,browsing
1570084255.615,856,488,None,Move,browsing
1570084255.631,856,489,None,Move,browsing
1570084255.641,857,490,None,Move,browsing
1570084255.6520002,858,491,None,Move,browsing
1570084255.67,858,492,None,Move,browsing
1570084255.684,859,493,None,Move,browsing
1570084255.7229998,855,493,None,Move,browsing
1570084255.728,854,493,None,Move,browsing
1570084255.7389998,844,486,None,Move,browsing
1570084255.746,829,473,None,Move,browsing
1570084255.755,801,450,None,Move,browsing
1570084255.76,761,415,None,Move,browsing
1570084255.771,717,379,None,Move,browsing
1570084255.7770002,660,339,None,Move,browsing
1570084255.7870002,598,298,None,Move,browsing
1570084255.793,534,262,None,Move,browsing
1570084255.801,475,228,None,Move,browsing
1570084255.8079998,414,197,None,Move,browsing
1570084255.8170002,356,167,None,Move,browsing
1570084255.822,303,141,None,Move,browsing
1570084255.833,248,116,None,Move,browsing
1570084255.839,195,92,None,Move,browsing
1570084255.8479998,138,69,None,Move,browsing
1570084255.857,83,49,None,Move,browsing
1570084255.865,37,38,None,Move,browsing
1570084255.87,0,29,None,Move,browsing
1570084255.8779998,-22,23,None,Move,browsing
1570084255.887,-14,20,None,Move,browsing
1570084255.895,-7,18,None,Move,browsing
1570084255.903,-4,16,None,Move,browsing
1570084255.91,-2,14,None,Move,browsing
1570084255.919,0,14,None,Move,browsing
1570084255.925,-1,13,None,Move,browsing
1570084255.9889998,0,13,None,Move,browsing
1570084256.004,5,18,None,Move,browsing
1570084256.0129998,7,20,None,Move,browsing
1570084256.021,11,25,None,Move,browsing
1570084256.0270002,13,27,None,Move,browsing
1570084256.035,15,30,None,Move,browsing
1570084256.043,15,31,None,Move,browsing
1570084256.05,16,33,None,Move,browsing
1570084256.056,17,34,None,Move,browsing
1570084256.0670002,17,35,None,Move,browsing
1570084256.075,17,36,None,Move,browsing
1570084256.083,17,36,None,Move,browsing
1570084256.091,17,37,None,Move,browsing
1570084256.105,18,39,None,Move,browsing
1570084256.113,18,40,None,Move,browsing
1570084256.121,19,41,None,Move,browsing
1570084256.1260002,20,45,None,Move,browsing
1570084256.137,22,47,None,Move,browsing
1570084256.145,26,52,None,Move,browsing
1570084256.153,31,60,None,Move,browsing
1570084256.158,38,68,None,Move,browsing
1570084256.164,48,80,None,Move,browsing
1570084256.175,59,92,None,Move,browsing
1570084256.1829998,72,105,None,Move,browsing
1570084256.191,89,119,None,Move,browsing
1570084256.199,109,136,None,Move,browsing
1570084256.207,134,157,None,Move,browsing
1570084256.214,159,177,None,Move,browsing
1570084256.22,190,198,None,Move,browsing
1570084256.231,217,217,None,Move,browsing
1570084256.238,251,237,None,Move,browsing
1570084256.2470002,286,257,None,Move,browsing
1570084256.2529998,321,277,None,Move,browsing
1570084256.26,361,300,None,Move,browsing
1570084256.269,392,316,None,Move,browsing
1570084256.2729998,427,334,None,Move,browsing
1570084256.285,463,352,None,Move,browsing
1570084256.29,495,368,None,Move,browsing
1570084256.3,526,382,None,Move,browsing
1570084256.309,546,390,None,Move,browsing
1570084256.3170002,569,399,None,Move,browsing
1570084256.319,586,404,None,Move,browsing
1570084256.329,603,411,None,Move,browsing
1570084256.339,620,418,None,Move,browsing
1570084256.347,632,422,None,Move,browsing
1570084256.354,642,427,None,Move,browsing
1570084256.361,652,432,None,Move,browsing
1570084256.371,660,436,None,Move,browsing
1570084256.379,668,440,None,Move,browsing
1570084256.387,671,443,None,Move,browsing
1570084256.395,673,444,None,Move,browsing
1570084256.3979998,675,447,None,Move,browsing
1570084256.407,677,449,None,Move,browsing
1570084256.417,678,450,None,Move,browsing
1570084256.425,679,453,None,Move,browsing
1570084256.4329998,679,456,None,Move,browsing
1570084256.441,681,461,None,Move,browsing
1570084256.446,682,464,None,Move,browsing
1570084256.457,685,471,None,Move,browsing
1570084256.465,686,475,None,Move,browsing
1570084256.47,689,483,None,Move,browsing
1570084256.4770002,693,491,None,Move,browsing
1570084256.4870002,695,498,None,Move,browsing
1570084256.495,698,508,None,Move,browsing
1570084256.5029998,702,519,None,Move,browsing
1570084256.5110002,705,531,None,Move,browsing
1570084256.5170002,707,544,None,Move,browsing
1570084256.5270002,711,562,None,Move,browsing
1570084256.535,715,578,None,Move,browsing
1570084256.543,720,597,None,Move,browsing
1570084256.549,725,609,None,Move,browsing
1570084256.5570002,729,625,None,Move,browsing
1570084256.565,734,635,None,Move,browsing
1570084256.573,737,644,None,Move,browsing
1570084256.58,740,654,None,Move,browsing
1570084256.589,743,662,None,Move,browsing
1570084256.594,746,668,None,Move,browsing
1570084256.605,748,674,None,Move,browsing
1570084256.6120002,750,676,None,Move,browsing
1570084256.621,750,678,None,Move,browsing
1570084256.629,750,678,None,Move,browsing
1570084256.705,750,678,None,Move,browsing
1570084256.748,750,678,None,Move,browsing
1570084256.9329998,751,678,None,Move,browsing
1570084258.1139998,750,676,None,Move,browsing
1570084258.1220002,741,668,None,Move,browsing
1570084258.133,732,658,None,Move,browsing
1570084258.141,713,641,None,Move,browsing
1570084258.149,687,617,None,Move,browsing
1570084258.155,658,588,None,Move,browsing
1570084258.161,628,557,None,Move,browsing
1570084258.171,590,513,None,Move,browsing
1570084258.179,555,473,None,Move,browsing
1570084258.187,512,431,None,Move,browsing
1570084258.195,478,399,None,Move,browsing
1570084258.202,444,367,None,Move,browsing
1570084258.211,414,344,None,Move,browsing
1570084258.218,397,331,None,Move,browsing
1570084258.2270002,383,322,None,Move,browsing
1570084258.235,374,317,None,Move,browsing
1570084258.24,368,314,None,Move,browsing
1570084258.248,361,312,None,Move,browsing
1570084258.255,356,310,None,Move,browsing
1570084258.265,352,308,None,Move,browsing
1570084258.2729998,346,305,None,Move,browsing
1570084258.2770002,336,301,None,Move,browsing
1570084258.289,327,296,None,Move,browsing
1570084258.294,317,288,None,Move,browsing
1570084258.305,309,279,None,Move,browsing
1570084258.309,293,265,None,Move,browsing
1570084258.319,280,253,None,Move,browsing
1570084258.326,264,236,None,Move,browsing
1570084258.335,252,225,None,Move,browsing
1570084258.34,236,207,None,Move,browsing
1570084258.351,221,193,None,Move,browsing
1570084258.3579998,200,172,None,Move,browsing
1570084258.3660002,185,159,None,Move,browsing
1570084258.3720002,164,138,None,Move,browsing
1570084258.383,148,122,None,Move,browsing
1570084258.385,135,107,None,Move,browsing
1570084258.397,119,92,None,Move,browsing
1570084258.405,109,82,None,Move,browsing
1570084258.413,98,70,None,Move,browsing
1570084258.421,90,61,None,Move,browsing
1570084258.429,82,52,None,Move,browsing
1570084258.436,76,46,None,Move,browsing
1570084258.444,69,40,None,Move,browsing
1570084258.4529998,66,36,None,Move,browsing
1570084258.458,63,32,None,Move,browsing
1570084258.469,62,29,None,Move,browsing
1570084258.475,60,26,None,Move,browsing
1570084258.4829998,57,23,None,Move,browsing
1570084258.49,56,19,None,Move,browsing
1570084258.498,55,19,None,Move,browsing
1570084258.5070002,55,18,None,Move,browsing
1570084258.5229998,54,17,None,Move,browsing
1570084258.539,53,16,None,Move,browsing
1570084258.631,53,20,None,Move,browsing
1570084258.637,53,23,None,Move,browsing
1570084258.644,53,25,None,Move,browsing
1570084258.651,53,28,None,Move,browsing
1570084258.6620002,53,30,None,Move,browsing
1570084258.671,53,32,None,Move,browsing
1570084258.678,53,34,None,Move,browsing
1570084258.687,53,38,None,Move,browsing
1570084258.695,53,44,None,Move,browsing
1570084258.701,53,48,None,Move,browsing
1570084258.708,55,55,None,Move,browsing
1570084258.716,56,58,None,Move,browsing
1570084258.725,58,65,None,Move,browsing
1570084258.7329998,60,69,None,Move,browsing
1570084258.74,61,71,None,Move,browsing
1570084258.746,61,75,None,Move,browsing
1570084258.7570002,61,76,None,Move,browsing
1570084258.765,61,77,None,Move,browsing
1570084258.771,61,80,None,Move,browsing
1570084258.7770002,61,83,None,Move,browsing
1570084258.7870002,61,86,None,Move,browsing
1570084258.795,61,88,None,Move,browsing
1570084258.803,61,92,None,Move,browsing
1570084258.811,61,95,None,Move,browsing
1570084258.819,61,99,None,Move,browsing
1570084258.827,61,102,None,Move,browsing
1570084258.835,60,104,None,Move,browsing
1570084258.839,60,107,None,Move,browsing
1570084258.847,60,109,None,Move,browsing
1570084258.857,60,111,None,Move,browsing
1570084258.8639998,59,113,None,Move,browsing
1570084258.8720002,59,115,None,Move,browsing
1570084258.88,59,117,None,Move,browsing
1570084258.887,58,118,None,Move,browsing
1570084258.897,57,121,None,Move,browsing
1570084258.9020002,57,122,None,Move,browsing
1570084258.91,56,124,None,Move,browsing
1570084258.921,55,125,None,Move,browsing
1570084258.926,54,128,None,Move,browsing
1570084258.934,53,131,None,Move,browsing
1570084258.9429998,52,133,None,Move,browsing
1570084258.951,50,137,None,Move,browsing
1570084258.957,49,140,None,Move,browsing
1570084258.966,49,140,None,Move,browsing
1570084258.975,48,141,None,Move,browsing
1570084258.9829998,48,141,None,Move,browsing
1570084258.9910002,47,142,None,Move,browsing
1570084259.115,45,137,None,Move,browsing
1570084259.123,44,133,None,Move,browsing
1570084259.131,42,128,None,Move,browsing
1570084259.139,39,121,None,Move,browsing
1570084259.146,35,114,None,Move,browsing
1570084259.149,31,105,None,Move,browsing
1570084259.161,27,99,None,Move,browsing
1570084259.169,24,94,None,Move,browsing
1570084259.174,21,89,None,Move,browsing
1570084259.184,19,84,None,Move,browsing
1570084259.1929998,18,82,None,Move,browsing
1570084259.201,17,80,None,Move,browsing
1570084259.206,16,78,None,Move,browsing
1570084259.216,15,75,None,Move,browsing
1570084259.224,15,75,None,Move,browsing
1570084259.228,15,74,None,Move,browsing
1570084259.238,14,73,None,Move,browsing
1570084259.2470002,14,73,None,Move,browsing
1570084259.262,14,72,None,Move,browsing
1570084259.2870002,14,71,None,Move,browsing
1570084259.303,14,69,None,Move,browsing
1570084259.309,14,67,None,Move,browsing
1570084259.3170002,15,66,None,Move,browsing
1570084259.323,16,65,None,Move,browsing
1570084259.333,16,64,None,Move,browsing
1570084259.34,16,63,None,Move,browsing
1570084259.349,17,61,None,Move,browsing
1570084259.355,18,59,None,Move,browsing
1570084259.365,18,57,None,Move,browsing
1570084259.373,20,54,None,Move,browsing
1570084259.3760002,20,53,None,Move,browsing
1570084259.387,21,51,None,Move,browsing
1570084259.394,21,50,None,Move,browsing
1570084259.403,21,49,None,Move,browsing
1570084259.409,21,49,None,Move,browsing
1570084259.418,22,48,None,Move,browsing
1570084259.4320002,22,47,None,Move,browsing
1570084259.449,22,46,None,Move,browsing
1570084259.461,22,46,None,Move,browsing
1570084259.505,22,46,Left,Pressed,browsing
1570084259.599,22,46,Left,Released,browsing
1570084259.685,22,46,None,Move,browsing
1570084267.8920002,21,46,None,Move,browsing
1570084267.904,18,46,None,Move,browsing
1570084267.911,18,47,None,Move,browsing
1570084267.92,18,51,None,Move,browsing
1570084267.927,19,55,None,Move,browsing
1570084267.936,22,60,None,Move,browsing
1570084267.945,26,67,None,Move,browsing
1570084267.957,30,72,None,Move,browsing
1570084267.9629998,35,78,None,Move,browsing
1570084267.971,41,86,None,Move,browsing
1570084267.981,49,92,None,Move,browsing
1570084267.9829998,56,98,None,Move,browsing
1570084267.992,65,104,None,Move,browsing
1570084268.002,72,108,None,Move,browsing
1570084268.0110002,81,111,None,Move,browsing
1570084268.019,89,115,None,Move,browsing
1570084268.024,99,117,None,Move,browsing
1570084268.035,107,118,None,Move,browsing
1570084268.039,112,119,None,Move,browsing
1570084268.051,120,119,None,Move,browsing
1570084268.0570002,127,119,None,Move,browsing
1570084268.065,136,116,None,Move,browsing
1570084268.072,143,114,None,Move,browsing
1570084268.0779998,151,110,None,Move,browsing
1570084268.089,161,106,None,Move,browsing
1570084268.097,172,101,None,Move,browsing
1570084268.104,180,97,None,Move,browsing
1570084268.113,191,93,None,Move,browsing
1570084268.121,202,89,None,Move,browsing
1570084268.129,216,88,None,Move,browsing
1570084268.1339998,229,87,None,Move,browsing
1570084268.141,246,86,None,Move,browsing
1570084268.151,260,86,None,Move,browsing
1570084268.159,279,86,None,Move,browsing
1570084268.167,294,89,None,Move,browsing
1570084268.1720002,307,91,None,Move,browsing
1570084268.1829998,318,94,None,Move,browsing
1570084268.19,327,97,None,Move,browsing
1570084268.199,335,101,None,Move,browsing
1570084268.202,339,104,None,Move,browsing
1570084268.211,340,106,None,Move,browsing
1570084268.218,342,109,None,Move,browsing
1570084268.228,343,112,None,Move,browsing
1570084268.234,344,116,None,Move,browsing
1570084268.245,345,118,None,Move,browsing
1570084268.2529998,345,120,None,Move,browsing
1570084268.258,346,122,None,Move,browsing
1570084268.269,346,124,None,Move,browsing
1570084268.276,346,125,None,Move,browsing
1570084268.279,348,128,None,Move,browsing
1570084268.29,349,133,None,Move,browsing
1570084268.298,351,137,None,Move,browsing
1570084268.306,351,141,None,Move,browsing
1570084268.315,352,146,None,Move,browsing
1570084268.323,353,150,None,Move,browsing
1570084268.331,353,153,None,Move,browsing
1570084268.336,354,157,None,Move,browsing
1570084268.347,355,159,None,Move,browsing
1570084268.353,355,162,None,Move,browsing
1570084268.3579998,355,164,None,Move,browsing
1570084268.369,356,166,None,Move,browsing
1570084268.3839998,357,166,None,Move,browsing
1570084268.5170002,357,166,Left,Pressed,browsing
1570084268.627,357,166,Left,Released,browsing
1570084268.9929998,359,170,None,Move,browsing
1570084269.0010002,364,175,None,Move,browsing
1570084269.0089998,376,187,None,Move,browsing
1570084269.0170002,388,198,None,Move,browsing
1570084269.025,410,212,None,Move,browsing
1570084269.033,442,232,None,Move,browsing
1570084269.041,482,253,None,Move,browsing
1570084269.045,527,276,None,Move,browsing
1570084269.055,571,296,None,Move,browsing
1570084269.062,619,317,None,Move,browsing
1570084269.07,655,334,None,Move,browsing
1570084269.0779998,691,348,None,Move,browsing
1570084269.086,720,362,None,Move,browsing
1570084269.094,739,375,None,Move,browsing
1570084269.101,744,377,None,Move,browsing
1570084269.418,744,376,None,Move,browsing
1570084269.429,742,376,None,Move,browsing
1570084269.4329998,738,380,None,Move,browsing
1570084269.445,736,384,None,Move,browsing
1570084269.4529998,736,386,None,Move,browsing
1570084269.461,736,389,None,Move,browsing
1570084269.469,737,391,None,Move,browsing
1570084269.4770002,737,392,None,Move,browsing
1570084269.485,740,394,None,Move,browsing
1570084269.492,741,394,None,Move,browsing
1570084269.5010002,743,396,None,Move,browsing
1570084269.504,747,397,None,Move,browsing
1570084269.515,751,399,None,Move,browsing
1570084269.52,755,400,None,Move,browsing
1570084269.531,761,402,None,Move,browsing
1570084269.536,770,405,None,Move,browsing
1570084269.5470002,781,411,None,Move,browsing
1570084269.552,790,415,None,Move,browsing
1570084269.562,803,421,None,Move,browsing
1570084269.571,813,427,None,Move,browsing
1570084269.575,827,436,None,Move,browsing
1570084269.584,840,443,None,Move,browsing
1570084269.593,862,457,None,Move,browsing
1570084269.601,877,465,None,Move,browsing
1570084269.607,899,477,None,Move,browsing
1570084269.617,915,486,None,Move,browsing
1570084269.625,927,492,None,Move,browsing
1570084269.631,943,499,None,Move,browsing
1570084269.6379998,954,505,None,Move,browsing
1570084269.6479998,967,512,None,Move,browsing
1570084269.6520002,978,516,None,Move,browsing
1570084269.663,993,523,None,Move,browsing
1570084269.671,1005,529,None,Move,browsing
1570084269.675,1016,533,None,Move,browsing
1570084269.686,1028,538,None,Move,browsing
1570084269.695,1039,541,None,Move,browsing
1570084269.7029998,1051,544,None,Move,browsing
1570084269.711,1061,547,None,Move,browsing
1570084269.718,1072,548,None,Move,browsing
1570084269.726,1080,548,None,Move,browsing
1570084269.7329998,1088,548,None,Move,browsing
1570084269.74,1093,548,None,Move,browsing
1570084269.746,1099,548,None,Move,browsing
1570084269.755,1103,548,None,Move,browsing
1570084269.765,1107,548,None,Move,browsing
1570084269.7729998,1109,548,None,Move,browsing
1570084269.78,1111,548,None,Move,browsing
1570084269.789,1113,548,None,Move,browsing
1570084269.796,1114,548,None,Move,browsing
1570084269.803,1114,547,None,Move,browsing
1570084269.8079998,1116,547,None,Move,browsing
1570084269.819,1117,547,None,Move,browsing
1570084269.826,1118,547,None,Move,browsing
1570084269.835,1119,546,None,Move,browsing
1570084269.843,1119,546,None,Move,browsing
1570084269.847,1120,545,None,Move,browsing
1570084269.8739998,1121,544,None,Move,browsing
1570084269.885,1122,543,None,Move,browsing
1570084269.911,1123,542,None,Move,browsing
1570084269.928,1125,542,None,Move,browsing
1570084269.9420002,1128,542,None,Move,browsing
1570084269.9529998,1129,542,None,Move,browsing
1570084269.956,1132,542,None,Move,browsing
1570084269.967,1134,542,None,Move,browsing
1570084269.972,1138,542,None,Move,browsing
1570084269.982,1141,543,None,Move,browsing
1570084269.9870002,1146,545,None,Move,browsing
1570084269.9970002,1148,545,None,Move,browsing
1570084270.006,1152,547,None,Move,browsing
1570084270.015,1154,549,None,Move,browsing
1570084270.021,1157,549,None,Move,browsing
1570084270.03,1160,552,None,Move,browsing
1570084270.036,1162,553,None,Move,browsing
1570084270.044,1166,556,None,Move,browsing
1570084270.053,1171,560,None,Move,browsing
1570084270.061,1176,563,None,Move,browsing
1570084270.069,1180,564,None,Move,browsing
1570084270.073,1183,566,None,Move,browsing
1570084270.085,1187,568,None,Move,browsing
1570084270.092,1189,569,None,Move,browsing
1570084270.101,1193,570,None,Move,browsing
1570084270.109,1196,571,None,Move,browsing
1570084270.1120002,1196,571,None,Move,browsing
1570084270.1220002,1198,573,None,Move,browsing
1570084270.127,1199,573,None,Move,browsing
1570084270.139,1199,574,None,Move,browsing
1570084270.155,1199,576,None,Move,browsing
1570084270.161,1196,577,None,Move,browsing
1570084270.171,1193,579,None,Move,browsing
1570084270.175,1189,581,None,Move,browsing
1570084270.1829998,1181,584,None,Move,browsing
1570084270.19,1174,587,None,Move,browsing
1570084270.201,1169,589,None,Move,browsing
1570084270.205,1161,592,None,Move,browsing
1570084270.217,1156,595,None,Move,browsing
1570084270.224,1151,597,None,Move,browsing
1570084270.2329998,1146,598,None,Move,browsing
1570084270.2410002,1142,600,None,Move,browsing
1570084270.2489998,1140,601,None,Move,browsing
1570084270.255,1136,604,None,Move,browsing
1570084270.26,1133,605,None,Move,browsing
1570084270.271,1129,606,None,Move,browsing
1570084270.278,1127,607,None,Move,browsing
1570084270.2870002,1124,608,None,Move,browsing
1570084270.295,1122,609,None,Move,browsing
1570084270.303,1119,610,None,Move,browsing
1570084270.311,1117,611,None,Move,browsing
1570084270.319,1116,612,None,Move,browsing
1570084270.326,1114,612,None,Move,browsing
1570084270.33,1114,612,None,Move,browsing
1570084270.347,1113,613,None,Move,browsing
1570084270.7610002,1111,614,None,Move,browsing
1570084270.786,1110,614,None,Move,browsing
1570084270.795,1109,614,None,Move,browsing
1570084270.801,1107,614,None,Move,browsing
1570084270.8170002,1107,614,None,Move,browsing
1570084270.825,1106,614,None,Move,browsing
1570084270.837,1106,614,None,Move,browsing
1570084270.855,1105,614,None,Move,browsing
1570084270.9020002,1105,614,None,Move,browsing
1570084270.919,1105,614,None,Move,browsing
1570084270.99,1104,614,None,Move,browsing
1570084271.021,1103,614,None,Move,browsing
1570084271.034,1102,614,None,Move,browsing
1570084271.059,1102,614,None,Move,browsing
1570084271.071,1101,614,None,Move,browsing
1570084271.0979998,1100,614,None,Move,browsing
1570084271.11,1100,614,None,Move,browsing
1570084271.1339998,1099,614,None,Move,browsing
1570084271.198,1099,614,None,Move,browsing
1570084271.214,1098,614,None,Move,browsing
1570084271.238,1097,614,None,Move,browsing
1570084271.255,1096,614,None,Move,browsing
1570084271.293,1096,614,None,Move,browsing
1570084271.327,1096,614,None,Move,browsing
1570084271.407,1096,614,None,Move,browsing
1570084271.4329998,1096,613,None,Move,browsing
1570084271.456,1096,613,None,Move,browsing
1570084271.472,1096,612,None,Move,browsing
1570084271.495,1096,611,None,Move,browsing
1570084271.531,1096,611,None,Move,browsing
1570084271.55,1096,610,None,Move,browsing
1570084271.571,1096,609,None,Move,browsing
1570084271.589,1097,608,None,Move,browsing
1570084271.613,1098,607,None,Move,browsing
1570084271.6279998,1099,606,None,Move,browsing
1570084271.64,1100,605,None,Move,browsing
1570084271.659,1101,604,None,Move,browsing
1570084271.674,1103,602,None,Move,browsing
1570084271.68,1104,602,None,Move,browsing
1570084271.691,1106,600,None,Move,browsing
1570084271.699,1107,600,None,Move,browsing
1570084271.707,1112,598,None,Move,browsing
1570084271.71,1117,597,None,Move,browsing
1570084271.717,1124,595,None,Move,browsing
1570084271.729,1131,594,None,Move,browsing
1570084271.7370002,1136,592,None,Move,browsing
1570084271.745,1141,591,None,Move,browsing
1570084271.7529998,1146,589,None,Move,browsing
1570084271.7610002,1151,588,None,Move,browsing
1570084271.769,1155,587,None,Move,browsing
1570084271.7770002,1162,585,None,Move,browsing
1570084271.785,1164,585,None,Move,browsing
1570084271.788,1168,584,None,Move,browsing
1570084271.799,1172,584,None,Move,browsing
1570084271.8070002,1175,583,None,Move,browsing
1570084271.811,1177,583,None,Move,browsing
1570084271.823,1179,582,None,Move,browsing
1570084271.831,1181,582,None,Move,browsing
1570084271.837,1182,582,None,Move,browsing
1570084271.843,1183,582,None,Move,browsing
1570084271.854,1183,582,None,Move,browsing
1570084271.8579998,1184,582,None,Move,browsing
1570084271.8679998,1185,581,None,Move,browsing
1570084272.123,1185,581,None,Move,browsing
1570084275.581,1186,580,None,Move,browsing
1570084275.589,1189,574,None,Move,browsing
1570084275.596,1194,566,None,Move,browsing
1570084275.605,1200,560,None,Move,browsing
1570084275.61,1206,553,None,Move,browsing
1570084275.6160002,1215,543,None,Move,browsing
1570084275.6260002,1226,531,None,Move,browsing
1570084275.635,1236,521,None,Move,browsing
1570084275.643,1246,511,None,Move,browsing
1570084275.651,1258,500,None,Move,browsing
1570084275.658,1270,491,None,Move,browsing
1570084275.666,1284,479,None,Move,browsing
1570084275.675,1295,471,None,Move,browsing
1570084275.6829998,1306,462,None,Move,browsing
1570084275.691,1314,455,None,Move,browsing
1570084275.694,1323,449,None,Move,browsing
1570084275.704,1329,445,None,Move,browsing
1570084275.71,1334,441,None,Move,browsing
1570084275.72,1337,437,None,Move,browsing
1570084275.726,1340,435,None,Move,browsing
1570084275.7370002,1340,435,None,Move,browsing
1570084275.7429998,1342,432,None,Move,browsing
1570084275.7529998,1342,430,None,Move,browsing
1570084275.7610002,1344,426,None,Move,browsing
1570084275.7629998,1346,420,None,Move,browsing
1570084275.775,1349,414,None,Move,browsing
1570084275.783,1351,410,None,Move,browsing
1570084275.788,1354,405,None,Move,browsing
1570084275.796,1358,402,None,Move,browsing
1570084275.806,1360,399,None,Move,browsing
1570084275.812,1365,395,None,Move,browsing
1570084275.823,1368,393,None,Move,browsing
1570084275.831,1370,391,None,Move,browsing
1570084275.839,1373,388,None,Move,browsing
1570084275.841,1378,382,None,Move,browsing
1570084275.853,1385,375,None,Move,browsing
1570084275.86,1394,366,None,Move,browsing
1570084275.8679998,1399,358,None,Move,browsing
1570084275.875,1405,352,None,Move,browsing
1570084275.885,1413,343,None,Move,browsing
1570084275.89,1419,336,None,Move,browsing
1570084275.901,1425,330,None,Move,browsing
1570084275.909,1433,323,None,Move,browsing
1570084275.911,1437,319,None,Move,browsing
1570084275.923,1439,316,None,Move,browsing
1570084275.931,1444,311,None,Move,browsing
1570084275.939,1446,309,None,Move,browsing
1570084275.947,1448,307,None,Move,browsing
1570084275.954,1450,305,None,Move,browsing
1570084275.961,1451,302,None,Move,browsing
1570084275.971,1451,302,None,Move,browsing
1570084275.978,1451,301,None,Move,browsing
1570084275.9870002,1451,301,None,Move,browsing
1570084276.076,1451,301,Left,Pressed,browsing
1570084276.195,1451,301,Left,Released,browsing
1570084276.639,1452,300,None,Move,browsing
1570084276.649,1456,298,None,Move,browsing
1570084276.657,1461,297,None,Move,browsing
1570084276.665,1468,296,None,Move,browsing
1570084276.673,1474,296,None,Move,browsing
1570084276.68,1481,295,None,Move,browsing
1570084276.687,1490,295,None,Move,browsing
1570084276.695,1498,294,None,Move,browsing
1570084276.701,1506,293,None,Move,browsing
1570084276.71,1514,293,None,Move,browsing
1570084276.716,1525,293,None,Move,browsing
1570084276.7270002,1534,293,None,Move,browsing
1570084276.735,1542,293,None,Move,browsing
1570084276.7429998,1550,293,None,Move,browsing
1570084276.75,1556,293,None,Move,browsing
1570084276.7570002,1560,293,None,Move,browsing
1570084276.765,1563,293,None,Move,browsing
1570084276.7729998,1565,293,None,Move,browsing
1570084276.781,1567,293,None,Move,browsing
1570084276.789,1568,293,None,Move,browsing
1570084276.855,1568,293,None,Move,browsing
1570084276.8739998,1568,296,None,Move,browsing
1570084276.88,1569,296,None,Move,browsing
1570084276.887,1570,297,None,Move,browsing
1570084276.899,1572,297,None,Move,browsing
1570084276.907,1577,297,None,Move,browsing
1570084276.911,1584,297,None,Move,browsing
1570084276.921,1591,295,None,Move,browsing
1570084276.928,1600,291,None,Move,browsing
1570084276.937,1611,285,None,Move,browsing
1570084276.944,1625,279,None,Move,browsing
1570084276.9529998,1638,274,None,Move,browsing
1570084276.961,1656,266,None,Move,browsing
1570084276.968,1670,261,None,Move,browsing
1570084276.9770002,1687,254,None,Move,browsing
1570084276.979,1707,247,None,Move,browsing
1570084276.9910002,1721,243,None,Move,browsing
1570084276.9989998,1735,238,None,Move,browsing
1570084277.006,1746,236,None,Move,browsing
1570084277.012,1756,233,None,Move,browsing
1570084277.02,1764,230,None,Move,browsing
1570084277.031,1770,229,None,Move,browsing
1570084277.039,1772,228,None,Move,browsing
1570084277.046,1774,227,None,Move,browsing
1570084277.055,1775,226,None,Move,browsing
1570084277.2329998,1775,226,None,Move,browsing
1570084277.248,1775,227,None,Move,browsing
1570084277.333,1774,226,None,Move,browsing
1570084277.34,1772,223,None,Move,browsing
1570084277.35,1771,221,None,Move,browsing
1570084277.356,1769,220,None,Move,browsing
1570084277.367,1767,216,None,Move,browsing
1570084277.373,1766,216,None,Move,browsing
1570084277.381,1763,213,None,Move,browsing
1570084277.387,1760,211,None,Move,browsing
1570084277.397,1759,210,None,Move,browsing
1570084277.403,1757,208,None,Move,browsing
1570084277.413,1756,207,None,Move,browsing
1570084277.421,1754,205,None,Move,browsing
1570084277.426,1753,203,None,Move,browsing
1570084277.437,1751,201,None,Move,browsing
1570084277.439,1750,200,None,Move,browsing
1570084277.45,1749,197,None,Move,browsing
1570084277.455,1748,196,None,Move,browsing
1570084277.467,1747,194,None,Move,browsing
1570084277.475,1747,193,None,Move,browsing
1570084277.482,1746,193,None,Move,browsing
1570084277.488,1746,191,None,Move,browsing
1570084277.5070002,1745,191,None,Move,browsing
1570084277.55,1744,191,None,Move,browsing
1570084277.5679998,1742,191,None,Move,browsing
1570084277.576,1741,191,None,Move,browsing
1570084277.585,1737,192,None,Move,browsing
1570084277.591,1735,193,None,Move,browsing
1570084277.596,1732,193,None,Move,browsing
1570084277.606,1728,193,None,Move,browsing
1570084277.615,1726,193,None,Move,browsing
1570084277.619,1722,193,None,Move,browsing
1570084277.631,1718,193,None,Move,browsing
1570084277.637,1714,194,None,Move,browsing
1570084277.647,1709,194,None,Move,browsing
1570084277.655,1706,194,None,Move,browsing
1570084277.6620002,1701,194,None,Move,browsing
1570084277.669,1697,194,None,Move,browsing
1570084277.674,1694,194,None,Move,browsing
1570084277.685,1691,194,None,Move,browsing
1570084277.6929998,1689,194,None,Move,browsing
1570084277.701,1687,194,None,Move,browsing
1570084277.709,1684,194,None,Move,browsing
1570084277.714,1683,194,None,Move,browsing
1570084277.721,1681,194,None,Move,browsing
1570084277.7329998,1680,194,None,Move,browsing
1570084277.74,1680,194,None,Move,browsing
1570084277.7489998,1678,194,None,Move,browsing
1570084277.755,1675,194,None,Move,browsing
1570084277.762,1675,194,None,Move,browsing
1570084277.771,1674,194,None,Move,browsing
1570084277.778,1671,194,None,Move,browsing
1570084277.785,1667,194,None,Move,browsing
1570084277.795,1661,194,None,Move,browsing
1570084277.803,1653,194,None,Move,browsing
1570084277.811,1641,194,None,Move,browsing
1570084277.819,1629,194,None,Move,browsing
1570084277.825,1609,194,None,Move,browsing
1570084277.833,1577,194,None,Move,browsing
1570084277.8379998,1536,194,None,Move,browsing
1570084277.849,1495,192,None,Move,browsing
1570084277.856,1443,190,None,Move,browsing
1570084277.865,1383,188,None,Move,browsing
1570084277.873,1318,186,None,Move,browsing
1570084277.881,1255,184,None,Move,browsing
1570084277.8860002,1196,182,None,Move,browsing
1570084277.897,1131,182,None,Move,browsing
1570084277.899,1066,182,None,Move,browsing
1570084277.911,1001,182,None,Move,browsing
1570084277.919,944,180,None,Move,browsing
1570084277.926,882,180,None,Move,browsing
1570084277.935,822,178,None,Move,browsing
1570084277.9420002,767,176,None,Move,browsing
1570084277.951,713,176,None,Move,browsing
1570084277.959,661,174,None,Move,browsing
1570084277.966,613,174,None,Move,browsing
1570084277.975,569,175,None,Move,browsing
1570084277.9770002,530,177,None,Move,browsing
1570084277.9889998,495,178,None,Move,browsing
1570084277.9970002,458,182,None,Move,browsing
1570084278.005,433,183,None,Move,browsing
1570084278.0129998,408,185,None,Move,browsing
1570084278.018,395,186,None,Move,browsing
1570084278.028,383,187,None,Move,browsing
1570084278.0370002,376,188,None,Move,browsing
1570084278.044,369,189,None,Move,browsing
1570084278.048,363,189,None,Move,browsing
1570084278.059,360,190,None,Move,browsing
1570084278.0670002,356,190,None,Move,browsing
1570084278.075,354,191,None,Move,browsing
1570084278.08,352,191,None,Move,browsing
1570084278.09,350,191,None,Move,browsing
1570084278.096,347,191,None,Move,browsing
1570084278.107,345,191,None,Move,browsing
1570084278.1139998,339,192,None,Move,browsing
1570084278.123,335,192,None,Move,browsing
1570084278.125,331,193,None,Move,browsing
1570084278.137,325,194,None,Move,browsing
1570084278.141,321,195,None,Move,browsing
1570084278.153,317,196,None,Move,browsing
1570084278.158,314,196,None,Move,browsing
1570084278.169,312,196,None,Move,browsing
1570084278.176,310,197,None,Move,browsing
1570084278.185,308,199,None,Move,browsing
1570084278.1929998,305,199,None,Move,browsing
1570084278.201,303,200,None,Move,browsing
1570084278.204,300,201,None,Move,browsing
1570084278.214,300,201,None,Move,browsing
1570084278.2229998,299,202,None,Move,browsing
1570084278.23,298,203,None,Move,browsing
1570084278.236,297,203,None,Move,browsing
1570084278.2470002,296,204,None,Move,browsing
1570084278.252,295,204,None,Move,browsing
1570084278.2629998,294,205,None,Move,browsing
1570084278.271,294,206,None,Move,browsing
1570084278.285,293,206,None,Move,browsing
1570084278.3079998,293,207,None,Move,browsing
1570084278.323,292,207,None,Move,browsing
1570084278.3479998,292,207,None,Move,browsing
1570084278.371,291,208,None,Move,browsing
1570084278.387,290,208,None,Move,browsing
1570084278.403,288,208,None,Move,browsing
1570084278.425,287,208,None,Move,browsing
1570084278.44,286,206,None,Move,browsing
1570084278.449,283,203,None,Move,browsing
1570084278.456,281,199,None,Move,browsing
1570084278.465,280,197,None,Move,browsing
1570084278.472,278,195,None,Move,browsing
1570084278.481,275,191,None,Move,browsing
1570084278.4889998,271,187,None,Move,browsing
1570084278.4970002,269,184,None,Move,browsing
1570084278.502,267,182,None,Move,browsing
1570084278.508,266,180,None,Move,browsing
1570084278.519,265,178,None,Move,browsing
1570084278.524,265,176,None,Move,browsing
1570084278.5370002,264,174,None,Move,browsing
1570084278.539,264,173,None,Move,browsing
1570084278.551,264,172,None,Move,browsing
1570084278.559,264,172,None,Move,browsing
1570084278.565,264,170,None,Move,browsing
1570084278.575,264,170,None,Move,browsing
1570084278.5879998,264,169,None,Move,browsing
1570084278.6020002,263,169,None,Move,browsing
1570084278.653,262,168,None,Move,browsing
1570084278.657,258,168,None,Move,browsing
1570084278.667,254,168,None,Move,browsing
1570084278.675,250,168,None,Move,browsing
1570084278.679,242,168,None,Move,browsing
1570084278.691,234,167,None,Move,browsing
1570084278.699,220,167,None,Move,browsing
1570084278.704,210,167,None,Move,browsing
1570084278.715,195,166,None,Move,browsing
1570084278.719,183,165,None,Move,browsing
1570084278.731,165,164,None,Move,browsing
1570084278.738,151,162,None,Move,browsing
1570084278.742,135,161,None,Move,browsing
1570084278.7489998,121,160,None,Move,browsing
1570084278.7610002,104,158,None,Move,browsing
1570084278.769,89,155,None,Move,browsing
1570084278.7770002,73,152,None,Move,browsing
1570084278.785,57,148,None,Move,browsing
1570084278.792,44,146,None,Move,browsing
1570084278.801,30,144,None,Move,browsing
1570084278.809,19,141,None,Move,browsing
1570084278.811,10,139,None,Move,browsing
1570084278.823,2,137,None,Move,browsing
1570084278.831,-4,136,None,Move,browsing
1570084278.835,-3,135,None,Move,browsing
1570084278.847,-5,134,None,Move,browsing
1570084278.855,0,134,None,Move,browsing
1570084278.8620002,-2,132,None,Move,browsing
1570084278.871,-1,131,None,Move,browsing
1570084278.8760002,-1,130,None,Move,browsing
1570084278.8860002,-1,128,None,Move,browsing
1570084278.891,-1,125,None,Move,browsing
1570084278.901,-2,123,None,Move,browsing
1570084278.908,-1,121,None,Move,browsing
1570084278.917,0,120,None,Move,browsing
1570084278.9329998,0,118,None,Move,browsing
1570084278.941,2,115,None,Move,browsing
1570084278.946,5,109,None,Move,browsing
1570084278.956,8,104,None,Move,browsing
1570084278.9629998,9,100,None,Move,browsing
1570084278.967,11,97,None,Move,browsing
1570084278.978,13,92,None,Move,browsing
1570084278.984,14,88,None,Move,browsing
1570084278.995,14,86,None,Move,browsing
1570084279.0029998,14,82,None,Move,browsing
1570084279.01,14,78,None,Move,browsing
1570084279.019,14,75,None,Move,browsing
1570084279.0270002,14,73,None,Move,browsing
1570084279.035,14,72,None,Move,browsing
1570084279.043,14,71,None,Move,browsing
1570084279.049,14,69,None,Move,browsing
1570084279.0570002,14,69,None,Move,browsing
1570084279.073,14,68,None,Move,browsing
1570084279.08,14,66,None,Move,browsing
1570084279.086,14,63,None,Move,browsing
1570084279.097,14,62,None,Move,browsing
1570084279.104,14,60,None,Move,browsing
1570084279.1120002,14,57,None,Move,browsing
1570084279.12,14,55,None,Move,browsing
1570084279.1239998,14,53,None,Move,browsing
1570084279.135,15,51,None,Move,browsing
1570084279.143,16,49,None,Move,browsing
1570084279.151,16,48,None,Move,browsing
1570084279.159,17,46,None,Move,browsing
1570084279.166,18,45,None,Move,browsing
1570084279.173,19,42,None,Move,browsing
1570084279.1820002,19,42,None,Move,browsing
1570084279.19,20,41,None,Move,browsing
1570084279.1929998,20,40,None,Move,browsing
1570084279.204,20,40,None,Move,browsing
1570084279.221,20,39,None,Move,browsing
1570084279.2489998,20,39,Left,Pressed,browsing
1570084279.377,20,39,Left,Released,browsing
