client_timestamp,x,y,button,state,window
1573578693.55,679,130,None,Move,gaming
1573578693.56,694,103,None,Move,gaming
1573578693.572,712,69,None,Move,gaming
1573578693.583,740,4,None,Move,gaming
1573578693.597,767,-62,None,Move,gaming
1573578693.613,792,-62,None,Move,gaming
1573578693.6260002,803,-33,None,Move,gaming
1573578693.64,814,-38,None,Move,gaming
1573578693.653,820,-26,None,Move,gaming
1573578693.666,820,-6,None,Move,gaming
1573578693.678,821,-8,None,Move,gaming
1573578693.725,821,0,None,Move,gaming
1573578693.738,821,4,None,Move,gaming
1573578693.7510002,818,26,None,Move,gaming
1573578693.762,815,44,None,Move,gaming
1573578693.775,805,87,None,Move,gaming
1573578693.789,801,138,None,Move,gaming
1573578693.801,794,175,None,Move,gaming
1573578693.815,786,235,None,Move,gaming
1573578693.829,777,287,None,Move,gaming
1573578693.84,772,309,None,Move,gaming
1573578693.853,765,353,None,Move,gaming
1573578693.8660002,764,383,None,Move,gaming
1573578693.877,759,417,None,Move,gaming
1573578693.891,756,438,None,Move,gaming
1573578693.904,751,476,None,Move,gaming
1573578693.917,743,520,None,Move,gaming
1573578693.93,740,539,None,Move,gaming
1573578693.9420002,730,577,None,Move,gaming
1573578693.954,725,593,None,Move,gaming
1573578693.966,718,619,None,Move,gaming
1573578693.978,717,634,None,Move,gaming
1573578693.99,714,657,None,Move,gaming
1573578694.002,711,668,None,Move,gaming
1573578694.015,707,689,None,Move,gaming
1573578694.0270002,704,699,None,Move,gaming
1573578694.04,702,715,None,Move,gaming
1573578694.052,701,722,None,Move,gaming
1573578694.064,699,732,None,Move,gaming
1573578694.075,699,734,None,Move,gaming
1573578694.087,698,740,None,Move,gaming
1573578694.1020002,698,744,None,Move,gaming
1573578694.113,698,745,None,Move,gaming
1573578694.127,697,747,None,Move,gaming
1573578694.141,696,748,None,Move,gaming
1573578694.1720002,696,748,None,Move,gaming
1573578694.184,695,748,None,Move,gaming
1573578694.196,693,748,None,Move,gaming
1573578694.208,691,747,None,Move,gaming
1573578694.22,689,745,None,Move,gaming
1573578694.231,687,744,None,Move,gaming
1573578694.244,687,743,None,Move,gaming
1573578694.255,686,742,None,Move,gaming
1573578694.2670002,685,741,None,Move,gaming
1573578694.279,682,740,None,Move,gaming
1573578694.291,680,740,None,Move,gaming
1573578694.302,674,737,None,Move,gaming
1573578694.314,669,736,None,Move,gaming
1573578694.326,663,734,None,Move,gaming
1573578694.339,661,733,None,Move,gaming
1573578694.349,658,732,None,Move,gaming
1573578694.361,658,731,None,Move,gaming
1573578694.375,657,730,None,Move,gaming
1573578694.387,656,729,None,Move,gaming
1573578694.401,656,724,None,Move,gaming
1573578694.414,656,720,None,Move,gaming
1573578694.427,656,717,None,Move,gaming
1573578694.441,659,711,None,Move,gaming
1573578694.455,662,705,None,Move,gaming
1573578694.468,663,701,None,Move,gaming
1573578694.481,664,700,None,Move,gaming
1573578694.492,664,698,None,Move,gaming
1573578694.508,664,698,None,Move,gaming
1573578694.885,665,697,None,Move,gaming
1573578694.899,677,692,None,Move,gaming
1573578694.91,695,685,None,Move,gaming
1573578694.926,714,671,None,Move,gaming
1573578694.938,720,666,None,Move,gaming
1573578694.952,727,660,None,Move,gaming
1573578694.965,730,658,None,Move,gaming
1573578694.9770002,730,657,None,Move,gaming
1573578695.021,731,657,None,Move,gaming
1573578695.035,732,657,None,Move,gaming
1573578695.0470002,734,659,None,Move,gaming
1573578695.06,735,662,None,Move,gaming
1573578695.073,739,666,None,Move,gaming
1573578695.087,744,672,None,Move,gaming
1573578695.1,746,674,None,Move,gaming
1573578695.1120002,750,679,None,Move,gaming
1573578695.125,753,682,None,Move,gaming
1573578695.137,753,683,None,Move,gaming
1573578695.269,753,683,None,Move,gaming
1573578695.361,753,691,None,Drag,gaming
1573578695.373,750,713,None,Drag,gaming
1573578695.396,749,723,Left,Pressed,gaming
1573578695.397,749,723,None,Drag,gaming
1573578695.408,749,724,None,Drag,gaming
1573578695.661,749,720,None,Drag,gaming
1573578695.675,749,712,None,Drag,gaming
1573578695.688,749,708,None,Drag,gaming
1573578695.699,749,712,Right,Released,gaming
1573578695.712,749,704,None,Move,gaming
1573578695.725,746,695,None,Move,gaming
1573578695.725,746,695,Left,Released,gaming
1573578695.765,745,698,None,Move,gaming
1573578695.792,737,739,None,Drag,gaming
1573578695.801,729,791,None,Drag,gaming
1573578695.826,725,817,Left,Pressed,gaming
1573578695.827,725,817,None,Drag,gaming
1573578695.841,723,824,None,Drag,gaming
1573578695.856,721,827,None,Drag,gaming
1573578695.871,717,831,None,Drag,gaming
1573578695.8860002,708,836,None,Drag,gaming
1573578695.909,676,838,None,Drag,gaming
1573578695.9220002,660,838,None,Drag,gaming
1573578695.937,632,838,None,Drag,gaming
1573578695.951,611,833,None,Drag,gaming
1573578695.962,605,828,None,Drag,gaming
1573578695.9770002,601,821,None,Drag,gaming
1573578695.99,605,828,Right,Released,gaming
1573578696.002,600,820,None,Move,gaming
1573578696.015,600,820,Right,Pressed,gaming
1573578696.015,600,820,Left,Released,gaming
1573578696.042,600,825,None,Drag,gaming
1573578696.1079998,601,828,Left,Pressed,gaming
1573578696.109,601,828,None,Drag,gaming
1573578696.123,601,828,None,Drag,gaming
1573578696.137,598,828,None,Drag,gaming
1573578696.149,581,827,None,Drag,gaming
1573578696.161,576,824,None,Drag,gaming
1573578696.1720002,565,817,None,Drag,gaming
1573578696.187,565,817,Right,Released,gaming
1573578696.199,560,814,None,Move,gaming
1573578696.214,557,811,None,Move,gaming
1573578696.214,557,811,Left,Released,gaming
1573578696.2610002,557,811,None,Drag,gaming
1573578696.272,557,817,None,Drag,gaming
1573578696.3,557,821,Left,Pressed,gaming
1573578696.301,557,821,None,Drag,gaming
1573578696.332,557,822,None,Drag,gaming
1573578696.345,557,822,None,Drag,gaming
1573578696.381,556,823,None,Drag,gaming
1573578696.395,555,823,None,Drag,gaming
1573578696.41,553,823,None,Drag,gaming
1573578696.425,549,820,None,Drag,gaming
1573578696.438,547,818,None,Drag,gaming
1573578696.452,553,823,Right,Released,gaming
1573578696.466,545,818,None,Move,gaming
1573578696.48,545,818,None,Move,gaming
1573578696.48,545,818,Left,Released,gaming
1573578696.5070002,545,821,None,Drag,gaming
1573578696.521,545,824,None,Drag,gaming
1573578696.544,545,829,Left,Pressed,gaming
1573578696.545,545,829,None,Drag,gaming
1573578696.5570002,545,830,None,Drag,gaming
1573578696.571,545,832,None,Drag,gaming
1573578696.583,544,833,None,Drag,gaming
1573578696.621,542,833,None,Drag,gaming
1573578696.6339998,542,833,Right,Released,gaming
1573578696.6479998,538,832,None,Move,gaming
1573578696.661,535,829,None,Move,gaming
1573578696.661,535,829,Left,Released,gaming
1573578696.702,533,829,None,Drag,gaming
1573578696.796,533,832,None,Drag,gaming
1573578696.9320002,533,836,None,Drag,gaming
1573578696.945,534,838,None,Drag,gaming
1573578696.955,534,838,None,Drag,gaming
1573578696.967,536,839,None,Drag,gaming
1573578696.979,536,839,Left,Pressed,gaming
1573578696.98,536,839,None,Drag,gaming
1573578697.021,536,841,None,Drag,gaming
1573578697.101,536,841,Right,Released,gaming
1573578697.1120002,537,841,None,Move,gaming
1573578697.125,540,838,None,Move,gaming
1573578697.1379998,542,838,None,Move,gaming
1573578697.1379998,542,838,Left,Released,gaming
1573578697.163,549,835,None,Move,gaming
1573578697.175,552,834,None,Move,gaming
1573578697.187,554,833,None,Move,gaming
1573578697.198,555,833,None,Move,gaming
1573578697.211,556,832,None,Move,gaming
1573578697.224,557,831,None,Move,gaming
1573578697.236,557,831,None,Move,gaming
1573578697.25,561,830,None,Move,gaming
1573578697.262,573,826,None,Move,gaming
1573578697.274,580,825,None,Move,gaming
1573578697.286,594,821,None,Move,gaming
1573578697.299,599,818,None,Move,gaming
1573578697.312,607,815,None,Move,gaming
1573578697.325,609,812,None,Move,gaming
1573578697.337,609,812,None,Move,gaming
1573578697.35,611,810,None,Move,gaming
1573578697.363,611,808,None,Move,gaming
1573578697.3760002,614,803,None,Move,gaming
1573578697.389,621,795,None,Move,gaming
1573578697.404,625,792,None,Move,gaming
1573578697.416,635,783,None,Move,gaming
1573578697.427,644,777,None,Move,gaming
1573578697.44,655,767,None,Move,gaming
1573578697.454,662,759,None,Move,gaming
1573578697.468,665,756,None,Move,gaming
1573578697.479,670,750,None,Move,gaming
1573578697.4929998,672,749,None,Move,gaming
1573578697.506,678,744,None,Move,gaming
1573578697.519,684,739,None,Move,gaming
1573578697.535,693,733,None,Move,gaming
1573578697.548,697,729,None,Move,gaming
1573578697.56,707,724,None,Move,gaming
1573578697.569,713,720,None,Move,gaming
1573578697.58,716,719,None,Move,gaming
1573578697.593,725,713,None,Move,gaming
1573578697.606,736,707,None,Move,gaming
1573578697.617,742,704,None,Move,gaming
1573578697.63,755,695,None,Move,gaming
1573578697.6420002,762,691,None,Move,gaming
1573578697.654,778,683,None,Move,gaming
1573578697.667,784,679,None,Move,gaming
1573578697.679,796,673,None,Move,gaming
1573578697.69,799,670,None,Move,gaming
1573578697.704,808,664,None,Move,gaming
1573578697.714,811,661,None,Move,gaming
1573578697.7270002,813,660,None,Move,gaming
1573578697.74,814,659,None,Move,gaming
1573578697.7729998,814,658,None,Move,gaming
1573578697.785,815,658,None,Move,gaming
1573578697.821,816,656,None,Move,gaming
1573578697.861,817,654,None,Move,gaming
1573578697.981,817,654,None,Drag,gaming
1573578697.992,818,654,None,Drag,gaming
1573578698.026,831,652,Left,Pressed,gaming
1573578698.0270002,831,652,None,Move,gaming
1573578698.04,838,647,None,Move,gaming
1573578698.04,838,647,Left,Released,gaming
1573578698.063,845,641,None,Move,gaming
1573578698.092,848,641,None,Drag,gaming
1573578698.103,849,641,None,Drag,gaming
1573578698.117,855,643,None,Drag,gaming
1573578698.337,885,627,None,Drag,gaming
1573578698.349,887,628,None,Drag,gaming
1573578698.428,890,624,None,Drag,gaming
1573578698.4420002,895,617,None,Drag,gaming
1573578698.455,902,609,Left,Pressed,gaming
1573578698.455,902,609,None,Drag,gaming
1573578698.466,895,617,Right,Released,gaming
1573578698.478,907,602,None,Move,gaming
1573578698.4910002,935,572,None,Move,gaming
1573578698.5029998,953,549,None,Move,gaming
1573578698.515,959,540,None,Move,gaming
1573578698.515,959,540,Left,Released,gaming
1573578698.541,972,520,None,Move,gaming
1573578698.554,972,520,None,Move,gaming
1573578698.676,972,519,None,Drag,gaming
1573578698.6920002,972,519,None,Drag,gaming
1573578698.704,970,516,None,Drag,gaming
1573578698.717,970,508,None,Drag,gaming
1573578698.7429998,970,503,Left,Pressed,gaming
1573578698.7429998,970,503,None,Move,gaming
1573578698.7570002,970,494,None,Move,gaming
1573578698.769,970,492,None,Move,gaming
1573578698.781,970,492,None,Move,gaming
1573578698.781,970,492,Left,Released,gaming
1573578698.9320002,970,488,None,Drag,gaming
1573578698.946,963,470,None,Drag,gaming
1573578698.96,957,447,None,Drag,gaming
1573578698.972,951,435,None,Drag,gaming
1573578698.996,945,419,Left,Pressed,gaming
1573578698.9970002,945,419,None,Move,gaming
1573578699.008,931,386,None,Move,gaming
1573578699.022,922,373,None,Move,gaming
1573578699.035,920,369,None,Move,gaming
1573578699.035,920,369,Left,Released,gaming
1573578699.059,918,368,None,Move,gaming
1573578699.101,918,368,None,Drag,gaming
1573578699.113,918,368,None,Drag,gaming
1573578699.1479998,915,369,None,Drag,gaming
1573578699.161,908,369,None,Drag,gaming
1573578699.197,906,367,Left,Pressed,gaming
1573578699.197,906,367,None,Drag,gaming
1573578699.211,906,367,Right,Released,gaming
1573578699.292,906,366,None,Move,gaming
1573578699.304,899,365,None,Move,gaming
1573578699.316,889,351,None,Move,gaming
1573578699.3279998,885,344,None,Move,gaming
1573578699.3279998,885,344,Left,Released,gaming
1573578699.3520002,868,318,None,Move,gaming
1573578699.3639998,862,308,None,Move,gaming
1573578699.3760002,859,302,None,Move,gaming
1573578699.3879998,856,298,None,Move,gaming
1573578699.4,852,294,None,Move,gaming
1573578699.4120002,852,292,None,Move,gaming
1573578699.424,850,292,None,Move,gaming
1573578699.484,847,290,None,Drag,gaming
1573578699.4970002,846,288,None,Drag,gaming
1573578699.5089998,845,282,None,Drag,gaming
1573578699.522,843,280,None,Drag,gaming
1573578699.549,840,268,Left,Pressed,gaming
1573578699.549,840,268,None,Drag,gaming
1573578699.562,839,266,None,Drag,gaming
1573578699.574,840,268,Right,Released,gaming
1573578699.584,839,264,None,Move,gaming
1573578699.597,838,263,None,Move,gaming
1573578699.609,838,263,Right,Pressed,gaming
1573578699.748,837,262,None,Drag,gaming
1573578699.748,837,262,Left,Released,gaming
1573578699.791,835,260,None,Move,gaming
1573578699.8760002,833,258,Left,Pressed,gaming
1573578699.8760002,833,258,None,Move,gaming
1573578699.889,832,256,None,Move,gaming
1573578699.889,832,256,Left,Released,gaming
1573578699.914,831,254,None,Move,gaming
1573578699.926,829,253,None,Move,gaming
1573578699.94,828,252,None,Move,gaming
1573578699.951,827,251,None,Move,gaming
1573578699.967,825,249,None,Move,gaming
1573578699.982,823,246,None,Move,gaming
1573578699.996,822,245,None,Move,gaming
1573578700.0089998,820,242,None,Move,gaming
1573578700.022,820,242,None,Move,gaming
1573578700.035,820,241,None,Move,gaming
1573578700.046,820,240,None,Move,gaming
1573578700.059,820,239,None,Move,gaming
1573578700.072,820,239,None,Move,gaming
1573578700.085,820,238,None,Move,gaming
1573578700.099,820,237,None,Move,gaming
1573578700.113,821,236,None,Move,gaming
1573578700.1260002,827,235,None,Move,gaming
1573578700.139,831,233,None,Move,gaming
1573578700.151,847,232,None,Move,gaming
1573578700.164,859,232,None,Move,gaming
1573578700.176,921,235,None,Move,gaming
1573578700.188,966,246,None,Move,gaming
1573578700.2,1044,296,None,Move,gaming
1573578700.2129998,1075,335,None,Move,gaming
1573578700.2270002,1107,379,None,Move,gaming
1573578700.2510002,1150,453,None,Drag,gaming
1573578700.2629998,1158,492,None,Drag,gaming
1573578700.274,1158,497,None,Drag,gaming
1573578700.2870002,1158,507,None,Drag,gaming
1573578700.31,1157,529,Left,Pressed,gaming
1573578700.31,1157,529,None,Drag,gaming
1573578700.323,1157,538,None,Drag,gaming
1573578700.335,1157,549,None,Drag,gaming
1573578700.3479998,1157,553,None,Drag,gaming
1573578700.365,1156,561,None,Drag,gaming
1573578700.3760002,1156,561,Right,Released,gaming
1573578700.405,1156,562,None,Move,gaming
1573578700.417,1156,567,None,Move,gaming
1573578700.428,1156,568,None,Move,gaming
1573578700.44,1156,567,Right,Pressed,gaming
1573578700.44,1156,567,Left,Released,gaming
1573578700.465,1157,578,None,Drag,gaming
1573578700.732,1155,578,None,Drag,gaming
1573578700.744,1154,578,None,Drag,gaming
1573578700.756,1153,578,None,Drag,gaming
1573578700.7670002,1150,578,None,Drag,gaming
1573578700.781,1148,578,Left,Pressed,gaming
1573578700.781,1148,578,None,Drag,gaming
1573578700.819,1148,578,Right,Released,gaming
1573578700.834,1148,578,None,Move,gaming
1573578700.846,1148,570,None,Move,gaming
1573578700.8579998,1148,562,None,Move,gaming
1573578700.8720002,1149,539,None,Move,gaming
1573578700.885,1157,502,None,Move,gaming
1573578700.885,1157,502,Left,Released,gaming
1573578700.908,1189,437,None,Move,gaming
1573578700.92,1237,352,None,Move,gaming
1573578700.9329998,1304,269,None,Move,gaming
1573578700.946,1349,224,None,Move,gaming
1573578700.958,1440,154,None,Move,gaming
1573578700.971,1486,119,None,Move,gaming
1573578700.9829998,1572,47,None,Move,gaming
1573578700.996,1616,9,None,Move,gaming
1573578701.0089998,1676,-43,None,Move,gaming
1573578701.021,1717,-31,None,Move,gaming
1573578701.032,1727,-8,None,Move,gaming
1573578701.044,1741,-14,None,Move,gaming
1573578701.0570002,1743,-3,None,Move,gaming
1573578701.07,1745,-1,None,Move,gaming
1573578701.164,1745,1,None,Drag,gaming
1573578701.178,1745,6,None,Drag,gaming
1573578701.191,1743,14,None,Drag,gaming
1573578701.202,1737,18,None,Drag,gaming
1573578701.214,1709,31,None,Drag,gaming
1573578701.2370002,1639,59,Left,Pressed,gaming
1573578701.2370002,1639,59,None,Drag,gaming
1573578701.2489998,1614,67,None,Drag,gaming
1573578701.26,1614,67,Right,Released,gaming
1573578701.2729998,1596,71,None,Move,gaming
1573578701.285,1556,91,None,Move,gaming
1573578701.299,1550,97,None,Move,gaming
1573578701.312,1538,109,None,Move,gaming
1573578701.316,1531,119,None,Move,gaming
1573578701.316,1531,119,Left,Released,gaming
1573578701.341,1520,151,None,Move,gaming
1573578701.365,1519,158,None,Drag,gaming
1573578701.3779998,1516,174,None,Drag,gaming
1573578701.389,1512,186,None,Drag,gaming
1573578701.4020002,1511,190,None,Drag,gaming
1573578701.414,1506,209,None,Drag,gaming
1573578701.437,1495,242,Left,Pressed,gaming
1573578701.437,1495,242,None,Drag,gaming
1573578701.451,1491,250,None,Drag,gaming
1573578701.466,1486,257,None,Drag,gaming
1573578701.48,1481,262,None,Drag,gaming
1573578701.4929998,1464,277,None,Drag,gaming
1573578701.505,1486,257,Right,Released,gaming
1573578701.518,1462,278,None,Move,gaming
1573578701.533,1457,294,None,Move,gaming
1573578701.549,1456,302,None,Move,gaming
1573578701.561,1455,325,None,Move,gaming
1573578701.574,1456,302,Right,Pressed,gaming
1573578701.574,1456,302,Left,Released,gaming
1573578701.601,1455,335,None,Drag,gaming
1573578701.615,1455,338,None,Drag,gaming
1573578701.627,1458,342,None,Drag,gaming
1573578701.64,1460,344,None,Drag,gaming
1573578701.7,1461,344,Left,Pressed,gaming
1573578701.7,1461,344,None,Drag,gaming
1573578701.7970002,1461,344,None,Drag,gaming
1573578701.813,1461,345,None,Drag,gaming
1573578701.826,1461,346,None,Drag,gaming
1573578701.837,1463,350,None,Drag,gaming
1573578701.851,1463,354,None,Drag,gaming
1573578701.863,1463,360,None,Drag,gaming
1573578701.877,1463,364,None,Drag,gaming
1573578701.891,1463,366,None,Drag,gaming
1573578701.917,1463,366,Right,Released,gaming
1573578701.949,1463,365,None,Move,gaming
1573578701.962,1464,348,None,Move,gaming
1573578701.976,1471,333,None,Move,gaming
1573578701.988,1476,322,None,Move,gaming
1573578702.0010002,1496,291,None,Move,gaming
1573578702.0010002,1496,291,Left,Released,gaming
1573578702.029,1558,214,None,Move,gaming
1573578702.041,1570,201,None,Move,gaming
1573578702.053,1589,182,None,Move,gaming
1573578702.081,1596,173,None,Drag,gaming
1573578702.093,1607,160,None,Drag,gaming
1573578702.107,1609,158,None,Drag,gaming
1573578702.12,1609,157,None,Drag,gaming
1573578702.1720002,1610,157,None,Drag,gaming
1573578702.196,1623,156,Left,Pressed,gaming
1573578702.196,1623,156,None,Drag,gaming
1573578702.208,1646,144,None,Drag,gaming
1573578702.22,1691,122,None,Drag,gaming
1573578702.232,1746,98,None,Drag,gaming
1573578702.246,1897,25,None,Drag,gaming
1573578702.2570002,1746,98,Right,Released,gaming
1573578702.272,1977,-10,None,Move,gaming
1573578702.285,2224,-122,None,Move,gaming
1573578702.2970002,1979,-19,None,Move,gaming
1573578702.3079998,1997,-18,None,Move,gaming
1573578702.322,1935,-4,None,Move,gaming
1573578702.322,1935,-4,Left,Released,gaming
1573578702.448,1919,0,None,Move,gaming
1573578702.46,1909,0,None,Move,gaming
1573578702.475,1901,3,None,Move,gaming
1573578702.4870002,1881,15,None,Move,gaming
1573578702.5,1871,20,None,Move,gaming
1573578702.514,1847,36,None,Move,gaming
1573578702.5270002,1809,63,None,Move,gaming
1573578702.541,1781,84,None,Move,gaming
1573578702.555,1721,140,None,Move,gaming
1573578702.5670002,1683,182,None,Move,gaming
1573578702.58,1648,221,None,Move,gaming
1573578702.605,1598,280,None,Drag,gaming
1573578702.617,1545,344,None,Drag,gaming
1573578702.6320002,1531,357,None,Drag,gaming
1573578702.644,1521,367,None,Drag,gaming
1573578702.658,1520,369,None,Drag,gaming
1573578702.6829998,1517,373,Left,Pressed,gaming
1573578702.684,1517,373,None,Drag,gaming
1573578702.695,1516,373,None,Drag,gaming
1573578702.708,1516,374,None,Drag,gaming
1573578702.722,1515,374,None,Drag,gaming
1573578702.735,1516,374,Right,Released,gaming
1573578702.748,1515,374,None,Move,gaming
1573578702.789,1514,374,None,Move,gaming
1573578702.804,1514,374,Right,Pressed,gaming
1573578702.877,1520,362,None,Drag,gaming
1573578702.891,1542,327,None,Drag,gaming
1573578702.891,1542,327,Left,Released,gaming
1573578702.919,1753,189,None,Drag,gaming
1573578702.931,1817,151,None,Drag,gaming
1573578702.955,1941,72,Left,Pressed,gaming
1573578702.956,1941,72,None,Drag,gaming
1573578702.968,1876,113,Right,Released,gaming
1573578702.981,2040,-5,None,Move,gaming
1573578702.994,2041,-85,None,Move,gaming
1573578703.005,1975,-41,None,Move,gaming
1573578703.018,1943,-17,None,Move,gaming
1573578703.033,1944,-18,None,Move,gaming
1573578703.033,1944,-18,Left,Released,gaming
1573578703.063,1922,-3,None,Move,gaming
1573578703.133,1919,0,None,Move,gaming
1573578703.146,1918,0,None,Move,gaming
1573578703.159,1905,2,None,Move,gaming
1573578703.1720002,1897,6,None,Move,gaming
1573578703.186,1875,20,None,Move,gaming
1573578703.199,1848,45,None,Move,gaming
1573578703.211,1829,65,None,Move,gaming
1573578703.222,1810,93,None,Move,gaming
1573578703.235,1789,120,None,Move,gaming
1573578703.26,1749,178,None,Drag,gaming
1573578703.272,1685,252,None,Drag,gaming
1573578703.285,1653,285,None,Drag,gaming
1573578703.299,1643,294,None,Drag,gaming
1573578703.311,1628,309,None,Drag,gaming
1573578703.335,1615,326,Left,Pressed,gaming
1573578703.336,1615,326,None,Drag,gaming
1573578703.35,1611,331,None,Drag,gaming
1573578703.3620002,1608,335,None,Drag,gaming
1573578703.375,1604,340,None,Drag,gaming
1573578703.387,1602,344,None,Drag,gaming
1573578703.4020002,1593,354,None,Drag,gaming
1573578703.415,1572,382,None,Drag,gaming
1573578703.427,1551,412,None,Drag,gaming
1573578703.441,1476,516,None,Drag,gaming
1573578703.455,1365,623,None,Drag,gaming
1573578703.469,1233,710,None,Drag,gaming
1573578703.482,1171,743,None,Drag,gaming
1573578703.496,1090,781,None,Drag,gaming
1573578703.508,1064,794,None,Drag,gaming
1573578703.522,1062,794,None,Drag,gaming
1573578703.5370002,1062,794,Right,Released,gaming
1573578703.549,1062,795,None,Move,gaming
1573578703.562,1061,799,None,Move,gaming
1573578703.575,1030,864,None,Move,gaming
1573578703.587,1030,864,Right,Pressed,gaming
1573578703.6,998,972,None,Drag,gaming
1573578703.6,998,972,Left,Released,gaming
1573578703.625,902,1147,None,Drag,gaming
1573578703.637,883,1169,None,Drag,gaming
1573578703.6520002,876,1114,None,Drag,gaming
1573578703.677,876,1138,Left,Pressed,gaming
1573578703.678,876,1138,None,Drag,gaming
1573578703.695,876,1120,None,Drag,gaming
1573578703.707,876,1117,None,Drag,gaming
1573578703.718,870,1126,None,Drag,gaming
1573578703.732,865,1112,None,Drag,gaming
1573578703.7470002,864,1088,None,Drag,gaming
1573578703.762,863,1084,None,Drag,gaming
1573578703.789,861,1076,None,Drag,gaming
1573578703.802,851,1051,None,Drag,gaming
1573578703.814,840,1020,None,Drag,gaming
1573578703.827,835,1008,None,Drag,gaming
1573578703.84,828,984,None,Drag,gaming
1573578703.854,813,932,None,Drag,gaming
1573578703.867,828,984,Right,Released,gaming
1573578703.88,804,902,None,Move,gaming
1573578703.893,781,837,None,Move,gaming
1573578703.907,771,814,None,Move,gaming
1573578703.924,770,813,None,Move,gaming
1573578703.936,767,813,None,Move,gaming
1573578703.936,767,813,Left,Released,gaming
1573578703.974,765,819,None,Drag,gaming
1573578703.9889998,764,821,None,Drag,gaming
1573578704.004,764,822,None,Drag,gaming
1573578704.077,763,823,None,Drag,gaming
1573578704.092,762,822,None,Drag,gaming
1573578704.248,759,812,None,Drag,gaming
1573578704.269,760,812,None,Drag,gaming
1573578704.284,761,815,None,Drag,gaming
1573578704.299,769,819,None,Drag,gaming
1573578704.313,780,819,Left,Pressed,gaming
1573578704.314,780,819,None,Drag,gaming
1573578704.329,798,812,None,Drag,gaming
1573578704.343,830,790,None,Drag,gaming
1573578704.357,858,769,None,Drag,gaming
1573578704.371,899,740,None,Drag,gaming
1573578704.385,858,769,Right,Released,gaming
1573578704.397,996,673,None,Move,gaming
1573578704.4120002,1145,554,None,Move,gaming
1573578704.425,1242,469,None,Move,gaming
1573578704.438,1315,399,None,Move,gaming
1573578704.452,1352,371,None,Move,gaming
1573578704.468,1354,370,None,Move,gaming
1573578704.468,1354,370,Left,Released,gaming
1573578704.508,1357,370,None,Drag,gaming
1573578704.589,1358,363,None,Drag,gaming
1573578704.6020002,1366,343,None,Drag,gaming
1573578704.6139998,1368,333,None,Drag,gaming
1573578704.627,1371,325,None,Drag,gaming
1573578704.668,1381,296,Left,Pressed,gaming
1573578704.669,1381,296,None,Move,gaming
1573578704.6820002,1381,296,Right,Pressed,gaming
1573578704.696,1381,295,None,Drag,gaming
1573578704.732,1383,295,None,Drag,gaming
1573578704.746,1383,295,None,Drag,gaming
1573578704.746,1383,295,Left,Released,gaming
1573578704.772,1384,295,None,Drag,gaming
1573578704.7870002,1384,296,None,Drag,gaming
1573578704.814,1388,303,Left,Pressed,gaming
1573578704.814,1388,303,None,Drag,gaming
1573578704.827,1388,303,None,Drag,gaming
1573578704.8520002,1390,303,None,Drag,gaming
1573578704.865,1394,304,None,Drag,gaming
1573578704.877,1397,306,None,Drag,gaming
1573578704.8920002,1397,307,None,Drag,gaming
1573578704.904,1399,309,None,Drag,gaming
1573578704.919,1401,310,None,Drag,gaming
1573578704.9320002,1401,310,None,Drag,gaming
1573578704.944,1402,311,None,Drag,gaming
1573578704.958,1403,313,None,Drag,gaming
1573578704.972,1403,313,None,Drag,gaming
1573578704.985,1404,314,None,Drag,gaming
1573578705.141,1404,309,None,Drag,gaming
1573578705.1520002,1404,294,None,Drag,gaming
1573578705.164,1404,282,None,Drag,gaming
1573578705.178,1404,276,None,Drag,gaming
1573578705.191,1404,264,None,Drag,gaming
1573578705.204,1404,260,None,Drag,gaming
1573578705.216,1404,249,None,Drag,gaming
1573578705.2270002,1404,241,None,Drag,gaming
1573578705.24,1403,225,None,Drag,gaming
1573578705.252,1401,205,None,Drag,gaming
1573578705.266,1399,195,None,Drag,gaming
1573578705.28,1397,179,None,Drag,gaming
1573578705.294,1394,165,None,Drag,gaming
1573578705.304,1394,160,None,Drag,gaming
1573578705.3170002,1393,154,None,Drag,gaming
1573578705.329,1393,152,None,Drag,gaming
1573578705.342,1393,149,None,Drag,gaming
1573578705.353,1393,148,None,Drag,gaming
1573578705.367,1392,146,None,Drag,gaming
1573578705.381,1392,143,None,Drag,gaming
1573578705.396,1392,142,None,Drag,gaming
1573578705.4120002,1392,141,None,Drag,gaming
1573578705.426,1392,140,None,Drag,gaming
1573578705.439,1390,138,None,Drag,gaming
1573578705.454,1389,132,None,Drag,gaming
1573578705.471,1383,125,None,Drag,gaming
1573578705.4870002,1375,114,None,Drag,gaming
1573578705.508,1364,103,None,Drag,gaming
1573578705.524,1353,93,None,Drag,gaming
1573578705.536,1341,84,None,Drag,gaming
1573578705.549,1336,79,None,Drag,gaming
1573578705.562,1335,76,None,Drag,gaming
1573578705.575,1333,74,None,Drag,gaming
1573578705.584,1332,72,None,Drag,gaming
1573578705.597,1330,69,None,Drag,gaming
1573578705.611,1329,68,None,Drag,gaming
1573578705.724,1329,68,None,Drag,gaming
1573578705.7370002,1330,68,None,Drag,gaming
1573578705.7489998,1332,68,None,Drag,gaming
1573578705.762,1334,68,None,Drag,gaming
1573578705.774,1337,67,None,Drag,gaming
1573578705.785,1339,67,None,Drag,gaming
1573578705.798,1343,64,None,Drag,gaming
1573578705.81,1344,64,None,Drag,gaming
1573578705.826,1345,63,None,Drag,gaming
1573578705.94,1346,61,None,Drag,gaming
1573578705.952,1347,60,None,Drag,gaming
1573578705.9629998,1347,58,None,Drag,gaming
1573578705.976,1348,55,None,Drag,gaming
1573578705.986,1349,53,None,Drag,gaming
1573578705.9989998,1352,50,None,Drag,gaming
1573578706.012,1358,45,None,Drag,gaming
1573578706.0229998,1360,44,None,Drag,gaming
1573578706.035,1362,42,None,Drag,gaming
1573578706.0470002,1367,38,None,Drag,gaming
1573578706.059,1371,36,None,Drag,gaming
1573578706.071,1389,32,None,Drag,gaming
1573578706.084,1403,32,None,Drag,gaming
1573578706.096,1428,28,None,Drag,gaming
1573578706.1079998,1448,28,None,Drag,gaming
1573578706.1220002,1453,28,None,Drag,gaming
1573578706.1339998,1464,28,None,Drag,gaming
1573578706.147,1468,28,None,Drag,gaming
1573578706.158,1472,28,None,Drag,gaming
1573578706.196,1473,27,None,Drag,gaming
1573578706.236,1473,25,None,Drag,gaming
1573578706.25,1475,25,None,Drag,gaming
1573578706.266,1481,25,None,Drag,gaming
1573578706.292,1481,24,None,Drag,gaming
1573578706.304,1481,23,None,Drag,gaming
1573578706.3170002,1470,-8,None,Drag,gaming
1573578706.33,1463,-20,None,Drag,gaming
1573578706.342,1444,-23,None,Drag,gaming
1573578706.3520002,1463,0,Right,Released,gaming
1573578706.365,1433,-6,None,Move,gaming
1573578706.377,1406,-1,None,Move,gaming
1573578706.389,1405,1,None,Move,gaming
1573578706.4,1406,0,Right,Pressed,gaming
1573578706.428,1404,-1,None,Drag,gaming
1573578706.44,1388,-18,None,Drag,gaming
1573578706.44,1388,-18,Left,Released,gaming
1573578706.467,1334,-9,None,Drag,gaming
1573578706.476,1324,-8,None,Drag,gaming
1573578706.488,1317,-8,None,Drag,gaming
1573578706.512,1317,0,Left,Pressed,gaming
1573578706.512,1317,0,Right,Released,gaming
1573578706.525,1317,-1,None,Move,gaming
1573578706.539,1317,-2,None,Move,gaming
1573578706.55,1318,0,None,Move,gaming
1573578706.563,1319,0,None,Move,gaming
1573578706.576,1319,1,None,Move,gaming
1573578706.5879998,1319,4,None,Move,gaming
1573578706.5879998,1319,4,Left,Released,gaming
1573578706.6139998,1317,29,None,Move,gaming
1573578706.6260002,1317,41,None,Move,gaming
1573578706.6379998,1317,68,None,Move,gaming
1573578706.65,1317,84,None,Move,gaming
1573578706.663,1317,133,None,Move,gaming
1573578706.675,1312,170,None,Move,gaming
1573578706.687,1305,229,None,Move,gaming
1573578706.7,1305,254,None,Move,gaming
1573578706.712,1305,285,None,Move,gaming
1573578706.725,1305,310,None,Move,gaming
1573578706.7370002,1305,318,None,Move,gaming
1573578706.7510002,1304,332,None,Move,gaming
1573578706.7610002,1302,339,None,Move,gaming
1573578706.77,1302,344,None,Move,gaming
1573578706.782,1302,361,None,Move,gaming
1573578706.794,1302,372,None,Move,gaming
1573578706.804,1302,410,None,Move,gaming
1573578706.816,1303,457,None,Move,gaming
1573578706.829,1303,640,None,Move,gaming
1573578706.853,1299,783,None,Drag,gaming
1573578706.8660002,1263,1173,None,Drag,gaming
1573578706.877,1202,1352,None,Drag,gaming
1573578706.89,1184,1162,None,Drag,gaming
1573578706.9020002,1171,1187,None,Drag,gaming
1573578706.913,1166,1114,None,Drag,gaming
1573578706.938,1163,1087,Left,Pressed,gaming
1573578706.938,1163,1087,None,Drag,gaming
1573578706.951,1163,1084,None,Drag,gaming
1573578706.964,1163,1080,None,Drag,gaming
1573578706.996,1163,1079,None,Drag,gaming
1573578707.0070002,1163,1074,None,Drag,gaming
1573578707.02,1159,1043,None,Drag,gaming
1573578707.034,1155,1010,None,Drag,gaming
1573578707.045,1134,913,None,Drag,gaming
1573578707.0579998,1124,863,None,Drag,gaming
1573578707.086,1090,743,None,Drag,gaming
1573578707.097,1124,863,Right,Released,gaming
1573578707.11,1088,729,None,Move,gaming
1573578707.123,1086,711,None,Move,gaming
1573578707.1479998,1086,711,Right,Pressed,gaming
1573578707.16,1086,715,None,Drag,gaming
1573578707.1720002,1087,729,None,Drag,gaming
1573578707.185,1088,731,None,Drag,gaming
1573578707.185,1088,731,Left,Released,gaming
1573578707.208,1090,733,None,Drag,gaming
1573578707.244,1090,733,None,Drag,gaming
1573578707.29,1094,716,Left,Pressed,gaming
1573578707.29,1094,716,None,Drag,gaming
1573578707.303,1102,691,None,Drag,gaming
1573578707.315,1108,675,None,Drag,gaming
1573578707.325,1120,654,None,Drag,gaming
1573578707.335,1136,632,None,Drag,gaming
1573578707.3479998,1120,654,Right,Released,gaming
1573578707.359,1170,592,None,Move,gaming
1573578707.371,1206,551,None,Move,gaming
1573578707.3839998,1238,505,None,Move,gaming
1573578707.395,1256,480,None,Move,gaming
1573578707.409,1275,446,None,Move,gaming
1573578707.423,1288,420,None,Move,gaming
1573578707.423,1288,420,Left,Released,gaming
1573578707.448,1309,380,None,Move,gaming
1573578707.46,1328,342,None,Move,gaming
1573578707.474,1343,318,None,Move,gaming
1573578707.4889998,1385,246,None,Move,gaming
1573578707.502,1418,203,None,Move,gaming
1573578707.514,1427,195,None,Move,gaming
1573578707.5270002,1427,194,None,Move,gaming
1573578707.539,1428,194,None,Move,gaming
1573578707.5879998,1429,193,None,Drag,gaming
1573578707.6,1429,180,None,Drag,gaming
1573578707.611,1429,170,None,Drag,gaming
1573578707.625,1429,147,None,Drag,gaming
1573578707.6379998,1429,138,None,Drag,gaming
1573578707.675,1429,125,Left,Pressed,gaming
1573578707.675,1429,125,None,Move,gaming
1573578707.686,1429,125,Right,Pressed,gaming
1573578707.732,1429,124,None,Drag,gaming
1573578707.788,1427,123,None,Drag,gaming
1573578707.801,1422,116,None,Drag,gaming
1573578707.801,1422,116,Left,Released,gaming
1573578707.825,1420,100,None,Drag,gaming
1573578707.837,1419,98,None,Drag,gaming
1573578707.93,1440,122,None,Drag,gaming
1573578707.964,1443,122,None,Drag,gaming
1573578707.976,1451,116,None,Drag,gaming
1573578707.98,1467,104,None,Drag,gaming
1573578707.992,1481,94,Left,Pressed,gaming
1573578707.992,1481,94,None,Drag,gaming
1573578708.004,1493,84,None,Drag,gaming
1573578708.015,1481,94,Right,Released,gaming
1573578708.036,1494,84,None,Move,gaming
1573578708.049,1494,84,Right,Pressed,gaming
1573578708.06,1495,86,None,Drag,gaming
1573578708.072,1501,117,None,Drag,gaming
1573578708.084,1511,160,None,Drag,gaming
1573578708.096,1513,177,None,Drag,gaming
1573578708.1079998,1515,195,None,Drag,gaming
1573578708.1079998,1515,195,Left,Released,gaming
1573578708.131,1514,241,None,Drag,gaming
1573578708.156,1492,280,Left,Pressed,gaming
1573578708.156,1492,280,None,Drag,gaming
1573578708.168,1478,289,None,Drag,gaming
1573578708.179,1471,290,None,Drag,gaming
1573578708.191,1455,291,None,Drag,gaming
1573578708.2029998,1444,291,None,Drag,gaming
1573578708.2129998,1427,291,None,Drag,gaming
1573578708.226,1444,291,Right,Released,gaming
1573578708.236,1425,291,None,Move,gaming
1573578708.248,1421,288,None,Move,gaming
1573578708.26,1421,286,None,Move,gaming
1573578708.2729998,1421,278,None,Move,gaming
1573578708.283,1421,270,None,Move,gaming
1573578708.295,1421,258,None,Move,gaming
1573578708.31,1421,255,None,Move,gaming
1573578708.31,1421,255,Left,Released,gaming
1573578708.333,1418,259,None,Drag,gaming
1573578708.344,1400,286,None,Drag,gaming
1573578708.357,1386,305,None,Drag,gaming
1573578708.3679998,1384,307,None,Drag,gaming
1573578708.38,1382,308,None,Drag,gaming
1573578708.39,1381,308,None,Drag,gaming
1573578708.4020002,1379,308,None,Drag,gaming
1573578708.426,1372,306,Left,Pressed,gaming
1573578708.426,1372,306,None,Drag,gaming
1573578708.439,1368,304,None,Drag,gaming
1573578708.45,1367,301,None,Drag,gaming
1573578708.462,1364,292,None,Drag,gaming
1573578708.475,1361,287,None,Drag,gaming
1573578708.486,1358,282,None,Drag,gaming
1573578708.498,1357,280,None,Drag,gaming
1573578708.5089998,1356,280,None,Drag,gaming
1573578708.573,1356,280,None,Drag,gaming
1573578708.586,1354,281,None,Drag,gaming
1573578708.599,1351,282,None,Drag,gaming
1573578708.611,1344,283,None,Drag,gaming
1573578708.621,1307,288,None,Drag,gaming
1573578708.633,1351,282,Right,Released,gaming
1573578708.645,1295,290,None,Move,gaming
1573578708.658,1268,306,None,Move,gaming
1573578708.67,1263,316,None,Move,gaming
1573578708.68,1259,326,None,Move,gaming
1573578708.6920002,1258,351,None,Move,gaming
1573578708.702,1259,326,Right,Pressed,gaming
1573578708.716,1259,383,None,Drag,gaming
1573578708.716,1259,383,Left,Released,gaming
1573578708.738,1266,440,None,Drag,gaming
1573578708.75,1266,463,None,Drag,gaming
1573578708.762,1266,469,None,Drag,gaming
1573578708.772,1266,472,None,Drag,gaming
1573578708.784,1265,477,None,Drag,gaming
1573578708.8070002,1264,478,Left,Pressed,gaming
1573578708.8070002,1264,478,None,Drag,gaming
1573578708.845,1264,480,None,Drag,gaming
1573578708.857,1264,497,None,Drag,gaming
1573578708.869,1263,566,None,Drag,gaming
1573578708.88,1259,607,None,Drag,gaming
1573578708.89,1257,638,None,Drag,gaming
1573578708.9020002,1256,662,None,Drag,gaming
1573578708.913,1256,666,None,Drag,gaming
1573578708.926,1256,667,None,Drag,gaming
1573578708.972,1255,664,None,Drag,gaming
1573578708.9829998,1255,646,None,Drag,gaming
1573578708.995,1255,634,None,Drag,gaming
1573578709.006,1246,604,None,Drag,gaming
1573578709.0170002,1239,587,None,Drag,gaming
1573578709.03,1235,576,None,Drag,gaming
1573578709.041,1239,587,Right,Released,gaming
1573578709.053,1233,569,None,Move,gaming
1573578709.064,1231,565,None,Move,gaming
1573578709.077,1229,576,None,Move,gaming
1573578709.089,1231,565,Right,Pressed,gaming
1573578709.1,1229,622,None,Drag,gaming
1573578709.113,1244,803,None,Drag,gaming
1573578709.123,1246,863,None,Drag,gaming
1573578709.123,1246,863,Left,Released,gaming
1573578709.147,1222,1045,None,Drag,gaming
1573578709.159,1192,1164,None,Drag,gaming
1573578709.169,1176,1136,None,Drag,gaming
1573578709.1929998,1158,1107,Left,Pressed,gaming
1573578709.194,1158,1107,None,Drag,gaming
1573578709.207,1153,1102,None,Drag,gaming
1573578709.218,1153,1083,None,Drag,gaming
1573578709.23,1153,1081,None,Drag,gaming
1573578709.268,1151,1079,None,Drag,gaming
1573578709.282,1149,1067,None,Drag,gaming
1573578709.294,1144,1033,None,Drag,gaming
1573578709.305,1141,1000,None,Drag,gaming
1573578709.315,1133,950,None,Drag,gaming
1573578709.327,1124,904,None,Drag,gaming
1573578709.341,1116,857,None,Drag,gaming
1573578709.353,1105,732,None,Drag,gaming
1573578709.3660002,1116,857,Right,Released,gaming
1573578709.377,1101,717,None,Move,gaming
1573578709.3920002,1100,716,None,Move,gaming
1573578709.406,1100,716,Right,Pressed,gaming
1573578709.429,1099,716,None,Drag,gaming
1573578709.4420002,1099,711,None,Drag,gaming
1573578709.452,1095,697,None,Drag,gaming
1573578709.467,1095,688,None,Drag,gaming
1573578709.467,1095,688,Left,Released,gaming
1573578709.502,1097,652,None,Move,gaming
1573578709.526,1099,585,Left,Pressed,gaming
1573578709.5270002,1099,585,None,Move,gaming
1573578709.539,1099,566,None,Move,gaming
1573578709.55,1099,533,None,Move,gaming
1573578709.561,1098,518,None,Move,gaming
1573578709.574,1089,502,None,Move,gaming
1573578709.574,1089,502,Left,Released,gaming
1573578709.595,1082,492,None,Move,gaming
1573578709.607,1079,488,None,Move,gaming
1573578709.617,1078,486,None,Move,gaming
1573578709.633,1078,482,None,Move,gaming
1573578709.644,1077,479,None,Move,gaming
1573578709.657,1076,475,None,Move,gaming
1573578709.669,1076,474,None,Move,gaming
1573578709.68,1076,471,None,Move,gaming
1573578709.69,1076,469,None,Move,gaming
1573578709.764,1075,468,None,Drag,gaming
1573578709.7770002,1075,461,None,Drag,gaming
1573578709.7870002,1077,456,None,Drag,gaming
1573578709.8,1081,448,None,Drag,gaming
1573578709.823,1085,442,None,Move,gaming
1573578709.833,1091,434,None,Move,gaming
1573578709.854,1102,413,Left,Pressed,gaming
1573578709.855,1102,413,None,Move,gaming
1573578709.8660002,1106,405,None,Move,gaming
1573578709.877,1111,397,None,Move,gaming
1573578709.89,1111,397,None,Move,gaming
1573578709.89,1111,397,Left,Released,gaming
1573578709.917,1111,397,None,Drag,gaming
1573578709.927,1111,399,None,Drag,gaming
1573578709.939,1111,399,None,Drag,gaming
1573578709.988,1111,400,None,Drag,gaming
1573578710.101,1111,400,None,Move,gaming
1573578710.113,1112,400,None,Move,gaming
1573578710.164,1113,401,Left,Pressed,gaming
1573578710.164,1113,401,None,Move,gaming
1573578710.175,1113,402,None,Move,gaming
1573578710.188,1113,402,Right,Pressed,gaming
1573578710.244,1113,403,None,Drag,gaming
1573578710.244,1113,403,Left,Released,gaming
1573578710.293,1113,401,None,Move,gaming
1573578710.305,1113,400,None,Move,gaming
1573578710.315,1113,395,None,Move,gaming
1573578710.3279998,1113,392,None,Move,gaming
1573578710.356,1113,392,None,Move,gaming
1573578710.3760002,1112,399,Left,Pressed,gaming
1573578710.3760002,1112,399,Right,Pressed,gaming
1573578710.3760002,1112,399,Left,Released,gaming
1573578710.397,1111,419,None,Drag,gaming
1573578710.408,1111,423,None,Drag,gaming
1573578710.42,1111,425,None,Drag,gaming
1573578710.43,1112,427,None,Drag,gaming
1573578710.4420002,1112,427,None,Drag,gaming
1573578710.494,1114,427,Left,Pressed,gaming
1573578710.494,1114,427,None,Move,gaming
1573578710.508,1116,427,None,Move,gaming
1573578710.524,1116,428,None,Move,gaming
1573578710.5370002,1116,430,None,Move,gaming
1573578710.546,1116,431,None,Move,gaming
1573578710.559,1116,431,None,Move,gaming
1573578710.559,1116,431,Left,Released,gaming
1573578710.58,1115,433,None,Move,gaming
1573578710.594,1115,436,None,Move,gaming
1573578710.605,1115,436,None,Move,gaming
1573578710.6160002,1115,450,None,Move,gaming
1573578710.627,1115,476,None,Move,gaming
1573578710.64,1117,504,None,Move,gaming
1573578710.6520002,1118,515,None,Move,gaming
1573578710.663,1118,515,None,Move,gaming
1573578710.676,1118,529,None,Move,gaming
1573578710.687,1118,531,None,Move,gaming
1573578710.7,1118,531,None,Move,gaming
1573578710.7129998,1119,531,None,Move,gaming
1573578710.7229998,1120,531,None,Move,gaming
1573578710.736,1120,530,None,Move,gaming
1573578710.7470002,1122,530,None,Move,gaming
1573578710.76,1122,534,None,Move,gaming
1573578710.77,1116,547,None,Move,gaming
1573578710.782,1113,559,None,Move,gaming
1573578710.795,1108,576,None,Move,gaming
1573578710.806,1106,576,None,Move,gaming
1573578710.83,1104,582,None,Drag,gaming
1573578710.843,1105,582,None,Drag,gaming
1573578710.854,1097,645,None,Drag,gaming
1573578710.8660002,1097,658,None,Drag,gaming
1573578710.917,1093,657,None,Drag,gaming
1573578710.93,1084,644,None,Drag,gaming
1573578710.9429998,1076,635,None,Drag,gaming
1573578710.965,1076,635,Left,Pressed,gaming
1573578710.965,1076,635,Right,Released,gaming
1573578710.978,1055,614,None,Move,gaming
1573578710.9889998,1050,600,None,Move,gaming
1573578711.002,1049,597,None,Move,gaming
1573578711.012,1048,596,None,Move,gaming
1573578711.026,1048,596,Right,Pressed,gaming
1573578711.053,1048,600,None,Drag,gaming
1573578711.065,1048,608,None,Drag,gaming
1573578711.065,1048,608,Left,Released,gaming
1573578711.109,1049,611,None,Drag,gaming
1573578711.156,1050,610,None,Drag,gaming
1573578711.167,1051,595,None,Drag,gaming
1573578711.205,1052,568,Left,Pressed,gaming
1573578711.205,1052,568,None,Move,gaming
1573578711.215,1052,561,None,Move,gaming
1573578711.2370002,1052,561,Right,Pressed,gaming
1573578711.2470002,1052,562,None,Drag,gaming
1573578711.258,1052,567,None,Drag,gaming
1573578711.27,1053,580,None,Drag,gaming
1573578711.27,1053,580,Left,Released,gaming
1573578711.296,1057,587,None,Drag,gaming
1573578711.4120002,1057,584,None,Drag,gaming
1573578711.449,1051,574,Left,Pressed,gaming
1573578711.449,1051,574,None,Move,gaming
1573578711.4629998,1051,574,Right,Pressed,gaming
1573578711.5,1051,574,None,Drag,gaming
1573578711.5129998,1051,576,None,Drag,gaming
1573578711.525,1051,577,None,Drag,gaming
1573578711.5370002,1051,578,None,Drag,gaming
1573578711.5370002,1051,578,Left,Released,gaming
1573578711.564,1051,579,None,Drag,gaming
1573578711.58,1051,580,None,Drag,gaming
1573578711.6320002,1048,581,Left,Pressed,gaming
1573578711.6320002,1048,581,None,Drag,gaming
1573578711.645,1045,581,None,Drag,gaming
1573578711.656,1045,581,None,Drag,gaming
1573578711.668,1044,581,None,Drag,gaming
1573578711.68,1040,585,None,Drag,gaming
1573578711.704,1031,602,None,Drag,gaming
1573578711.717,1026,616,None,Drag,gaming
1573578711.729,1025,621,None,Drag,gaming
1573578711.7429998,1021,630,None,Drag,gaming
1573578711.754,1019,632,None,Drag,gaming
1573578711.7670002,1017,638,None,Drag,gaming
1573578711.778,1016,638,None,Drag,gaming
1573578711.79,1016,639,None,Drag,gaming
1573578711.82,1015,640,None,Drag,gaming
1573578711.832,1012,639,None,Drag,gaming
1573578711.844,1007,636,None,Drag,gaming
1573578711.856,1012,639,Right,Released,gaming
1573578711.869,1001,633,None,Move,gaming
1573578711.881,980,624,None,Move,gaming
1573578711.894,971,621,None,Move,gaming
1573578711.905,970,621,None,Move,gaming
1573578711.917,970,621,Right,Pressed,gaming
1573578711.929,969,621,None,Drag,gaming
1573578711.9420002,968,622,None,Drag,gaming
1573578711.9420002,968,622,Left,Released,gaming
1573578711.968,968,626,None,Drag,gaming
1573578711.98,968,627,None,Drag,gaming
1573578711.994,968,628,None,Drag,gaming
1573578712.0070002,967,632,None,Drag,gaming
1573578712.033,965,633,Left,Pressed,gaming
1573578712.033,965,633,None,Drag,gaming
1573578712.046,964,633,None,Drag,gaming
1573578712.059,962,633,None,Drag,gaming
1573578712.073,957,633,None,Drag,gaming
1573578712.086,948,629,None,Drag,gaming
1573578712.099,945,626,None,Drag,gaming
1573578712.113,943,625,None,Drag,gaming
1573578712.125,939,620,None,Drag,gaming
1573578712.1379998,943,625,Right,Released,gaming
1573578712.1520002,938,620,None,Move,gaming
1573578712.165,938,620,None,Move,gaming
1573578712.177,938,620,Right,Pressed,gaming
1573578712.195,936,620,None,Drag,gaming
1573578712.206,936,631,None,Drag,gaming
1573578712.221,936,635,None,Drag,gaming
1573578712.234,936,638,None,Drag,gaming
1573578712.234,936,638,Left,Released,gaming
1573578712.2629998,934,642,None,Drag,gaming
1573578712.276,933,647,None,Drag,gaming
1573578712.346,930,645,Left,Pressed,gaming
1573578712.346,930,645,None,Drag,gaming
1573578712.361,929,643,None,Drag,gaming
1573578712.3760002,930,645,Right,Released,gaming
1573578712.391,929,642,None,Move,gaming
1573578712.404,929,642,Right,Pressed,gaming
1573578712.436,929,642,None,Drag,gaming
1573578712.45,927,644,None,Drag,gaming
1573578712.462,927,649,None,Drag,gaming
1573578712.4770002,926,654,None,Drag,gaming
1573578712.49,925,656,None,Drag,gaming
1573578712.4910002,925,656,Left,Released,gaming
1573578712.518,924,658,None,Drag,gaming
1573578712.579,923,658,Left,Pressed,gaming
1573578712.579,923,658,Right,Released,gaming
1573578712.593,923,658,None,Move,gaming
1573578712.605,919,655,None,Move,gaming
1573578712.617,918,654,None,Move,gaming
1573578712.629,917,654,None,Move,gaming
1573578712.643,917,654,Right,Pressed,gaming
1573578712.657,917,654,None,Drag,gaming
1573578712.669,907,667,None,Drag,gaming
1573578712.669,907,667,Left,Released,gaming
1573578712.698,898,688,None,Drag,gaming
1573578712.71,896,694,None,Drag,gaming
1573578712.7229998,894,697,None,Drag,gaming
1573578712.735,894,699,None,Drag,gaming
1573578712.7629998,892,705,Left,Pressed,gaming
1573578712.7629998,892,705,None,Drag,gaming
1573578712.812,891,706,None,Drag,gaming
1573578712.825,891,706,None,Drag,gaming
1573578712.86,890,706,None,Drag,gaming
1573578712.941,889,706,None,Drag,gaming
1573578712.955,889,707,None,Drag,gaming
1573578712.968,889,708,None,Drag,gaming
1573578712.98,889,709,None,Drag,gaming
1573578712.992,887,710,None,Drag,gaming
1573578713.005,880,710,None,Drag,gaming
1573578713.018,874,708,None,Drag,gaming
1573578713.032,858,699,None,Drag,gaming
1573578713.045,848,694,None,Drag,gaming
1573578713.0570002,838,687,None,Drag,gaming
1573578713.069,848,694,Right,Released,gaming
1573578713.082,811,669,None,Move,gaming
1573578713.095,760,616,None,Move,gaming
1573578713.1079998,745,594,None,Move,gaming
1573578713.121,720,549,None,Move,gaming
1573578713.1360002,704,527,None,Move,gaming
1573578713.146,701,524,None,Move,gaming
1573578713.16,699,521,None,Move,gaming
1573578713.16,699,521,Left,Released,gaming
1573578713.185,699,520,None,Drag,gaming
1573578713.199,698,511,None,Drag,gaming
1573578713.2129998,695,492,None,Drag,gaming
1573578713.225,694,484,None,Drag,gaming
1573578713.2410002,690,465,None,Drag,gaming
1573578713.255,687,451,None,Drag,gaming
1573578713.294,684,428,Left,Pressed,gaming
1573578713.294,684,428,None,Move,gaming
1573578713.304,684,424,None,Move,gaming
1573578713.3170002,684,422,None,Move,gaming
1573578713.329,684,421,None,Move,gaming
1573578713.342,684,421,Right,Pressed,gaming
1573578713.397,684,421,None,Drag,gaming
1573578713.397,684,421,Left,Released,gaming
1573578713.467,683,396,None,Drag,gaming
1573578713.479,670,352,None,Drag,gaming
1573578713.492,663,322,None,Drag,gaming
1573578713.505,658,286,None,Drag,gaming
1573578713.5170002,642,211,None,Drag,gaming
1573578713.544,635,171,Left,Pressed,gaming
1573578713.544,635,171,None,Move,gaming
1573578713.559,636,-1,None,Move,gaming
1573578713.571,641,-47,None,Move,gaming
1573578713.583,655,-103,None,Move,gaming
1573578713.594,657,-46,None,Move,gaming
1573578713.607,668,-92,None,Move,gaming
1573578713.62,673,-34,None,Move,gaming
1573578713.62,673,-34,Left,Released,gaming
1573578713.643,679,-14,None,Move,gaming
1573578713.655,681,-18,None,Move,gaming
1573578713.667,681,-6,None,Move,gaming
1573578713.678,682,-3,None,Move,gaming
1573578713.6920002,684,0,None,Move,gaming
1573578713.704,685,4,None,Move,gaming
1573578713.715,692,24,None,Move,gaming
1573578713.728,707,65,None,Move,gaming
1573578713.7389998,718,111,None,Move,gaming
1573578713.762,732,157,None,Drag,gaming
1573578713.7629998,735,181,None,Drag,gaming
1573578713.775,738,206,None,Drag,gaming
1573578713.786,739,214,None,Drag,gaming
1573578713.798,744,232,None,Drag,gaming
1573578713.809,745,240,None,Drag,gaming
1573578713.821,749,264,None,Drag,gaming
1573578713.843,753,293,Left,Pressed,gaming
1573578713.843,753,293,None,Drag,gaming
1573578713.855,754,309,None,Drag,gaming
1573578713.867,754,311,None,Drag,gaming
1573578713.879,754,312,None,Drag,gaming
1573578713.89,754,312,Right,Released,gaming
1573578713.9020002,754,312,None,Move,gaming
1573578713.94,754,312,None,Move,gaming
1573578713.9529998,754,312,Right,Pressed,gaming
1573578713.964,749,316,None,Drag,gaming
1573578713.975,744,332,None,Drag,gaming
1573578713.9870002,743,336,None,Drag,gaming
1573578714.002,743,342,None,Drag,gaming
1573578714.002,743,342,Left,Released,gaming
1573578714.026,743,346,None,Drag,gaming
1573578714.0370002,743,350,None,Drag,gaming
1573578714.06,741,363,Left,Pressed,gaming
1573578714.06,741,363,None,Drag,gaming
1573578714.071,737,368,None,Drag,gaming
1573578714.085,737,368,None,Drag,gaming
1573578714.095,735,368,None,Drag,gaming
1573578714.107,728,368,None,Drag,gaming
1573578714.119,737,368,Right,Released,gaming
1573578714.129,718,368,None,Move,gaming
1573578714.1420002,708,368,None,Move,gaming
1573578714.154,706,368,None,Move,gaming
1573578714.165,704,369,None,Move,gaming
1573578714.177,704,369,Right,Pressed,gaming
1573578714.188,704,371,None,Drag,gaming
1573578714.2,701,377,None,Drag,gaming
1573578714.201,701,377,Left,Released,gaming
1573578714.225,698,384,None,Drag,gaming
1573578714.2370002,698,385,None,Drag,gaming
1573578714.248,698,385,None,Drag,gaming
1573578714.276,698,386,None,Drag,gaming
1573578714.299,695,386,Left,Pressed,gaming
1573578714.299,695,386,None,Drag,gaming
1573578714.311,688,386,None,Drag,gaming
1573578714.324,684,386,None,Drag,gaming
1573578714.337,688,386,Right,Released,gaming
1573578714.3479998,677,385,None,Move,gaming
1573578714.36,656,377,None,Move,gaming
1573578714.3720002,642,373,None,Move,gaming
1573578714.3839998,636,372,None,Move,gaming
1573578714.396,624,372,None,Move,gaming
1573578714.406,621,372,None,Move,gaming
1573578714.419,616,374,None,Move,gaming
1573578714.419,616,374,Left,Released,gaming
1573578714.4420002,609,379,None,Move,gaming
1573578714.4529998,600,396,None,Move,gaming
1573578714.4770002,598,401,None,Drag,gaming
1573578714.49,596,408,None,Drag,gaming
1573578714.502,596,409,None,Drag,gaming
1573578714.532,595,410,None,Drag,gaming
1573578714.58,595,410,None,Move,gaming
1573578714.596,595,410,None,Move,gaming
1573578714.844,593,406,Left,Pressed,gaming
1573578714.844,593,406,None,Drag,gaming
1573578714.855,591,400,None,Drag,gaming
1573578714.8660002,589,394,None,Drag,gaming
1573578714.8779998,588,387,None,Drag,gaming
1573578714.8779998,588,387,Left,Released,gaming
1573578714.901,587,382,None,Move,gaming
1573578714.913,584,362,None,Move,gaming
1573578714.935,582,349,Left,Pressed,gaming
1573578714.935,582,349,None,Move,gaming
1573578714.947,582,345,None,Move,gaming
1573578714.959,580,338,None,Move,gaming
1573578714.972,579,334,None,Move,gaming
1573578714.972,579,334,Left,Released,gaming
1573578714.994,579,317,None,Move,gaming
1573578715.006,579,298,None,Move,gaming
1573578715.018,579,284,None,Move,gaming
1573578715.031,578,258,None,Move,gaming
1573578715.041,577,241,None,Move,gaming
1573578715.053,577,211,None,Move,gaming
1573578715.064,577,197,None,Move,gaming
1573578715.076,577,185,None,Move,gaming
1573578715.089,577,157,None,Move,gaming
1573578715.101,579,129,None,Move,gaming
1573578715.1120002,582,114,None,Move,gaming
1573578715.125,589,79,None,Move,gaming
1573578715.1379998,592,68,None,Move,gaming
1573578715.15,597,51,None,Move,gaming
1573578715.163,599,44,None,Move,gaming
1573578715.175,599,37,None,Move,gaming
1573578715.232,599,38,None,Drag,gaming
1573578715.245,602,57,None,Drag,gaming
1573578715.256,603,70,None,Drag,gaming
1573578715.268,608,107,None,Drag,gaming
1573578715.28,612,133,None,Drag,gaming
1573578715.291,619,157,None,Drag,gaming
1573578715.304,628,207,None,Drag,gaming
1573578715.3279998,653,265,Left,Pressed,gaming
1573578715.3279998,653,265,None,Drag,gaming
1573578715.34,659,278,None,Drag,gaming
1573578715.353,661,280,None,Drag,gaming
1573578715.365,661,280,Right,Released,gaming
1573578715.377,662,281,None,Move,gaming
1573578715.524,662,281,None,Move,gaming
1573578715.535,662,281,None,Move,gaming
1573578715.5470002,658,280,None,Move,gaming
1573578715.559,653,274,None,Move,gaming
1573578715.571,651,272,None,Move,gaming
1573578715.583,644,266,None,Move,gaming
1573578715.583,644,266,Left,Released,gaming
1573578715.607,640,264,None,Move,gaming
1573578715.6360002,637,265,None,Move,gaming
1573578715.658,627,280,None,Drag,gaming
1573578715.67,618,300,None,Drag,gaming
1573578715.6820002,614,309,None,Drag,gaming
1573578715.6929998,607,325,None,Drag,gaming
1573578715.705,603,333,None,Drag,gaming
1573578715.717,595,348,None,Drag,gaming
1573578715.729,593,355,None,Drag,gaming
1573578715.919,561,401,None,Drag,gaming
1573578716.0129998,561,401,Right,Released,gaming
1573578716.1,561,401,Right,Pressed,gaming
1573578716.1320002,562,402,None,Drag,gaming
1573578716.211,565,429,None,Drag,gaming
1573578716.224,565,439,None,Drag,gaming
1573578716.2370002,563,444,None,Drag,gaming
1573578716.25,563,444,None,Drag,gaming
1573578716.264,561,444,Left,Pressed,gaming
1573578716.264,561,444,None,Drag,gaming
1573578716.274,561,444,None,Drag,gaming
1573578716.2870002,561,444,Right,Released,gaming
1573578716.3,560,444,None,Move,gaming
1573578716.312,560,444,None,Move,gaming
1573578716.3479998,560,444,Right,Pressed,gaming
1573578716.42,558,444,None,Drag,gaming
1573578716.4320002,557,444,None,Drag,gaming
1573578716.445,553,444,None,Drag,gaming
1573578716.458,551,444,None,Drag,gaming
1573578716.472,546,443,None,Drag,gaming
1573578716.485,543,443,None,Drag,gaming
1573578716.485,543,443,Left,Released,gaming
1573578716.508,542,442,None,Move,gaming
1573578716.521,540,440,None,Move,gaming
1573578716.65,538,439,Left,Pressed,gaming
1573578716.65,538,439,None,Move,gaming
1573578716.661,538,439,None,Move,gaming
1573578716.674,538,441,None,Move,gaming
1573578716.685,538,478,None,Move,gaming
1573578716.698,538,478,Right,Pressed,gaming
1573578716.709,538,497,None,Drag,gaming
1573578716.709,538,497,Left,Released,gaming
1573578716.7329998,544,558,None,Drag,gaming
1573578716.745,546,569,None,Drag,gaming
1573578716.758,550,586,None,Drag,gaming
1573578716.769,552,594,None,Drag,gaming
1573578716.783,557,611,None,Drag,gaming
1573578716.794,558,619,None,Drag,gaming
1573578716.8079998,561,630,None,Drag,gaming
1573578717.02,578,658,None,Drag,gaming
1573578717.061,578,658,Right,Released,gaming
1573578717.125,578,658,Right,Pressed,gaming
1573578717.137,578,660,None,Drag,gaming
1573578717.2370002,578,698,None,Drag,gaming
1573578717.2489998,577,702,None,Drag,gaming
1573578717.2610002,575,706,None,Drag,gaming
1573578717.324,575,706,None,Drag,gaming
1573578717.337,573,710,Left,Pressed,gaming
1573578717.337,573,710,None,Drag,gaming
1573578717.351,573,718,None,Drag,gaming
1573578717.3739998,571,732,None,Drag,gaming
1573578717.389,571,741,None,Drag,gaming
1573578717.41,571,748,None,Drag,gaming
1573578717.424,571,752,None,Drag,gaming
1573578717.437,569,756,None,Drag,gaming
1573578717.449,569,756,None,Drag,gaming
1573578717.476,567,756,None,Drag,gaming
1573578717.4889998,567,756,Right,Released,gaming
1573578717.5010002,564,756,None,Move,gaming
1573578717.514,561,751,None,Move,gaming
1573578717.5270002,560,747,None,Move,gaming
1573578717.539,559,747,None,Move,gaming
1573578717.5570002,559,747,Right,Pressed,gaming
1573578717.596,559,747,None,Drag,gaming
1573578717.6079998,559,748,None,Drag,gaming
1573578717.621,559,753,None,Drag,gaming
1573578717.633,557,754,None,Drag,gaming
1573578717.645,553,759,None,Drag,gaming
1573578717.669,542,760,None,Drag,gaming
1573578717.669,542,760,Left,Released,gaming
1573578717.6929998,531,760,None,Drag,gaming
1573578717.706,528,760,None,Drag,gaming
1573578717.718,519,756,None,Drag,gaming
1573578717.729,517,756,None,Drag,gaming
1573578717.7510002,517,756,Left,Pressed,gaming
1573578717.7510002,517,756,Right,Released,gaming
1573578717.764,512,754,None,Move,gaming
1573578717.776,511,755,None,Move,gaming
1573578717.7870002,512,754,Right,Pressed,gaming
1573578717.8,510,758,None,Drag,gaming
1573578717.81,508,777,None,Drag,gaming
1573578717.823,508,791,None,Drag,gaming
1573578717.836,508,800,None,Drag,gaming
1573578717.85,506,815,None,Drag,gaming
1573578717.861,505,825,None,Drag,gaming
1573578717.873,505,828,None,Drag,gaming
1573578717.885,504,833,None,Drag,gaming
1573578717.885,504,833,Left,Released,gaming
1573578717.908,503,836,None,Drag,gaming
1573578717.92,502,836,None,Drag,gaming
1573578717.9429998,499,836,Left,Pressed,gaming
1573578717.9429998,499,836,None,Drag,gaming
1573578717.956,498,836,None,Drag,gaming
1573578717.968,491,835,None,Drag,gaming
1573578717.98,491,835,Right,Released,gaming
1573578717.992,488,831,None,Move,gaming
1573578718.005,477,825,None,Move,gaming
1573578718.0170002,476,825,None,Move,gaming
1573578718.0270002,476,825,None,Move,gaming
1573578718.04,475,825,None,Move,gaming
1573578718.052,472,825,None,Move,gaming
1573578718.064,466,848,None,Move,gaming
1573578718.075,472,825,Right,Pressed,gaming
1573578718.09,465,852,None,Drag,gaming
1573578718.1020002,462,863,None,Drag,gaming
1573578718.113,462,864,None,Drag,gaming
1573578718.113,462,864,Left,Released,gaming
1573578718.139,461,867,None,Drag,gaming
1573578718.151,460,869,None,Drag,gaming
1573578718.164,459,869,None,Drag,gaming
1573578718.18,458,869,None,Drag,gaming
1573578718.191,456,869,None,Drag,gaming
1573578718.204,447,862,None,Drag,gaming
1573578718.218,445,858,None,Drag,gaming
1573578718.2429998,445,858,Left,Pressed,gaming
1573578718.2429998,445,858,Right,Released,gaming
1573578718.254,439,843,None,Move,gaming
1573578718.265,434,817,None,Move,gaming
1573578718.2770002,430,792,None,Move,gaming
1573578718.288,426,773,None,Move,gaming
1573578718.301,422,741,None,Move,gaming
1573578718.313,420,726,None,Move,gaming
1573578718.326,420,705,None,Move,gaming
1573578718.3379998,420,704,None,Move,gaming
1573578718.349,420,703,None,Move,gaming
1573578718.361,420,703,Right,Pressed,gaming
1573578718.46,420,703,None,Drag,gaming
1573578718.46,420,703,Left,Released,gaming
1573578718.6279998,420,704,None,Drag,gaming
1573578718.64,421,707,None,Drag,gaming
1573578718.6520002,421,708,None,Drag,gaming
1573578718.772,422,708,None,Drag,gaming
1573578718.786,422,708,None,Drag,gaming
1573578718.8079998,422,705,None,Move,gaming
1573578718.82,422,703,None,Move,gaming
1573578718.9120002,427,674,Left,Pressed,gaming
1573578718.9120002,427,674,None,Drag,gaming
1573578718.924,430,651,None,Drag,gaming
1573578718.936,436,608,None,Drag,gaming
1573578718.948,437,574,None,Drag,gaming
1573578718.96,437,574,Right,Released,gaming
1573578718.97,440,559,None,Move,gaming
1573578718.9829998,443,534,None,Move,gaming
1573578718.9829998,443,534,Left,Released,gaming
1573578719.0070002,444,513,None,Move,gaming
1573578719.063,444,516,Left,Pressed,gaming
1573578719.063,444,516,None,Drag,gaming
1573578719.074,446,523,None,Drag,gaming
1573578719.086,446,529,None,Drag,gaming
1573578719.1,446,531,None,Drag,gaming
1573578719.1120002,446,533,None,Drag,gaming
1573578719.1120002,446,533,Left,Released,gaming
1573578719.436,446,535,None,Drag,gaming
1573578719.447,441,533,None,Drag,gaming
1573578719.564,398,509,None,Drag,gaming
1573578719.575,398,509,None,Drag,gaming
1573578719.587,397,511,None,Drag,gaming
1573578719.5979998,397,514,None,Drag,gaming
1573578719.61,397,515,Left,Pressed,gaming
1573578719.61,397,515,None,Drag,gaming
1573578719.6220002,396,519,None,Drag,gaming
1573578719.635,396,520,None,Drag,gaming
1573578719.6479998,395,523,None,Drag,gaming
1573578719.649,395,523,Left,Released,gaming
1573578719.673,393,525,None,Drag,gaming
1573578719.686,387,525,None,Drag,gaming
1573578719.697,381,525,None,Drag,gaming
1573578719.72,375,525,Left,Pressed,gaming
1573578719.72,375,525,None,Drag,gaming
1573578719.732,372,525,None,Drag,gaming
1573578719.7429998,377,525,Right,Released,gaming
1573578719.772,371,525,None,Move,gaming
1573578719.784,371,525,Right,Pressed,gaming
1573578719.796,369,525,None,Drag,gaming
1573578719.806,362,531,None,Drag,gaming
1573578719.8179998,361,534,None,Drag,gaming
1573578719.831,359,537,None,Drag,gaming
1573578719.844,359,538,None,Drag,gaming
1573578719.856,359,539,None,Drag,gaming
1573578719.8679998,356,540,None,Drag,gaming
1573578719.881,349,543,None,Drag,gaming
1573578719.894,356,540,Right,Released,gaming
1573578719.907,345,543,None,Move,gaming
1573578719.908,345,543,Left,Released,gaming
1573578720.195,344,542,None,Move,gaming
1573578720.2229998,328,545,Left,Pressed,gaming
1573578720.2229998,328,545,None,Move,gaming
1573578720.236,286,569,None,Move,gaming
1573578720.2510002,235,602,None,Move,gaming
1573578720.265,102,698,None,Move,gaming
1573578720.279,-95,832,None,Move,gaming
1573578720.292,-242,976,None,Move,gaming
1573578720.304,-118,1045,None,Move,gaming
1573578720.3179998,-238,1182,None,Move,gaming
1573578720.319,-238,1182,Left,Released,gaming
1573578720.345,-188,1201,None,Move,gaming
1573578720.356,-151,1181,None,Move,gaming
1573578720.3679998,-73,1125,None,Move,gaming
1573578720.381,-114,1160,None,Move,gaming
1573578720.3920002,-51,1111,None,Move,gaming
1573578720.404,-40,1102,None,Move,gaming
1573578720.414,-47,1115,None,Move,gaming
1573578720.427,-10,1087,None,Move,gaming
1573578720.441,-11,1087,None,Move,gaming
1573578720.4529998,0,1079,None,Move,gaming
1573578720.508,0,1075,None,Move,gaming
1573578720.52,5,1053,None,Move,gaming
1573578720.533,49,988,None,Move,gaming
1573578720.545,76,950,None,Move,gaming
1573578720.5570002,162,858,None,Move,gaming
1573578720.569,214,812,None,Move,gaming
1573578720.582,329,720,None,Move,gaming
1573578720.592,383,683,None,Move,gaming
1573578720.604,494,608,None,Move,gaming
1573578720.6160002,534,583,None,Move,gaming
1573578720.637,594,553,None,Move,gaming
1573578720.65,594,553,None,Move,gaming
1573578720.748,595,553,None,Drag,gaming
1573578720.7589998,595,559,None,Drag,gaming
1573578720.771,595,563,None,Drag,gaming
1573578720.783,595,572,None,Drag,gaming
1573578720.794,592,574,None,Drag,gaming
1573578720.806,584,575,None,Drag,gaming
1573578720.83,578,576,None,Move,gaming
1573578720.841,560,577,None,Move,gaming
1573578720.853,555,577,None,Move,gaming
1573578720.865,553,577,None,Move,gaming
1573578720.8920002,551,577,None,Move,gaming
1573578720.916,542,581,Left,Pressed,gaming
1573578720.916,542,581,None,Drag,gaming
1573578720.928,516,608,None,Drag,gaming
1573578720.939,492,641,None,Drag,gaming
1573578720.951,424,717,None,Drag,gaming
1573578720.9629998,377,765,None,Drag,gaming
1573578720.976,262,858,None,Drag,gaming
1573578720.976,262,858,Left,Released,gaming
1573578720.9989998,68,1006,None,Drag,gaming
1573578721.012,-58,1090,None,Drag,gaming
1573578721.025,-57,1112,None,Drag,gaming
1573578721.0370002,-98,1136,None,Drag,gaming
1573578721.051,-40,1102,None,Drag,gaming
1573578721.074,-32,1093,Left,Pressed,gaming
1573578721.075,-32,1093,None,Drag,gaming
1573578721.086,-50,1095,None,Drag,gaming
1573578721.099,-14,1085,None,Drag,gaming
1573578721.1120002,-9,1084,None,Drag,gaming
1573578721.123,-6,1081,None,Drag,gaming
1573578721.135,-6,1083,None,Drag,gaming
1573578721.147,0,1079,Right,Released,gaming
1573578721.159,-1,1079,None,Move,gaming
1573578721.17,-2,1080,None,Move,gaming
1573578721.1820002,-1,1080,None,Move,gaming
1573578721.2129998,-1,1079,None,Move,gaming
1573578721.252,5,1078,None,Move,gaming
1573578721.268,52,1047,None,Move,gaming
1573578721.281,85,1021,None,Move,gaming
1573578721.294,177,957,None,Move,gaming
1573578721.306,227,916,None,Move,gaming
1573578721.3179998,334,823,None,Move,gaming
1573578721.332,382,776,None,Move,gaming
1573578721.345,462,694,None,Move,gaming
1573578721.345,462,694,Left,Released,gaming
1573578721.369,525,618,None,Move,gaming
1573578721.381,540,599,None,Move,gaming
1573578721.394,541,598,None,Move,gaming
1573578721.468,541,598,None,Drag,gaming
1573578721.48,541,599,None,Drag,gaming
1573578721.4929998,541,607,None,Drag,gaming
1573578721.506,539,613,None,Drag,gaming
1573578721.519,530,629,None,Drag,gaming
1573578721.531,523,635,None,Drag,gaming
1573578721.544,513,639,None,Drag,gaming
1573578721.556,502,641,None,Drag,gaming
1573578721.579,492,641,None,Move,gaming
1573578721.788,492,640,None,Move,gaming
1573578721.801,492,640,None,Move,gaming
1573578721.826,492,638,Left,Pressed,gaming
1573578721.826,492,638,None,Move,gaming
1573578721.8520002,492,637,None,Move,gaming
1573578721.8639998,491,637,None,Move,gaming
1573578721.877,491,637,Right,Pressed,gaming
1573578721.8920002,490,636,None,Drag,gaming
1573578721.909,488,634,None,Drag,gaming
1573578721.923,485,632,None,Drag,gaming
1573578721.936,472,621,None,Drag,gaming
1573578721.936,472,621,Left,Released,gaming
1573578721.9729998,436,602,None,Move,gaming
1573578721.986,335,560,None,Move,gaming
1573578721.9989998,240,531,None,Move,gaming
1573578722.0110002,192,519,None,Move,gaming
1573578722.0229998,81,503,None,Move,gaming
1573578722.036,24,501,None,Move,gaming
1573578722.059,-69,513,Left,Pressed,gaming
1573578722.059,-69,513,None,Move,gaming
1573578722.07,-162,559,None,Move,gaming
1573578722.083,-93,595,None,Move,gaming
1573578722.094,-179,695,None,Move,gaming
1573578722.105,-81,749,None,Move,gaming
1573578722.105,-81,749,Left,Released,gaming
1573578722.13,-74,945,None,Move,gaming
1573578722.141,-143,1077,None,Move,gaming
1573578722.153,-61,1131,None,Move,gaming
1573578722.165,-101,1178,None,Move,gaming
1573578722.178,-33,1118,None,Move,gaming
1573578722.191,-46,1137,None,Move,gaming
1573578722.2029998,-13,1096,None,Move,gaming
1573578722.216,-16,1107,None,Move,gaming
1573578722.228,-3,1084,None,Move,gaming
1573578722.2410002,-1,1088,None,Move,gaming
1573578722.2529998,0,1080,None,Move,gaming
1573578722.276,1,1079,None,Move,gaming
1573578722.288,11,1075,None,Move,gaming
1573578722.3,27,1059,None,Move,gaming
1573578722.313,67,1018,None,Move,gaming
1573578722.325,114,961,None,Move,gaming
1573578722.337,140,928,None,Move,gaming
1573578722.349,203,848,None,Move,gaming
1573578722.361,236,807,None,Move,gaming
1573578722.371,275,758,None,Move,gaming
1573578722.383,347,674,None,Move,gaming
1573578722.397,412,601,None,Move,gaming
1573578722.409,438,575,None,Move,gaming
1573578722.42,472,543,None,Move,gaming
1573578722.4320002,515,505,None,Move,gaming
1573578722.444,538,485,None,Move,gaming
1573578722.456,563,463,None,Move,gaming
1573578722.469,582,449,None,Move,gaming
1573578722.4829998,584,446,None,Move,gaming
1573578722.496,588,444,None,Move,gaming
1573578722.621,588,443,None,Drag,gaming
1573578722.633,588,436,None,Drag,gaming
1573578722.645,588,431,None,Drag,gaming
1573578722.656,588,427,None,Drag,gaming
1573578722.68,585,424,None,Move,gaming
1573578722.6920002,572,416,None,Move,gaming
1573578722.7029998,560,414,None,Move,gaming
1573578722.714,552,412,None,Move,gaming
1573578722.726,536,412,None,Move,gaming
1573578722.738,529,412,None,Move,gaming
1573578722.7489998,522,412,None,Move,gaming
1573578722.781,520,412,Left,Pressed,gaming
1573578722.781,520,412,Right,Pressed,gaming
1573578722.877,520,412,Right,Released,gaming
1573578723.029,520,412,None,Move,gaming
1573578723.044,521,412,None,Move,gaming
1573578723.044,521,412,Left,Released,gaming
