client_timestamp,x,y,button,state,window
1573579126.563,656,552,None,Move,gaming
1573579126.572,661,552,None,Move,gaming
1573579126.579,665,552,None,Move,gaming
1573579126.587,672,552,None,Move,gaming
1573579126.597,680,552,None,Move,gaming
1573579126.609,689,552,None,Move,gaming
1573579126.621,709,552,None,Move,gaming
1573579126.633,721,552,None,Move,gaming
1573579126.644,743,552,None,Move,gaming
1573579126.657,754,553,None,Move,gaming
1573579126.669,774,553,None,Move,gaming
1573579126.679,785,553,None,Move,gaming
1573579126.688,794,553,None,Move,gaming
1573579126.7,805,553,None,Move,gaming
1573579126.712,812,553,None,Move,gaming
1573579126.725,817,553,None,Move,gaming
1573579126.738,817,553,None,Move,gaming
1573579126.7870002,819,553,None,Move,gaming
1573579126.803,819,553,None,Move,gaming
1573579126.816,824,551,None,Move,gaming
1573579126.829,839,546,None,Move,gaming
1573579126.845,862,539,None,Move,gaming
1573579126.8579998,884,533,None,Move,gaming
1573579126.873,930,521,None,Move,gaming
1573579126.887,989,508,None,Move,gaming
1573579126.899,1036,502,None,Move,gaming
1573579126.911,1120,489,None,Move,gaming
1573579126.923,1170,486,None,Move,gaming
1573579126.9320002,1267,470,None,Move,gaming
1573579126.944,1312,465,None,Move,gaming
1573579126.957,1377,456,None,Move,gaming
1573579126.9729998,1414,451,None,Move,gaming
1573579126.9829998,1422,450,None,Move,gaming
1573579126.996,1434,448,None,Move,gaming
1573579127.008,1438,448,None,Move,gaming
1573579127.02,1444,448,None,Move,gaming
1573579127.034,1446,448,None,Move,gaming
1573579127.046,1447,450,None,Move,gaming
1573579127.0579998,1447,451,None,Move,gaming
1573579127.069,1447,453,None,Move,gaming
1573579127.084,1447,454,None,Move,gaming
1573579127.0979998,1447,454,None,Move,gaming
1573579127.111,1447,456,None,Move,gaming
1573579127.1239998,1447,457,None,Move,gaming
1573579127.137,1447,459,None,Move,gaming
1573579127.1520002,1447,459,None,Move,gaming
1573579127.164,1447,460,None,Move,gaming
1573579127.202,1449,461,None,Move,gaming
1573579127.217,1459,461,None,Move,gaming
1573579127.23,1477,461,None,Move,gaming
1573579127.242,1487,459,None,Move,gaming
1573579127.255,1513,452,None,Move,gaming
1573579127.2670002,1538,440,None,Move,gaming
1573579127.28,1549,435,None,Move,gaming
1573579127.292,1571,426,None,Move,gaming
1573579127.305,1579,419,None,Move,gaming
1573579127.3170002,1601,405,None,Move,gaming
1573579127.3279998,1614,395,None,Move,gaming
1573579127.341,1634,378,None,Move,gaming
1573579127.353,1643,370,None,Move,gaming
1573579127.3660002,1663,351,None,Move,gaming
1573579127.379,1680,335,None,Move,gaming
1573579127.3920002,1687,329,None,Move,gaming
1573579127.404,1696,320,None,Move,gaming
1573579127.416,1697,319,None,Move,gaming
1573579127.467,1697,319,None,Move,gaming
1573579127.481,1691,319,None,Move,gaming
1573579127.4929998,1677,328,None,Move,gaming
1573579127.506,1668,333,None,Move,gaming
1573579127.508,1660,342,None,Move,gaming
1573579127.522,1651,348,None,Move,gaming
1573579127.535,1639,363,None,Move,gaming
1573579127.544,1635,372,None,Move,gaming
1573579127.556,1631,380,None,Move,gaming
1573579127.569,1631,380,None,Move,gaming
1573579127.6260002,1631,381,None,Move,gaming
1573579127.819,1631,382,None,Move,gaming
1573579127.833,1631,385,None,Move,gaming
1573579127.845,1627,390,None,Move,gaming
1573579127.8579998,1624,392,None,Move,gaming
1573579127.869,1620,397,None,Move,gaming
1573579127.8820002,1618,401,None,Move,gaming
1573579127.893,1614,405,None,Move,gaming
1573579127.905,1612,407,None,Move,gaming
1573579127.918,1608,413,None,Move,gaming
1573579127.931,1605,415,None,Move,gaming
1573579127.946,1601,419,None,Move,gaming
1573579127.958,1598,422,None,Move,gaming
1573579127.97,1595,423,None,Move,gaming
1573579127.982,1593,424,None,Move,gaming
1573579127.995,1589,427,None,Move,gaming
1573579128.0070002,1588,428,None,Move,gaming
1573579128.02,1586,429,None,Move,gaming
1573579128.032,1584,430,None,Move,gaming
1573579128.044,1581,431,None,Move,gaming
1573579128.055,1579,431,None,Move,gaming
1573579128.0670002,1577,431,None,Move,gaming
1573579128.081,1575,431,None,Move,gaming
1573579128.093,1574,431,None,Move,gaming
1573579128.105,1573,431,None,Move,gaming
1573579128.119,1569,434,None,Move,gaming
1573579128.131,1567,434,None,Move,gaming
1573579128.144,1566,434,None,Move,gaming
1573579128.153,1566,434,None,Move,gaming
1573579128.179,1565,434,None,Move,gaming
1573579128.219,1565,434,None,Move,gaming
1573579128.23,1563,434,None,Move,gaming
1573579128.246,1562,434,None,Move,gaming
1573579128.264,1561,434,None,Move,gaming
1573579128.276,1560,434,None,Move,gaming
1573579128.291,1560,434,None,Move,gaming
1573579128.303,1559,434,None,Move,gaming
1573579128.331,1559,434,None,Move,gaming
1573579128.379,1557,434,None,Move,gaming
1573579128.474,1556,434,None,Move,gaming
1573579128.49,1555,435,None,Move,gaming
1573579128.5029998,1555,435,None,Move,gaming
1573579128.516,1555,437,None,Move,gaming
1573579128.53,1555,437,None,Move,gaming
1573579132.81,1555,439,None,Move,gaming
1573579134.139,1555,439,None,Move,gaming
1573579136.563,1555,440,None,Move,gaming
1573579137.395,1555,440,None,Move,gaming
1573579139.2429998,1555,440,Right,Pressed,gaming
1573579139.331,1555,440,Right,Released,gaming
1573579139.371,1555,440,None,Move,gaming
1573579139.3839998,1555,437,None,Move,gaming
1573579139.393,1555,435,None,Move,gaming
1573579139.401,1555,429,None,Move,gaming
1573579139.408,1559,423,None,Move,gaming
1573579139.415,1564,416,None,Move,gaming
1573579139.4220002,1569,409,None,Move,gaming
1573579139.43,1578,401,None,Move,gaming
1573579139.437,1585,393,None,Move,gaming
1573579139.444,1597,384,None,Move,gaming
1573579139.452,1616,371,None,Move,gaming
1573579139.459,1637,358,None,Move,gaming
1573579139.467,1664,342,None,Move,gaming
1573579139.475,1691,327,None,Move,gaming
1573579139.486,1718,310,None,Move,gaming
1573579139.495,1747,295,None,Move,gaming
1573579139.502,1774,278,None,Move,gaming
1573579139.514,1797,267,None,Move,gaming
1573579139.524,1831,246,None,Move,gaming
1573579139.5370002,1841,238,None,Move,gaming
1573579139.55,1855,231,None,Move,gaming
1573579139.561,1858,228,None,Move,gaming
1573579139.573,1859,227,None,Move,gaming
1573579139.596,1860,227,Left,Pressed,gaming
1573579139.596,1860,227,None,Drag,gaming
1573579139.611,1861,226,None,Drag,gaming
1573579139.643,1862,224,None,Drag,gaming
1573579139.655,1866,218,None,Drag,gaming
1573579139.668,1875,205,None,Drag,gaming
1573579139.681,1880,197,None,Drag,gaming
1573579139.6929998,1886,189,None,Drag,gaming
1573579139.706,1893,179,None,Drag,gaming
1573579139.706,1893,179,Left,Released,gaming
1573579139.731,1902,162,None,Move,gaming
1573579139.745,1908,136,None,Move,gaming
1573579139.7570002,1909,122,None,Move,gaming
1573579139.77,1909,118,None,Move,gaming
1573579139.783,1909,112,None,Move,gaming
1573579139.851,1908,110,Left,Pressed,gaming
1573579139.851,1908,110,None,Drag,gaming
1573579139.8660002,1906,109,None,Drag,gaming
1573579139.881,1902,105,None,Drag,gaming
1573579139.894,1894,99,None,Drag,gaming
1573579139.906,1889,97,None,Drag,gaming
1573579139.918,1877,92,None,Drag,gaming
1573579139.918,1877,92,Left,Released,gaming
1573579139.944,1870,88,None,Move,gaming
1573579139.956,1841,77,None,Move,gaming
1573579139.969,1833,76,None,Move,gaming
1573579139.982,1818,72,None,Move,gaming
1573579139.995,1813,71,None,Move,gaming
1573579140.012,1802,71,None,Move,gaming
1573579140.026,1799,71,None,Move,gaming
1573579140.042,1796,71,None,Move,gaming
1573579140.056,1794,71,None,Move,gaming
1573579140.07,1784,71,None,Move,gaming
1573579140.095,1776,71,Left,Pressed,gaming
1573579140.095,1776,71,None,Drag,gaming
1573579140.109,1762,70,None,Drag,gaming
1573579140.123,1758,69,None,Drag,gaming
1573579140.137,1756,69,None,Drag,gaming
1573579140.153,1754,67,None,Drag,gaming
1573579140.153,1754,67,Left,Released,gaming
1573579140.18,1754,67,None,Move,gaming
1573579140.195,1752,64,None,Move,gaming
1573579140.209,1750,62,None,Move,gaming
1573579140.2229998,1748,59,None,Move,gaming
1573579140.2370002,1746,57,None,Move,gaming
1573579140.252,1742,54,None,Move,gaming
1573579140.2729998,1739,50,None,Move,gaming
1573579140.291,1735,46,None,Move,gaming
1573579140.305,1734,45,None,Move,gaming
1573579140.3179998,1734,45,None,Move,gaming
1573579140.332,1733,44,None,Move,gaming
1573579140.345,1733,44,None,Move,gaming
1573579140.3579998,1732,42,None,Move,gaming
1573579140.37,1732,41,None,Move,gaming
1573579140.3839998,1732,41,None,Move,gaming
1573579140.397,1731,40,None,Move,gaming
1573579140.475,1731,40,Left,Pressed,gaming
1573579140.475,1731,40,None,Drag,gaming
1573579140.475,1731,40,Left,Released,gaming
1573579140.699,1731,40,None,Move,gaming
1573579140.728,1732,40,Left,Pressed,gaming
1573579140.728,1732,40,None,Drag,gaming
1573579140.742,1737,41,None,Drag,gaming
1573579140.755,1738,42,None,Drag,gaming
1573579140.771,1738,44,None,Drag,gaming
1573579140.7870002,1738,52,None,Drag,gaming
1573579140.7870002,1738,52,Left,Released,gaming
1573579140.812,1738,60,None,Move,gaming
1573579140.827,1722,89,None,Move,gaming
1573579140.842,1706,110,None,Move,gaming
1573579141.091,1709,109,None,Move,gaming
1573579141.106,1718,102,None,Move,gaming
1573579141.1179998,1743,84,None,Move,gaming
1573579141.1339998,1788,50,None,Move,gaming
1573579141.149,1879,-6,None,Move,gaming
1573579141.163,1989,-66,None,Move,gaming
1573579141.177,1997,-42,None,Move,gaming
1573579141.1929998,2092,-92,None,Move,gaming
1573579141.208,2106,-101,None,Move,gaming
1573579141.221,2063,-78,None,Move,gaming
1573579141.236,2016,-40,None,Move,gaming
1573579141.254,1956,-18,None,Move,gaming
1573579141.2670002,1922,0,None,Move,gaming
1573579141.339,1919,0,Left,Pressed,gaming
1573579141.339,1919,0,None,Drag,gaming
1573579141.353,1916,2,None,Drag,gaming
1573579141.365,1896,10,None,Drag,gaming
1573579141.379,1884,12,None,Drag,gaming
1573579141.393,1868,17,None,Drag,gaming
1573579141.406,1797,32,None,Drag,gaming
1573579141.406,1797,32,Left,Released,gaming
1573579141.4320002,1758,43,None,Move,gaming
1573579141.4429998,1738,62,None,Move,gaming
1573579141.456,1728,69,None,Move,gaming
1573579141.482,1711,83,Left,Pressed,gaming
1573579141.482,1711,83,None,Drag,gaming
1573579141.495,1697,103,None,Drag,gaming
1573579141.508,1690,112,None,Drag,gaming
1573579141.521,1687,117,None,Drag,gaming
1573579141.534,1677,128,None,Drag,gaming
1573579141.548,1663,140,None,Drag,gaming
1573579141.562,1654,146,None,Drag,gaming
1573579141.574,1644,153,None,Drag,gaming
1573579141.5879998,1631,163,None,Drag,gaming
1573579141.601,1565,208,None,Drag,gaming
1573579141.601,1565,208,Left,Released,gaming
1573579141.629,1552,217,None,Move,gaming
1573579141.7629998,1548,215,None,Move,gaming
1573579141.778,1546,213,None,Move,gaming
1573579141.792,1542,211,None,Move,gaming
1573579141.805,1541,209,None,Move,gaming
1573579141.8170002,1541,207,None,Move,gaming
1573579141.829,1549,190,None,Move,gaming
1573579141.844,1578,148,None,Move,gaming
1573579141.8579998,1599,118,None,Move,gaming
1573579141.8720002,1682,16,None,Move,gaming
1573579141.8839998,1799,-99,None,Move,gaming
1573579141.895,1868,-64,None,Move,gaming
1573579141.911,2027,-150,None,Move,gaming
1573579141.924,2070,-131,None,Move,gaming
1573579141.941,2042,-97,None,Move,gaming
1573579141.954,1965,-32,None,Move,gaming
1573579141.967,1958,-29,None,Move,gaming
1573579141.9829998,1925,-4,None,Move,gaming
1573579142.039,1919,5,Left,Pressed,gaming
1573579142.039,1919,5,None,Drag,gaming
1573579142.053,1917,19,None,Drag,gaming
1573579142.066,1914,28,None,Drag,gaming
1573579142.079,1909,43,None,Drag,gaming
1573579142.093,1901,60,None,Drag,gaming
1573579142.107,1891,73,None,Drag,gaming
1573579142.121,1881,80,None,Drag,gaming
1573579142.1360002,1871,86,None,Drag,gaming
1573579142.147,1850,94,None,Drag,gaming
1573579142.147,1850,94,Left,Released,gaming
1573579142.17,1839,97,None,Move,gaming
1573579142.1829998,1804,109,None,Move,gaming
1573579142.196,1774,118,None,Move,gaming
1573579142.21,1759,124,None,Move,gaming
1573579142.2229998,1726,140,None,Move,gaming
1573579142.235,1699,153,None,Move,gaming
1573579142.2470002,1681,161,None,Move,gaming
1573579142.2589998,1643,182,None,Move,gaming
1573579142.27,1619,196,None,Move,gaming
1573579142.282,1589,214,None,Move,gaming
1573579142.293,1507,257,None,Move,gaming
1573579142.304,1464,287,None,Move,gaming
1573579142.3170002,1369,354,None,Move,gaming
1573579142.332,1276,418,None,Move,gaming
1573579142.344,1232,452,None,Move,gaming
1573579142.357,1135,517,None,Move,gaming
1573579142.369,1092,546,None,Move,gaming
1573579142.381,1007,607,None,Move,gaming
1573579142.393,977,630,None,Move,gaming
1573579142.406,921,674,None,Move,gaming
1573579142.419,908,686,None,Move,gaming
1573579142.4329998,891,711,None,Move,gaming
1573579142.4429998,881,733,None,Move,gaming
1573579142.456,878,744,None,Move,gaming
1573579142.47,872,762,None,Move,gaming
1573579142.481,870,770,None,Move,gaming
1573579142.495,866,783,None,Move,gaming
1573579142.5089998,863,795,None,Move,gaming
1573579142.522,860,801,None,Move,gaming
1573579142.533,857,807,None,Move,gaming
1573579142.546,855,811,None,Move,gaming
1573579142.5570002,851,819,None,Move,gaming
1573579142.569,849,824,None,Move,gaming
1573579142.58,841,836,None,Move,gaming
1573579142.591,838,841,None,Move,gaming
1573579142.603,829,855,None,Move,gaming
1573579142.6160002,826,861,None,Move,gaming
1573579142.6279998,823,867,None,Move,gaming
1573579142.643,822,869,None,Move,gaming
1573579142.698,822,870,None,Move,gaming
1573579142.712,823,871,None,Move,gaming
1573579142.7229998,824,871,None,Move,gaming
1573579142.954,824,871,None,Move,gaming
1573579142.966,827,875,None,Move,gaming
1573579142.979,832,882,None,Move,gaming
1573579142.992,834,884,None,Move,gaming
1573579143.006,838,890,None,Move,gaming
1573579143.018,840,894,None,Move,gaming
1573579143.03,841,895,None,Move,gaming
1573579143.041,841,896,None,Move,gaming
1573579143.053,844,899,None,Move,gaming
1573579143.064,844,902,None,Move,gaming
1573579143.076,847,908,None,Move,gaming
1573579143.087,848,911,None,Move,gaming
1573579143.1,851,916,None,Move,gaming
1573579143.1120002,851,917,None,Move,gaming
1573579143.123,851,919,None,Move,gaming
1573579143.2510002,851,919,None,Move,gaming
1573579143.283,851,919,None,Move,gaming
1573579143.298,850,919,None,Move,gaming
1573579143.331,849,919,None,Move,gaming
1573579143.342,847,919,None,Move,gaming
1573579143.354,846,919,None,Move,gaming
1573579143.3660002,845,919,None,Move,gaming
1573579143.38,845,919,None,Move,gaming
1573579143.434,845,919,None,Move,gaming
1573579143.448,845,919,None,Move,gaming
1573579143.867,845,919,None,Move,gaming
1573579143.8820002,845,919,None,Move,gaming
1573579143.896,844,919,None,Move,gaming
1573579143.93,843,919,None,Move,gaming
1573579143.944,843,919,None,Move,gaming
1573579143.955,841,920,None,Move,gaming
1573579143.986,840,920,None,Move,gaming
1573579144.002,839,920,None,Move,gaming
1573579144.034,839,920,None,Move,gaming
1573579144.05,838,920,None,Move,gaming
1573579144.066,837,920,None,Move,gaming
1573579144.082,836,920,None,Move,gaming
1573579144.554,836,920,Left,Pressed,gaming
1573579144.554,836,920,None,Drag,gaming
1573579144.569,836,918,None,Drag,gaming
1573579144.582,836,917,None,Drag,gaming
1573579144.583,836,917,Left,Released,gaming
1573579144.6079998,837,911,None,Move,gaming
1573579144.623,848,889,None,Move,gaming
1573579144.6379998,865,860,None,Move,gaming
1573579144.65,874,844,None,Move,gaming
1573579144.661,910,797,None,Move,gaming
1573579144.673,941,765,None,Move,gaming
1573579144.684,1041,680,None,Move,gaming
1573579144.696,1106,628,None,Move,gaming
1573579144.709,1250,527,None,Move,gaming
1573579144.721,1334,465,None,Move,gaming
1573579144.734,1519,358,None,Move,gaming
1573579144.7489998,1618,298,None,Move,gaming
1573579144.764,1914,139,None,Move,gaming
1573579144.776,2008,92,None,Move,gaming
1573579144.788,2009,51,None,Move,gaming
1573579144.801,1995,20,None,Move,gaming
1573579144.813,2098,-35,None,Move,gaming
1573579144.836,1952,-11,Left,Pressed,gaming
1573579144.836,1952,-11,None,Drag,gaming
1573579144.849,1962,-27,None,Drag,gaming
1573579144.8620002,1949,-24,None,Drag,gaming
1573579144.8739998,1958,-37,None,Drag,gaming
1573579144.887,1935,-22,None,Drag,gaming
1573579144.9,1940,-38,None,Drag,gaming
1573579144.9,1940,-38,Left,Released,gaming
1573579144.9220002,1922,-9,None,Move,gaming
1573579144.936,1922,-27,None,Move,gaming
1573579144.948,1919,-4,None,Move,gaming
1573579145.01,1919,0,Left,Pressed,gaming
1573579145.01,1919,0,None,Drag,gaming
1573579145.024,1913,0,None,Drag,gaming
1573579145.0370002,1901,0,None,Drag,gaming
1573579145.05,1890,0,None,Drag,gaming
1573579145.061,1847,3,None,Drag,gaming
1573579145.061,1847,3,Left,Released,gaming
1573579145.082,1836,5,None,Move,gaming
1573579145.094,1808,16,None,Move,gaming
1573579145.106,1801,21,None,Move,gaming
1573579145.117,1786,31,None,Move,gaming
1573579145.131,1778,36,None,Move,gaming
1573579145.143,1763,52,None,Move,gaming
1573579145.154,1751,62,None,Move,gaming
1573579145.165,1729,80,None,Move,gaming
1573579145.176,1719,88,None,Move,gaming
1573579145.189,1697,104,None,Move,gaming
1573579145.201,1683,115,None,Move,gaming
1573579145.212,1647,141,None,Move,gaming
1573579145.224,1622,159,None,Move,gaming
1573579145.236,1564,203,None,Move,gaming
1573579145.2470002,1529,223,None,Move,gaming
1573579145.2589998,1516,238,None,Move,gaming
1573579145.403,1510,242,None,Move,gaming
1573579145.414,1497,248,None,Move,gaming
1573579145.426,1486,252,None,Move,gaming
1573579145.437,1470,264,None,Move,gaming
1573579145.449,1463,268,None,Move,gaming
1573579145.461,1451,273,None,Move,gaming
1573579145.4729998,1448,273,None,Move,gaming
1573579145.485,1444,273,None,Move,gaming
1573579145.496,1442,272,None,Move,gaming
1573579145.508,1441,272,None,Move,gaming
1573579145.522,1442,270,None,Move,gaming
1573579145.5370002,1467,258,None,Move,gaming
1573579145.552,1520,230,None,Move,gaming
1573579145.5670002,1611,176,None,Move,gaming
1573579145.581,1715,119,None,Move,gaming
1573579145.594,1779,81,None,Move,gaming
1573579145.607,1921,-4,None,Move,gaming
1573579145.62,2071,-84,None,Move,gaming
1573579145.6339998,1994,-44,None,Move,gaming
1573579145.647,2074,-87,None,Move,gaming
1573579145.659,1994,-42,None,Move,gaming
1573579145.6720002,2048,-72,None,Move,gaming
1573579145.684,2020,-57,None,Move,gaming
1573579145.698,1956,-23,None,Move,gaming
1573579145.712,1964,-24,None,Move,gaming
1573579145.716,1935,-10,None,Move,gaming
1573579145.728,1929,-5,None,Move,gaming
1573579145.7410002,1930,-9,None,Move,gaming
1573579145.811,1919,0,None,Move,gaming
1573579145.822,1914,0,None,Move,gaming
1573579145.833,1904,3,None,Move,gaming
1573579145.844,1882,12,None,Move,gaming
1573579145.856,1868,18,None,Move,gaming
1573579145.8679998,1841,26,None,Move,gaming
1573579145.879,1825,34,None,Move,gaming
1573579145.89,1821,41,None,Move,gaming
1573579145.9020002,1805,51,None,Move,gaming
1573579145.913,1796,58,None,Move,gaming
1573579145.925,1786,65,None,Move,gaming
1573579145.936,1773,74,None,Move,gaming
1573579145.958,1752,89,Left,Pressed,gaming
1573579145.959,1752,89,None,Drag,gaming
1573579145.971,1728,107,None,Drag,gaming
1573579145.9829998,1721,110,None,Drag,gaming
1573579145.995,1716,113,None,Drag,gaming
1573579146.006,1707,118,None,Drag,gaming
1573579146.0170002,1705,118,None,Drag,gaming
1573579146.03,1702,119,None,Drag,gaming
1573579146.042,1701,119,None,Drag,gaming
1573579146.054,1699,119,None,Drag,gaming
1573579146.054,1699,119,Left,Released,gaming
1573579146.091,1699,120,None,Move,gaming
1573579146.139,1699,120,Left,Pressed,gaming
1573579146.139,1699,120,None,Drag,gaming
1573579146.153,1716,120,None,Drag,gaming
1573579146.166,1775,93,None,Drag,gaming
1573579146.181,1872,51,None,Drag,gaming
1573579146.1929998,1935,24,None,Drag,gaming
1573579146.204,1980,-1,None,Drag,gaming
1573579146.217,1977,-27,None,Drag,gaming
1573579146.217,1977,-27,Left,Released,gaming
1573579146.24,2043,-55,None,Move,gaming
1573579146.2529998,2079,-88,None,Move,gaming
1573579146.265,1969,-26,None,Move,gaming
1573579146.276,2002,-46,None,Move,gaming
1573579146.2870002,1953,-20,None,Move,gaming
1573579146.298,1951,-18,None,Move,gaming
1573579146.309,1951,-19,None,Move,gaming
1573579146.325,1937,-14,None,Move,gaming
1573579146.3379998,1923,-3,None,Move,gaming
1573579146.35,1925,-5,None,Move,gaming
1573579146.363,1919,-1,None,Move,gaming
1573579146.375,1920,-1,None,Move,gaming
1573579146.875,1919,0,None,Move,gaming
1573579146.889,1919,0,None,Move,gaming
1573579146.9020002,1909,0,None,Move,gaming
1573579146.915,1892,0,None,Move,gaming
1573579146.927,1875,6,None,Move,gaming
1573579146.94,1830,33,None,Move,gaming
1573579146.952,1800,54,None,Move,gaming
1573579146.966,1757,81,None,Move,gaming
1573579146.98,1683,136,None,Move,gaming
1573579147.004,1656,155,Left,Pressed,gaming
1573579147.004,1656,155,None,Drag,gaming
1573579147.016,1589,202,None,Drag,gaming
1573579147.031,1563,220,None,Drag,gaming
1573579147.045,1542,232,None,Drag,gaming
1573579147.0570002,1531,238,None,Drag,gaming
1573579147.07,1520,243,None,Drag,gaming
1573579147.084,1509,248,None,Drag,gaming
1573579147.097,1474,255,None,Drag,gaming
1573579147.097,1474,255,Left,Released,gaming
1573579147.125,1453,261,None,Move,gaming
1573579147.137,1435,273,None,Move,gaming
1573579147.15,1430,279,None,Move,gaming
1573579147.163,1428,283,None,Move,gaming
1573579147.175,1427,290,None,Move,gaming
1573579147.198,1427,297,Left,Pressed,gaming
1573579147.198,1427,297,None,Drag,gaming
1573579147.2129998,1424,311,None,Drag,gaming
1573579147.224,1420,322,None,Drag,gaming
1573579147.2370002,1416,333,None,Drag,gaming
1573579147.248,1408,342,None,Drag,gaming
1573579147.2610002,1391,357,None,Drag,gaming
1573579147.2610002,1391,357,Left,Released,gaming
1573579147.403,1377,351,None,Move,gaming
1573579147.415,1365,345,None,Move,gaming
1573579147.428,1361,339,None,Move,gaming
1573579147.44,1366,330,None,Move,gaming
1573579147.451,1408,288,None,Move,gaming
1573579147.465,1441,260,None,Move,gaming
1573579147.478,1526,195,None,Move,gaming
1573579147.4910002,1646,112,None,Move,gaming
1573579147.504,1713,66,None,Move,gaming
1573579147.515,1864,-34,None,Move,gaming
1573579147.5270002,1939,-48,None,Move,gaming
1573579147.541,2057,-97,None,Move,gaming
1573579147.553,1981,-38,None,Move,gaming
1573579147.566,2042,-68,None,Move,gaming
1573579147.581,2034,-65,None,Move,gaming
1573579147.594,1962,-27,None,Move,gaming
1573579147.606,1984,-43,None,Move,gaming
1573579147.621,1951,-24,None,Move,gaming
1573579147.633,1924,-5,None,Move,gaming
1573579147.647,1926,-5,None,Move,gaming
1573579147.658,1919,-1,None,Move,gaming
1573579147.754,1920,0,Left,Pressed,gaming
1573579147.754,1920,0,None,Drag,gaming
1573579147.771,1914,8,None,Drag,gaming
1573579147.784,1913,11,None,Drag,gaming
1573579147.7970002,1900,21,None,Drag,gaming
1573579147.809,1894,25,None,Drag,gaming
1573579147.821,1871,36,None,Drag,gaming
1573579147.833,1854,43,None,Drag,gaming
1573579147.846,1828,54,None,Drag,gaming
1573579147.846,1828,54,Left,Released,gaming
1573579147.871,1794,68,None,Move,gaming
1573579147.883,1661,108,None,Move,gaming
1573579147.896,1638,119,None,Move,gaming
1573579147.909,1593,142,None,Move,gaming
1573579147.921,1578,155,None,Move,gaming
1573579147.936,1561,170,None,Move,gaming
1573579147.948,1546,185,None,Move,gaming
1573579147.959,1516,219,None,Move,gaming
1573579147.9829998,1503,234,Left,Pressed,gaming
1573579147.9829998,1503,234,None,Drag,gaming
1573579147.9970002,1494,241,None,Drag,gaming
1573579148.0089998,1494,242,None,Drag,gaming
1573579148.022,1491,243,None,Drag,gaming
1573579148.0370002,1490,245,None,Drag,gaming
1573579148.05,1487,246,None,Drag,gaming
1573579148.064,1470,255,None,Drag,gaming
1573579148.064,1470,255,Left,Released,gaming
1573579148.093,1456,261,None,Move,gaming
1573579148.106,1450,263,None,Move,gaming
1573579148.339,1450,263,None,Move,gaming
1573579148.35,1472,247,None,Move,gaming
1573579148.361,1499,232,None,Move,gaming
1573579148.373,1579,184,None,Move,gaming
1573579148.3879998,1684,114,None,Move,gaming
1573579148.4,1749,73,None,Move,gaming
1573579148.411,1889,-19,None,Move,gaming
1573579148.421,1967,-51,None,Move,gaming
1573579148.4320002,1989,-48,None,Move,gaming
1573579148.4429998,2076,-101,None,Move,gaming
1573579148.4529998,1993,-39,None,Move,gaming
1573579148.465,1994,-44,None,Move,gaming
1573579148.476,2050,-75,None,Move,gaming
1573579148.4870002,1978,-30,None,Move,gaming
1573579148.498,1969,-26,None,Move,gaming
1573579148.5089998,1994,-47,None,Move,gaming
1573579148.522,1942,-19,None,Move,gaming
1573579148.535,1951,-25,None,Move,gaming
1573579148.548,1935,-16,None,Move,gaming
1573579148.559,1923,-4,None,Move,gaming
1573579148.57,1920,-3,None,Move,gaming
1573579148.581,1921,-5,None,Move,gaming
1573579148.591,1919,-1,None,Move,gaming
1573579148.603,1919,-1,None,Move,gaming
1573579148.6139998,1919,-1,None,Move,gaming
1573579148.629,1915,0,None,Move,gaming
1573579148.643,1897,0,None,Move,gaming
1573579148.656,1887,0,None,Move,gaming
1573579148.669,1848,3,None,Move,gaming
1573579148.681,1825,6,None,Move,gaming
1573579148.6920002,1739,26,None,Move,gaming
1573579148.7029998,1696,39,None,Move,gaming
1573579148.714,1651,59,None,Move,gaming
1573579148.726,1569,101,None,Move,gaming
1573579148.736,1535,119,None,Move,gaming
1573579148.748,1516,132,None,Move,gaming
1573579148.769,1501,140,Left,Pressed,gaming
1573579148.769,1501,140,None,Drag,gaming
1573579148.782,1477,154,None,Drag,gaming
1573579148.793,1474,155,None,Drag,gaming
1573579148.804,1469,158,None,Drag,gaming
1573579148.816,1466,160,None,Drag,gaming
1573579148.8279998,1462,162,None,Drag,gaming
1573579148.839,1458,164,None,Drag,gaming
1573579148.851,1453,166,None,Drag,gaming
1573579148.8620002,1449,167,None,Drag,gaming
1573579148.873,1441,167,None,Drag,gaming
1573579148.873,1441,167,Left,Released,gaming
1573579148.897,1438,167,None,Move,gaming
1573579148.909,1433,172,None,Move,gaming
1573579148.92,1427,179,None,Move,gaming
1573579148.944,1424,188,Left,Pressed,gaming
1573579148.944,1424,188,None,Drag,gaming
1573579148.956,1424,189,None,Drag,gaming
1573579149.035,1424,189,None,Drag,gaming
1573579149.035,1424,189,Left,Released,gaming
1573579149.06,1433,187,None,Move,gaming
1573579149.072,1449,170,None,Move,gaming
1573579149.084,1466,154,None,Move,gaming
1573579149.0979998,1477,147,None,Move,gaming
1573579149.11,1491,137,None,Move,gaming
1573579149.121,1496,135,None,Move,gaming
1573579149.135,1499,134,None,Move,gaming
1573579149.355,1511,124,None,Move,gaming
1573579149.367,1526,111,None,Move,gaming
1573579149.379,1593,55,None,Move,gaming
1573579149.3920002,1640,14,None,Move,gaming
1573579149.403,1738,-57,None,Move,gaming
1573579149.415,1795,-38,None,Move,gaming
1573579149.426,1852,-43,None,Move,gaming
1573579149.438,1979,-81,None,Move,gaming
1573579149.45,1980,-36,None,Move,gaming
1573579149.462,2034,-63,None,Move,gaming
1573579149.474,1965,-30,None,Move,gaming
1573579149.486,1991,-42,None,Move,gaming
1573579149.4970002,1933,-10,None,Move,gaming
1573579149.5089998,1937,-15,None,Move,gaming
1573579149.52,1920,-2,None,Move,gaming
1573579149.531,1919,-1,None,Move,gaming
1573579149.571,1919,0,None,Move,gaming
1573579149.582,1906,2,None,Move,gaming
1573579149.594,1889,7,None,Move,gaming
1573579149.604,1843,19,None,Move,gaming
1573579149.6139998,1800,28,None,Move,gaming
1573579149.627,1703,57,None,Move,gaming
1573579149.639,1651,77,None,Move,gaming
1573579149.651,1526,136,None,Move,gaming
1573579149.678,1473,165,Left,Pressed,gaming
1573579149.678,1473,165,None,Drag,gaming
1573579149.689,1409,202,None,Drag,gaming
1573579149.702,1393,216,None,Drag,gaming
1573579149.7129998,1389,220,None,Drag,gaming
1573579149.724,1387,223,None,Drag,gaming
1573579149.754,1387,224,None,Drag,gaming
1573579149.766,1385,227,None,Drag,gaming
1573579149.7770002,1384,229,None,Drag,gaming
1573579149.788,1378,233,None,Drag,gaming
1573579149.788,1378,233,Left,Released,gaming
1573579149.811,1370,236,None,Move,gaming
1573579149.823,1346,243,None,Move,gaming
1573579149.835,1340,248,None,Move,gaming
1573579150.034,1340,248,None,Move,gaming
1573579150.046,1347,242,None,Move,gaming
1573579150.0579998,1353,237,None,Move,gaming
1573579150.069,1374,226,None,Move,gaming
1573579150.081,1390,220,None,Move,gaming
1573579150.094,1445,191,None,Move,gaming
1573579150.104,1489,176,None,Move,gaming
1573579150.117,1594,130,None,Move,gaming
1573579150.13,1663,100,None,Move,gaming
1573579150.1420002,1810,39,None,Move,gaming
1573579150.154,1888,1,None,Move,gaming
1573579150.167,2042,-76,None,Move,gaming
1573579150.18,2070,-72,None,Move,gaming
1573579150.186,1991,-37,None,Move,gaming
1573579150.199,1982,-28,None,Move,gaming
1573579150.21,1975,-29,None,Move,gaming
1573579150.221,1993,-38,None,Move,gaming
1573579150.2329998,1933,-11,None,Move,gaming
1573579150.244,1931,-10,None,Move,gaming
1573579150.282,1917,-1,None,Move,gaming
1573579150.295,1904,0,None,Move,gaming
1573579150.309,1877,0,None,Move,gaming
1573579150.321,1859,0,None,Move,gaming
1573579150.335,1812,13,None,Move,gaming
1573579150.3479998,1755,30,None,Move,gaming
1573579150.359,1731,37,None,Move,gaming
1573579150.3720002,1666,54,None,Move,gaming
1573579150.3839998,1646,61,None,Move,gaming
1573579150.395,1601,78,None,Move,gaming
1573579150.408,1583,88,None,Move,gaming
1573579150.42,1570,95,None,Move,gaming
1573579150.4329998,1559,101,None,Move,gaming
1573579150.458,1543,111,Left,Pressed,gaming
1573579150.458,1543,111,None,Drag,gaming
1573579150.472,1534,117,None,Drag,gaming
1573579150.485,1531,119,None,Drag,gaming
1573579150.4970002,1530,119,None,Drag,gaming
1573579150.4970002,1530,119,Left,Released,gaming
1573579150.543,1530,119,None,Move,gaming
1573579150.6020002,1529,119,None,Move,gaming
1573579150.6139998,1529,119,None,Move,gaming
1573579150.625,1530,118,None,Move,gaming
1573579150.6360002,1532,117,None,Move,gaming
1573579150.66,1533,115,Left,Pressed,gaming
1573579150.66,1533,115,None,Drag,gaming
1573579150.6720002,1560,97,None,Drag,gaming
1573579150.685,1616,65,None,Drag,gaming
1573579150.702,1709,16,None,Drag,gaming
1573579150.715,1817,-38,None,Drag,gaming
1573579150.715,1817,-38,Left,Released,gaming
1573579150.74,1878,-29,None,Move,gaming
1573579150.7529998,2021,-67,None,Move,gaming
1573579150.765,2071,-75,None,Move,gaming
1573579150.78,2057,-69,None,Move,gaming
1573579150.792,1985,-32,None,Move,gaming
1573579150.804,2030,-56,None,Move,gaming
1573579150.816,1957,-20,None,Move,gaming
1573579150.831,1969,-27,None,Move,gaming
1573579150.843,1935,-11,None,Move,gaming
1573579150.855,1923,-3,None,Move,gaming
1573579150.867,1922,-1,None,Move,gaming
1573579150.947,1918,0,None,Move,gaming
1573579150.96,1913,1,None,Move,gaming
1573579150.9729998,1904,10,None,Move,gaming
1573579150.985,1892,22,None,Move,gaming
1573579150.998,1838,75,None,Move,gaming
1573579151.024,1797,111,Left,Pressed,gaming
1573579151.024,1797,111,None,Drag,gaming
1573579151.0370002,1733,151,None,Drag,gaming
1573579151.051,1691,172,None,Drag,gaming
1573579151.064,1666,181,None,Drag,gaming
1573579151.077,1620,193,None,Drag,gaming
1573579151.092,1593,201,None,Drag,gaming
1573579151.104,1567,204,None,Drag,gaming
1573579151.104,1567,204,Left,Released,gaming
1573579151.1320002,1513,212,None,Move,gaming
1573579151.146,1454,220,None,Move,gaming
1573579151.159,1431,223,None,Move,gaming
1573579151.173,1421,225,None,Move,gaming
1573579151.187,1413,231,None,Move,gaming
1573579151.194,1410,233,None,Move,gaming
1573579151.207,1408,235,None,Move,gaming
1573579151.2429998,1407,240,None,Drag,gaming
1573579151.323,1407,240,Right,Released,gaming
1573579151.387,1407,240,Right,Pressed,gaming
1573579151.399,1407,240,None,Drag,gaming
1573579151.411,1415,239,Left,Pressed,gaming
1573579151.411,1415,239,None,Drag,gaming
1573579151.423,1425,236,None,Drag,gaming
1573579151.435,1453,224,None,Drag,gaming
1573579151.447,1485,208,None,Drag,gaming
1573579151.459,1590,161,None,Drag,gaming
1573579151.472,1651,134,None,Drag,gaming
1573579151.4829998,1826,49,None,Drag,gaming
1573579151.495,1916,6,None,Drag,gaming
1573579151.5070002,2012,-40,None,Drag,gaming
1573579151.519,2018,-46,None,Drag,gaming
1573579151.531,1919,0,Right,Released,gaming
1573579151.531,1919,0,Left,Released,gaming
1573579151.556,2123,-101,None,Move,gaming
1573579151.5670002,1967,-24,None,Move,gaming
1573579151.58,1981,-28,None,Move,gaming
1573579151.593,1928,-4,None,Move,gaming
1573579151.604,1924,-2,None,Move,gaming
1573579151.71,1917,3,Left,Pressed,gaming
1573579151.71,1917,3,None,Drag,gaming
1573579151.722,1914,5,None,Drag,gaming
1573579151.7329998,1900,14,None,Drag,gaming
1573579151.745,1890,19,None,Drag,gaming
1573579151.755,1856,33,None,Drag,gaming
1573579151.768,1830,43,None,Drag,gaming
1573579151.781,1798,53,None,Drag,gaming
1573579151.793,1759,70,None,Drag,gaming
1573579151.802,1798,53,Right,Released,gaming
1573579151.802,1798,53,Left,Released,gaming
1573579151.825,1607,125,None,Move,gaming
1573579151.8379998,1559,154,None,Move,gaming
1573579151.849,1540,167,None,Move,gaming
1573579151.86,1515,189,None,Move,gaming
1573579151.895,1488,215,Left,Pressed,gaming
1573579151.895,1488,215,None,Drag,gaming
1573579151.905,1481,222,None,Drag,gaming
1573579151.917,1470,233,None,Drag,gaming
1573579151.929,1464,239,None,Drag,gaming
1573579151.941,1448,253,None,Drag,gaming
1573579151.9529998,1440,258,None,Drag,gaming
1573579151.964,1424,270,None,Drag,gaming
1573579151.976,1417,275,None,Drag,gaming
1573579151.988,1402,288,None,Drag,gaming
1573579151.998,1392,293,None,Drag,gaming
1573579152.0110002,1374,304,None,Drag,gaming
1573579152.024,1366,307,None,Drag,gaming
1573579152.034,1360,310,None,Drag,gaming
1573579152.046,1352,312,None,Drag,gaming
1573579152.0579998,1351,312,None,Drag,gaming
1573579152.07,1350,312,None,Drag,gaming
1573579152.09,1348,313,None,Drag,gaming
1573579152.101,1348,313,None,Drag,gaming
1573579152.113,1347,315,None,Drag,gaming
1573579152.1239998,1344,319,None,Drag,gaming
1573579152.135,1343,320,None,Drag,gaming
1573579152.147,1339,323,None,Drag,gaming
1573579152.159,1338,323,None,Drag,gaming
1573579152.171,1334,325,None,Drag,gaming
1573579152.1820002,1331,325,None,Drag,gaming
1573579152.1929998,1330,325,None,Drag,gaming
1573579152.205,1324,325,None,Drag,gaming
1573579152.216,1321,325,None,Drag,gaming
1573579152.228,1315,325,None,Drag,gaming
1573579152.2410002,1307,323,None,Drag,gaming
1573579152.2510002,1296,317,None,Drag,gaming
1573579152.2610002,1287,314,None,Drag,gaming
1573579152.2729998,1279,312,None,Drag,gaming
1573579152.284,1265,307,None,Drag,gaming
1573579152.296,1259,305,None,Drag,gaming
1573579152.3079998,1251,303,None,Drag,gaming
1573579152.319,1251,303,None,Drag,gaming
1573579152.333,1249,303,None,Drag,gaming
1573579152.395,1249,302,None,Drag,gaming
1573579152.408,1249,301,None,Drag,gaming
1573579152.419,1244,296,None,Drag,gaming
1573579152.4329998,1240,294,None,Drag,gaming
1573579152.447,1232,287,None,Drag,gaming
1573579152.461,1228,280,None,Drag,gaming
1573579152.474,1226,278,None,Drag,gaming
1573579152.4870002,1223,272,None,Drag,gaming
1573579152.5,1221,265,None,Drag,gaming
1573579152.512,1220,263,None,Drag,gaming
1573579152.524,1219,259,None,Drag,gaming
1573579152.536,1219,256,None,Drag,gaming
1573579152.548,1219,255,None,Drag,gaming
1573579152.561,1219,254,None,Drag,gaming
1573579152.574,1219,253,None,Drag,gaming
1573579152.585,1219,252,None,Drag,gaming
1573579152.597,1219,250,None,Drag,gaming
1573579152.609,1219,249,None,Drag,gaming
1573579152.621,1219,246,None,Drag,gaming
1573579152.6320002,1219,245,None,Drag,gaming
1573579152.644,1219,241,None,Drag,gaming
1573579152.657,1219,240,None,Drag,gaming
1573579152.671,1219,237,None,Drag,gaming
1573579152.681,1219,236,None,Drag,gaming
1573579152.694,1219,234,None,Drag,gaming
1573579152.705,1220,232,None,Drag,gaming
1573579152.717,1220,231,None,Drag,gaming
1573579152.73,1220,230,None,Drag,gaming
1573579152.794,1220,230,None,Drag,gaming
1573579152.8070002,1220,229,None,Drag,gaming
1573579152.819,1220,228,None,Drag,gaming
1573579152.834,1220,227,None,Drag,gaming
1573579152.8660002,1220,226,None,Drag,gaming
1573579152.8820002,1220,225,None,Drag,gaming
1573579152.914,1221,224,None,Drag,gaming
1573579152.962,1221,224,None,Drag,gaming
1573579152.975,1221,222,None,Drag,gaming
1573579152.986,1221,221,None,Drag,gaming
1573579152.9970002,1221,217,None,Drag,gaming
1573579153.0089998,1220,214,None,Drag,gaming
1573579153.021,1219,211,None,Drag,gaming
1573579153.033,1218,211,None,Drag,gaming
1573579153.043,1218,208,None,Drag,gaming
1573579153.056,1216,206,None,Drag,gaming
1573579153.066,1215,204,None,Drag,gaming
1573579153.082,1214,204,None,Drag,gaming
1573579153.1139998,1214,202,None,Drag,gaming
1573579153.154,1214,202,None,Drag,gaming
1573579153.187,1214,201,None,Drag,gaming
1573579153.198,1212,200,None,Drag,gaming
1573579153.21,1211,199,None,Drag,gaming
1573579153.226,1211,199,None,Drag,gaming
1573579153.346,1210,198,None,Drag,gaming
1573579153.387,1210,198,None,Drag,gaming
1573579153.419,1210,197,None,Drag,gaming
1573579153.431,1210,197,None,Drag,gaming
1573579153.5779998,1210,197,None,Drag,gaming
1573579153.594,1210,197,None,Drag,gaming
1573579153.6079998,1212,199,None,Drag,gaming
1573579153.6179998,1215,202,None,Drag,gaming
1573579153.63,1225,209,None,Drag,gaming
1573579153.641,1235,215,None,Drag,gaming
1573579153.653,1261,230,None,Drag,gaming
1573579153.663,1284,241,None,Drag,gaming
1573579153.675,1321,256,None,Drag,gaming
1573579153.686,1339,263,None,Drag,gaming
1573579153.698,1350,267,None,Drag,gaming
1573579153.708,1365,272,None,Drag,gaming
1573579153.721,1368,274,None,Drag,gaming
1573579153.732,1376,278,None,Drag,gaming
1573579153.744,1381,279,None,Drag,gaming
1573579153.755,1386,282,None,Drag,gaming
1573579153.7670002,1388,282,None,Drag,gaming
1573579153.781,1390,282,None,Drag,gaming
1573579153.85,1391,282,None,Drag,gaming
1573579153.863,1394,282,None,Drag,gaming
1573579153.877,1398,282,None,Drag,gaming
1573579153.8879998,1399,282,None,Drag,gaming
1573579153.946,1399,276,None,Drag,gaming
1573579153.957,1399,256,None,Drag,gaming
1573579153.969,1405,229,None,Drag,gaming
1573579153.98,1416,217,None,Drag,gaming
1573579153.992,1405,229,Right,Released,gaming
1573579153.992,1405,229,Left,Released,gaming
1573579154.0129998,1433,188,None,Move,gaming
1573579154.026,1433,186,None,Move,gaming
1573579154.039,1432,185,None,Move,gaming
1573579154.049,1430,183,None,Move,gaming
1573579154.056,1428,180,None,Move,gaming
1573579154.0670002,1425,179,None,Move,gaming
1573579154.079,1423,178,None,Move,gaming
1573579154.09,1421,178,None,Move,gaming
1573579154.103,1416,178,None,Move,gaming
1573579154.117,1412,181,None,Move,gaming
1573579154.13,1409,183,None,Move,gaming
1573579154.147,1408,186,None,Move,gaming
1573579154.186,1408,186,None,Move,gaming
1573579154.22,1421,259,Left,Pressed,gaming
1573579154.22,1421,259,None,Drag,gaming
1573579154.232,1423,270,None,Drag,gaming
1573579154.2429998,1425,277,None,Drag,gaming
1573579154.255,1426,280,None,Drag,gaming
1573579154.323,1426,280,Right,Released,gaming
1573579154.323,1426,280,Left,Released,gaming
1573579154.345,1426,281,None,Move,gaming
1573579154.355,1426,292,None,Move,gaming
1573579154.367,1426,305,None,Move,gaming
1573579154.394,1419,349,Left,Pressed,gaming
1573579154.394,1419,349,None,Drag,gaming
1573579154.406,1403,403,None,Drag,gaming
1573579154.416,1400,413,None,Drag,gaming
1573579154.426,1394,424,None,Drag,gaming
1573579154.438,1391,432,None,Drag,gaming
1573579154.449,1390,433,None,Drag,gaming
1573579154.462,1385,437,None,Drag,gaming
1573579154.4770002,1372,441,None,Drag,gaming
1573579154.488,1362,441,None,Drag,gaming
1573579154.5010002,1335,441,None,Drag,gaming
1573579154.512,1318,440,None,Drag,gaming
1573579154.525,1305,435,None,Drag,gaming
1573579154.535,1293,433,None,Drag,gaming
1573579154.542,1275,428,None,Drag,gaming
1573579154.552,1305,435,Right,Released,gaming
1573579154.552,1305,435,Left,Released,gaming
1573579154.574,1262,420,None,Move,gaming
1573579154.611,1261,420,None,Move,gaming
1573579154.643,1261,419,None,Move,gaming
1573579154.678,1266,419,Left,Pressed,gaming
1573579154.678,1266,419,None,Drag,gaming
1573579154.687,1270,419,None,Drag,gaming
1573579154.701,1275,419,None,Drag,gaming
1573579154.714,1275,419,None,Drag,gaming
1573579154.726,1281,419,None,Drag,gaming
1573579154.7389998,1290,403,None,Drag,gaming
1573579154.755,1295,392,None,Drag,gaming
1573579154.766,1305,372,None,Drag,gaming
1573579154.776,1309,360,None,Drag,gaming
1573579154.79,1319,349,None,Drag,gaming
1573579154.805,1324,339,None,Drag,gaming
1573579154.819,1344,318,None,Drag,gaming
1573579154.83,1324,339,Right,Released,gaming
1573579154.83,1324,339,Left,Released,gaming
1573579154.856,1348,316,None,Move,gaming
1573579154.867,1353,323,None,Move,gaming
1573579154.881,1361,349,None,Move,gaming
1573579154.918,1367,371,Left,Pressed,gaming
1573579154.918,1367,371,None,Drag,gaming
1573579154.93,1367,375,None,Drag,gaming
1573579154.944,1366,381,None,Drag,gaming
1573579154.957,1365,383,None,Drag,gaming
1573579155.0270002,1365,385,None,Drag,gaming
1573579155.039,1364,389,None,Drag,gaming
1573579155.051,1362,400,None,Drag,gaming
1573579155.063,1362,403,None,Drag,gaming
1573579155.074,1361,404,None,Drag,gaming
1573579155.115,1360,408,None,Drag,gaming
1573579155.1279998,1349,414,None,Drag,gaming
1573579155.141,1331,420,None,Drag,gaming
1573579155.153,1321,425,None,Drag,gaming
1573579155.164,1307,429,None,Drag,gaming
1573579155.174,1303,429,None,Drag,gaming
1573579155.185,1299,429,None,Drag,gaming
1573579155.197,1297,429,None,Drag,gaming
1573579155.208,1296,429,None,Drag,gaming
1573579155.222,1297,429,Right,Released,gaming
1573579155.222,1297,429,Left,Released,gaming
1573579155.2470002,1295,430,None,Move,gaming
1573579155.282,1295,432,Left,Pressed,gaming
1573579155.282,1295,432,None,Drag,gaming
1573579155.371,1293,432,None,Drag,gaming
1573579155.3839998,1292,427,None,Drag,gaming
1573579155.395,1291,424,None,Drag,gaming
1573579155.406,1291,423,None,Drag,gaming
1573579155.418,1291,423,Right,Released,gaming
1573579155.418,1291,423,Left,Released,gaming
1573579155.5470002,1291,422,Left,Pressed,gaming
1573579155.5470002,1291,422,None,Drag,gaming
1573579155.56,1293,422,None,Drag,gaming
1573579155.573,1296,420,None,Drag,gaming
1573579155.583,1293,422,Right,Released,gaming
1573579155.583,1293,422,Left,Released,gaming
1573579155.607,1300,415,None,Move,gaming
1573579155.671,1304,417,Left,Pressed,gaming
1573579155.671,1304,417,None,Drag,gaming
1573579155.681,1305,417,None,Drag,gaming
1573579155.6920002,1305,418,None,Drag,gaming
1573579155.731,1306,418,None,Drag,gaming
1573579155.7470002,1307,418,None,Drag,gaming
1573579155.7610002,1308,418,None,Drag,gaming
1573579155.7729998,1307,418,Right,Released,gaming
1573579155.7729998,1307,418,Left,Released,gaming
1573579155.867,1311,418,Left,Pressed,gaming
1573579155.867,1311,418,None,Drag,gaming
1573579155.931,1311,418,Right,Released,gaming
1573579155.931,1311,418,Left,Released,gaming
1573579155.9629998,1311,416,None,Move,gaming
1573579156.043,1310,416,Left,Pressed,gaming
1573579156.043,1310,416,None,Drag,gaming
1573579156.055,1309,417,None,Drag,gaming
1573579156.083,1307,419,None,Drag,gaming
1573579156.093,1302,426,None,Drag,gaming
1573579156.106,1299,427,None,Drag,gaming
1573579156.1179998,1294,430,None,Drag,gaming
1573579156.13,1290,431,None,Drag,gaming
1573579156.14,1294,430,Right,Released,gaming
1573579156.14,1294,430,Left,Released,gaming
1573579156.1620002,1263,437,None,Move,gaming
1573579156.174,1262,437,None,Move,gaming
1573579156.185,1261,437,None,Move,gaming
1573579156.196,1261,438,None,Move,gaming
1573579156.206,1261,439,None,Move,gaming
1573579156.218,1260,445,None,Move,gaming
1573579156.2489998,1260,450,Left,Pressed,gaming
1573579156.2489998,1260,450,None,Drag,gaming
1573579156.3070002,1260,450,Right,Released,gaming
1573579156.3070002,1260,450,Left,Released,gaming
1573579156.33,1253,451,None,Move,gaming
1573579156.341,1242,449,None,Move,gaming
1573579156.353,1241,449,None,Move,gaming
1573579156.393,1236,454,Left,Pressed,gaming
1573579156.393,1236,454,None,Drag,gaming
1573579156.407,1234,474,None,Drag,gaming
1573579156.416,1234,478,None,Drag,gaming
1573579156.429,1234,479,None,Drag,gaming
1573579156.459,1233,479,None,Drag,gaming
1573579156.475,1232,479,None,Drag,gaming
1573579156.4870002,1232,479,None,Drag,gaming
1573579156.4970002,1230,479,None,Drag,gaming
1573579156.5089998,1228,473,None,Drag,gaming
1573579156.52,1228,468,None,Drag,gaming
1573579156.532,1227,462,None,Drag,gaming
1573579156.543,1227,456,None,Drag,gaming
1573579156.553,1227,462,Right,Released,gaming
1573579156.553,1227,462,Left,Released,gaming
1573579156.576,1227,438,None,Move,gaming
1573579156.5879998,1227,435,None,Move,gaming
1573579156.647,1231,436,Left,Pressed,gaming
1573579156.647,1231,436,None,Drag,gaming
1573579156.659,1232,436,None,Drag,gaming
1573579156.669,1233,436,None,Drag,gaming
1573579156.715,1235,431,None,Drag,gaming
1573579156.726,1235,431,Right,Released,gaming
1573579156.726,1235,431,Left,Released,gaming
1573579156.746,1241,410,None,Move,gaming
1573579156.7570002,1242,405,None,Move,gaming
1573579156.7670002,1243,404,None,Move,gaming
1573579156.805,1244,404,Left,Pressed,gaming
1573579156.805,1244,404,None,Drag,gaming
1573579156.8170002,1246,404,None,Drag,gaming
1573579156.8279998,1249,404,None,Drag,gaming
1573579156.846,1251,404,None,Drag,gaming
1573579156.859,1252,404,None,Drag,gaming
1573579156.871,1253,404,None,Drag,gaming
1573579156.8820002,1254,404,None,Drag,gaming
1573579156.893,1254,404,None,Drag,gaming
1573579156.904,1254,404,Right,Released,gaming
1573579156.904,1254,404,Left,Released,gaming
1573579156.925,1257,399,None,Move,gaming
1573579156.935,1257,398,None,Move,gaming
1573579156.984,1269,398,Left,Pressed,gaming
1573579156.984,1269,398,None,Drag,gaming
1573579156.995,1281,401,None,Drag,gaming
1573579157.0070002,1285,403,None,Drag,gaming
1573579157.018,1290,405,None,Drag,gaming
1573579157.075,1290,405,Right,Released,gaming
1573579157.075,1290,405,Left,Released,gaming
1573579157.097,1288,401,None,Move,gaming
1573579157.109,1285,398,None,Move,gaming
1573579157.12,1284,397,None,Move,gaming
1573579157.1320002,1284,396,None,Move,gaming
1573579157.222,1281,395,Left,Pressed,gaming
1573579157.222,1281,395,None,Drag,gaming
1573579157.232,1277,390,None,Drag,gaming
1573579157.244,1276,385,None,Drag,gaming
1573579157.2529998,1273,379,None,Drag,gaming
1573579157.265,1272,374,None,Drag,gaming
1573579157.275,1273,379,Right,Released,gaming
1573579157.275,1273,379,Left,Released,gaming
1573579157.347,1281,383,Left,Pressed,gaming
1573579157.347,1281,383,None,Drag,gaming
1573579157.3579998,1290,397,None,Drag,gaming
1573579157.369,1293,401,None,Drag,gaming
1573579157.381,1298,406,None,Drag,gaming
1573579157.393,1299,407,None,Drag,gaming
1573579157.419,1298,407,None,Drag,gaming
1573579157.431,1282,409,None,Drag,gaming
1573579157.441,1267,409,None,Drag,gaming
1573579157.454,1187,409,None,Drag,gaming
1573579157.464,1137,404,None,Drag,gaming
1573579157.4770002,1087,399,None,Drag,gaming
1573579157.488,1137,404,Right,Released,gaming
1573579157.488,1137,404,Left,Released,gaming
1573579157.512,943,354,None,Move,gaming
1573579157.5229998,935,352,None,Move,gaming
1573579157.5579998,937,372,Left,Pressed,gaming
1573579157.5579998,937,372,None,Drag,gaming
1573579157.569,943,386,None,Drag,gaming
1573579157.581,951,405,None,Drag,gaming
1573579157.592,954,414,None,Drag,gaming
1573579157.604,954,422,None,Drag,gaming
1573579157.6160002,954,424,None,Drag,gaming
1573579157.6260002,954,427,None,Drag,gaming
1573579157.6379998,953,435,None,Drag,gaming
1573579157.649,950,437,None,Drag,gaming
1573579157.661,944,442,None,Drag,gaming
1573579157.671,943,443,None,Drag,gaming
1573579157.684,943,443,Right,Released,gaming
1573579157.684,943,443,Left,Released,gaming
1573579157.726,941,446,None,Move,gaming
1573579157.738,940,452,None,Move,gaming
1573579157.7470002,940,460,None,Move,gaming
1573579157.778,936,502,Left,Pressed,gaming
1573579157.778,936,502,None,Drag,gaming
1573579157.789,936,519,None,Drag,gaming
1573579157.801,938,526,None,Drag,gaming
1573579157.812,943,538,None,Drag,gaming
1573579157.823,944,541,None,Drag,gaming
1573579157.834,944,544,None,Drag,gaming
1573579157.845,944,549,None,Drag,gaming
1573579157.855,944,550,None,Drag,gaming
1573579157.867,944,552,None,Drag,gaming
1573579157.881,943,552,None,Drag,gaming
1573579157.8920002,942,552,None,Drag,gaming
1573579157.903,943,552,Right,Released,gaming
1573579157.903,943,552,Left,Released,gaming
1573579157.929,940,550,None,Move,gaming
1573579157.998,941,555,Left,Pressed,gaming
1573579157.998,941,555,None,Drag,gaming
1573579158.0089998,943,558,None,Drag,gaming
1573579158.02,944,560,None,Drag,gaming
1573579158.034,944,560,None,Drag,gaming
1573579158.0670002,944,561,None,Drag,gaming
1573579158.0779998,942,561,None,Drag,gaming
1573579158.09,940,561,None,Drag,gaming
1573579158.103,933,558,None,Drag,gaming
1573579158.115,932,557,None,Drag,gaming
1573579158.127,928,554,None,Drag,gaming
1573579158.1379998,932,557,Right,Released,gaming
1573579158.1379998,932,557,Left,Released,gaming
1573579158.214,925,551,Left,Pressed,gaming
1573579158.214,925,551,None,Drag,gaming
1573579158.225,925,554,None,Drag,gaming
1573579158.236,925,564,None,Drag,gaming
1573579158.248,925,568,None,Drag,gaming
1573579158.2610002,925,575,None,Drag,gaming
1573579158.2729998,925,577,None,Drag,gaming
1573579158.285,925,579,None,Drag,gaming
1573579158.331,925,576,None,Drag,gaming
1573579158.341,925,576,Right,Released,gaming
1573579158.341,925,576,Left,Released,gaming
1573579158.363,923,554,None,Move,gaming
1573579158.3739998,921,552,None,Move,gaming
1573579158.387,921,551,None,Move,gaming
1573579158.543,907,549,Left,Pressed,gaming
1573579158.543,907,549,None,Drag,gaming
1573579158.554,895,545,None,Drag,gaming
1573579158.5670002,873,537,None,Drag,gaming
1573579158.5779998,862,534,None,Drag,gaming
1573579158.59,850,530,None,Drag,gaming
1573579158.603,840,527,None,Drag,gaming
1573579158.6139998,850,530,Right,Released,gaming
1573579158.6139998,850,530,Left,Released,gaming
1573579158.637,817,524,None,Move,gaming
1573579158.647,814,524,None,Move,gaming
1573579158.659,813,525,None,Move,gaming
1573579158.67,811,571,None,Move,gaming
1573579158.706,820,615,Left,Pressed,gaming
1573579158.706,820,615,None,Drag,gaming
1573579158.716,821,626,None,Drag,gaming
1573579158.7270002,821,630,None,Drag,gaming
1573579158.74,823,643,None,Drag,gaming
1573579158.75,824,647,None,Drag,gaming
1573579158.803,825,647,None,Drag,gaming
1573579158.814,825,647,Right,Released,gaming
1573579158.814,825,647,Left,Released,gaming
1573579158.839,830,629,None,Move,gaming
1573579158.853,830,626,None,Move,gaming
1573579158.909,833,637,Left,Pressed,gaming
1573579158.909,833,637,None,Drag,gaming
1573579158.921,835,642,None,Drag,gaming
1573579158.935,835,648,None,Drag,gaming
1573579158.947,836,648,None,Drag,gaming
1573579159.0110002,831,646,None,Drag,gaming
1573579159.0229998,818,630,None,Drag,gaming
1573579159.034,807,618,None,Drag,gaming
1573579159.045,793,606,None,Drag,gaming
1573579159.056,773,589,None,Drag,gaming
1573579159.0679998,729,548,None,Drag,gaming
1573579159.079,773,589,Right,Released,gaming
1573579159.079,773,589,Left,Released,gaming
1573579159.1020002,721,543,None,Move,gaming
1573579159.208,713,543,Left,Pressed,gaming
1573579159.208,713,543,None,Drag,gaming
1573579159.219,692,535,None,Drag,gaming
1573579159.231,681,527,None,Drag,gaming
1573579159.2429998,670,520,None,Drag,gaming
1573579159.255,659,514,None,Drag,gaming
1573579159.266,646,504,None,Drag,gaming
1573579159.2770002,659,514,Right,Released,gaming
1573579159.2770002,659,514,Left,Released,gaming
1573579159.302,622,485,None,Move,gaming
1573579159.391,620,483,Left,Pressed,gaming
1573579159.391,620,483,None,Drag,gaming
1573579159.404,603,475,None,Drag,gaming
1573579159.416,590,471,None,Drag,gaming
1573579159.427,562,460,None,Drag,gaming
1573579159.4429998,536,451,None,Drag,gaming
1573579159.456,536,451,Right,Released,gaming
1573579159.456,536,451,Left,Released,gaming
1573579159.48,504,443,None,Move,gaming
1573579159.4910002,495,440,None,Move,gaming
1573579159.504,495,440,None,Move,gaming
1573579159.515,490,441,None,Move,gaming
1573579159.55,482,447,Left,Pressed,gaming
1573579159.55,482,447,None,Drag,gaming
1573579159.562,482,447,None,Drag,gaming
1573579159.572,478,448,None,Drag,gaming
1573579159.585,472,447,None,Drag,gaming
1573579159.595,462,444,None,Drag,gaming
1573579159.605,472,447,Right,Released,gaming
1573579159.605,472,447,Left,Released,gaming
1573579159.6279998,451,438,None,Move,gaming
1573579159.639,449,438,None,Move,gaming
1573579159.65,437,446,None,Move,gaming
1573579159.6620002,401,505,None,Move,gaming
1573579159.696,338,619,Left,Pressed,gaming
1573579159.696,338,619,None,Drag,gaming
1573579159.71,334,626,None,Drag,gaming
1573579159.72,334,626,None,Drag,gaming
1573579159.734,330,626,None,Drag,gaming
1573579159.744,327,622,None,Drag,gaming
1573579159.7570002,316,611,None,Drag,gaming
1573579159.77,311,603,None,Drag,gaming
1573579159.782,296,584,None,Drag,gaming
1573579159.79,293,580,None,Drag,gaming
1573579159.802,285,576,None,Drag,gaming
1573579159.812,269,575,None,Drag,gaming
1573579159.824,260,575,None,Drag,gaming
1573579159.837,241,581,None,Drag,gaming
1573579159.847,225,592,None,Drag,gaming
1573579159.86,172,637,None,Drag,gaming
1573579159.87,142,669,None,Drag,gaming
1573579159.877,126,693,None,Drag,gaming
1573579159.889,111,713,None,Drag,gaming
1573579159.9,93,739,None,Drag,gaming
1573579159.911,92,741,None,Drag,gaming
1573579159.927,91,742,None,Drag,gaming
1573579159.954,91,742,None,Drag,gaming
1573579159.966,93,739,None,Drag,gaming
1573579159.98,93,739,Right,Released,gaming
1573579159.98,93,739,Left,Released,gaming
1573579160.0010002,94,737,None,Move,gaming
1573579160.012,95,737,None,Move,gaming
1573579160.043,95,736,None,Move,gaming
1573579160.077,100,737,Left,Pressed,gaming
1573579160.077,100,737,None,Drag,gaming
1573579160.09,100,737,None,Drag,gaming
1573579160.1020002,101,738,None,Drag,gaming
1573579160.113,102,738,None,Drag,gaming
1573579160.127,103,738,None,Drag,gaming
1573579160.139,103,739,None,Drag,gaming
1573579160.179,103,739,Right,Released,gaming
1573579160.179,103,739,Left,Released,gaming
1573579160.206,100,743,None,Move,gaming
1573579160.218,91,756,None,Move,gaming
1573579160.229,66,787,None,Move,gaming
1573579160.242,35,828,None,Move,gaming
1573579160.252,-136,1023,None,Move,gaming
1573579160.285,-243,1288,Left,Pressed,gaming
1573579160.286,-243,1288,None,Drag,gaming
1573579160.2970002,-100,1156,None,Drag,gaming
1573579160.311,-181,1210,None,Drag,gaming
1573579160.321,-85,1147,None,Drag,gaming
1573579160.333,-130,1182,None,Drag,gaming
1573579160.343,-49,1114,None,Drag,gaming
1573579160.356,-36,1102,None,Drag,gaming
1573579160.369,-2,1082,None,Drag,gaming
1573579160.411,6,1073,None,Drag,gaming
1573579160.423,19,1048,None,Drag,gaming
1573579160.437,40,1002,None,Drag,gaming
1573579160.449,60,969,None,Drag,gaming
1573579160.462,85,929,None,Drag,gaming
1573579160.474,114,891,None,Drag,gaming
1573579160.486,85,929,Right,Released,gaming
1573579160.486,85,929,Left,Released,gaming
1573579160.51,297,670,None,Move,gaming
1573579160.522,338,636,None,Move,gaming
1573579160.535,380,609,None,Move,gaming
1573579160.546,386,608,None,Move,gaming
1573579160.5570002,388,608,None,Move,gaming
1573579160.569,389,609,None,Move,gaming
1573579160.603,408,674,Left,Pressed,gaming
1573579160.603,408,674,None,Drag,gaming
1573579160.617,411,682,None,Drag,gaming
1573579160.629,414,697,None,Drag,gaming
1573579160.6420002,416,704,None,Drag,gaming
1573579160.654,416,711,None,Drag,gaming
1573579160.667,416,712,None,Drag,gaming
1573579160.678,416,712,None,Drag,gaming
1573579160.7229998,416,712,None,Drag,gaming
1573579160.735,416,710,None,Drag,gaming
1573579160.7470002,416,709,None,Drag,gaming
1573579160.76,416,710,Right,Released,gaming
1573579160.76,416,710,Left,Released,gaming
1573579160.783,416,707,None,Move,gaming
1573579160.831,415,714,Left,Pressed,gaming
1573579160.831,415,714,None,Drag,gaming
1573579160.84,415,717,None,Drag,gaming
1573579160.853,415,721,None,Drag,gaming
1573579160.865,415,723,None,Drag,gaming
1573579160.8739998,415,724,None,Drag,gaming
1573579160.8860002,413,726,None,Drag,gaming
1573579160.897,411,729,None,Drag,gaming
1573579160.909,405,735,None,Drag,gaming
1573579160.921,403,737,None,Drag,gaming
1573579160.9329998,401,738,None,Drag,gaming
1573579160.947,399,738,None,Drag,gaming
1573579160.961,399,738,Right,Released,gaming
1573579160.961,399,738,Left,Released,gaming
1573579160.982,407,732,None,Move,gaming
1573579161.211,408,732,None,Move,gaming
1573579161.224,415,730,None,Move,gaming
1573579161.235,416,729,None,Move,gaming
1573579161.2470002,417,728,None,Move,gaming
1573579161.2589998,419,728,None,Move,gaming
1573579161.293,441,785,Left,Pressed,gaming
1573579161.293,441,785,None,Drag,gaming
1573579161.305,446,794,None,Drag,gaming
1573579161.316,450,802,None,Drag,gaming
1573579161.327,452,806,None,Drag,gaming
1573579161.34,456,812,None,Drag,gaming
1573579161.35,456,812,None,Drag,gaming
1573579161.379,457,813,None,Drag,gaming
1573579161.411,457,813,None,Drag,gaming
1573579161.4220002,457,813,Right,Released,gaming
1573579161.423,457,813,Left,Released,gaming
1573579161.447,464,805,None,Move,gaming
1573579161.457,466,804,None,Move,gaming
1573579161.492,466,811,Left,Pressed,gaming
1573579161.492,466,811,None,Drag,gaming
1573579161.5089998,471,843,None,Drag,gaming
1573579161.524,481,898,None,Drag,gaming
1573579161.5370002,486,932,None,Drag,gaming
1573579161.55,487,1008,None,Drag,gaming
1573579161.561,487,1046,None,Drag,gaming
1573579161.575,487,1130,None,Drag,gaming
1573579161.587,483,1113,None,Drag,gaming
1573579161.597,473,1148,None,Drag,gaming
1573579161.609,473,1106,None,Drag,gaming
1573579161.6220002,466,1126,None,Drag,gaming
1573579161.6320002,462,1095,None,Drag,gaming
1573579161.644,461,1099,None,Drag,gaming
1573579161.656,461,1083,None,Drag,gaming
1573579161.669,461,1081,None,Drag,gaming
1573579161.707,461,1076,None,Drag,gaming
1573579161.718,461,1061,None,Drag,gaming
1573579161.731,462,1034,None,Drag,gaming
1573579161.742,470,1012,None,Drag,gaming
1573579161.7529998,474,994,None,Drag,gaming
1573579161.765,490,946,None,Drag,gaming
1573579161.778,490,946,Right,Released,gaming
1573579161.778,490,946,Left,Released,gaming
1573579161.803,525,849,None,Move,gaming
1573579161.8170002,532,827,None,Move,gaming
1573579161.829,542,801,None,Move,gaming
1573579161.843,553,786,None,Move,gaming
1573579161.857,557,781,None,Move,gaming
1573579161.871,560,781,None,Move,gaming
1573579161.8839998,561,781,None,Move,gaming
1573579161.896,561,781,None,Move,gaming
1573579161.9320002,568,811,Left,Pressed,gaming
1573579161.9329998,568,811,None,Drag,gaming
1573579161.947,570,815,None,Drag,gaming
1573579161.959,573,823,None,Drag,gaming
1573579161.9729998,576,829,None,Drag,gaming
1573579161.984,576,833,None,Drag,gaming
1573579161.9970002,578,842,None,Drag,gaming
1573579162.0089998,578,845,None,Drag,gaming
1573579162.021,579,848,None,Drag,gaming
1573579162.0670002,579,848,None,Drag,gaming
1573579162.077,580,848,None,Drag,gaming
1573579162.091,579,848,Right,Released,gaming
1573579162.091,579,848,Left,Released,gaming
1573579162.115,580,846,None,Move,gaming
1573579162.15,581,846,Left,Pressed,gaming
1573579162.15,581,846,None,Drag,gaming
1573579162.1620002,582,846,None,Drag,gaming
1573579162.173,583,848,None,Drag,gaming
1573579162.184,585,851,None,Drag,gaming
1573579162.197,585,852,None,Drag,gaming
1573579162.209,585,854,None,Drag,gaming
1573579162.222,585,855,None,Drag,gaming
1573579162.2370002,585,858,None,Drag,gaming
1573579162.2489998,585,859,None,Drag,gaming
1573579162.2610002,584,859,None,Drag,gaming
1573579162.274,582,859,None,Drag,gaming
1573579162.286,575,859,None,Drag,gaming
1573579162.298,575,859,Right,Released,gaming
1573579162.298,575,859,Left,Released,gaming
1573579162.322,570,856,None,Move,gaming
1573579162.335,564,850,None,Move,gaming
1573579162.349,561,847,None,Move,gaming
1573579162.3620002,560,845,None,Move,gaming
1573579162.373,557,842,None,Move,gaming
1573579162.451,560,841,None,Move,gaming
1573579162.464,566,841,None,Move,gaming
1573579162.479,584,838,None,Move,gaming
1573579162.4929998,605,838,None,Move,gaming
1573579162.532,638,839,Left,Pressed,gaming
1573579162.532,638,839,None,Drag,gaming
1573579162.543,640,839,None,Drag,gaming
1573579162.595,640,841,None,Drag,gaming
1573579162.609,640,841,None,Drag,gaming
1573579162.6220002,640,842,None,Drag,gaming
1573579162.635,639,842,None,Drag,gaming
1573579162.646,640,842,Right,Released,gaming
1573579162.646,640,842,Left,Released,gaming
1573579162.6829998,638,842,None,Move,gaming
1573579162.7629998,639,841,None,Move,gaming
1573579162.776,643,840,None,Move,gaming
1573579162.79,652,836,None,Move,gaming
1573579162.802,658,832,None,Move,gaming
1573579162.815,670,825,None,Move,gaming
1573579162.826,677,820,None,Move,gaming
1573579162.836,696,806,None,Move,gaming
1573579162.847,704,798,None,Move,gaming
1573579162.86,726,779,None,Move,gaming
1573579162.8720002,735,772,None,Move,gaming
1573579162.883,746,768,None,Move,gaming
1573579162.896,747,768,None,Move,gaming
1573579162.909,748,768,None,Move,gaming
1573579162.947,757,775,Left,Pressed,gaming
1573579162.947,757,775,None,Drag,gaming
1573579162.978,757,775,None,Drag,gaming
1573579162.9889998,757,784,None,Drag,gaming
1573579163.005,757,797,None,Drag,gaming
1573579163.019,743,807,None,Drag,gaming
1573579163.032,733,811,None,Drag,gaming
1573579163.045,716,816,None,Drag,gaming
1573579163.0570002,733,811,Right,Released,gaming
1573579163.0570002,733,811,Left,Released,gaming
1573579163.083,615,831,None,Move,gaming
1573579163.095,605,835,None,Move,gaming
1573579163.1079998,589,847,None,Move,gaming
1573579163.121,582,856,None,Move,gaming
1573579163.135,580,862,None,Move,gaming
1573579163.1720002,578,870,Left,Pressed,gaming
1573579163.1720002,578,870,None,Drag,gaming
1573579163.184,578,871,None,Drag,gaming
1573579163.197,577,873,None,Drag,gaming
1573579163.209,576,875,None,Drag,gaming
1573579163.221,570,879,None,Drag,gaming
1573579163.235,557,879,None,Drag,gaming
1573579163.2489998,552,879,None,Drag,gaming
1573579163.265,543,879,None,Drag,gaming
1573579163.282,537,871,None,Drag,gaming
1573579163.296,537,865,None,Drag,gaming
1573579163.31,537,871,Right,Released,gaming
1573579163.31,537,871,Left,Released,gaming
1573579163.337,532,810,None,Move,gaming
1573579163.35,528,788,None,Move,gaming
1573579163.363,523,776,None,Move,gaming
1573579163.375,519,770,None,Move,gaming
1573579163.3879998,518,768,None,Move,gaming
1573579163.4,516,764,None,Move,gaming
1573579163.413,504,749,None,Move,gaming
1573579163.45,468,696,Left,Pressed,gaming
1573579163.45,468,696,None,Drag,gaming
1573579163.466,455,677,None,Drag,gaming
1573579163.479,430,639,None,Drag,gaming
1573579163.492,417,622,None,Drag,gaming
1573579163.5029998,405,601,None,Drag,gaming
1573579163.516,384,558,None,Drag,gaming
1573579163.5270002,405,601,Right,Released,gaming
1573579163.5270002,405,601,Left,Released,gaming
1573579163.552,380,537,None,Move,gaming
1573579163.564,379,537,None,Move,gaming
1573579163.655,381,528,Left,Pressed,gaming
1573579163.655,381,528,None,Drag,gaming
1573579163.666,383,521,None,Drag,gaming
1573579163.678,388,503,None,Drag,gaming
1573579163.69,393,494,None,Drag,gaming
1573579163.702,396,483,None,Drag,gaming
1573579163.7129998,400,473,None,Drag,gaming
1573579163.725,415,442,None,Drag,gaming
1573579163.7370002,396,483,Right,Released,gaming
1573579163.7370002,396,483,Left,Released,gaming
