client_timestamp,x,y,button,state,window
1570308423.785,1034,477,None,Move,gaming
1570308423.8,1034,478,None,Move,gaming
1570308423.8170002,1034,480,None,Move,gaming
1570308423.857,1033,481,None,Move,gaming
1570308423.873,1033,484,None,Move,gaming
1570308423.8860002,1031,484,None,Move,gaming
1570308423.8979998,1030,489,None,Move,gaming
1570308423.909,1027,492,None,Move,gaming
1570308423.9220002,1024,499,None,Move,gaming
1570308423.935,1022,501,None,Move,gaming
1570308423.948,1019,505,None,Move,gaming
1570308423.96,1019,508,None,Move,gaming
1570308423.9729998,1018,509,None,Move,gaming
1570308423.986,1018,511,None,Move,gaming
1570308424.0,1018,512,None,Move,gaming
1570308424.014,1017,514,None,Move,gaming
1570308424.0270002,1017,517,None,Move,gaming
1570308424.04,1017,519,None,Move,gaming
1570308424.051,1017,522,None,Move,gaming
1570308424.065,1016,524,None,Move,gaming
1570308424.076,1015,530,None,Move,gaming
1570308424.089,1012,534,None,Move,gaming
1570308424.1,1008,558,None,Move,gaming
1570308424.1120002,1004,579,None,Move,gaming
1570308424.1260002,996,641,None,Move,gaming
1570308424.137,988,671,None,Move,gaming
1570308424.149,971,731,None,Move,gaming
1570308424.161,948,782,None,Move,gaming
1570308424.174,938,803,None,Move,gaming
1570308424.185,910,848,None,Move,gaming
1570308424.2,897,868,None,Move,gaming
1570308424.212,870,904,None,Move,gaming
1570308424.226,854,921,None,Move,gaming
1570308424.2370002,850,927,None,Move,gaming
1570308424.2489998,847,932,None,Move,gaming
1570308424.2589998,846,937,None,Move,gaming
1570308424.271,845,939,None,Move,gaming
1570308424.28,845,941,None,Move,gaming
1570308424.292,845,946,None,Move,gaming
1570308424.305,845,948,None,Move,gaming
1570308424.316,845,953,None,Move,gaming
1570308424.3279998,847,957,None,Move,gaming
1570308424.34,851,961,None,Move,gaming
1570308424.35,853,962,None,Move,gaming
1570308424.3620002,857,963,None,Move,gaming
1570308424.375,858,964,None,Move,gaming
1570308424.3879998,862,966,None,Move,gaming
1570308424.4,866,966,None,Move,gaming
1570308424.413,871,969,None,Move,gaming
1570308424.426,876,969,None,Move,gaming
1570308424.436,880,972,None,Move,gaming
1570308424.448,882,973,None,Move,gaming
1570308424.461,885,973,None,Move,gaming
1570308424.472,888,973,None,Move,gaming
1570308424.486,895,973,None,Move,gaming
1570308424.5010002,904,973,None,Move,gaming
1570308424.5129998,913,967,None,Move,gaming
1570308424.525,916,965,None,Move,gaming
1570308424.538,926,958,None,Move,gaming
1570308424.552,932,956,None,Move,gaming
1570308424.563,936,953,None,Move,gaming
1570308424.575,937,952,None,Move,gaming
1570308424.601,937,952,None,Move,gaming
1570308424.6139998,937,951,None,Move,gaming
1570308424.6279998,939,950,None,Move,gaming
1570308424.639,942,950,None,Move,gaming
1570308424.653,947,947,None,Move,gaming
1570308424.666,953,946,None,Move,gaming
1570308424.677,955,945,None,Move,gaming
1570308424.689,956,944,None,Move,gaming
1570308424.699,957,944,None,Move,gaming
1570308424.711,957,944,None,Move,gaming
1570308424.722,959,943,None,Move,gaming
1570308424.734,960,943,None,Move,gaming
1570308424.758,961,942,None,Drag,gaming
1570308424.769,963,942,None,Drag,gaming
1570308424.86,964,941,None,Move,gaming
1570308424.873,964,939,None,Move,gaming
1570308424.887,964,937,None,Move,gaming
1570308424.9,965,934,None,Move,gaming
1570308424.911,965,933,None,Move,gaming
1570308424.944,965,933,None,Move,gaming
1570308424.959,965,932,None,Move,gaming
1570308424.971,965,931,None,Move,gaming
1570308425.1120002,965,930,None,Move,gaming
1570308425.1260002,965,927,None,Move,gaming
1570308425.137,969,917,None,Move,gaming
1570308425.1479998,973,905,None,Move,gaming
1570308425.164,984,877,None,Move,gaming
1570308425.177,1004,834,None,Move,gaming
1570308425.189,1017,812,None,Move,gaming
1570308425.201,1049,768,None,Move,gaming
1570308425.2270002,1093,719,Left,Pressed,gaming
1570308425.2270002,1093,719,None,Move,gaming
1570308425.2410002,1111,706,None,Move,gaming
1570308425.2410002,1111,706,Left,Released,gaming
1570308425.266,1115,703,None,Move,gaming
1570308425.304,1116,703,None,Drag,gaming
1570308425.3170002,1116,701,None,Drag,gaming
1570308425.3279998,1116,689,None,Drag,gaming
1570308425.34,1117,682,None,Drag,gaming
1570308425.353,1123,660,None,Drag,gaming
1570308425.365,1127,648,None,Drag,gaming
1570308425.3760002,1133,632,None,Drag,gaming
1570308425.4,1135,621,None,Move,gaming
1570308425.413,1148,593,None,Move,gaming
1570308425.424,1149,590,None,Move,gaming
1570308425.436,1152,588,None,Move,gaming
1570308425.536,1152,586,None,Drag,gaming
1570308425.5470002,1154,580,None,Drag,gaming
1570308425.572,1157,575,None,Move,gaming
1570308425.584,1163,561,None,Move,gaming
1570308425.595,1163,558,None,Move,gaming
1570308425.6320002,1165,556,Left,Pressed,gaming
1570308425.6320002,1165,556,Right,Pressed,gaming
1570308425.6720002,1165,555,None,Drag,gaming
1570308425.728,1165,552,None,Drag,gaming
1570308425.7410002,1165,547,None,Drag,gaming
1570308425.7529998,1165,538,None,Drag,gaming
1570308425.7670002,1165,532,None,Drag,gaming
1570308425.779,1166,527,None,Drag,gaming
1570308425.779,1166,527,Left,Released,gaming
1570308425.815,1166,510,None,Move,gaming
1570308425.8279998,1166,489,None,Move,gaming
1570308425.8379998,1166,482,None,Move,gaming
1570308425.8639998,1166,466,Left,Pressed,gaming
1570308425.8639998,1166,466,None,Move,gaming
1570308425.879,1166,460,None,Move,gaming
1570308425.879,1166,460,Left,Released,gaming
1570308425.905,1166,451,None,Move,gaming
1570308425.916,1166,450,None,Move,gaming
1570308425.929,1166,447,None,Move,gaming
1570308425.94,1166,447,None,Move,gaming
1570308426.04,1166,451,Left,Pressed,gaming
1570308426.04,1166,451,None,Move,gaming
1570308426.052,1166,456,None,Move,gaming
1570308426.065,1166,464,None,Move,gaming
1570308426.076,1166,465,None,Move,gaming
1570308426.176,1166,462,None,Move,gaming
1570308426.1929998,1188,394,None,Move,gaming
1570308426.205,1201,358,None,Move,gaming
1570308426.205,1201,358,Left,Released,gaming
1570308426.229,1270,238,None,Move,gaming
1570308426.24,1304,194,None,Move,gaming
1570308426.254,1380,93,None,Move,gaming
1570308426.268,1450,5,None,Move,gaming
1570308426.282,1501,-61,None,Move,gaming
1570308426.292,1512,-17,None,Move,gaming
1570308426.305,1519,-12,None,Move,gaming
1570308426.316,1520,0,None,Move,gaming
1570308426.3760002,1515,2,None,Move,gaming
1570308426.39,1507,6,None,Move,gaming
1570308426.401,1489,18,None,Move,gaming
1570308426.413,1478,24,None,Move,gaming
1570308426.425,1450,39,None,Move,gaming
1570308426.437,1435,49,None,Move,gaming
1570308426.448,1418,61,None,Move,gaming
1570308426.459,1387,84,None,Move,gaming
1570308426.4729998,1355,116,None,Move,gaming
1570308426.485,1342,131,None,Move,gaming
1570308426.4970002,1329,148,None,Move,gaming
1570308426.52,1316,167,None,Drag,gaming
1570308426.533,1298,202,None,Drag,gaming
1570308426.544,1289,219,None,Drag,gaming
1570308426.56,1287,224,None,Drag,gaming
1570308426.573,1284,232,None,Drag,gaming
1570308426.585,1282,237,None,Drag,gaming
1570308426.596,1280,240,None,Drag,gaming
1570308426.61,1278,242,None,Drag,gaming
1570308426.6239998,1276,247,None,Drag,gaming
1570308426.637,1272,253,None,Drag,gaming
1570308426.66,1271,255,None,Move,gaming
1570308426.6720002,1263,286,None,Move,gaming
1570308426.698,1259,305,None,Drag,gaming
1570308426.711,1249,350,None,Drag,gaming
1570308426.722,1241,376,None,Drag,gaming
1570308426.732,1238,382,None,Drag,gaming
1570308426.745,1238,385,None,Drag,gaming
1570308426.856,1238,385,Left,Pressed,gaming
1570308426.856,1238,385,Right,Pressed,gaming
1570308426.904,1237,385,None,Drag,gaming
1570308426.92,1236,384,None,Drag,gaming
1570308426.931,1231,380,None,Drag,gaming
1570308426.941,1227,376,None,Drag,gaming
1570308426.954,1212,366,None,Drag,gaming
1570308426.965,1204,361,None,Drag,gaming
1570308426.9770002,1188,349,None,Drag,gaming
1570308426.988,1184,345,None,Drag,gaming
1570308426.9989998,1178,340,None,Drag,gaming
1570308427.0,1178,340,Left,Released,gaming
1570308427.0229998,1158,322,None,Drag,gaming
1570308427.035,1150,315,None,Drag,gaming
1570308427.107,1091,233,None,Move,gaming
1570308427.119,1086,226,None,Move,gaming
1570308427.131,1079,220,None,Move,gaming
1570308427.143,1076,218,None,Move,gaming
1570308427.159,1069,211,Left,Pressed,gaming
1570308427.159,1069,211,None,Move,gaming
1570308427.1720002,1064,208,None,Move,gaming
1570308427.186,1056,204,None,Move,gaming
1570308427.2,1047,198,None,Move,gaming
1570308427.212,1042,197,None,Move,gaming
1570308427.225,1033,194,None,Move,gaming
1570308427.236,1030,191,None,Move,gaming
1570308427.248,1028,191,None,Move,gaming
1570308427.2589998,1023,188,None,Move,gaming
1570308427.272,1018,185,None,Move,gaming
1570308427.284,1017,185,None,Move,gaming
1570308427.296,1016,184,None,Move,gaming
1570308427.309,1015,183,None,Move,gaming
1570308427.31,1015,183,Left,Released,gaming
1570308427.332,1012,181,None,Move,gaming
1570308427.344,1005,180,None,Move,gaming
1570308427.3579998,1000,180,None,Move,gaming
1570308427.375,990,180,None,Move,gaming
1570308427.389,982,180,None,Move,gaming
1570308427.403,975,180,None,Move,gaming
1570308427.415,974,180,None,Move,gaming
1570308427.429,973,180,None,Move,gaming
1570308427.496,973,180,None,Move,gaming
1570308427.51,975,179,None,Move,gaming
1570308427.524,985,178,None,Move,gaming
1570308427.538,996,178,None,Move,gaming
1570308427.55,1000,178,None,Move,gaming
1570308427.561,1008,178,None,Move,gaming
1570308427.572,1011,178,None,Move,gaming
1570308427.5879998,1022,184,None,Move,gaming
1570308427.603,1034,191,None,Move,gaming
1570308427.6160002,1039,195,None,Move,gaming
1570308427.629,1049,203,None,Move,gaming
1570308427.641,1061,208,None,Move,gaming
1570308427.6520002,1067,211,None,Move,gaming
1570308427.667,1081,213,None,Move,gaming
1570308427.678,1088,215,None,Move,gaming
1570308427.691,1110,224,None,Move,gaming
1570308427.704,1117,227,None,Move,gaming
1570308427.716,1129,233,None,Move,gaming
1570308427.7410002,1147,239,None,Drag,gaming
1570308427.7529998,1156,242,None,Drag,gaming
1570308427.765,1157,242,None,Drag,gaming
1570308427.8079998,1159,242,None,Drag,gaming
1570308427.821,1170,237,None,Drag,gaming
1570308427.834,1185,224,None,Drag,gaming
1570308427.857,1199,215,None,Move,gaming
1570308427.87,1232,193,None,Move,gaming
1570308427.881,1234,192,None,Move,gaming
1570308427.9770002,1235,192,None,Drag,gaming
1570308427.9870002,1232,190,None,Drag,gaming
1570308427.998,1230,189,None,Drag,gaming
1570308428.0089998,1227,189,None,Drag,gaming
1570308428.021,1227,189,None,Drag,gaming
1570308428.043,1225,188,None,Move,gaming
1570308428.055,1224,187,None,Move,gaming
1570308428.066,1223,186,None,Move,gaming
1570308428.216,1221,186,Left,Pressed,gaming
1570308428.216,1221,186,None,Move,gaming
1570308428.2270002,1217,187,None,Move,gaming
1570308428.2389998,1212,189,None,Move,gaming
1570308428.2510002,1204,191,None,Move,gaming
1570308428.262,1203,192,None,Move,gaming
1570308428.275,1198,193,None,Move,gaming
1570308428.275,1198,193,Left,Released,gaming
1570308428.3,1194,194,None,Move,gaming
1570308428.31,1191,194,None,Move,gaming
1570308428.327,1184,195,None,Move,gaming
1570308428.353,1179,195,Left,Pressed,gaming
1570308428.353,1179,195,None,Move,gaming
1570308428.365,1178,195,None,Move,gaming
1570308428.408,1178,195,None,Move,gaming
1570308428.424,1176,195,None,Move,gaming
1570308428.529,1177,198,None,Move,gaming
1570308428.529,1177,198,Left,Released,gaming
1570308428.551,1182,209,None,Move,gaming
1570308428.562,1184,220,None,Move,gaming
1570308428.573,1186,230,None,Move,gaming
1570308428.583,1186,238,None,Move,gaming
1570308428.595,1192,259,None,Move,gaming
1570308428.606,1196,272,None,Move,gaming
1570308428.621,1203,297,None,Move,gaming
1570308428.635,1213,330,None,Move,gaming
1570308428.646,1219,349,None,Move,gaming
1570308428.658,1228,387,None,Move,gaming
1570308428.669,1232,403,None,Move,gaming
1570308428.6820002,1233,434,None,Move,gaming
1570308428.6920002,1233,446,None,Move,gaming
1570308428.704,1233,460,None,Move,gaming
1570308428.711,1233,473,None,Move,gaming
1570308428.721,1227,496,None,Move,gaming
1570308428.732,1221,508,None,Move,gaming
1570308428.742,1215,521,None,Move,gaming
1570308428.754,1204,540,None,Move,gaming
1570308428.765,1199,550,None,Move,gaming
1570308428.776,1194,560,None,Move,gaming
1570308428.7870002,1182,582,None,Move,gaming
1570308428.799,1181,588,None,Move,gaming
1570308428.811,1179,594,None,Move,gaming
1570308428.821,1178,596,None,Move,gaming
1570308428.832,1178,597,None,Move,gaming
1570308429.022,1178,602,None,Drag,gaming
1570308429.033,1178,622,None,Drag,gaming
1570308429.0470002,1176,629,None,Drag,gaming
1570308429.059,1174,632,None,Drag,gaming
1570308429.105,1174,632,None,Drag,gaming
1570308429.1160002,1173,632,None,Drag,gaming
1570308429.145,1172,632,None,Move,gaming
1570308429.161,1171,632,None,Move,gaming
1570308429.329,1171,628,None,Move,gaming
1570308429.34,1171,626,None,Move,gaming
1570308429.351,1171,621,None,Move,gaming
1570308429.363,1173,614,None,Move,gaming
1570308429.417,1178,614,None,Drag,gaming
1570308429.428,1180,614,None,Drag,gaming
1570308429.438,1183,617,None,Drag,gaming
1570308429.451,1185,623,None,Drag,gaming
1570308429.461,1185,631,None,Drag,gaming
1570308429.4729998,1185,642,None,Drag,gaming
1570308429.4829998,1181,698,Left,Pressed,gaming
1570308429.4829998,1181,698,None,Drag,gaming
1570308429.494,1171,749,None,Drag,gaming
1570308429.504,1165,823,None,Drag,gaming
1570308429.514,1160,1017,None,Drag,gaming
1570308429.526,1160,1123,None,Drag,gaming
1570308429.5370002,1143,1264,None,Drag,gaming
1570308429.5370002,1143,1264,Left,Released,gaming
1570308429.559,1117,1146,None,Drag,gaming
1570308429.571,1080,1196,None,Drag,gaming
1570308429.584,1063,1123,None,Drag,gaming
1570308429.594,1040,1135,None,Drag,gaming
1570308429.606,1037,1090,None,Drag,gaming
1570308429.617,1035,1083,None,Drag,gaming
1570308429.6479998,1035,1078,None,Drag,gaming
1570308429.661,1035,1060,None,Drag,gaming
1570308429.6820002,1035,1016,Left,Pressed,gaming
1570308429.6820002,1035,1016,None,Drag,gaming
1570308429.695,1033,997,None,Drag,gaming
1570308429.706,1028,976,None,Drag,gaming
1570308429.717,1027,956,None,Drag,gaming
1570308429.731,1015,881,None,Drag,gaming
1570308429.7429998,1028,976,Right,Released,gaming
1570308429.754,1015,845,None,Move,gaming
1570308429.764,1017,752,None,Move,gaming
1570308429.7770002,1023,698,None,Move,gaming
1570308429.789,1027,684,None,Move,gaming
1570308429.801,1033,671,None,Move,gaming
1570308429.825,1033,671,Right,Pressed,gaming
1570308429.835,1033,671,None,Drag,gaming
1570308429.847,1034,671,None,Drag,gaming
1570308429.86,1038,679,None,Drag,gaming
1570308429.8720002,1039,681,None,Drag,gaming
1570308429.8820002,1040,684,None,Drag,gaming
1570308429.969,1040,684,Right,Released,gaming
1570308429.979,1041,684,None,Move,gaming
1570308429.992,1041,684,None,Move,gaming
1570308430.0029998,1045,682,None,Move,gaming
1570308430.014,1046,682,None,Move,gaming
1570308430.026,1047,682,None,Move,gaming
1570308430.048,1047,682,None,Move,gaming
1570308430.06,1047,682,Right,Pressed,gaming
1570308430.07,1049,683,None,Drag,gaming
1570308430.081,1049,687,None,Drag,gaming
1570308430.081,1049,687,Left,Released,gaming
1570308430.168,1049,689,None,Drag,gaming
1570308430.179,1048,689,None,Drag,gaming
1570308430.202,1046,688,None,Move,gaming
1570308430.2129998,1046,680,None,Move,gaming
1570308430.2370002,1045,661,Left,Pressed,gaming
1570308430.2370002,1045,661,None,Move,gaming
1570308430.248,1045,646,None,Move,gaming
1570308430.26,1046,641,None,Move,gaming
1570308430.272,1054,629,None,Move,gaming
1570308430.284,1058,624,None,Move,gaming
1570308430.284,1058,624,Left,Released,gaming
1570308430.305,1064,619,None,Move,gaming
1570308430.3679998,1065,619,None,Drag,gaming
1570308430.379,1065,619,None,Drag,gaming
1570308430.3920002,1066,619,None,Drag,gaming
1570308430.456,1068,619,Left,Pressed,gaming
1570308430.456,1068,619,None,Move,gaming
1570308430.468,1068,618,None,Move,gaming
1570308430.48,1068,614,None,Move,gaming
1570308430.4929998,1068,612,None,Move,gaming
1570308430.505,1073,601,None,Move,gaming
1570308430.505,1073,601,Left,Released,gaming
1570308430.528,1075,592,None,Move,gaming
1570308430.54,1079,585,None,Move,gaming
1570308430.55,1081,582,None,Move,gaming
1570308430.562,1082,580,None,Move,gaming
1570308430.572,1082,578,None,Move,gaming
1570308430.584,1084,574,None,Move,gaming
1570308430.596,1086,564,None,Move,gaming
1570308430.6079998,1088,559,None,Move,gaming
1570308430.62,1090,556,None,Move,gaming
1570308430.631,1091,555,None,Move,gaming
1570308430.721,1092,555,Left,Pressed,gaming
1570308430.721,1092,555,None,Drag,gaming
1570308430.7329998,1094,555,None,Drag,gaming
1570308430.745,1105,542,None,Drag,gaming
1570308430.745,1105,542,Left,Released,gaming
1570308430.768,1114,533,None,Move,gaming
1570308430.78,1130,516,None,Move,gaming
1570308430.792,1139,508,None,Move,gaming
1570308430.805,1159,493,None,Move,gaming
1570308430.8179998,1182,474,None,Move,gaming
1570308430.829,1195,467,None,Move,gaming
1570308430.841,1216,457,None,Move,gaming
1570308430.8520002,1223,452,None,Move,gaming
1570308430.863,1228,449,None,Move,gaming
1570308430.8760002,1230,446,None,Move,gaming
1570308430.8879998,1230,446,None,Move,gaming
1570308430.9,1230,443,None,Move,gaming
1570308430.9120002,1230,442,None,Move,gaming
1570308430.924,1230,436,None,Move,gaming
1570308430.935,1231,433,None,Move,gaming
1570308430.947,1232,427,None,Move,gaming
1570308430.959,1232,425,None,Move,gaming
1570308431.0089998,1228,423,Left,Pressed,gaming
1570308431.0089998,1228,423,None,Move,gaming
1570308431.021,1195,439,None,Move,gaming
1570308431.032,1177,457,None,Move,gaming
1570308431.032,1177,457,Left,Released,gaming
1570308431.056,1103,596,None,Move,gaming
1570308431.066,1078,656,None,Move,gaming
1570308431.09,1063,697,None,Drag,gaming
1570308431.1020002,1040,743,None,Drag,gaming
1570308431.1139998,1039,745,None,Drag,gaming
1570308431.161,1039,745,None,Drag,gaming
1570308431.217,1038,746,None,Move,gaming
1570308431.242,1038,747,None,Drag,gaming
1570308431.2429998,1038,752,None,Drag,gaming
1570308431.255,1038,757,None,Drag,gaming
1570308431.2670002,1038,765,None,Drag,gaming
1570308431.278,1038,766,None,Drag,gaming
1570308431.291,1038,767,None,Drag,gaming
1570308431.449,1036,768,None,Drag,gaming
1570308431.459,1034,771,None,Drag,gaming
1570308431.472,1032,775,None,Drag,gaming
1570308431.485,1030,778,None,Drag,gaming
1570308431.496,1029,779,None,Drag,gaming
1570308431.51,1028,779,None,Drag,gaming
1570308431.532,1016,780,Left,Pressed,gaming
1570308431.532,1016,780,None,Drag,gaming
1570308431.546,1009,780,None,Drag,gaming
1570308431.5570002,1006,780,None,Drag,gaming
1570308431.5679998,1005,780,None,Drag,gaming
1570308431.5679998,1005,780,Left,Released,gaming
1570308431.731,1005,786,None,Drag,gaming
1570308431.744,1003,787,None,Drag,gaming
1570308431.755,988,790,None,Drag,gaming
1570308431.7670002,982,791,None,Drag,gaming
1570308431.929,886,876,None,Drag,gaming
1570308431.9420002,879,878,None,Drag,gaming
1570308431.955,870,880,None,Drag,gaming
1570308431.966,867,880,None,Drag,gaming
1570308431.978,862,879,Left,Pressed,gaming
1570308431.978,862,879,None,Drag,gaming
1570308431.99,858,876,None,Drag,gaming
1570308432.002,855,866,None,Drag,gaming
1570308432.0129998,852,854,None,Drag,gaming
1570308432.026,855,866,Right,Released,gaming
1570308432.038,845,831,None,Move,gaming
1570308432.049,832,795,None,Move,gaming
1570308432.061,828,787,None,Move,gaming
1570308432.072,826,784,None,Move,gaming
1570308432.085,826,784,None,Move,gaming
1570308432.097,823,785,None,Move,gaming
1570308432.097,823,785,Left,Released,gaming
1570308432.1239998,823,788,None,Drag,gaming
1570308432.137,820,800,None,Drag,gaming
1570308432.24,818,799,None,Drag,gaming
1570308432.2770002,813,782,Left,Pressed,gaming
1570308432.2770002,813,782,None,Move,gaming
1570308432.29,813,781,None,Move,gaming
1570308432.305,813,781,Right,Pressed,gaming
1570308432.474,813,781,Right,Released,gaming
1570308432.529,813,781,Right,Pressed,gaming
1570308432.561,812,782,None,Drag,gaming
1570308432.573,810,786,None,Drag,gaming
1570308432.585,810,788,None,Drag,gaming
1570308432.609,810,788,None,Drag,gaming
1570308432.688,810,788,Right,Released,gaming
1570308432.7529998,810,788,Right,Pressed,gaming
1570308432.7529998,810,788,Left,Released,gaming
1570308432.847,805,798,None,Drag,gaming
1570308432.8639998,776,845,None,Drag,gaming
1570308432.881,642,1022,None,Drag,gaming
1570308432.894,588,1098,None,Drag,gaming
1570308432.908,476,1235,None,Drag,gaming
1570308432.921,372,1226,None,Drag,gaming
1570308432.949,273,1161,Left,Pressed,gaming
1570308432.949,273,1161,None,Drag,gaming
1570308432.958,261,1102,None,Drag,gaming
1570308432.971,255,1096,None,Drag,gaming
1570308432.971,255,1096,Left,Released,gaming
1570308432.9970002,262,1079,None,Drag,gaming
1570308433.01,288,1074,None,Drag,gaming
1570308433.0229998,306,1065,None,Drag,gaming
1570308433.0370002,323,1055,None,Drag,gaming
1570308433.054,306,1065,Right,Released,gaming
1570308433.066,352,1035,None,Move,gaming
1570308433.0779998,395,997,None,Move,gaming
1570308433.131,619,841,None,Move,gaming
1570308433.144,723,791,None,Move,gaming
1570308433.156,775,771,None,Move,gaming
1570308433.166,819,751,None,Move,gaming
1570308433.178,878,726,Left,Pressed,gaming
1570308433.178,878,726,None,Move,gaming
1570308433.1920002,898,717,None,Move,gaming
1570308433.206,899,716,None,Move,gaming
1570308433.222,899,716,Right,Pressed,gaming
1570308433.24,900,716,None,Drag,gaming
1570308433.296,900,714,None,Drag,gaming
1570308433.312,906,706,None,Drag,gaming
1570308433.327,920,683,None,Drag,gaming
1570308433.342,937,652,None,Drag,gaming
1570308433.36,961,616,None,Drag,gaming
1570308433.375,987,580,None,Drag,gaming
1570308433.39,1011,551,None,Drag,gaming
1570308433.404,1026,533,None,Drag,gaming
1570308433.417,1032,528,None,Drag,gaming
1570308433.496,1033,527,None,Drag,gaming
1570308433.5089998,1037,523,None,Drag,gaming
1570308433.5089998,1037,523,Left,Released,gaming
1570308433.536,1055,502,None,Drag,gaming
1570308433.56,1067,489,None,Move,gaming
1570308433.573,1091,454,None,Move,gaming
1570308433.584,1097,444,None,Move,gaming
1570308433.596,1109,421,None,Move,gaming
1570308433.61,1121,379,None,Move,gaming
1570308433.623,1129,351,None,Move,gaming
1570308433.637,1151,273,None,Move,gaming
1570308433.649,1175,194,None,Move,gaming
1570308433.661,1186,151,None,Move,gaming
1570308433.674,1215,61,None,Move,gaming
1570308433.698,1260,-63,Left,Pressed,gaming
1570308433.698,1260,-63,None,Move,gaming
1570308433.71,1271,-35,None,Move,gaming
1570308433.722,1292,-58,None,Move,gaming
1570308433.7329998,1295,-18,None,Move,gaming
1570308433.744,1300,-14,None,Move,gaming
1570308433.7589998,1304,-18,None,Move,gaming
1570308433.769,1305,-6,None,Move,gaming
1570308433.816,1305,0,None,Move,gaming
1570308433.826,1304,9,None,Move,gaming
1570308433.8379998,1303,21,None,Move,gaming
1570308433.849,1298,35,None,Move,gaming
1570308433.86,1303,21,Right,Pressed,gaming
1570308433.8760002,1296,48,None,Drag,gaming
1570308433.889,1271,122,None,Drag,gaming
1570308433.889,1271,122,Left,Released,gaming
1570308433.9120002,1255,159,None,Drag,gaming
1570308433.925,1249,170,None,Drag,gaming
1570308433.936,1243,180,None,Drag,gaming
1570308433.948,1233,193,None,Drag,gaming
1570308433.959,1231,195,None,Drag,gaming
1570308433.97,1227,202,None,Drag,gaming
1570308433.982,1226,203,None,Drag,gaming
1570308433.996,1221,207,None,Drag,gaming
1570308434.02,1215,210,None,Move,gaming
1570308434.031,1205,219,None,Move,gaming
1570308434.043,1203,226,None,Move,gaming
1570308434.056,1201,244,None,Move,gaming
1570308434.0670002,1199,256,None,Move,gaming
1570308434.08,1196,270,None,Move,gaming
1570308434.101,1193,291,None,Drag,gaming
1570308434.113,1186,312,None,Drag,gaming
1570308434.1260002,1183,316,None,Drag,gaming
1570308434.1379998,1180,321,None,Drag,gaming
1570308434.149,1178,324,None,Drag,gaming
1570308434.1620002,1173,328,None,Drag,gaming
1570308434.187,1164,334,Left,Pressed,gaming
1570308434.187,1164,334,None,Drag,gaming
1570308434.198,1162,335,None,Drag,gaming
1570308434.21,1159,337,None,Drag,gaming
1570308434.221,1162,335,Right,Released,gaming
1570308434.234,1159,338,None,Move,gaming
1570308434.248,1159,339,None,Move,gaming
1570308434.2589998,1159,345,None,Move,gaming
1570308434.272,1159,345,Right,Pressed,gaming
1570308434.284,1159,353,None,Drag,gaming
1570308434.295,1159,363,None,Drag,gaming
1570308434.306,1159,368,None,Drag,gaming
1570308434.306,1159,368,Left,Released,gaming
1570308434.329,1163,369,None,Drag,gaming
1570308434.34,1166,370,None,Drag,gaming
1570308434.351,1172,370,None,Drag,gaming
1570308434.3639998,1179,371,None,Drag,gaming
1570308434.377,1179,371,None,Drag,gaming
1570308434.387,1180,371,None,Drag,gaming
1570308434.4120002,1181,371,Left,Pressed,gaming
1570308434.4120002,1181,371,None,Move,gaming
1570308434.425,1190,371,None,Move,gaming
1570308434.437,1193,369,None,Move,gaming
1570308434.449,1199,366,None,Move,gaming
1570308434.46,1201,366,None,Move,gaming
1570308434.472,1202,366,None,Move,gaming
1570308434.4829998,1202,366,Right,Pressed,gaming
1570308434.52,1203,365,None,Drag,gaming
1570308434.533,1204,351,None,Drag,gaming
1570308434.544,1241,306,None,Drag,gaming
1570308434.544,1241,306,Left,Released,gaming
1570308434.5679998,1308,232,None,Drag,gaming
1570308434.579,1391,145,None,Drag,gaming
1570308434.591,1430,101,None,Drag,gaming
1570308434.613,1525,-12,Left,Pressed,gaming
1570308434.613,1525,-12,None,Drag,gaming
1570308434.6260002,1687,-177,None,Drag,gaming
1570308434.637,1481,41,Right,Released,gaming
1570308434.6479998,1731,-52,None,Move,gaming
1570308434.6620002,1837,-129,None,Move,gaming
1570308434.673,1872,-45,None,Move,gaming
1570308434.686,1878,-11,None,Move,gaming
1570308434.697,1885,-12,None,Move,gaming
1570308434.706,1885,-2,None,Move,gaming
1570308434.776,1885,-1,None,Move,gaming
1570308434.776,1885,-1,Left,Released,gaming
1570308434.809,1870,7,None,Move,gaming
1570308434.819,1860,15,None,Move,gaming
1570308434.831,1847,27,None,Move,gaming
1570308434.842,1814,57,None,Move,gaming
1570308434.856,1793,76,None,Move,gaming
1570308434.869,1734,131,None,Move,gaming
1570308434.895,1657,207,Left,Pressed,gaming
1570308434.895,1657,207,Right,Pressed,gaming
1570308434.905,1625,239,None,Drag,gaming
1570308434.917,1575,291,None,Drag,gaming
1570308434.929,1540,322,None,Drag,gaming
1570308434.94,1527,335,None,Drag,gaming
1570308434.954,1510,350,None,Drag,gaming
1570308434.964,1501,354,None,Drag,gaming
1570308434.975,1492,360,None,Drag,gaming
1570308434.9870002,1478,368,None,Drag,gaming
1570308434.9989998,1469,372,None,Drag,gaming
1570308434.9989998,1469,372,Left,Released,gaming
1570308435.0229998,1454,380,None,Drag,gaming
1570308435.035,1444,387,None,Drag,gaming
1570308435.0679998,1431,396,None,Move,gaming
1570308435.08,1416,416,None,Move,gaming
1570308435.094,1414,423,None,Move,gaming
1570308435.106,1413,429,None,Move,gaming
1570308435.1220002,1412,435,None,Move,gaming
1570308435.135,1408,445,None,Move,gaming
1570308435.159,1406,447,None,Drag,gaming
1570308435.175,1404,451,None,Drag,gaming
1570308435.188,1401,456,None,Drag,gaming
1570308435.204,1399,459,None,Drag,gaming
1570308435.218,1395,466,None,Drag,gaming
1570308435.244,1392,468,Left,Pressed,gaming
1570308435.244,1392,468,None,Move,gaming
1570308435.2570002,1390,470,None,Move,gaming
1570308435.288,1390,471,None,Move,gaming
1570308435.3,1387,476,None,Move,gaming
1570308435.313,1386,479,None,Move,gaming
1570308435.325,1387,476,Right,Pressed,gaming
1570308435.337,1384,481,None,Drag,gaming
1570308435.3520002,1382,485,None,Drag,gaming
1570308435.3760002,1381,485,None,Drag,gaming
1570308435.435,1376,485,None,Drag,gaming
1570308435.446,1375,484,None,Drag,gaming
1570308435.512,1374,484,None,Drag,gaming
1570308435.512,1374,484,Left,Released,gaming
1570308435.542,1371,485,None,Drag,gaming
1570308435.555,1370,487,None,Drag,gaming
1570308435.728,1369,487,None,Drag,gaming
1570308435.745,1356,472,None,Drag,gaming
1570308435.7670002,1347,453,Left,Pressed,gaming
1570308435.7670002,1347,453,None,Drag,gaming
1570308435.783,1342,440,None,Drag,gaming
1570308435.796,1342,440,Right,Released,gaming
1570308435.809,1336,419,None,Move,gaming
1570308435.823,1333,392,None,Move,gaming
1570308435.823,1333,392,Left,Released,gaming
1570308435.851,1333,357,None,Move,gaming
1570308435.863,1333,351,None,Move,gaming
1570308435.877,1333,337,None,Move,gaming
1570308435.889,1340,320,None,Move,gaming
1570308435.9020002,1346,311,None,Move,gaming
1570308436.0470002,1405,244,None,Move,gaming
1570308436.06,1408,244,None,Move,gaming
1570308436.07,1409,244,None,Move,gaming
1570308436.082,1414,241,None,Move,gaming
1570308436.094,1417,239,Left,Pressed,gaming
1570308436.094,1417,239,None,Move,gaming
1570308436.106,1421,236,None,Move,gaming
1570308436.117,1423,235,None,Move,gaming
1570308436.13,1426,233,None,Move,gaming
1570308436.224,1426,234,None,Move,gaming
1570308436.224,1426,234,Left,Released,gaming
1570308436.248,1426,242,None,Move,gaming
1570308436.26,1425,250,None,Move,gaming
1570308436.271,1422,259,None,Move,gaming
1570308436.282,1413,276,None,Move,gaming
1570308436.295,1410,288,None,Move,gaming
1570308436.3079998,1399,316,None,Move,gaming
1570308436.321,1387,355,None,Move,gaming
1570308436.331,1381,379,None,Move,gaming
1570308436.343,1373,404,None,Move,gaming
1570308436.356,1351,450,None,Move,gaming
1570308436.367,1341,474,None,Move,gaming
1570308436.3779998,1309,518,None,Move,gaming
1570308436.3879998,1293,540,None,Move,gaming
1570308436.4,1277,558,None,Move,gaming
1570308436.408,1256,578,None,Move,gaming
1570308436.419,1211,616,None,Move,gaming
1570308436.4320002,1186,632,None,Move,gaming
1570308436.4420002,1142,663,None,Move,gaming
1570308436.454,1129,672,None,Move,gaming
1570308436.467,1109,690,None,Move,gaming
1570308436.4770002,1107,692,None,Move,gaming
1570308436.4889998,1097,708,None,Move,gaming
1570308436.5010002,1092,724,None,Move,gaming
1570308436.5110002,1083,747,None,Move,gaming
1570308436.5229998,1078,766,None,Move,gaming
1570308436.546,1073,787,None,Drag,gaming
1570308436.5579998,1058,837,None,Drag,gaming
1570308436.569,1048,849,None,Drag,gaming
1570308436.581,1044,855,None,Drag,gaming
1570308436.593,1039,859,None,Drag,gaming
1570308436.604,1038,859,None,Drag,gaming
1570308436.617,1036,861,None,Drag,gaming
1570308436.6279998,1036,861,None,Drag,gaming
1570308436.6360002,1035,862,None,Drag,gaming
1570308436.6479998,1035,862,None,Drag,gaming
1570308436.661,1034,862,None,Drag,gaming
1570308436.673,1032,862,None,Drag,gaming
1570308436.816,1031,862,None,Drag,gaming
1570308436.83,1031,862,None,Drag,gaming
1570308436.842,1030,860,None,Drag,gaming
1570308436.857,1030,853,None,Drag,gaming
1570308436.869,1030,848,None,Drag,gaming
1570308436.893,1031,834,None,Move,gaming
1570308436.906,1033,824,None,Move,gaming
1570308436.96,1035,826,None,Drag,gaming
1570308436.972,1037,829,None,Drag,gaming
1570308436.984,1038,829,None,Drag,gaming
1570308437.245,1054,1156,None,Drag,gaming
1570308437.2610002,1049,1117,None,Drag,gaming
1570308437.275,1048,1088,None,Drag,gaming
1570308437.312,1047,1071,None,Drag,gaming
1570308437.327,1044,1038,Left,Pressed,gaming
1570308437.327,1044,1038,None,Drag,gaming
1570308437.339,1040,980,None,Drag,gaming
1570308437.353,1035,938,None,Drag,gaming
1570308437.3679998,1040,980,Right,Released,gaming
1570308437.381,1028,857,None,Move,gaming
1570308437.3820002,1028,857,Left,Released,gaming
1570308437.409,1038,754,None,Move,gaming
1570308437.425,1047,723,None,Move,gaming
1570308437.451,1053,689,Left,Pressed,gaming
1570308437.451,1053,689,None,Move,gaming
1570308437.462,1054,680,None,Move,gaming
1570308437.476,1055,664,None,Move,gaming
1570308437.4770002,1055,664,Left,Released,gaming
1570308437.4989998,1055,642,None,Move,gaming
1570308437.51,1055,638,None,Move,gaming
1570308437.526,1053,632,None,Move,gaming
1570308437.553,1051,629,Left,Pressed,gaming
1570308437.553,1051,629,Right,Pressed,gaming
1570308437.565,1050,629,None,Drag,gaming
1570308437.576,1040,649,None,Drag,gaming
1570308437.5879998,1034,661,None,Drag,gaming
1570308437.6,1026,690,None,Drag,gaming
1570308437.613,1020,701,None,Drag,gaming
1570308437.6279998,1011,713,None,Drag,gaming
1570308437.6420002,1008,717,None,Drag,gaming
1570308437.656,1007,717,None,Drag,gaming
1570308437.669,1006,717,None,Drag,gaming
1570308437.6829998,1007,700,None,Drag,gaming
1570308437.696,1020,684,None,Drag,gaming
1570308437.709,1007,700,Right,Released,gaming
1570308437.7229998,1040,659,None,Move,gaming
1570308437.724,1040,659,Left,Released,gaming
1570308437.7489998,1144,535,None,Move,gaming
1570308437.7629998,1181,480,None,Move,gaming
1570308437.776,1212,422,None,Move,gaming
1570308437.789,1223,396,None,Move,gaming
1570308437.801,1240,368,None,Move,gaming
1570308437.813,1242,364,None,Move,gaming
1570308437.84,1242,364,None,Drag,gaming
1570308438.048,1242,363,None,Move,gaming
1570308438.061,1241,360,None,Move,gaming
1570308438.073,1236,350,None,Move,gaming
1570308438.085,1234,347,None,Move,gaming
1570308438.107,1229,337,Left,Pressed,gaming
1570308438.107,1229,337,None,Move,gaming
1570308438.12,1228,335,None,Move,gaming
1570308438.131,1227,334,None,Move,gaming
1570308438.232,1227,334,None,Move,gaming
1570308438.24,1227,335,None,Move,gaming
1570308438.2529998,1227,335,None,Move,gaming
1570308438.266,1225,338,None,Move,gaming
1570308438.2770002,1225,339,None,Move,gaming
1570308438.29,1224,342,None,Move,gaming
1570308438.3,1223,345,None,Move,gaming
1570308438.312,1223,348,None,Move,gaming
1570308438.312,1223,348,Left,Released,gaming
1570308438.337,1218,358,None,Move,gaming
1570308438.3479998,1215,366,None,Move,gaming
1570308438.359,1212,370,None,Move,gaming
1570308438.3720002,1210,375,None,Move,gaming
1570308438.383,1208,377,None,Move,gaming
1570308438.394,1207,378,None,Move,gaming
1570308438.4320002,1212,372,None,Move,gaming
1570308438.4429998,1253,320,None,Move,gaming
1570308438.467,1422,118,Left,Pressed,gaming
1570308438.467,1422,118,None,Move,gaming
1570308438.467,1422,118,Left,Released,gaming
1570308438.492,1619,-99,None,Move,gaming
1570308438.5010002,1680,-59,None,Move,gaming
1570308438.512,1746,-52,None,Move,gaming
1570308438.5229998,1853,-86,None,Move,gaming
1570308438.536,1898,-30,None,Move,gaming
1570308438.5470002,1957,-46,None,Move,gaming
1570308438.5579998,1933,-11,None,Move,gaming
1570308438.569,1928,-7,None,Move,gaming
1570308438.6079998,1918,0,None,Move,gaming
1570308438.619,1911,2,None,Move,gaming
1570308438.63,1902,5,None,Move,gaming
1570308438.6420002,1876,22,None,Move,gaming
1570308438.654,1857,35,None,Move,gaming
1570308438.666,1820,57,None,Move,gaming
1570308438.678,1795,73,None,Move,gaming
1570308438.69,1739,107,None,Move,gaming
1570308438.7,1710,123,None,Move,gaming
1570308438.714,1653,159,None,Move,gaming
1570308438.724,1632,173,None,Move,gaming
1570308438.736,1610,188,None,Move,gaming
1570308438.746,1575,209,None,Move,gaming
1570308438.758,1557,219,None,Move,gaming
1570308438.769,1536,230,None,Move,gaming
1570308438.781,1527,235,None,Move,gaming
1570308438.791,1518,241,None,Move,gaming
1570308438.802,1504,250,None,Move,gaming
1570308438.816,1495,255,None,Move,gaming
1570308438.8279998,1479,265,None,Move,gaming
1570308438.84,1471,270,None,Move,gaming
1570308438.851,1445,287,None,Move,gaming
1570308438.863,1426,298,None,Move,gaming
1570308438.875,1383,326,None,Move,gaming
1570308438.8860002,1361,342,None,Move,gaming
1570308438.899,1319,371,None,Move,gaming
1570308438.913,1277,397,None,Move,gaming
1570308438.928,1256,407,None,Move,gaming
1570308438.939,1219,429,None,Move,gaming
1570308438.951,1200,440,None,Move,gaming
1570308438.9629998,1174,457,None,Move,gaming
1570308438.974,1163,465,None,Move,gaming
1570308438.9870002,1150,480,None,Move,gaming
1570308438.9970002,1144,484,None,Move,gaming
1570308439.012,1135,495,None,Move,gaming
1570308439.024,1130,500,None,Move,gaming
1570308439.0370002,1117,516,None,Move,gaming
1570308439.052,1104,532,None,Move,gaming
1570308439.07,1093,548,None,Move,gaming
1570308439.081,1089,556,None,Move,gaming
1570308439.091,1080,574,None,Move,gaming
1570308439.107,1072,592,None,Move,gaming
1570308439.125,1064,612,None,Move,gaming
1570308439.1360002,1062,621,None,Move,gaming
1570308439.147,1056,645,None,Move,gaming
1570308439.161,1043,688,None,Move,gaming
1570308439.185,1037,713,None,Drag,gaming
1570308439.201,1017,769,None,Drag,gaming
1570308439.212,1012,778,None,Drag,gaming
1570308439.2270002,1006,786,None,Drag,gaming
1570308439.242,1005,791,None,Drag,gaming
1570308439.313,1005,790,None,Move,gaming
1570308439.327,1005,788,None,Move,gaming
1570308439.385,1006,788,None,Drag,gaming
1570308439.401,1007,788,None,Drag,gaming
1570308439.411,1008,788,None,Drag,gaming
1570308439.457,1009,788,None,Drag,gaming
1570308439.468,1014,780,None,Drag,gaming
1570308439.481,1025,761,None,Drag,gaming
1570308439.494,1033,750,None,Drag,gaming
1570308439.508,1053,729,None,Drag,gaming
1570308439.52,1063,719,None,Drag,gaming
1570308439.533,1077,705,None,Drag,gaming
1570308439.546,1108,676,None,Drag,gaming
1570308439.569,1124,658,None,Move,gaming
1570308439.581,1165,608,None,Move,gaming
1570308439.592,1172,600,None,Move,gaming
1570308439.607,1185,586,None,Move,gaming
1570308439.621,1193,580,None,Move,gaming
1570308439.63,1194,579,None,Move,gaming
1570308439.68,1195,579,Left,Pressed,gaming
1570308439.681,1195,579,None,Move,gaming
1570308439.698,1189,590,None,Move,gaming
1570308439.711,1186,594,None,Move,gaming
1570308439.722,1177,605,None,Move,gaming
1570308439.732,1171,609,None,Move,gaming
1570308439.7329998,1171,609,Left,Released,gaming
1570308439.758,1150,628,None,Move,gaming
1570308439.771,1135,642,None,Move,gaming
1570308439.795,1119,664,Left,Pressed,gaming
1570308439.796,1119,664,None,Move,gaming
1570308439.8070002,1113,673,None,Move,gaming
1570308439.819,1102,689,None,Move,gaming
1570308439.831,1098,698,None,Move,gaming
1570308439.842,1094,709,None,Move,gaming
1570308439.853,1094,713,None,Move,gaming
1570308439.865,1093,715,None,Move,gaming
1570308439.877,1093,718,None,Move,gaming
1570308439.889,1093,718,None,Move,gaming
1570308439.9020002,1093,719,None,Move,gaming
1570308439.914,1093,723,None,Move,gaming
1570308439.914,1093,723,Left,Released,gaming
1570308439.938,1093,724,None,Drag,gaming
1570308439.955,1094,725,None,Drag,gaming
1570308439.985,1094,724,None,Drag,gaming
1570308439.9970002,1095,711,None,Drag,gaming
1570308440.008,1099,700,None,Drag,gaming
1570308440.021,1111,672,None,Drag,gaming
1570308440.032,1121,653,None,Drag,gaming
1570308440.045,1138,621,None,Drag,gaming
1570308440.071,1157,594,None,Move,gaming
1570308440.081,1279,447,None,Move,gaming
1570308440.093,1302,421,None,Move,gaming
1570308440.103,1322,400,None,Move,gaming
1570308440.1160002,1337,390,None,Move,gaming
1570308440.13,1338,389,None,Move,gaming
1570308440.296,1339,389,None,Move,gaming
1570308440.3079998,1339,389,None,Move,gaming
1570308440.321,1339,394,None,Move,gaming
1570308440.344,1339,397,None,Drag,gaming
1570308440.354,1338,402,None,Drag,gaming
1570308440.3679998,1335,404,None,Drag,gaming
1570308440.425,1334,404,None,Drag,gaming
1570308440.436,1332,404,None,Drag,gaming
1570308440.447,1327,401,None,Drag,gaming
1570308440.468,1311,386,Left,Pressed,gaming
1570308440.468,1311,386,None,Drag,gaming
1570308440.479,1303,378,None,Drag,gaming
1570308440.4889998,1311,386,Right,Released,gaming
1570308440.5,1292,366,None,Move,gaming
1570308440.512,1281,354,None,Move,gaming
1570308440.525,1272,344,None,Move,gaming
1570308440.538,1265,339,None,Move,gaming
1570308440.551,1261,337,None,Move,gaming
1570308440.551,1261,337,Left,Released,gaming
1570308440.5779998,1246,330,None,Move,gaming
1570308440.591,1241,328,None,Move,gaming
1570308440.604,1238,327,None,Move,gaming
1570308440.6160002,1236,327,None,Move,gaming
1570308440.63,1235,326,None,Move,gaming
1570308440.697,1234,326,None,Move,gaming
1570308440.712,1231,326,None,Move,gaming
1570308440.726,1220,326,None,Move,gaming
1570308440.7389998,1199,333,None,Move,gaming
1570308440.7529998,1174,339,None,Move,gaming
1570308440.765,1162,340,None,Move,gaming
1570308440.79,1129,344,Left,Pressed,gaming
1570308440.79,1129,344,None,Move,gaming
1570308440.802,1109,345,None,Move,gaming
1570308440.814,1099,345,None,Move,gaming
1570308440.825,1079,345,None,Move,gaming
1570308440.836,1071,345,None,Move,gaming
1570308440.849,1053,345,None,Move,gaming
1570308440.86,1045,345,None,Move,gaming
1570308440.8720002,1035,345,None,Move,gaming
1570308440.885,1014,345,None,Move,gaming
1570308440.885,1014,345,Left,Released,gaming
1570308440.91,975,350,None,Move,gaming
1570308440.9220002,953,357,None,Move,gaming
1570308440.9329998,946,360,None,Move,gaming
1570308440.945,941,361,None,Move,gaming
1570308441.0,941,361,None,Move,gaming
1570308441.0129998,941,361,None,Move,gaming
1570308441.049,942,361,None,Move,gaming
1570308441.061,946,362,None,Move,gaming
1570308441.073,961,373,None,Move,gaming
1570308441.085,970,380,None,Move,gaming
1570308441.096,988,390,None,Move,gaming
1570308441.109,999,396,None,Move,gaming
1570308441.119,1009,403,None,Move,gaming
1570308441.133,1040,421,None,Move,gaming
1570308441.1479998,1065,439,None,Move,gaming
1570308441.16,1084,452,None,Move,gaming
1570308441.174,1127,495,None,Move,gaming
1570308441.186,1157,541,None,Move,gaming
1570308441.211,1165,559,None,Drag,gaming
1570308441.2229998,1169,578,None,Drag,gaming
1570308441.234,1169,586,None,Drag,gaming
1570308441.245,1169,589,None,Drag,gaming
1570308441.258,1168,593,None,Drag,gaming
1570308441.271,1166,595,None,Drag,gaming
1570308441.3170002,1163,596,None,Move,gaming
1570308441.329,1162,596,None,Move,gaming
1570308441.36,1160,597,None,Move,gaming
1570308441.3720002,1158,603,None,Move,gaming
1570308441.383,1155,611,None,Move,gaming
1570308441.394,1153,622,None,Move,gaming
1570308441.421,1152,632,None,Drag,gaming
1570308441.431,1145,651,None,Drag,gaming
1570308441.444,1145,653,None,Drag,gaming
1570308441.455,1144,653,None,Drag,gaming
1570308441.465,1142,654,None,Drag,gaming
1570308441.4770002,1141,654,None,Drag,gaming
1570308441.488,1141,654,None,Drag,gaming
1570308441.5,1140,654,None,Drag,gaming
1570308441.5110002,1138,654,None,Drag,gaming
1570308441.5229998,1138,654,None,Drag,gaming
1570308441.546,1137,654,None,Move,gaming
1570308441.5570002,1133,651,None,Move,gaming
1570308441.596,1125,662,Left,Pressed,gaming
1570308441.596,1125,662,None,Drag,gaming
1570308441.6079998,1118,682,None,Drag,gaming
1570308441.621,1102,729,None,Drag,gaming
1570308441.631,1095,742,None,Drag,gaming
1570308441.643,1086,758,None,Drag,gaming
1570308441.655,1085,760,None,Drag,gaming
1570308441.655,1085,760,Left,Released,gaming
1570308441.691,1081,760,None,Drag,gaming
1570308441.704,1079,760,None,Drag,gaming
1570308441.715,1076,758,None,Drag,gaming
1570308441.725,1075,751,None,Drag,gaming
1570308441.7370002,1072,744,None,Drag,gaming
1570308441.748,1072,736,None,Drag,gaming
1570308441.769,1072,736,Left,Pressed,gaming
1570308441.769,1072,736,Right,Released,gaming
1570308441.781,1071,711,None,Move,gaming
1570308441.792,1071,708,None,Move,gaming
1570308441.809,1071,708,Right,Pressed,gaming
1570308441.819,1071,710,None,Drag,gaming
1570308441.832,1071,720,None,Drag,gaming
1570308441.843,1071,744,None,Drag,gaming
1570308441.855,1071,753,None,Drag,gaming
1570308441.8679998,1071,759,None,Drag,gaming
1570308441.88,1071,760,None,Drag,gaming
1570308441.88,1071,760,Left,Released,gaming
1570308441.936,1069,761,None,Drag,gaming
1570308441.948,1068,761,None,Drag,gaming
1570308441.9729998,1067,758,Left,Pressed,gaming
1570308441.9729998,1067,758,None,Drag,gaming
1570308441.984,1067,758,Right,Released,gaming
1570308441.9970002,1066,751,None,Move,gaming
1570308442.0089998,1064,726,None,Move,gaming
1570308442.021,1063,721,None,Move,gaming
1570308442.033,1063,719,None,Move,gaming
1570308442.0570002,1063,719,Right,Pressed,gaming
1570308442.105,1063,726,None,Drag,gaming
1570308442.1179998,1066,749,None,Drag,gaming
1570308442.1320002,1073,816,None,Drag,gaming
1570308442.144,1073,862,None,Drag,gaming
1570308442.155,1073,987,None,Drag,gaming
1570308442.167,1068,1047,None,Drag,gaming
1570308442.178,1052,1156,None,Drag,gaming
1570308442.178,1052,1156,Left,Released,gaming
1570308442.202,1032,1150,None,Drag,gaming
1570308442.2129998,1028,1100,None,Drag,gaming
1570308442.235,1021,1088,Left,Pressed,gaming
1570308442.235,1021,1088,None,Drag,gaming
1570308442.248,1020,1085,None,Drag,gaming
1570308442.2589998,1019,1081,None,Drag,gaming
1570308442.288,1019,1079,None,Drag,gaming
1570308442.3,1019,1061,None,Drag,gaming
1570308442.311,1019,1048,None,Drag,gaming
1570308442.323,1019,1030,None,Drag,gaming
1570308442.336,1019,1008,None,Drag,gaming
1570308442.3479998,1019,1030,Right,Released,gaming
1570308442.359,1019,956,None,Move,gaming
1570308442.373,1019,896,None,Move,gaming
1570308442.373,1019,896,Left,Released,gaming
1570308442.4,1019,836,None,Move,gaming
1570308442.413,1019,797,None,Move,gaming
1570308442.424,1015,776,None,Move,gaming
1570308442.438,1006,741,None,Move,gaming
1570308442.46,990,705,Left,Pressed,gaming
1570308442.46,990,705,None,Move,gaming
1570308442.472,987,697,None,Move,gaming
1570308442.4829998,985,686,None,Move,gaming
1570308442.4970002,984,673,None,Move,gaming
1570308442.5070002,984,667,None,Move,gaming
1570308442.52,982,660,None,Move,gaming
1570308442.532,978,644,None,Move,gaming
1570308442.544,976,639,None,Move,gaming
1570308442.5570002,971,627,None,Move,gaming
1570308442.5670002,969,621,None,Move,gaming
1570308442.5779998,965,614,None,Move,gaming
1570308442.59,965,611,None,Move,gaming
1570308442.6020002,962,608,None,Move,gaming
1570308442.6120002,962,606,None,Move,gaming
1570308442.6260002,962,602,None,Move,gaming
1570308442.637,962,600,None,Move,gaming
1570308442.6479998,961,597,None,Move,gaming
1570308442.66,959,589,None,Move,gaming
1570308442.6720002,958,586,None,Move,gaming
1570308442.6720002,958,586,Left,Released,gaming
1570308442.697,952,570,None,Move,gaming
1570308442.709,952,566,None,Move,gaming
1570308442.72,948,558,None,Move,gaming
1570308442.7329998,947,556,None,Move,gaming
1570308442.7429998,945,552,None,Move,gaming
1570308442.755,940,545,None,Move,gaming
1570308442.766,937,541,None,Move,gaming
1570308442.779,931,531,None,Move,gaming
1570308442.791,931,527,None,Move,gaming
1570308442.804,928,521,None,Move,gaming
1570308442.815,926,518,None,Move,gaming
1570308442.83,926,518,None,Move,gaming
1570308442.913,925,515,None,Move,gaming
1570308442.926,924,510,None,Move,gaming
1570308442.939,923,502,None,Move,gaming
1570308442.952,922,496,None,Move,gaming
1570308442.966,921,480,None,Move,gaming
1570308442.98,919,461,None,Move,gaming
1570308442.992,917,450,None,Move,gaming
1570308443.0029998,914,421,None,Move,gaming
1570308443.0170002,912,390,None,Move,gaming
1570308443.028,912,375,None,Move,gaming
1570308443.042,912,349,None,Move,gaming
1570308443.055,912,337,None,Move,gaming
1570308443.0679998,912,318,None,Move,gaming
1570308443.077,912,313,None,Move,gaming
1570308443.089,912,304,None,Move,gaming
1570308443.101,912,302,None,Move,gaming
1570308443.111,912,302,None,Move,gaming
1570308443.1220002,912,301,None,Move,gaming
1570308443.1360002,912,300,None,Move,gaming
1570308443.248,912,299,None,Move,gaming
1570308443.313,912,299,None,Move,gaming
1570308443.324,912,301,None,Move,gaming
1570308443.337,916,315,None,Move,gaming
1570308443.3479998,920,325,None,Move,gaming
1570308443.359,922,336,None,Move,gaming
1570308443.3720002,931,366,None,Move,gaming
1570308443.3839998,935,392,None,Move,gaming
1570308443.397,937,407,None,Move,gaming
1570308443.406,939,420,None,Move,gaming
1570308443.419,939,458,None,Move,gaming
1570308443.43,939,507,None,Move,gaming
1570308443.4429998,939,564,None,Move,gaming
1570308443.455,934,622,None,Move,gaming
1570308443.478,920,735,None,Drag,gaming
1570308443.4910002,901,804,None,Drag,gaming
1570308443.505,901,807,None,Drag,gaming
1570308443.528,899,808,None,Drag,gaming
1570308443.538,898,808,None,Drag,gaming
1570308443.564,899,808,None,Move,gaming
1570308443.576,903,808,None,Move,gaming
1570308443.587,912,806,None,Move,gaming
1570308443.599,919,806,None,Move,gaming
1570308443.61,945,867,None,Move,gaming
1570308443.625,959,932,None,Move,gaming
1570308443.635,976,1009,None,Move,gaming
1570308443.647,1005,1201,None,Move,gaming
1570308443.669,1015,1197,None,Drag,gaming
1570308443.6820002,1017,1156,None,Drag,gaming
1570308443.6920002,1018,1089,None,Drag,gaming
1570308443.704,1019,1083,None,Drag,gaming
1570308443.716,1020,1081,None,Drag,gaming
1570308443.736,1020,1079,None,Drag,gaming
1570308443.748,1017,1076,None,Drag,gaming
1570308443.7589998,1013,1063,None,Drag,gaming
1570308443.771,1006,1015,None,Drag,gaming
1570308443.782,1002,968,None,Drag,gaming
1570308443.795,993,879,None,Drag,gaming
1570308443.83,993,760,Left,Pressed,gaming
1570308443.83,993,760,None,Move,gaming
1570308443.841,993,727,None,Move,gaming
1570308443.853,993,723,None,Move,gaming
1570308443.863,992,723,None,Move,gaming
1570308443.877,992,723,Right,Pressed,gaming
1570308443.877,992,723,Left,Released,gaming
1570308443.8979998,981,819,None,Drag,gaming
1570308443.91,981,879,None,Drag,gaming
1570308443.9220002,969,997,None,Drag,gaming
1570308443.934,959,1058,None,Drag,gaming
1570308443.948,937,1165,None,Drag,gaming
1570308443.958,925,1117,None,Drag,gaming
1570308443.971,916,1121,None,Drag,gaming
1570308443.985,912,1096,None,Drag,gaming
1570308444.04,912,1079,Left,Pressed,gaming
1570308444.04,912,1079,None,Drag,gaming
1570308444.053,910,1068,None,Drag,gaming
1570308444.065,910,1037,None,Drag,gaming
1570308444.075,907,1011,None,Drag,gaming
1570308444.087,907,965,None,Drag,gaming
1570308444.0979998,907,886,None,Drag,gaming
1570308444.11,907,965,Right,Released,gaming
1570308444.119,907,846,None,Move,gaming
1570308444.133,907,751,None,Move,gaming
1570308444.146,907,737,None,Move,gaming
1570308444.158,906,736,None,Move,gaming
1570308444.158,906,736,Left,Released,gaming
1570308444.188,906,739,None,Drag,gaming
1570308444.201,905,744,None,Drag,gaming
1570308444.2129998,903,747,None,Drag,gaming
1570308444.265,903,750,None,Drag,gaming
1570308444.279,903,773,None,Drag,gaming
1570308444.305,788,1119,Left,Pressed,gaming
1570308444.305,788,1119,None,Drag,gaming
1570308444.316,734,1160,None,Drag,gaming
1570308444.3279998,637,1199,None,Drag,gaming
1570308444.34,605,1128,None,Drag,gaming
1570308444.351,578,1110,None,Drag,gaming
1570308444.3620002,561,1104,None,Drag,gaming
1570308444.375,560,1084,None,Drag,gaming
1570308444.3860002,559,1080,None,Drag,gaming
1570308444.4,558,1077,None,Drag,gaming
1570308444.4120002,558,1076,None,Drag,gaming
1570308444.424,562,1072,None,Drag,gaming
1570308444.435,571,1058,None,Drag,gaming
1570308444.447,575,1049,None,Drag,gaming
1570308444.46,588,1023,None,Drag,gaming
1570308444.472,597,1005,None,Drag,gaming
1570308444.485,588,1023,Right,Released,gaming
1570308444.485,588,1023,Left,Released,gaming
1570308444.5089998,658,862,None,Move,gaming
1570308444.52,675,820,None,Move,gaming
1570308444.532,701,759,None,Move,gaming
1570308444.544,705,746,None,Move,gaming
1570308444.5679998,711,738,Left,Pressed,gaming
1570308444.5679998,711,738,None,Move,gaming
1570308444.581,711,738,Right,Pressed,gaming
1570308444.673,711,737,None,Drag,gaming
1570308444.684,711,737,Right,Released,gaming
1570308444.695,715,737,None,Move,gaming
1570308444.708,725,724,None,Move,gaming
1570308444.721,726,723,None,Move,gaming
1570308444.944,726,717,None,Move,gaming
1570308444.956,699,697,None,Move,gaming
1570308444.968,675,691,None,Move,gaming
1570308444.98,582,689,None,Move,gaming
1570308444.9970002,466,705,None,Move,gaming
1570308445.0089998,299,746,None,Move,gaming
1570308445.019,205,773,None,Move,gaming
1570308445.031,94,817,None,Move,gaming
1570308445.044,-164,914,None,Move,gaming
1570308445.055,-135,961,None,Move,gaming
1570308445.066,-273,1056,None,Move,gaming
1570308445.0779998,-130,1108,None,Move,gaming
1570308445.093,-235,1156,None,Move,gaming
1570308445.1079998,-219,1158,None,Move,gaming
1570308445.109,-219,1158,Left,Released,gaming
1570308445.1320002,-74,1105,None,Move,gaming
1570308445.146,-95,1112,None,Move,gaming
1570308445.157,-16,1083,None,Move,gaming
1570308445.169,-9,1081,None,Move,gaming
1570308445.2,4,1076,None,Move,gaming
1570308445.211,32,1035,None,Move,gaming
1570308445.222,69,998,None,Move,gaming
1570308445.248,205,880,Left,Pressed,gaming
1570308445.248,205,880,None,Move,gaming
1570308445.248,205,880,Left,Released,gaming
1570308445.275,409,752,None,Move,gaming
1570308445.2870002,456,734,None,Move,gaming
1570308445.298,510,725,None,Move,gaming
1570308445.305,514,727,None,Move,gaming
1570308445.312,514,727,None,Move,gaming
1570308445.326,515,728,None,Drag,gaming
1570308445.3520002,515,728,None,Drag,gaming
1570308445.436,515,727,None,Move,gaming
1570308445.45,516,723,None,Move,gaming
1570308445.461,518,719,None,Move,gaming
1570308445.474,520,714,None,Move,gaming
1570308445.4870002,521,714,None,Move,gaming
1570308445.6079998,521,714,None,Drag,gaming
1570308445.6220002,521,714,None,Drag,gaming
1570308445.633,521,715,None,Drag,gaming
1570308445.76,521,716,None,Drag,gaming
1570308445.7729998,521,718,None,Drag,gaming
1570308445.896,521,716,None,Move,gaming
1570308445.959,515,719,None,Drag,gaming
1570308445.972,469,749,None,Drag,gaming
1570308445.986,379,796,None,Drag,gaming
1570308446.0,315,832,None,Drag,gaming
1570308446.0110002,152,919,None,Drag,gaming
1570308446.022,56,969,None,Drag,gaming
1570308446.034,-152,1078,None,Drag,gaming
1570308446.046,-107,1129,None,Drag,gaming
1570308446.07,-97,1113,Left,Pressed,gaming
1570308446.07,-97,1113,None,Drag,gaming
1570308446.081,-145,1135,None,Drag,gaming
1570308446.081,-145,1135,Left,Released,gaming
1570308446.104,-26,1090,None,Drag,gaming
1570308446.1260002,-10,1081,None,Move,gaming
1570308446.1379998,3,1080,None,Move,gaming
1570308446.15,12,1072,None,Move,gaming
1570308446.197,99,1008,None,Move,gaming
1570308446.21,128,973,None,Move,gaming
1570308446.221,147,950,None,Move,gaming
1570308446.232,198,896,None,Move,gaming
1570308446.246,227,871,Left,Pressed,gaming
1570308446.246,227,871,None,Move,gaming
1570308446.258,297,809,None,Move,gaming
1570308446.258,297,809,Left,Released,gaming
1570308446.281,414,728,None,Move,gaming
1570308446.3070002,466,691,Left,Pressed,gaming
1570308446.3070002,466,691,None,Move,gaming
1570308446.319,473,685,None,Move,gaming
1570308446.331,481,679,None,Move,gaming
1570308446.343,482,677,None,Move,gaming
1570308446.357,483,677,None,Move,gaming
1570308446.409,483,677,Right,Pressed,gaming
1570308446.456,483,677,None,Drag,gaming
1570308446.471,483,677,Right,Released,gaming
1570308446.484,489,677,None,Move,gaming
1570308446.4970002,522,680,None,Move,gaming
1570308446.752,518,676,None,Move,gaming
1570308446.764,504,672,None,Move,gaming
1570308446.7770002,444,661,None,Move,gaming
1570308446.778,444,661,Left,Released,gaming
1570308446.805,246,615,None,Move,gaming
1570308446.8170002,42,568,None,Move,gaming
1570308446.831,-92,544,None,Move,gaming
1570308446.843,-316,487,None,Move,gaming
1570308446.857,-321,429,None,Move,gaming
1570308446.869,-160,408,None,Move,gaming
1570308446.883,-307,382,None,Move,gaming
1570308446.896,-257,368,None,Move,gaming
1570308446.91,-111,361,None,Move,gaming
1570308446.9220002,-159,361,None,Move,gaming
1570308446.9320002,-60,359,None,Move,gaming
1570308446.946,-65,359,None,Move,gaming
1570308446.96,-11,359,None,Move,gaming
1570308446.972,-8,359,None,Move,gaming
1570308446.984,0,359,None,Move,gaming
1570308447.016,0,360,None,Move,gaming
1570308447.03,7,372,None,Move,gaming
1570308447.043,23,389,None,Move,gaming
1570308447.055,33,397,None,Move,gaming
1570308447.065,53,415,None,Move,gaming
1570308447.0879998,97,438,Left,Pressed,gaming
1570308447.0879998,97,438,None,Move,gaming
1570308447.0879998,97,438,Left,Released,gaming
1570308447.111,129,457,None,Move,gaming
1570308447.1260002,173,482,None,Move,gaming
1570308447.14,229,514,None,Move,gaming
1570308447.157,282,542,None,Move,gaming
1570308447.169,328,570,None,Move,gaming
1570308447.185,365,593,None,Move,gaming
1570308447.198,378,600,None,Move,gaming
1570308447.212,409,621,None,Move,gaming
1570308447.216,419,629,None,Move,gaming
1570308447.228,426,634,None,Move,gaming
1570308447.24,435,641,None,Move,gaming
1570308447.254,448,654,None,Move,gaming
1570308447.2670002,462,666,None,Move,gaming
1570308447.278,469,673,None,Move,gaming
1570308447.29,487,683,None,Move,gaming
1570308447.302,495,686,None,Move,gaming
1570308447.316,512,687,None,Move,gaming
1570308447.3279998,523,687,None,Move,gaming
1570308447.34,548,684,None,Move,gaming
1570308447.353,578,669,None,Move,gaming
1570308447.3660002,596,662,None,Move,gaming
1570308447.379,616,653,None,Move,gaming
1570308447.3920002,626,649,None,Move,gaming
1570308447.404,632,647,None,Move,gaming
1570308447.416,632,646,None,Move,gaming
1570308447.448,632,646,None,Move,gaming
1570308447.4629998,627,646,None,Move,gaming
1570308447.4770002,624,646,None,Move,gaming
1570308447.486,621,646,None,Move,gaming
1570308447.5110002,615,650,None,Drag,gaming
1570308447.522,610,655,None,Drag,gaming
1570308447.533,609,655,None,Drag,gaming
1570308447.592,608,655,None,Drag,gaming
1570308447.61,608,656,None,Drag,gaming
1570308447.6239998,607,656,None,Drag,gaming
1570308447.646,606,656,None,Move,gaming
1570308447.6720002,605,656,None,Move,gaming
1570308447.685,605,661,None,Move,gaming
1570308447.697,605,666,None,Move,gaming
1570308447.719,605,670,None,Drag,gaming
1570308447.732,603,685,None,Drag,gaming
1570308447.745,601,688,None,Drag,gaming
1570308447.792,601,689,None,Drag,gaming
1570308447.806,599,692,None,Drag,gaming
1570308447.819,598,693,None,Drag,gaming
1570308447.843,597,694,None,Move,gaming
1570308447.857,597,694,None,Move,gaming
1570308447.9929998,596,694,None,Drag,gaming
1570308448.006,595,694,None,Drag,gaming
1570308448.018,594,694,None,Drag,gaming
1570308448.045,594,694,None,Move,gaming
1570308448.056,593,694,None,Move,gaming
1570308448.082,593,687,Left,Pressed,gaming
1570308448.082,593,687,None,Move,gaming
1570308448.095,593,686,None,Move,gaming
1570308448.1079998,593,683,None,Move,gaming
1570308448.1179998,593,682,None,Move,gaming
1570308448.1320002,593,681,None,Move,gaming
1570308448.2970002,593,683,None,Move,gaming
1570308448.2970002,593,683,Left,Released,gaming
1570308448.321,593,702,None,Move,gaming
1570308448.346,593,706,None,Drag,gaming
1570308448.3579998,593,714,None,Drag,gaming
1570308448.441,593,714,Left,Pressed,gaming
1570308448.441,593,714,Right,Released,gaming
1570308448.472,593,713,None,Move,gaming
1570308448.484,593,708,None,Move,gaming
1570308448.496,594,705,None,Move,gaming
1570308448.5370002,594,705,Right,Pressed,gaming
1570308448.585,595,706,None,Drag,gaming
1570308448.585,595,706,Left,Released,gaming
1570308448.61,595,709,None,Drag,gaming
1570308448.623,595,711,None,Drag,gaming
1570308448.6479998,595,716,Left,Pressed,gaming
1570308448.6479998,595,716,None,Drag,gaming
1570308448.657,595,716,None,Drag,gaming
1570308448.671,595,717,None,Drag,gaming
1570308448.671,595,717,Left,Released,gaming
1570308448.694,595,717,None,Move,gaming
1570308448.707,597,717,None,Move,gaming
1570308448.718,599,717,None,Move,gaming
1570308448.731,607,712,None,Move,gaming
1570308448.7429998,608,711,None,Move,gaming
1570308448.756,614,705,None,Move,gaming
1570308448.7670002,617,702,None,Move,gaming
1570308448.778,619,699,None,Move,gaming
1570308448.92,618,701,None,Move,gaming
1570308448.9320002,615,702,None,Move,gaming
1570308448.944,613,705,None,Move,gaming
1570308448.967,607,711,Left,Pressed,gaming
1570308448.967,607,711,None,Move,gaming
1570308448.98,598,722,None,Move,gaming
1570308448.996,590,732,None,Move,gaming
1570308448.996,590,732,Left,Released,gaming
1570308449.032,561,767,None,Drag,gaming
1570308449.046,527,789,None,Drag,gaming
1570308449.07,510,797,Left,Pressed,gaming
1570308449.07,510,797,None,Drag,gaming
1570308449.12,510,797,Right,Released,gaming
1570308449.14,510,797,None,Move,gaming
1570308449.154,517,790,None,Move,gaming
1570308449.165,522,788,None,Move,gaming
1570308449.178,536,783,None,Move,gaming
1570308449.191,540,782,None,Move,gaming
1570308449.206,545,780,None,Move,gaming
1570308449.206,545,780,Left,Released,gaming
1570308449.264,549,779,None,Move,gaming
1570308449.276,558,778,None,Move,gaming
1570308449.288,567,774,None,Move,gaming
1570308449.3,586,766,None,Move,gaming
1570308449.313,605,761,None,Move,gaming
1570308449.325,611,760,None,Move,gaming
1570308449.3379998,618,757,None,Move,gaming
1570308449.349,619,757,None,Move,gaming
1570308449.4,619,757,None,Move,gaming
1570308449.4120002,620,757,None,Move,gaming
1570308449.423,623,757,None,Move,gaming
1570308449.436,631,756,None,Move,gaming
1570308449.447,638,748,None,Move,gaming
1570308449.458,654,736,None,Move,gaming
1570308449.472,663,730,None,Move,gaming
1570308449.484,681,714,None,Move,gaming
1570308449.515,707,677,Left,Pressed,gaming
1570308449.515,707,677,None,Move,gaming
1570308449.528,714,654,None,Move,gaming
1570308449.536,717,643,None,Move,gaming
1570308449.549,718,635,None,Move,gaming
1570308449.549,718,635,Left,Released,gaming
1570308449.573,718,627,None,Move,gaming
1570308449.584,718,625,None,Move,gaming
1570308449.597,715,622,None,Move,gaming
1570308449.62,711,619,None,Drag,gaming
1570308449.6339998,706,614,None,Drag,gaming
1570308449.644,705,610,None,Drag,gaming
1570308449.657,705,607,None,Drag,gaming
1570308449.669,704,603,None,Drag,gaming
1570308449.681,700,583,None,Drag,gaming
1570308449.705,699,576,None,Move,gaming
1570308449.716,694,546,None,Move,gaming
1570308449.728,693,536,None,Move,gaming
1570308449.74,690,519,None,Move,gaming
1570308449.752,690,501,None,Move,gaming
1570308449.765,690,493,None,Move,gaming
1570308449.778,691,476,None,Move,gaming
1570308449.789,693,469,None,Move,gaming
1570308449.801,696,457,None,Move,gaming
1570308449.813,697,453,None,Move,gaming
1570308449.826,698,446,None,Move,gaming
1570308449.837,700,442,None,Move,gaming
1570308449.849,700,436,None,Move,gaming
1570308449.86,702,432,None,Move,gaming
1570308449.8720002,711,423,None,Move,gaming
1570308449.885,718,420,None,Move,gaming
1570308449.897,736,413,None,Move,gaming
1570308449.908,746,410,None,Move,gaming
1570308449.92,755,407,None,Move,gaming
1570308449.9320002,771,403,None,Move,gaming
1570308449.9420002,773,403,None,Move,gaming
1570308449.967,775,401,Left,Pressed,gaming
1570308449.967,775,401,None,Move,gaming
1570308449.979,775,400,None,Move,gaming
1570308449.9910002,776,398,None,Move,gaming
1570308450.002,779,392,None,Move,gaming
1570308450.014,780,390,None,Move,gaming
1570308450.025,785,386,None,Move,gaming
1570308450.025,785,386,Left,Released,gaming
1570308450.048,793,379,None,Move,gaming
1570308450.06,797,376,None,Move,gaming
1570308450.073,801,373,None,Move,gaming
1570308450.086,802,373,None,Move,gaming
1570308450.0979998,805,370,None,Move,gaming
1570308450.111,809,366,None,Move,gaming
1570308450.125,817,361,None,Move,gaming
1570308450.137,821,357,None,Move,gaming
1570308450.1520002,821,354,None,Move,gaming
1570308450.164,822,352,None,Move,gaming
1570308450.179,823,346,None,Move,gaming
1570308450.194,823,341,None,Move,gaming
1570308450.289,824,342,None,Move,gaming
1570308450.301,827,351,None,Move,gaming
1570308450.312,829,358,None,Move,gaming
1570308450.324,829,376,None,Move,gaming
1570308450.337,829,389,None,Move,gaming
1570308450.349,819,428,None,Move,gaming
1570308450.361,789,486,None,Move,gaming
1570308450.373,769,516,None,Move,gaming
1570308450.387,725,601,None,Move,gaming
1570308450.399,697,651,None,Move,gaming
1570308450.411,672,709,None,Move,gaming
1570308450.424,645,767,None,Move,gaming
1570308450.449,610,841,None,Drag,gaming
1570308450.461,592,868,None,Drag,gaming
1570308450.5370002,592,867,None,Move,gaming
1570308450.551,593,865,None,Move,gaming
1570308450.585,587,878,None,Move,gaming
1570308450.607,557,1005,None,Drag,gaming
1570308450.62,491,1166,None,Drag,gaming
1570308450.63,446,1156,None,Drag,gaming
1570308450.643,324,1217,None,Drag,gaming
1570308450.656,261,1131,None,Drag,gaming
1570308450.669,134,1176,None,Drag,gaming
1570308450.68,77,1115,None,Drag,gaming
1570308450.694,-26,1149,None,Drag,gaming
1570308450.706,-80,1127,None,Drag,gaming
1570308450.72,-29,1094,None,Drag,gaming
1570308450.732,-26,1090,None,Drag,gaming
1570308450.745,-2,1080,None,Drag,gaming
1570308450.7570002,-2,1079,None,Drag,gaming
1570308450.768,0,1075,None,Drag,gaming
1570308450.78,4,1063,None,Drag,gaming
1570308450.805,18,1043,None,Move,gaming
1570308450.8170002,127,912,None,Move,gaming
1570308450.829,157,876,None,Move,gaming
1570308450.841,219,801,None,Move,gaming
1570308450.853,255,769,None,Move,gaming
1570308450.877,372,665,Left,Pressed,gaming
1570308450.877,372,665,None,Move,gaming
1570308450.893,448,614,None,Move,gaming
1570308450.893,448,614,Left,Released,gaming
1570308450.919,490,597,None,Move,gaming
1570308450.9320002,490,597,None,Move,gaming
1570308450.945,491,604,None,Move,gaming
1570308450.97,490,597,Left,Pressed,gaming
1570308450.971,490,597,Right,Pressed,gaming
1570308450.985,339,831,None,Drag,gaming
1570308450.998,53,1029,None,Drag,gaming
1570308451.012,-133,1146,None,Drag,gaming
1570308451.025,-150,1169,None,Drag,gaming
1570308451.039,-64,1116,None,Drag,gaming
1570308451.051,-82,1120,None,Drag,gaming
1570308451.063,-28,1089,None,Drag,gaming
1570308451.077,-15,1085,None,Drag,gaming
1570308451.092,-2,1080,None,Drag,gaming
1570308451.106,0,1075,None,Drag,gaming
1570308451.119,4,1066,None,Drag,gaming
1570308451.133,11,1054,None,Drag,gaming
1570308451.146,4,1066,Right,Released,gaming
1570308451.16,38,1027,None,Move,gaming
1570308451.16,38,1027,Left,Released,gaming
1570308451.187,156,923,None,Move,gaming
1570308451.199,199,894,None,Move,gaming
1570308451.211,286,835,None,Move,gaming
1570308451.224,326,812,None,Move,gaming
1570308451.235,399,765,None,Move,gaming
1570308451.2510002,442,737,None,Move,gaming
1570308451.262,460,727,None,Move,gaming
1570308451.276,482,717,None,Move,gaming
1570308451.29,492,713,None,Move,gaming
1570308451.302,494,712,None,Move,gaming
1570308451.313,495,711,None,Move,gaming
1570308451.409,496,711,None,Drag,gaming
1570308451.441,499,713,Left,Pressed,gaming
1570308451.441,499,713,None,Drag,gaming
1570308451.457,499,713,Right,Released,gaming
1570308451.47,502,713,None,Move,gaming
1570308451.482,509,714,None,Move,gaming
1570308451.4970002,513,714,None,Move,gaming
1570308451.51,527,714,None,Move,gaming
1570308451.522,539,713,None,Move,gaming
1570308451.536,549,712,None,Move,gaming
1570308451.5470002,564,708,None,Move,gaming
1570308451.56,572,707,None,Move,gaming
1570308451.573,585,703,None,Move,gaming
1570308451.582,595,701,None,Move,gaming
1570308451.582,595,701,Left,Released,gaming
1570308451.605,618,696,None,Move,gaming
1570308451.6179998,631,692,None,Move,gaming
1570308451.631,639,691,None,Move,gaming
1570308451.646,649,687,None,Move,gaming
1570308451.659,661,684,None,Move,gaming
1570308451.671,668,682,None,Move,gaming
1570308451.6829998,686,678,None,Move,gaming
1570308451.695,695,677,None,Move,gaming
1570308451.708,715,676,None,Move,gaming
1570308451.718,722,676,None,Move,gaming
1570308451.73,729,677,None,Move,gaming
1570308451.742,731,679,None,Move,gaming
1570308451.754,735,684,None,Move,gaming
1570308451.778,737,686,Left,Pressed,gaming
1570308451.778,737,686,None,Drag,gaming
1570308451.79,739,688,None,Drag,gaming
1570308451.84,739,688,None,Drag,gaming
1570308451.84,739,688,Left,Released,gaming
1570308451.869,744,688,None,Move,gaming
1570308451.881,759,688,None,Move,gaming
1570308451.894,766,686,None,Move,gaming
1570308451.907,778,678,None,Move,gaming
1570308451.918,782,675,None,Move,gaming
1570308451.93,788,671,None,Move,gaming
1570308451.9429998,788,671,None,Move,gaming
1570308451.969,788,670,None,Move,gaming
1570308451.982,788,667,None,Move,gaming
1570308451.9929998,790,662,None,Move,gaming
1570308452.0070002,791,658,None,Move,gaming
1570308452.021,794,651,None,Move,gaming
1570308452.033,799,643,None,Move,gaming
1570308452.046,802,639,None,Move,gaming
1570308452.0579998,809,629,None,Move,gaming
1570308452.069,815,623,None,Move,gaming
1570308452.082,822,616,None,Move,gaming
1570308452.095,823,614,None,Move,gaming
1570308452.107,825,611,None,Move,gaming
1570308452.12,826,610,None,Move,gaming
1570308452.131,826,608,None,Move,gaming
1570308452.143,827,606,None,Move,gaming
1570308452.157,830,603,None,Move,gaming
1570308452.169,832,598,None,Move,gaming
1570308452.198,835,594,Left,Pressed,gaming
1570308452.198,835,594,None,Move,gaming
1570308452.211,841,588,None,Move,gaming
1570308452.226,857,577,None,Move,gaming
1570308452.226,857,577,Left,Released,gaming
1570308452.2510002,879,567,None,Move,gaming
1570308452.264,879,567,None,Move,gaming
1570308452.275,884,563,None,Move,gaming
1570308452.288,886,561,None,Move,gaming
1570308452.302,890,559,None,Move,gaming
1570308452.316,893,558,None,Move,gaming
1570308452.3279998,895,557,None,Move,gaming
1570308452.341,897,555,None,Move,gaming
1570308452.354,901,553,None,Move,gaming
1570308452.365,902,552,None,Move,gaming
1570308452.377,905,552,None,Move,gaming
1570308452.39,906,552,None,Move,gaming
1570308452.4020002,907,551,None,Move,gaming
1570308452.414,909,551,None,Move,gaming
1570308452.43,912,549,None,Move,gaming
1570308452.4420002,922,544,None,Move,gaming
1570308452.452,928,542,None,Move,gaming
1570308452.465,943,534,None,Move,gaming
1570308452.4770002,953,527,None,Move,gaming
1570308452.4910002,970,520,None,Move,gaming
1570308452.5029998,974,518,None,Move,gaming
1570308452.516,978,518,None,Move,gaming
1570308452.529,980,518,None,Move,gaming
1570308452.541,982,519,None,Move,gaming
1570308452.564,985,519,None,Drag,gaming
1570308452.577,986,519,None,Drag,gaming
1570308452.601,987,519,None,Drag,gaming
1570308452.6320002,990,518,None,Drag,gaming
1570308452.657,1002,503,None,Move,gaming
1570308452.67,1013,488,None,Move,gaming
1570308452.6829998,1020,481,None,Move,gaming
1570308452.695,1023,480,None,Move,gaming
1570308452.709,1024,480,None,Move,gaming
1570308452.768,1024,479,None,Drag,gaming
1570308452.785,1025,477,None,Drag,gaming
1570308452.799,1025,474,None,Drag,gaming
1570308452.812,1030,465,None,Drag,gaming
1570308452.825,1035,457,None,Drag,gaming
1570308452.837,1039,449,None,Drag,gaming
1570308452.849,1061,419,None,Drag,gaming
1570308452.873,1070,410,None,Move,gaming
1570308452.8860002,1080,401,None,Move,gaming
1570308452.913,1080,401,None,Drag,gaming
1570308452.944,1080,400,None,Drag,gaming
1570308452.959,1084,394,None,Drag,gaming
1570308452.971,1088,388,None,Drag,gaming
1570308452.985,1091,383,None,Drag,gaming
1570308452.9989998,1092,381,None,Drag,gaming
1570308453.026,1100,374,Left,Pressed,gaming
1570308453.026,1100,374,None,Drag,gaming
1570308453.04,1101,372,None,Drag,gaming
1570308453.053,1104,370,None,Drag,gaming
1570308453.065,1113,355,None,Drag,gaming
1570308453.065,1113,355,Left,Released,gaming
1570308453.089,1115,351,None,Move,gaming
1570308453.1020002,1134,330,None,Move,gaming
1570308453.1160002,1145,321,None,Move,gaming
1570308453.131,1153,315,None,Move,gaming
1570308453.144,1154,314,None,Move,gaming
1570308453.167,1159,309,Left,Pressed,gaming
1570308453.167,1159,309,None,Move,gaming
1570308453.18,1164,303,None,Move,gaming
1570308453.1920002,1165,297,None,Move,gaming
1570308453.204,1169,289,None,Move,gaming
1570308453.222,1171,282,None,Move,gaming
1570308453.24,1172,278,None,Move,gaming
1570308453.256,1172,277,None,Move,gaming
1570308453.256,1172,277,Left,Released,gaming
1570308453.32,1172,276,None,Move,gaming
1570308453.333,1171,276,None,Move,gaming
1570308453.3620002,1167,278,Left,Pressed,gaming
1570308453.3620002,1167,278,None,Move,gaming
1570308453.3760002,1166,279,None,Move,gaming
1570308453.3879998,1163,282,None,Move,gaming
1570308453.399,1158,284,None,Move,gaming
1570308453.4120002,1146,293,None,Move,gaming
1570308453.427,1130,305,None,Move,gaming
1570308453.438,1121,312,None,Move,gaming
1570308453.451,1110,325,None,Move,gaming
1570308453.464,1102,333,None,Move,gaming
1570308453.476,1087,350,None,Move,gaming
1570308453.4889998,1065,375,None,Move,gaming
1570308453.4889998,1065,375,Left,Released,gaming
1570308453.514,1012,423,None,Move,gaming
1570308453.528,986,446,None,Move,gaming
1570308453.539,929,484,None,Move,gaming
1570308453.551,907,501,None,Move,gaming
1570308453.564,862,535,None,Move,gaming
1570308453.576,841,552,None,Move,gaming
1570308453.589,837,554,None,Move,gaming
1570308453.599,834,557,None,Move,gaming
1570308453.6120002,832,559,None,Move,gaming
1570308453.6260002,828,566,None,Move,gaming
1570308453.639,822,580,None,Move,gaming
1570308453.651,816,592,None,Move,gaming
1570308453.674,809,607,None,Drag,gaming
1570308453.688,785,658,None,Drag,gaming
1570308453.7,783,662,None,Drag,gaming
1570308453.712,781,663,None,Drag,gaming
1570308453.725,780,664,None,Drag,gaming
1570308453.736,776,666,None,Drag,gaming
1570308453.75,775,666,None,Drag,gaming
1570308453.992,774,670,None,Move,gaming
1570308454.015,771,689,None,Drag,gaming
1570308454.029,769,723,None,Drag,gaming
1570308454.041,763,759,None,Drag,gaming
1570308454.054,762,768,None,Drag,gaming
1570308454.065,757,784,None,Drag,gaming
1570308454.077,753,792,None,Drag,gaming
1570308454.09,746,812,None,Drag,gaming
1570308454.101,738,825,None,Drag,gaming
1570308454.1139998,711,867,None,Drag,gaming
1570308454.127,697,894,None,Drag,gaming
1570308454.137,653,940,None,Drag,gaming
1570308454.1479998,638,956,None,Drag,gaming
1570308454.159,623,971,None,Drag,gaming
1570308454.17,604,986,None,Drag,gaming
1570308454.178,599,993,None,Drag,gaming
1570308454.189,596,996,None,Drag,gaming
1570308454.285,397,1124,None,Move,gaming
1570308454.2970002,310,1155,None,Move,gaming
1570308454.309,283,1100,None,Move,gaming
1570308454.322,261,1094,None,Move,gaming
1570308454.335,258,1082,None,Move,gaming
1570308454.36,276,1065,Left,Pressed,gaming
1570308454.36,276,1065,None,Move,gaming
1570308454.3760002,305,1030,None,Move,gaming
1570308454.39,324,1002,None,Move,gaming
1570308454.4020002,358,949,None,Move,gaming
1570308454.415,374,922,None,Move,gaming
1570308454.429,415,862,None,Move,gaming
1570308454.4429998,458,799,None,Move,gaming
1570308454.457,500,757,None,Move,gaming
1570308454.471,518,741,None,Move,gaming
1570308454.485,573,701,None,Move,gaming
1570308454.498,617,671,None,Move,gaming
1570308454.5089998,630,664,None,Move,gaming
1570308454.521,641,660,None,Move,gaming
1570308454.536,641,660,Right,Pressed,gaming
1570308454.548,642,660,None,Drag,gaming
1570308454.656,642,658,None,Drag,gaming
1570308454.67,642,652,None,Drag,gaming
1570308454.684,642,646,None,Drag,gaming
1570308454.684,642,646,Left,Released,gaming
1570308454.707,638,628,None,Drag,gaming
1570308454.729,638,626,None,Move,gaming
1570308454.7410002,637,623,None,Move,gaming
1570308454.901,637,623,None,Move,gaming
1570308454.914,644,620,None,Move,gaming
1570308454.927,651,615,None,Move,gaming
1570308454.939,667,600,None,Move,gaming
1570308454.952,674,595,None,Move,gaming
1570308454.966,683,588,None,Move,gaming
1570308454.979,684,586,None,Move,gaming
1570308455.08,685,586,None,Drag,gaming
1570308455.096,685,586,None,Drag,gaming
1570308455.1079998,687,587,None,Drag,gaming
1570308455.121,691,587,None,Drag,gaming
1570308455.135,715,586,None,Drag,gaming
1570308455.163,739,576,None,Move,gaming
1570308455.18,800,560,None,Move,gaming
1570308455.197,822,556,None,Move,gaming
1570308455.226,836,556,Left,Pressed,gaming
1570308455.226,836,556,None,Move,gaming
1570308455.242,836,557,None,Move,gaming
1570308455.254,836,556,Right,Pressed,gaming
1570308455.268,837,557,None,Drag,gaming
1570308455.312,839,557,None,Drag,gaming
1570308455.329,848,557,None,Drag,gaming
1570308455.329,848,557,Left,Released,gaming
1570308455.356,866,557,None,Drag,gaming
1570308455.381,888,553,None,Move,gaming
1570308455.394,919,550,None,Move,gaming
1570308455.407,923,550,None,Move,gaming
1570308455.421,928,550,None,Move,gaming
1570308455.4320002,929,550,None,Move,gaming
1570308455.458,929,551,None,Drag,gaming
1570308455.469,929,552,None,Drag,gaming
1570308455.504,929,553,None,Drag,gaming
1570308455.53,930,556,Left,Pressed,gaming
1570308455.53,930,556,None,Drag,gaming
1570308455.543,930,557,None,Drag,gaming
1570308455.556,930,557,Right,Released,gaming
1570308455.569,931,557,None,Move,gaming
1570308455.579,932,557,None,Move,gaming
1570308455.579,932,557,Left,Released,gaming
1570308455.605,934,557,None,Move,gaming
1570308455.619,934,556,None,Move,gaming
1570308455.728,932,555,None,Move,gaming
1570308455.74,932,552,None,Move,gaming
1570308455.752,932,547,None,Move,gaming
1570308455.765,932,534,None,Move,gaming
1570308455.789,945,518,Left,Pressed,gaming
1570308455.789,945,518,None,Move,gaming
1570308455.802,956,509,None,Move,gaming
1570308455.815,957,508,None,Move,gaming
1570308455.827,961,508,None,Move,gaming
1570308455.841,961,508,Right,Pressed,gaming
1570308455.842,961,508,Left,Released,gaming
1570308455.877,961,509,None,Drag,gaming
1570308455.889,963,511,None,Drag,gaming
1570308455.9020002,963,511,None,Drag,gaming
1570308455.913,963,512,None,Drag,gaming
1570308455.928,963,514,None,Drag,gaming
1570308455.954,964,515,Left,Pressed,gaming
1570308455.954,964,515,None,Drag,gaming
1570308455.967,966,515,None,Drag,gaming
1570308455.979,973,515,None,Drag,gaming
1570308455.9910002,973,515,Right,Released,gaming
1570308456.004,977,515,None,Move,gaming
1570308456.02,996,515,None,Move,gaming
1570308456.021,996,515,Left,Released,gaming
1570308456.046,1010,520,None,Move,gaming
1570308456.0579998,1014,529,None,Move,gaming
1570308456.07,1017,543,None,Move,gaming
1570308456.083,1017,580,None,Move,gaming
1570308456.1079998,1016,601,None,Drag,gaming
1570308456.121,1009,623,None,Drag,gaming
1570308456.1339998,1006,627,None,Drag,gaming
1570308456.145,1001,635,None,Drag,gaming
1570308456.157,1001,637,None,Drag,gaming
1570308456.169,1001,639,None,Drag,gaming
1570308456.1820002,1004,640,None,Drag,gaming
1570308456.194,1015,640,None,Drag,gaming
1570308456.207,1029,634,None,Drag,gaming
1570308456.234,1015,640,Left,Pressed,gaming
1570308456.234,1015,640,Right,Released,gaming
1570308456.246,1098,568,None,Move,gaming
1570308456.2589998,1104,562,None,Move,gaming
1570308456.272,1104,562,Right,Pressed,gaming
1570308456.32,1104,561,None,Drag,gaming
1570308456.334,1104,553,None,Drag,gaming
1570308456.347,1104,537,None,Drag,gaming
1570308456.36,1106,516,None,Drag,gaming
1570308456.3739998,1109,503,None,Drag,gaming
1570308456.3879998,1119,481,None,Drag,gaming
1570308456.389,1119,481,Left,Released,gaming
1570308456.413,1131,452,None,Drag,gaming
1570308456.426,1154,411,None,Drag,gaming
1570308456.448,1161,401,None,Move,gaming
1570308456.46,1170,389,None,Move,gaming
1570308456.484,1171,389,None,Drag,gaming
1570308456.534,1178,381,Left,Pressed,gaming
1570308456.534,1178,381,None,Drag,gaming
1570308456.549,1197,365,None,Drag,gaming
1570308456.561,1206,359,None,Drag,gaming
1570308456.574,1218,351,None,Drag,gaming
1570308456.586,1206,359,Right,Released,gaming
1570308456.5979998,1241,335,None,Move,gaming
1570308456.611,1257,320,None,Move,gaming
1570308456.627,1263,312,None,Move,gaming
1570308456.64,1265,308,None,Move,gaming
1570308456.654,1266,306,None,Move,gaming
1570308456.655,1266,306,Left,Released,gaming
1570308456.679,1267,302,None,Move,gaming
1570308456.69,1268,295,None,Move,gaming
1570308456.71,1270,281,Left,Pressed,gaming
1570308456.71,1270,281,None,Move,gaming
1570308456.724,1273,262,None,Move,gaming
1570308456.7370002,1277,245,None,Move,gaming
1570308456.75,1279,240,None,Move,gaming
1570308456.762,1283,230,None,Move,gaming
1570308456.776,1285,228,None,Move,gaming
1570308456.789,1288,226,None,Move,gaming
1570308456.802,1290,224,None,Move,gaming
1570308456.8479998,1290,224,None,Move,gaming
1570308456.849,1290,224,Left,Released,gaming
1570308456.958,1290,215,None,Move,gaming
1570308456.97,1293,207,None,Move,gaming
1570308457.0010002,1293,206,Left,Pressed,gaming
1570308457.0010002,1293,206,Right,Pressed,gaming
1570308457.0129998,1294,207,None,Drag,gaming
1570308457.0270002,1294,214,None,Drag,gaming
1570308457.039,1294,216,None,Drag,gaming
1570308457.053,1294,220,None,Drag,gaming
1570308457.1279998,1294,220,None,Drag,gaming
1570308457.129,1294,220,Left,Released,gaming
1570308457.158,1296,203,None,Drag,gaming
1570308457.171,1320,158,None,Drag,gaming
1570308457.197,1345,112,None,Move,gaming
1570308457.208,1471,-107,None,Move,gaming
1570308457.222,1510,-69,None,Move,gaming
1570308457.235,1581,-128,None,Move,gaming
1570308457.2470002,1612,-62,None,Move,gaming
1570308457.2610002,1657,-89,None,Move,gaming
1570308457.276,1673,-43,None,Move,gaming
1570308457.29,1677,-13,None,Move,gaming
1570308457.32,1677,0,None,Move,gaming
1570308457.346,1674,3,None,Drag,gaming
1570308457.359,1666,21,None,Drag,gaming
1570308457.373,1654,45,None,Drag,gaming
1570308457.385,1631,73,None,Drag,gaming
1570308457.4,1610,95,None,Drag,gaming
1570308457.415,1596,107,None,Drag,gaming
1570308457.43,1573,123,None,Drag,gaming
1570308457.445,1551,136,None,Drag,gaming
1570308457.457,1538,140,None,Drag,gaming
1570308457.481,1522,140,Left,Pressed,gaming
1570308457.481,1522,140,None,Drag,gaming
1570308457.494,1514,140,None,Drag,gaming
1570308457.5110002,1496,139,None,Drag,gaming
1570308457.522,1514,140,Right,Released,gaming
1570308457.534,1491,140,None,Move,gaming
1570308457.5470002,1485,150,None,Move,gaming
1570308457.561,1480,161,None,Move,gaming
1570308457.576,1457,220,None,Move,gaming
1570308457.577,1457,220,Left,Released,gaming
1570308457.6079998,1451,229,None,Drag,gaming
1570308457.6220002,1437,242,None,Drag,gaming
1570308457.635,1434,243,None,Drag,gaming
1570308457.6479998,1425,243,None,Drag,gaming
1570308457.661,1422,243,None,Drag,gaming
1570308457.6720002,1417,243,None,Drag,gaming
1570308457.685,1417,243,None,Drag,gaming
1570308457.72,1416,243,None,Move,gaming
1570308457.7589998,1416,242,Left,Pressed,gaming
1570308457.7589998,1416,242,None,Drag,gaming
1570308457.77,1420,238,None,Drag,gaming
1570308457.783,1430,226,None,Drag,gaming
1570308457.796,1468,183,None,Drag,gaming
1570308457.8070002,1507,145,None,Drag,gaming
1570308457.82,1659,38,None,Drag,gaming
1570308457.832,1740,-18,None,Drag,gaming
1570308457.844,1837,-60,None,Drag,gaming
1570308457.856,2093,-172,None,Drag,gaming
1570308457.87,1740,0,Right,Released,gaming
1570308457.881,1991,-46,None,Move,gaming
1570308457.893,2112,-112,None,Move,gaming
1570308457.907,1993,-40,None,Move,gaming
1570308457.908,1993,-40,Left,Released,gaming
1570308457.931,1939,-11,None,Move,gaming
1570308457.9420002,1921,-3,None,Move,gaming
1570308457.954,1921,-1,None,Move,gaming
1570308458.008,1919,0,None,Move,gaming
1570308458.085,1916,0,Left,Pressed,gaming
1570308458.085,1916,0,None,Move,gaming
1570308458.0979998,1898,10,None,Move,gaming
1570308458.11,1898,10,Right,Pressed,gaming
1570308458.1220002,1886,18,None,Drag,gaming
1570308458.133,1843,48,None,Drag,gaming
1570308458.145,1776,86,None,Drag,gaming
1570308458.157,1747,103,None,Drag,gaming
1570308458.157,1747,103,Left,Released,gaming
1570308458.18,1635,153,None,Drag,gaming
1570308458.2029998,1555,180,Left,Pressed,gaming
1570308458.2029998,1555,180,None,Drag,gaming
1570308458.214,1532,187,None,Drag,gaming
1570308458.226,1518,193,None,Drag,gaming
1570308458.238,1498,199,None,Drag,gaming
1570308458.25,1459,211,None,Drag,gaming
1570308458.2629998,1498,199,Right,Released,gaming
1570308458.275,1449,215,None,Move,gaming
1570308458.289,1420,223,None,Move,gaming
1570308458.301,1416,224,None,Move,gaming
1570308458.301,1416,224,Left,Released,gaming
1570308458.327,1410,227,None,Move,gaming
1570308458.337,1405,233,None,Move,gaming
1570308458.35,1399,240,None,Move,gaming
1570308458.3720002,1378,265,None,Drag,gaming
1570308458.383,1358,284,None,Drag,gaming
1570308458.397,1339,297,None,Drag,gaming
1570308458.41,1330,305,None,Drag,gaming
1570308458.4220002,1325,306,None,Drag,gaming
1570308458.435,1320,307,None,Drag,gaming
1570308458.448,1319,308,None,Drag,gaming
1570308458.47,1318,308,Left,Pressed,gaming
1570308458.471,1318,308,None,Move,gaming
1570308458.482,1316,309,None,Move,gaming
1570308458.494,1316,309,None,Move,gaming
1570308458.506,1311,312,None,Move,gaming
1570308458.518,1308,314,None,Move,gaming
1570308458.532,1302,320,None,Move,gaming
1570308458.544,1297,325,None,Move,gaming
1570308458.5570002,1294,331,None,Move,gaming
1570308458.571,1288,339,None,Move,gaming
1570308458.583,1294,331,Right,Pressed,gaming
1570308458.597,1285,343,None,Drag,gaming
1570308458.61,1273,358,None,Drag,gaming
1570308458.61,1273,358,Left,Released,gaming
1570308458.635,1265,362,None,Drag,gaming
1570308458.647,1264,364,None,Drag,gaming
1570308458.661,1261,364,None,Drag,gaming
1570308458.674,1260,364,None,Drag,gaming
1570308458.687,1258,364,None,Drag,gaming
1570308458.7,1255,364,None,Drag,gaming
1570308458.735,1243,356,Left,Pressed,gaming
1570308458.736,1243,356,None,Move,gaming
1570308458.748,1236,346,None,Move,gaming
1570308458.76,1231,340,None,Move,gaming
1570308458.772,1224,330,None,Move,gaming
1570308458.782,1220,325,None,Move,gaming
1570308458.794,1217,322,None,Move,gaming
1570308458.8070002,1214,318,None,Move,gaming
1570308458.8070002,1214,318,Left,Released,gaming
1570308459.0170002,1215,315,None,Move,gaming
1570308459.03,1236,303,None,Move,gaming
1570308459.042,1337,248,None,Move,gaming
1570308459.055,1411,211,None,Move,gaming
1570308459.0670002,1606,120,None,Move,gaming
1570308459.079,1709,76,None,Move,gaming
1570308459.093,1933,-34,None,Move,gaming
1570308459.117,2009,-38,Left,Pressed,gaming
1570308459.117,2009,-38,None,Move,gaming
1570308459.131,2086,-73,None,Move,gaming
1570308459.143,1974,-25,None,Move,gaming
1570308459.155,1985,-30,None,Move,gaming
1570308459.168,1926,-2,None,Move,gaming
1570308459.18,1921,-1,None,Move,gaming
1570308459.217,1919,0,None,Move,gaming
1570308459.265,1919,0,None,Move,gaming
1570308459.28,1919,0,None,Move,gaming
1570308459.28,1919,0,Left,Released,gaming
1570308459.3070002,1897,14,None,Move,gaming
1570308459.322,1881,29,None,Move,gaming
1570308459.333,1873,36,None,Move,gaming
1570308459.345,1853,52,None,Move,gaming
1570308459.356,1841,60,None,Move,gaming
1570308459.367,1826,71,None,Move,gaming
1570308459.38,1800,88,None,Move,gaming
1570308459.391,1780,103,None,Move,gaming
1570308459.404,1746,129,None,Move,gaming
1570308459.417,1723,148,None,Move,gaming
1570308459.43,1666,190,None,Move,gaming
1570308459.441,1638,209,None,Move,gaming
1570308459.454,1578,253,None,Move,gaming
1570308459.466,1533,291,None,Move,gaming
1570308459.481,1510,310,None,Move,gaming
1570308459.492,1484,336,None,Move,gaming
1570308459.4970002,1474,344,None,Move,gaming
1570308459.508,1464,354,None,Move,gaming
1570308459.52,1452,366,None,Move,gaming
1570308459.534,1430,388,None,Move,gaming
1570308459.5470002,1405,419,None,Move,gaming
1570308459.559,1392,439,None,Move,gaming
1570308459.571,1365,477,None,Move,gaming
1570308459.583,1355,487,None,Move,gaming
1570308460.305,1355,487,None,Move,gaming
1570308460.3170002,1353,487,None,Move,gaming
1570308460.329,1352,487,None,Move,gaming
1570308460.345,1350,487,None,Move,gaming
1570308460.357,1349,487,None,Move,gaming
1570308460.37,1349,486,None,Move,gaming
1570308460.393,1348,486,None,Move,gaming
1570308460.441,1347,486,None,Move,gaming
1570308460.553,1346,486,None,Move,gaming
1570308460.609,1346,486,None,Move,gaming
1570308460.649,1345,486,None,Move,gaming
1570308460.661,1344,486,None,Move,gaming
1570308460.6720002,1343,485,None,Move,gaming
1570308460.684,1342,485,None,Move,gaming
1570308460.696,1340,485,None,Move,gaming
1570308460.708,1338,485,None,Move,gaming
1570308460.72,1335,485,None,Move,gaming
1570308460.732,1329,485,None,Move,gaming
1570308460.744,1325,485,None,Move,gaming
1570308460.756,1320,486,None,Move,gaming
1570308460.766,1314,487,None,Move,gaming
1570308460.778,1298,494,None,Move,gaming
1570308460.792,1290,497,None,Move,gaming
1570308460.8170002,1286,498,None,Drag,gaming
1570308460.829,1273,501,None,Drag,gaming
1570308460.841,1273,501,None,Drag,gaming
1570308461.04,1272,501,None,Move,gaming
1570308460.305,1355,487,None,Move,gaming
1570308460.3170002,1353,487,None,Move,gaming
1570308460.329,1352,487,None,Move,gaming
1570308460.345,1350,487,None,Move,gaming
1570308460.357,1349,487,None,Move,gaming
1570308460.37,1349,486,None,Move,gaming
1570308460.393,1348,486,None,Move,gaming
1570308460.441,1347,486,None,Move,gaming
1570308460.553,1346,486,None,Move,gaming
1570308460.609,1346,486,None,Move,gaming
1570308460.649,1345,486,None,Move,gaming
1570308460.661,1344,486,None,Move,gaming
1570308460.6720002,1343,485,None,Move,gaming
1570308460.684,1342,485,None,Move,gaming
1570308460.696,1340,485,None,Move,gaming
1570308460.708,1338,485,None,Move,gaming
1570308460.72,1335,485,None,Move,gaming
1570308460.732,1329,485,None,Move,gaming
1570308460.744,1325,485,None,Move,gaming
1570308460.756,1320,486,None,Move,gaming
1570308460.766,1314,487,None,Move,gaming
1570308460.778,1298,494,None,Move,gaming
1570308460.792,1290,497,None,Move,gaming
1570308460.8170002,1286,498,Left,Pressed,gaming
1570308460.8170002,1286,498,None,Drag,gaming
1570308460.829,1273,501,None,Drag,gaming
1570308460.841,1273,501,None,Drag,gaming
1570308460.841,1273,501,Left,Released,gaming
