client_timestamp,x,y,button,state,window
1569112368.587,995,775,Left,Pressed,browsing
1569112368.718,995,773,Left,Released,gaming
1569112431.043,958,540,None,Move,gaming
1569112431.07,822,575,None,Move,gaming
1569112431.095,733,596,None,Move,gaming
1569112431.119,727,598,None,Move,gaming
1569112431.144,727,599,None,Move,gaming
1569112431.1620002,727,600,None,Move,gaming
1569112431.191,729,619,None,Move,gaming
1569112431.217,728,643,None,Move,gaming
1569112431.234,722,660,None,Move,gaming
1569112431.282,701,705,None,Move,gaming
1569112431.305,686,726,None,Move,gaming
1569112431.324,675,744,None,Move,gaming
1569112431.341,668,753,None,Move,gaming
1569112431.3660002,666,760,None,Move,gaming
1569112431.381,666,762,None,Move,gaming
1569112431.409,666,767,None,Move,gaming
1569112431.424,666,769,None,Move,gaming
1569112431.449,666,773,None,Move,gaming
1569112431.464,670,794,None,Move,gaming
1569112431.514,674,808,Left,Pressed,gaming
1569112431.514,674,808,None,Drag,gaming
1569112431.534,676,810,None,Drag,gaming
1569112431.556,677,810,None,Drag,gaming
1569112431.572,680,812,None,Drag,gaming
1569112431.585,693,819,None,Drag,gaming
1569112431.585,693,819,Left,Released,gaming
1569112431.6239998,708,828,None,Move,gaming
1569112431.6379998,724,844,None,Move,gaming
1569112431.655,733,855,None,Move,gaming
1569112431.673,740,864,None,Move,gaming
1569112431.687,743,867,None,Move,gaming
1569112431.708,745,871,None,Move,gaming
1569112431.726,745,871,Right,Pressed,gaming
1569112431.803,745,871,Right,Released,gaming
1569112431.883,745,871,Right,Pressed,gaming
1569112431.9629998,745,871,Right,Released,gaming
1569112432.0270002,745,871,None,Move,gaming
1569112432.042,745,869,None,Move,gaming
1569112432.059,745,865,None,Move,gaming
1569112432.071,744,863,None,Move,gaming
1569112432.0879998,743,858,None,Move,gaming
1569112432.1139998,741,854,None,Move,gaming
1569112432.1339998,740,851,None,Move,gaming
1569112432.153,740,850,None,Move,gaming
1569112432.347,740,850,None,Move,gaming
1569112432.361,740,851,None,Move,gaming
1569112432.3839998,740,858,None,Move,gaming
1569112432.407,745,867,None,Move,gaming
1569112432.4320002,754,880,None,Move,gaming
1569112432.458,758,886,None,Move,gaming
1569112432.48,760,888,None,Move,gaming
1569112432.495,766,892,None,Move,gaming
1569112432.536,771,894,Left,Pressed,gaming
1569112432.536,771,894,None,Drag,gaming
1569112432.56,801,901,None,Drag,gaming
1569112432.5879998,842,906,None,Drag,gaming
1569112432.5879998,842,906,Left,Released,gaming
1569112432.6179998,855,906,None,Move,gaming
1569112432.63,921,916,None,Move,gaming
1569112432.646,948,923,None,Move,gaming
1569112432.665,959,924,None,Move,gaming
1569112432.68,969,925,None,Move,gaming
1569112432.699,985,927,None,Move,gaming
1569112432.7470002,991,927,Left,Pressed,gaming
1569112432.7470002,991,927,None,Drag,gaming
1569112432.7670002,993,926,None,Drag,gaming
1569112432.779,994,925,None,Drag,gaming
1569112432.799,1003,919,None,Drag,gaming
1569112432.82,1011,919,None,Drag,gaming
1569112432.82,1011,919,Left,Released,gaming
1569112432.847,1012,919,None,Move,gaming
1569112432.8579998,1013,919,None,Move,gaming
1569112432.871,1017,919,None,Move,gaming
1569112432.9020002,1025,917,Left,Pressed,gaming
1569112432.9020002,1025,917,None,Drag,gaming
1569112432.921,1047,907,None,Drag,gaming
1569112432.94,1073,895,None,Drag,gaming
1569112432.94,1073,895,Left,Released,gaming
1569112432.988,1088,890,None,Move,gaming
1569112433.005,1094,890,None,Move,gaming
1569112433.107,1094,889,Left,Pressed,gaming
1569112433.107,1094,889,None,Drag,gaming
1569112433.107,1094,889,Left,Released,gaming
1569112433.141,1094,887,None,Move,gaming
1569112433.163,1094,881,None,Move,gaming
1569112433.181,1094,881,None,Move,gaming
1569112433.275,1093,879,None,Move,gaming
1569112433.295,1080,878,None,Move,gaming
1569112433.31,1070,878,None,Move,gaming
1569112433.321,1066,878,None,Move,gaming
1569112433.334,1059,878,None,Move,gaming
1569112433.346,1055,878,None,Move,gaming
1569112433.3679998,1047,876,None,Move,gaming
1569112433.3860002,1045,876,None,Move,gaming
1569112433.408,1043,875,None,Move,gaming
1569112433.418,1041,875,None,Move,gaming
1569112433.4329998,1036,875,None,Move,gaming
1569112433.456,1024,875,None,Move,gaming
1569112433.471,1014,875,None,Move,gaming
1569112433.486,1000,875,None,Move,gaming
1569112433.502,978,875,None,Move,gaming
1569112433.534,917,875,None,Move,gaming
1569112433.571,820,880,None,Move,gaming
1569112433.592,801,886,None,Move,gaming
1569112433.609,792,889,None,Move,gaming
1569112433.657,780,891,Left,Pressed,gaming
1569112433.657,780,891,None,Drag,gaming
1569112433.678,776,891,None,Drag,gaming
1569112433.689,775,891,None,Drag,gaming
1569112433.71,773,891,None,Drag,gaming
1569112433.71,773,891,Left,Released,gaming
1569112433.752,765,888,None,Move,gaming
1569112433.764,761,888,None,Move,gaming
1569112433.793,761,888,Right,Pressed,gaming
1569112433.883,761,888,Right,Released,gaming
1569112433.915,761,887,None,Move,gaming
1569112433.929,762,885,None,Move,gaming
1569112433.945,770,881,None,Move,gaming
1569112433.969,790,875,None,Move,gaming
1569112433.9870002,805,874,None,Move,gaming
1569112434.005,825,872,None,Move,gaming
1569112434.028,838,872,None,Move,gaming
1569112434.048,845,874,None,Move,gaming
1569112434.066,861,878,None,Move,gaming
1569112434.079,882,883,None,Move,gaming
1569112434.1020002,922,889,None,Move,gaming
1569112434.1320002,959,889,None,Move,gaming
1569112434.153,967,889,None,Move,gaming
1569112434.167,971,888,None,Move,gaming
1569112434.1820002,973,888,None,Move,gaming
1569112434.234,974,888,Left,Pressed,gaming
1569112434.234,974,888,None,Drag,gaming
1569112434.256,977,888,None,Drag,gaming
1569112434.256,977,888,Left,Released,gaming
1569112434.379,978,887,None,Move,gaming
1569112434.435,978,887,None,Move,gaming
1569112434.454,972,887,None,Move,gaming
1569112434.472,959,887,None,Move,gaming
1569112434.49,936,887,None,Move,gaming
1569112434.5129998,893,887,None,Move,gaming
1569112434.529,863,887,None,Move,gaming
1569112434.5570002,810,884,None,Move,gaming
1569112434.571,788,879,None,Move,gaming
1569112434.586,783,879,None,Move,gaming
1569112434.6079998,771,877,None,Move,gaming
1569112434.621,768,877,None,Move,gaming
1569112434.67,768,877,Left,Pressed,gaming
1569112434.67,768,877,None,Drag,gaming
1569112434.685,767,877,None,Drag,gaming
1569112434.685,767,877,Left,Released,gaming
1569112434.812,767,877,None,Move,gaming
1569112434.859,767,877,Right,Pressed,gaming
1569112435.019,767,877,Right,Released,gaming
1569112435.0370002,767,876,None,Move,gaming
1569112435.062,767,868,None,Move,gaming
1569112435.079,767,863,None,Move,gaming
1569112435.0979998,766,860,None,Move,gaming
1569112435.1120002,765,859,None,Move,gaming
1569112435.179,764,858,Left,Pressed,gaming
1569112435.179,764,858,None,Drag,gaming
1569112435.211,763,857,None,Drag,gaming
1569112435.226,761,856,None,Drag,gaming
1569112435.244,759,853,None,Drag,gaming
1569112435.262,754,846,None,Drag,gaming
1569112435.283,750,841,None,Drag,gaming
1569112435.283,750,841,Left,Released,gaming
1569112435.324,747,834,None,Move,gaming
1569112435.344,746,825,None,Move,gaming
1569112435.367,746,822,None,Move,gaming
1569112435.3860002,746,820,None,Move,gaming
1569112435.401,746,817,None,Move,gaming
1569112435.42,746,810,None,Move,gaming
1569112435.447,745,798,None,Move,gaming
1569112435.4629998,743,790,None,Move,gaming
1569112435.481,742,785,None,Move,gaming
1569112435.5,741,783,None,Move,gaming
1569112435.603,741,782,Left,Pressed,gaming
1569112435.603,741,782,None,Drag,gaming
1569112435.6260002,740,778,None,Drag,gaming
1569112435.645,740,774,None,Drag,gaming
1569112435.665,738,768,None,Drag,gaming
1569112435.665,738,768,Left,Released,gaming
1569112435.704,737,760,None,Move,gaming
1569112435.7270002,737,757,None,Move,gaming
1569112435.827,737,754,Left,Pressed,gaming
1569112435.827,737,754,None,Drag,gaming
1569112435.853,734,747,None,Drag,gaming
1569112435.873,733,744,None,Drag,gaming
1569112435.887,731,737,None,Drag,gaming
1569112435.887,731,737,Left,Released,gaming
1569112435.929,729,731,None,Move,gaming
1569112435.948,726,716,None,Move,gaming
1569112435.965,726,715,None,Move,gaming
1569112436.0110002,726,713,Left,Pressed,gaming
1569112436.0110002,726,713,None,Drag,gaming
1569112436.025,729,707,None,Drag,gaming
1569112436.042,739,694,None,Drag,gaming
1569112436.065,757,666,None,Drag,gaming
1569112436.08,762,658,None,Drag,gaming
1569112436.0979998,770,646,None,Drag,gaming
1569112436.0979998,770,646,Left,Released,gaming
1569112436.1379998,777,637,None,Move,gaming
1569112436.153,778,636,None,Move,gaming
1569112436.173,779,636,None,Move,gaming
1569112436.186,780,636,None,Move,gaming
1569112436.226,794,636,Left,Pressed,gaming
1569112436.226,794,636,None,Drag,gaming
1569112436.2429998,822,634,None,Drag,gaming
1569112436.2610002,868,628,None,Drag,gaming
1569112436.28,936,617,None,Drag,gaming
1569112436.28,936,617,Left,Released,gaming
1569112436.311,954,616,None,Move,gaming
1569112436.334,960,616,None,Move,gaming
1569112436.3579998,960,616,None,Move,gaming
1569112436.397,962,616,Left,Pressed,gaming
1569112436.397,962,616,None,Drag,gaming
1569112436.416,964,616,None,Drag,gaming
1569112436.434,967,617,None,Drag,gaming
1569112436.434,967,617,Left,Released,gaming
1569112436.468,969,617,None,Move,gaming
1569112436.495,980,613,None,Move,gaming
1569112436.58,980,612,Left,Pressed,gaming
1569112436.58,980,612,None,Drag,gaming
1569112436.6079998,983,608,None,Drag,gaming
1569112436.6279998,987,599,None,Drag,gaming
1569112436.6279998,987,599,Left,Released,gaming
1569112436.673,988,587,None,Move,gaming
1569112436.689,989,565,None,Move,gaming
1569112436.7029998,989,564,None,Move,gaming
1569112436.7570002,989,563,Left,Pressed,gaming
1569112436.7570002,989,563,None,Drag,gaming
1569112436.77,989,559,None,Drag,gaming
1569112436.782,987,554,None,Drag,gaming
1569112436.8079998,983,548,None,Drag,gaming
1569112436.825,983,545,None,Drag,gaming
1569112436.842,982,537,None,Drag,gaming
1569112436.842,982,537,Left,Released,gaming
1569112436.879,980,532,None,Move,gaming
1569112436.9870002,979,532,Left,Pressed,gaming
1569112436.9870002,979,532,None,Drag,gaming
1569112437.008,978,527,None,Drag,gaming
1569112437.008,978,527,Left,Released,gaming
1569112437.033,978,525,None,Move,gaming
1569112437.063,977,516,None,Move,gaming
1569112437.101,977,516,Right,Pressed,gaming
1569112437.204,977,516,Right,Released,gaming
1569112437.299,977,516,Right,Pressed,gaming
1569112437.314,977,516,None,Drag,gaming
1569112437.333,974,532,Left,Pressed,gaming
1569112437.333,974,532,None,Drag,gaming
1569112437.351,969,556,None,Drag,gaming
1569112437.3679998,966,580,None,Drag,gaming
1569112437.3920002,960,598,None,Drag,gaming
1569112437.407,959,602,None,Drag,gaming
1569112437.426,959,605,None,Drag,gaming
1569112437.4429998,959,607,None,Drag,gaming
1569112437.457,959,605,Right,Released,gaming
1569112437.457,959,605,Left,Released,gaming
1569112437.508,946,638,None,Move,gaming
1569112437.535,924,688,None,Move,gaming
1569112437.564,894,752,None,Move,gaming
1569112437.63,859,800,Left,Pressed,gaming
1569112437.63,859,800,None,Drag,gaming
1569112437.65,854,805,None,Drag,gaming
1569112437.67,849,809,None,Drag,gaming
1569112437.6829998,849,809,None,Drag,gaming
1569112437.695,848,809,None,Drag,gaming
1569112437.7229998,848,809,Right,Released,gaming
1569112437.7229998,848,809,Left,Released,gaming
1569112437.768,833,830,None,Move,gaming
1569112437.788,831,837,None,Move,gaming
1569112437.801,825,857,None,Move,gaming
1569112437.824,822,866,None,Move,gaming
1569112437.883,822,866,Right,Released,gaming
1569112437.931,821,867,None,Move,gaming
1569112437.9529998,821,867,None,Move,gaming
1569112437.969,820,870,None,Move,gaming
1569112437.994,820,881,None,Move,gaming
1569112438.1,820,881,Right,Released,gaming
1569112438.139,820,883,None,Move,gaming
1569112438.161,820,898,None,Move,gaming
1569112438.1829998,820,909,None,Move,gaming
1569112438.309,817,934,Right,Released,gaming
1569112438.371,817,934,Right,Pressed,gaming
1569112438.39,817,935,None,Drag,gaming
1569112438.411,818,937,None,Drag,gaming
1569112438.475,818,937,Left,Pressed,gaming
1569112438.475,818,937,Right,Released,gaming
1569112438.5070002,821,937,None,Move,gaming
1569112438.5070002,821,937,Left,Released,gaming
1569112453.45,827,934,None,Move,gaming
1569112453.468,823,931,None,Move,gaming
1569112453.45,827,934,None,Move,gaming
1569112453.468,823,931,None,Move,gaming
1569112453.4829998,819,931,None,Move,gaming
1569112453.5089998,816,931,None,Move,gaming
1569112453.6260002,815,931,None,Move,gaming
1569112453.646,813,931,None,Move,gaming
1569112453.699,812,931,None,Move,gaming
1569112453.72,792,923,None,Move,gaming
1569112453.7410002,685,895,None,Move,gaming
1569112453.764,596,880,None,Move,gaming
1569112453.779,580,877,None,Move,gaming
1569112453.803,580,876,None,Move,gaming
1569112453.826,579,876,None,Move,gaming
1569112453.836,578,875,None,Move,gaming
1569112453.97,578,875,None,Move,gaming
1569112453.9870002,578,874,None,Move,gaming
1569112454.008,579,874,None,Move,gaming
1569112454.0229998,579,872,None,Move,gaming
1569112454.0470002,585,865,None,Move,gaming
1569112454.0570002,590,860,None,Move,gaming
1569112454.071,600,852,None,Move,gaming
1569112454.093,611,842,None,Move,gaming
1569112454.1079998,613,840,None,Move,gaming
1569112454.131,614,840,None,Move,gaming
1569112454.17,615,839,None,Move,gaming
1569112454.194,619,838,None,Move,gaming
1569112454.205,627,831,None,Move,gaming
1569112454.229,646,816,None,Move,gaming
1569112454.2489998,656,809,None,Move,gaming
1569112454.27,664,804,None,Move,gaming
1569112454.281,667,804,None,Move,gaming
1569112454.299,674,802,None,Move,gaming
1569112454.394,675,802,None,Move,gaming
1569112454.409,675,806,None,Move,gaming
1569112454.438,675,826,None,Move,gaming
1569112454.456,667,841,None,Move,gaming
1569112454.4770002,667,841,None,Move,gaming
1569112454.77,667,841,None,Move,gaming
1569112454.795,667,836,None,Move,gaming
1569112454.809,667,832,None,Move,gaming
1569112454.825,665,821,None,Move,gaming
1569112454.85,661,795,None,Move,gaming
1569112454.875,652,764,None,Move,gaming
1569112454.89,649,754,None,Move,gaming
1569112454.906,646,741,None,Move,gaming
1569112454.923,641,726,None,Move,gaming
1569112454.949,639,715,None,Move,gaming
1569112454.976,638,709,None,Move,gaming
1569112454.9889998,638,707,None,Move,gaming
1569112455.014,638,701,None,Move,gaming
1569112455.043,638,689,None,Move,gaming
1569112455.0570002,639,683,None,Move,gaming
1569112455.074,642,670,None,Move,gaming
1569112455.099,652,646,None,Move,gaming
1569112455.1139998,656,640,None,Move,gaming
1569112455.131,659,633,None,Move,gaming
1569112455.149,663,625,None,Move,gaming
1569112455.17,667,617,None,Move,gaming
1569112455.187,677,606,None,Move,gaming
1569112455.206,685,599,None,Move,gaming
1569112455.2270002,696,595,None,Move,gaming
1569112455.248,705,594,None,Move,gaming
1569112455.2629998,717,591,None,Move,gaming
1569112455.286,743,589,None,Move,gaming
1569112455.301,757,587,None,Move,gaming
1569112455.3179998,766,587,None,Move,gaming
1569112455.336,775,587,None,Move,gaming
1569112455.3520002,781,587,None,Move,gaming
1569112455.3720002,785,587,None,Move,gaming
1569112455.383,787,587,None,Move,gaming
1569112455.395,787,587,None,Move,gaming
1569112472.208,788,587,Left,Pressed,gaming
1569112472.208,788,587,None,Drag,gaming
1569112472.23,788,747,None,Drag,gaming
1569112472.244,790,800,None,Drag,gaming
1569112472.262,792,805,None,Drag,gaming
1569112472.278,793,807,None,Drag,gaming
1569112472.278,793,807,Left,Released,gaming
1569112472.434,793,807,None,Move,gaming
1569112472.466,793,807,None,Move,gaming
1569112472.488,793,805,None,Move,gaming
1569112472.506,793,805,None,Move,gaming
1569112472.536,793,801,None,Move,gaming
1569112472.562,804,781,None,Move,gaming
1569112472.572,813,773,None,Move,gaming
1569112472.601,832,757,None,Move,gaming
1569112472.6239998,842,751,None,Move,gaming
1569112472.639,843,750,None,Move,gaming
1569112472.659,843,750,Right,Pressed,gaming
1569112472.762,843,750,Right,Released,gaming
1569112472.834,843,750,None,Move,gaming
1569112472.8660002,845,749,None,Move,gaming
1569112473.258,841,749,Left,Pressed,gaming
1569112473.258,841,749,None,Drag,gaming
1569112473.275,821,741,None,Drag,gaming
1569112473.2870002,804,734,None,Drag,gaming
1569112473.288,804,734,Left,Released,gaming
1569112473.332,736,707,None,Move,gaming
1569112473.353,657,691,None,Move,gaming
1569112473.3720002,645,691,None,Move,gaming
1569112473.39,640,691,None,Move,gaming
1569112473.414,631,692,None,Move,gaming
1569112473.459,630,692,Left,Pressed,gaming
1569112473.46,630,692,None,Drag,gaming
1569112473.4770002,625,692,None,Drag,gaming
1569112473.478,625,692,Left,Released,gaming
1569112473.52,624,693,None,Move,gaming
1569112473.542,624,693,None,Move,gaming
1569112473.594,622,692,None,Move,gaming
1569112473.6139998,612,678,None,Move,gaming
1569112473.631,606,669,None,Move,gaming
1569112473.66,603,665,None,Move,gaming
1569112473.679,602,660,None,Move,gaming
1569112473.709,601,644,None,Move,gaming
1569112473.722,601,627,None,Move,gaming
1569112473.734,601,554,None,Move,gaming
1569112473.754,587,405,None,Move,gaming
1569112473.7670002,578,357,None,Move,gaming
1569112473.79,554,230,None,Move,gaming
1569112473.802,536,184,None,Move,gaming
1569112473.826,491,141,None,Move,gaming
1569112473.844,433,93,None,Move,gaming
1569112473.8579998,358,33,None,Move,gaming
1569112473.877,306,-2,None,Move,gaming
1569112473.8860002,288,-10,None,Move,gaming
1569112473.91,263,-8,None,Move,gaming
1569112473.928,260,0,None,Move,gaming
1569112474.171,259,-1,None,Move,gaming
1569112474.185,258,0,None,Move,gaming
1569112474.242,261,0,None,Move,gaming
1569112474.2589998,336,46,None,Move,gaming
1569112474.276,455,129,None,Move,gaming
1569112474.2970002,578,226,None,Move,gaming
1569112474.315,671,333,None,Move,gaming
1569112474.336,724,429,None,Move,gaming
1569112474.351,746,462,None,Move,gaming
1569112474.3639998,768,482,None,Move,gaming
1569112474.389,796,503,None,Move,gaming
1569112474.41,803,507,None,Move,gaming
1569112474.475,803,507,None,Move,gaming
1569112474.495,796,505,None,Move,gaming
1569112474.518,780,497,None,Move,gaming
1569112474.5370002,777,496,None,Move,gaming
1569112474.57,777,496,None,Move,gaming
1569112474.592,774,496,None,Move,gaming
1569112474.606,773,497,None,Move,gaming
1569112474.641,756,502,None,Move,gaming
1569112474.659,742,506,None,Move,gaming
1569112474.676,715,512,None,Move,gaming
1569112474.702,691,515,None,Move,gaming
1569112474.722,677,517,None,Move,gaming
1569112474.738,673,518,None,Move,gaming
1569112474.756,667,521,None,Move,gaming
1569112474.795,662,523,Left,Pressed,gaming
1569112474.795,662,523,None,Drag,gaming
1569112474.822,658,525,None,Drag,gaming
1569112474.841,654,527,None,Drag,gaming
1569112474.865,640,533,None,Drag,gaming
1569112474.88,622,537,None,Drag,gaming
1569112474.88,622,537,Left,Released,gaming
1569112474.928,596,545,None,Move,gaming
1569112474.94,572,548,None,Move,gaming
1569112474.96,571,548,None,Move,gaming
1569112475.178,571,549,None,Move,gaming
1569112475.191,571,551,None,Move,gaming
1569112475.208,571,555,None,Move,gaming
1569112475.226,575,559,None,Move,gaming
1569112475.2510002,577,561,None,Move,gaming
1569112475.498,578,561,None,Move,gaming
1569112475.538,578,562,None,Move,gaming
1569112475.579,578,563,None,Move,gaming
1569112475.594,578,564,None,Move,gaming
1569112475.613,578,564,None,Move,gaming
1569112475.629,578,566,None,Move,gaming
1569112475.641,578,567,None,Move,gaming
1569112475.665,578,573,None,Move,gaming
1569112475.681,578,577,None,Move,gaming
1569112475.698,578,587,None,Move,gaming
1569112475.714,581,601,None,Move,gaming
1569112475.748,587,619,None,Move,gaming
1569112475.7729998,590,629,None,Move,gaming
1569112475.812,593,634,Left,Pressed,gaming
1569112475.812,593,634,None,Drag,gaming
1569112475.835,593,635,None,Drag,gaming
1569112475.875,595,637,None,Drag,gaming
1569112475.893,597,639,None,Drag,gaming
1569112475.92,598,640,None,Drag,gaming
1569112475.921,598,640,Left,Released,gaming
1569112475.961,605,643,None,Move,gaming
1569112475.976,609,644,None,Move,gaming
1569112475.998,611,646,None,Move,gaming
1569112476.014,612,647,None,Move,gaming
1569112476.035,613,649,None,Move,gaming
1569112476.071,615,650,Left,Pressed,gaming
1569112476.071,615,650,None,Drag,gaming
1569112476.071,615,650,Left,Released,gaming
1569112476.218,615,650,None,Move,gaming
1569112476.3379998,617,650,None,Move,gaming
1569112476.3520002,618,650,None,Move,gaming
1569112476.3679998,625,650,None,Move,gaming
1569112476.385,632,650,None,Move,gaming
1569112476.399,634,650,None,Move,gaming
1569112476.4220002,634,650,None,Move,gaming
1569112476.794,634,649,None,Move,gaming
1569112476.811,634,648,None,Move,gaming
1569112476.833,633,647,None,Move,gaming
1569112476.847,632,646,None,Move,gaming
1569112476.8739998,632,645,None,Move,gaming
1569112476.893,631,644,None,Move,gaming
1569112476.914,630,643,None,Move,gaming
1569112476.946,629,641,None,Move,gaming
1569112476.968,629,641,None,Move,gaming
1569112476.985,629,640,None,Move,gaming
1569112476.9970002,629,639,None,Move,gaming
1569112477.0270002,629,639,None,Move,gaming
1569112477.044,628,638,None,Move,gaming
1569112477.099,627,637,None,Move,gaming
1569112477.13,627,637,None,Move,gaming
1569112477.186,627,636,None,Move,gaming
1569112477.202,627,634,None,Move,gaming
1569112477.25,627,634,None,Move,gaming
1569112477.29,627,633,None,Move,gaming
1569112477.322,627,633,None,Move,gaming
1569112477.346,627,631,None,Move,gaming
1569112477.3639998,627,631,None,Move,gaming
1569112477.394,627,630,None,Move,gaming
1569112477.435,627,630,None,Move,gaming
1569112477.962,627,629,None,Move,gaming
1569112478.034,627,628,None,Move,gaming
1569112478.498,627,627,None,Move,gaming
1569112478.514,627,625,None,Move,gaming
1569112478.539,627,624,None,Move,gaming
1569112478.559,627,623,None,Move,gaming
1569112478.572,627,622,None,Move,gaming
1569112478.691,627,622,None,Move,gaming
1569112479.026,627,622,None,Move,gaming
1569112479.0979998,627,622,None,Move,gaming
1569112479.202,627,623,None,Move,gaming
1569112479.242,627,624,None,Move,gaming
1569112479.275,628,624,None,Move,gaming
1569112479.302,629,627,None,Move,gaming
1569112479.316,629,627,None,Move,gaming
1569112479.355,629,628,None,Move,gaming
1569112479.3860002,629,629,None,Move,gaming
1569112479.406,630,630,None,Move,gaming
1569112479.427,630,631,None,Move,gaming
1569112479.447,630,633,None,Move,gaming
1569112479.461,631,634,None,Move,gaming
1569112479.4870002,631,635,None,Move,gaming
1569112479.531,631,636,None,Move,gaming
1569112479.542,631,636,None,Move,gaming
1569112479.563,632,638,None,Move,gaming
1569112479.594,632,638,None,Move,gaming
1569112479.617,633,639,None,Move,gaming
1569112479.722,633,639,None,Move,gaming
1569112479.742,634,640,None,Move,gaming
1569112479.765,637,643,None,Move,gaming
1569112479.7770002,637,643,None,Move,gaming
1569112479.805,638,644,None,Move,gaming
1569112479.825,639,645,None,Move,gaming
1569112479.84,640,645,None,Move,gaming
1569112479.8579998,640,646,None,Move,gaming
1569112479.8979998,641,646,None,Move,gaming
1569112479.913,643,648,None,Move,gaming
1569112479.935,645,649,None,Move,gaming
1569112479.955,645,650,None,Move,gaming
1569112479.975,645,651,None,Move,gaming
1569112479.995,645,652,None,Move,gaming
1569112480.01,645,653,None,Move,gaming
1569112480.03,643,655,None,Move,gaming
1569112480.051,640,656,None,Move,gaming
1569112480.371,638,656,None,Move,gaming
1569112480.418,638,656,None,Move,gaming
1569112480.531,638,656,None,Move,gaming
1569112480.562,638,656,None,Move,gaming
1569112480.587,639,657,None,Move,gaming
1569112480.605,639,658,None,Move,gaming
1569112480.627,638,661,None,Move,gaming
1569112480.643,638,661,None,Move,gaming
1569112481.066,638,661,None,Move,gaming
1569112481.089,637,661,None,Move,gaming
1569112481.103,636,661,None,Move,gaming
1569112481.12,635,661,None,Move,gaming
1569112481.3639998,635,661,None,Move,gaming
1569112481.3860002,630,676,None,Move,gaming
1569112481.409,622,693,None,Move,gaming
1569112481.431,608,723,None,Move,gaming
1569112481.454,603,752,None,Move,gaming
1569112481.465,602,759,None,Move,gaming
1569112481.4829998,596,777,None,Move,gaming
1569112481.508,594,783,None,Move,gaming
1569112481.532,594,785,None,Move,gaming
1569112481.542,597,785,None,Move,gaming
1569112481.559,603,784,None,Move,gaming
1569112481.574,613,775,None,Move,gaming
1569112481.593,617,770,None,Move,gaming
1569112481.851,618,770,None,Move,gaming
1569112481.863,619,770,None,Move,gaming
1569112481.883,623,772,None,Move,gaming
1569112481.901,623,772,None,Move,gaming
1569112481.9220002,624,774,None,Move,gaming
1569112481.954,625,774,None,Move,gaming
1569112482.195,625,775,None,Move,gaming
1569112482.217,630,782,None,Move,gaming
1569112482.2329998,631,783,None,Move,gaming
1569112482.266,632,784,None,Move,gaming
1569112482.288,633,784,None,Move,gaming
1569112482.3070002,635,784,None,Move,gaming
1569112482.33,636,784,None,Move,gaming
1569112482.37,637,784,None,Move,gaming
1569112482.41,638,785,None,Move,gaming
1569112482.431,641,788,None,Move,gaming
1569112482.449,648,793,None,Move,gaming
1569112482.467,673,800,None,Move,gaming
1569112482.478,678,803,None,Move,gaming
1569112482.49,682,804,None,Move,gaming
1569112482.635,683,804,None,Move,gaming
1569112482.653,686,797,None,Move,gaming
1569112482.6720002,689,793,None,Move,gaming
1569112482.691,696,789,None,Move,gaming
1569112482.7129998,705,787,None,Move,gaming
1569112482.73,717,787,None,Move,gaming
1569112482.755,745,799,None,Move,gaming
1569112482.774,772,811,None,Move,gaming
1569112482.8070002,816,832,None,Move,gaming
1569112482.827,840,846,None,Move,gaming
1569112482.843,850,854,None,Move,gaming
1569112482.8639998,856,859,None,Move,gaming
1569112482.875,860,862,None,Move,gaming
1569112482.889,862,864,None,Move,gaming
1569112482.914,864,869,None,Move,gaming
1569112482.926,865,869,None,Move,gaming
1569112482.978,865,870,None,Move,gaming
1569112482.996,866,872,None,Move,gaming
1569112483.0089998,869,874,None,Move,gaming
1569112483.024,870,876,None,Move,gaming
1569112483.046,877,881,None,Move,gaming
1569112483.0670002,880,884,None,Move,gaming
1569112483.083,880,885,None,Move,gaming
1569112483.103,881,885,None,Move,gaming
1569112483.1220002,882,885,None,Move,gaming
1569112483.178,882,885,None,Move,gaming
1569112483.21,883,886,None,Move,gaming
1569112483.232,884,887,None,Move,gaming
1569112483.245,884,888,None,Move,gaming
1569112483.2670002,885,888,None,Move,gaming
1569112483.288,887,888,None,Move,gaming
1569112483.3079998,890,891,None,Move,gaming
1569112483.325,892,892,None,Move,gaming
1569112483.345,895,892,None,Move,gaming
1569112483.3639998,901,898,None,Move,gaming
1569112483.379,909,901,None,Move,gaming
1569112483.391,911,904,None,Move,gaming
1569112483.407,921,911,None,Move,gaming
1569112483.431,931,919,None,Move,gaming
1569112483.449,946,928,None,Move,gaming
1569112483.459,957,937,None,Move,gaming
1569112483.469,964,944,None,Move,gaming
1569112483.4770002,969,949,None,Move,gaming
1569112483.4889998,977,954,None,Move,gaming
1569112483.51,989,963,None,Move,gaming
1569112483.533,1001,971,None,Move,gaming
1569112483.546,1003,972,None,Move,gaming
1569112483.5670002,1005,974,None,Move,gaming
1569112483.587,1006,975,None,Move,gaming
1569112483.603,1008,977,None,Move,gaming
1569112483.619,1009,977,None,Move,gaming
1569112483.637,1009,979,None,Move,gaming
1569112483.657,1010,980,None,Move,gaming
1569112483.706,1011,980,None,Move,gaming
1569112483.762,1011,980,Left,Pressed,gaming
1569112483.762,1011,980,None,Drag,gaming
1569112483.778,1012,980,None,Drag,gaming
1569112483.778,1012,980,Left,Released,gaming
1569112483.8820002,1012,980,None,Move,gaming
1569112483.9020002,1008,980,None,Move,gaming
1569112483.917,1001,981,None,Move,gaming
1569112483.939,990,981,None,Move,gaming
1569112483.967,977,981,None,Move,gaming
1569112483.978,963,981,None,Move,gaming
1569112483.9970002,944,984,None,Move,gaming
1569112484.021,907,985,None,Move,gaming
1569112484.051,857,985,None,Move,gaming
1569112484.07,833,985,None,Move,gaming
1569112484.087,805,985,None,Move,gaming
1569112484.103,781,985,None,Move,gaming
1569112484.119,755,985,None,Move,gaming
1569112484.141,715,986,None,Move,gaming
1569112484.17,672,986,None,Move,gaming
1569112484.188,658,986,None,Move,gaming
1569112484.207,648,986,None,Move,gaming
1569112484.226,632,986,None,Move,gaming
1569112484.2370002,625,986,None,Move,gaming
1569112484.2470002,617,986,None,Move,gaming
1569112484.269,592,986,None,Move,gaming
1569112484.281,586,986,None,Move,gaming
1569112484.306,566,986,None,Move,gaming
1569112484.322,564,986,None,Move,gaming
1569112484.34,562,986,None,Move,gaming
1569112484.37,562,986,Left,Pressed,gaming
1569112484.467,562,986,Left,Released,gaming
1569112484.4889998,561,974,None,Move,gaming
1569112484.514,554,920,None,Move,gaming
1569112484.536,539,885,None,Move,gaming
1569112484.552,517,845,None,Move,gaming
1569112484.5670002,499,818,None,Move,gaming
1569112484.5779998,484,796,None,Move,gaming
1569112484.589,474,786,None,Move,gaming
1569112484.6020002,461,775,None,Move,gaming
1569112484.621,450,766,None,Move,gaming
1569112484.635,445,763,None,Move,gaming
1569112484.644,444,762,None,Move,gaming
1569112484.655,444,761,None,Move,gaming
1569112484.669,443,759,None,Move,gaming
1569112484.69,443,758,None,Move,gaming
1569112484.704,443,758,None,Move,gaming
1569112484.729,443,756,None,Move,gaming
1569112484.7410002,443,754,None,Move,gaming
1569112484.768,444,752,None,Move,gaming
1569112484.794,444,752,None,Move,gaming
1569112484.811,444,751,None,Move,gaming
1569112484.83,444,751,None,Move,gaming
1569112484.867,445,750,None,Move,gaming
1569112484.8839998,446,749,None,Move,gaming
1569112484.923,454,744,Left,Pressed,gaming
1569112484.924,454,744,None,Drag,gaming
1569112484.9429998,476,728,None,Drag,gaming
1569112484.97,504,704,None,Drag,gaming
1569112484.986,512,695,None,Drag,gaming
1569112485.0110002,532,661,None,Drag,gaming
1569112485.032,545,648,None,Drag,gaming
1569112485.046,555,638,None,Drag,gaming
1569112485.07,564,630,None,Drag,gaming
1569112485.09,567,628,None,Drag,gaming
1569112485.105,568,628,None,Drag,gaming
1569112485.119,569,628,None,Drag,gaming
1569112485.13,572,628,None,Drag,gaming
1569112485.147,576,628,None,Drag,gaming
1569112485.169,580,627,None,Drag,gaming
1569112485.1920002,583,626,None,Drag,gaming
1569112485.211,584,626,None,Drag,gaming
1569112485.258,585,625,None,Drag,gaming
1569112485.271,587,625,None,Drag,gaming
1569112485.294,591,621,None,Drag,gaming
1569112485.312,596,617,None,Drag,gaming
1569112485.333,608,608,None,Drag,gaming
1569112485.354,619,599,None,Drag,gaming
1569112485.37,625,595,None,Drag,gaming
1569112485.385,628,594,None,Drag,gaming
1569112485.416,629,592,None,Drag,gaming
1569112485.416,629,592,Left,Released,gaming
1569112485.474,631,592,None,Move,gaming
1569112485.4989998,635,592,None,Move,gaming
1569112485.522,642,592,None,Move,gaming
1569112485.536,646,592,None,Move,gaming
1569112485.5470002,659,592,None,Move,gaming
1569112485.564,676,593,None,Move,gaming
1569112485.591,715,600,None,Move,gaming
1569112485.611,776,607,None,Move,gaming
1569112485.64,836,612,None,Move,gaming
1569112485.6620002,880,614,None,Move,gaming
1569112485.676,904,618,None,Move,gaming
1569112485.7,935,624,None,Move,gaming
1569112485.722,955,626,None,Move,gaming
1569112485.735,972,630,None,Move,gaming
1569112485.752,982,631,None,Move,gaming
1569112485.776,989,634,None,Move,gaming
1569112485.79,992,635,None,Move,gaming
1569112485.805,994,635,None,Move,gaming
1569112486.042,989,635,Left,Pressed,gaming
1569112486.043,989,635,None,Drag,gaming
1569112486.0779998,951,638,None,Drag,gaming
1569112486.105,897,647,None,Drag,gaming
1569112486.1320002,778,663,None,Drag,gaming
1569112486.1479998,726,663,None,Drag,gaming
1569112486.176,666,663,None,Drag,gaming
1569112486.187,637,663,None,Drag,gaming
1569112486.215,605,665,None,Drag,gaming
1569112486.236,580,670,None,Drag,gaming
1569112486.2529998,569,672,None,Drag,gaming
1569112486.271,563,673,None,Drag,gaming
1569112486.293,557,674,None,Drag,gaming
1569112486.304,556,674,None,Drag,gaming
1569112486.321,553,674,None,Drag,gaming
1569112486.343,551,675,None,Drag,gaming
1569112486.36,548,675,None,Drag,gaming
1569112486.375,546,675,None,Drag,gaming
1569112486.3879998,543,675,None,Drag,gaming
1569112486.414,537,675,None,Drag,gaming
1569112486.44,530,675,None,Drag,gaming
1569112486.454,528,675,None,Drag,gaming
1569112486.455,528,675,Left,Released,gaming
1569112486.659,528,676,None,Move,gaming
1569112486.69,528,677,None,Move,gaming
1569112486.73,529,677,None,Move,gaming
1569112486.756,529,678,None,Move,gaming
1569112486.77,530,678,None,Move,gaming
1569112486.802,530,680,None,Move,gaming
1569112486.825,532,682,None,Move,gaming
1569112486.85,532,682,None,Move,gaming
1569112486.861,533,683,None,Move,gaming
1569112486.875,533,683,None,Move,gaming
1569112486.899,533,684,None,Move,gaming
1569112486.9220002,533,685,None,Move,gaming
1569112486.936,533,686,None,Move,gaming
1569112486.962,532,687,None,Move,gaming
1569112486.982,523,688,None,Move,gaming
1569112486.9970002,506,688,None,Move,gaming
1569112487.0270002,460,688,None,Move,gaming
1569112487.046,433,688,None,Move,gaming
1569112487.0670002,400,688,None,Move,gaming
1569112487.097,373,688,None,Move,gaming
1569112487.117,348,688,None,Move,gaming
1569112487.133,335,688,None,Move,gaming
1569112487.164,322,688,None,Move,gaming
1569112487.179,321,688,None,Move,gaming
1569112487.275,320,689,None,Move,gaming
1569112487.29,317,692,None,Move,gaming
1569112487.3070002,312,696,None,Move,gaming
1569112487.321,310,698,None,Move,gaming
1569112487.336,306,703,None,Move,gaming
1569112487.346,300,707,None,Move,gaming
1569112487.3679998,298,710,None,Move,gaming
1569112487.385,295,711,None,Move,gaming
1569112487.4020002,293,714,None,Move,gaming
1569112487.418,291,716,None,Move,gaming
1569112487.43,291,718,None,Move,gaming
1569112487.4529998,290,722,None,Move,gaming
1569112487.467,290,723,None,Move,gaming
1569112487.498,289,725,Left,Pressed,gaming
1569112487.498,289,725,None,Drag,gaming
1569112487.554,290,725,None,Drag,gaming
1569112487.577,302,721,None,Drag,gaming
1569112487.5879998,319,713,None,Drag,gaming
1569112487.613,356,696,None,Drag,gaming
1569112487.6360002,398,677,None,Drag,gaming
1569112487.6479998,411,672,None,Drag,gaming
1569112487.668,438,663,None,Drag,gaming
1569112487.698,456,658,None,Drag,gaming
1569112487.716,462,657,None,Drag,gaming
1569112487.732,468,656,None,Drag,gaming
1569112487.754,473,656,None,Drag,gaming
1569112487.77,474,655,None,Drag,gaming
1569112487.784,477,655,None,Drag,gaming
1569112487.8079998,480,654,None,Drag,gaming
1569112487.825,481,654,None,Drag,gaming
1569112487.847,488,654,None,Drag,gaming
1569112487.869,498,654,None,Drag,gaming
1569112487.885,504,652,None,Drag,gaming
1569112487.896,507,652,None,Drag,gaming
1569112487.921,509,651,None,Drag,gaming
1569112487.954,510,651,None,Drag,gaming
1569112487.9929998,512,651,None,Drag,gaming
1569112488.012,512,651,None,Drag,gaming
1569112488.698,513,651,None,Drag,gaming
1569112488.72,508,655,None,Drag,gaming
1569112488.7329998,497,660,None,Drag,gaming
1569112488.758,477,668,None,Drag,gaming
1569112488.784,453,676,None,Drag,gaming
1569112488.7970002,434,682,None,Drag,gaming
1569112488.8079998,425,687,None,Drag,gaming
1569112488.82,408,695,None,Drag,gaming
1569112488.833,401,698,None,Drag,gaming
1569112488.846,384,707,None,Drag,gaming
1569112488.8579998,371,714,None,Drag,gaming
1569112488.873,365,718,None,Drag,gaming
1569112488.891,344,729,None,Drag,gaming
1569112488.904,338,733,None,Drag,gaming
1569112488.92,330,736,None,Drag,gaming
1569112488.938,326,738,None,Drag,gaming
1569112488.957,326,738,None,Drag,gaming
1569112488.978,324,740,None,Drag,gaming
1569112488.996,323,740,None,Drag,gaming
1569112489.0110002,323,741,None,Drag,gaming
1569112489.032,321,742,None,Drag,gaming
1569112489.123,321,740,None,Drag,gaming
1569112489.1360002,334,724,None,Drag,gaming
1569112489.16,382,682,None,Drag,gaming
1569112489.1820002,438,638,None,Drag,gaming
1569112489.1929998,460,624,None,Drag,gaming
1569112489.215,523,581,None,Drag,gaming
1569112489.226,549,565,None,Drag,gaming
1569112489.25,577,550,None,Drag,gaming
1569112489.3,603,538,None,Drag,gaming
1569112489.3179998,609,536,None,Drag,gaming
1569112489.343,622,534,None,Drag,gaming
1569112489.3620002,634,531,None,Drag,gaming
1569112489.38,637,529,None,Drag,gaming
1569112489.399,638,529,None,Drag,gaming
1569112489.4220002,645,527,None,Drag,gaming
1569112489.436,648,526,None,Drag,gaming
1569112489.456,651,525,None,Drag,gaming
1569112489.468,655,525,None,Drag,gaming
1569112489.49,659,524,None,Drag,gaming
1569112489.504,660,524,None,Drag,gaming
1569112489.544,663,523,None,Drag,gaming
1569112489.556,663,523,None,Drag,gaming
1569112489.658,662,523,None,Drag,gaming
1569112489.676,652,530,None,Drag,gaming
1569112489.688,646,533,None,Drag,gaming
1569112489.709,626,544,None,Drag,gaming
1569112489.729,607,554,None,Drag,gaming
1569112489.746,572,574,None,Drag,gaming
1569112489.766,546,588,None,Drag,gaming
1569112489.789,485,624,None,Drag,gaming
1569112489.806,435,652,None,Drag,gaming
1569112489.8170002,414,664,None,Drag,gaming
1569112489.832,372,686,None,Drag,gaming
1569112489.8520002,329,710,None,Drag,gaming
1569112489.869,313,719,None,Drag,gaming
1569112489.891,301,728,None,Drag,gaming
1569112489.9,299,730,None,Drag,gaming
1569112489.926,297,734,None,Drag,gaming
1569112489.946,295,739,None,Drag,gaming
1569112489.965,291,742,None,Drag,gaming
1569112489.98,288,746,None,Drag,gaming
1569112490.0089998,283,752,None,Drag,gaming
1569112490.021,283,752,None,Drag,gaming
1569112490.202,283,752,None,Drag,gaming
1569112490.2229998,287,751,None,Drag,gaming
1569112490.234,290,751,None,Drag,gaming
1569112490.2510002,294,748,None,Drag,gaming
1569112490.269,299,747,None,Drag,gaming
1569112490.288,306,744,None,Drag,gaming
1569112490.306,312,744,None,Drag,gaming
1569112490.315,312,743,None,Drag,gaming
1569112490.335,316,742,None,Drag,gaming
1569112490.335,316,742,Left,Released,gaming
